-0.184246
-0.103567
-0.061104
-0.027134
0.004713
0.104501
0.083270
0.125732
0.119363
0.102378
-0.046242
0.197919
0.087516
0.047176
-0.252187
-0.177877
0.074777
0.355032
0.208535
0.178811
0.289214
0.238259
0.161826
-0.129045
0.038684
0.151210
0.172442
0.006837
0.091762
0.028068
-0.080212
-0.194862
-0.311635
-0.313758
-0.271295
-0.097197
-0.133291
0.081146
-0.003779
0.121486
-0.056858
0.051423
-0.090828
0.104501
0.242505
0.244628
0.064161
-0.184246
-0.513333
-0.545180
-0.472994
-0.112059
-0.037749
-0.186369
-0.154522
-0.027134
0.134225
-0.154522
-0.846667
-3.305265
-12.235202
-35.749001
-84.831802
-168.617371
-246.927353
-296.241577
-332.188507
-360.566406
-376.241577
-380.774475
-380.666199
-377.010162
-368.918854
-358.619476
-347.530304
-335.736267
-324.583405
-313.258545
-301.022888
-289.717163
-279.789337
-270.016510
-259.906128
-250.235199
-241.109940
-231.814819
-222.409302
-213.269165
-204.186371
-195.209717
-186.460251
-177.642838
-168.827560
-159.974060
-151.126923
-142.046249
-133.088699
-124.763863
-116.804207
-109.422035
-101.863655
-93.649216
-86.033501
-79.135414
-72.109940
-64.753250
-57.685307
-51.099319
-44.354099
-37.500595
-30.649214
-24.131168
-18.069597
-12.213970
-6.498471
-0.647091
4.970743
10.783907
16.019575
20.461189
24.656519
29.042931
33.535500
38.306198
42.911297
47.403866
51.824245
55.760551
59.639534
63.582207
67.556732
70.960129
74.115120
77.393250
81.079025
84.505775
87.420853
89.815750
92.403862
95.040810
97.826370
100.597069
102.575836
104.652275
107.299828
109.926155
112.193672
113.766922
115.575836
118.023819
119.977112
121.295586
122.718086
124.238258
125.853973
127.338043
128.686249
129.936768
131.017456
132.202164
133.242508
133.985611
134.845474
135.346542
136.119370
137.068405
137.902802
138.639526
139.395370
140.000473
140.325302
140.845474
141.380508
141.917664
142.223404
142.384750
142.533371
142.172440
141.894302
141.735077
141.737198
141.456940
140.860336
140.367767
139.896439
139.567352
139.414474
139.374146
139.272232
139.089645
138.563095
137.788147
137.153336
136.380508
136.087509
135.677750
135.376266
134.524887
134.206406
134.002594
133.535492
132.681992
131.860336
131.098129
130.138474
128.960129
127.830612
127.004715
125.953758
125.017448
124.180931
123.161827
122.280724
121.386879
120.399620
119.488792
118.420853
117.529129
116.607689
115.301956
114.242508
113.420853
112.484543
111.431465
110.238258
108.830612
107.516388
106.144844
105.013206
104.023819
102.943146
102.057793
101.110870
99.756310
98.308319
97.098129
95.648026
94.287094
92.633163
90.732948
89.234016
88.183060
87.089638
86.040810
84.781784
83.711723
82.894310
81.932526
80.964371
80.008957
78.792397
77.221275
75.350784
73.603439
72.439957
71.318939
70.136345
68.756310
67.312569
66.028069
64.809387
63.554607
62.448452
61.558853
60.510021
59.537621
58.227642
56.894310
55.701103
54.541870
53.575840
52.299831
51.021698
49.654396
48.338047
47.410233
46.312569
45.178810
44.306198
43.372017
42.083271
40.790276
39.609810
38.514267
37.743568
37.045052
36.108746
34.662888
33.070530
31.807261
30.786030
29.679873
28.726582
27.603439
26.726582
25.824245
24.983482
24.208534
23.427219
22.473928
21.316814
20.229767
19.242506
18.293461
17.335924
16.478174
15.597070
14.779660
13.788153
12.991975
12.238259
11.386879
10.614056
9.639533
8.737198
7.777537
7.049299
6.096008
4.949512
3.656518
2.588578
1.915541
1.408110
0.777537
-0.033503
-0.933716
-1.910361
-2.825435
-3.681062
-4.608875
-5.320127
-6.046242
-6.804204
-7.311635
-7.863652
-8.475117
-9.099320
-9.814819
-10.468747
-11.016518
-11.275541
-11.532441
-12.099320
-12.901869
-13.243694
-13.640722
-14.133291
-14.642845
-15.061104
-15.462378
-16.133291
-16.829681
-17.500595
-17.793589
-17.844543
-18.296772
-18.700171
-19.067474
-19.581274
-19.942207
-20.506964
-20.923100
-21.260679
-21.710785
-22.262802
-22.553673
-22.931593
-23.502718
-23.785095
-24.037750
-23.821190
-23.753248
-24.224586
-24.583397
-25.105690
-25.627983
-26.175755
-26.693800
-27.209724
-27.464500
-27.715033
-27.969809
-28.230955
-28.579151
-28.814819
-29.101444
-29.394438
-29.296772
-29.477240
-29.396561
-29.540934
-30.099321
-30.368959
-30.523949
-30.681061
-30.623737
-30.980425
-31.385944
-31.636477
-31.988916
-32.339237
-32.424160
-32.483608
-32.543056
-32.746880
-32.912483
-33.260681
-33.666199
-33.498470
-33.398685
-33.315880
-33.485733
-33.685307
-33.961315
-34.101444
-34.332867
-34.585522
-34.523949
-34.581272
-34.808449
-35.054733
-34.986794
-34.895500
-34.950699
-35.050488
-35.114182
-34.988918
-34.759617
-34.608875
-34.963440
-35.368961
-35.207600
-35.392315
-35.430531
-35.345604
-35.523949
-35.857281
-36.267048
-36.827557
-37.137539
-37.572781
-37.700169
-37.908237
-37.916729
-37.889130
-37.853035
-37.863651
-38.022888
-38.165138
-38.218216
-38.105690
-37.823311
-37.583397
-37.530319
-37.377453
-37.190617
-37.020763
-37.061104
-37.334988
-37.347729
-37.186371
-36.957069
-36.889130
-36.937962
-36.916729
-36.619492
-36.390190
-36.286156
-36.169384
-35.933716
-35.738388
-35.833927
-35.933716
-35.738388
-35.538811
-35.436901
-35.190617
-35.005901
-35.012272
-35.243694
-35.311634
-35.143906
-34.751125
-34.638599
-34.528194
-34.570660
-34.458130
-34.349850
-34.143906
-33.925224
-33.774479
-33.698048
-33.318005
-33.041996
-33.192738
-33.298897
-33.025009
-32.740509
-32.765987
-32.681061
-32.530319
-32.114182
-31.625860
-31.464500
-31.226709
-31.048365
-30.647091
-30.375330
-30.298897
-30.326496
-30.475117
-30.543056
-30.632229
-30.400806
-30.158768
-29.993164
-29.923100
-29.721401
-29.647091
-29.912483
-29.848789
-29.413546
-29.160892
-29.400806
-29.687431
-29.587643
-29.305265
-29.075966
-28.642845
-28.124798
-27.893375
-27.615244
-27.328621
-27.033503
-26.661953
-26.430531
-26.362591
-26.430531
-26.644968
-26.855160
-26.793589
-26.742632
-26.708662
-26.354097
-26.018641
-25.763865
-25.428408
-25.071720
-24.755371
-24.351974
-24.271296
-24.366837
-24.521826
-24.627983
-24.581274
-24.560043
-24.492102
-24.177877
-23.952824
-23.872145
-23.691677
-23.659830
-23.636477
-23.736263
-23.523949
-23.502718
-23.600382
-23.532442
-23.439024
-23.375330
-23.109936
-23.003778
-22.785095
-22.494225
-22.175755
-21.698048
-21.600382
-21.661953
-21.587643
-21.334990
-21.020763
-20.799957
-20.814819
-20.778727
-20.511209
-20.504841
-20.649214
-20.740509
-20.732018
-20.627983
-20.394438
-20.305265
-20.067474
-19.746880
-19.574905
-19.196985
-18.933716
-18.732018
-18.848789
-18.916731
-18.914608
-18.725647
-18.385944
-18.116306
-17.625860
-17.458132
-17.086582
-16.836050
-16.842421
-16.884884
-17.067474
-17.118429
-16.884884
-16.534565
-16.366837
-16.400806
-16.517580
-16.657707
-16.339235
-16.343481
-16.394438
-16.222464
-15.819066
-15.681062
-15.666200
-15.585520
-15.551550
-15.324373
-14.963440
-14.549427
-14.101443
-13.976178
-13.740510
-13.322250
-13.190616
-13.324373
-13.360467
-13.109937
-13.171508
-13.141784
-13.065351
-12.910361
-12.621614
-12.466624
-12.241571
-12.048366
-11.903992
-11.577027
-11.018641
-11.075966
-11.218217
-11.199108
-10.808450
-10.534565
-10.602506
-10.426285
-10.330743
-10.383821
-10.390191
-10.112060
-9.816942
-9.615244
-9.205478
-9.322250
-9.683185
-9.729894
-9.846666
-9.874268
-9.689554
-9.528195
-9.322250
-9.033504
-8.727771
-8.549427
-8.137537
-7.770234
-7.795711
-7.787219
-7.982548
-8.235202
-7.965563
-7.725647
-7.494225
-7.345605
-7.095074
-6.948577
-6.853036
-6.940085
-6.831805
-6.814819
-6.950701
-7.010149
-7.046242
-6.882760
-6.549427
-6.078089
-5.687431
-5.500595
-5.602505
-5.920977
-5.661953
-5.445393
-5.092951
-4.988917
-5.012272
-4.969809
-4.483609
-4.243694
-4.207601
-4.296773
-4.194862
-4.247941
-4.203354
-4.345605
-4.129045
-3.853036
-3.710786
-3.668323
-3.596136
-3.396560
-3.139660
-3.050488
-2.929469
-2.678938
-2.585520
-2.685308
-2.763864
-2.772357
-2.995287
-2.993164
-2.887006
-2.755372
-2.840297
-3.222463
-3.526072
-3.596136
-3.933716
-4.292527
-4.449639
-4.180000
-3.865775
-3.727771
-3.536688
-3.456008
-3.428408
-3.608875
-3.604629
-3.402930
-3.088705
-2.974055
-2.768111
-2.638599
-2.543057
-2.422038
-2.245817
-2.211847
-2.029257
-1.842420
-1.853036
-1.927346
-1.547304
-1.146030
-0.952824
-0.808450
-0.636476
-0.591890
-0.526072
-0.538811
-0.377452
-0.368960
-0.392314
-0.288280
-0.148153
-0.056858
-0.005902
0.391125
0.497282
0.083270
-0.216093
-0.347728
-0.112059
0.074777
0.234013
0.529130
1.015329
1.501529
1.645902
1.501529
1.531253
1.701104
1.749936
1.452696
1.219151
1.274352
1.577962
1.501529
1.577962
1.834862
2.068408
2.136348
2.110871
2.059915
2.072654
2.304076
2.459066
2.732951
2.919788
2.953758
2.932527
2.924034
2.860340
2.902802
3.083270
3.140594
3.106624
2.868832
2.788153
2.877325
2.805138
2.943142
3.149087
3.412357
3.490913
3.609809
3.439958
3.386879
3.482420
3.681996
3.769045
3.701104
3.541868
3.497282
3.473928
3.643779
3.673503
3.692611
3.656518
3.535499
3.448450
3.567346
3.609809
3.503652
3.792399
3.858217
3.985605
3.979236
3.828493
3.864586
3.824246
4.051423
4.028068
4.025945
3.979236
4.013206
3.932527
3.981359
4.195796
4.070531
4.032314
4.212781
4.195796
4.011083
3.713843
3.514267
3.573715
3.374140
3.200042
3.437835
3.590701
3.815754
4.021698
4.151210
4.231890
4.144841
4.183057
4.248875
4.429342
4.662888
4.624671
4.168195
3.921911
3.752059
3.648026
3.701104
3.620425
3.858217
3.915541
4.040807
4.282845
4.327431
4.422972
4.620425
4.813631
4.749936
4.826369
4.703227
4.484543
4.548238
4.533376
4.386879
4.212781
4.161826
4.106624
3.707474
3.677749
3.679873
3.720212
4.040807
4.442080
4.883694
5.176688
5.163949
5.234013
5.040807
5.036561
4.896433
4.732951
4.410233
4.166072
3.945265
3.981359
4.382633
4.272229
4.558854
4.614055
4.730828
4.754183
4.401741
4.072654
4.140594
4.229766
4.042930
4.346539
4.556730
4.554607
4.437834
4.376263
4.391125
4.637410
4.911295
5.032314
5.102378
5.183057
4.909172
4.798769
4.843355
4.728705
4.558854
4.382633
4.259490
4.119363
4.172441
4.397495
4.601316
4.760552
4.815754
4.856093
5.017452
5.117240
5.206412
5.257367
5.257367
4.896433
4.777537
4.626794
4.667134
4.533376
4.189427
4.204289
4.301953
4.051423
4.119363
4.386879
4.637410
4.777537
4.951635
4.987728
4.913418
4.883694
4.754183
4.518514
4.735075
4.868832
5.059915
4.815754
4.546114
4.395371
4.580085
4.786030
4.900680
5.144841
5.170319
5.248875
5.000467
4.552484
4.316815
4.149087
4.038683
4.000467
4.121486
4.163949
4.335924
4.703227
4.762675
4.724459
4.563100
4.482420
4.444204
4.554607
4.603439
4.847601
4.762675
4.637410
4.537622
4.427219
4.083270
3.726582
3.671380
3.696858
3.917665
3.875202
3.909172
3.983482
4.183057
