-0.075212
-0.045284
-0.108235
0.024892
0.023860
-0.090691
-0.070052
0.002188
0.108483
0.154923
0.159051
0.155955
0.215810
0.246770
0.026956
0.067203
-0.166027
-0.025676
0.115707
0.207554
0.086811
0.082683
0.187946
0.165243
0.177626
0.117771
-0.093787
-0.184603
-0.116491
-0.028772
-0.080372
-0.043220
0.081651
0.272570
0.122931
-0.038060
-0.101011
-0.137131
-0.069020
0.046563
0.139443
0.107451
-0.015356
-0.222786
-0.277482
-0.246522
-0.195955
-0.298122
-0.265098
-0.103075
-0.158803
-0.206275
-0.153643
-0.026708
0.073395
0.111579
0.093003
0.053787
-0.179443
-1.516904
-8.802766
-33.144356
-95.696472
-211.657257
-321.963745
-407.366241
-477.241364
-531.353821
-566.161926
-585.308472
-593.890503
-593.412659
-585.930725
-575.320801
-560.913208
-544.197998
-527.659302
-510.325989
-492.294006
-474.953430
-458.515869
-442.585022
-427.080383
-411.932800
-397.216583
-382.528259
-367.803802
-353.191833
-338.995758
-325.103088
-311.573669
-297.714020
-283.945190
-270.600494
-257.603577
-244.361069
-231.111328
-218.180481
-205.679962
-193.063858
-180.354889
-167.754257
-155.407516
-143.499359
-131.991623
-120.569534
-109.237236
-98.380684
-87.861588
-77.273354
-66.825470
-56.953438
-47.333210
-37.895645
-28.768709
-19.655191
-10.904933
-2.157771
6.714262
15.308689
23.788565
32.065140
40.265347
48.413952
56.361320
64.097130
71.461426
78.586296
85.258125
91.741096
97.983612
103.625511
109.180725
114.552238
119.604874
124.549141
129.517151
134.340683
139.020767
143.572876
148.265350
152.759674
156.882477
160.603836
164.539856
168.075455
171.369583
174.507858
177.730774
180.722519
183.670914
186.706009
189.601776
192.049652
194.469681
197.095062
199.333450
201.222000
203.194138
205.063080
206.887634
208.554306
210.036240
211.452133
212.828812
214.190018
215.298370
216.148727
216.773087
217.645111
218.113647
218.417053
219.018707
219.830872
220.340683
220.829849
221.393311
221.750381
221.646149
221.614166
221.677109
221.689499
221.529541
221.487228
221.381958
221.381958
221.127060
220.667816
220.269470
219.763794
219.190018
218.365448
217.784439
217.287018
216.625504
215.824692
214.840164
213.903122
213.041397
212.164215
210.964005
209.892792
209.039337
208.166275
206.967102
205.813339
204.412918
202.859772
201.571854
200.502701
199.113647
197.517151
195.839127
194.442856
192.954712
191.145630
189.539856
187.993927
186.360291
184.862869
183.202393
181.637894
179.792694
177.758636
176.069275
174.367508
172.690521
170.978455
169.216843
167.373703
165.608994
164.076492
162.681244
161.200333
159.365448
157.561523
155.570816
153.421173
151.489288
149.554306
147.405701
145.483093
143.568756
141.902084
139.944397
137.752441
135.617249
133.639954
131.776184
130.072357
128.372665
126.558434
124.668854
122.866997
121.105385
119.049660
117.079590
115.140472
113.151825
111.108482
109.115707
107.005287
105.224068
103.515091
101.545013
99.501671
97.472778
95.552238
93.897957
92.117767
90.153893
88.135315
86.263283
84.616226
83.174530
81.421173
79.457298
77.661629
75.852547
74.273605
72.647186
70.865967
69.113640
67.529533
65.934074
64.242645
62.428402
60.745220
59.220970
57.670918
55.947491
54.328297
52.719421
51.097130
49.696720
48.063076
46.546047
44.921692
43.344810
41.878349
40.578041
38.923756
37.323135
35.793724
34.242641
32.932011
31.423241
29.783405
28.321074
26.896925
25.452137
23.821589
22.257090
20.840164
19.691559
18.229225
16.746254
15.246770
13.882477
12.580103
11.443880
10.499608
9.299401
8.042436
6.849453
5.631703
4.164210
2.817461
1.664726
0.598679
-0.368297
-1.241362
-2.280578
-3.459112
-4.594304
-5.663447
-6.769742
-7.751166
-8.770774
-9.679958
-10.606688
-11.348689
-12.107203
-12.963757
-14.041156
-14.930733
-15.854365
-16.708855
-17.742910
-18.527224
-19.558184
-20.500393
-21.386873
-22.102043
-22.816181
-23.526192
-24.347658
-25.264067
-26.073147
-26.922478
-27.539608
-27.965820
-28.642807
-29.139194
-29.898741
-30.771807
-31.537544
-32.080372
-32.690277
-33.403385
-34.134033
-34.811020
-35.611847
-36.293995
-36.769741
-37.408546
-38.126812
-38.852303
-39.317730
-39.532383
-39.888420
-40.362106
-41.061794
-41.735687
-42.241364
-42.781094
-43.218658
-43.603592
-44.033932
-44.459114
-45.027740
-45.432281
-45.981300
-46.479752
-46.985428
-47.365200
-47.892548
-48.370361
-48.788319
-49.250648
-49.818245
-50.211433
-50.373459
-50.906998
-51.794510
-52.192860
-52.622166
-52.967884
-53.282642
-53.548897
-53.883263
-53.966854
-53.877068
-54.052509
-54.299152
-54.513809
-54.759422
-55.014324
-55.277481
-55.136101
-55.268192
-55.631454
-55.846111
-55.997810
-56.361073
-56.561279
-56.502457
-56.513809
-56.735687
-56.779030
-56.978203
-57.164993
-57.366234
-57.428154
-57.432281
-57.658287
-57.893581
-58.104107
-58.221756
-58.058701
-57.912155
-57.901836
-57.933830
-57.879131
-57.935894
-57.929699
-57.770775
-57.561279
-57.629391
-57.817215
-57.894611
-57.643841
-57.502457
-57.482849
-57.471497
-57.573662
-57.618038
-57.532383
-57.472527
-57.429184
-57.341465
-57.218658
-57.164993
-56.979237
-56.897709
-56.647968
-56.553024
-56.502457
-56.508648
-56.501423
-56.461178
-56.398224
-56.368298
-56.215561
-56.002972
-55.780064
-55.682022
-55.633518
-55.535480
-55.330112
-55.070053
-54.794510
-54.620102
-54.592239
-54.457050
-54.386871
-54.218658
-54.247555
-54.110298
-53.959629
-53.814117
-53.635582
-53.538574
-53.545799
-53.324955
-53.043221
-52.854366
-52.513809
-52.454983
-52.379650
-52.393066
-52.362106
-52.060764
-51.940022
-51.852303
-51.853333
-51.740845
-51.539608
-51.493168
-51.424026
-51.190796
-50.774902
-50.318760
-49.843014
-49.586048
-49.647968
-49.488007
-49.156738
-48.732590
-48.528255
-48.401321
-48.226913
-47.892548
-47.341465
-47.090691
-47.038059
-46.984398
-46.650032
-46.449825
-46.148483
-45.978203
-45.615974
-45.431248
-45.020515
-44.828564
-44.685120
-44.635582
-44.386871
-44.206276
-44.037029
-43.913189
-43.759422
-43.250648
-42.905964
-42.660351
-42.360043
-42.151581
-41.913189
-41.725365
-41.672733
-41.421959
-40.918350
-40.597401
-40.549927
-40.342499
-40.080372
-39.737751
-39.435375
-39.321857
-39.000908
-38.841980
-38.591206
-38.416801
-38.266129
-38.134033
-38.167057
-38.193890
-38.065922
-37.878101
-37.771805
-37.984398
-38.477688
-38.936924
-38.966854
-38.986462
-38.876038
-38.854366
-38.503487
-38.267162
-37.958595
-37.572632
-37.082436
-36.927635
-36.813087
-36.547863
-35.976139
-35.675831
-35.537544
-35.160866
-34.452919
-33.910091
-33.624229
-33.492138
-33.331146
-32.921444
-32.406483
-32.092754
-31.898741
-31.606688
-31.331146
-30.841982
-30.383778
-29.905966
-29.692343
-29.398226
-28.993685
-28.588112
-28.218658
-28.061796
-28.049412
-28.214531
-28.406481
-28.508648
-28.774902
-29.102043
-29.306377
-29.475624
-29.551992
-29.384809
-29.127844
-29.041157
-28.917316
-28.596367
-28.150547
-27.566439
-27.213499
-26.988523
-26.710918
-26.216595
-25.785221
-25.627327
-25.435377
-25.254778
-24.860558
-24.501425
-23.948277
-23.430216
-22.976141
-22.601528
-22.376553
-22.033932
-21.704727
-21.190794
-20.787287
-20.506584
-20.188730
-19.830629
-19.660351
-19.439505
-19.241362
-18.727430
-18.370361
-18.075212
-17.469433
-16.957565
-16.669640
-16.664478
-16.426088
-16.374489
-16.158802
-15.841982
-15.699567
-15.368298
-15.013292
-14.798637
-14.562312
-14.303282
-14.031868
-13.824437
-13.204210
-12.776966
-12.528255
-12.573664
-12.609783
-12.340433
-12.017420
-11.894613
-11.646935
-11.320826
-10.954469
-10.539608
-10.224851
-9.822373
-9.433312
-9.315665
-9.265098
-8.884294
-8.652095
-8.352818
-8.105140
-8.017420
-7.956532
-7.948277
-8.027740
-7.943117
-8.169123
-8.600495
-8.966852
-9.339401
-9.550960
-9.740847
-9.911125
-9.870877
-9.869845
-9.902869
-10.060763
-10.127843
-9.925572
-9.635583
-9.497296
-9.234138
-9.105140
-8.809990
-8.498328
-8.336306
-8.135067
-7.992652
-7.834757
-7.458080
-6.993684
-6.721239
-6.471497
-6.160867
-5.921445
-5.831662
-5.807926
-5.712983
-5.687182
-5.777998
-5.940021
-5.897709
-5.685119
-5.392033
-5.187699
-4.944149
-4.804830
-4.573664
-4.521032
-4.252714
-4.128875
-4.161899
-4.289866
-4.368297
-4.495232
-4.539608
-4.544768
-4.233106
-3.972012
-3.773870
-3.659319
-3.467368
-3.258906
-2.925573
-2.661383
-2.336305
-1.975108
-1.570568
-1.520000
-1.545800
-1.368297
-1.054572
-0.829598
-0.687183
-0.618039
-0.334241
-0.247554
-0.131971
0.044499
0.118803
0.386089
0.496512
0.969164
1.312817
1.550175
1.693622
1.736966
1.945428
2.234386
2.409825
2.435624
2.563591
2.736966
2.933044
3.001156
3.273602
3.389185
3.513024
3.615191
3.753478
3.852549
4.040371
4.199298
4.277730
4.439752
4.528503
4.682271
4.933044
4.892797
4.783406
4.649247
4.751414
4.649247
4.492384
4.653375
4.825717
5.195170
5.469680
5.623447
5.571847
5.631703
5.606935
5.936141
6.230258
6.205490
6.210650
6.329329
6.370609
6.529536
6.386089
6.046564
5.549143
5.299401
5.080619
4.713230
4.604871
4.729742
4.830877
4.791662
4.764830
4.970196
5.248834
5.590423
5.873189
5.764830
5.550176
5.551208
5.342745
5.273602
5.107451
5.139443
5.304562
5.252962
5.260186
5.246770
5.163178
5.055851
5.073395
5.337585
5.492384
5.454200
5.450072
5.541920
5.684334
5.846357
5.818493
5.952652
6.076491
6.237482
6.149763
6.205490
6.275666
6.486192
6.616223
6.740062
6.839133
6.849453
6.870093
6.853581
7.020764
7.174531
7.247802
7.255026
7.306625
7.452136
7.592487
7.621383
7.528503
7.529536
7.452136
7.408792
7.408792
7.398473
7.401568
7.264314
7.202394
7.108483
7.102291
7.263282
7.405696
7.580103
7.593519
7.491352
7.534696
7.636863
7.756574
7.839133
7.968132
7.982580
8.009412
7.913436
7.792694
7.823653
7.846357
7.740062
7.558431
7.468648
7.580103
7.682271
7.674015
7.581135
7.501672
7.533664
7.665759
7.695686
7.532631
7.665759
7.651310
7.577007
7.621383
7.788566
7.776182
7.682271
7.499608
7.357193
7.416017
7.507864
7.490320
7.514056
7.586295
7.696718
7.655438
7.635831
7.775150
7.946460
7.943364
7.744190
7.618287
7.740062
7.801981
7.861837
7.689494
7.736966
7.831909
8.029019
8.050692
7.987740
7.822621
7.689494
7.866997
7.873189
7.830877
7.580103
7.397440
7.182786
7.291145
7.570815
7.733870
7.808173
7.828813
7.906213
7.866997
7.749350
7.805078
8.070299
8.064107
7.828813
7.622415
7.456264
7.467616
7.429432
7.481032
7.219938
7.059979
6.947492
6.956780
6.956780
7.086811
7.137379
7.171434
7.208586
7.109515
7.102291
6.957812
6.884541
6.853581
6.779278
6.714262
6.679174
6.625511
6.737998
6.632735
6.394345
6.109515
5.799917
5.633767
5.592487
5.625511
5.649247
5.736966
5.875253
5.857709
5.887637
5.920660
5.526440
5.208586
4.964004
4.689494
4.424273
4.224066
4.165243
4.049659
4.245738
4.332425
4.448008
4.480000
4.637895
4.711166
4.585263
4.296306
4.299401
4.319009
4.113643
4.010444
3.840165
