-0.104205
0.088103
0.106051
0.093231
-0.006769
-0.100359
0.003487
0.180410
0.226564
0.097077
0.071436
0.036821
-0.026000
-0.177282
-0.208051
-0.082410
-0.150359
-0.323436
-0.276000
-0.174718
-0.155487
-0.017026
0.104769
0.152205
0.127846
0.274000
0.279128
0.182974
0.197077
0.132974
-0.155487
-0.317026
-0.365744
-0.105487
0.063744
-0.014462
-0.090103
0.112462
0.267590
0.231692
0.076564
0.074000
-0.024718
-0.193949
-0.246513
0.035538
0.130410
0.058615
-0.055487
-0.033692
-0.156769
-0.131128
0.077846
0.197077
0.134256
0.195795
0.085538
-0.211897
-1.063179
-3.868308
-13.413179
-37.301640
-86.101639
-167.334976
-244.238815
-305.296509
-357.696503
-396.829834
-422.610626
-438.910614
-446.993958
-446.919586
-441.570862
-433.131134
-420.979858
-406.613190
-392.325989
-376.741394
-360.337524
-345.243958
-330.969604
-316.823425
-303.729858
-291.427277
-279.418304
-267.754211
-256.495239
-245.241379
-234.082413
-223.183685
-212.763184
-202.227280
-191.847794
-181.864456
-172.069595
-161.937546
-151.797791
-142.541382
-133.265747
-124.354202
-115.517029
-106.802925
-98.423439
-90.140106
-81.825996
-73.278564
-64.684975
-56.663181
-48.956768
-41.252922
-34.050358
-27.301641
-20.473436
-13.470872
-6.843949
-0.704205
5.589385
11.909898
17.880411
24.175282
30.508615
36.021435
41.143230
46.384258
51.674000
57.036819
61.777847
66.227844
70.827843
75.195793
79.266304
83.176567
87.234253
91.254768
94.936821
98.499641
101.956055
105.412460
108.732971
111.818871
115.016304
118.126564
120.948357
123.659897
126.374001
129.166306
131.682968
134.152206
136.545792
138.822723
140.753494
142.497070
144.150925
145.875275
147.339386
148.849640
150.257339
151.261185
152.277847
153.685532
154.925278
155.631699
156.367584
157.373993
158.008621
158.341949
158.818878
159.600922
160.345795
160.925278
161.232971
161.362457
161.430405
161.636826
161.904770
162.044510
162.074005
162.277847
162.280411
162.197083
161.918869
161.599640
161.295792
160.972717
160.502213
159.816315
159.368866
159.026566
158.770157
158.377853
157.940674
157.330414
157.100922
156.595795
155.793228
155.211182
154.635544
154.012466
153.235535
152.408615
151.386826
150.443237
149.638107
148.817596
147.861176
146.970154
145.970154
145.067596
143.913742
142.667587
141.625275
140.350922
139.018875
137.879135
136.817596
135.430405
134.190674
133.097076
131.890671
130.385544
128.934250
127.612465
126.124001
124.706055
123.275284
121.879128
120.354767
119.073997
117.741951
116.558617
115.032974
113.577843
111.906052
110.380409
109.157333
107.924004
106.526566
105.013741
103.390663
101.902206
100.408615
98.952202
97.638100
96.485535
95.184258
93.716309
92.425285
91.207336
90.073997
88.727844
87.549644
86.376564
84.988106
83.488106
82.052208
80.585541
79.274002
77.759895
76.222717
74.588104
72.961182
71.572716
70.184258
68.611183
67.199638
65.862465
64.754768
63.485538
61.993229
60.717590
59.132973
57.595795
56.344513
54.950924
53.654770
52.476562
51.462463
50.370155
48.999641
47.713745
46.447079
45.234257
43.902206
42.674000
41.652206
40.441948
39.306053
38.171436
37.093231
35.868874
34.465027
33.115025
32.109898
31.111179
30.293230
29.345795
28.167589
27.066307
26.073999
25.024000
24.103487
22.984257
21.784256
20.691948
19.462461
18.497076
17.811180
16.831692
15.682975
14.541948
13.654769
12.591949
11.541948
10.732974
9.972718
9.181692
8.299641
7.288103
6.307333
5.099641
4.107333
3.345795
2.611180
1.757333
0.931692
0.109897
-0.659333
-1.636256
-2.442667
-3.192667
-3.973436
-4.627282
-5.300359
-6.227282
-7.306769
-8.368308
-9.213180
-10.010615
-10.929846
-11.850359
-12.733692
-13.296513
-13.804205
-14.478564
-15.067025
-15.731128
-16.414461
-16.910616
-17.445230
-17.961897
-18.651642
-19.109333
-19.551641
-20.034975
-20.788820
-21.305487
-21.650358
-22.114462
-22.591385
-23.099077
-23.743948
-24.249077
-24.775999
-25.290102
-25.900358
-26.227282
-26.791384
-27.299076
-27.783691
-28.328564
-28.882410
-29.213179
-29.708052
-30.223436
-30.872154
-31.634974
-32.323437
-32.868309
-33.296513
-33.811897
-34.191383
-34.527283
-34.578564
-34.809334
-35.164463
-35.528564
-35.910614
-36.011898
-36.305489
-36.464462
-36.493950
-36.792667
-37.043949
-37.283691
-37.388821
-37.537537
-37.620872
-37.809334
-38.006771
-38.282410
-38.306770
-38.254204
-38.240101
-38.504204
-38.614460
-38.620872
-38.755486
-38.978565
-39.308052
-39.583691
-39.619591
-39.813179
-40.122154
-40.309334
-40.437538
-40.319592
-40.336258
-40.459332
-40.419590
-40.017025
-40.199078
-40.451641
-40.905487
-41.031128
-41.023438
-40.928566
-40.887539
-40.960617
-41.036255
-41.019588
-41.077282
-41.190102
-41.072155
-40.842667
-40.981129
-41.120872
-40.960617
-40.940102
-41.029846
-41.095230
-41.011898
-41.118309
-41.215744
-41.200359
-41.286255
-41.432411
-41.358051
-41.218307
-41.251640
-41.165745
-41.164463
-41.095230
-41.254204
-41.381126
-41.472153
-41.345230
-41.210617
-41.109333
-41.319592
-41.319592
-41.147797
-40.969589
-40.913181
-41.037537
-40.997795
-41.045231
-40.783691
-40.508053
-40.486256
-40.461899
-40.418308
-40.425999
-40.343948
-40.334976
-40.182411
-40.127281
-40.024719
-39.908051
-39.674717
-39.477283
-39.373436
-39.052921
-38.981129
-38.892666
-38.873436
-38.849075
-38.629845
-38.413181
-38.252922
-38.073437
-37.843948
-37.623436
-37.440102
-37.279846
-37.149078
-37.147797
-36.865742
-36.658051
-36.304207
-36.156769
-35.974716
-35.760616
-35.740101
-35.670872
-35.452923
-35.377281
-35.281128
-35.034973
-34.881126
-34.797794
-34.924717
-35.046513
-35.014462
-34.731129
-34.268307
-33.906769
-33.908051
-34.076000
-34.058052
-33.538822
-33.304207
-33.113178
-32.831127
-32.624718
-32.629845
-32.536255
-32.468307
-32.501640
-32.222153
-31.842667
-31.667027
-31.487539
-31.422153
-31.310616
-31.076000
-30.805487
-30.451641
-30.347795
-30.226000
-30.122154
-29.904205
-29.863180
-29.823437
-29.679846
-29.536257
-29.401642
-29.387539
-29.259333
-28.904205
-28.667027
-28.520872
-28.561897
-28.565744
-28.268309
-28.009333
-27.737539
-27.523436
-27.395231
-26.979847
-26.705486
-26.641384
-26.815744
-26.761898
-26.417027
-26.090103
-25.809334
-25.793949
-25.602922
-25.240103
-25.093948
-24.992666
-24.976000
-24.787539
-24.563179
-24.331129
-24.223436
-24.124718
-23.726000
-23.226000
-22.956770
-22.750359
-22.584974
-22.277283
-22.087538
-21.999077
-22.000359
-21.663179
-21.442667
-21.404205
-21.469589
-21.565744
-21.513180
-21.272154
-21.131128
-20.873436
-20.559334
-20.349077
-20.218307
-20.129847
-19.968307
-19.820871
-19.760616
-19.738821
-19.545231
-19.223436
-18.959333
-18.788820
-18.650358
-18.442667
-18.096514
-17.845230
-17.693949
-17.759333
-17.774717
-17.783691
-17.743948
-17.299076
-17.231129
-17.133692
-17.097795
-17.105488
-17.354204
-17.687538
-17.855488
-18.031128
-18.272154
-18.454205
-18.561897
-18.520872
-18.449078
-18.324718
-18.174719
-18.037539
-17.817026
-17.865744
-17.767025
-17.600359
-17.256769
-16.667027
-16.320871
-16.040102
-15.526000
-15.242666
-15.286257
-15.208052
-15.042666
-14.699077
-14.460615
-14.413179
-14.492666
-14.290103
-13.856770
-13.463180
-13.264462
-12.878564
-12.528564
-12.367025
-12.234974
-12.173436
-12.027282
-11.933692
-11.973436
-11.861897
-11.431129
-11.072154
-10.900359
-10.961898
-11.064462
-11.049077
-10.822154
-10.701641
-10.438821
-10.018308
-9.591385
-9.514462
-9.433692
-9.323436
-9.256769
-9.087539
-8.787539
-8.573436
-8.214461
-7.845231
-7.731128
-7.786256
-7.627282
-7.601641
-7.408051
-6.996513
-6.682410
-6.382410
-6.311897
-6.160615
-6.176000
-6.220872
-6.028564
-5.829846
-5.745231
-5.659333
-5.779846
-5.592667
-5.405487
-5.318308
-5.232410
-5.026000
-4.910615
-4.755487
-4.554205
-4.427282
-4.252923
-4.058051
-3.999077
-3.995231
-3.945231
-3.793949
-3.776000
-3.695231
-3.577282
-3.299077
-3.106769
-3.069590
-3.010615
-3.010615
-3.099077
-2.977282
-2.652923
-2.423436
-2.506769
-2.602923
-2.511897
-2.441385
-2.240103
-2.084974
-1.836256
-1.690103
-1.838820
-1.710615
-1.493949
-1.322154
-1.187539
-1.147795
-1.151641
-1.059333
-0.814462
-0.706769
-0.584974
-0.678564
-0.659333
-0.576000
-0.573436
-0.523436
-0.206769
-0.161897
-0.082410
0.181692
0.213744
0.117590
0.079128
0.080410
0.259897
0.216308
0.198359
0.341949
0.375282
0.388103
0.191949
0.195795
0.465026
0.745795
0.918872
0.999641
0.907333
0.907333
1.165026
1.298359
1.330410
1.238103
1.198359
1.221436
1.298359
1.174000
1.040667
1.043231
1.177846
1.261179
1.370154
1.315026
1.202205
1.284256
1.322718
1.402205
1.581692
1.585539
1.385538
1.404769
1.782974
1.750923
1.604769
1.906051
1.975282
2.070154
1.938103
1.994513
2.027846
1.871436
1.656051
1.691949
1.706051
1.932974
2.188102
2.586821
2.677846
2.686821
2.785538
2.799641
2.618872
2.604769
2.853487
2.925282
2.909897
2.908615
2.994513
3.245795
3.531692
3.589385
3.271436
2.991949
3.104769
3.325282
3.411180
3.320154
3.245795
3.263744
3.345795
3.258615
3.326564
3.506051
3.603487
3.785538
3.815026
3.674000
3.532974
3.554769
3.426564
3.561179
3.857333
3.962461
3.930410
3.934256
3.882974
4.002205
4.106051
4.082974
4.024000
4.009897
4.170154
4.193231
4.195795
4.184257
4.029128
3.891949
3.915026
3.800923
3.916308
4.071436
4.115026
4.066308
4.130410
4.207334
4.285539
4.312461
4.425282
4.438103
4.416308
4.349641
4.461179
4.607333
4.656051
4.552205
4.547077
4.565026
4.386820
4.436821
4.482975
4.539385
4.676564
4.582974
4.307333
4.345795
4.621436
4.758615
4.891949
4.970154
4.685538
4.584256
4.524000
4.472718
4.525282
4.639385
4.840667
4.825282
4.798359
4.586821
4.395795
4.441949
4.631692
4.774000
4.694513
4.604769
4.548359
4.470154
4.506051
4.657333
4.581692
4.375282
4.449641
4.638103
4.577846
4.499641
4.574000
4.644513
4.507333
4.440667
4.576564
4.675282
4.666308
4.776564
4.849641
4.861179
4.988102
5.180410
5.075282
4.857333
4.825282
4.927846
4.980410
5.062461
5.059897
5.158616
4.975282
4.703487
4.711179
4.912462
4.881692
4.652205
4.547077
4.685538
4.677846
4.841949
4.821436
4.640666
4.435538
4.579128
4.713744
4.503487
4.570154
4.672718
4.849641
4.671436
4.649641
4.679128
4.561180
4.313744
4.357333
4.275282
4.089385
4.194513
4.354769
4.432974
4.700923
4.818872
4.866308
4.867590
4.884256
4.909897
5.061180
5.206051
5.045795
4.899641
4.880410
4.974000
5.016308
4.698359
4.480410
4.499641
4.558615
4.638103
4.503487
4.436821
4.486821
4.597077
4.620154
4.634256
4.725282
4.688103
4.871436
4.897077
4.835538
4.630410
4.544513
4.411180
4.282974
4.167590
3.988103
3.931692
3.885539
3.847077
3.902205
3.675282
3.532974
3.556051
3.713744
3.913743
4.029128
4.016308
3.948359
3.731692
3.590667
3.499641
3.307333
3.095795
2.894513
2.577846
2.450923
