-0.250680
-0.252946
-0.309592
-0.366239
-0.299018
-0.141163
0.069562
0.105816
0.079381
0.173036
0.169260
0.006118
-0.049018
-0.045997
-0.041465
-0.092825
0.032553
0.147356
0.288595
0.170770
0.003852
-0.031647
0.086178
0.202492
0.117145
-0.051284
0.001586
-0.024094
0.039350
0.140559
0.222130
0.133006
-0.117749
-0.204607
-0.197054
-0.079985
0.022734
0.018958
0.010650
0.038595
0.213066
0.201737
0.219109
0.085423
-0.138897
-0.175906
-0.089804
-0.014275
-0.027870
0.003097
-0.099622
-0.076964
-0.060347
0.079381
0.143580
0.197205
0.230438
0.152644
0.144335
0.102039
-2.783157
-24.568655
-150.629837
-455.043732
-842.743103
-1222.163818
-1534.270264
-1766.051270
-1922.643433
-2022.147949
-2078.462891
-2100.750732
-2096.289307
-2070.842773
-2031.030151
-1980.761963
-1922.447021
-1861.253662
-1799.582275
-1737.643433
-1676.555054
-1616.455322
-1557.794434
-1501.255981
-1446.323975
-1392.262817
-1340.288452
-1289.890381
-1240.136597
-1191.997681
-1144.808105
-1097.746094
-1051.882812
-1006.481018
-961.073914
-916.674377
-872.854126
-829.392700
-786.659302
-744.031616
-702.127563
-661.373779
-621.191772
-581.704590
-542.990845
-504.966705
-467.465942
-430.646454
-394.523346
-359.186493
-324.826965
-291.006714
-257.998413
-225.283157
-193.047501
-161.283905
-130.283157
-99.757477
-69.926659
-40.087536
-10.803550
17.796148
45.617146
72.653397
98.615631
124.257629
149.886780
174.101288
197.676819
220.806717
243.178329
264.808228
285.852783
306.368652
326.409454
345.934357
364.776520
383.180603
400.892822
417.974396
434.531799
450.543121
466.163208
481.406433
496.395081
510.654907
524.826355
540.269714
555.090698
568.931335
581.874695
594.227417
605.927551
616.944214
627.356567
637.171509
646.380005
655.225159
663.719116
671.519714
678.784058
685.856567
692.602783
699.025757
704.820312
710.140564
714.978943
719.483459
723.851257
728.170044
732.367920
736.323364
739.999329
743.602051
746.994812
750.113342
752.844482
755.031067
756.846741
758.139038
759.177551
759.855042
760.556702
760.911682
761.088440
761.207031
761.302185
761.045410
760.219849
759.273499
758.319580
757.305237
755.901917
754.247070
752.301453
750.262146
747.969116
745.506104
742.978943
740.212341
737.135254
733.836914
730.793152
727.653381
724.176819
720.666992
717.096741
713.458557
709.574829
705.525757
701.532532
697.453979
693.123962
688.702515
684.401917
679.865662
675.283325
670.489502
665.769714
661.014404
655.811279
650.555237
645.256104
640.029541
634.694946
628.947205
623.339172
617.882996
612.300659
606.485718
600.863342
595.237976
589.638306
583.683594
577.733459
571.811279
565.647339
559.457764
553.255371
547.000854
540.882996
534.870178
529.074829
523.092957
517.170044
511.120911
505.023499
498.759125
492.632996
486.274994
479.849030
473.240997
466.849030
460.530273
454.259125
447.672272
441.120911
434.873199
428.679840
422.205505
415.779541
409.521973
403.315033
396.775757
390.325592
383.945709
377.774994
371.716095
365.944183
359.821075
353.611115
347.691925
341.821838
335.822571
329.793121
323.749329
317.615631
311.400391
305.301422
299.306732
293.271973
287.099030
281.112610
275.305206
269.450989
263.605072
257.802185
252.123184
246.766693
241.360352
235.808990
230.314270
224.818054
219.370163
214.058228
208.647354
203.344482
198.123947
192.742523
187.639801
182.634521
177.691925
172.605057
167.500076
162.450989
157.417755
152.337692
147.510651
142.889053
138.175308
133.095993
128.174545
123.379227
118.553703
113.866386
109.388290
104.969109
100.626205
96.144333
91.824852
87.493279
83.099022
78.457024
74.200981
70.148109
65.954002
61.892071
58.158688
54.390560
50.680588
46.901134
43.296146
39.312763
35.314274
31.426058
27.804457
24.123943
20.142824
16.222130
12.340710
8.611103
4.709290
0.680589
-2.986329
-6.746148
-10.710649
-14.460649
-17.813368
-20.930439
-24.089048
-27.229532
-30.172886
-33.088291
-36.040710
-38.967445
-41.958385
-44.836029
-47.626057
-50.088291
-52.914577
-55.815636
-58.485573
-61.114727
-63.753700
-66.478775
-69.083008
-71.706871
-74.251434
-76.721977
-79.231041
-81.720467
-84.132103
-86.485573
-88.640411
-90.857178
-93.057327
-95.172127
-97.310349
-99.493881
-101.691010
-103.794487
-106.045242
-108.125305
-110.190254
-112.105667
-113.872284
-115.747658
-117.543732
-119.283913
-120.842072
-122.318657
-123.839806
-125.478020
-127.129082
-128.772583
-130.368500
-132.033157
-133.709137
-135.295242
-136.905518
-138.563370
-140.178177
-141.725006
-142.999176
-144.215179
-145.566391
-147.063370
-148.387390
-149.651733
-150.725006
-151.910797
-153.056564
-154.197815
-155.520325
-156.606415
-157.638138
-158.667603
-159.635880
-160.549774
-161.349625
-162.309586
-163.243881
-164.173645
-165.206116
-166.113968
-166.967453
-167.936478
-168.753708
-169.411560
-170.073181
-170.815628
-171.710648
-172.580734
-173.171371
-173.613968
-173.928177
-174.446304
-175.012009
-175.624542
-175.888138
-176.330734
-176.770325
-177.339050
-177.814880
-178.277115
-178.917603
-179.527863
-179.735580
-179.885117
-179.964432
-180.177414
-180.518814
-180.894943
-181.138901
-181.170624
-181.123032
-181.237091
-181.468201
-181.604904
-181.803543
-181.850372
-181.904755
-181.859436
-182.029373
-182.240860
-182.297501
-182.444794
-182.681946
-182.635880
-182.272583
-182.141159
-182.095093
-182.160797
-182.179688
-182.018051
-181.961411
-181.786179
-181.502197
-181.377563
-181.301285
-181.112457
-180.752945
-180.299011
-180.032394
-179.893433
-179.918350
-179.951584
-179.767303
-179.718201
-179.726517
-179.485580
-179.352646
-179.146454
-178.867752
-178.470474
-177.947052
-177.553543
-177.157028
-176.746902
-176.243881
-175.994644
-175.551285
-175.042221
-174.731796
-174.607925
-174.343582
-174.123795
-174.024094
-173.472733
-172.884369
-172.301285
-171.842072
-171.382095
-170.759750
-170.157028
-169.635880
-169.104904
-168.431198
-167.728775
-167.036179
-166.536179
-166.147202
-165.651733
-165.090561
-164.454605
-163.845840
-163.200836
-162.412308
-161.572433
-160.894943
-160.388138
-159.775604
-159.090561
-158.482559
-157.894180
-157.078476
-156.198563
-155.539200
-154.933456
-154.172134
-153.357925
-152.826965
-152.202347
-151.370010
-150.567139
-149.904755
-149.283905
-148.518814
-147.581497
-146.740112
-145.917603
-145.213669
-144.502197
-143.920624
-143.510498
-142.940262
-142.277115
-141.654755
-141.034668
-140.350372
-139.683456
-138.944031
-138.147964
-137.595840
-137.024857
-136.211411
-135.318649
-134.471985
-133.629074
-132.781647
-131.983307
-131.394180
-130.738602
-129.803543
-128.757477
-127.931190
-127.289955
-126.508987
-125.462914
-124.736328
-123.981041
-123.169106
-122.330742
-121.567902
-120.792221
-119.969711
-119.263519
-118.427414
-117.581497
-117.033913
-116.356422
-115.509743
-114.953094
-114.236328
-113.487083
-112.505966
-111.681190
-110.879837
-109.998413
-109.150978
-108.414574
-107.745392
-106.894188
-105.913063
-104.991615
-104.383614
-103.643433
-102.630592
-101.606422
-100.703850
-99.859444
-99.087540
-98.276360
-97.555061
-96.853401
-96.066391
-95.230286
-94.517296
-93.771072
-93.135124
-92.558083
-91.792976
-90.876816
-89.978775
-89.178925
-88.612465
-87.979530
-87.326965
-86.728775
-86.090561
-85.208382
-84.274849
-83.401733
-82.725754
-82.091316
-81.278625
-80.434967
-79.744637
-78.947807
-78.021828
-77.320923
-76.665329
-75.949318
-75.264275
-74.620773
-73.866997
-73.073944
-72.256721
-71.314880
-70.505211
-69.777115
-69.045998
-68.496902
-67.965179
-67.406265
-66.722733
-65.899475
-64.996147
-64.264275
-63.740105
-63.110195
-62.190258
-61.228020
-60.608685
-59.995392
-59.287689
-58.638142
-57.996902
-57.443279
-56.859440
-56.054306
-55.290710
-54.461407
-53.836029
-53.240860
-52.673641
-51.977264
-51.187992
-50.447811
-49.919865
-49.456875
-49.030891
-48.366993
-47.546753
-46.836029
-46.382854
-45.796753
-45.157024
-44.548264
-44.030136
-43.541466
-43.097355
-42.723488
-42.313370
-41.960651
-41.562614
-41.218201
-40.806572
-40.224243
-39.625301
-39.023338
-38.563370
-38.077721
-37.485573
-36.800529
-36.191769
-35.593578
-34.952343
-34.372280
-34.006721
-33.563370
-32.949322
-32.303551
-31.781647
-31.185724
-30.677418
-30.054306
-29.597357
-29.054306
-28.323187
-27.742373
-27.431194
-27.227266
-27.008232
-26.617750
-26.311102
-26.403248
-26.597357
-26.829985
-27.048264
-27.121525
-27.102644
-26.863974
-26.517296
-26.113218
-25.691767
-25.154758
-24.598112
-23.924397
-23.428173
-22.876812
-22.249924
-21.444033
-20.769562
-20.329985
-19.802040
-19.160801
-18.747658
-18.311857
-17.610952
-16.975000
-16.431194
-15.885120
-15.265030
-14.638897
-14.138897
-13.635120
-13.251435
-12.813369
-12.372281
-12.033913
-11.779381
-11.359441
-10.913822
-10.492372
-10.108685
-9.956118
-10.147961
-10.838293
-11.692523
-12.358685
-12.674396
-12.765030
-12.257478
-11.788445
-11.165333
-10.712915
-10.269562
-9.923640
-9.619260
-9.119260
-8.659290
-8.013519
-7.191012
-6.410045
-5.839804
-5.403248
-4.754456
-3.978776
-3.449320
-2.959894
-2.331496
-1.760499
-1.364728
-0.805060
-0.302795
0.212311
0.883761
1.398867
1.837689
2.253097
2.634517
3.102795
3.568051
4.092976
4.568807
5.011405
5.395846
5.634517
5.959290
6.331646
6.876208
7.450227
7.938142
8.309743
8.747054
8.984970
9.351284
9.694184
10.136027
10.559743
10.791616
11.130740
11.590710
12.112614
12.450227
12.526510
12.721375
13.152643
13.465332
13.780287
14.031797
14.451737
14.820317
15.108837
15.420015
15.691163
15.888293
16.190409
16.348263
16.552191
16.833157
16.993279
17.163973
17.441919
17.678324
17.977417
18.266691
18.385271
18.487236
18.793127
19.032553
19.251587
19.470619
19.765936
19.819561
19.702492
19.749321
20.123188
20.465332
20.693430
20.915483
21.255363
21.429079
21.539351
21.575603
21.648111
21.812765
21.979683
22.059744
22.391314
22.636782
22.585423
22.558989
22.639803
22.697960
22.952492
23.204758
23.478928
23.693430
23.936632
23.845242
23.802946
23.907930
23.930590
23.919260
23.976662
23.955513
24.023489
24.145090
24.153399
23.978172
23.952492
24.133760
24.336933
24.403399
24.478172
24.584667
24.701736
24.739502
24.947205
25.040861
25.287840
25.472885
25.563520
25.469864
25.520468
25.700226
25.930590
25.886026
25.963821
25.986481
25.940409
26.028021
26.118656
26.114124
26.126209
26.173792
26.192675
26.251587
26.331646
26.420015
26.526510
26.718353
26.824093
26.876965
26.895845
26.882250
26.867901
26.688143
26.767447
26.885271
26.765936
26.768202
26.867901
26.855061
26.965332
27.048414
27.042372
27.044638
26.892824
26.771978
26.834667
27.042372
27.149622
27.086933
27.034819
27.019712
26.845997
26.642824
26.742523
26.807478
26.862614
26.993279
27.088444
27.117901
27.123943
27.150377
27.127720
26.897356
26.876209
26.949471
27.164728
27.098263
27.049925
27.149622
27.120167
27.015181
26.894335
26.883005
26.780287
26.677568
26.600529
26.600529
26.618656
26.610348
26.627720
26.577114
26.558233
26.515936
26.432856
26.599018
26.767447
26.938143
26.753098
26.750832
26.761404
26.653399
26.670015
26.658686
26.706268
26.528021
26.370167
26.215332
26.072582
25.920771
25.816542
25.695694
25.611103
25.635271
25.510649
25.541616
25.688898
25.512915
25.352795
25.296904
25.228172
25.213066
25.176813
25.123943
25.363369
25.573338
25.487236
25.251587
25.169260
24.997810
24.590710
24.224396
23.799925
23.722885
23.595997
23.374699
23.252342
23.215332
