-0.011991
0.021192
0.058145
0.112443
0.072474
-0.006712
-0.091931
-0.124359
-0.134163
-0.092685
-0.037632
0.012896
0.025716
0.141101
0.262519
0.243665
0.396757
0.258748
0.144872
-0.105505
-0.315913
-0.305354
-0.232202
-0.154525
-0.040649
0.005354
0.105656
0.124510
0.208220
0.233861
0.157692
0.019683
-0.077602
-0.146983
-0.201282
-0.143967
-0.133409
-0.206561
-0.113801
0.098869
0.094344
0.138839
0.302489
0.200679
0.018929
-0.023303
-0.083635
-0.181674
-0.260860
-0.232956
-0.065535
-0.037632
-0.253318
-0.351357
-0.214857
-0.115309
-0.159050
-0.240498
-0.366440
-1.189216
-7.189216
-31.291025
-109.746529
-256.229950
-401.551971
-527.309875
-632.749573
-715.026306
-772.564026
-808.766907
-828.483337
-834.493164
-829.255554
-815.345337
-795.236755
-772.509705
-746.011963
-717.322693
-689.867188
-662.895081
-636.218628
-610.624329
-585.706543
-561.791016
-539.158325
-516.950134
-495.199005
-474.235962
-454.010468
-434.125122
-414.588165
-395.183197
-376.037628
-357.349091
-338.976532
-320.554230
-302.401123
-284.470520
-267.166595
-250.272171
-233.406418
-216.959961
-200.959198
-185.068558
-169.208069
-153.806107
-138.892075
-124.656784
-110.774437
-96.919983
-83.250305
-69.959953
-56.820438
-43.871719
-31.181675
-18.827225
-6.778205
4.877903
16.098869
27.217270
37.776848
48.081524
58.047588
67.739891
77.357544
86.814552
96.034012
104.887711
113.556633
122.053619
130.603394
138.968399
146.892990
154.565689
161.772324
168.819839
175.783630
182.432205
188.834915
194.985748
200.807007
206.568710
212.071716
217.510635
222.851501
227.932205
232.869614
237.739899
242.253464
246.561920
250.502335
254.181076
257.822845
261.536285
264.913361
268.071716
270.936737
273.578522
276.184845
278.366577
280.977448
283.475952
285.629791
287.475952
289.266296
290.970673
292.478973
293.949554
295.408081
296.405060
297.150146
298.009888
298.754211
299.362823
299.906555
300.432953
300.887695
301.190887
301.337921
301.262512
301.002350
300.824371
300.570953
300.355286
300.002350
299.668243
299.152405
298.543823
297.904297
296.882416
295.630554
294.458588
293.323608
292.119995
290.643372
289.071716
287.745178
286.264038
284.699921
283.230103
281.976685
280.557404
278.889221
277.254211
275.545319
273.639587
271.744415
269.712006
267.850769
266.028748
264.083771
262.169006
260.140350
258.202179
255.980469
253.633560
251.236130
249.234619
247.325867
245.001587
242.520432
240.410339
238.435974
236.446533
234.115463
231.832657
229.478210
227.074738
224.684845
222.278351
219.955582
217.642609
215.389221
213.026474
210.420883
207.872620
205.177307
202.383942
199.527222
196.869614
194.154678
191.547592
188.815308
186.014404
183.503098
180.974442
178.222549
175.502335
172.982727
170.497055
168.000824
165.539291
162.992538
160.527222
158.198410
155.558151
152.876389
150.393738
148.040802
145.442001
142.949554
140.466141
138.012146
135.605652
133.064178
130.562668
128.135071
125.697662
123.236122
120.622246
118.135818
115.859802
113.389969
110.773834
108.489517
106.262520
103.978958
101.672775
99.230843
96.681068
94.207466
91.973679
89.721794
87.346985
84.965385
82.588310
80.394493
78.199928
76.037781
73.968399
71.821342
69.616211
67.384689
65.309273
63.204449
61.231598
59.307766
57.246681
55.061916
52.971416
51.004601
49.016666
46.989517
45.076244
43.148643
41.128281
39.131298
37.027977
35.034012
33.202187
31.523455
29.735369
27.870361
25.914856
24.193892
22.517422
20.974434
19.414856
17.476696
15.678808
14.132051
12.564178
10.932202
9.192383
7.530241
5.978205
4.340950
2.672775
1.368100
-0.142459
-1.790272
-3.382277
-4.858145
-6.165837
-7.591930
-9.056486
-10.602489
-11.940347
-13.493892
-14.944118
-16.390574
-17.837782
-19.271418
-20.702791
-21.899624
-23.346832
-24.732956
-25.990120
-27.239744
-28.487104
-29.709578
-30.654526
-31.682428
-32.826469
-33.904903
-34.926773
-36.082882
-37.196003
-38.406410
-39.328732
-40.199020
-40.996155
-41.910934
-42.879261
-43.794796
-44.416969
-45.172623
-46.063274
-46.675640
-47.305355
-48.034615
-48.806110
-49.540649
-50.173378
-50.941856
-51.591930
-52.247284
-53.136425
-53.966743
-54.763123
-55.463726
-56.260860
-57.101734
-57.686199
-58.226925
-58.941101
-59.670361
-60.259350
-60.668854
-60.975037
-61.276695
-61.567043
-61.932804
-62.500679
-63.166592
-63.849094
-64.427528
-64.711838
-65.093437
-65.557243
-66.146980
-66.760109
-67.248795
-67.772926
-68.224663
-68.674889
-68.886803
-69.177147
-69.601738
-69.873230
-69.957695
-69.973526
-70.240501
-70.610786
-70.886803
-71.247284
-71.575340
-71.788010
-72.073830
-72.309883
-72.650757
-72.928284
-73.313652
-73.706558
-73.930542
-73.940346
-74.162819
-74.444115
-74.557243
-74.711838
-74.864182
-74.864929
-74.996155
-75.195251
-75.247284
-75.161316
-75.197510
-75.246529
-75.273682
-75.155281
-75.331749
-75.514252
-75.545174
-75.471268
-75.527077
-75.597206
-75.680923
-75.574585
-75.716362
-75.763878
-75.691475
-75.729942
-75.591179
-75.621346
-75.736725
-75.677902
-75.546684
-75.506714
-75.344566
-75.351357
-75.208824
-75.036125
-74.957695
-74.984085
-74.839294
-74.671120
-74.489365
-74.559502
-74.629639
-74.665840
-74.607010
-74.417725
-74.134163
-73.882278
-73.796303
-73.788010
-73.940346
-73.827225
-73.518776
-73.103996
-72.845322
-72.630394
-72.594948
-72.729942
-72.964478
-72.904900
-72.640953
-72.432053
-72.329491
-72.226166
-72.074585
-71.854378
-71.740501
-71.516518
-71.142456
-70.808372
-70.511993
-70.325714
-70.043663
-69.620590
-69.255577
-68.897362
-68.701279
-68.459198
-68.405655
-68.306862
-68.115311
-68.078354
-68.002945
-67.618324
-67.222397
-66.943367
-66.579865
-66.128883
-65.852867
-65.548943
-65.237480
-64.864929
-64.771416
-64.547440
-64.223907
-63.932053
-63.406410
-63.005203
-62.834011
-62.611538
-62.227676
-61.668098
-61.392082
-61.194496
-60.886803
-60.476547
-60.131901
-59.720890
-59.288010
-59.057240
-58.820438
-58.502186
-58.089668
-57.827225
-57.434315
-56.999172
-56.720135
-56.372475
-56.038387
-55.720135
-55.339291
-55.083633
-54.895100
-55.036877
-55.033108
-54.983334
-54.859653
-54.705051
-54.508976
-54.433559
-54.219383
-54.009727
-53.650753
-53.192234
-52.655277
-52.211842
-51.973530
-51.683937
-51.325718
-51.134163
-50.855881
-50.462215
-49.954678
-49.487858
-49.021793
-48.444118
-48.095703
-47.779713
-47.336273
-46.830242
-46.507465
-46.245022
-45.886803
-45.622852
-45.348339
-44.923756
-44.496155
-44.057240
-43.588913
-43.250301
-42.814404
-42.297058
-41.791027
-41.450905
-41.256336
-41.125114
-40.716366
-40.297058
-39.953167
-39.683182
-39.321945
-38.914707
-38.591930
-38.249546
-37.821945
-37.400375
-37.132656
-36.867195
-36.475037
-36.132656
-35.705051
-35.418476
-35.021042
-34.626621
-34.260105
-33.949398
-33.711842
-33.417721
-33.079109
-32.755581
-32.588913
-32.258598
-31.829487
-31.416214
-31.027828
-30.526320
-30.223906
-29.980316
-29.787254
-29.510483
-29.189217
-29.054977
-28.837782
-28.493137
-28.153017
-27.876244
-27.624359
-27.261614
-26.940348
-26.664330
-26.433559
-26.080618
-25.834766
-25.501432
-25.061010
-24.656788
-24.449396
-24.226923
-24.131145
-23.887556
-23.811388
-23.455429
-23.090422
-22.825716
-22.548944
-22.268402
-21.984087
-21.717119
-21.412443
-21.094948
-20.766893
-20.454676
-20.389065
-20.226170
-19.967497
-19.660559
-19.293287
-18.956938
-18.623606
-18.481825
-18.443363
-18.338537
-18.051207
-17.655279
-17.273680
-17.150755
-17.014254
-16.901131
-16.675640
-16.462217
-16.209578
-15.892836
-15.662066
-15.452414
-15.262368
-15.055732
-14.670362
-14.163574
-13.975038
-13.785747
-13.468250
-13.180166
-12.993892
-12.844570
-12.546681
-12.248794
-12.110030
-12.140950
-12.097963
-12.060256
-12.082881
-12.144721
-12.071568
-12.002187
-11.815159
-11.683183
-11.471267
-11.213348
-10.902639
-10.545174
-10.098718
-9.817421
-9.670362
-9.373981
-9.092685
-9.024812
-8.959955
-8.770663
-8.565536
-8.307617
-7.980317
-7.736727
-7.597964
-7.429035
-7.294042
-7.233710
-7.169608
-7.053469
-6.959200
-6.925264
-6.950151
-6.985596
-7.174133
-7.273680
-7.352112
-7.311388
-6.974284
-6.620588
-6.401131
-6.186199
-6.039140
-5.944872
-5.743515
-5.554977
-5.276697
-4.948643
-4.760106
-4.619834
-4.345325
-3.995400
-3.834012
-3.597964
-3.438084
-3.278205
-3.003695
-2.863424
-2.690724
-2.426018
-2.090422
-1.866440
-1.881523
-1.637179
-1.582881
-1.461463
-1.445626
-1.413198
-1.401885
-1.408673
-1.319683
-1.052715
-0.929035
-1.003695
-1.096455
-1.180166
-1.196757
-1.150000
-1.137934
-1.194495
-1.102489
-0.849095
-0.646983
-0.674133
-0.540649
-0.327979
-0.143213
0.069457
0.212745
0.466139
0.632805
0.911086
1.181825
1.365083
1.497059
1.537783
1.698416
1.899774
2.034766
2.204449
2.366591
2.546833
2.773831
2.989517
3.230090
3.284389
3.383183
3.560407
3.770060
3.945023
4.063424
4.241403
4.385445
4.466139
4.538537
4.608673
4.770061
4.926923
5.013650
5.172021
5.377903
5.455581
5.480468
5.589819
5.649397
5.795702
5.932956
6.042308
6.264781
6.474434
6.652413
6.661463
6.731599
6.841704
6.763273
6.851508
7.127526
7.266290
7.422398
7.492534
7.546833
7.546833
7.573228
7.527225
7.489517
7.420136
7.459352
7.624510
7.652413
7.616968
7.690121
7.989517
8.075490
7.956335
7.976697
8.078506
7.996305
8.083786
8.173530
8.267044
8.338688
8.359804
8.341704
8.359804
8.410332
8.457089
8.635822
8.632806
8.508371
8.453319
8.534766
8.484239
8.437481
8.558899
8.808522
8.917119
8.810784
8.781373
8.782881
8.766290
8.860559
9.063424
9.196154
9.261765
9.242911
9.220286
9.304751
9.285897
9.241403
9.169004
8.951056
8.924661
8.947285
8.877150
8.905053
8.889970
8.956335
8.933710
9.070211
9.294193
9.394495
9.418628
9.420890
9.426169
9.435219
9.473680
9.446531
9.461614
9.407315
9.366591
9.405807
9.429186
9.561915
9.732353
9.876395
9.752715
9.657692
9.646380
9.632051
9.716516
9.827375
9.894495
9.819080
9.767044
9.736877
9.737632
9.703695
9.671267
9.702187
9.758748
9.742157
9.782881
9.721041
9.727828
9.775339
9.785143
9.846230
9.799472
9.818326
9.862066
9.923152
9.755732
9.521946
9.328130
9.022700
8.933710
9.066441
9.076999
9.000075
8.952564
8.877904
8.774585
8.677300
8.738386
8.734615
8.847737
8.851508
8.799472
8.752715
8.837934
9.041553
9.049095
8.988009
9.012896
9.090573
9.105656
9.211991
9.196154
9.137330
9.092081
9.098115
9.069457
9.038537
8.915611
8.923152
8.919381
8.724057
8.828884
8.948793
9.049850
9.172021
9.239141
9.263273
9.303997
9.438235
9.411086
9.420135
9.291177
9.279864
9.361312
9.263273
9.131297
9.087557
9.072474
8.923152
8.924661
8.892232
8.924661
8.840196
8.911086
8.909577
9.000075
8.899019
8.827375
8.547586
8.397511
8.536275
8.700679
8.816063
8.856033
8.865083
8.773077
8.622248
8.632806
8.633559
8.631297
8.598868
8.417873
7.549849
5.500830
2.632051
2.354525
2.321342
2.307768
2.239894
2.083032
1.951810
1.949548
1.990271
2.061161
