-0.191805
-0.179066
-0.238514
-0.234268
-0.176943
-0.045308
0.077834
0.317749
0.464246
0.474862
0.536433
0.445138
0.237070
0.279533
0.247686
0.283779
0.173376
0.120297
0.105435
-0.011338
-0.096263
0.026879
-0.038938
-0.113248
-0.187558
-0.096263
0.154268
0.024756
-0.002845
0.247686
0.294395
0.116051
0.096943
0.143652
0.109682
-0.034692
0.192484
0.167006
0.126667
-0.123864
-0.164204
-0.450828
-0.365902
-0.425350
-0.442335
-0.546369
-0.444459
-0.440212
-0.206667
-0.206667
-0.280977
-0.329809
-0.442335
-0.410488
-0.395626
-0.270361
-0.083524
-0.013461
-0.200297
-0.964628
-6.614310
-29.932781
-109.576096
-263.007080
-419.852112
-556.714111
-671.455078
-761.053772
-823.438110
-863.036804
-884.743835
-891.253357
-885.646179
-870.614319
-848.743835
-824.510254
-796.665283
-766.599426
-737.270386
-708.720459
-681.013489
-654.053772
-627.886047
-602.633423
-579.009216
-555.775696
-532.692871
-509.924286
-487.907318
-465.998596
-444.412598
-422.934906
-401.775665
-381.004974
-360.512390
-340.289459
-320.480560
-301.306458
-282.618561
-264.573975
-247.295837
-230.472061
-213.614304
-196.803268
-180.181183
-163.917923
-148.019836
-132.247009
-116.495415
-100.690742
-85.365906
-70.813889
-56.142971
-42.092018
-28.678003
-15.737453
-3.151465
9.428153
21.823057
33.948322
45.744499
56.786964
67.602249
78.122421
88.540680
98.752991
109.241318
119.302887
128.691422
137.748749
146.372955
154.776352
162.995026
170.848541
178.086334
185.224335
191.759369
198.092697
204.600128
210.931335
217.128784
222.956818
228.498215
233.854904
238.992905
244.069336
249.056610
253.789093
258.222198
262.307129
266.459991
270.171265
273.742371
277.404785
280.727509
283.946198
286.481232
289.228577
292.001404
294.364471
296.358093
298.381439
300.474854
302.663818
304.924957
307.071472
308.946198
311.101196
312.687164
313.761475
315.109680
316.209473
316.914368
317.491852
318.232819
319.222198
319.916473
320.283783
320.508820
320.033234
319.515198
319.107544
318.789093
318.415405
318.084198
317.523682
316.763611
315.946198
314.910095
313.769989
312.687164
311.387817
310.377197
309.532196
308.211578
306.922852
305.319885
303.691437
302.050232
300.147888
298.241302
296.409058
294.532196
292.434509
290.561920
288.302887
285.636230
282.750885
280.016266
277.540680
275.451508
273.122406
270.752991
268.606506
266.665955
264.581024
262.481232
260.489716
258.457886
256.400543
254.417542
252.088455
249.961060
247.710526
245.517319
243.445145
240.844284
238.198853
235.481232
232.956818
230.362335
227.893127
225.353836
222.625610
219.933456
217.428146
214.795456
211.657455
208.103317
204.670197
201.014145
197.198853
193.729645
190.226456
187.086334
184.332611
181.476990
178.733887
176.167007
173.687180
171.264664
168.831543
166.321991
164.096939
161.854904
159.464249
156.829422
154.150024
151.445145
148.678680
145.905853
143.574646
141.020508
138.551300
136.241318
134.143646
132.126663
129.901611
127.307137
124.557663
122.160637
119.918602
116.986542
114.133034
111.659576
109.576775
107.326241
105.071465
103.385689
101.498215
98.929214
96.566154
94.447258
92.432396
90.264671
87.937706
85.750870
83.602249
81.285904
79.005646
76.651085
74.396309
72.162758
70.007774
68.105438
65.995033
63.937706
61.992908
59.759361
57.254055
55.126667
52.857029
50.485477
48.489723
46.651081
44.835796
42.789085
40.330490
38.234947
36.659576
35.309258
33.691422
32.122421
30.954693
29.474861
27.927092
25.990786
24.016264
21.748747
19.392059
16.937708
14.823057
13.003525
11.041741
8.857028
6.733885
4.799703
2.982293
1.160637
-0.520892
-2.435966
-4.196051
-5.879703
-7.620679
-9.038939
-10.378641
-11.909427
-13.828748
-15.501783
-16.493290
-17.582462
-18.900934
-19.892441
-20.943398
-22.215158
-23.418982
-24.756561
-25.966751
-27.149342
-28.410488
-29.467813
-30.722589
-31.922165
-33.270359
-34.272484
-35.238514
-36.788406
-38.200298
-39.393501
-40.537876
-41.818130
-43.041061
-44.162079
-45.344669
-46.520893
-47.669510
-48.253376
-49.172695
-49.966751
-50.771423
-51.508152
-52.427475
-53.280975
-53.599449
-54.089893
-54.584587
-55.206665
-55.896687
-56.540001
-57.342548
-58.215160
-58.960381
-59.355286
-59.796902
-60.304333
-60.886074
-61.580341
-61.943398
-62.051678
-62.452950
-63.130234
-63.607941
-63.779915
-63.934906
-64.438087
-65.079277
-65.892441
-66.593079
-67.136604
-67.283096
-67.493294
-67.852104
-68.227898
-68.735329
-69.351044
-69.805389
-69.911552
-70.036812
-70.408363
-70.752312
-70.892441
-71.251251
-71.724716
-72.072906
-72.268234
-72.703484
-73.206665
-73.731079
-74.208786
-74.408363
-74.924286
-75.537880
-75.881828
-76.104759
-76.111122
-76.297958
-76.055923
-75.977364
-76.051674
-76.041061
-76.070786
-76.055923
-76.043182
-76.007088
-76.280975
-76.516647
-76.675880
-77.334053
-78.342545
-79.283096
-80.236389
-81.159958
-82.094139
-82.631294
-82.775665
-82.832993
-82.954010
-82.852104
-82.542122
-82.234268
-82.130234
-82.087769
-82.300087
-82.217285
-82.134483
-81.862717
-81.472061
-81.219406
-81.085648
-80.881828
-80.779915
-80.395630
-79.937027
-79.667389
-79.382889
-79.172699
-79.185432
-79.034691
-78.909424
-78.527260
-78.289467
-78.348915
-78.109001
-77.788406
-77.741699
-77.537880
-77.147217
-76.799026
-76.546371
-76.261871
-75.881828
-75.799026
-75.775665
-75.368027
-75.077156
-74.803268
-74.624924
-74.531509
-74.603691
-74.421104
-74.321320
-73.975243
-73.633415
-73.497536
-73.085648
-72.794777
-72.658897
-72.285225
-71.962502
-71.720467
-71.529381
-71.266113
-70.661018
-70.325562
-70.210915
-69.956139
-69.960381
-69.871208
-69.648277
-69.372269
-69.389259
-69.227898
-68.813889
-68.359535
-67.845734
-67.287346
-66.807518
-66.614311
-66.344673
-65.985863
-65.731079
-65.013458
-64.523018
-64.429596
-64.083527
-63.601570
-63.170574
-63.053799
-62.922165
-62.665264
-62.247005
-61.692867
-61.501785
-61.134480
-60.869087
-60.208790
-59.805393
-59.701359
-59.423225
-59.026199
-58.743820
-58.716221
-58.238514
-57.733208
-57.257622
-56.794777
-56.512398
-56.151466
-55.754436
-55.219406
-54.816010
-54.582462
-54.289471
-54.038937
-53.898811
-53.811764
-53.603695
-53.213036
-52.873333
-52.618557
-52.552738
-52.731083
-52.714096
-52.501785
-52.193928
-51.760807
-51.361656
-51.329807
-51.380764
-51.055923
-50.735329
-50.374393
-49.907303
-49.421104
-49.111126
-48.327686
-47.954014
-47.654648
-47.017708
-46.752316
-46.567600
-46.295837
-45.994354
-45.540001
-45.155712
-44.656773
-44.236389
-44.142971
-44.219406
-44.132359
-44.240639
-44.266113
-44.055923
-43.728958
-43.153587
-42.448704
-42.174820
-42.149342
-42.138725
-41.531506
-40.932781
-40.518768
-40.011337
-39.748070
-39.387135
-39.085648
-38.909428
-38.790531
-38.512398
-38.370148
-38.081402
-37.820255
-37.119617
-36.489044
-36.162079
-35.900932
-35.610065
-35.648281
-35.382889
-34.658897
-34.166328
-34.125988
-33.720467
-33.461445
-33.261868
-32.947643
-32.280975
-31.769299
-31.707727
-31.457197
-30.920042
-30.728960
-30.616432
-30.385010
-29.913673
-29.455074
-29.266115
-29.089893
-28.661018
-28.283100
-28.134480
-28.140850
-27.879704
-27.304331
-26.709852
-26.442335
-26.134480
-25.866964
-25.491167
-25.219406
-24.841486
-24.510277
-24.149342
-23.782038
-23.491167
-23.302208
-23.208790
-23.041061
-22.561232
-22.068663
-21.926413
-21.716221
-21.714098
-21.597324
-21.542124
-21.459320
-21.053801
-20.671635
-20.202421
-20.166327
-19.826624
-19.514523
-19.280977
-18.852102
-18.563354
-18.302208
-17.954012
-17.646156
-17.735329
-17.576094
-17.270361
-17.225775
-17.068663
-16.905180
-16.467813
-16.221529
-16.064417
-15.994352
-15.716221
-15.563354
-15.242760
-14.977367
-14.824501
-14.385011
-13.748068
-13.614310
-13.410488
-13.068663
-12.610064
-12.452951
-12.259746
-12.077155
-11.673758
-11.387134
-11.185435
-10.985860
-10.680127
-10.482676
-10.238514
-10.287346
-10.221529
-10.013461
-9.499660
-9.125987
-8.792654
-8.661019
-8.503906
-8.387134
-8.474182
-8.285223
-8.213037
-8.007092
-7.922165
-7.796900
-7.306454
-6.813885
-6.531507
-6.397749
-6.244883
-5.990106
-5.977367
-5.816009
-6.147219
-6.142972
-6.193928
-6.268238
-6.737452
-7.302208
-7.368025
-7.658896
-7.777792
-7.869087
-7.782038
-7.295839
-7.102633
-7.075032
-6.913673
-6.533630
-6.060170
-5.525138
-5.514522
-5.512399
-5.289469
-4.951890
-4.573970
-4.278853
-4.030446
-3.883949
-3.966752
-3.639788
-3.336178
-2.805393
-2.514522
-2.291592
-1.875456
-1.599448
-1.232144
-1.079278
-0.756561
-0.675881
-0.525138
-0.164204
0.088450
0.177622
0.254055
0.538556
0.610743
0.748747
0.833673
1.124544
1.392059
1.479108
1.317750
1.360212
1.561911
1.725393
1.678684
1.810318
1.969554
2.203100
2.678684
2.691422
2.784841
3.207346
3.309257
3.292272
3.324119
3.483355
3.710531
3.835796
3.990786
4.183991
4.200977
4.249809
4.213716
4.196730
4.264671
4.648960
4.725393
4.733885
4.833673
4.971677
4.825181
5.120297
5.510955
5.670191
5.487601
5.608620
6.130913
6.048110
6.141529
6.455754
6.634098
6.634098
6.491847
6.519448
6.697792
6.882505
7.198853
7.234947
7.254055
7.281656
7.415414
7.927091
8.205223
8.330488
8.383567
8.464247
8.568280
8.417537
8.430276
8.483355
8.493970
8.355966
8.107558
8.094819
8.135159
7.969554
8.111805
8.160637
8.358089
8.315626
8.400552
8.763609
8.969554
8.937707
8.842166
8.810319
8.725392
8.653206
8.634098
8.742378
8.901613
8.719024
8.617112
8.470615
8.506709
8.653206
8.763609
8.888875
9.145775
9.338981
9.400552
9.493970
9.364459
9.037495
9.094819
9.050234
9.090573
9.262547
9.315626
9.260425
9.120297
9.152144
9.043864
9.077834
9.094819
9.249809
9.109681
9.245563
9.455753
9.950446
10.128790
10.124543
10.024755
10.073588
10.065096
10.111805
10.079958
10.128790
10.124543
10.109681
10.096943
10.220085
10.351720
10.379320
10.392059
10.164884
10.152144
10.220085
10.141529
10.385690
10.606497
10.451508
10.419661
10.271040
10.082081
9.595881
9.445138
9.164884
9.207346
9.120297
9.139405
9.175499
9.508832
9.774225
9.818811
9.793333
9.670191
9.544926
9.451508
9.457877
9.515202
9.453630
9.521571
9.432399
9.370828
9.506709
9.833673
10.118175
10.226455
10.143652
10.056603
10.075711
10.018387
9.952569
9.922845
10.035372
9.984416
9.914352
9.950446
10.082081
9.969554
9.878259
9.978046
9.961061
9.814565
9.636221
9.631974
9.710531
10.037495
10.120297
10.124543
9.988663
9.840042
9.865520
10.009893
10.022633
10.179746
9.997155
9.661698
9.574650
9.634098
9.517324
9.689300
9.929214
9.801826
9.651083
9.706285
9.820934
9.818811
9.786963
9.712654
9.585265
9.869766
9.984416
9.791210
9.780595
9.623482
9.808195
9.857028
9.774225
9.672315
9.434523
9.462123
9.672315
9.708407
9.890998
9.914352
10.107558
9.948322
9.837919
9.835796
9.997155
9.742378
9.542803
9.483355
9.430276
9.581019
9.636221
9.789087
9.907983
9.752994
9.557665
9.411168
9.559788
9.309257
9.177622
8.924968
8.750871
8.691422
8.663821
8.814565
9.005648
