0.121740
0.098748
0.141196
0.071864
0.008900
-0.125164
-0.161245
-0.190251
-0.268072
-0.231992
-0.152048
-0.114553
0.065851
0.179045
0.166311
0.181875
0.178691
0.090966
0.046042
-0.004188
-0.089791
-0.116675
-0.028242
-0.028596
0.000057
0.028001
0.020927
0.031892
0.053116
0.088843
0.081061
0.012791
0.038967
0.044273
0.086013
0.139427
0.139073
0.066558
-0.042391
-0.065384
0.070096
0.053116
-0.085547
-0.117736
-0.144620
-0.054772
0.006424
-0.021521
-0.084839
-0.184238
-0.063615
0.040382
0.073633
0.056300
0.047457
0.039675
0.005363
0.047457
0.021988
-0.986148
-7.320425
-31.529127
-101.867645
-239.153458
-381.193085
-508.040985
-616.097229
-696.391174
-750.449158
-784.375610
-800.750916
-802.629211
-795.189880
-780.548584
-759.642700
-735.868713
-710.871887
-683.030701
-655.984741
-630.555298
-605.358276
-581.416992
-558.949341
-536.783447
-515.052979
-494.237305
-473.771088
-453.826630
-434.500488
-415.507202
-397.027527
-378.922821
-360.711304
-342.800079
-325.343048
-307.939819
-290.594910
-273.540802
-256.563446
-239.906906
-223.682999
-207.770020
-192.189194
-176.848190
-161.831207
-147.112076
-132.787003
-118.721558
-104.872955
-91.277267
-77.899132
-64.578293
-51.715542
-39.295311
-27.175749
-15.270195
-3.687244
7.644556
18.721670
29.362631
39.681343
49.882618
59.759518
69.180817
78.501999
87.587250
96.367233
104.959381
113.211945
121.120323
128.808334
136.469101
143.814697
150.896408
157.913742
164.700089
171.296127
177.656586
183.888992
189.831329
195.587250
201.079300
206.430908
211.426300
216.303207
221.310272
225.942398
230.290817
234.364044
238.260406
241.884384
245.365112
248.676743
251.655518
254.512253
257.408966
260.226807
262.868469
265.448944
267.782166
269.931091
272.145782
274.216187
276.047455
277.666138
279.197784
280.678528
282.128113
283.262177
284.325836
285.413574
286.424896
287.194611
287.758118
288.200256
288.514374
288.807617
289.050629
289.245178
289.348846
289.383514
289.474762
289.240234
288.954437
288.594330
287.956543
287.270660
286.563538
285.747833
284.718475
283.745361
282.624054
281.433380
280.172668
278.927887
277.829926
276.653412
275.506256
274.207703
272.806580
271.317352
269.741821
267.957977
266.281616
264.537720
262.642792
260.701141
258.735809
256.715302
254.824600
252.922592
250.916580
248.860687
246.801254
244.629349
242.483261
240.408264
238.311340
236.151093
233.999710
231.817535
229.584778
227.408966
224.944168
222.561783
220.262878
217.886856
215.474411
213.094147
210.688766
208.103699
205.545151
203.214417
200.792068
198.406494
196.019867
193.655518
191.310638
188.851837
186.369003
183.890747
181.489273
179.005005
176.514023
173.977066
171.379959
168.859619
166.439041
164.129883
161.805862
159.246262
156.512619
153.978119
151.517563
148.835220
146.214767
143.775085
141.367935
138.955841
136.423477
133.943817
131.541260
129.169495
126.876961
124.529945
122.094147
119.737938
117.424179
114.995102
112.606354
110.267830
107.975647
105.763054
103.448235
101.225388
99.052765
96.810104
94.453896
92.258987
90.036842
87.791710
85.656227
83.604935
81.415337
79.227150
77.061958
74.932137
72.885803
70.826019
68.787460
66.733696
64.681702
62.568859
60.620857
58.745014
56.828144
54.795601
52.780388
50.899242
49.051701
47.083183
45.155697
43.377842
41.511906
39.752796
37.830620
35.975296
34.184349
32.413216
30.582653
28.847599
27.240948
25.470520
23.500587
21.621918
19.905611
18.278444
16.674269
15.081061
13.567089
11.989445
10.413923
8.862808
7.499526
6.073633
4.657644
3.313109
2.064082
0.832741
-0.472529
-1.717665
-2.812465
-4.083778
-5.381620
-6.571220
-7.768603
-9.070690
-10.470407
-11.843240
-13.057956
-14.241896
-15.505780
-16.765066
-17.949360
-19.161245
-20.329622
-21.547520
-22.751623
-23.789827
-24.724033
-25.689013
-26.656824
-27.670973
-28.754454
-29.778154
-30.796902
-31.883211
-32.848545
-33.804684
-34.788765
-35.678402
-36.523113
-37.471821
-38.449535
-39.424068
-40.393646
-41.224564
-42.058308
-42.851376
-43.590675
-44.364288
-45.155586
-45.933796
-46.647980
-47.271965
-48.061848
-48.809635
-49.515331
-50.255692
-50.970585
-51.644089
-52.177872
-52.802563
-53.459442
-54.148155
-54.821663
-55.450600
-56.152756
-56.627110
-57.114201
-57.685474
-58.435741
-59.179638
-59.751625
-60.264534
-60.697857
-61.189545
-61.615791
-62.074581
-62.560963
-63.005959
-63.474297
-64.031776
-64.629936
-65.099342
-65.500824
-65.811050
-66.132591
-66.574760
-67.010201
-67.411690
-67.650101
-67.850670
-68.126579
-68.377022
-68.712715
-68.968819
-69.309814
-69.542213
-69.698563
-69.784523
-70.048759
-70.362869
-70.563438
-70.650101
-70.762238
-70.807510
-70.944405
-71.042038
-71.111366
-71.190254
-71.312996
-71.459442
-71.480309
-71.574760
-71.701744
-71.733582
-71.756927
-71.874367
-72.007370
-72.036728
-71.893471
-71.967751
-72.167610
-72.270905
-72.295311
-72.361809
-72.289650
-72.310875
-72.408859
-72.551765
-72.651871
-72.666725
-72.721558
-72.853500
-72.922829
-72.891701
-72.864464
-72.915756
-72.926369
-72.783813
-72.592087
-72.426544
-72.332451
-72.276558
-72.247200
-72.184593
-72.045219
-71.867645
-71.763649
-71.564148
-71.507195
-71.403198
-71.200508
-70.904793
-70.751266
-70.816353
-70.745964
-70.415581
-70.199799
-70.305565
-70.313705
-70.212181
-69.953247
-69.794075
-69.717667
-69.475716
-69.269844
-68.925308
-68.664253
-68.311584
-67.961388
-67.753036
-67.525238
-67.287880
-67.137543
-66.958206
-66.667084
-66.325020
-66.023643
-65.735703
-65.512505
-65.284698
-65.040977
-64.806099
-64.583244
-64.261353
-63.946884
-63.748085
-63.530186
-63.256397
-62.949360
-62.727215
-62.582188
-62.467224
-62.277267
-61.952896
-61.551056
-61.253922
-60.998882
-60.667789
-60.323963
-60.115261
-59.910450
-59.693611
-59.483849
-59.204048
-58.840763
-58.394707
-58.077412
-57.852436
-57.667080
-57.361103
-57.049110
-56.703163
-56.303444
-55.841473
-55.498707
-55.197678
-54.888165
-54.744904
-54.576881
-54.259937
-53.963863
-53.522758
-53.033195
-52.730400
-52.533016
-52.165134
-51.647625
-51.270195
-51.004189
-50.741013
-50.476421
-50.264889
-50.110661
-49.866940
-49.538677
-49.297077
-49.100048
-48.808220
-48.698212
-48.520283
-48.188129
-47.922829
-47.688305
-47.402489
-47.192020
-46.921062
-46.684059
-46.316532
-45.927074
-45.574051
-45.323608
-44.946884
-44.548935
-44.246849
-43.888870
-43.475006
-43.244373
-43.004894
-42.696796
-42.186359
-41.857742
-41.611546
-41.241188
-40.856682
-40.599518
-40.283989
-40.047344
-39.815651
-39.671326
-39.554947
-39.355797
-38.966694
-38.662838
-38.362873
-38.107830
-37.927074
-37.640907
-37.296726
-36.793365
-36.423008
-35.953251
-35.594921
-35.389050
-35.224918
-34.925659
-34.561317
-34.186359
-33.857037
-33.487740
-33.016922
-32.701748
-32.385159
-32.009850
-31.544336
-31.147449
-30.879320
-30.748795
-30.541508
-30.322193
-30.053711
-29.716957
-29.323254
-28.917170
-28.553534
-28.362165
-28.106770
-27.687952
-27.288942
-27.003481
-26.734644
-26.426189
-26.089792
-25.814234
-25.555656
-25.221733
-24.831213
-24.514977
-24.219965
-24.007372
-23.892056
-23.752686
-23.556364
-23.272671
-23.101465
-22.918232
-22.586077
-22.349430
-22.079180
-21.630648
-21.208645
-20.986855
-20.893116
-20.769310
-20.658239
-20.540092
-20.287527
-20.068567
-19.761175
-19.406027
-19.191666
-18.922831
-18.790180
-18.553888
-18.250740
-17.977659
-17.747732
-17.535139
-17.290003
-17.050528
-16.720848
-16.481373
-16.218197
-16.063261
-15.774616
-15.349430
-15.116675
-15.140375
-15.253216
-15.292126
-15.270195
-15.413810
-15.427959
-15.255692
-15.086608
-14.947945
-14.760113
-14.632062
-14.400368
-14.072812
-13.724740
-13.514977
-13.200155
-12.999236
-12.921768
-12.909035
-12.751270
-12.372777
-12.043098
-11.776738
-11.562023
-11.319717
-11.073166
-10.738890
-10.495522
-10.431497
-10.371716
-10.258875
-10.038146
-9.731814
-9.565914
-9.437863
-9.233052
-8.981549
-8.779922
-8.458380
-8.163721
-7.852437
-7.626049
-7.378437
-7.018337
-6.754100
-6.473944
-6.274439
-6.091914
-5.917170
-5.667436
-5.487032
-5.317241
-5.144266
-4.957850
-4.739951
-4.561670
-4.551058
-4.501535
-4.496583
-4.393293
-4.170442
-4.007726
-3.785228
-3.633123
-3.442816
-3.189897
-2.946530
-2.845716
-2.799377
-2.708468
-2.511086
-2.277623
-2.144266
-1.993576
-1.784167
-1.597396
-1.439632
-1.350138
-1.191312
-0.937687
-0.722618
-0.602349
-0.562731
-0.386926
-0.207938
-0.045575
0.049933
0.111482
0.300375
0.481839
0.529593
0.619087
0.729098
0.943106
1.134475
1.256158
1.320891
1.535960
1.729098
1.872713
1.995458
2.088843
2.150393
2.179752
2.367230
2.471581
2.650216
2.784988
2.885801
2.981663
3.091319
3.059837
2.902780
2.661535
2.462738
2.333626
2.203452
2.166311
2.160297
2.185058
2.254744
2.327612
2.361217
2.442221
2.668964
2.909855
3.004301
3.127046
3.116434
3.196378
3.320538
3.447174
3.487853
3.630760
3.859271
4.096272
4.318061
4.485023
4.550463
4.636066
4.765886
4.874482
5.117142
5.336809
5.588666
5.679222
5.764825
5.795246
5.963976
6.192487
6.208405
6.176922
6.335041
6.450004
6.504832
6.424535
6.354142
6.316647
6.272430
6.187534
6.143318
6.064436
6.105823
6.094503
6.071510
6.261818
6.469105
6.652692
6.686296
6.727683
6.814701
6.967160
7.047103
7.088490
7.152869
7.270661
7.395529
7.330796
7.468751
7.597510
7.664011
7.627577
7.626870
7.690895
7.788878
7.824605
7.872713
8.116434
8.220431
8.137658
8.182228
8.303205
8.395529
8.386685
8.227153
8.070803
8.116788
8.246608
8.306035
8.308157
8.320538
8.393407
8.462384
8.559307
8.708936
8.780743
8.853966
8.876250
8.943106
8.925065
8.849013
8.753152
8.788525
8.859625
8.948058
9.039321
9.085306
9.132706
9.187888
9.109714
8.991920
8.830973
8.711765
8.753152
8.835571
8.822483
8.913038
8.921174
8.905964
8.857149
8.891814
9.028002
9.136950
9.131999
9.088490
9.075755
9.160651
9.201330
9.323367
9.391638
9.456017
9.532777
9.596095
9.614135
9.677807
9.769777
9.745016
9.678161
9.745016
9.770839
9.764825
9.685943
9.592204
9.391638
9.135890
8.888631
8.765179
8.673208
8.628284
8.667548
8.684881
8.674270
8.675685
8.664719
8.702214
8.766948
8.857503
8.872359
8.917283
8.968221
9.024464
9.024464
9.019866
8.990860
9.005363
9.032600
8.945935
8.747492
8.720963
8.708936
8.795246
8.954779
8.978126
8.942398
8.938861
9.050286
9.042858
9.033661
9.110421
9.176569
9.137304
9.113605
9.169495
9.314171
9.408617
9.447881
9.426658
9.402249
9.441514
9.367938
9.439391
9.518273
9.528178
9.492452
9.536668
9.568150
9.476887
9.406848
9.296484
9.201330
9.151454
9.157467
9.020926
9.029062
9.054885
9.107944
9.130584
9.156760
9.140135
9.211942
9.374305
9.452833
9.466983
9.525702
9.459201
9.393407
9.368999
9.317354
9.227153
9.191425
9.173032
9.175508
9.237764
9.277383
9.384563
9.365108
9.331150
9.281627
9.393407
9.472289
9.499526
9.267478
9.121387
9.093796
9.095564
