0.024586
0.012909
0.032017
0.184883
0.120127
0.167898
0.059618
-0.096433
-0.138896
-0.147389
0.026709
0.126497
0.087219
0.082972
0.050064
0.018217
-0.006200
-0.096433
0.032017
0.097834
-0.042293
-0.139958
-0.121911
-0.081571
-0.083694
-0.068832
-0.000892
0.052187
0.089342
0.112696
0.213546
0.262378
0.065987
-0.033800
0.032017
-0.064586
0.070234
0.065987
0.019278
-0.057155
0.004416
-0.069894
-0.057155
-0.073079
-0.170743
-0.017877
0.002293
-0.050786
-0.304501
-0.189851
-0.074140
-0.064586
0.057495
0.087219
0.281486
0.284671
0.060679
0.017155
-0.078386
-0.067771
-1.415966
-15.386242
-100.770531
-328.298126
-606.684570
-864.247192
-1074.218506
-1219.774780
-1304.578369
-1348.234497
-1368.561401
-1375.755615
-1373.777954
-1363.552856
-1349.197266
-1332.956299
-1314.891602
-1295.593262
-1275.958374
-1255.622925
-1234.122925
-1211.982788
-1188.972290
-1165.098511
-1141.521118
-1117.464844
-1092.839478
-1067.642090
-1041.845947
-1015.506226
-989.049744
-962.043335
-934.891541
-908.064575
-881.514709
-854.737610
-828.264160
-801.796021
-775.600708
-749.935059
-723.932922
-697.893677
-672.135681
-646.325745
-620.345886
-594.290710
-567.993469
-541.781128
-516.134644
-490.379883
-464.966919
-439.821472
-415.014679
-390.436127
-366.172852
-342.199402
-318.415955
-294.639954
-270.836334
-247.479660
-224.273712
-201.509384
-179.280090
-157.567764
-136.390488
-115.572014
-94.859703
-74.304504
-54.352272
-34.544415
-14.773716
5.010786
24.271933
42.969383
61.425861
79.905693
97.896133
115.345177
132.604202
149.371719
165.678513
181.742203
197.944962
213.966202
229.529892
244.714600
259.687012
274.495911
288.871735
303.018219
316.795288
330.193390
343.191254
355.697632
367.920563
379.637115
391.272980
402.529907
413.466187
424.185944
434.630737
444.899323
454.974701
464.911011
474.512909
483.741150
492.631805
501.198669
509.366425
517.344116
525.143494
532.719910
539.847290
546.881287
553.630737
560.111633
566.266602
572.184875
577.835632
583.535217
588.768738
593.382324
597.651978
601.815430
605.655151
609.372803
612.865356
616.349426
619.400391
622.297424
624.970459
627.591492
629.878113
631.719910
633.339844
634.706116
635.985291
637.196533
638.180664
638.777222
639.310120
639.735840
639.971497
639.839844
639.739014
639.284668
638.628601
638.092529
637.258118
636.413147
635.765564
635.141357
633.984253
632.252808
630.589355
628.916321
627.051147
624.765564
622.329285
619.682739
616.816528
613.905701
610.856873
608.001221
605.226257
602.384460
599.441772
596.442871
593.231567
589.702942
585.985291
582.259216
578.436462
574.580872
570.744324
566.847290
562.865356
558.911011
554.834595
550.666809
546.019287
541.377014
536.939636
532.794250
528.064941
523.263428
518.821838
514.119080
509.355804
504.525635
499.777252
494.873840
490.155151
485.269806
479.995911
475.044769
469.815460
464.444977
458.853668
453.484253
448.035187
442.819702
437.588287
432.612701
427.641357
422.655151
417.734772
412.555359
407.212494
401.752838
396.115875
390.454529
384.816528
379.287842
373.854736
368.328186
362.689117
357.118011
351.847290
346.646667
341.437531
336.124359
330.835632
325.763428
320.591461
315.331390
309.852600
304.285736
299.120117
293.839874
288.434357
283.229462
278.278290
273.013977
267.978943
262.925873
257.776184
252.782547
247.990616
242.883392
237.943909
233.233719
228.291046
223.248581
218.636047
214.022461
209.402512
204.371719
199.591461
194.734772
189.732651
184.895081
180.335632
175.849426
171.258133
166.552185
161.875961
157.154099
152.334564
147.809082
143.386581
138.691254
134.131805
129.846237
125.723099
121.585098
117.321823
112.833504
108.429047
103.954521
99.910995
96.164711
92.454521
88.444969
84.573418
80.772995
76.904625
72.926918
69.382332
65.753883
62.192314
58.643482
55.080849
51.301655
47.498047
43.895073
40.446030
36.825012
33.131805
29.522463
26.161530
22.762379
19.588280
16.350489
13.188068
9.645605
6.086157
2.789979
-0.194098
-3.223822
-6.179235
-9.126157
-12.367134
-15.508323
-18.413843
-21.298132
-24.188789
-27.334225
-30.311932
-33.007259
-35.817242
-38.808746
-41.723824
-44.318302
-46.972229
-49.736561
-52.423397
-54.763100
-57.225945
-59.993462
-62.425522
-64.782211
-67.343781
-70.062462
-72.567772
-74.577324
-76.548660
-78.898979
-81.242928
-83.141022
-84.902168
-86.945686
-89.055031
-91.232315
-93.267349
-95.545479
-97.285393
-98.794945
-100.762039
-102.670746
-104.597496
-106.290703
-108.064583
-109.918091
-111.676048
-113.331039
-114.682419
-116.042290
-117.463737
-119.224884
-120.827858
-122.363953
-123.995583
-125.790703
-127.678177
-129.051849
-130.466919
-131.967987
-133.449936
-134.803436
-136.245056
-137.749298
-139.007263
-140.211090
-141.459488
-142.545471
-143.590057
-144.481781
-145.527435
-146.751419
-147.767349
-148.777969
-149.982849
-151.185608
-152.189850
-153.225952
-154.073074
-154.906418
-156.064590
-157.214264
-157.944626
-158.420212
-158.898987
-159.449936
-160.176056
-160.749298
-161.041229
-161.613419
-162.533798
-163.196228
-163.762039
-164.333160
-164.937195
-165.419144
-165.785400
-166.349091
-167.022125
-167.247177
-167.303436
-167.601746
-168.394730
-168.674988
-168.728073
-169.066711
-169.538040
-169.696228
-169.634644
-169.927643
-170.403229
-170.381989
-170.349091
-170.562469
-170.791763
-170.796005
-170.941437
-171.229126
-171.386246
-171.220642
-171.282211
-171.524246
-171.932953
-171.740814
-171.757797
-171.838470
-171.886246
-171.772659
-171.488159
-171.430832
-171.348022
-171.131470
-171.024246
-171.155884
-171.294952
-171.420212
-171.467987
-171.465866
-171.103867
-170.755676
-170.581573
-170.445694
-170.193039
-169.857574
-169.641022
-169.297073
-168.840591
-168.486023
-168.323608
-168.030609
-167.577332
-167.034866
-166.745056
-166.392609
-166.043350
-165.415970
-165.160126
-164.701523
-164.446747
-164.195160
-163.820419
-163.158005
-162.505142
-162.066711
-161.689850
-161.245056
-160.677109
-160.238678
-159.994522
-159.964798
-160.101746
-160.249298
-160.198349
-159.892609
-159.470108
-159.130402
-158.626160
-157.746109
-156.904282
-156.385178
-155.841660
-155.045471
-154.460556
-154.099625
-153.742935
-153.065643
-152.264160
-151.579453
-150.921280
-150.341660
-149.582626
-148.942505
-148.238678
-147.604919
-147.114487
-146.403229
-145.564590
-144.624039
-143.601746
-142.843781
-142.431885
-141.804504
-141.105988
-140.269470
-139.803436
-139.070953
-138.294952
-137.410660
-136.763107
-136.168625
-135.520004
-134.853333
-134.219574
-133.528488
-132.622971
-131.834229
-130.917023
-130.204712
-129.477539
-128.774780
-128.188797
-127.540169
-126.729126
-125.851212
-125.053970
-124.241867
-123.528496
-123.009384
-122.354393
-121.475410
-120.580513
-119.857582
-119.306625
-118.625099
-117.736557
-116.856522
-116.264160
-115.549721
-114.746117
-113.888367
-113.239746
-112.650574
-111.824669
-111.129341
-110.442505
-109.823608
-109.041229
-108.248238
-107.567772
-106.620850
-105.903229
-105.168617
-104.631462
-103.915962
-102.907471
-102.041229
-101.283272
-100.684540
-99.983910
-99.342720
-98.496643
-97.535927
-96.680298
-95.941444
-95.443565
-94.877747
-93.977539
-93.068832
-92.508324
-91.955246
-90.902168
-89.999832
-89.697281
-89.153755
-88.206833
-87.380936
-86.548660
-85.838470
-84.805565
-83.945686
-83.297073
-82.776901
-82.133591
-81.688789
-81.094307
-80.325729
-79.622971
-79.017876
-78.064583
-77.316177
-76.491341
-75.771591
-75.034859
-74.196220
-73.629341
-73.163315
-72.481781
-71.796005
-71.144203
-70.266281
-69.618729
-69.178177
-68.514694
-67.688789
-66.863953
-66.051849
-65.359703
-64.876686
-64.293884
-63.641018
-62.825733
-62.058216
-61.454182
-61.009384
-60.384117
-59.747177
-59.281147
-58.627220
-57.934013
-57.196220
-56.661190
-56.194099
-55.510445
-54.840595
-54.126156
-53.461613
-52.687729
-52.046539
-51.639957
-51.324673
-50.767345
-49.977535
-49.196220
-48.756729
-48.249298
-47.568832
-46.962677
-46.419151
-46.135712
-45.506199
-44.797070
-44.280087
-43.762039
-43.195160
-42.577324
-42.166496
-41.819363
-41.267345
-40.674988
-40.061401
-39.379871
-38.690914
-38.307686
-37.789639
-37.174988
-36.906410
-36.434013
-36.028492
-35.482845
-34.773716
-34.375626
-33.879871
-33.305561
-32.687729
-32.667557
-32.650574
-32.385181
-32.206837
-31.918089
-31.350149
-30.910658
-30.438259
-29.932951
-29.412781
-29.032740
-28.436136
-27.917028
-27.556093
-26.803440
-26.249300
-25.947813
-25.556093
-25.094311
-24.786455
-24.242929
-23.650574
-23.277962
-22.935074
-22.474352
-21.817240
-21.094311
-20.857580
-20.527431
-20.013630
-19.642080
-19.180298
-18.676050
-18.039108
-17.624035
-17.281147
-17.194098
-16.804501
-16.232315
-15.962675
-15.738684
-15.408535
-15.048662
-14.816178
-14.632526
-14.081572
-13.496645
-13.090064
-12.803439
-12.353333
-11.680297
-11.127218
-10.698344
-10.373503
-9.992399
-9.677113
-9.366073
-9.059278
-8.665435
-8.326794
-7.961614
-7.703652
-7.309809
-6.853333
-6.317240
-5.828917
-5.467983
-5.081571
-4.935074
-4.743991
-4.227006
-3.644204
-2.996645
-2.651635
-2.452060
-2.121911
-1.807686
-1.565648
-1.393673
-0.940382
-0.354395
0.016093
0.193376
0.645605
1.019278
1.278301
1.509724
1.734777
1.802718
2.051125
2.293164
2.366412
2.651974
3.013970
3.535202
3.929044
4.283609
4.533079
4.725223
4.794225
4.949214
5.269809
5.444968
5.634989
5.977877
6.245393
6.696560
7.071295
7.288917
7.490616
7.586157
7.877028
8.060679
8.248577
8.527771
8.592526
8.776178
9.110573
9.507601
9.757070
10.003355
10.046879
10.448153
10.680637
10.878089
11.061741
11.313334
11.360043
11.527771
11.710361
12.021401
12.241146
12.422675
12.757070
13.030955
13.300594
13.399321
13.564926
13.887643
13.942845
14.035202
14.039448
14.207176
14.384459
14.481062
14.650913
14.929045
15.622251
15.808025
15.763439
15.763439
15.499108
15.498047
15.670021
16.160467
16.418428
16.467260
16.409937
16.394012
16.478939
16.386581
16.337749
16.200808
16.332441
16.334564
16.355797
16.604204
16.784672
16.990616
16.963015
17.113758
17.241146
17.266624
17.397198
17.560678
17.798471
17.892952
18.020340
18.143482
18.263439
18.349426
18.494862
18.672144
18.718853
18.890827
19.044756
19.343058
19.489553
19.664713
19.689129
19.766624
20.099958
20.341995
20.526709
20.668961
20.711422
20.761316
20.946030
20.996984
21.074480
21.003355
21.145605
21.211422
21.312271
21.463015
21.659405
21.666836
21.564926
21.366411
21.263439
21.054310
20.709299
20.777241
20.783609
20.659405
20.511847
20.552187
20.641359
20.748577
20.845181
21.087219
21.367474
21.389767
21.361105
21.456646
21.399321
21.403566
21.368534
21.518217
21.724161
21.813334
21.774055
21.846243
21.901443
22.153036
22.375965
22.391890
22.192314
22.286795
22.527771
22.648790
22.851549
23.126497
22.983185
22.921614
23.065987
23.252823
23.477877
23.634989
23.709299
23.775116
23.688068
23.722038
23.921614
24.086157
24.190191
24.131805
24.046879
23.983185
24.138174
24.319702
24.613758
24.656221
24.616943
24.439661
24.467260
24.530956
24.615881
24.695499
24.802717
24.783609
24.748577
24.693377
24.694437
24.744331
24.577665
24.408875
24.298471
24.446030
24.645605
24.828196
24.984247
24.947092
24.784672
24.743269
24.779364
24.895075
25.122250
25.229469
25.189129
25.050064
25.025648
24.917368
24.848366
24.819702
24.781487
24.677452
24.732655
24.716730
24.809088
24.855797
24.778301
