0.179502
0.186290
0.146320
0.109367
0.057330
-0.076154
0.058839
0.098054
0.137270
0.177994
0.244359
0.189306
0.133499
0.081463
0.049789
0.018869
0.012836
0.154615
0.242097
0.100317
0.080709
0.089759
0.013590
-0.017330
-0.094253
-0.079170
-0.168160
-0.165143
-0.168160
-0.052775
-0.103303
-0.086712
-0.057300
-0.017330
-0.025626
-0.104057
-0.257903
-0.192293
-0.107074
-0.127436
-0.163635
-0.088220
-0.106320
-0.141765
-0.096516
-0.067104
-0.091991
-0.003002
0.047526
0.049035
0.065626
-0.002247
0.008311
-0.043725
0.018869
0.055068
0.020377
0.008311
-0.197572
-1.430603
-8.364239
-32.700588
-103.758659
-233.285049
-363.044495
-487.888367
-598.543701
-682.483398
-740.549011
-778.906494
-799.367249
-804.863464
-799.651550
-785.064087
-763.217163
-738.880859
-710.009766
-678.000732
-647.970581
-619.138733
-590.947937
-564.487915
-539.238281
-515.190002
-492.800140
-471.128204
-450.344635
-430.611603
-411.835571
-393.261688
-375.037689
-357.285797
-340.129700
-323.208130
-306.092743
-289.305420
-272.775238
-256.457764
-240.766953
-225.363480
-209.884598
-194.837845
-179.969070
-165.159103
-150.547501
-136.006775
-121.897423
-108.232262
-94.831810
-81.459259
-68.484146
-55.945686
-43.544479
-31.281282
-19.410242
-7.861976
3.417813
14.362761
25.121433
35.662910
45.892925
55.835609
65.364265
74.638779
83.286591
91.697601
100.254913
108.570908
116.652351
124.433647
131.926865
139.423843
146.579193
153.174225
159.771515
166.206650
172.544510
178.631241
184.521133
190.315247
195.994736
201.388397
206.690063
211.900467
216.954773
221.468338
225.889160
230.070908
234.058090
237.992477
241.721741
245.253403
248.659897
251.860504
254.742844
257.357483
259.935913
262.589752
264.772247
266.666687
268.698364
270.616150
272.092773
273.565613
275.077698
276.259430
277.291870
278.343140
279.463806
280.287354
281.009064
281.646332
281.838623
282.340881
282.920074
282.815247
282.717957
282.909515
282.831848
282.668182
282.300934
281.820526
281.268494
280.580719
280.137268
279.644806
278.995483
278.204376
277.372559
276.387634
275.539978
274.650848
273.567139
272.433655
271.371063
270.127472
268.625946
267.120667
265.750397
264.364258
262.774536
261.023407
259.342407
257.817505
256.285095
254.632751
252.535461
250.662155
248.800919
246.842392
244.739838
242.656128
240.539978
238.258682
236.070908
234.040741
232.093536
229.965317
227.774521
225.607101
223.487198
221.332596
219.066376
217.071655
215.079956
212.809219
210.639526
208.481918
206.193069
203.915558
201.551300
199.411026
196.952499
194.449493
192.027161
189.578445
186.969849
184.266235
181.608612
179.082214
176.585236
174.119919
171.568649
169.030182
166.708160
164.378601
161.897446
159.573929
157.432144
155.184021
152.876328
150.435165
148.039978
145.756424
143.527924
141.191574
138.652359
136.220230
133.806198
131.281311
128.538483
126.120682
123.940437
121.602577
119.012085
116.569397
114.279053
112.025658
109.816002
107.550545
105.276787
103.017357
100.894432
98.689308
96.497749
94.217964
92.062607
89.684784
87.240585
84.987946
82.913284
80.673470
78.335609
76.070908
73.882370
71.952507
69.989456
67.846169
65.578445
63.388401
61.169697
58.911781
56.752655
54.807709
52.883877
50.904991
48.874073
46.950996
45.107857
43.323544
41.521130
39.803181
38.015854
36.175732
34.358234
32.625957
31.051296
29.404238
27.622942
25.938175
24.246622
22.615400
20.842398
19.098808
17.243605
15.610121
14.032443
12.453258
10.940437
9.491719
7.926863
6.375581
4.847677
3.207406
1.664419
0.305445
-1.224721
-2.710392
-4.045234
-5.481131
-6.771478
-7.969065
-9.208130
-10.524117
-12.033168
-13.605566
-14.898175
-16.245083
-17.619141
-19.113108
-20.998476
-23.591991
-26.738297
-29.852173
-30.912504
-32.061069
-33.159111
-34.243576
-35.238297
-36.243576
-37.276005
-38.472080
-39.473591
-40.331810
-41.283543
-42.010544
-42.912502
-43.816727
-44.696819
-45.603302
-46.440407
-47.254887
-47.958508
-48.676456
-49.542973
-50.322006
-51.055794
-51.829548
-52.457752
-53.016575
-53.425323
-53.803154
-54.154587
-54.640255
-55.134979
-55.864994
-56.619896
-57.207375
-57.687012
-58.271477
-58.935127
-59.521854
-59.888371
-60.011295
-60.271477
-60.806923
-61.457752
-61.933620
-61.950966
-62.200588
-62.496967
-62.739048
-62.910995
-63.221703
-63.720951
-64.005264
-64.106323
-64.226227
-64.634979
-65.039955
-65.223213
-65.363487
-65.563332
-65.490181
-65.682487
-65.847649
-66.153831
-66.534676
-66.779778
-66.858208
-67.021858
-67.211143
-67.453224
-67.690781
-67.806923
-67.773743
-67.758659
-67.812958
-67.722458
-67.742065
-68.027138
-68.291084
-68.217178
-68.235275
-68.394402
-68.392899
-68.181732
-68.223969
-68.238297
-68.001495
-67.990936
-68.122910
-68.171173
-68.134979
-68.070877
-68.049759
-68.124420
-68.150818
-68.096519
-68.194557
-68.201340
-68.286560
-68.315216
-68.333321
-68.098022
-67.876305
-67.819740
-67.864235
-67.830299
-67.652321
-67.442673
-67.349907
-67.493195
-67.322762
-67.070122
-66.972084
-66.874039
-66.940407
-66.957001
-66.791840
-66.644783
-66.475098
-66.350662
-66.165146
-66.042969
-65.864990
-65.711143
-65.367256
-65.084450
-65.144783
-65.161369
-65.160622
-65.011299
-64.939651
-64.843124
-64.848404
-64.634979
-64.360466
-64.180229
-64.067101
-63.819744
-63.447948
-63.319744
-63.437389
-63.552021
-63.558056
-63.575401
-63.417030
-63.141010
-63.089729
-62.809185
-62.467556
-62.149307
-62.008282
-61.950211
-61.766953
-61.485657
-61.131207
-60.904209
-60.589729
-60.420044
-60.327286
-60.141010
-60.012051
-59.897419
-59.798626
-59.527889
-59.312202
-59.199081
-59.190029
-58.978115
-58.588974
-58.472836
-58.285053
-57.909489
-57.601040
-57.436638
-57.199081
-57.007526
-56.742065
-56.474342
-56.212654
-56.049004
-55.757149
-55.300137
-54.952473
-54.848400
-54.665897
-54.405716
-54.083694
-53.659111
-53.349911
-52.978115
-52.508282
-52.100288
-51.949455
-51.708130
-51.389881
-51.062580
-50.828041
-50.687767
-50.428341
-50.224720
-49.864239
-49.557301
-49.187767
-48.812202
-48.388371
-48.070122
-47.799381
-47.486412
-47.333317
-47.131962
-46.895157
-46.621403
-46.421555
-46.127438
-45.885353
-45.612354
-45.404209
-44.996216
-44.716427
-44.387615
-44.134979
-43.871025
-43.610092
-43.271477
-42.895912
-42.561069
-42.297119
-42.013561
-41.839352
-41.596516
-41.288822
-40.865746
-40.519592
-40.202095
-40.003757
-39.660618
-39.340858
-38.932110
-38.487164
-38.263935
-37.990181
-37.679474
-37.421555
-37.140255
-36.794102
-36.554283
-36.368763
-36.077663
-35.825775
-35.681736
-35.484146
-35.294102
-34.992443
-34.503002
-34.212654
-33.973591
-33.658356
-33.291084
-32.929848
-32.554283
-32.229244
-31.886862
-31.598024
-31.276756
-31.036938
-30.577662
-30.058054
-29.657602
-29.361977
-29.217180
-29.162880
-28.886108
-28.622911
-28.424570
-28.229246
-27.783545
-27.422308
-27.217934
-27.151569
-26.759411
-26.451719
-26.212654
-26.062580
-25.806170
-25.570120
-25.346893
-25.060316
-24.953228
-24.634977
-24.088221
-23.799381
-23.590483
-23.434374
-23.157602
-22.976606
-22.631960
-22.435127
-21.981131
-21.610090
-21.460014
-21.222458
-20.936636
-20.662127
-20.363483
-20.206621
-20.166651
-19.950966
-19.666651
-19.383093
-19.080679
-18.751871
-18.386862
-18.159864
-17.943424
-17.813711
-17.647799
-17.398174
-17.211901
-17.074646
-16.987919
-16.658356
-16.536938
-16.337843
-16.279020
-16.067104
-15.733770
-15.313710
-15.092745
-15.021855
-14.802398
-14.491690
-14.346893
-14.142519
-13.883846
-13.763937
-13.567104
-13.244328
-13.040709
-12.754887
-12.566350
-12.229246
-12.042972
-11.843122
-11.747345
-11.432866
-11.207376
-11.010543
-10.887617
-10.841614
-10.760166
-10.648552
-10.552021
-10.490181
-10.490181
-10.443424
-10.307677
-10.238296
-10.050513
-9.802398
-9.508281
-9.391388
-9.325023
-9.271478
-9.066350
-8.892141
-8.714163
-8.549005
-8.358959
-7.998477
-7.656094
-7.443424
-7.211900
-6.929095
-6.744329
-6.659864
-6.538446
-6.381584
-6.246591
-6.073892
-6.024117
-6.010543
-5.868009
-5.783545
-5.783545
-5.815219
-5.671176
-5.572383
-5.593499
-5.825777
-5.962277
-5.834826
-5.753378
-5.632715
-5.438145
-5.291086
-5.103303
-4.898929
-4.652323
-4.374796
-4.101795
-3.888371
-3.759412
-3.591237
-3.348401
-3.086712
-2.901946
-2.788824
-2.696817
-2.534676
-2.343122
-2.160618
-1.964540
-1.709638
-1.604811
-1.703605
-1.579170
-1.339351
-1.205867
-1.170422
-1.047496
-0.931357
-0.811448
-0.668160
-0.455490
-0.454736
-0.479623
-0.364992
-0.334827
-0.179472
-0.065596
0.118416
0.243605
0.383122
0.636516
0.673469
0.947979
0.984932
0.937421
1.097300
1.147074
1.217210
1.333348
1.444962
1.582971
1.742097
1.892172
2.015852
2.116154
2.306953
2.398205
2.514344
2.636516
2.815249
3.005294
3.230030
3.349940
3.460799
3.643303
3.868039
3.994736
4.140286
4.278296
4.434404
4.578446
4.674223
4.788854
4.924600
4.971357
4.971357
5.035460
5.123695
5.298657
5.365777
5.434404
5.444208
5.453258
5.567134
5.699110
5.765475
5.761704
6.019623
6.157632
6.248884
6.350694
6.282066
6.274525
6.380860
6.396697
6.506048
6.472112
6.509819
6.579955
6.661403
6.701373
6.686290
6.818265
6.949487
7.130483
7.285837
7.248130
7.268492
7.273771
7.453258
7.554314
7.524148
7.582217
7.526410
7.323545
7.316757
7.400467
7.288854
7.305445
7.328824
7.314495
7.273771
7.408009
7.424600
7.457029
7.516606
7.634254
7.748130
7.714947
7.788100
7.806953
7.758688
7.699110
7.705897
7.734555
7.895188
8.081463
8.205897
8.319774
8.319019
8.457028
8.469850
8.386139
8.300920
8.144057
8.098808
8.162911
8.070905
7.858235
7.877843
7.867285
7.898959
7.886893
7.872564
7.861252
7.855973
7.853710
7.899714
7.961554
8.043756
8.037723
7.993228
8.089759
8.079201
8.037723
8.087496
8.211177
8.373319
8.313741
8.388401
8.416305
8.430634
8.475883
8.493982
8.587496
8.555822
8.534706
8.471357
8.373319
8.406501
8.481915
8.380859
8.482670
8.429125
8.358990
8.359743
8.435159
8.585988
8.620679
8.721735
8.880859
8.771508
8.646319
8.549788
8.647074
8.629728
8.620679
8.746621
8.745113
8.868039
8.850694
8.812986
8.763967
8.644057
8.518868
8.312232
8.192323
8.171206
8.161403
8.174977
8.190061
8.213439
8.236063
8.089005
8.024902
7.982670
7.998507
8.009819
7.925354
7.914796
8.014344
8.138024
8.147828
8.187798
8.230784
8.335610
8.458537
8.487195
8.495490
8.556576
8.677239
8.708159
8.757179
8.734555
8.673470
8.570150
8.587496
8.404992
8.343152
8.358990
8.414797
8.501523
8.443454
8.358990
8.457783
8.538477
8.423092
8.318266
8.252655
8.334857
8.371056
8.472112
8.606350
8.585988
8.528673
8.536968
8.470603
8.477390
8.461554
8.658386
8.571659
8.386893
8.406501
8.365023
8.284328
8.155370
8.139532
8.165928
8.141041
8.040739
8.003032
7.880105
7.903484
7.969849
7.931387
8.069397
8.157632
8.162911
7.858235
7.686290
7.628974
7.380860
6.993982
6.715702
6.625204
6.610121
6.555068
6.533197
