-0.056576
-0.067321
0.010759
0.163338
0.145430
0.120358
0.116777
0.073797
0.134685
0.144713
0.123223
0.141848
0.232822
0.272221
0.246433
0.190559
0.053739
-0.065888
-0.080931
-0.097407
-0.078066
0.174083
0.081676
0.096003
0.164054
0.186261
0.235688
0.133968
0.075946
0.064484
-0.104570
-0.203424
-0.335229
-0.149699
-0.090244
-0.020759
-0.025057
0.050158
0.083825
0.015057
-0.068037
-0.402564
-0.510731
-0.388954
-0.294398
-0.287951
-0.084513
-0.055143
-0.085229
0.020788
0.114628
0.120358
0.007894
-0.113883
-0.290817
-0.179069
-0.063739
0.013625
-0.050129
-0.569470
-4.665459
-27.595259
-123.214882
-318.905426
-542.533630
-754.378235
-936.809448
-1077.326660
-1176.447754
-1240.344482
-1277.810181
-1295.608154
-1297.376099
-1284.722046
-1262.177612
-1233.823730
-1199.839478
-1163.838867
-1127.230591
-1090.257812
-1054.250732
-1018.563721
-983.621033
-949.672607
-916.442688
-884.298706
-853.230652
-822.338074
-792.175476
-762.611755
-733.356018
-704.548706
-676.082336
-647.715576
-619.699097
-592.022888
-564.553711
-537.620300
-511.053711
-484.410431
-458.293671
-432.531494
-406.734222
-381.300842
-356.247833
-331.403992
-306.811584
-282.792236
-259.311584
-236.422623
-214.082367
-192.104568
-170.588806
-149.237091
-127.999268
-106.891823
-86.191246
-66.224915
-46.452709
-26.958439
-7.911877
10.621791
28.328812
45.443424
62.237122
78.527954
94.351021
109.766487
124.826660
139.362473
153.611755
167.654022
181.330246
194.839554
209.446289
223.506454
236.666199
249.217056
261.287994
272.817352
283.868195
294.562347
304.820221
314.589569
324.209900
333.454163
342.551605
351.275085
359.587402
367.691986
375.639709
383.497162
390.947723
398.111053
404.915497
411.493561
417.926941
424.195587
430.313782
436.070221
441.505035
446.713470
451.760773
456.376099
460.703461
464.699860
468.555176
471.944153
475.072357
477.921936
480.533691
482.898285
485.094574
487.182678
489.088135
491.060913
492.959900
494.765045
496.401886
497.582397
498.523651
499.277222
500.083832
500.715637
501.143982
501.419800
501.634674
501.638977
501.337402
500.964905
500.478516
499.972809
499.173370
498.094574
496.748596
495.354584
493.577393
491.849579
489.868927
487.569489
485.421204
483.372498
481.068787
478.719208
476.391846
473.853180
471.324524
468.635406
466.032959
463.608887
461.048737
458.389709
455.559479
452.793701
449.999298
447.118927
443.891144
440.431244
436.969208
433.302307
429.654755
426.071655
422.348145
418.353882
414.305176
410.300873
406.469940
402.521515
398.666199
394.729950
390.805176
386.929810
383.267914
379.555176
375.389709
371.277954
367.089569
362.672638
358.520081
354.446289
350.189850
345.782257
341.495728
337.118927
332.707031
328.488556
324.460602
320.346008
316.262909
312.023651
307.678375
303.220642
298.497864
293.813782
289.036560
284.151886
279.471375
274.771515
270.399017
266.252167
261.872498
257.704163
253.467773
249.320938
245.262192
241.159042
236.984253
232.893997
228.748581
224.681961
220.770065
216.765778
212.780106
208.734970
204.471359
200.392563
196.632538
192.807327
188.771500
184.841705
180.735687
176.675522
172.740707
168.992844
165.303741
161.617493
157.795151
153.948441
150.489990
146.756454
142.810181
138.866776
135.405457
132.154739
128.757889
125.374657
122.242134
118.944138
115.441277
111.820213
108.226372
104.661903
101.131821
97.705605
94.540131
91.378952
88.199158
84.862480
81.566635
78.398293
75.176949
71.929100
68.786545
65.977806
62.999298
59.782967
56.641850
53.921932
50.888985
47.658325
44.445572
41.489986
38.207035
34.313053
30.575945
27.266489
24.016489
20.689127
17.568066
14.846003
12.500014
9.893997
7.517922
5.191991
2.884685
0.396862
-2.185516
-4.421906
-6.335229
-8.463452
-10.695544
-12.821619
-14.809442
-16.704140
-18.527206
-20.555861
-22.545832
-24.413309
-26.530071
-28.880358
-31.005716
-33.070904
-35.162594
-36.922623
-38.804428
-40.818039
-42.888237
-44.684082
-46.262878
-47.898983
-49.473480
-51.021477
-52.598122
-54.172623
-55.735661
-57.280071
-58.776489
-60.342392
-61.880360
-63.366032
-64.694115
-66.104568
-67.529358
-68.913307
-70.368896
-71.861015
-73.281502
-74.587379
-75.828064
-77.060158
-78.376060
-79.583076
-80.783653
-82.090958
-83.288666
-84.424774
-85.540100
-86.691246
-87.803711
-88.737091
-89.807289
-91.037231
-92.131073
-93.337379
-94.583794
-95.673340
-96.557289
-97.272194
-98.166893
-99.123909
-100.009300
-100.848839
-101.757149
-102.619614
-103.430504
-104.108871
-104.867462
-105.628212
-106.294395
-106.969902
-107.810875
-108.653282
-109.266464
-109.873192
-110.588097
-111.389671
-112.153282
-112.718468
-113.160446
-113.714172
-114.289383
-114.945541
-115.439095
-115.767891
-116.310158
-116.796547
-117.025055
-117.340958
-117.947693
-118.312309
-118.542252
-118.786522
-119.133942
-119.434082
-120.009300
-120.446259
-120.598122
-120.853851
-121.147552
-121.368896
-121.669754
-122.132507
-122.333794
-122.463455
-122.575203
-122.678352
-122.833794
-123.084511
-123.221329
-123.222046
-123.340240
-123.276489
-123.063026
-122.888954
-122.685516
-122.679070
-122.565170
-122.494255
-122.465599
-122.292969
-122.206291
-122.368896
-122.556580
-122.772911
-122.573769
-122.255714
-122.090958
-121.957008
-121.753571
-121.605286
-121.679787
-121.546547
-121.300133
-121.040817
-120.796547
-120.515747
-120.267891
-120.047981
-119.938377
-119.891823
-119.843826
-119.650414
-119.465599
-119.353134
-118.933365
-118.360298
-118.119614
-118.140388
-118.067322
-117.919754
-117.625343
-117.129639
-116.911880
-116.722046
-116.385376
-116.165459
-116.068039
-115.668327
-115.195541
-115.007149
-114.729210
-114.479210
-114.178352
-113.850990
-113.553711
-113.312309
-112.920471
-112.367462
-111.802277
-111.346687
-110.989960
-110.547264
-110.136803
-109.851707
-109.550842
-109.071617
-108.617462
-108.178352
-107.884659
-107.616028
-107.530785
-107.361732
-107.229210
-106.894684
-106.565170
-106.219902
-106.008583
-105.827347
-105.445541
-104.967751
-104.340240
-103.861015
-103.425484
-102.993538
-102.581650
-102.128929
-101.548698
-100.802994
-100.275055
-99.973480
-99.622482
-99.159012
-98.596687
-97.878212
-97.394684
-96.896118
-96.388954
-95.970619
-95.482796
-94.850273
-94.253571
-93.547981
-93.035805
-92.516464
-91.822334
-91.224915
-90.914024
-90.470619
-89.717751
-89.069473
-88.539383
-88.105286
-87.487808
-86.767891
-86.164742
-85.587379
-85.135376
-84.575203
-83.931221
-83.292252
-82.831650
-82.257866
-81.541534
-80.750702
-80.240677
-79.807289
-79.302277
-78.777924
-78.211304
-77.861015
-77.330933
-76.595261
-75.918327
-75.398979
-75.073769
-74.484230
-73.939095
-73.510017
-72.804428
-72.234940
-71.623192
-71.315887
-70.959152
-70.369614
-69.643250
-69.111732
-68.489243
-67.929070
-67.497124
-66.990677
-66.529358
-65.985657
-65.376778
-64.905426
-64.540817
-64.049416
-63.383942
-62.873196
-62.276489
-61.729214
-61.082363
-60.428352
-60.085945
-59.719185
-59.262165
-58.866749
-58.525772
-58.138954
-57.648983
-56.968468
-56.341675
-55.970615
-55.726345
-55.272190
-54.737091
-53.919758
-53.173340
-52.632507
-52.253567
-51.874626
-51.292965
-50.810875
-50.326633
-49.793682
-49.381790
-48.977062
-48.343826
-47.539383
-47.009296
-46.617466
-46.225632
-45.860302
-45.406864
-44.734226
-44.036518
-43.533653
-43.169041
-43.007149
-42.772190
-42.312305
-41.808723
-41.455574
-40.925488
-40.291534
-39.765743
-39.386089
-38.987808
-38.729214
-38.343826
-37.785801
-37.270760
-36.907578
-36.427635
-36.209156
-35.989243
-35.777206
-35.509296
-34.986374
-34.446262
-34.199841
-33.898983
-33.427635
-32.835228
-32.408295
-32.042248
-31.669041
-31.389671
-30.976347
-30.464169
-29.996405
-29.431217
-28.838095
-28.519327
-28.328783
-28.138954
-28.176203
-28.230644
-28.034370
-27.702707
-27.344542
-27.181934
-26.887522
-26.573051
-26.299412
-25.739241
-25.309441
-24.917608
-24.457006
-23.966318
-23.613882
-23.234226
-22.631790
-22.202707
-21.686232
-21.221333
-20.683367
-20.140387
-19.686232
-19.312307
-18.943396
-18.422623
-17.992105
-17.598839
-17.101706
-16.674770
-16.413309
-16.106720
-15.827350
-15.473481
-15.175488
-14.800129
-14.285802
-13.691963
-13.207006
-12.919757
-12.659728
-12.338095
-12.089527
-12.067321
-12.167607
-12.138954
-11.939097
-11.782937
-11.547980
-11.280071
-10.874627
-10.599556
-10.421906
-10.095974
-9.764313
-9.595974
-9.420473
-9.136806
-8.611733
-8.083797
-7.728496
-7.425487
-7.113883
-6.766461
-6.416891
-5.959155
-5.678352
-5.573051
-5.406862
-5.211304
-4.848123
-4.674055
-4.405430
-4.204140
-4.075201
-3.848123
-3.640387
-3.441247
-3.100272
-2.653997
-2.366748
-1.986375
-1.661877
-1.434799
-1.231361
-0.919040
-0.387521
0.007178
0.066633
0.066633
0.272937
0.695573
1.092421
1.332393
1.540845
1.820931
2.192708
2.583109
2.873940
3.173367
3.471361
3.607464
3.593138
3.591705
3.840272
3.982106
4.123223
4.391132
4.643281
4.864627
5.184828
5.377522
5.639699
5.767206
5.812335
5.829527
6.043711
6.213481
6.200587
6.367493
6.647579
6.705602
6.770072
6.990702
7.272221
7.467063
7.674083
7.919069
8.108180
8.436261
8.608897
8.818782
8.956318
9.237121
9.189126
9.401160
9.709184
9.760759
9.785830
9.736404
9.824512
10.042994
10.298725
10.707750
11.054456
11.183395
11.281533
11.274369
11.409040
11.636834
11.906175
12.095286
12.186261
12.166203
12.226376
12.245000
12.353167
12.285830
12.260043
12.341705
12.545143
12.703453
12.878238
12.962049
13.045859
13.065917
13.118209
13.253596
13.240702
13.411905
13.530817
13.487837
13.537264
13.731390
13.853883
13.958467
14.157607
14.269356
14.422650
14.623223
14.781533
14.721361
14.782966
14.915487
14.978524
15.026519
15.204885
15.159757
15.279384
15.286548
15.331676
15.516490
15.580960
15.554456
15.595286
15.484971
15.439842
15.769356
16.111046
16.017923
15.782966
15.863194
15.942708
15.885401
15.759327
15.592422
15.548725
15.673367
15.835974
15.922650
15.936977
15.957034
16.081676
16.070215
16.207035
16.340988
16.525803
16.458467
16.179098
16.141848
16.321648
16.341705
16.415487
16.447721
16.520071
16.555889
16.456318
16.379671
16.454885
16.590273
16.599585
16.474943
16.466347
16.492134
16.536547
16.445574
16.194857
16.320930
16.461332
16.471361
16.232105
16.212049
16.330244
16.400444
16.427664
16.543711
16.661190
16.694139
16.629671
16.510042
16.488552
16.588123
16.515057
16.487120
16.558754
16.633253
16.641848
16.643280
16.661905
16.667637
16.787979
16.957750
16.905458
16.923367
17.114628
17.086691
17.025803
17.072365
17.012192
16.949154
17.006462
17.068783
16.868925
16.622507
16.683395
16.836691
16.828094
16.863911
16.791561
16.631104
16.669785
16.565916
16.550875
16.610329
16.639700
16.658323
16.603882
16.658323
16.616060
16.535114
16.641132
16.853167
16.934828
17.095287
16.992134
16.721361
16.457750
16.236404
16.225658
16.100302
15.818782
15.744284
15.714914
15.648295
15.530100
15.463481
15.470645
15.436261
15.379670
15.316633
15.283682
15.382536
15.438410
15.490702
15.546576
15.556604
15.424799
15.420502
15.393997
15.275086
15.292994
15.187694
15.067349
15.030100
15.073796
15.080960
15.015774
14.899012
14.919068
14.914055
14.891849
14.981390
14.858180
14.792278
14.713481
14.727808
14.716347
14.745716
14.895430
