0.147219
0.100510
0.120679
0.061231
-0.113928
-0.121359
-0.082081
0.028323
-0.000340
-0.056603
-0.040679
-0.068280
-0.077834
0.056985
0.072909
0.038938
0.031507
0.007091
0.066539
0.032569
0.002845
0.086709
0.037877
-0.147898
-0.227516
-0.279533
-0.246624
-0.064034
0.090955
0.139788
0.047431
0.001783
0.029384
0.102633
0.106879
0.103694
0.036815
0.010276
-0.002463
0.092017
0.042123
-0.102251
-0.079958
-0.033248
0.064416
0.014522
-0.002463
-0.106497
0.053800
0.025138
0.069724
0.087771
0.025138
0.063355
-0.026879
-0.099066
-0.178684
-0.261486
-0.174437
-0.066157
-1.508832
-15.879320
-97.476982
-314.313507
-578.907959
-811.880371
-990.077820
-1110.790161
-1182.153198
-1221.557617
-1241.963135
-1248.885742
-1246.258301
-1237.413330
-1224.994995
-1210.396362
-1193.973755
-1176.324097
-1158.322021
-1140.166992
-1121.393066
-1101.548096
-1080.818848
-1059.025757
-1037.172363
-1015.181885
-992.048096
-968.680786
-945.064026
-921.195679
-897.309265
-872.820923
-848.413269
-824.386780
-800.446228
-776.466370
-752.801819
-729.364441
-705.610718
-682.024780
-658.280579
-634.564026
-610.816711
-587.136230
-563.445129
-540.010925
-516.595886
-493.110748
-469.937714
-447.143646
-424.606506
-402.241302
-379.793335
-357.204163
-335.035370
-313.254059
-291.715851
-270.416473
-249.266800
-228.176559
-207.224335
-186.286957
-165.308197
-144.693542
-124.286964
-104.141525
-84.219025
-65.017326
-46.040680
-27.483355
-9.483355
8.206667
25.723652
43.031506
60.200298
77.217285
93.879700
110.341484
126.596260
142.193924
157.393509
172.380768
187.263992
201.689682
215.639786
229.329803
242.650406
255.908371
268.989044
281.644043
294.335114
306.742767
318.761871
330.295837
341.804321
352.897736
363.656769
374.121735
384.339355
394.424286
404.197113
413.998596
423.641907
433.041077
442.398804
451.393494
459.718353
467.837250
475.338287
482.408356
489.223663
495.853149
502.327698
508.579285
514.489075
520.097351
525.573975
531.033630
536.236389
541.214111
545.948730
550.531494
554.984802
559.066528
562.762939
566.257629
569.600525
572.604736
575.404114
578.003906
580.337219
582.309631
584.012390
585.786255
587.288391
588.829834
590.213013
591.354248
592.123840
592.706665
593.291565
593.539978
593.476318
593.338318
592.739563
592.147217
591.333008
590.274597
588.980530
587.711975
586.461426
585.038940
583.495422
582.133423
580.785217
579.149353
577.483765
575.921082
574.152527
572.097351
569.676941
567.078247
564.187561
561.437012
558.783081
555.930664
553.183289
550.147217
547.062317
543.866943
540.612183
537.267151
533.859558
530.527283
526.993286
523.279907
519.438110
515.655701
511.494354
507.493286
503.269287
499.151459
495.099457
491.168457
487.144043
482.917908
478.616425
474.149353
469.766113
465.392456
461.034698
456.707733
452.361664
447.599457
442.804321
438.249115
433.686493
428.996490
424.310699
419.683319
414.813873
409.720459
404.950836
400.190735
395.316010
390.441284
385.532562
380.613251
375.667389
370.717285
365.893494
361.016632
356.150391
351.468872
346.810699
342.157837
337.435974
332.492218
327.601562
322.356354
317.134491
312.228973
307.400940
302.263977
296.995422
291.765045
286.823425
281.912598
276.935974
271.990112
266.927460
261.780975
256.859528
251.969940
247.042130
242.231079
237.270355
232.183319
226.985855
222.043182
217.087769
212.188614
207.425354
202.679062
197.741699
193.211975
189.080338
184.795837
180.045303
175.144028
170.558044
166.083527
161.668457
157.497543
153.356354
148.861649
144.296906
140.157837
135.830872
131.562286
127.444458
123.510277
119.586708
115.413673
111.086708
107.068665
103.117493
99.083527
95.188622
91.386070
87.570786
83.631294
79.869087
76.149345
72.445518
68.708786
65.095200
61.686497
58.090954
54.479492
51.044247
47.482674
44.069725
40.663143
37.165264
33.619617
30.198174
26.690742
23.371210
20.233206
17.052738
13.647219
10.310700
7.148280
4.093079
1.001783
-2.150021
-4.791210
-7.668068
-10.579958
-13.398429
-15.996094
-18.571465
-21.414352
-24.118174
-26.833673
-29.633036
-32.559788
-35.316689
-37.933460
-40.513077
-43.086327
-45.612865
-48.055542
-50.475925
-52.949383
-55.269978
-57.720085
-60.224331
-62.729641
-64.879318
-66.934525
-69.301826
-71.481232
-73.317749
-75.409042
-77.685051
-79.978050
-82.033249
-84.307137
-86.627731
-88.646835
-90.312439
-92.142593
-94.220085
-96.113930
-97.780594
-99.383568
-100.879318
-102.540680
-104.268921
-106.058723
-107.706284
-109.282715
-110.981232
-112.618172
-114.174438
-115.577835
-117.059784
-118.483353
-119.759361
-120.990784
-122.610741
-124.589508
-126.935585
-128.987595
-130.386749
-131.510956
-132.696732
-133.744507
-135.037491
-136.534317
-137.841110
-138.729645
-139.758301
-140.939835
-141.923904
-142.742371
-143.679749
-144.623489
-145.817749
-146.998215
-148.053421
-149.130920
-150.066162
-150.922852
-151.817749
-152.482300
-153.021576
-153.627731
-154.094818
-154.539612
-155.090576
-155.692490
-156.636215
-157.102249
-157.288025
-157.565094
-158.021576
-158.713715
-159.211594
-159.669128
-160.088455
-160.428146
-160.820938
-161.230698
-161.462128
-161.445145
-161.705215
-162.071472
-162.372955
-162.573593
-162.801819
-162.912231
-163.056610
-163.200974
-163.295456
-163.344284
-163.554474
-163.924973
-164.272095
-164.170197
-164.130920
-164.122421
-164.119232
-163.936646
-163.776352
-163.840042
-163.784836
-163.617111
-163.586334
-163.726456
-163.695663
-163.512024
-163.216904
-163.071472
-162.988663
-162.796524
-162.520508
-162.381439
-162.255112
-162.313507
-162.352783
-162.457870
-162.473801
-162.092697
-161.551300
-161.152145
-161.030060
-160.826248
-160.447266
-160.023697
-159.798645
-159.610748
-159.416473
-158.905853
-158.518387
-158.181870
-157.892059
-157.438766
-157.060852
-156.569336
-156.248749
-156.008835
-155.483353
-155.093765
-154.788025
-154.441956
-153.951508
-153.421783
-152.883560
-152.368698
-151.966370
-151.518387
-151.075714
-150.523697
-150.111801
-149.841110
-150.087387
-150.277405
-150.349594
-150.146835
-149.871887
-149.337921
-148.794388
-148.346405
-147.828369
-147.273163
-146.505646
-145.955750
-145.402679
-144.730698
-144.069336
-143.472733
-143.148956
-142.521576
-141.590576
-140.965302
-140.358093
-139.861267
-139.268921
-138.607559
-137.828369
-137.007767
-136.357025
-135.540680
-134.680801
-133.781662
-133.015198
-132.387817
-131.826248
-131.216904
-130.507767
-129.777405
-129.047043
-128.379318
-127.737068
-127.009895
-126.203102
-125.372948
-124.729637
-123.927094
-123.151085
-122.367645
-121.737068
-121.073586
-120.346413
-119.640465
-118.749809
-117.824120
-117.136223
-116.577835
-115.853844
-114.978050
-113.940895
-113.146835
-112.484413
-111.903740
-111.094818
-110.327301
-109.672318
-108.955757
-108.023697
-107.232826
-106.568283
-106.045990
-105.179749
-104.291214
-103.640465
-102.951508
-102.289085
-101.549171
-100.940895
-100.342163
-99.485481
-98.702042
-97.889938
-96.998215
-96.178680
-95.337921
-94.492912
-93.973801
-93.331551
-92.478050
-91.749809
-91.027939
-90.412231
-89.749809
-89.021568
-88.173378
-87.533249
-86.769981
-86.073586
-85.412231
-84.759361
-83.816689
-82.976982
-82.320930
-81.730698
-81.159576
-80.600128
-79.954689
-79.310318
-78.312439
-77.449387
-76.777412
-76.216904
-75.594818
-74.905861
-74.172318
-73.345352
-72.570404
-71.860214
-71.265732
-70.737068
-70.209473
-69.542801
-68.848534
-68.151085
-67.539619
-67.213715
-66.627731
-65.885689
-65.171249
-64.255119
-63.521572
-62.922844
-62.412228
-61.981232
-61.181870
-60.468494
-59.691422
-59.053417
-58.436646
-57.797581
-57.165943
-56.414352
-55.890999
-55.272102
-54.678684
-54.291210
-53.505646
-52.825180
-52.350658
-51.881443
-51.233887
-50.346413
-49.620296
-49.072525
-48.670193
-48.206284
-47.671253
-47.311378
-46.874012
-46.264671
-45.667007
-45.058727
-44.325180
-43.652145
-43.033249
-42.387814
-41.853844
-41.222210
-40.551296
-40.098003
-39.568279
-39.057663
-38.692486
-38.488663
-38.215839
-37.589512
-36.825180
-36.188236
-35.561913
-35.000340
-34.452568
-34.040680
-33.664883
-33.007771
-32.383568
-31.937708
-31.552357
-31.199915
-30.788025
-30.261486
-29.636221
-29.056602
-28.380383
-28.125605
-28.160637
-27.609682
-27.111805
-26.991848
-26.983355
-26.888874
-26.739193
-26.633036
-26.213715
-25.655329
-25.136221
-24.767855
-24.519447
-23.972738
-23.361275
-22.886751
-22.631975
-22.308195
-22.029001
-21.557665
-21.040680
-20.562973
-20.084204
-19.382505
-18.674437
-18.347473
-17.934523
-17.638344
-17.446199
-16.928152
-16.395245
-15.859151
-15.409044
-15.105435
-14.791210
-14.327304
-13.795457
-13.410106
-13.020510
-12.775287
-12.354904
-11.969554
-11.728578
-11.458939
-11.260425
-10.948322
-10.480170
-10.114989
-9.709469
-9.043864
-8.617112
-8.380383
-7.984416
-7.676560
-7.281656
-6.865520
-6.289087
-5.834734
-5.576773
-5.328365
-5.006709
-4.646836
-4.157452
-3.702038
-3.549172
-3.401613
-3.190361
-2.868705
-2.379321
-1.939830
-1.732824
-1.342166
-0.964246
-0.652144
-0.285902
0.033631
0.442335
0.527261
0.720467
1.109002
1.586709
1.954013
2.290531
2.683312
3.012399
3.179066
3.405180
3.655711
3.756561
3.813885
3.984798
4.180128
4.476306
4.722590
4.846794
4.969936
5.340425
5.806454
6.145095
6.291592
6.547431
6.816009
7.036815
7.424289
7.779915
7.969936
7.951890
8.026199
8.317070
8.563354
8.730021
9.184374
9.392442
9.485860
9.616433
9.782039
10.132357
10.532569
10.567601
10.709851
10.795838
10.973121
11.239575
11.477367
11.828748
12.041061
12.192866
12.202420
12.286284
12.447643
12.723652
12.859533
12.873333
13.076094
13.570786
13.774608
13.898811
13.959321
14.024076
14.165265
14.433843
14.451890
14.758683
14.926412
15.021954
14.993291
14.964628
15.152527
15.284162
15.459321
15.594140
15.874395
15.926412
15.970998
16.035753
16.345732
16.461443
16.449766
16.377579
16.483736
16.271423
16.053801
16.025139
16.000721
15.944459
16.090956
16.248068
16.277792
16.219406
16.135542
16.136602
16.221529
16.148281
16.180128
16.209852
16.437027
16.587770
16.768238
16.933844
17.099447
17.426413
17.427473
17.463568
17.711975
17.995415
18.078217
18.150404
18.169512
18.397749
18.501783
18.799023
18.966751
19.034693
19.099447
19.055923
18.994352
19.230021
19.558046
19.801146
19.789469
19.923227
19.925350
19.977367
19.903057
20.024076
20.149342
20.305393
20.396688
20.396688
20.560169
20.786285
20.817070
20.765053
20.300085
20.055923
19.844671
19.605818
19.474182
19.558046
19.542124
19.933844
20.252314
20.251253
20.227898
20.319193
20.332994
20.267176
20.358471
20.458260
20.493290
20.393503
20.398811
20.692865
20.909428
20.801146
20.627048
20.633419
20.747005
20.946581
21.242760
21.232145
21.343609
21.454012
21.496475
21.641911
21.477367
21.589893
21.760807
21.805393
21.668449
21.721529
21.772484
21.741699
21.760807
21.702421
21.703482
21.735329
21.932781
22.225775
22.324501
22.399872
22.304331
22.410488
22.380764
22.304331
22.331932
22.430658
22.675880
22.759745
22.800085
22.853163
22.984798
22.958260
22.824501
22.632357
22.547432
22.584585
22.683311
22.766115
22.839363
22.812824
22.632357
22.512400
22.517708
22.782038
22.958260
23.070786
23.118557
23.124926
23.067600
22.886072
22.825563
22.593079
22.710913
22.899872
23.004969
22.980553
23.103695
23.102633
23.186497
23.186497
23.030445
22.892441
22.808577
22.869087
