-0.030149
-0.198938
-0.177707
-0.118259
-0.138429
-0.181953
-0.058811
-0.142675
-0.192569
-0.143737
-0.105520
-0.215924
-0.087473
-0.068365
-0.076858
-0.061996
-0.071550
-0.187261
-0.258386
-0.259448
-0.146921
-0.008917
0.109979
0.064331
0.220382
0.204459
0.255414
0.221444
0.271338
0.166242
0.118471
0.085563
0.035669
-0.141614
-0.235032
-0.201062
-0.119321
0.087686
0.160934
0.140764
0.161996
0.266030
0.267091
0.158811
0.221444
0.310616
0.128025
-0.025902
-0.061996
0.060085
0.111040
0.113163
0.132272
0.148195
0.056900
0.035669
0.104671
0.135456
0.074947
-0.483440
-4.986624
-28.254141
-118.612953
-293.366669
-493.260498
-694.557739
-877.205322
-1023.771118
-1129.856079
-1201.522705
-1245.828491
-1267.304077
-1270.229736
-1257.205322
-1231.512085
-1196.530151
-1156.278564
-1112.943115
-1068.232910
-1023.214844
-979.445251
-937.031189
-895.444153
-856.088562
-819.050293
-783.709534
-750.083252
-717.760498
-686.716980
-657.203186
-628.504700
-600.324219
-573.067322
-546.120361
-519.541809
-493.857117
-468.680878
-443.688324
-419.164978
-394.650116
-370.825256
-347.489807
-324.421875
-301.758392
-279.621429
-257.180878
-235.017410
-213.080048
-191.362427
-170.124634
-149.212738
-128.577927
-108.361359
-88.492996
-68.943100
-50.163906
-31.856050
-14.225478
2.779830
19.431635
35.577068
51.703396
67.444374
82.460297
97.065392
111.217201
124.986839
138.145004
151.238434
163.983658
176.291504
188.307434
200.199158
211.739487
223.218262
234.208710
244.911469
255.097244
264.982605
274.372192
283.340332
292.290436
301.088745
309.395538
317.553711
325.528229
333.230988
340.529297
347.697021
354.637573
361.147125
367.551605
373.503815
379.371124
384.848846
389.889160
394.629089
399.161987
403.269226
407.271332
411.152435
414.599365
417.819122
420.759674
423.276642
426.044159
428.353088
430.573883
432.761780
434.531433
436.344574
437.872192
439.387054
440.840332
441.942261
442.930573
443.766022
444.529297
445.076019
445.470917
445.751160
445.793640
445.617401
445.328674
445.086639
444.464539
443.942261
443.308502
442.193848
441.178986
440.186401
439.029297
437.753296
436.261780
434.830780
433.234192
431.405090
429.313812
427.361572
425.114227
422.933746
420.848846
418.746918
416.677917
414.540985
412.272400
409.957123
407.599365
405.011261
402.319122
399.655640
396.964539
394.131195
391.012329
387.721436
384.393433
381.147125
378.089813
375.017609
371.471985
367.885986
364.668365
361.273468
357.804260
354.584503
351.326538
347.655640
343.957123
340.457123
336.917847
333.149261
329.306366
325.460297
321.682159
317.825470
313.828674
309.883850
306.047333
302.274536
298.412537
294.659882
290.992157
287.123779
283.266022
279.755402
276.333984
272.672607
269.017609
265.370056
261.750092
257.657745
253.497452
249.451797
245.882797
241.935883
237.757538
233.776642
230.301056
226.603607
222.612106
218.888107
215.559021
212.121658
208.414642
204.831848
201.450745
197.896606
194.172607
190.512314
187.315918
183.805313
180.044159
176.566452
173.225693
169.578125
165.864761
162.360504
158.796814
155.259659
151.550537
148.118469
144.682159
141.183228
137.795761
134.525055
131.517624
128.490021
125.199150
121.946495
118.673676
115.384926
112.129089
109.124840
106.167305
103.048409
99.807434
96.467728
93.587685
91.031425
88.206581
85.138641
82.278770
79.392357
76.378555
73.190659
70.475159
68.056900
65.279831
62.376434
59.738430
56.906158
53.860508
50.671551
47.778770
45.059025
42.326538
39.784077
37.325478
34.699150
32.246922
29.839277
27.466667
24.982590
22.462420
20.065393
17.772400
15.601486
13.424204
11.302123
8.860510
6.483652
4.100425
1.993206
-0.186200
-2.468577
-4.713800
-6.879405
-8.843312
-11.051380
-13.206369
-15.114013
-16.854990
-18.827389
-20.730785
-22.798727
-24.624628
-26.379406
-28.084290
-29.829512
-31.620382
-33.484501
-35.445225
-37.374096
-38.992992
-40.456902
-42.264755
-44.085350
-45.917622
-47.439915
-48.948406
-50.384712
-51.807220
-53.172398
-54.452656
-55.948406
-57.415501
-58.490871
-59.608704
-60.964333
-62.293419
-63.606583
-64.885773
-65.995117
-66.929298
-67.951591
-69.089600
-70.084290
-71.032272
-71.947350
-73.185135
-74.464333
-75.691505
-76.863480
-77.880470
-78.954781
-79.850746
-80.604462
-81.552444
-82.668152
-83.689384
-84.391083
-85.068367
-85.890022
-86.637367
-87.311462
-88.119324
-88.672401
-89.215927
-89.785988
-90.482376
-91.240341
-91.894264
-92.560936
-93.129936
-93.643738
-94.323143
-94.936729
-95.534393
-96.294479
-97.087471
-97.932487
-98.808281
-99.664970
-100.520592
-101.374100
-101.888962
-102.491936
-102.939919
-103.325264
-103.777496
-104.318893
-104.961143
-105.408066
-105.727600
-106.080040
-106.482376
-106.791298
-107.104462
-107.070488
-107.358177
-107.813591
-107.972824
-108.017410
-108.216988
-108.572609
-108.864540
-108.999367
-109.266876
-109.576859
-109.883652
-109.982376
-110.124626
-110.243523
-110.256264
-110.166031
-110.140549
-110.280678
-110.413376
-110.373039
-110.474945
-110.433548
-110.302971
-110.147980
-110.168152
-110.235031
-110.284927
-110.121445
-109.628876
-109.331635
-109.237152
-109.141617
-109.141617
-109.060936
-108.978134
-108.876221
-108.746712
-108.563057
-108.449471
-108.128876
-107.992996
-107.880470
-107.526962
-107.110825
-106.627815
-106.663910
-106.497238
-106.432487
-106.413376
-106.362419
-105.940979
-105.577919
-105.438850
-105.344376
-105.163910
-104.934608
-104.543945
-104.189384
-103.871971
-103.332695
-103.216988
-103.002548
-102.784927
-102.425056
-102.115074
-102.159660
-102.033333
-101.705307
-101.494057
-101.398514
-101.133118
-100.573669
-100.024841
-99.657539
-99.330574
-98.912315
-98.567307
-98.222290
-97.599152
-97.135246
-96.677704
-96.470703
-96.005730
-95.622505
-95.356049
-94.994057
-94.513161
-94.336945
-93.950531
-93.567307
-93.141617
-92.738220
-92.160721
-91.582169
-91.305092
-90.867729
-90.516350
-90.272186
-90.118256
-90.019531
-89.744583
-89.617195
-89.479195
-89.294479
-89.157539
-88.929298
-88.375160
-87.864540
-87.370911
-86.976006
-86.463272
-85.866669
-85.237152
-84.971764
-84.349678
-83.641617
-83.087471
-82.642677
-82.060936
-81.539703
-81.153290
-80.729721
-80.419746
-79.984505
-79.540764
-79.023781
-78.501488
-77.963272
-77.351807
-76.868790
-76.249893
-75.756264
-75.190445
-74.726540
-74.421867
-73.964333
-73.442039
-72.901695
-72.287048
-71.741402
-71.136307
-70.581100
-70.110825
-69.645859
-69.250954
-68.681953
-67.935669
-67.455841
-67.254143
-66.878342
-66.449471
-66.034393
-65.578979
-65.204247
-64.662842
-64.224419
-63.790234
-63.252018
-62.701061
-62.202122
-61.740341
-61.233971
-60.494057
-60.111889
-59.769001
-59.518471
-59.078979
-58.537579
-57.901699
-57.340126
-56.971764
-56.496178
-56.054565
-55.647984
-55.313587
-54.796604
-54.300850
-54.039703
-53.565182
-52.973885
-52.411251
-52.015285
-51.427177
-51.021656
-50.726540
-50.341190
-49.721230
-49.291294
-49.080044
-48.637367
-48.019531
-47.653290
-47.301910
-46.774311
-46.092781
-45.524841
-45.088535
-44.621445
-44.046074
-43.626751
-43.056686
-42.513165
-42.239277
-41.919746
-41.479195
-41.177708
-40.974945
-40.646923
-40.264755
-39.646923
-39.263695
-38.972824
-38.487686
-38.093842
-37.791294
-37.614014
-37.291294
-36.677708
-36.196815
-35.801910
-35.362419
-35.043949
-34.624630
-34.172398
-33.870914
-33.454777
-32.847557
-32.312527
-31.957962
-31.628874
-31.252016
-30.742462
-30.226540
-29.867729
-29.237156
-28.748833
-28.305096
-27.841188
-27.578981
-27.420807
-27.328449
-26.902760
-26.336943
-25.983440
-26.022718
-25.801910
-25.399576
-24.917622
-24.573673
-23.989809
-23.668154
-23.554565
-23.153292
-22.740339
-22.361359
-21.916561
-21.548195
-21.179831
-20.713800
-20.293419
-20.183014
-19.904882
-19.480255
-19.218046
-18.960085
-18.615074
-18.404882
-18.116137
-17.912313
-17.692570
-17.482378
-17.383652
-17.164968
-16.848619
-16.565180
-16.254141
-15.702123
-15.342251
-15.090658
-14.829512
-14.667091
-14.317835
-14.060934
-13.843312
-13.545011
-13.256264
-12.959023
-12.641614
-12.580043
-12.417622
-12.002548
-11.632059
-11.556688
-11.488748
-11.416560
-11.264756
-11.201061
-11.091720
-10.951592
-10.655414
-10.490870
-10.387898
-10.073673
-9.783864
-9.609766
-9.449470
-9.123567
-8.678768
-8.555626
-8.267941
-7.939915
-7.750956
-7.708493
-7.448408
-7.174522
-6.974947
-6.712739
-6.366667
-6.078981
-5.848620
-5.541826
-5.310403
-4.826327
-4.530149
-4.202123
-4.099151
-3.831635
-3.576858
-3.481316
-3.477070
-3.340127
-3.262633
-3.194692
-2.900637
-2.752017
-2.563057
-2.466454
-2.213800
-1.925053
-1.728662
-1.440977
-1.152229
-0.959023
-0.756263
-0.568365
-0.498301
-0.272187
-0.005732
0.274522
0.594055
0.872187
1.102548
1.405096
1.528238
1.532484
1.699151
2.011253
2.182166
2.343524
2.512314
2.617410
2.777707
2.840340
3.227813
3.496391
3.734183
3.835032
3.929512
3.990021
4.240552
4.549469
4.737367
4.710828
4.832909
5.098301
5.337155
5.408280
5.777707
6.065393
6.187473
6.274522
6.491083
6.537792
6.670488
6.674735
6.669427
6.813800
7.000637
7.057962
7.183227
7.281953
7.440127
7.603610
7.594055
7.600425
7.643949
7.698089
7.871125
8.205521
8.258598
8.343524
8.330786
8.514438
8.764968
8.889172
8.939066
9.072824
9.180042
9.338217
9.461359
9.572824
9.740552
9.913589
9.949681
10.068578
10.131210
10.233121
10.350955
10.380679
10.377495
10.620594
10.854140
10.881741
10.904034
10.876433
10.864756
10.905095
10.963482
11.031423
11.237368
11.322293
11.429512
11.502760
11.439066
11.445436
11.628025
11.496390
11.435881
11.470913
11.568578
11.560085
11.618471
11.674735
11.668365
11.532484
11.390234
11.394480
11.547346
11.548408
11.650318
11.570701
11.373248
11.126964
11.082378
10.962420
10.783015
10.631210
10.653503
10.685350
10.730998
10.745860
10.823355
10.857325
10.804246
10.847771
10.867941
11.109979
11.215075
11.518683
11.725690
11.820169
11.845648
11.825478
11.969851
12.072824
12.000637
12.109979
12.241613
12.287261
12.540977
12.669427
12.786200
12.927388
12.933758
12.979405
13.102548
13.410403
13.497452
13.453928
13.396603
13.477283
13.512314
13.402972
13.326539
13.344586
13.378556
13.369002
13.428450
13.465605
13.554777
13.721444
13.440127
12.999576
12.678981
12.511252
12.429512
12.395541
12.252230
11.928450
11.858386
11.959236
11.814862
11.888110
12.214013
12.484714
12.516561
12.726751
12.870064
13.081316
13.224628
13.490022
13.749044
13.802123
13.775584
13.737368
13.835032
13.938004
13.908280
13.855202
13.624841
13.734182
13.727813
13.833970
13.889172
14.183228
14.163057
14.013376
13.965605
14.171550
14.388110
14.411465
14.168365
14.203397
14.342463
14.321232
14.367941
14.542038
14.418896
14.365817
14.553716
14.598302
14.561147
14.494267
14.544162
14.690659
14.724628
14.690659
14.733121
14.725690
14.672611
14.619533
14.444374
14.306370
14.598302
14.646072
14.505945
14.384926
14.553716
14.597239
14.498514
14.457112
14.462420
14.532484
14.479405
14.435881
14.417834
14.319108
14.304246
14.322293
14.269215
14.222506
14.314862
14.567516
14.632272
14.580255
14.429512
14.321232
14.287261
14.353079
14.345648
14.183228
14.256475
14.166242
14.080255
14.076009
