0.069082
0.024706
-0.081589
-0.207492
-0.183756
-0.133189
-0.087781
-0.017606
0.012322
0.045346
0.113457
0.260000
0.194985
0.341527
0.221816
0.184665
0.113457
0.071146
-0.039278
-0.073333
-0.071269
0.114489
0.042250
-0.176533
-0.261156
-0.153829
-0.012446
0.040186
0.015418
-0.010382
0.166089
0.089721
-0.034118
-0.007286
-0.021734
-0.110485
-0.112549
-0.129061
-0.152797
-0.167245
-0.018638
0.254840
0.357007
0.174345
0.051538
-0.148669
-0.177565
-0.189948
-0.144541
-0.034118
0.058762
-0.023798
-0.019670
0.049474
0.158865
0.097977
0.051538
-0.203364
-0.984582
-4.097069
-13.697688
-37.128029
-85.088814
-164.691498
-245.082626
-309.369507
-362.432465
-403.903046
-431.745148
-447.710083
-454.968079
-455.153839
-449.270447
-439.144531
-425.817413
-410.827728
-395.485107
-379.392212
-362.888611
-347.234314
-332.424225
-318.727631
-305.451050
-293.125977
-281.938141
-270.812225
-260.027924
-249.725555
-239.363327
-228.971161
-218.786438
-208.708008
-198.624420
-188.968063
-179.240509
-169.319977
-159.518127
-150.187881
-141.203369
-132.217819
-123.266319
-114.482002
-106.028961
-97.799858
-89.528442
-81.076431
-72.908218
-65.035149
-57.024830
-48.750320
-40.903053
-33.636803
-26.237419
-18.887575
-11.905119
-5.225036
1.241424
7.420991
13.434406
19.249680
24.874035
30.346687
35.811085
41.039154
46.024704
51.068050
56.139256
61.017483
65.799728
70.221817
74.400352
78.715111
82.752258
86.572693
90.210464
94.023674
97.772903
101.464333
104.931824
108.355972
111.686211
114.896736
118.025742
121.083527
124.072174
127.092819
130.252777
133.048447
135.469498
137.776001
140.032959
141.975174
143.759491
145.736786
147.428207
148.821411
150.496323
152.028839
153.079407
154.040192
155.423050
156.892609
157.878159
158.813141
160.018509
161.095917
161.914276
162.831726
163.925629
164.719238
165.494263
166.254837
166.868881
167.387970
167.816238
168.150604
168.290955
168.315735
168.498383
168.383835
168.141327
167.881256
167.912216
167.683121
167.197052
166.848236
166.609848
166.257935
165.616043
165.073212
164.612946
163.976196
163.081467
162.274445
161.728531
161.172287
160.219757
159.337402
158.516968
157.726456
156.798706
155.856491
155.102112
154.325012
153.239365
151.809021
150.551025
149.387970
148.403442
147.115524
145.798706
144.696533
143.609848
142.676926
141.655258
140.502518
139.394165
138.225937
137.050507
135.764648
134.379715
133.353912
132.454010
131.208405
129.897766
128.868881
127.779091
126.233170
124.559280
123.048439
121.514900
119.848236
118.299217
116.677956
115.139259
113.760513
112.374550
110.993744
109.483940
108.126877
106.675896
105.055664
103.435440
101.913254
100.469498
99.137192
97.785286
96.350815
94.964851
93.727493
92.475685
91.011292
89.469498
88.171249
86.859589
85.400352
84.030899
82.670731
81.526253
80.232140
78.878166
77.678986
76.459175
75.197052
73.930794
72.533478
71.142349
69.813148
68.347717
66.855461
65.318825
63.636677
61.945244
60.445759
59.157833
57.816242
56.404480
54.779091
53.432343
52.307472
50.863716
49.534512
48.255871
47.333271
46.216656
45.012321
43.727493
42.571663
41.407574
40.014385
38.675892
37.275478
35.972073
34.634613
33.563404
32.342560
31.037090
29.923571
28.909122
27.727491
26.493231
25.272385
24.278576
23.577854
22.797668
21.534510
20.413767
19.643902
18.721300
17.652157
16.636677
15.793540
14.669701
13.512838
12.655252
11.762580
10.725429
9.676925
8.906027
8.212528
7.309536
6.209433
5.083529
4.112425
3.336367
2.473622
1.571661
0.447823
-0.592425
-1.588297
-2.476842
-3.282828
-4.074365
-4.848359
-5.644025
-6.297276
-7.117709
-8.141445
-9.003158
-9.839071
-10.401506
-11.031022
-11.534634
-12.130093
-12.755480
-13.394282
-14.275603
-14.889639
-15.491290
-16.174469
-16.665697
-17.382931
-18.229164
-18.848360
-19.542889
-20.167244
-21.021734
-21.609968
-22.149700
-22.816368
-23.388090
-23.760639
-24.218843
-24.870031
-25.503674
-25.747225
-26.155893
-26.736904
-27.412859
-27.840103
-28.455170
-29.161053
-29.654345
-29.949493
-30.257029
-30.678080
-31.057854
-31.541857
-31.921631
-32.161053
-32.683239
-33.273540
-33.592426
-34.012447
-34.267349
-34.807079
-35.315853
-35.981487
-37.230198
-38.491291
-39.703880
-40.980453
-42.072300
-42.852486
-43.345779
-43.672920
-44.009350
-44.369514
-44.486130
-44.660538
-44.783344
-44.845264
-44.832878
-44.835976
-44.892735
-45.006252
-45.105324
-45.187885
-45.231228
-45.399445
-45.464458
-45.640930
-45.631641
-45.485100
-45.301403
-45.241547
-45.179630
-45.020702
-45.126995
-45.227100
-45.171371
-45.173435
-45.253933
-45.442787
-45.495419
-45.213684
-44.946400
-44.936077
-45.103260
-45.382931
-45.564560
-45.565594
-45.403572
-45.313786
-45.245674
-45.263218
-45.408730
-45.358162
-45.293148
-45.297276
-45.321011
-45.147636
-44.930920
-44.565594
-44.323074
-44.116676
-44.090878
-44.101196
-44.018639
-43.830814
-43.460331
-43.036182
-42.814304
-42.759609
-42.747223
-42.706978
-42.720390
-42.526379
-42.329266
-42.052692
-42.161053
-42.050629
-41.915440
-41.934013
-41.922661
-41.815334
-41.650215
-41.406666
-41.195107
-41.259090
-41.345779
-41.324108
-41.143509
-41.042374
-40.887573
-40.676018
-40.565594
-40.459297
-40.210587
-39.904087
-39.870029
-39.759609
-39.528442
-39.537731
-39.475811
-39.233292
-39.011414
-38.838039
-38.671890
-38.497482
-38.312756
-38.266315
-38.201302
-38.056820
-37.981487
-37.887573
-37.774055
-37.533600
-37.423180
-37.225037
-36.977360
-36.761673
-36.589329
-36.496449
-36.423180
-36.329266
-36.220909
-36.281796
-36.310692
-36.145573
-36.000061
-35.853519
-35.681175
-35.263218
-34.942272
-34.726585
-34.664665
-34.579010
-34.508835
-34.414921
-34.035149
-33.667759
-33.316883
-33.267349
-33.190979
-32.999031
-32.708008
-32.492321
-32.507801
-32.414921
-32.267349
-32.040310
-31.671888
-31.473745
-31.216780
-30.964973
-30.803984
-30.806047
-30.847326
-30.708008
-30.455170
-30.262188
-29.999029
-29.843199
-29.652281
-29.325140
-29.210588
-29.150732
-29.027925
-28.802952
-28.657440
-28.603777
-28.598618
-28.580042
-28.518122
-28.252899
-28.025862
-27.866936
-27.844231
-27.742064
-27.676016
-27.620289
-27.397379
-27.124933
-26.982517
-26.821527
-26.889639
-27.242580
-27.683241
-27.684273
-27.583138
-27.475811
-27.471682
-27.367451
-27.255997
-26.971167
-26.859711
-26.533602
-26.336491
-26.013477
-25.548050
-25.200268
-24.871063
-24.515026
-24.234324
-23.973230
-23.750320
-23.509867
-23.237419
-23.046501
-23.122869
-22.996965
-22.705944
-22.544954
-22.212652
-21.896862
-21.774055
-21.835976
-21.592424
-21.285923
-20.887575
-20.687368
-20.504705
-20.140413
-19.906151
-19.539793
-19.327204
-19.122869
-18.950527
-18.770960
-18.629578
-18.624416
-18.597586
-18.430403
-18.287987
-18.115644
-17.937111
-17.604809
-17.313787
-17.198204
-16.953623
-16.843199
-16.680145
-16.539793
-16.430403
-16.614098
-16.501610
-16.438658
-16.261156
-16.162085
-16.132156
-16.017605
-15.847327
-15.820496
-15.577977
-15.312756
-15.106357
-14.792631
-14.769928
-14.780248
-14.660537
-14.394282
-14.073334
-13.704912
-13.456203
-13.219876
-13.004189
-12.676017
-12.425242
-12.412859
-12.314819
-11.917502
-11.551146
-11.436594
-11.335460
-11.322043
-11.234324
-11.040310
-10.845263
-10.701817
-10.508834
-10.165180
-9.923695
-9.648152
-9.595521
-9.439691
-9.344748
-9.059917
-8.934014
-8.852488
-8.801920
-8.884479
-8.653313
-8.359195
-8.210588
-8.106357
-7.856615
-7.640929
-7.526378
-7.414923
-7.213684
-6.982518
-6.853519
-6.770960
-6.667760
-6.502642
-6.255996
-6.273540
-6.471682
-6.177565
-5.920599
-5.800888
-5.719360
-5.647121
-5.758576
-5.819463
-5.592425
-5.332363
-5.205428
-5.110485
-5.177565
-5.157957
-5.247740
-5.181693
-5.110485
-5.199236
-5.419051
-5.378803
-5.307595
-5.289020
-5.554242
-5.680144
-5.577977
-5.575913
-5.545986
-5.362291
-5.130093
-4.870031
-4.700784
-4.624417
-4.373643
-4.142477
-4.155893
-4.266316
-4.125965
-3.938142
-3.979422
-4.113581
-4.311723
-4.476842
-4.830815
-4.794695
-4.629577
-4.378803
-4.122869
-3.931951
-3.775088
-3.649185
-3.664665
-3.744128
-3.697688
-3.685304
-3.734840
-3.769928
-3.588297
-3.306563
-3.216780
-3.211620
-3.166213
-2.957750
-2.853519
-2.748256
-2.595521
-2.531538
-2.300371
-2.141445
-1.979422
-1.988710
-1.746192
-1.450010
-1.222972
-1.051661
-0.983550
-0.886543
-0.817399
-0.878287
-0.718328
-0.577977
-0.494386
-0.343715
-0.130093
0.152673
0.258968
0.560310
0.737812
0.817276
0.698596
0.763612
0.951434
0.983426
0.930795
0.942147
1.033994
1.102105
1.154737
1.269288
1.289928
1.473622
1.656285
1.782188
1.852363
1.831723
1.911187
2.061858
2.280640
2.492198
2.775996
2.863715
2.944211
2.997874
2.965882
3.009226
3.221816
3.377647
3.399319
3.387967
3.403447
3.497358
3.558246
3.596429
3.780124
3.646997
3.576822
3.489102
3.504582
3.675893
3.763612
3.810052
3.836883
3.939051
4.035026
4.144417
4.213561
4.345655
4.235232
4.235232
4.124809
4.006130
4.223880
4.340496
4.369391
4.299216
4.362167
4.564437
4.742972
4.738844
4.707884
4.759484
4.802828
4.875067
4.854427
4.890547
4.903963
4.877131
4.825531
4.642869
4.784252
4.674860
4.576821
4.540702
4.589205
4.705821
4.739876
4.927699
5.044314
5.110361
5.131001
5.147513
5.100041
4.818307
4.682085
4.692405
4.925635
5.256904
5.418927
5.318823
5.209433
5.243488
5.192921
5.284768
5.321919
5.333272
5.272384
5.148545
5.202209
5.266192
5.318823
5.280640
5.189825
5.067018
4.959691
4.844107
4.768772
4.770836
4.705821
4.683116
4.587142
4.487038
4.469494
4.569598
4.445758
4.380743
4.590237
4.646997
4.493230
4.496326
4.551022
4.561342
4.698596
4.692405
4.615005
4.378679
4.153705
4.140289
4.204272
4.397255
4.457110
4.277544
4.279608
4.446791
4.618101
4.399319
4.334303
4.245552
4.282704
4.358039
4.441630
4.580949
4.461238
4.430279
4.345655
4.199112
4.166089
4.203240
4.375583
4.413767
4.502518
4.533478
4.725428
4.777028
4.744004
4.668669
4.435439
4.496326
4.765676
5.014386
4.900867
4.862683
4.842043
4.831723
4.886419
4.925635
4.923571
4.817276
4.695500
4.502518
4.065986
3.622229
3.190856
2.737812
2.476718
2.393127
2.312632
2.038122
1.881259
1.985490
2.029866
2.134097
2.214592
2.217688
2.257936
2.331208
2.496326
2.623261
2.784252
2.942147
2.970010
3.007162
2.946275
2.791476
2.629453
2.547926
2.570630
2.587141
2.947306
3.220784
3.038122
2.903963
2.873003
3.114489
3.246584
3.411703
3.490134
3.515934
3.652157
3.735748
3.744004
3.856491
3.734716
3.865779
4.000970
4.042250
4.077337
4.092817
3.998906
3.881259
4.019546
4.132033
4.385903
4.622229
4.628421
4.626357
4.618101
4.766708
4.660413
4.606749
4.639773
4.651125
4.580949
4.586109
4.515934
4.624293
4.752260
4.961754
4.930795
4.895707
4.798700
4.794572
4.807988
4.931827
4.952466
4.870939
4.967947
4.978266
