0.181827
0.129374
0.092995
0.045618
-0.063519
-0.016142
0.054924
0.079459
0.137834
0.168291
0.191134
0.196210
0.135296
0.213976
0.062538
-0.115127
-0.110051
-0.018680
-0.030525
-0.127817
-0.110051
-0.000914
0.023621
0.003316
-0.075364
-0.121049
-0.192961
-0.177733
-0.180271
-0.181963
-0.187039
-0.211574
-0.170118
-0.238646
-0.177733
-0.132047
-0.092284
-0.044907
0.007547
0.135296
0.265584
0.309577
0.184365
0.081151
-0.022910
0.007547
0.034619
0.027005
0.057462
-0.027140
-0.198883
-0.169272
-0.041523
-0.114281
-0.255567
-0.247953
-0.309712
-0.060981
-0.076210
-0.292792
-4.148968
-27.016989
-124.390930
-321.510223
-557.339294
-801.221741
-1024.655762
-1205.629517
-1337.858765
-1427.492432
-1483.774170
-1513.504272
-1521.066895
-1508.855347
-1481.169312
-1442.023804
-1396.484863
-1347.217529
-1296.018677
-1244.034790
-1192.980591
-1143.576172
-1095.469604
-1049.668457
-1006.507690
-965.080444
-925.325806
-886.884155
-849.704834
-814.044067
-779.172668
-745.378235
-712.720032
-680.845215
-649.584656
-618.804626
-588.330872
-558.117676
-528.378235
-498.909546
-469.830017
-441.242035
-412.917145
-385.158264
-357.998383
-331.247101
-305.065216
-279.220032
-253.504303
-228.088058
-203.283493
-178.931534
-155.429840
-132.550827
-110.109207
-88.157425
-66.376549
-45.081287
-23.991608
-3.578748
16.301117
35.775738
54.716515
73.410255
91.669136
109.536308
126.972862
143.697052
159.813812
175.524460
190.720749
205.598923
220.406876
234.839188
248.816345
262.152222
275.076935
287.601440
299.968628
311.907715
323.411102
334.538849
345.473694
355.672516
365.730896
375.419556
384.650513
393.681824
402.298584
410.505859
418.389099
426.098083
433.346802
440.236816
446.924622
453.381500
459.625977
465.636993
471.353577
476.859497
482.030396
487.086212
492.036316
496.601440
500.871338
505.026154
509.024475
512.422974
515.789246
518.814636
521.604858
524.070984
526.350159
528.384033
530.224976
531.869629
533.336670
534.532898
535.434814
536.180969
536.745300
537.236816
537.694519
538.081177
538.149658
537.977112
537.593811
536.826477
535.837524
534.696228
533.319702
531.805359
530.226685
528.428894
526.554932
524.593811
522.628540
520.602295
518.222412
515.994019
513.954224
511.862030
509.524475
507.037994
504.490631
501.836639
499.047302
496.145447
493.366272
490.275726
487.090454
483.587921
479.884033
476.183533
472.598907
469.022766
465.414490
461.613312
458.032074
454.301971
450.617523
446.868805
442.944946
439.124298
435.158142
431.251190
427.147125
423.054077
419.106537
415.069305
411.149689
407.059998
402.810425
398.742737
394.345947
390.051544
385.835815
381.486389
377.363708
373.211426
369.177612
364.947479
360.781647
356.490631
351.987244
347.381500
342.811279
338.104004
333.364563
328.678436
324.104828
319.477081
314.868805
310.146301
305.256287
300.671661
295.920410
290.989777
286.015167
281.037170
275.785034
270.587067
265.691132
260.884888
256.231750
251.802811
247.535461
243.551544
239.290970
235.095535
231.022781
226.967789
222.729202
218.487244
214.595535
210.645447
206.306198
202.180984
198.288422
194.354416
190.433090
186.570999
182.554077
178.329041
174.253738
170.184372
166.196213
162.274048
158.453400
154.669144
150.929718
147.125992
143.209747
139.418716
135.621765
131.746979
127.637833
123.926331
120.361183
116.529541
112.961861
109.687752
106.148834
102.520233
99.125992
95.984703
92.655602
89.072693
85.561691
82.287582
79.173370
75.834961
72.546463
69.452553
66.798576
63.780811
60.661522
57.717361
54.911945
51.965244
49.018543
46.129375
43.329880
40.416176
37.415329
34.508392
31.588764
28.926329
26.172522
23.241049
20.509239
17.911100
15.080304
12.395871
9.829882
7.288426
4.526159
1.874721
-0.916311
-3.503452
-5.999222
-8.303790
-10.492454
-12.845245
-15.106667
-17.504297
-19.819019
-22.128664
-24.590591
-26.803791
-28.740339
-30.803791
-32.881626
-35.209881
-37.370625
-39.182808
-40.961998
-43.018681
-45.024601
-46.996685
-48.842709
-50.742878
-52.670963
-54.514450
-56.254723
-58.018681
-59.807175
-61.483147
-63.053368
-64.835091
-66.571136
-68.290253
-69.966225
-71.590591
-73.264030
-75.009377
-76.416313
-77.941689
-79.621048
-81.081284
-82.448463
-83.780098
-85.309715
-86.666733
-87.925621
-89.088898
-90.477226
-91.842705
-93.002609
-94.289406
-95.538986
-96.599052
-97.426460
-98.531372
-99.752182
-101.083824
-102.153198
-103.055061
-103.924774
-105.030525
-106.024605
-107.018677
-107.791100
-108.572823
-109.511909
-110.500916
-111.364700
-112.347786
-113.237801
-114.143044
-115.115128
-116.134583
-116.834244
-117.403618
-118.046600
-118.808022
-119.432388
-119.867241
-120.363861
-120.946770
-121.664200
-122.121895
-122.666733
-123.236954
-124.005142
-124.644737
-125.271645
-125.827477
-126.376549
-126.867241
-127.304634
-127.791946
-128.144745
-128.521225
-128.862167
-129.286026
-129.550827
-129.726807
-130.132889
-130.452698
-130.691269
-130.931534
-131.131195
-131.412933
-131.544067
-131.489075
-131.686188
-131.729340
-131.960312
-132.253876
-132.263184
-132.172653
-132.181122
-132.398544
-132.451843
-132.608353
-132.745407
-132.672653
-132.707336
-132.835098
-133.069443
-133.020370
-132.968765
-133.025452
-133.025452
-133.119354
-133.319016
-133.313950
-133.451004
-133.585510
-133.517838
-133.446762
-133.389236
-133.291946
-133.214951
-133.033066
-132.824936
-132.540680
-132.440002
-132.280945
-132.021225
-131.627823
-131.291946
-131.187881
-130.910385
-130.546600
-130.093124
-129.622742
-129.034760
-128.750488
-128.505142
-128.229340
-127.837631
-127.480606
-126.931541
-126.605820
-126.352013
-125.901085
-125.415466
-125.108360
-124.972153
-124.733574
-124.202271
-123.627815
-123.142197
-122.883316
-122.593979
-122.169273
-121.482300
-120.888390
-120.532219
-120.270798
-119.931541
-119.494995
-118.879089
-118.498375
-118.114281
-117.623589
-117.150658
-116.588898
-116.239494
-115.819862
-115.520370
-115.224266
-114.691269
-114.238647
-113.648125
-113.353706
-112.769951
-112.214958
-111.942535
-111.651505
-111.216652
-110.754723
-110.231880
-109.693810
-109.057594
-108.502609
-108.007683
-107.661659
-106.963692
-106.395164
-105.885010
-105.217499
-104.739494
-104.324097
-103.654045
-103.201424
-102.606667
-101.858780
-101.247955
-100.541519
-99.708191
-98.997528
-98.581284
-98.052521
-97.585518
-97.110054
-96.554214
-95.823250
-95.076210
-94.486534
-94.205650
-93.581284
-92.802101
-92.315636
-91.658272
-90.962845
-90.680267
-90.346092
-89.757256
-89.214958
-88.636276
-88.127815
-87.571983
-86.908699
-86.220032
-85.689575
-84.969612
-84.347786
-83.797867
-83.319016
-82.802101
-82.137970
-81.561829
-81.102440
-80.599899
-79.996681
-79.567749
-79.038986
-78.368935
-77.737801
-77.346092
-76.868935
-76.410393
-75.980606
-75.446770
-74.929001
-74.393471
-73.688728
-72.906158
-72.224266
-71.551674
-70.978920
-70.331711
-69.657425
-69.157425
-68.738647
-68.172653
-67.703110
-67.337631
-66.875702
-66.230186
-65.645584
-65.200577
-64.824097
-64.284332
-63.778408
-63.240337
-62.678577
-62.163349
-61.607513
-61.133739
-60.485683
-59.802944
-59.276718
-58.722572
-58.286022
-57.665043
-57.055904
-56.526295
-55.986530
-55.438309
-54.808022
-54.296177
-53.526295
-52.965382
-52.506836
-52.006836
-51.350323
-50.871471
-50.340168
-49.780949
-49.426464
-49.252182
-49.071133
-49.011066
-48.982300
-49.132046
-49.234417
-48.837631
-48.380779
-48.077057
-47.715805
-47.145584
-46.659966
-46.301250
-46.060135
-45.442539
-44.894314
-44.428154
-43.766563
-42.806328
-42.109203
-41.470455
-40.848629
-40.480610
-40.057598
-39.565212
-38.888393
-38.437462
-37.952690
-37.327480
-36.812252
-36.372318
-35.912926
-35.248798
-34.663349
-34.268257
-33.809711
-33.224262
-32.656582
-32.198883
-31.742031
-31.255568
-30.841015
-30.352859
-29.803791
-29.391777
-29.085516
-28.384163
-27.765718
-27.206497
-26.760643
-26.359629
-26.148968
-25.842707
-25.376549
-24.912081
-24.506836
-24.038139
-23.522064
-23.131201
-22.770796
-22.246260
-21.726803
-21.434923
-21.265718
-21.169271
-21.057598
-20.571135
-20.102436
-19.783485
-19.567749
-19.258104
-18.882471
-18.444231
-18.135431
-17.796177
-17.404467
-16.933231
-16.475533
-16.044907
-15.709036
-15.327478
-14.883316
-14.319018
-13.847783
-13.513604
-13.250491
-13.031370
-12.858782
-12.786024
-12.697191
-12.371472
-12.177732
-12.026295
-11.690423
-11.405313
-11.217496
-11.000068
-10.656582
-10.385009
-10.169272
-9.919696
-9.599052
-9.401083
-9.176041
-8.724264
-8.262335
-8.014450
-7.775871
-7.410389
-7.057597
-6.636278
-6.348629
-6.257259
-6.475533
-6.372318
-6.368934
-6.344399
-6.377394
-6.199729
-5.813942
-5.476379
-5.046599
-4.522064
-4.204805
-3.845245
-3.373164
-3.168427
-2.917157
-2.793638
-2.598207
-2.220880
-1.710728
-1.300406
-0.873164
-0.495838
-0.093976
0.338342
0.491472
0.794349
1.002470
1.219898
1.426328
1.734281
2.043926
2.120068
2.351032
2.652217
2.917868
3.097225
3.209746
3.356108
3.523621
3.823959
4.148832
4.417022
4.669137
4.867106
4.956785
4.987242
4.984704
5.121760
5.354416
5.446633
5.691980
5.915330
6.212284
6.400948
6.436481
6.692826
6.771506
7.027005
7.368799
7.689442
8.095533
8.407716
8.532082
8.716515
9.041388
9.274890
9.281658
9.551539
9.761353
10.004163
10.219898
10.434789
10.562538
10.761353
10.876412
11.126836
11.411099
11.470322
11.697902
11.824805
11.961862
12.197056
12.328190
12.451709
12.805346
13.016006
13.089611
13.291810
13.472013
13.527851
13.559154
13.693672
13.860338
14.043079
14.221591
14.310423
14.347648
14.465245
14.344264
14.406870
14.434789
14.365415
14.508392
14.696210
14.741895
14.472859
14.328190
14.330728
14.380643
14.542233
14.642064
14.522775
14.516852
14.547310
14.658985
14.743587
14.811269
14.785043
14.712284
14.837496
14.925482
15.036311
15.183519
15.266430
15.268968
15.229205
15.388257
15.545618
15.775736
15.912792
15.996549
16.138680
16.087919
15.881489
16.057463
16.207209
16.316345
16.530390
16.665752
16.740204
16.785042
16.836649
17.037157
17.168291
17.187750
17.254585
17.378105
17.515162
17.580305
17.734282
17.818884
17.772352
17.775736
17.830729
17.966938
18.252047
18.350185
18.371336
18.365414
18.335804
18.384027
18.367107
18.214823
18.489780
18.532082
18.473705
18.408562
18.492317
18.422945
18.345110
18.403486
18.450863
18.505854
18.422945
18.380644
18.282505
18.260508
18.284197
18.240204
18.282505
18.194517
18.134451
18.043079
18.072691
18.072691
18.131065
18.208054
18.191133
18.143757
18.143757
18.209745
18.353571
18.476244
18.547310
18.467783
18.459324
18.350185
18.391642
18.472860
18.543926
18.554924
18.560846
18.570999
18.686903
18.741896
18.699594
18.453402
18.399256
18.395872
18.583689
18.704670
18.672522
18.623451
18.564230
18.541388
18.368799
18.320576
18.312115
18.388258
18.244432
18.004162
17.803656
17.672522
17.612453
17.627682
17.569305
17.592150
17.689442
17.713976
17.747818
17.719053
17.587919
17.559999
17.682673
17.771505
17.799425
17.774044
17.845957
17.808731
17.576075
17.420406
17.593842
17.611607
17.529543
17.360338
17.317192
17.442402
17.476244
17.359493
17.411945
17.471167
17.422098
17.494856
17.610762
17.572691
17.440710
17.307039
17.279966
17.200439
17.194517
17.169983
17.104839
16.882336
16.705517
16.781658
16.873030
16.941557
