0.174783
0.123599
0.082323
0.119196
0.067463
-0.017292
-0.115806
-0.174695
-0.170292
-0.133968
-0.190105
-0.122411
-0.031602
0.051502
0.001970
-0.087738
-0.219824
-0.250644
-0.211569
-0.150479
-0.151580
-0.005735
0.153319
0.241376
0.240826
0.165977
0.209455
0.176984
0.161024
0.069664
-0.051965
-0.166439
-0.181849
-0.003533
0.036643
0.061959
0.129653
0.160473
0.081222
-0.028299
-0.172493
-0.228079
-0.166439
-0.104799
0.106538
0.241926
0.154970
0.041046
0.066912
0.016830
-0.062422
-0.128465
-0.009037
0.053154
0.215509
0.322278
0.376214
0.340991
-0.076181
-2.303478
-11.246792
-35.684875
-89.673866
-185.605072
-276.421265
-338.584717
-387.714600
-427.259460
-451.672760
-462.560486
-466.370087
-465.280914
-459.219269
-450.238525
-439.457031
-427.224213
-415.639740
-403.222015
-389.310638
-376.000244
-363.806519
-352.224213
-340.699738
-329.349152
-318.270447
-307.321075
-296.381622
-285.666718
-275.088837
-264.154327
-253.780090
-243.694778
-233.100403
-222.253952
-212.091583
-202.321091
-192.421249
-182.346954
-172.507660
-163.105896
-153.709641
-144.364563
-135.044815
-126.216522
-117.584160
-108.856041
-99.961708
-91.066826
-82.629837
-74.390984
-66.176895
-57.950150
-50.070679
-42.411350
-35.015091
-27.502708
-19.962257
-12.969411
-6.201662
0.541321
7.332735
13.968948
20.204502
26.485184
32.748257
38.900703
44.717987
50.053703
55.194046
60.383369
65.350899
70.225967
74.886948
79.658546
84.351448
88.910614
93.310722
97.569389
101.769722
105.667351
109.522606
113.137360
116.466469
119.819801
123.155518
126.348694
129.453812
132.473633
135.437302
138.186890
140.819809
143.349243
145.848419
148.266693
150.686066
153.128555
155.487930
157.746597
159.691025
161.314026
162.972809
164.754852
166.458771
167.940887
169.706421
171.401535
172.667358
173.633774
174.591949
175.667358
176.689362
177.587555
178.422440
179.165421
179.614517
180.005829
180.412537
180.764771
181.156616
181.504440
181.786774
182.141754
182.680557
183.107086
183.169281
183.111496
182.929321
182.758713
182.666245
182.318970
181.930969
181.569946
181.278244
180.773575
180.235870
179.770264
179.091675
178.539124
177.955734
177.386124
176.684418
175.803284
175.167633
174.727890
174.139008
173.391068
172.520401
171.681656
170.866577
169.981613
169.081223
167.903458
166.877045
165.831360
164.566086
163.190750
161.907852
160.938126
159.933182
158.692673
157.207809
155.669006
154.484634
153.383362
152.104340
150.763123
149.520401
148.404282
147.191299
145.697617
144.180283
142.820358
141.535812
140.022888
138.484634
136.912262
135.336044
133.862183
132.427399
130.782928
129.019028
127.358055
125.778526
124.339890
122.912262
121.289810
119.673958
118.113144
116.644241
115.155518
113.653046
112.092781
110.487938
108.786232
107.160477
105.659645
104.090027
102.531967
101.015182
99.541870
98.016281
96.432899
95.034439
93.535820
92.095528
90.548477
88.951340
87.449409
86.004173
84.542969
83.030586
81.500595
79.930428
78.411987
76.972801
75.580399
74.091675
72.371262
70.628281
69.141762
67.770271
66.535820
65.218262
63.787331
62.316776
60.735596
59.300262
57.948586
56.355850
54.751007
53.267792
51.964546
50.501694
48.966198
47.731194
46.358601
45.127453
43.796135
42.400429
41.164875
39.877041
38.581497
37.232571
35.948036
34.830811
33.630478
32.356953
30.955740
29.655245
28.440056
27.318426
26.203951
25.164326
24.033892
22.824205
21.722389
20.685514
19.575993
18.429598
17.265041
16.206154
15.008574
13.660198
12.420242
11.402081
10.518206
9.519856
8.426847
7.319527
6.296962
5.230919
4.173131
3.090578
2.164876
1.202851
0.345944
-0.711844
-1.915476
-2.966109
-3.848332
-4.677722
-5.510413
-6.322741
-7.184601
-8.055818
-8.914926
-9.835124
-10.726704
-11.711843
-12.664513
-13.425107
-14.197809
-15.050314
-15.798250
-16.509863
-17.304579
-18.200562
-18.791096
-19.403093
-20.152130
-20.764128
-21.325493
-22.026648
-22.700287
-23.400341
-24.051966
-24.821365
-25.666714
-26.328794
-26.956753
-27.578657
-28.148829
-28.740461
-29.347507
-29.898966
-30.452625
-31.086086
-31.914927
-32.774033
-33.599022
-34.330444
-34.964458
-35.529675
-36.004635
-36.463081
-36.846130
-37.362366
-37.928684
-38.457027
-38.873100
-39.247890
-39.543983
-39.872547
-40.200562
-40.599571
-41.066273
-41.344204
-41.453175
-41.517567
-41.610027
-41.875851
-42.274311
-42.624886
-42.962257
-43.280914
-43.499954
-43.688728
-43.868694
-44.412449
-44.734959
-45.129566
-45.343655
-45.425106
-45.557194
-45.800453
-45.958405
-46.096542
-46.304581
-46.502708
-46.693130
-46.738811
-46.660660
-46.534630
-46.619934
-46.916027
-47.159836
-47.411350
-47.529675
-47.524723
-47.565998
-47.672768
-47.747066
-47.812008
-47.971062
-48.133419
-48.191757
-48.211567
-48.324944
-48.439968
-48.408047
-48.438866
-48.490601
-48.654057
-48.709641
-48.657360
-48.654057
-48.779537
-48.794949
-48.791645
-48.841179
-48.805954
-48.774033
-48.717346
-48.781738
-48.800453
-48.782841
-48.938591
-48.916027
-48.772934
-48.705238
-48.584160
-48.747066
-48.806507
-48.791645
-48.511513
-48.274311
-48.275959
-48.339252
-48.269356
-48.196159
-48.090488
-47.963909
-47.779537
-47.525822
-47.484547
-47.472988
-47.495552
-47.438316
-47.340351
-47.282013
-47.195057
-47.332096
-47.297974
-47.123512
-46.838425
-46.721199
-46.563248
-46.601223
-46.607826
-46.524170
-46.538483
-46.365669
-46.200562
-46.090488
-45.909973
-45.745964
-45.582508
-45.468037
-45.373924
-45.155434
-44.914925
-44.681023
-44.562698
-44.462532
-44.424007
-44.228630
-44.083885
-43.993626
-43.782841
-43.652954
-43.614429
-43.469685
-43.328796
-43.111404
-42.918228
-42.739361
-42.622684
-42.519768
-42.371723
-42.119110
-42.090488
-41.932537
-41.730556
-41.526924
-41.306229
-41.070126
-40.955101
-41.007385
-40.743214
-40.529675
-40.343655
-40.091591
-39.899517
-39.659561
-39.399242
-39.222576
-39.121311
-39.098194
-39.040958
-38.759174
-38.487297
-38.559395
-38.443821
-38.285316
-38.001331
-37.966110
-37.830170
-37.540684
-37.222576
-37.119659
-36.938591
-36.727253
-36.526375
-36.236336
-35.986473
-35.705238
-35.515366
-35.364017
-35.208817
-35.021145
-34.752571
-34.440517
-34.169743
-33.971611
-33.758072
-33.612778
-33.663414
-33.528576
-33.132866
-32.788895
-32.473537
-32.181297
-31.970512
-31.869797
-31.716246
-31.630390
-31.419054
-31.322741
-31.195057
-31.021145
-30.776787
-30.405846
-30.135069
-29.964458
-29.879152
-29.650755
-29.517017
-29.347507
-29.214870
-29.009037
-28.764128
-28.552240
-28.446020
-28.229731
-28.116907
-28.005184
-27.879704
-27.601221
-27.334848
-27.051966
-26.667265
-26.335400
-26.116356
-25.921530
-25.896765
-25.905569
-25.683775
-25.493351
-25.261652
-25.246792
-25.093792
-24.922081
-24.686527
-24.509863
-24.308432
-24.134518
-24.049213
-23.749268
-23.521971
-23.398689
-23.545635
-23.542334
-23.431162
-23.377777
-23.322191
-23.189554
-22.988123
-22.847782
-22.641949
-22.409697
-22.050314
-21.813660
-21.596819
-21.260550
-21.040407
-20.934738
-20.890711
-20.721750
-20.574255
-20.421804
-20.321089
-20.187902
-19.919329
-19.643599
-19.415201
-19.303478
-19.170841
-19.011789
-18.838427
-18.581409
-18.287518
-18.023897
-17.918777
-17.898966
-17.761375
-17.710743
-17.514816
-17.375576
-17.313934
-17.298525
-17.118559
-16.992527
-16.928135
-16.820265
-16.692030
-16.449324
-16.312284
-16.135618
-15.890710
-15.751470
-15.700836
-15.614981
-15.525272
-15.442168
-15.230831
-14.959505
-14.745966
-14.609477
-14.340352
-14.144976
-13.869797
-13.677171
-13.356863
-13.039307
-12.793297
-12.701938
-12.606726
-12.466384
-12.210467
-12.062972
-11.924282
-11.764678
-11.494452
-11.207716
-10.894012
-10.781739
-10.579207
-10.342003
-10.105350
-9.925933
-9.702488
-9.610027
-9.543984
-9.346956
-9.225327
-9.097095
-8.947397
-8.778437
-8.574254
-8.518118
-8.383280
-8.150478
-7.902818
-7.671117
-7.486747
-7.277061
-7.038756
-6.925933
-6.845030
-6.673319
-6.579758
-6.397589
-6.171943
-6.072878
-6.033803
-5.966660
-5.813660
-5.566549
-5.373924
-5.261651
-5.148277
-5.041508
-4.957854
-4.791646
-4.741563
-4.748718
-4.666714
-4.340903
-3.989774
-3.914375
-3.840077
-3.733308
-3.556093
-3.405294
-3.386582
-3.329895
-3.310082
-3.236885
-3.093792
-2.907221
-2.622135
-2.488399
-2.306230
-2.220374
-2.210468
-2.067925
-1.955652
-1.785041
-1.656808
-1.734959
-1.588013
-1.522521
-1.399240
-1.387683
-1.341453
-1.268806
-1.100947
-1.044810
-0.974364
-0.928685
-0.794948
-0.794397
-0.684876
-0.567650
-0.524722
-0.616632
-0.556092
-0.464183
-0.330446
-0.155432
0.010776
0.047650
0.078470
0.072416
-0.207716
-0.849433
-1.508762
-2.217072
-2.807606
-3.068475
-3.154882
-3.101497
-2.993077
-2.944645
-2.978217
-3.160385
-3.111954
-2.907221
-2.731106
-2.699736
-2.515916
-2.233583
-1.966659
-1.848883
-1.874199
-1.745966
-1.694232
-1.625437
-1.405294
-1.214320
-1.094342
-0.913825
-0.819714
-0.700286
-0.582510
-0.434463
-0.273759
-0.089389
0.032240
0.042697
0.211106
0.358602
0.555080
0.695421
0.886945
1.149466
1.258437
1.420242
1.555630
1.742752
1.694871
1.719086
1.835212
1.976654
2.057556
2.279901
2.562234
2.885294
3.046549
3.071315
3.112042
3.303016
3.489037
3.547925
3.549576
3.773572
3.858327
3.976104
4.065812
4.054254
4.163225
4.298613
4.325581
4.315124
4.427397
4.551227
4.573242
4.640935
4.639835
4.729543
4.763115
4.816500
4.956291
5.159373
5.298063
5.285955
5.270545
5.115894
5.052603
5.104887
5.271646
5.401530
5.458217
5.437854
5.361354
5.452163
5.580396
5.710831
5.770270
5.699824
5.558382
5.637633
5.863831
6.004722
6.136808
6.165427
6.188541
6.248530
6.166527
6.292559
6.410336
6.606813
6.666802
6.590853
6.454364
6.596357
6.721838
6.879791
6.899604
6.880341
6.784029
6.813198
6.906758
7.021233
7.047650
6.875938
6.665151
6.665151
6.563886
6.473627
6.455465
6.439505
6.443908
6.541871
6.578745
6.538019
6.602961
6.635432
6.679461
6.729543
6.854475
6.922168
6.929323
7.032790
7.068013
7.052053
6.933176
6.910060
6.792834
6.795036
6.777975
6.687716
6.662950
6.523159
6.340991
6.272746
6.290908
6.434001
6.530313
6.493990
6.465922
6.573242
6.577094
6.547375
6.579296
6.636533
6.670105
6.721288
6.724590
6.773022
6.856125
6.847320
6.900704
6.810446
6.828608
6.902906
7.030589
7.100484
7.167078
7.101035
7.004172
6.989862
7.033891
7.050402
6.995366
6.888597
6.857226
6.890248
6.975553
7.043247
6.956841
7.038844
7.135707
7.130754
7.187991
7.272746
7.260638
7.314573
7.206153
7.175333
7.216610
7.085074
7.016830
6.906758
6.940881
7.109840
7.250182
7.215509
7.164876
7.058657
7.038844
6.993715
7.012427
6.940881
6.987111
7.038294
6.943082
6.782378
6.682212
6.762565
6.659648
6.579846
6.546274
6.337688
6.120848
5.937028
5.807694
5.855025
5.747705
5.674508
5.555630
5.605713
5.458767
5.431800
5.540771
5.667353
5.698173
5.715784
5.810996
5.836313
5.754859
5.501145
5.391623
5.407584
