-0.115253
-0.068560
0.167379
0.202045
0.141910
0.131652
0.003247
0.019519
0.003601
0.033668
0.111489
-0.024698
-0.228447
-0.254270
-0.049813
0.111489
0.060906
0.046403
-0.056533
-0.085539
-0.040615
0.043573
0.040743
0.032961
-0.054411
-0.068207
-0.038493
0.003955
0.028008
0.006785
0.026594
0.017750
-0.039201
-0.043799
-0.037078
0.072225
0.125285
0.121394
0.023410
-0.023990
-0.004181
0.050647
0.067273
0.128115
0.062320
-0.002766
-0.100396
-0.140722
-0.188122
-0.219250
-0.193781
-0.195196
-0.155578
-0.078819
-0.056533
-0.002412
0.106537
0.037206
-0.043799
-0.446700
-5.165837
-28.711998
-116.832619
-286.148499
-468.894867
-642.615417
-793.804321
-911.943665
-996.027893
-1051.803589
-1083.860962
-1097.274048
-1095.785889
-1082.769653
-1059.787354
-1030.644775
-997.978027
-963.675537
-928.900513
-894.080566
-859.659302
-825.952515
-793.192749
-762.175720
-732.331360
-702.963867
-674.631714
-647.035645
-619.944763
-593.606262
-567.621826
-542.049133
-517.132202
-492.821289
-468.656464
-445.160187
-422.009827
-399.219971
-376.786987
-354.475708
-332.491638
-311.046997
-289.924225
-269.094391
-248.662125
-228.609421
-208.661407
-189.222076
-170.125153
-151.355438
-132.910095
-114.808571
-97.097565
-79.920349
-62.993214
-46.483841
-30.261698
-14.435734
1.022349
16.177990
31.005369
45.462036
59.613789
73.285881
86.810814
99.983437
112.802330
125.171272
136.968582
148.499176
159.761642
170.738297
181.400131
191.644211
201.509079
210.922943
219.886169
228.795258
237.492462
246.093796
254.266418
262.117157
269.649872
277.140839
284.361237
291.464172
298.367950
304.925079
311.305328
317.244843
322.955139
328.403687
333.641724
338.674622
343.505890
347.966827
352.223633
356.469452
360.512268
364.279144
367.836273
371.193542
374.154633
376.878723
379.315582
381.635010
383.898529
385.999359
387.910217
389.685944
391.194275
392.546234
393.747131
394.604950
395.443634
396.343536
396.928619
397.273499
397.616974
397.921539
398.009613
397.971069
397.831696
397.399414
396.857147
396.254761
395.623352
394.792786
393.968231
393.233887
392.476532
391.491394
390.341064
389.234222
387.984863
386.706116
385.380676
383.911621
382.338928
380.695862
379.071503
377.361572
375.509094
373.390930
371.094513
368.809753
366.554016
364.200989
361.723785
359.218658
356.628632
354.061615
351.382080
348.683472
345.955841
343.286591
340.649170
337.953735
335.064789
332.035095
329.027313
326.095917
323.301453
320.250854
317.022339
314.019165
311.037567
307.928253
304.951599
301.884033
298.830994
295.655182
292.427368
289.250519
286.014923
282.720612
279.435516
276.263947
272.995819
269.644928
266.440826
263.186493
259.873779
256.532776
253.197098
249.833817
246.470169
243.214432
239.894302
236.552597
233.269608
229.919418
226.598572
223.237411
219.624756
215.862457
212.194611
208.787476
205.418533
201.964340
198.665436
195.512619
192.213013
188.893234
185.733353
182.586548
179.480438
176.401199
173.285522
170.098053
166.819656
163.777573
160.831680
157.693726
154.430908
151.327271
148.387756
145.435501
142.402252
139.311340
136.205933
133.275970
130.262177
127.077888
123.964340
120.974945
117.919060
114.884392
111.821785
108.913399
105.971413
102.961151
99.898544
97.039680
94.130234
91.119621
88.291542
85.648453
82.962570
80.435860
77.959381
75.254753
72.704346
70.121750
67.472649
64.975655
62.481491
60.025177
57.504841
54.916584
52.406502
49.969288
47.566036
45.179050
42.837345
40.555775
38.396599
36.245552
34.006786
31.750328
29.538445
27.358040
24.909155
22.544456
20.294722
17.995819
15.855742
13.610605
11.455317
9.368652
7.313470
5.492105
3.670386
1.876258
0.101938
-1.717658
-3.552819
-5.383735
-7.151687
-8.933788
-10.853845
-12.774256
-14.715890
-16.434319
-18.067499
-19.562016
-21.156639
-22.770365
-24.340580
-25.967394
-27.535486
-29.098982
-30.607647
-32.094028
-33.653988
-35.051933
-36.625336
-38.271248
-39.798309
-41.179985
-42.621796
-44.067146
-45.430073
-46.707047
-47.902660
-49.119499
-50.482075
-51.820240
-53.102165
-54.145676
-55.219959
-56.304501
-57.420170
-58.525581
-59.613308
-60.639484
-61.660355
-62.652573
-63.716949
-64.671677
-65.674858
-66.713417
-67.896645
-68.999939
-69.854553
-70.705986
-71.530182
-72.384796
-73.200500
-74.128693
-75.103577
-76.014084
-76.930962
-77.790527
-78.739944
-79.584305
-80.439980
-81.159821
-81.947586
-82.673439
-83.374535
-84.149567
-84.912918
-85.647621
-86.110298
-86.679810
-87.253212
-87.884621
-88.581474
-89.132233
-89.693954
-90.157700
-90.698555
-91.332443
-91.921761
-92.377014
-92.695023
-93.054054
-93.489151
-93.875069
-94.175385
-94.425827
-94.790176
-95.054413
-95.324310
-95.605881
-95.771072
-96.079170
-96.409203
-96.706337
-97.086601
-97.374893
-97.542206
-97.670609
-97.912918
-98.071747
-98.336334
-98.605522
-98.790176
-98.855965
-98.812462
-98.816353
-98.945107
-99.094734
-99.254272
-99.381966
-99.548927
-99.764000
-100.011963
-100.164772
-100.154869
-100.248253
-100.193779
-100.085541
-100.058304
-100.083061
-99.931664
-99.955009
-99.962440
-99.929543
-99.852074
-99.679810
-99.742775
-99.756920
-99.594910
-99.444221
-99.391869
-99.369583
-99.286102
-99.176804
-99.084122
-99.083771
-99.024345
-98.725792
-98.483841
-98.629227
-98.909027
-99.008072
-99.020096
-98.906906
-98.802200
-98.527000
-98.468628
-98.359329
-98.077400
-97.849953
-97.621445
-97.221725
-96.944397
-96.817413
-96.440689
-96.003471
-95.816353
-95.814224
-95.729332
-95.521690
-95.313339
-95.083771
-94.912918
-94.721199
-94.488792
-94.276199
-94.039551
-93.724380
-93.455544
-93.208282
-92.888512
-92.548218
-92.150627
-91.934853
-91.546806
-91.098984
-90.650452
-90.225266
-89.783455
-89.446342
-89.056885
-88.538315
-88.000641
-87.595978
-87.334564
-87.092964
-86.845352
-86.450943
-86.061836
-85.640190
-85.155579
-84.782745
-84.470047
-84.152039
-83.660004
-83.299904
-82.896645
-82.409203
-81.783806
-81.165840
-80.807503
-80.526291
-80.139664
-79.721199
-79.271957
-78.941574
-78.454124
-77.885330
-77.283272
-76.811394
-76.379135
-75.932022
-75.471817
-74.894875
-74.485962
-74.204391
-74.039551
-73.871529
-73.688301
-73.319000
-72.992859
-72.854553
-72.566971
-72.359329
-71.925652
-71.593849
-71.395409
-71.168312
-70.847832
-70.501884
-70.013374
-69.485962
-68.994629
-68.513908
-67.939445
-67.263115
-66.737114
-66.351189
-65.970573
-65.547867
-65.011253
-64.426186
-63.822365
-63.358620
-62.991093
-62.440685
-61.836159
-61.245071
-60.649742
-60.222786
-59.794064
-59.251438
-58.724380
-58.225971
-57.802555
-57.311928
-56.825191
-56.449177
-55.978359
-55.535488
-55.107826
-54.671318
-54.254623
-53.817059
-53.334568
-52.825546
-52.240829
-51.736759
-51.357559
-51.070328
-50.632408
-50.026821
-49.549637
-48.936974
-48.305916
-47.872238
-47.554588
-47.284336
-46.646206
-46.007366
-45.598804
-45.178219
-44.760460
-44.435379
-44.235168
-44.020454
-43.680164
-43.466862
-43.102165
-42.757629
-42.262405
-41.883911
-41.529827
-41.072803
-40.646206
-40.303440
-39.818825
-39.244720
-38.778500
-38.457314
-38.180695
-37.799015
-37.337044
-36.934498
-36.588902
-36.054413
-35.628162
-35.225616
-34.817410
-34.323601
-34.091198
-33.799015
-33.414864
-32.846062
-32.449177
-32.097919
-31.676271
-31.169374
-30.703156
-30.351900
-30.072451
-29.633471
-29.302378
-28.895939
-28.579702
-28.415571
-28.124096
-27.797955
-27.396469
-26.981188
-26.572275
-26.217482
-25.954306
-25.713060
-25.460850
-25.125158
-24.767181
-24.346239
-24.010902
-23.697496
-23.415924
-23.212530
-22.900537
-22.652571
-22.210407
-21.737822
-21.469692
-21.286106
-21.024343
-20.727917
-20.520630
-20.222788
-19.901598
-19.668844
-19.449530
-19.008780
-18.577227
-18.204746
-17.917164
-17.673088
-17.410620
-17.092968
-16.774609
-16.432198
-16.196257
-15.926006
-15.755154
-15.474998
-15.097213
-14.820594
-14.589607
-14.401069
-14.310866
-14.360389
-14.133293
-13.798663
-13.602342
-13.422999
-13.333859
-13.174680
-12.875776
-12.554588
-12.294595
-11.975175
-11.670259
-11.390456
-11.142844
-10.821301
-10.605171
-10.402129
-10.180694
-10.042738
-9.828730
-9.579703
-9.291058
-8.925299
-8.581471
-8.237644
-7.970577
-7.742773
-7.473583
-7.279385
-7.037078
-6.790527
-6.539731
-6.332090
-5.899123
-5.601988
-5.499406
-5.420524
-5.079172
-4.741004
-4.546452
-4.283629
-4.062547
-3.910796
-3.756922
-3.625688
-3.432904
-3.173619
-2.935911
-2.630994
-2.450237
-2.242243
-1.961026
-1.689360
-1.528765
-1.361804
-1.177863
-0.989678
-0.739943
-0.466155
-0.145674
0.093803
0.268546
0.378557
0.524648
0.653053
0.872366
0.983792
1.159950
1.384216
1.571694
1.731581
1.774737
1.914814
1.957616
2.087082
2.226806
2.350258
2.425603
2.426664
2.350258
2.334340
2.448949
2.689487
2.893944
2.960446
2.952310
3.120686
3.265363
3.453902
3.533138
3.667202
3.812586
3.926487
4.033668
4.228928
4.453194
4.675338
4.880502
5.124224
5.372190
5.574171
5.791008
6.034376
6.157828
6.320191
6.530662
6.693378
6.815416
6.895713
7.015628
7.163842
7.261825
7.404379
7.577354
7.747499
7.830626
7.904202
8.081068
8.252628
8.504839
8.719908
8.853619
8.879087
8.956201
9.123516
9.141203
8.953017
8.834517
8.688072
8.370774
8.134835
7.980255
8.002893
8.008554
7.921182
7.903495
8.082129
8.168440
8.300382
8.473357
8.688426
8.904910
8.936746
9.024825
9.283050
9.506962
9.521111
9.519696
9.479724
9.372543
9.171623
9.031192
9.000772
8.924365
8.907386
9.054539
9.245908
9.415345
9.570987
9.682766
9.778274
9.983085
10.070457
10.124224
10.029424
10.117856
10.279159
10.498118
10.681705
10.734765
10.795960
10.987683
11.063028
11.097693
11.105829
11.206997
11.383509
11.477956
11.472650
11.488921
11.471234
11.583721
11.643856
11.792069
11.908447
11.916937
11.924719
12.017751
12.066919
12.020580
11.963276
12.052416
12.041804
12.125639
12.190018
12.261472
12.370421
12.528185
12.641026
12.707527
12.811524
12.775798
12.829919
12.801267
12.807280
12.822137
12.843361
12.828504
12.812940
12.842299
12.918705
12.762002
12.517927
12.264301
12.105475
11.883686
11.700453
11.660481
11.655883
11.667202
11.571694
11.530662
11.589027
11.682412
11.745730
11.725568
11.783226
11.870244
12.020580
12.052062
12.047110
12.156413
12.359101
12.493166
12.557899
12.702929
12.787471
12.843714
12.702575
12.687718
12.726629
12.641379
12.581245
12.468051
12.386339
12.235649
12.162073
12.232112
12.244493
12.232112
12.270669
12.370068
12.529600
12.656237
12.820722
12.883686
12.851143
12.966459
13.152876
13.305688
13.416759
13.491397
13.604591
13.548702
13.556484
13.632890
13.630768
13.698330
13.778981
13.832748
13.864938
13.817538
13.871305
13.914106
13.928964
14.072578
14.269254
14.477602
14.498118
14.529600
14.616264
14.588320
14.480432
14.409685
14.449656
14.476187
14.543042
14.637842
14.590796
14.548702
14.471234
14.532077
14.565681
14.541273
14.573463
14.627584
14.721677
14.781104
14.731581
14.655175
14.624046
14.734411
14.708235
14.777212
14.828857
14.844775
14.843714
14.798082
14.631829
14.544104
14.430202
14.418882
14.373251
14.359101
14.395183
