-0.079239
-0.146019
-0.226323
-0.284649
-0.248301
-0.214489
-0.190820
-0.113052
-0.098681
-0.055571
0.033187
0.120254
0.077143
-0.031902
-0.080085
-0.065714
0.028115
0.013745
-0.004852
0.170127
0.155757
0.036568
-0.055571
0.131243
0.239442
0.139696
0.135469
0.152375
0.004446
0.056010
0.143922
0.190414
0.103347
0.084751
0.024734
-0.003161
-0.012460
0.134624
0.176044
0.089822
0.068690
0.029806
0.017971
0.139696
-0.021758
-0.210262
-0.145173
-0.081775
-0.188284
-0.139256
-0.199273
-0.154472
-0.080930
-0.154472
-0.033593
0.087287
0.154911
0.115182
-0.044582
-1.091919
-7.458783
-31.316771
-107.715759
-253.932159
-409.818878
-566.152771
-705.441040
-810.791809
-884.811279
-933.612610
-961.026001
-971.200134
-968.043762
-953.051331
-929.377625
-901.671814
-868.447815
-831.935547
-797.329468
-763.559387
-730.456238
-699.144348
-669.037842
-640.512878
-613.927917
-588.605042
-564.286316
-541.217041
-518.954956
-497.098694
-475.717438
-454.709839
-434.145172
-414.063171
-393.980347
-374.067413
-354.546692
-335.473145
-316.790131
-298.216187
-279.830719
-261.852692
-244.002319
-226.165466
-208.619385
-191.332825
-174.053040
-156.995560
-140.505280
-124.313393
-108.498512
-93.156166
-77.908485
-63.090229
-48.473999
-34.374252
-20.635452
-7.370871
5.496416
18.110109
30.593626
42.688301
54.631664
66.027267
77.102501
88.288467
99.249588
109.625748
119.625748
129.409348
138.855667
148.103348
157.109268
165.759308
174.277481
182.657028
190.661255
198.138855
205.857361
213.387375
220.595322
227.657867
234.532761
241.121094
247.521774
253.946121
259.834534
265.102509
270.228455
275.012909
279.613068
284.161682
288.338348
292.400055
296.197174
299.722961
303.101654
306.455841
309.438080
312.167603
314.800720
317.810883
320.570801
323.093201
325.498962
328.061096
330.580109
333.019653
335.049255
336.889496
338.572479
339.879333
341.025574
341.840454
342.825226
343.510773
343.807495
344.066162
344.349335
344.531921
344.826935
344.791443
344.479523
344.145599
343.927521
343.784668
343.345947
342.765228
342.311279
341.743256
341.100800
340.318054
339.541229
338.574188
337.547974
336.611389
335.478668
334.214935
333.078827
331.715363
330.166748
328.427094
326.638428
325.068695
323.460907
321.881866
320.058533
317.930908
315.761841
313.684082
311.315521
308.999390
306.853973
304.534454
302.211548
300.105042
297.886108
295.573334
293.389069
291.049255
288.389069
285.848907
283.510773
280.965576
278.312134
276.040802
273.693359
270.836243
268.138855
265.380615
262.455841
259.635895
257.092346
253.957947
250.754242
247.751694
244.562347
241.427094
238.232681
235.153214
231.962173
228.804108
225.824402
222.663788
219.352707
216.034027
212.793961
209.520081
206.064468
202.826935
199.831161
196.881882
193.825241
190.847214
187.941895
185.093201
182.101654
179.197174
176.427948
173.653641
170.809174
167.973175
165.105042
162.060242
159.045029
156.110107
153.112640
150.128708
147.257187
144.444000
141.700134
138.934280
136.109268
133.340027
130.611374
127.719574
124.991768
122.236908
119.459221
116.783821
114.171814
111.535301
109.028961
106.528534
104.011208
101.340034
98.756767
96.115181
93.510788
90.837074
88.155754
85.260574
82.363701
79.683228
77.098274
74.500641
71.814255
69.211548
66.694221
64.140541
61.617294
59.294388
57.203094
55.031498
52.909771
50.786358
48.833694
46.789738
44.608841
42.469364
40.594471
38.782974
36.726341
34.488808
32.567421
30.770296
28.886103
26.727184
24.623213
22.705208
20.716196
18.764380
16.516703
14.538681
12.720423
10.822705
8.652798
6.581792
4.746627
2.753390
0.916534
-0.957515
-2.730972
-4.343821
-6.084311
-7.509501
-9.134184
-10.695469
-12.230550
-13.769011
-15.455401
-17.014151
-18.708994
-20.182367
-21.348892
-22.656586
-24.283804
-25.612629
-26.870447
-28.261826
-29.709839
-30.879745
-32.042892
-33.301556
-34.539085
-35.691242
-36.970196
-38.157009
-39.402992
-40.846779
-42.187439
-43.373405
-44.509502
-45.627846
-46.740269
-47.815502
-48.750416
-49.506119
-50.422436
-51.358192
-52.320152
-53.337059
-54.331985
-55.183212
-56.065716
-57.063179
-58.117279
-59.104599
-60.079239
-61.151936
-62.171379
-62.998936
-63.925392
-64.720825
-65.520493
-66.392845
-67.282112
-67.962585
-68.594032
-69.353966
-70.044579
-70.612625
-71.164612
-71.602486
-72.142639
-72.733505
-73.475685
-74.115585
-74.588959
-75.111359
-75.623619
-76.296486
-76.823959
-77.433426
-78.156166
-78.668419
-79.157005
-79.663345
-80.130806
-80.563599
-80.789299
-80.983719
-81.564445
-81.933846
-82.118965
-82.367493
-82.661659
-82.841705
-83.181519
-83.539085
-83.865379
-84.085159
-84.516266
-84.821419
-85.364952
-85.826492
-86.167999
-86.267746
-86.261826
-86.381859
-86.611786
-86.922859
-87.002319
-86.922859
-86.982872
-87.063179
-86.985413
-87.127419
-87.490906
-87.953285
-88.086845
-88.197586
-88.336212
-88.370872
-88.373405
-88.296486
-88.142639
-88.287186
-88.195045
-88.017532
-87.894119
-87.828186
-87.894119
-87.887352
-87.872139
-87.986252
-88.047119
-88.046272
-87.862839
-87.850159
-87.847626
-87.723366
-87.647285
-87.572052
-87.634605
-87.681099
-87.699699
-87.828186
-87.909332
-87.974419
-87.987946
-87.911026
-87.829025
-87.484985
-87.276199
-87.192513
-86.906799
-86.648132
-86.310852
-86.003159
-85.714066
-85.485832
-85.135033
-84.778313
-84.577126
-84.525558
-84.375946
-84.059799
-83.807892
-83.394539
-82.957512
-82.714912
-82.643906
-82.299866
-81.899185
-81.539085
-81.290565
-81.023445
-80.872986
-80.680252
-80.468925
-80.036972
-79.446106
-78.907639
-78.690399
-78.536552
-78.392006
-78.066559
-77.747032
-77.379326
-76.927086
-76.571205
-76.168839
-75.907639
-75.801979
-75.409752
-74.975266
-74.676025
-74.449486
-74.296486
-73.949059
-73.746185
-73.680252
-73.422432
-73.207726
-73.051346
-72.749565
-72.480759
-72.204346
-71.878059
-71.495979
-71.244072
-71.113899
-70.698006
-70.209419
-69.803665
-69.370872
-68.779999
-68.351425
-67.873833
-67.385239
-67.091072
-66.793526
-66.419899
-66.127419
-65.931313
-65.619392
-65.117279
-64.893272
-64.553459
-64.260979
-63.716602
-63.325226
-63.005699
-62.527252
-62.053879
-61.479069
-61.047962
-60.765629
-60.351429
-60.064869
-59.629536
-59.309162
-59.065716
-58.463009
-58.113895
-57.788452
-57.514572
-57.116432
-56.506119
-55.929619
-55.610092
-55.463009
-55.111362
-54.643059
-54.252529
-54.028522
-53.590652
-53.045425
-52.603329
-52.224632
-51.834099
-51.577126
-50.994709
-50.559376
-50.381016
-50.283802
-49.831562
-49.268589
-48.724209
-48.276196
-47.934692
-47.651512
-47.172222
-46.778309
-46.602486
-46.342976
-45.910179
-45.562756
-45.161236
-44.752106
-44.351429
-44.017532
-43.728436
-43.364952
-42.876366
-42.359882
-42.002316
-41.686172
-41.255909
-40.824802
-40.419899
-40.072475
-39.731819
-39.358192
-39.017532
-38.529789
-38.226322
-37.856922
-37.494286
-37.174759
-36.887356
-36.652359
-36.304092
-35.860306
-35.417362
-35.154472
-34.914406
-34.580505
-34.173912
-33.800289
-33.419899
-33.037819
-32.814659
-32.582199
-32.337059
-31.943144
-31.653204
-31.299019
-30.941454
-30.491751
-30.190821
-30.035284
-29.744497
-29.515419
-29.151936
-28.843399
-28.463854
-28.102062
-27.787607
-27.585579
-27.325224
-26.900034
-26.455402
-26.076704
-25.918631
-25.690397
-25.372561
-25.031902
-24.679409
-24.446104
-24.116432
-23.854387
-23.662502
-23.358191
-22.962587
-22.658276
-22.342976
-22.105444
-21.948215
-21.632071
-21.311699
-21.061487
-20.736889
-20.403837
-20.186594
-19.930466
-19.751259
-19.491751
-19.198427
-18.924547
-18.657431
-18.291412
-17.867912
-17.594877
-17.480761
-17.282114
-16.883127
-16.655739
-16.490059
-16.371716
-15.948216
-15.617701
-15.465546
-15.121505
-14.901725
-14.752950
-14.438496
-14.206881
-14.200964
-13.997244
-13.618546
-13.268588
-13.045427
-12.801133
-12.452866
-12.395385
-12.301556
-12.169687
-11.976111
-11.810431
-11.542468
-11.353965
-11.272815
-11.098681
-10.910177
-10.488369
-10.227168
-9.783381
-9.476534
-9.306627
-9.171378
-8.872984
-8.741961
-8.611784
-8.473153
-8.101217
-7.855232
-7.732663
-7.516264
-7.304936
-7.170533
-7.027676
-6.871294
-6.583889
-6.522181
-6.568673
-6.427506
-6.320152
-6.235621
-6.075858
-5.963432
-5.869603
-5.600795
-5.373406
-5.189129
-5.068250
-4.902570
-4.655740
-4.714911
-4.665884
-4.536551
-4.254218
-4.047963
-3.708994
-3.406374
-3.215334
-3.177295
-3.293948
-3.359882
-3.340440
-3.344666
-3.286340
-2.983719
-2.714066
-2.501048
-2.339594
-2.222942
-2.055571
-1.811276
-1.593187
-1.376788
-1.110516
-0.922857
-0.710685
-0.406374
-0.281268
0.001910
0.078833
0.238597
0.399205
0.539527
0.817633
1.322282
1.575875
1.760152
1.944429
2.019662
2.181116
2.371310
2.626593
2.793119
3.001910
3.164210
3.154066
3.051784
3.214928
3.403432
3.471902
3.657025
3.873424
3.858208
3.822705
3.721268
3.696754
3.591936
3.526847
3.509941
3.563195
3.625748
3.749163
3.940203
4.201403
4.282553
4.461758
4.693373
4.836230
5.017126
4.897937
4.854827
4.891175
4.978242
4.991767
5.320592
5.481200
5.591936
5.702671
5.776213
5.833694
5.927523
6.143077
6.436399
6.546289
6.573339
6.640118
6.869197
7.116872
7.210701
7.377227
7.607996
7.782976
7.877650
7.981623
7.941894
8.076298
8.228453
8.230989
8.242824
8.395824
8.458377
8.603770
8.606306
8.732257
8.795655
9.006137
9.084750
9.159983
9.178580
9.132934
9.218309
9.242824
9.323973
9.303685
9.343415
9.371310
9.373001
9.332426
9.491344
9.502333
9.665478
9.875959
10.071226
10.114336
10.153220
10.192105
10.202249
10.158293
10.180270
10.192105
10.152375
10.254658
10.258039
10.348487
10.488808
10.556433
10.742401
10.816788
10.819324
10.877650
11.088977
11.336653
11.649417
11.673085
11.651108
11.666323
11.837920
11.907236
11.992612
12.083060
12.087287
12.113491
12.071226
12.129552
12.068689
12.154066
12.323973
12.284244
12.258039
12.211547
12.313829
12.580101
12.575029
12.602924
12.479509
12.499797
12.624058
12.753389
12.696754
12.869197
13.005292
12.959645
13.036568
13.054319
13.138850
13.050939
12.780439
12.908081
12.919070
12.968944
12.923297
12.973170
12.890329
12.983314
12.916534
12.794809
12.825241
12.796500
12.650262
12.598699
12.564886
12.474438
12.527692
12.411885
12.381454
12.381454
12.300304
12.099966
12.089823
12.109264
12.083905
12.183652
12.088977
11.957109
11.866661
11.754235
11.649417
11.662942
11.656179
11.605461
11.652798
11.733102
11.701826
11.738174
11.871733
12.027269
12.095739
12.116873
12.050093
11.872579
11.840456
11.910617
11.848064
11.766069
11.815097
11.747473
11.798191
11.862434
11.728030
11.647726
11.745782
11.711124
11.629129
11.527692
11.530229
11.576720
11.520930
11.557278
11.600389
11.664632
11.680694
11.727185
11.739019
11.646881
11.730566
11.683229
11.739019
11.771141
11.752544
11.821014
11.756771
11.787202
11.882722
11.976551
12.033187
12.059391
12.045021
11.964717
11.767760
11.673931
11.673085
11.634201
11.564040
11.655334
11.717041
11.859054
11.843838
11.738174
11.760152
11.755925
11.691682
11.618140
11.612224
11.666323
11.629974
