0.028371
0.012534
0.096244
0.331538
0.406199
0.370000
0.222941
0.126410
0.118869
0.115852
0.124148
0.246320
0.247828
0.182971
0.099261
-0.010090
0.018567
-0.198627
-0.214465
-0.093047
-0.114163
-0.162428
-0.203152
-0.092293
-0.005566
0.075128
0.105294
0.153560
0.143002
0.032896
-0.127738
-0.232564
-0.319291
-0.207677
-0.126229
-0.105113
-0.074947
0.057783
0.041946
-0.051569
-0.115671
-0.163182
-0.010845
0.134706
-0.027436
-0.195611
-0.164691
-0.066652
-0.191086
-0.218235
-0.172986
-0.090030
-0.008582
-0.041011
-0.033469
0.006501
0.027617
-0.037240
-0.073439
-0.037994
-1.672986
-16.127737
-96.236336
-305.697876
-556.668457
-777.444458
-946.859253
-1060.851685
-1128.915771
-1166.694824
-1186.557617
-1193.490479
-1190.881836
-1182.022217
-1169.663208
-1155.190308
-1139.166992
-1122.177490
-1105.105103
-1087.952759
-1070.004028
-1051.139771
-1031.471680
-1010.782349
-989.986694
-968.963318
-947.032715
-924.550842
-902.001770
-879.403015
-856.832886
-833.820068
-810.346436
-787.160156
-763.769531
-740.083252
-716.694885
-693.926392
-670.925598
-647.725769
-624.094543
-600.393188
-577.123962
-553.621704
-530.142822
-507.127747
-484.595306
-462.002563
-439.434662
-417.239349
-395.390930
-373.677521
-352.036499
-330.418854
-309.032715
-287.746124
-266.671478
-245.849457
-225.169968
-204.786102
-184.666946
-164.509338
-144.340408
-124.504814
-105.226532
-86.332115
-67.644325
-49.250664
-31.027435
-12.902247
5.093982
22.552504
39.643002
56.279503
72.722939
88.909973
104.765930
120.400917
135.612839
150.482361
165.121124
179.431091
193.427322
207.317215
220.737274
233.780258
246.725952
259.535919
271.830017
283.747070
295.370758
306.810425
318.039673
329.050232
339.552490
349.891113
360.149780
370.156586
379.823242
389.342102
398.563049
407.215393
415.610565
423.925049
432.064575
439.794586
446.950684
453.620392
460.275726
466.751587
472.814941
478.771210
484.707092
490.184479
495.424286
500.401672
505.300629
509.934845
514.284058
518.576660
522.796875
526.825500
530.612854
534.164124
537.445435
540.553284
543.458252
546.081909
548.550232
550.730469
552.750061
554.606812
556.204834
557.703308
558.945435
560.066101
560.876038
561.336060
561.529114
561.477844
561.553284
561.435608
561.213867
561.155090
560.974854
560.695007
560.189026
559.452942
558.431824
557.382812
556.292297
554.985413
553.531372
551.873779
550.179199
548.247070
546.215393
544.151306
542.185242
540.299133
538.237244
536.019348
533.600037
531.334534
528.814941
526.084167
523.161865
520.191284
517.284058
514.183716
511.129425
507.920532
504.597748
501.041931
497.214661
493.321747
489.572113
485.810425
481.966522
478.032135
474.190521
470.461243
466.452942
462.425812
458.278748
454.290070
450.327026
446.106812
441.718414
437.269684
432.790070
428.373779
423.747833
419.155060
414.909210
410.749329
406.492157
401.881317
397.339081
392.811188
388.304382
383.586426
378.771210
373.912231
369.103790
364.501984
359.908447
355.293091
350.560791
345.814941
341.121887
336.403931
331.862457
327.373016
322.871521
318.314941
313.634705
308.877533
304.132446
299.454468
294.905457
290.157318
285.261414
280.554779
276.090210
271.675415
266.959747
261.900177
257.212372
252.612839
247.857178
242.895645
238.141495
233.416000
228.794586
224.256119
219.796844
215.092468
210.483124
205.761398
201.127167
196.605301
192.009521
187.505753
183.023849
178.532898
174.172409
169.856430
165.481613
161.293076
157.213135
152.942398
148.612076
144.371506
140.391876
136.667130
132.568344
128.405441
124.619621
120.894890
116.950691
112.872261
108.790817
104.625656
100.823997
97.090965
93.328522
89.525352
85.752350
82.037422
78.419777
74.584175
70.688248
66.895638
63.045715
59.412231
55.780258
51.938629
48.194283
44.508762
40.965778
37.348885
33.542702
29.923544
26.554012
23.148281
19.906199
16.777994
13.762156
10.670151
7.759894
4.881312
1.745566
-1.315520
-4.170724
-6.915068
-9.810242
-12.692595
-15.520649
-18.184299
-20.836636
-23.599834
-26.138296
-28.654133
-31.207678
-33.697121
-36.301945
-38.978416
-41.526680
-44.070423
-46.495007
-48.927887
-51.318539
-53.565899
-55.796665
-58.061371
-60.338898
-62.570423
-64.900742
-67.141312
-69.370575
-71.553833
-73.614166
-75.565140
-77.574196
-79.399231
-81.347191
-83.117180
-84.562881
-86.044785
-87.864540
-89.754433
-91.507828
-93.428642
-95.185051
-96.737091
-98.308731
-99.939957
-101.473137
-102.929398
-104.417328
-105.781586
-107.255943
-108.849457
-110.275551
-111.715973
-113.167709
-114.558357
-115.906769
-117.258202
-118.544029
-119.870575
-121.215218
-122.337387
-123.360771
-124.618690
-125.989731
-127.053078
-128.047043
-129.298172
-130.360016
-131.237839
-132.164688
-133.261978
-134.332870
-135.325317
-136.005569
-136.685806
-137.649612
-138.682785
-139.608887
-140.329102
-141.039505
-141.726532
-142.564392
-143.213715
-143.874344
-144.735580
-145.495010
-146.155640
-146.998032
-147.711441
-148.235580
-148.682037
-149.098328
-149.700134
-150.191086
-150.406769
-150.840408
-151.347198
-151.870575
-152.236328
-152.449753
-152.746887
-153.077957
-153.416580
-153.614914
-153.735580
-153.946747
-154.353226
-154.744629
-154.911301
-155.112656
-155.369064
-155.342667
-155.423370
-155.731812
-155.913559
-155.901489
-155.880371
-155.900742
-155.866043
-155.756699
-155.731049
-155.744629
-155.532715
-155.334381
-155.334381
-155.340408
-155.188065
-155.087769
-154.850204
-154.922607
-155.149612
-155.074951
-154.943726
-154.815521
-154.691833
-154.571930
-154.562881
-154.546295
-154.452026
-154.218994
-153.789886
-153.641312
-153.668457
-153.416580
-153.075699
-152.584747
-152.277817
-151.988968
-151.550812
-151.176010
-151.023666
-150.789886
-150.584000
-150.436935
-150.157898
-149.847946
-149.404510
-149.025925
-148.654129
-148.295151
-147.878876
-147.661667
-147.298172
-146.903763
-146.476913
-145.766495
-145.212952
-144.709946
-144.286865
-143.996521
-143.635284
-143.280075
-142.916580
-142.468613
-141.884155
-141.124725
-140.426376
-139.933914
-139.512360
-139.259720
-138.738602
-138.084000
-137.532715
-136.918839
-136.222763
-135.674500
-135.155640
-134.464081
-134.004059
-133.573441
-132.978409
-132.609634
-131.985199
-131.227280
-130.688065
-130.287613
-129.788376
-129.212204
-128.539505
-128.074951
-127.574196
-126.806473
-125.890938
-125.139053
-124.721252
-124.192596
-123.458809
-122.826080
-122.329094
-121.932411
-121.271027
-120.526680
-119.903000
-119.384903
-118.700890
-117.877357
-117.282341
-116.781586
-116.271782
-115.513107
-114.737091
-114.188820
-113.669968
-113.156395
-112.345688
-111.375854
-110.562126
-109.731812
-109.091537
-108.446739
-107.895462
-107.176003
-106.544029
-105.986710
-105.353226
-104.779320
-104.016121
-103.292892
-102.642822
-102.123970
-101.558357
-100.956543
-100.173744
-99.246895
-98.291389
-97.700134
-97.184296
-96.597572
-95.837387
-95.123970
-94.444481
-93.756699
-92.841164
-92.020645
-91.481430
-90.872078
-90.097572
-89.441460
-88.796669
-88.169212
-87.328339
-86.748398
-85.988976
-85.222008
-84.456543
-83.675247
-83.044029
-82.276306
-81.473892
-80.853981
-80.280830
-79.869064
-79.353226
-78.622459
-77.967857
-77.300438
-76.546288
-76.001793
-75.628494
-74.991234
-74.277061
-73.544785
-72.909035
-72.080978
-71.514618
-71.012352
-70.331360
-69.786865
-69.163940
-68.348701
-67.600586
-66.906769
-66.245384
-65.622459
-64.972382
-64.403000
-63.908279
-63.347195
-62.615673
-61.955036
-61.361523
-60.642067
-60.054585
-59.474644
-58.970875
-58.620197
-58.144329
-57.519142
-56.809486
-56.117180
-55.331356
-54.621704
-53.953529
-53.530453
-53.074192
-52.518387
-52.025928
-51.479923
-50.865295
-50.260468
-49.528946
-48.830605
-48.317783
-47.884148
-47.216728
-46.649609
-46.015369
-45.393951
-44.932415
-44.455791
-43.872082
-43.311749
-42.804962
-42.264236
-41.616425
-41.063637
-40.719742
-40.098328
-39.476154
-39.120197
-38.823063
-38.547798
-38.074192
-37.566650
-37.168461
-36.631508
-35.996517
-35.533470
-35.175247
-34.773289
-34.236336
-33.665443
-33.175247
-32.746140
-32.047798
-31.565144
-31.072685
-30.669216
-30.280075
-29.625475
-29.090031
-28.764992
-28.436937
-28.006319
-27.361523
-26.939955
-26.470875
-26.041010
-25.602097
-25.181282
-24.761221
-24.430151
-24.360769
-24.620951
-24.970875
-25.312504
-25.515369
-25.423363
-25.125475
-24.691086
-24.200890
-23.740860
-23.354736
-22.986712
-22.630754
-22.154886
-21.753681
-21.427889
-20.952776
-20.573439
-20.086260
-19.644329
-19.239351
-18.784601
-18.264992
-17.644329
-17.214464
-16.604359
-16.017632
-15.594555
-15.231056
-14.672233
-14.221251
-13.637542
-13.160166
-12.966350
-12.746893
-12.565144
-12.195611
-11.811749
-11.328341
-10.870573
-10.432413
-11.047798
-13.138295
-15.183544
-14.599080
-14.277059
-13.854736
-13.533469
-13.332111
-12.954284
-12.538748
-12.008582
-11.584751
-11.237844
-10.968613
-10.597571
-10.248402
-9.902247
-9.616426
-9.136033
-8.659411
-8.310242
-7.856998
-7.513861
-7.176003
-6.806470
-6.452021
-6.198627
-5.844178
-5.452775
-5.271780
-5.179019
-4.931659
-4.781584
-4.498778
-4.007828
-3.605113
-3.087768
-2.748401
-2.467858
-2.012353
-1.674495
-1.587014
-1.559864
-1.350965
-1.059864
-0.558356
-0.170724
0.008763
0.302127
0.543454
0.645264
0.980106
1.251599
1.529879
1.785535
1.947677
2.159593
2.393378
2.842851
3.216154
3.400920
3.409970
3.571357
3.854163
4.181463
4.513288
4.810422
4.879804
4.982368
5.216154
5.427315
5.646018
5.903183
5.879050
5.899412
6.075128
6.384329
6.661855
6.977089
7.207858
7.298356
7.882821
8.934856
9.578145
9.911478
10.145264
10.412232
10.537421
10.775731
11.061554
11.382067
11.629427
11.909970
12.183725
12.511025
12.860950
13.254616
13.610573
13.867738
14.001976
14.172413
14.511025
14.997451
15.526109
15.800618
16.025354
16.187496
16.262911
16.467285
16.739532
17.146019
17.421282
17.552504
17.729729
18.035913
18.394886
18.446169
18.731991
18.872263
18.840588
18.885838
19.009518
19.119623
19.232744
19.404692
19.752354
20.094736
20.403183
20.748583
21.053257
21.333046
21.647526
21.705595
21.930332
22.100016
22.315701
22.424299
22.507256
22.695038
22.974827
23.265173
23.539682
23.722940
23.731237
23.684479
23.768944
24.006500
24.140739
24.342850
24.605293
24.815701
24.811930
24.827013
24.954464
25.127165
25.256124
25.434856
25.546471
25.719170
25.766682
25.839834
25.882067
26.076637
26.443151
26.544962
26.519321
26.480860
26.673168
26.793831
26.930332
27.135460
27.338326
27.395641
27.447678
27.498205
27.531387
27.602278
27.700317
27.720678
27.886591
28.058537
28.077391
28.003485
28.065325
28.051750
28.023092
28.096998
28.170904
28.127165
28.145264
28.083424
27.980106
27.894133
28.008762
28.026863
28.017059
28.189005
28.273470
28.370754
28.274223
28.271961
28.509518
28.562307
28.473318
28.460497
28.629427
28.483122
28.275732
28.234253
28.176939
28.154314
28.179955
28.091719
27.970303
27.896395
27.905445
28.061554
28.037420
28.046471
28.149788
28.216154
28.179955
28.106049
28.227467
28.275732
27.986893
27.750090
27.630936
27.596998
27.740286
27.682972
27.627165
27.500467
27.258387
27.143002
27.155823
27.106802
26.971056
26.819471
26.633951
26.590212
26.514797
26.397903
26.228220
26.167133
26.085686
25.913740
25.738024
25.640739
25.621885
25.589457
25.443907
25.337572
25.262911
25.026863
24.802881
24.734253
24.644510
