-0.063009
-0.068739
-0.153983
-0.126762
-0.186934
-0.187650
-0.153983
-0.196246
-0.302980
-0.300831
-0.148252
-0.013582
0.004327
0.075244
0.053754
0.127536
0.149026
0.242865
0.247163
0.242149
0.093868
-0.073037
-0.054413
-0.081633
-0.113868
-0.285788
-0.176905
-0.204126
-0.107421
-0.131060
-0.196246
0.010057
0.095301
0.151891
0.122521
0.181977
0.301605
0.333123
0.310917
0.207765
0.087421
0.013639
-0.021461
-0.030057
-0.045817
0.008625
0.017937
0.117507
0.116791
0.111777
0.015788
0.113209
0.074527
0.257908
0.298023
0.080974
0.009341
0.056619
-0.009284
-0.997106
-7.539370
-32.111721
-112.098824
-262.244232
-422.318726
-584.156128
-730.864563
-845.718445
-928.052979
-983.830933
-1016.760010
-1031.196289
-1031.257080
-1017.873169
-994.586670
-966.728455
-932.817322
-895.593079
-859.924011
-824.741394
-790.463440
-757.906128
-726.936951
-697.594543
-669.951233
-643.620300
-618.161865
-593.734192
-570.178345
-546.983521
-524.013611
-501.319458
-479.018585
-457.130341
-435.226318
-413.727753
-392.610291
-371.766449
-351.074463
-330.558716
-310.334503
-290.684082
-271.256409
-252.187653
-233.595963
-215.091660
-197.134644
-179.570175
-162.085220
-144.849548
-128.186935
-111.781487
-95.680489
-79.797249
-64.078049
-48.897537
-33.828770
-18.801548
-4.386791
9.609628
23.381834
36.840286
49.899742
62.432693
74.674812
86.634697
98.313065
109.391861
120.467079
131.452042
141.954895
152.176956
162.363205
172.208481
181.980682
191.460632
200.611771
209.358917
217.814499
226.065933
234.090286
241.832413
249.335983
256.545166
263.416229
270.109619
276.464935
282.431274
288.113220
293.708496
299.276520
304.701324
309.633270
314.330963
318.836700
323.129700
327.150452
331.007904
334.560211
337.940582
340.920502
343.881104
346.555176
349.048737
351.425537
353.719940
356.017944
358.139709
360.181976
362.286560
363.966370
365.416931
367.005035
368.270813
369.477814
370.450592
371.429840
372.142578
372.573822
372.966370
373.310211
373.555176
373.383972
373.204895
372.999298
372.632538
372.208496
371.339569
370.576691
369.796600
368.959198
368.044434
366.843140
365.459198
364.252167
363.144714
361.801605
360.297302
358.675537
357.075958
355.409760
353.715637
351.939148
350.081696
348.143280
346.292297
344.120361
341.835999
339.688416
337.546600
335.482117
333.029388
330.536560
328.333130
326.053741
323.419098
320.808777
318.417664
315.996460
313.535858
311.200592
308.800171
306.068085
303.538696
300.962067
298.276520
295.330963
292.429108
289.686981
286.755035
283.638275
280.636139
277.881836
274.905487
271.378265
267.882538
264.664795
261.554474
258.293732
254.832413
251.601028
248.315216
244.955612
241.643295
238.514359
235.352463
232.191284
228.922668
225.792297
222.742859
219.507187
216.206329
213.063782
209.957764
206.542297
202.934845
199.318802
195.560913
191.612488
187.796585
184.457764
181.144730
177.925537
174.628250
171.548019
168.436996
165.520798
162.552322
159.343872
156.284409
153.437714
150.800171
147.868225
144.881119
141.842438
138.828110
135.863922
132.864639
129.758621
126.808769
123.851746
120.940575
118.052322
115.432693
112.878967
110.323814
107.853180
105.115356
102.303040
99.580971
96.871803
94.232834
91.570229
88.840286
86.274384
83.803757
81.196304
78.630402
76.151894
73.711349
71.156906
68.763641
66.096733
63.259342
60.608910
58.059483
55.444870
53.041576
50.705616
48.414783
46.259342
44.275818
42.209915
40.190575
38.133266
36.057335
34.031548
32.012924
29.727106
27.148310
24.521519
21.529398
18.539427
15.720659
12.904757
10.232121
7.868224
5.817364
3.898309
2.116791
0.401175
-1.449112
-3.282923
-4.999971
-6.546533
-8.094527
-9.722034
-11.240659
-12.766447
-14.330917
-15.908998
-17.440516
-19.042234
-20.731346
-22.541519
-24.151117
-25.762865
-27.196962
-28.633209
-30.195530
-31.696962
-33.011433
-34.265732
-35.256420
-36.398968
-37.702694
-39.120316
-40.352406
-41.383926
-42.345959
-43.426189
-44.350258
-45.544384
-46.763580
-48.088081
-49.302265
-50.176189
-51.165443
-52.323753
-53.383926
-54.315159
-55.378197
-56.425472
-57.700546
-58.677620
-59.565872
-60.594528
-61.375328
-62.143955
-62.777191
-63.542236
-64.286507
-65.058708
-65.763580
-66.567307
-67.580917
-68.499252
-69.315872
-70.068741
-70.671890
-71.491379
-72.243523
-72.969170
-73.688370
-74.710571
-75.616020
-76.181206
-76.600975
-77.218452
-77.883926
-78.388222
-79.106705
-79.888939
-80.537933
-80.966301
-81.340233
-81.878197
-82.437653
-82.814438
-83.236359
-83.641808
-84.166161
-84.585213
-84.896820
-85.385361
-85.973465
-86.477768
-86.995674
-87.504272
-88.052979
-88.430489
-88.648254
-88.939079
-89.366730
-89.693382
-90.019310
-90.301544
-90.554413
-90.878197
-91.047249
-91.104553
-91.319458
-91.609573
-91.860283
-92.098824
-92.354553
-92.480629
-92.549400
-92.815872
-93.128197
-93.257851
-93.182632
-93.242805
-93.304413
-93.448395
-93.430489
-93.401115
-93.494957
-93.666878
-93.800117
-93.664009
-93.614586
-93.651115
-93.734932
-93.783638
-93.803696
-93.919029
-94.085930
-94.063011
-94.042953
-93.996391
-93.830200
-93.614586
-93.515732
-93.475616
-93.391090
-93.262146
-93.067307
-92.779343
-92.558708
-92.437653
-92.340233
-92.352409
-92.202690
-92.068024
-91.861000
-91.628914
-91.313011
-91.254982
-91.264297
-90.936935
-90.660431
-90.487793
-90.338081
-90.364586
-90.241379
-90.046532
-89.749252
-89.443382
-89.228485
-88.919739
-88.815155
-88.598106
-88.275040
-87.823753
-87.380341
-86.888939
-86.689079
-86.502121
-86.350258
-85.974182
-85.623184
-85.333069
-85.096680
-84.839516
-84.770744
-84.522179
-84.232780
-83.796532
-83.643951
-83.333069
-82.955559
-82.489227
-82.098824
-81.855988
-81.737793
-81.470604
-80.979195
-80.655418
-80.651115
-80.767166
-81.000687
-80.926186
-80.747826
-80.637505
-80.442665
-80.068024
-79.858856
-79.754272
-79.429771
-78.874611
-78.388939
-77.872467
-77.536507
-77.244240
-76.807281
-76.282204
-75.883209
-75.550835
-75.247826
-74.787224
-74.359573
-73.921173
-73.450546
-72.995674
-72.500687
-72.242805
-71.899681
-71.492805
-70.865303
-70.410431
-70.117447
-69.818024
-69.502121
-69.131775
-68.803696
-68.292236
-67.774330
-67.184067
-66.641090
-66.196243
-65.744957
-65.321602
-64.914009
-64.460571
-63.989944
-63.444096
-62.967735
-62.688366
-62.339512
-61.977764
-61.588795
-61.151119
-60.765732
-60.508568
-60.080917
-59.724182
-59.418308
-59.053696
-58.578053
-58.074471
-57.722752
-57.327335
-56.665443
-56.249256
-55.903267
-55.533638
-54.835217
-54.257133
-53.951260
-53.762150
-53.419025
-53.182636
-52.818741
-52.304413
-52.016445
-51.539371
-51.255703
-51.025761
-50.789371
-50.398968
-49.859570
-49.546532
-49.168308
-49.020027
-48.752838
-48.367451
-48.053696
-47.651833
-47.367451
-47.136791
-46.886791
-46.656849
-46.204842
-45.623180
-45.183353
-44.845959
-44.464153
-43.989227
-43.661861
-43.340229
-42.972034
-42.548683
-42.165443
-41.764297
-41.309425
-40.861721
-40.380344
-39.889656
-39.483494
-39.161144
-38.785072
-38.456993
-38.222752
-37.762150
-37.259998
-36.940517
-36.594528
-36.240658
-35.790802
-35.382492
-35.093811
-34.693382
-34.295101
-33.858139
-33.559425
-33.307995
-32.971317
-32.578053
-32.235645
-31.971317
-31.691233
-31.251404
-30.709141
-30.391806
-30.030773
-29.673325
-29.294384
-28.726332
-28.312292
-27.961288
-27.663296
-27.616016
-27.683352
-27.658997
-27.642521
-27.469885
-27.280773
-27.018597
-26.751404
-26.348825
-25.974899
-25.431919
-25.004986
-24.570889
-24.193380
-23.892521
-23.598108
-23.265730
-22.921890
-22.524326
-22.289370
-21.916876
-21.855272
-21.889656
-21.810860
-21.651117
-21.403982
-20.938366
-20.669743
-20.425472
-20.086647
-19.626762
-19.471317
-19.179054
-18.802263
-18.344526
-18.054413
-17.528625
-17.250689
-17.049398
-16.600258
-16.181919
-15.787937
-15.266447
-14.742808
-14.379627
-14.145387
-13.763581
-13.459857
-13.262865
-12.942665
-12.626762
-12.429054
-12.019312
-11.724899
-11.456275
-11.302263
-10.921891
-10.578768
-10.300831
-10.078052
-9.811576
-9.652550
-9.507851
-9.249255
-8.946246
-8.588797
-8.391088
-8.267163
-8.346676
-8.232063
-8.047966
-7.934785
-7.658997
-7.426906
-7.116017
-6.873897
-6.755702
-6.501404
-6.037220
-5.878195
-5.564441
-5.330201
-5.034355
-4.699112
-4.363868
-4.152550
-4.036504
-3.845243
-3.639656
-3.298682
-3.093811
-3.131777
-2.968453
-2.953410
-2.878195
-2.855989
-2.681203
-2.455559
-2.319456
-2.251404
-1.899685
-1.675473
-1.489226
-1.369599
-1.119599
-0.883925
-0.732779
-0.353840
-0.105989
0.204900
0.301605
0.485702
0.793009
1.092435
1.382550
1.512206
1.657622
1.690573
1.876103
2.045158
2.255759
2.443438
2.651891
2.666218
2.690573
2.810917
2.969943
3.016504
3.260057
3.506476
3.685559
3.618223
3.592436
3.798023
4.161920
4.462780
4.696304
4.749312
4.772235
4.793009
4.906189
5.038711
5.207765
5.306619
5.293009
5.378969
5.435559
5.419799
5.583839
5.843152
6.073094
6.307335
6.416218
6.623238
6.780115
7.017220
7.216361
7.202751
7.278682
7.508625
7.601748
7.673381
7.758625
7.942722
8.128968
8.247880
8.232837
8.285845
8.475674
8.525817
8.598166
8.918366
9.025101
9.036562
9.131118
9.201318
9.271519
9.429111
9.333123
9.392579
9.525101
9.674814
9.753611
9.856762
9.918366
9.958482
10.040143
10.166934
10.340286
10.397593
10.376820
10.530114
10.648310
10.574527
10.657621
10.770086
10.843868
10.762206
10.729971
10.785129
10.916218
11.058768
11.060201
10.952034
11.025817
11.108912
11.132550
11.283696
11.463495
11.473524
11.474240
11.477106
11.517937
11.573811
11.687708
11.894728
11.999312
11.980688
11.959198
11.957765
11.976390
11.953467
12.034412
12.101031
12.173381
12.231404
12.208482
12.259341
12.226390
12.141863
11.976390
11.865358
11.924814
11.933410
11.939857
11.826676
11.770086
11.838854
11.843152
11.847450
11.911920
12.028682
12.075960
12.110344
12.189140
12.399742
12.568796
12.578825
12.593152
12.594584
12.627536
12.626820
12.770802
12.738567
12.689140
12.583123
12.475674
12.434842
12.381118
12.409055
12.417650
12.441289
12.527966
12.575244
12.565215
12.499312
12.578109
12.599599
12.575244
12.495014
12.503611
12.410487
12.465645
12.533696
12.617507
12.717077
12.669800
12.780831
12.850315
12.789427
12.815931
12.805186
12.959914
12.947021
12.951318
12.861776
12.823811
12.795874
12.950602
12.959198
12.931977
12.767937
12.672665
12.641146
12.629684
12.630402
12.676963
12.632550
12.582407
12.587421
12.584556
12.609628
12.607478
12.652608
12.704900
12.864642
12.871805
12.803754
12.811633
12.889713
12.881118
12.829541
12.820946
12.933410
12.944155
12.864642
12.812349
12.739284
12.570230
12.392579
12.240000
12.017937
11.987851
11.786562
11.631118
11.667650
11.663352
11.539427
11.500745
11.394011
11.326676
11.310917
11.257192
11.342436
11.377536
11.343868
11.295874
11.325960
11.262922
11.323811
11.355330
11.354613
11.179111
11.213495
11.129684
11.015788
10.890429
10.793009
10.818080
10.773667
10.707765
10.742149
10.780114
10.929111
10.990716
10.982121
10.982837
10.982837
10.938424
10.838854
10.807335
10.880402
