0.089064
-0.006681
0.106085
0.157149
-0.006681
-0.200298
-0.121574
-0.034340
0.103957
-0.002426
-0.076894
-0.032213
-0.123702
-0.168383
-0.206681
-0.136468
-0.055617
-0.166255
0.061404
0.086936
0.012468
-0.293915
-0.208809
-0.091787
-0.006681
-0.059872
-0.138596
-0.206681
-0.123702
0.140128
0.223106
0.272043
0.146511
0.038000
-0.144979
-0.104553
-0.055617
0.176298
0.257149
0.427362
0.212468
0.048638
0.129489
0.206085
0.025234
0.095447
0.078426
-0.025830
-0.053489
-0.240723
-0.281149
-0.300298
-0.047106
0.063532
-0.042851
-0.191787
-0.227957
-0.191787
0.006085
-0.472638
-5.108809
-28.017319
-116.836472
-293.108795
-485.108795
-661.106689
-792.889648
-892.357727
-960.793945
-1004.313049
-1027.953491
-1035.619507
-1030.889648
-1014.917297
-991.583252
-964.400269
-932.402405
-899.151367
-866.308838
-833.825806
-802.453491
-772.344971
-743.247131
-715.338623
-688.402405
-662.215210
-637.042847
-612.453491
-588.251343
-564.768372
-541.644958
-519.051392
-496.672638
-474.500305
-452.215179
-430.587524
-409.200287
-387.889648
-367.419434
-347.062012
-327.313049
-307.396057
-287.562012
-267.562012
-246.879028
-226.530090
-206.713058
-187.583282
-169.308807
-151.413071
-133.408813
-115.885406
-99.093918
-82.351364
-65.493912
-48.687531
-32.391788
-16.510937
-0.721574
14.518851
29.401831
43.859276
57.872044
72.144386
85.676300
98.214592
110.801826
122.850769
134.729492
146.361404
157.306091
168.120972
178.855026
189.101837
198.852890
208.244385
217.497574
226.716721
235.738007
244.178421
252.357147
260.527374
268.148651
274.880554
281.903961
289.182678
295.840118
301.937988
307.531616
313.165649
318.429504
323.720978
328.706085
333.825226
338.801819
343.474182
347.727356
351.846497
355.589050
359.238007
362.467773
365.323120
367.912476
370.540131
373.514587
376.327362
378.906097
381.174164
383.186951
384.912476
386.406097
387.859283
388.908203
389.557159
390.176300
390.818848
391.193329
391.476288
391.672028
392.133759
392.527374
392.382690
391.725220
391.029480
390.280548
389.827362
388.861389
387.799713
386.563538
385.189056
384.023102
382.678436
381.263519
379.972046
378.772034
377.440125
376.040131
374.908203
373.078430
371.372040
369.510345
367.631622
365.876312
363.759277
361.629486
359.518860
357.450775
355.125244
352.365662
349.712463
346.857147
343.780548
340.586945
337.391205
334.529480
331.310333
328.078430
324.918854
321.580566
318.431610
315.542267
312.533752
309.269928
305.914581
302.503967
299.225220
296.155029
292.944397
289.491180
286.320984
283.203949
279.933746
276.925232
273.944397
270.723114
267.227356
263.689056
259.748627
255.835876
251.537994
247.229492
243.640121
240.216721
236.563538
232.786942
229.233749
225.803955
222.540131
219.308212
216.114594
213.063538
210.095444
207.248642
204.089066
200.820984
197.350769
193.727356
190.225235
186.957153
183.901825
180.880554
177.644379
174.423111
171.165665
168.289062
165.738007
162.925232
160.040131
156.935867
153.689056
150.440125
147.220978
144.006088
140.899704
137.810333
134.652893
131.269913
128.203964
125.197571
122.250763
119.314598
116.035873
112.891190
110.044380
107.180550
104.646507
101.769913
98.616722
95.561401
93.086937
91.086937
88.895447
86.401833
83.410339
80.589066
78.344383
75.555023
72.737999
70.069916
67.748642
65.086937
61.848637
58.601830
55.950768
53.620979
51.418850
49.484810
47.378426
45.074169
42.503956
39.901829
37.316723
34.820980
32.455021
30.423107
28.289064
26.008213
24.257149
22.563532
20.361404
18.142256
15.827362
13.446510
10.946510
8.699702
7.044383
5.540128
3.716723
1.640128
-0.540723
-2.372638
-3.862000
-5.455617
-7.132213
-9.134340
-10.630085
-12.176893
-13.883277
-15.602426
-17.034340
-18.630085
-20.208809
-21.872639
-23.257744
-24.859873
-26.519447
-28.655617
-30.468384
-31.504553
-32.610935
-33.562000
-34.776894
-36.444981
-38.110935
-39.698170
-41.310936
-42.666256
-43.661999
-44.859871
-46.268383
-47.481148
-48.727959
-49.906681
-51.053490
-51.851360
-52.693916
-53.372639
-54.519447
-55.970512
-56.900299
-57.570511
-58.319447
-59.285404
-60.027958
-61.008808
-62.070511
-63.170509
-64.225830
-65.172638
-66.087532
-67.213066
-68.296043
-68.796043
-69.051361
-69.823700
-70.547104
-71.362000
-72.091789
-72.627960
-73.127960
-73.847107
-74.472641
-75.381149
-76.315193
-76.717316
-76.721573
-76.902428
-77.836472
-78.600296
-79.068382
-79.696045
-80.372635
-80.983276
-81.372635
-81.859871
-82.662003
-83.481148
-84.108810
-84.574768
-84.872635
-85.436470
-85.900299
-86.027954
-86.304550
-86.857742
-87.225830
-87.491791
-87.708809
-87.991791
-88.362000
-88.379021
-88.751358
-89.155617
-89.470512
-89.570511
-89.966255
-90.219444
-90.532211
-90.736465
-90.732216
-90.868385
-91.125832
-90.872635
-90.827957
-91.387535
-91.930084
-91.759872
-91.742851
-93.547104
-96.468384
-99.502426
-101.779022
-103.274765
-104.619446
-105.415192
-105.821571
-105.968384
-106.396042
-106.523705
-106.189659
-105.783279
-105.647110
-105.130089
-104.493912
-104.015190
-103.381149
-103.006683
-102.713066
-102.040726
-101.479019
-101.587532
-101.732216
-101.079018
-100.583275
-99.913063
-99.262001
-99.102425
-99.162003
-98.944977
-98.368385
-97.953491
-97.406677
-96.793915
-96.540726
-96.042854
-95.566254
-95.234337
-94.698174
-94.023705
-93.547104
-93.408806
-93.268379
-93.159874
-93.087532
-92.489662
-91.708809
-91.393913
-91.096039
-90.849236
-90.513062
-90.055618
-89.568382
-89.198174
-89.000298
-88.725830
-87.876892
-87.306679
-86.472641
-86.044975
-85.827957
-85.344978
-85.191788
-84.830086
-84.027954
-83.442848
-83.055618
-82.838593
-82.500298
-82.270508
-81.896042
-81.379021
-80.657745
-80.132210
-79.883278
-79.459869
-78.968384
-78.383278
-78.193916
-77.793915
-77.110939
-76.532211
-76.244980
-75.832214
-75.283279
-74.640724
-74.087532
-73.310936
-72.766258
-72.189659
-71.925827
-71.515190
-70.902428
-70.534340
-70.325829
-70.166252
-69.687531
-69.187531
-68.530083
-67.730087
-67.234337
-67.410934
-67.353493
-66.866257
-66.025833
-65.181152
-64.740723
-64.344978
-63.953491
-63.647106
-63.479023
-63.051361
-62.149235
-61.376892
-61.202427
-61.185406
-60.766254
-60.430084
-60.066254
-59.770512
-59.355618
-58.953491
-58.630085
-58.927956
-59.023701
-58.727959
-58.410934
-58.081150
-57.506680
-56.932213
-56.598171
-56.498169
-56.406681
-55.976894
-55.649235
-55.076893
-54.508808
-54.000298
-53.434341
-53.081150
-52.785404
-51.891788
-51.036469
-50.508808
-50.132214
-49.859871
-49.281151
-48.619446
-48.415192
-48.217319
-47.930084
-47.410934
-47.191788
-47.191788
-46.651363
-45.938595
-45.527958
-45.332214
-44.900299
-44.487534
-43.953491
-43.542850
-43.213062
-43.017319
-42.770512
-42.483276
-42.185406
-41.493916
-40.953491
-40.736469
-40.438595
-40.208809
-39.619446
-39.117321
-38.827957
-38.810936
-38.649235
-38.270512
-37.959873
-37.757744
-37.508808
-36.955616
-36.793915
-36.830086
-36.493916
-36.142853
-35.523701
-34.972637
-34.485405
-34.215191
-33.932213
-33.657745
-33.106682
-32.481148
-32.117321
-31.813065
-31.566256
-30.887531
-30.315191
-29.872639
-29.702425
-29.755617
-29.351362
-28.662001
-28.332212
-28.104553
-27.900297
-27.815191
-27.457745
-27.117319
-26.359873
-25.649235
-25.370510
-25.353489
-25.047106
-24.551361
-24.130085
-23.923702
-23.332212
-23.021574
-22.951363
-22.876894
-22.393915
-22.319447
-22.534340
-22.832212
-22.768383
-22.810936
-22.559872
-22.302425
-22.047106
-21.776894
-21.591787
-21.261999
-20.791788
-20.468384
-20.170511
-20.155617
-19.727957
-19.210936
-18.551361
-18.104553
-17.527958
-17.140724
-17.119448
-17.081148
-16.810936
-16.547106
-16.298170
-16.059872
-15.766255
-15.442851
-15.525829
-15.393915
-15.319447
-14.891788
-14.444979
-14.215192
-13.627957
-13.219447
-13.057745
-12.770511
-12.547107
-12.215192
-12.093915
-12.049234
-12.049234
-11.740724
-11.506680
-11.553490
-11.749234
-11.793915
-11.213064
-10.883277
-10.496042
-10.347106
-9.781149
-9.459872
-9.125830
-8.810936
-8.291787
-7.817319
-7.404553
-6.944979
-6.751362
-6.540723
-6.276894
-6.042851
-5.793915
-5.444979
-5.398170
-5.234340
-5.238596
-4.932213
-4.849234
-4.817319
-5.138596
-5.281149
-5.281149
-5.096043
-4.783277
-4.738596
-4.462000
-4.040723
-3.985404
-4.106681
-3.951362
-3.704553
-3.408808
-3.055617
-2.876894
-2.564128
-2.419447
-2.289660
-2.136468
-1.879021
-1.576894
-1.366255
-1.047106
-0.553489
0.074170
0.367787
0.612468
0.446511
0.431617
0.684808
0.935872
1.014596
1.210340
1.423106
1.514596
1.763532
1.893319
1.699702
1.712468
1.863532
2.308213
2.608213
2.910340
3.020979
3.067787
2.957149
2.995447
2.969915
3.238000
3.561404
3.935872
4.116724
4.146511
4.191192
4.080553
4.640128
5.342255
5.616724
5.620979
5.855021
6.140128
6.410340
6.538000
6.676298
6.978426
7.365660
7.180553
6.912468
6.827362
7.027362
7.010340
6.878426
7.106085
7.297575
7.459277
7.335872
7.567787
7.395447
7.378426
7.450766
7.491191
7.284809
7.138000
6.916723
6.780553
7.072042
7.029490
7.112468
7.257149
7.469915
7.578425
7.650766
8.020979
8.067787
8.120978
8.306085
8.342256
8.246511
8.044383
7.933745
8.008213
8.252893
8.791191
9.016724
8.931617
9.229489
9.178426
9.140128
9.244383
9.220979
9.623106
9.918851
10.038000
9.876298
9.538000
9.642256
9.820979
9.908213
10.169915
10.323107
10.284808
10.301829
10.018851
9.835873
9.729489
9.984809
9.861404
9.757149
9.774170
10.055021
10.172043
10.255021
10.157149
9.978426
9.767787
10.010341
10.133744
10.206085
10.429489
10.635872
10.638000
10.674170
10.542255
10.640128
10.720979
10.542255
10.644383
11.012468
11.076298
11.067787
11.101830
11.189064
11.431617
11.472042
11.540128
11.493320
11.644383
11.650766
11.718851
11.744383
11.667788
11.486937
11.476298
11.589064
11.501830
11.310341
11.489064
11.631617
11.816724
11.865660
11.703958
11.480554
11.759276
12.172043
12.144383
12.163532
12.476298
12.374170
12.063532
11.808213
11.838000
11.833745
11.627361
11.597574
11.844383
11.869915
11.944383
11.846511
11.929489
12.282681
12.210340
12.193319
12.210340
12.265659
12.206085
12.091191
11.965659
11.825234
11.940127
11.986937
11.897574
11.935872
11.812469
12.014596
11.925234
11.778425
12.012468
12.118851
11.950766
12.020979
11.910340
11.735872
11.601830
11.474171
11.367787
11.661405
11.925234
11.918851
11.676298
11.659277
11.708213
11.908213
11.961404
11.955021
12.152894
12.238000
12.065660
11.955021
12.029490
12.099702
11.989064
11.923106
12.155022
11.861404
11.452893
11.257149
11.295446
11.303957
11.463531
11.557149
11.506085
11.761404
11.644383
11.557149
11.312469
11.484809
11.631617
11.731617
11.531617
11.393319
11.448638
11.346511
11.201830
10.961404
10.935872
10.884809
11.031617
11.048638
11.216723
11.165660
11.120978
10.899702
10.916723
10.999702
10.976298
10.908213
10.914596
11.059277
11.193319
11.203958
10.963531
10.931617
10.842256
10.674170
10.678426
10.663532
10.784808
10.803957
10.803957
10.746511
10.512468
10.489064
10.546511
10.406085
10.233745
10.167788
10.125234
9.933744
9.931617
