0.298896
0.148153
0.177877
0.005902
0.008025
-0.051423
-0.168195
-0.225520
-0.382633
-0.257367
-0.166072
0.027134
0.175754
0.218217
0.169384
0.449639
0.341359
0.252187
0.298896
0.275541
-0.140594
-0.125732
0.018641
0.090828
0.190616
0.250064
0.349851
0.262803
-0.045053
0.050488
0.075966
0.190616
0.199108
-0.064161
-0.306200
-0.573716
-0.648025
-0.656518
-0.584331
-0.221274
-0.176688
-0.278599
-0.389002
-0.414480
-0.246752
0.071720
0.292527
0.383822
0.398684
0.449639
0.596136
0.763864
0.481486
0.368960
0.341359
0.222463
0.056858
0.029257
-0.223397
-2.104501
-10.110870
-35.189426
-95.510025
-201.909164
-299.527008
-372.293457
-430.410248
-475.291351
-503.316803
-517.836975
-523.917664
-522.437805
-515.342285
-505.427216
-492.452698
-477.490906
-462.786041
-447.304077
-431.928284
-417.081146
-402.601318
-388.017456
-373.830627
-359.771179
-345.987732
-332.724457
-319.947388
-306.951630
-294.115112
-281.393250
-268.484558
-255.679871
-243.465439
-231.826370
-220.467560
-209.431458
-198.100250
-186.928284
-175.911301
-165.140594
-154.832733
-144.412354
-134.062042
-124.104500
-113.832741
-103.803017
-94.142715
-84.520638
-75.312569
-65.737198
-56.493034
-47.620426
-38.972866
-30.321062
-22.015329
-13.609809
-5.590701
2.309512
9.929469
17.661953
25.133291
32.173630
39.381699
45.969810
52.462379
58.670444
64.426285
70.517578
76.296776
81.551552
86.829681
92.409302
97.354095
102.135414
106.379578
110.462379
114.942207
119.345604
123.642845
127.742630
131.568542
135.746872
139.825439
143.742630
147.492096
151.037750
154.483612
158.245819
161.774475
164.619492
166.763870
169.033508
171.462372
173.636475
176.001663
178.419922
180.360474
182.069595
183.774475
185.523956
186.976181
187.725647
188.649216
189.782974
190.676819
191.481491
192.160889
192.853043
193.577026
193.897629
194.782974
195.443268
195.672562
196.041992
196.644974
197.069595
197.020767
196.855164
196.929474
196.959198
196.632233
196.530319
196.538818
196.328613
196.101440
195.594009
194.933716
194.156647
193.496353
192.719284
192.050491
191.430527
190.732010
189.897629
189.158768
188.209717
187.487854
186.311630
185.005905
183.961319
183.167267
182.315887
181.375336
180.339233
179.602509
178.759613
177.991043
176.808456
175.341354
173.870026
172.613113
171.513336
170.061111
168.625854
167.337112
165.912491
164.050491
162.615250
161.356216
160.196991
159.001663
157.638596
156.511215
155.243698
153.689560
152.428406
150.870026
149.020767
147.591888
146.441147
145.120544
143.615250
142.235199
140.657700
139.135406
137.791458
136.617371
135.027130
133.192734
131.256439
129.668320
128.025009
126.506966
124.974052
123.415672
121.929466
120.364716
118.746880
117.120552
115.029259
113.379578
111.515457
109.647095
107.833931
106.114182
104.413544
102.540932
100.700172
99.286156
97.640724
95.799957
93.859406
91.846664
90.075966
88.500595
86.927345
85.186371
83.260681
81.430534
79.723526
77.920975
76.194862
74.638596
73.075966
71.483612
70.001656
68.379578
66.381699
64.570656
63.642845
62.477242
60.863651
59.222462
57.727772
56.039871
54.676815
53.112061
51.511211
49.887005
48.271294
47.005901
45.957069
44.402931
42.974056
41.445393
39.948578
38.636475
36.887005
35.349850
33.914608
32.519703
31.264925
29.719278
28.298897
26.993164
25.793589
24.243694
22.727770
21.702293
20.695923
19.553673
18.165138
16.927345
15.780849
14.456009
13.014395
12.143907
11.211847
10.069596
8.884883
7.751125
6.901868
6.058981
4.827559
3.780849
2.870021
1.619491
0.390191
-0.488790
-1.365648
-2.246752
-2.851847
-3.548238
-4.686242
-5.807261
-6.756306
-7.766922
-8.771168
-9.414480
-10.112993
-10.830616
-11.478174
-12.359278
-13.507898
-14.221273
-15.151210
-16.512144
-17.021698
-17.518515
-18.096008
-18.815754
-19.246752
-19.983482
-20.913418
-21.679873
-22.478174
-23.253120
-24.115116
-24.851847
-25.155457
-25.868832
-26.397495
-27.140594
-27.826370
-28.416603
-29.032314
-29.924034
-30.548237
-31.401741
-31.853970
-32.316814
-32.788155
-33.304077
-33.622547
-34.259491
-35.276474
-35.985603
-36.208534
-36.535500
-36.917664
-37.267982
-37.416603
-37.707474
-38.280724
-39.051422
-39.469681
-39.756306
-40.282845
-40.900681
-41.236137
-41.127857
-41.059914
-41.157581
-41.826370
-42.276474
-42.456944
-42.437836
-42.616177
-42.924034
-43.193672
-43.677750
-44.166073
-44.121487
-44.108746
-44.231888
-44.584332
-44.807262
-45.023823
-45.242504
-45.735073
-45.877323
-46.170319
-46.543991
-46.484543
-46.323185
-46.344418
-46.732952
-46.962250
-47.168194
-47.333801
-47.439957
-47.535500
-47.817879
-48.221275
-48.323185
-48.321060
-48.359280
-48.614056
-48.887939
-48.898556
-48.943142
-48.991974
-48.994099
-48.841232
-48.503651
-48.749935
-49.006836
-49.042931
-48.953758
-49.191551
-49.486668
-49.671379
-49.679874
-49.760551
-49.898556
-50.076900
-50.439957
-50.618301
-50.469681
-50.323185
-50.427219
-50.344418
-50.110870
-50.040806
-49.890064
-49.822124
-49.820000
-50.011082
-50.297707
-50.191551
-50.146965
-49.951633
-49.756306
-49.550362
-49.594948
-49.643780
-49.626793
-49.382633
-49.155457
-48.970741
-48.915543
-49.066284
-49.185181
-49.234013
-49.168194
-49.030190
-48.885818
-48.752060
-48.815754
-48.917664
-48.953758
-48.616177
-48.210659
-48.011082
-47.828491
-47.701103
-47.516392
-47.465435
-47.749935
-47.941021
-47.962250
-47.346539
-46.658642
-46.079021
-45.834862
-45.979237
-45.822124
-45.524883
-45.416603
-45.641655
-45.732952
-45.384754
-44.701103
-44.246750
-44.234013
-44.565224
-44.548237
-44.359280
-43.985603
-43.853970
-43.743568
-43.588577
-43.242504
-43.051422
-42.813629
-42.728706
-42.439957
-42.053547
-41.919788
-42.062038
-41.771168
-41.217026
-40.834862
-40.690487
-40.754181
-40.520638
-39.953758
-39.512146
-39.718090
-40.159702
-40.159702
-39.541870
-39.132103
-38.766922
-38.565224
-38.571594
-38.325310
-38.059914
-37.911297
-37.552483
-37.333801
-37.295586
-37.106625
-36.898556
-36.777538
-36.709595
-36.675625
-36.554607
-36.225521
-36.023823
-35.601315
-35.083271
-34.875202
-34.885818
-34.539745
-34.333801
-34.459064
-34.250999
-33.713844
-33.261612
-33.178810
-32.811508
-32.588577
-32.628918
-32.626793
-32.276474
-32.070530
-32.085392
-31.943142
-31.766922
-31.662888
-31.267982
-31.017452
-30.985605
-30.972866
-30.607685
-30.234013
-29.828493
-29.726582
-29.558853
-29.344416
-29.257368
-29.344416
-29.255243
-28.881571
-28.541868
-28.469681
-28.134226
-28.274353
-28.870955
-29.968620
-30.847601
-31.599194
-32.119362
-32.357155
-32.038685
-31.766922
-31.692612
-31.361401
-31.206411
-30.870955
-30.465435
-29.943142
-29.671379
-29.730827
-29.631041
-29.783907
-29.945265
-30.172441
-30.059916
-29.675627
-29.121487
-28.894310
-28.805138
-28.735075
-28.826370
-28.728704
-28.231890
-27.692612
-27.163950
-26.405987
-25.554607
-25.138472
-24.688366
-24.344416
-23.987728
-23.936773
-23.643780
-23.110870
-22.726582
-22.422972
-22.129978
-21.459066
-21.000467
-20.518515
-20.098131
-19.991974
-19.800892
-19.136349
-18.832739
-18.684118
-18.614056
-18.238258
-17.828493
-17.546114
-17.117239
-16.624670
-16.250998
-16.172441
-15.803015
-15.535499
-15.431465
-15.110870
-14.711720
-14.261614
-13.756306
-13.471805
-13.183058
-13.040807
-13.189426
-13.068408
-12.788153
-12.633163
-12.372017
-11.981359
-11.628917
-11.652272
-11.631041
-11.512144
-11.439958
-11.287091
-11.017452
-10.832739
-10.505774
-10.569469
-10.599194
-10.499406
-10.200043
-10.072654
-9.779660
-9.669257
-9.486667
-9.121487
-9.096008
-8.924034
-9.021699
-9.049299
-9.295584
-9.110870
-8.803015
-8.909172
-9.047176
-9.123610
-8.909172
-8.605562
-8.108747
-7.834862
-7.569469
-7.374140
-7.202166
-6.989851
-6.584331
-6.261613
-6.155457
-6.045053
-5.875202
-5.726582
-5.643779
-5.588577
-5.246752
-4.966497
-4.539745
-4.257367
-3.894310
-3.771168
-3.851847
-3.919788
-3.730828
-3.654395
-3.720212
-3.594947
-3.403864
-3.471805
-3.166072
-2.868832
-2.454819
-2.225520
-1.981359
-1.870955
-1.520637
-1.548238
-1.577962
-1.698981
-1.571592
-1.335924
-1.244628
-1.255244
-1.372017
-1.348662
-1.480297
-1.308323
-1.076900
-0.900679
-0.752059
-0.875202
-0.635287
-0.645902
-0.620425
-0.505775
-0.304076
-0.134225
-0.038684
0.029257
0.194862
0.218217
0.483609
0.574904
0.566412
0.583397
0.613121
0.509087
0.610998
0.884883
0.893376
1.061104
1.296773
1.309512
1.394437
1.247941
1.241571
1.502718
1.693800
1.838174
1.974055
1.895499
1.865775
1.920977
1.997410
2.003779
1.950701
2.075966
2.097198
2.324374
2.670446
2.793588
2.897622
3.014395
3.071720
3.014395
3.318004
3.381699
3.349851
3.422038
3.358344
3.428408
3.751125
3.952824
4.054735
4.052611
4.022888
4.099320
4.256433
4.103567
3.874268
3.717155
3.698047
3.782972
3.462378
3.114182
2.937962
2.991040
3.267049
3.630106
4.044119
4.073843
3.884883
3.914607
4.334990
4.364713
4.479363
4.621614
4.589767
4.808450
4.704416
4.606751
4.621614
4.734140
4.782972
4.872144
4.948577
4.855159
4.763864
4.765987
4.899745
4.887006
4.729894
4.373206
4.498471
4.596136
4.649214
4.712909
4.740510
4.808450
4.838174
4.795711
4.999533
5.209724
5.273418
5.320127
5.390191
5.354098
5.235202
5.048365
4.723525
4.774480
4.850913
4.897622
4.644968
4.717155
4.884883
4.899745
5.003779
4.836051
4.761741
4.717155
4.865775
5.184246
5.351974
5.642845
5.377452
4.952824
4.848790
5.029257
5.069597
4.428408
2.927346
1.551550
0.661953
-0.032314
-0.698981
-1.064161
-1.189427
-1.257367
-1.153333
-1.074777
-1.015329
-1.096009
-0.953758
-0.609809
-0.253121
-0.136348
0.050488
0.175754
0.320127
0.468747
0.517580
0.829682
1.092951
1.411422
1.710786
2.298896
2.678938
2.759618
2.882760
2.918854
3.016518
3.092951
3.180000
3.413546
3.560042
3.812696
3.715032
3.334989
2.920977
2.445393
2.154522
1.935839
1.785096
1.738386
1.526072
1.532442
1.678938
1.908238
2.373206
2.672569
2.698047
2.940085
3.192739
3.027134
3.016518
3.033503
3.173630
3.109936
3.368960
3.816943
4.118429
4.513333
4.712909
4.681062
4.574904
4.700170
4.787219
5.037749
5.424161
5.617367
5.443270
5.196985
5.443270
5.819066
5.742633
5.621614
5.513333
5.704416
6.105690
6.521826
6.916730
7.328620
7.318004
7.258556
7.447516
7.744756
7.666200
7.402930
7.216094
7.099320
7.294650
7.413546
7.260679
7.086582
7.063227
7.061104
7.279788
7.383821
7.540934
7.799958
8.243694
8.475117
8.413546
8.286157
8.258556
8.201231
8.366837
8.530318
8.494226
8.644968
8.859406
9.084458
9.341359
9.233079
9.152399
9.075966
8.863652
8.923100
8.995287
8.957070
8.999533
8.942208
8.772357
8.746879
8.738386
8.993163
9.056858
8.914607
8.965563
8.831804
8.787219
8.723524
8.585520
8.509087
8.462378
8.487856
8.564289
8.638598
8.712909
8.519703
8.487856
8.585520
8.356221
8.305265
8.245817
7.995286
7.829681
7.717155
7.657707
