0.077413
0.103618
0.134894
0.038529
-0.052764
-0.085731
-0.024024
-0.013035
-0.005427
0.005562
0.070651
0.024159
0.028385
-0.003736
0.059662
0.042756
-0.138986
-0.203229
0.023314
0.013170
0.039374
0.025850
0.219425
0.253238
-0.100101
-0.071361
0.086712
0.299729
0.128977
0.049518
0.016551
0.037684
-0.067980
-0.096720
0.008098
-0.017261
0.014861
-0.012189
0.011479
0.137430
-0.156737
-0.284379
-0.086576
-0.040085
-0.009653
-0.180406
-0.212527
-0.069670
-0.001200
-0.017261
0.042756
0.087557
0.138276
0.079104
0.077413
0.094320
-0.008808
-0.003736
-0.117853
-0.799172
-5.800862
-29.679138
-117.621658
-287.572632
-472.553192
-650.036682
-809.684204
-935.148254
-1026.151611
-1088.461060
-1127.094971
-1144.876953
-1145.852417
-1134.162598
-1112.838013
-1084.174438
-1051.294556
-1016.426392
-980.645325
-944.473755
-908.839722
-874.082336
-840.141541
-807.985962
-777.417908
-747.259033
-718.264099
-690.357910
-663.017273
-636.133911
-610.030762
-584.538818
-559.784790
-535.046875
-510.364685
-486.105164
-462.211670
-438.293671
-414.871033
-391.874390
-369.022339
-346.450897
-324.243805
-302.475433
-281.000366
-260.242126
-239.952179
-220.134766
-200.505844
-181.248032
-162.377365
-143.543884
-125.046844
-106.832138
-89.052765
-71.667305
-54.455975
-37.632645
-21.393423
-5.749299
9.652224
24.722383
39.465408
54.060509
68.217735
81.844955
95.035995
107.883835
120.413002
132.510208
144.304794
155.854248
167.076569
177.906662
188.640396
199.082489
209.155182
218.871155
228.443436
237.867783
246.961609
255.567688
263.988647
272.249847
280.176300
287.900757
295.396088
302.522888
309.304810
315.765503
322.163635
328.486542
334.481476
340.122223
345.548248
350.621796
355.330994
359.898193
364.174622
368.243927
372.223663
375.949768
379.452728
382.851715
385.811127
388.620941
391.334381
393.716461
396.185608
398.624329
400.785797
402.834808
404.804382
406.561768
408.263367
409.838196
411.251556
412.708862
413.749420
414.700409
415.635315
416.317474
416.721527
416.890594
417.324249
417.454407
417.455261
417.473022
417.351288
416.765503
416.198303
415.421448
414.675903
413.866089
412.785797
411.432434
410.236328
409.101929
407.764648
405.955688
403.996277
402.029236
399.893982
397.674194
395.555023
393.653076
391.693634
389.731689
387.469635
385.041077
382.620941
380.458649
378.210968
375.558380
372.998810
370.284515
367.415527
364.467957
361.584595
358.850861
355.955688
353.001343
349.778168
346.555847
343.464569
340.574463
337.437500
334.081635
330.742676
327.509369
324.232117
320.950623
317.877930
314.776489
311.456116
308.006409
304.702087
301.345367
297.908356
294.342834
291.170410
288.152649
284.582916
280.936249
277.421448
273.937103
270.518677
267.127289
263.851715
260.539795
257.110382
253.613342
250.161102
246.683502
243.227036
239.742676
236.295502
232.560089
228.820435
225.147568
221.391022
217.434982
213.555862
210.087555
206.827209
203.470474
200.003021
196.627716
193.450195
190.423996
187.257462
183.958221
180.683502
177.276901
174.063049
170.870316
167.511063
164.245636
161.052902
158.009796
154.953995
151.969208
148.966675
145.865234
142.709702
139.748581
136.930328
133.984436
130.800156
127.643768
124.558395
121.725761
118.597275
115.597275
112.829735
109.972595
107.205902
104.359749
101.571075
98.589668
95.424835
92.435822
89.583755
86.879608
84.163635
81.197449
78.387642
75.438362
72.746895
70.098549
67.504295
65.073189
62.675892
60.424835
58.030922
55.371582
52.844952
50.344532
47.851715
45.449348
43.206745
40.757042
38.216888
35.665749
33.277752
31.108690
28.795080
26.342840
24.011478
21.773947
19.615030
17.450195
15.314945
13.108689
10.867777
8.726610
6.659831
4.722384
2.666593
0.566002
-1.493170
-3.460203
-5.423009
-7.313964
-9.100101
-10.723094
-12.730701
-14.734928
-16.420473
-18.155046
-19.675756
-21.297058
-22.771276
-24.247185
-25.929350
-27.595451
-29.304667
-30.981758
-32.770432
-34.376518
-36.084042
-37.658005
-39.104328
-40.472038
-41.871021
-43.299595
-44.789875
-46.137295
-47.428082
-48.677448
-50.138985
-51.341858
-52.544735
-53.798325
-54.996128
-56.264938
-57.615738
-58.838055
-60.002892
-61.234505
-62.455975
-63.626728
-64.885391
-66.104324
-67.274239
-68.330025
-69.113625
-70.118698
-71.253944
-72.313965
-73.091652
-73.995285
-74.914978
-75.903145
-76.835518
-77.579391
-78.259865
-79.171104
-80.121231
-81.139832
-81.985138
-82.719711
-83.309738
-83.977531
-84.676605
-85.256485
-85.948792
-86.886238
-87.794098
-88.527824
-89.090805
-89.510918
-89.859192
-90.336784
-91.277618
-92.162651
-92.656311
-92.863419
-93.265785
-93.894691
-94.352852
-94.836365
-95.206612
-95.689285
-96.265785
-96.679138
-97.261559
-97.718025
-98.144058
-98.483025
-98.936958
-99.297905
-99.650398
-100.051918
-100.285225
-100.560791
-100.696892
-100.668152
-100.798325
-100.971611
-101.312271
-101.604752
-101.815231
-102.100945
-102.275078
-102.390045
-102.552345
-102.964851
-103.264938
-103.284378
-103.485565
-103.688438
-103.846512
-103.965698
-104.174492
-104.426392
-104.483871
-104.425545
-104.553185
-104.737465
-104.825378
-104.559952
-104.607285
-104.736618
-104.751831
-104.853271
-105.111092
-105.414558
-105.537971
-105.524445
-105.364685
-105.407791
-105.548119
-105.551498
-105.439919
-105.316498
-105.149132
-105.077278
-104.968231
-104.864258
-104.652931
-104.423851
-104.155045
-103.870178
-103.491478
-103.169418
-103.062065
-102.857498
-102.622505
-102.416245
-102.329178
-102.351158
-102.076431
-101.682518
-101.582771
-101.465271
-101.103485
-100.712952
-100.450058
-100.207458
-99.874405
-99.416245
-99.008804
-98.775505
-98.642792
-98.457664
-98.208298
-98.119545
-97.898071
-97.485565
-97.023178
-96.689285
-96.341011
-95.867645
-95.324112
-95.112778
-94.922585
-94.614052
-94.245491
-93.778885
-93.449211
-93.239578
-93.024025
-92.780579
-92.411179
-92.114471
-91.707031
-91.313965
-90.909065
-90.526138
-90.031631
-89.469498
-89.081505
-88.731544
-88.346085
-87.980911
-87.646172
-87.285225
-86.925964
-86.504158
-86.170265
-85.648705
-85.155891
-84.791565
-84.533745
-84.220978
-83.952171
-83.604752
-83.087425
-82.593765
-82.146591
-81.750992
-81.401878
-80.958092
-80.460205
-80.026558
-79.519371
-79.067131
-78.592072
-78.081505
-77.732391
-77.361305
-77.093338
-76.579391
-76.017258
-75.554031
-75.090805
-74.729858
-74.501625
-74.219292
-73.921738
-73.527824
-73.246338
-72.676605
-72.010498
-71.388351
-70.983452
-70.559952
-69.974152
-69.444145
-69.077278
-68.625038
-68.286911
-67.872711
-67.488098
-66.969078
-66.577698
-66.362991
-66.013031
-65.529518
-65.195618
-64.676605
-64.269165
-63.831295
-63.282688
-62.956398
-62.771275
-62.407795
-61.888775
-61.226898
-60.665611
-60.154202
-59.894691
-59.450058
-58.959782
-58.499931
-57.996975
-57.541351
-57.078968
-56.653778
-56.147438
-55.851582
-55.576012
-54.903992
-54.440762
-53.999508
-53.632645
-53.199848
-52.957245
-52.714642
-52.389198
-51.882011
-51.377361
-51.005428
-50.505848
-50.089958
-49.546425
-49.162655
-48.720558
-48.240421
-47.768742
-47.362148
-47.141521
-46.745071
-46.259865
-45.704498
-45.179562
-44.816078
-44.401878
-43.979221
-43.374828
-42.766205
-42.252258
-41.792408
-41.513458
-41.396805
-41.305511
-41.280151
-41.303822
-41.199848
-41.001202
-40.772121
-40.472881
-40.114471
-39.762825
-39.297905
-38.688435
-38.223518
-37.947102
-37.506695
-36.783112
-36.244648
-35.748451
-35.299595
-34.868488
-34.400185
-34.171108
-33.889618
-33.417938
-33.137295
-32.995285
-32.714642
-32.302975
-31.901453
-31.494015
-31.134760
-30.708723
-30.120388
-29.735773
-29.395115
-29.000355
-28.725630
-28.451750
-27.947947
-27.314810
-26.862570
-26.485561
-26.036703
-25.625038
-25.252256
-24.938648
-24.644480
-24.272545
-23.984295
-23.603060
-23.319036
-23.119543
-22.856653
-22.521065
-22.237886
-21.749298
-21.432308
-21.088266
-20.892155
-20.630955
-20.293676
-19.794100
-19.526136
-19.430616
-19.390041
-19.410330
-19.153357
-18.792410
-18.404413
-18.157583
-17.961472
-17.707033
-17.441607
-17.149130
-16.800016
-16.356230
-16.078123
-15.854116
-15.456821
-15.101792
-14.706187
-14.350313
-13.931885
-13.653778
-13.515993
-13.417937
-13.135605
-12.892156
-12.862570
-12.898918
-12.887929
-12.756907
-12.734083
-12.495706
-12.371446
-12.171107
-11.806779
-11.521911
-11.241268
-10.963161
-10.619121
-10.279306
-10.014726
-9.799171
-9.406103
-8.942029
-8.584463
-8.383280
-8.249721
-8.041775
-7.772122
-7.569248
-7.488944
-7.546424
-7.548960
-7.486407
-7.280152
-7.186323
-6.953018
-6.876095
-6.599679
-6.282688
-5.985985
-5.557414
-5.030786
-4.670685
-4.461048
-4.294522
-3.969079
-3.571784
-3.224362
-2.981758
-2.832984
-2.603905
-2.546424
-2.331716
-2.062908
-1.678293
-1.342705
-1.101792
-0.782265
-0.533745
-0.232815
0.025004
0.066424
0.188994
0.251547
0.271834
0.075723
0.173779
0.324243
0.526272
0.776484
1.010634
1.218580
1.320017
1.521200
1.703787
1.779865
1.860169
1.936247
2.170397
2.300575
2.484852
2.665748
2.874539
2.950617
3.152646
3.319172
3.588825
3.762959
3.820440
3.992882
4.109535
4.331851
4.340304
4.507675
4.840727
5.003871
5.182231
5.533880
5.670820
5.800997
5.862705
6.029231
6.199983
6.363973
6.607422
6.719848
6.732527
6.909197
7.021623
7.041065
7.202519
7.445123
7.549941
7.558394
7.411310
7.519510
7.702096
8.023314
8.250702
8.487388
8.653913
8.751124
8.886374
8.964142
8.893981
9.097701
9.184768
9.046137
8.970904
8.953153
8.982738
9.029231
9.147574
9.244784
9.301420
9.191530
9.472173
9.758732
9.932020
9.861859
10.019087
10.188994
10.125596
10.142502
10.290431
10.358901
10.362283
10.402857
10.441741
10.513593
10.659831
10.782401
10.885529
10.982738
11.093474
11.205900
11.270989
11.412155
11.306492
11.505139
11.719003
11.940474
12.046137
11.970904
12.101928
12.221116
12.366508
12.399476
12.385106
12.445123
12.602350
12.791699
12.727456
12.810296
13.018242
13.172934
13.174623
13.307337
13.397785
13.464564
13.529654
13.615875
13.698715
13.738444
13.842418
13.944700
13.889755
13.881302
13.858479
13.958225
13.971750
14.118834
14.255774
14.303956
14.396940
14.535570
14.692798
14.698715
14.445123
14.238868
14.531344
14.843263
14.748589
14.550786
14.687726
14.818748
14.970059
15.032612
15.070651
14.858479
14.713931
14.565156
14.501759
14.608267
14.702942
14.683499
14.642924
14.666594
14.580372
14.607422
14.800998
14.775639
14.740135
14.811987
14.811141
14.841572
14.852561
15.044446
15.158563
15.275215
15.232105
15.064734
14.921877
15.006408
14.959915
15.028385
15.065579
15.041910
14.923567
14.849180
14.824666
14.861014
14.906661
14.788318
14.780710
14.597278
14.509366
14.536416
14.535570
14.445968
14.257464
14.063043
13.985274
13.932020
13.998799
13.988656
13.963297
14.123060
14.343685
14.396940
14.330160
14.351294
14.431598
14.494996
14.350448
14.395249
14.368199
14.364819
14.275215
14.229568
14.139966
14.059662
14.210127
14.341995
14.413846
14.274370
14.210972
14.233795
14.296349
14.244784
14.236331
14.090093
13.915114
13.889755
13.863550
14.009789
14.071496
14.031767
13.966678
13.989501
13.981894
13.933711
13.943009
13.986965
13.924413
13.948081
