-0.228138
-0.344183
-0.291891
-0.138596
-0.018252
0.075587
0.082034
0.036905
0.084183
0.139341
0.096361
0.097794
0.133610
0.013266
0.074871
0.023295
0.077736
0.127163
-0.079857
-0.197335
-0.205931
-0.152923
-0.000344
-0.014670
-0.063381
-0.003209
0.074155
0.123582
0.129312
0.125731
0.032607
-0.157221
-0.210229
-0.150774
-0.075559
-0.079857
-0.034728
0.000372
0.080602
0.149370
0.133610
0.036189
0.059828
0.192350
0.160115
0.105673
0.038338
0.000372
0.016132
-0.073410
-0.213095
-0.135014
-0.028997
0.165129
0.214556
0.218854
0.145788
0.021862
-0.794756
-3.718109
-13.029714
-36.683723
-86.379280
-172.298340
-259.878571
-331.675842
-393.175842
-442.324829
-476.335602
-497.026855
-507.865662
-510.417969
-505.837738
-496.256805
-483.285431
-468.044037
-452.007507
-434.991028
-417.256805
-400.394318
-384.707367
-369.453796
-354.680847
-340.633575
-327.688019
-315.151489
-302.688751
-290.668671
-279.028290
-267.791168
-256.742462
-245.611374
-234.811951
-224.447342
-213.862091
-203.145050
-192.572693
-182.112091
-171.996048
-162.180862
-152.367828
-142.465958
-132.605652
-122.982437
-113.445900
-104.181580
-95.122833
-86.251778
-77.334869
-68.526131
-59.934441
-51.824127
-43.674412
-35.576275
-27.530430
-19.637163
-12.084871
-4.669398
2.721003
9.769713
16.572721
23.455959
30.203812
36.731033
43.061260
49.099228
54.826305
60.472435
66.128593
71.597794
76.908684
82.075584
87.045502
92.003235
96.737480
101.228165
105.535469
109.777596
114.003235
118.094925
121.912262
125.728882
129.446640
132.945938
136.189484
139.473862
142.637909
145.630753
148.286194
151.006821
153.807678
156.402237
158.753952
161.110687
163.540482
166.026154
168.210968
170.098511
172.039764
173.941635
175.844208
177.556244
179.296936
180.825592
182.034042
183.049805
184.164413
185.087051
185.753952
186.416565
187.125732
187.867844
188.712402
189.427307
189.837769
190.087769
190.410110
190.839203
191.162262
191.225296
191.200226
191.336334
191.367142
191.225296
191.031891
190.862122
190.608536
190.432327
190.200943
189.716705
189.258972
188.827744
188.470291
188.028305
187.493210
186.885757
186.027588
185.052658
184.063416
183.267563
182.561981
181.895065
180.930176
180.005386
179.193787
178.339920
177.360687
176.304810
175.155823
173.949509
172.715988
171.480316
170.257538
169.015411
167.792633
166.516846
165.205963
163.848511
162.670151
161.427307
159.993210
158.577026
157.054092
155.680893
154.262543
152.753235
151.355667
149.992493
148.501801
147.125732
145.719574
144.232468
142.741058
141.176590
139.430893
137.575592
135.628601
133.812698
131.953094
130.093491
128.149368
126.567711
124.923012
123.304100
121.487480
119.864273
118.425873
116.814842
114.930885
113.081322
111.304817
109.534042
107.787621
105.845642
103.642204
101.492493
99.203812
97.031174
95.223152
93.586334
92.043350
90.476021
88.905098
87.447365
85.870003
84.194496
82.777596
81.469574
80.279739
78.976021
77.572006
75.873581
74.566277
73.099945
71.388626
69.750374
68.169426
66.802666
65.486046
64.025444
62.549084
61.036907
59.686619
58.231747
56.692348
55.150803
53.718136
52.424442
51.102810
49.655102
48.096359
46.582752
45.325588
43.855675
42.347076
40.707394
39.368568
38.143639
37.021862
35.735329
34.482464
33.279743
32.234612
31.032608
29.575588
28.242493
27.128595
25.920860
24.465273
22.983181
21.808395
20.662264
19.367134
18.085615
16.874298
15.688767
14.489628
13.237478
11.929456
10.688051
9.334184
7.887192
6.321290
4.993209
3.832034
2.584900
1.566991
0.710258
-0.170831
-1.122120
-2.027565
-2.818395
-3.503926
-4.366390
-5.385015
-6.235301
-7.024699
-7.822693
-8.691605
-9.672263
-10.327707
-10.974556
-11.834155
-12.720258
-13.546906
-14.335588
-15.153639
-15.955215
-16.529713
-17.214527
-17.895042
-18.539026
-19.367823
-20.174412
-20.892895
-21.629284
-22.367823
-23.016104
-23.602779
-24.153639
-24.811232
-25.440887
-26.013954
-26.724556
-27.271118
-27.693754
-28.284727
-28.794756
-29.319111
-29.978138
-30.561949
-30.945902
-31.375702
-31.819111
-32.228855
-32.644325
-33.169399
-33.556217
-33.874985
-34.225990
-34.632866
-35.182293
-35.656506
-36.130001
-36.782578
-37.232437
-37.443039
-37.600632
-37.996761
-38.553352
-38.981720
-39.498196
-39.919399
-40.459515
-40.973839
-41.442322
-41.695904
-41.947334
-42.233868
-42.603497
-42.932293
-43.201633
-43.576992
-43.731003
-43.756790
-44.003925
-44.396477
-44.741749
-44.941605
-45.097050
-45.334869
-45.528282
-45.576992
-45.774700
-46.005360
-46.162235
-46.329140
-46.584156
-46.715961
-46.796188
-46.949486
-47.069111
-47.128567
-47.243179
-47.597767
-47.727421
-47.670830
-47.769684
-47.961662
-48.021118
-48.056217
-48.044041
-48.065529
-48.246761
-48.452351
-48.559082
-48.556217
-48.791893
-49.049053
-49.217392
-49.371403
-49.420830
-49.382149
-49.334869
-49.282578
-49.457363
-49.553352
-49.468826
-49.543324
-49.559082
-49.408653
-49.433723
-49.353497
-49.438023
-49.535442
-49.459515
-49.361374
-49.307652
-49.248913
-49.249626
-49.107792
-48.982437
-48.859943
-48.867821
-48.890743
-48.888596
-48.936592
-48.928711
-48.852062
-48.635014
-48.367821
-48.276848
-48.162952
-48.014671
-48.064098
-47.970257
-47.863525
-47.871403
-47.815529
-47.723839
-47.500343
-47.264671
-47.217392
-47.194469
-46.962379
-46.877136
-46.909370
-46.903641
-46.680859
-46.478855
-46.308365
-46.220974
-46.040459
-45.896477
-45.867821
-45.832722
-45.743896
-45.595615
-45.426563
-45.228138
-45.190887
-45.059799
-44.854927
-44.622837
-44.473839
-44.247478
-43.925846
-43.452351
-43.337021
-43.347767
-43.246761
-43.074127
-42.925846
-42.688740
-42.605644
-42.599915
-42.528282
-42.372120
-42.188023
-42.257507
-42.278996
-42.285442
-42.212379
-42.095615
-42.062664
-42.104927
-42.013954
-41.718109
-41.430141
-41.301918
-41.238167
-41.032578
-40.781864
-40.579857
-40.286160
-39.896477
-39.625702
-39.410088
-39.140743
-38.748196
-38.425846
-38.135731
-37.820545
-37.724556
-37.796188
-37.455215
-37.179428
-36.991032
-36.894325
-36.592751
-36.423695
-36.310516
-36.162235
-36.028996
-35.742466
-35.442322
-34.950916
-34.708797
-34.621403
-34.509655
-34.200916
-33.890743
-33.662235
-33.567680
-33.264671
-33.001060
-32.910801
-32.723839
-32.521118
-32.155788
-31.832006
-31.608511
-31.460230
-31.288309
-31.239599
-31.113523
-31.054070
-30.897909
-30.692322
-30.541174
-30.279713
-30.175846
-29.932293
-29.671547
-29.372837
-28.918682
-28.605644
-28.341318
-28.156504
-27.867105
-27.742464
-27.634298
-27.385014
-26.989599
-26.688023
-26.573410
-26.501776
-26.277565
-26.112808
-26.184441
-26.062664
-25.886448
-25.614958
-25.526133
-25.296906
-25.145042
-24.895760
-24.614241
-24.571260
-24.342751
-24.184441
-23.994614
-23.826992
-23.686590
-23.443037
-23.225988
-23.113523
-22.793324
-22.465244
-22.071260
-21.821260
-21.683008
-21.395760
-21.019686
-20.799770
-20.668682
-20.531862
-20.254642
-20.050488
-19.843468
-19.676561
-19.598482
-19.511089
-19.427994
-19.292608
-19.064098
-18.846333
-18.667250
-18.568396
-18.455215
-18.258940
-18.088453
-17.716677
-17.422264
-17.174412
-17.071260
-16.844183
-16.498911
-16.407936
-16.401489
-16.379284
-16.254642
-16.124985
-15.930860
-15.699484
-15.500344
-15.528281
-15.421547
-15.267536
-15.418682
-15.633582
-15.794040
-15.914384
-16.155788
-16.263237
-16.421547
-16.438023
-16.289026
-16.039026
-15.758940
-15.285444
-15.107794
-15.044757
-14.853496
-14.630000
-14.248911
-14.037593
-13.822694
-13.632149
-13.475272
-13.336304
-13.106361
-12.868539
-12.647908
-12.488882
-12.316963
-12.195187
-12.137879
-11.952350
-11.783295
-11.518969
-11.380716
-11.294040
-11.069112
-10.806934
-10.514670
-10.261088
-10.146476
-10.042607
-9.937306
-9.817679
-9.601347
-9.460229
-9.116389
-8.804785
-8.731003
-8.560515
-8.468825
-8.286877
-7.927278
-7.612092
-7.276132
-7.055501
-6.829140
-6.665817
-6.511089
-6.390745
-6.284728
-6.229570
-6.097049
-5.965960
-5.794040
-5.747478
-5.592751
-5.407221
-5.233152
-4.976705
-4.696619
-4.594183
-4.546906
-4.474556
-4.372837
-4.380000
-4.300487
-4.102779
-3.874269
-3.891461
-3.887163
-3.801203
-3.493897
-3.374269
-3.337736
-3.069112
-2.833438
-2.591318
-2.543324
-2.493181
-2.408653
-2.316247
-2.132149
-2.046906
-2.090602
-2.215244
-2.174412
-1.953782
-1.945186
-2.132149
-2.155788
-2.065530
-1.958797
-1.975989
-1.691605
-1.268968
-0.984585
-1.036877
-1.082722
-0.766103
-0.477421
-0.380716
-0.297622
-0.198768
-0.054069
0.080602
0.188052
0.203811
0.273295
0.324155
0.322722
0.465272
0.660115
0.769713
0.806963
1.131461
1.452378
1.640057
1.692350
1.652235
1.635043
1.627880
1.588481
1.697364
1.726734
1.905817
1.819140
1.713123
1.654384
1.838481
1.988911
2.145788
2.208825
2.330602
2.438051
2.478883
2.578453
2.609971
2.553381
2.541920
2.691633
2.822006
2.935186
3.034040
3.031891
3.091347
3.217421
3.171576
3.315559
3.383610
3.324871
3.423009
3.481748
3.541920
3.700946
3.896504
4.013267
4.014699
4.036905
4.271146
4.534040
4.582035
4.625731
4.589914
4.698797
4.772579
4.850659
4.856390
4.819857
4.717421
4.681604
4.587049
4.503238
4.521863
4.692349
4.776160
4.771146
4.923725
5.059828
5.084900
5.029026
5.078453
5.165129
5.126447
5.083467
5.098510
5.182321
5.191633
5.327020
5.347077
5.376447
5.376447
5.406533
5.425874
5.354957
5.355673
5.374298
5.401519
5.503954
5.711690
5.630745
5.590631
5.746791
5.746791
5.634326
5.740344
5.763983
5.720286
5.726017
5.727450
5.852092
5.904384
5.998223
5.993926
6.049083
6.056963
5.998223
5.986762
6.059112
6.173008
6.291203
6.297650
6.321290
6.351376
6.387192
6.452378
6.347077
6.217421
6.035473
5.971003
5.984613
5.887192
5.910115
5.944499
6.082035
6.144355
6.054098
6.130745
6.239627
6.304098
6.274728
6.367851
6.466705
6.579169
6.582035
6.541920
6.493926
6.421576
6.434470
6.436619
6.551949
6.507536
6.449513
6.407966
6.306246
6.339914
6.354241
6.306963
6.267564
6.363553
6.473868
6.530458
6.595644
6.642922
6.670860
6.618567
6.536189
6.560544
6.401519
6.256103
6.260401
6.366418
6.368567
6.265416
6.239627
6.174441
6.261117
6.372149
6.419427
6.423008
6.443066
6.407966
6.372149
6.381461
6.362837
6.426590
6.466705
6.395072
6.288338
6.197364
6.344212
6.339198
6.271146
6.186619
6.250372
6.389341
6.446648
6.620716
6.706676
6.612837
6.605673
6.560544
6.537622
6.600659
6.352092
6.200229
6.082035
5.922292
5.925158
5.930172
5.900086
5.878596
5.920860
6.023295
5.998940
6.017564
5.854957
5.670143
5.554814
5.537622
5.599226
5.592779
5.535473
5.482464
5.266848
5.120716
5.051232
5.142922
5.099943
5.048367
5.138625
5.220286
5.353524
5.430172
5.306963
5.083467
5.251805
5.448797
5.585616
5.352808
5.387192
5.388625
5.335616
5.304098
5.233897
5.291920
5.459541
5.400086
5.234613
5.188768
5.200229
5.207393
5.107822
5.016132
5.097794
5.161547
5.210974
