-0.088347
-0.037727
0.061446
0.083140
0.208140
0.087273
0.095537
0.124463
0.163719
0.092438
0.013926
-0.078017
-0.088347
-0.074917
-0.061488
0.051116
-0.037727
-0.032562
0.009793
0.007727
-0.061488
-0.065620
-0.153430
-0.190620
-0.005702
0.143058
0.125496
0.025289
0.058347
0.097603
-0.004669
-0.059421
-0.147231
-0.066653
0.009793
-0.024298
-0.010868
0.054215
0.058347
0.153388
0.120331
-0.047025
-0.006736
0.097603
-0.029463
-0.032562
-0.098678
-0.187521
-0.184421
-0.066653
-0.030496
-0.002603
0.180248
0.349669
0.309380
0.216405
0.036653
-0.005702
0.046983
-0.249504
-3.164793
-24.771198
-154.540833
-470.420990
-878.478821
-1290.804199
-1633.583130
-1885.510864
-2055.725830
-2164.175049
-2226.263916
-2252.090332
-2248.959229
-2223.275391
-2182.412842
-2129.758789
-2068.347656
-2003.814575
-1938.745361
-1873.777344
-1810.151367
-1746.932373
-1684.853882
-1625.081055
-1567.384888
-1510.372437
-1454.919922
-1400.878662
-1347.470581
-1295.550171
-1244.303223
-1193.621460
-1144.334229
-1096.190674
-1047.991211
-1000.418945
-954.023254
-907.539795
-861.472656
-815.822876
-770.585266
-725.896179
-681.699890
-638.249512
-596.084229
-555.120361
-514.757751
-475.020172
-435.673065
-396.958191
-358.929260
-321.332153
-284.283600
-247.529465
-211.656525
-176.637939
-142.778427
-109.442688
-76.901367
-45.164795
-13.605909
17.708141
47.595539
76.670952
104.888924
132.455048
159.465378
185.176117
210.105865
234.514954
258.544922
282.233978
305.375488
327.663727
349.160614
370.130676
390.522186
410.222595
429.314545
448.137878
466.659576
484.527344
501.603790
518.084167
533.911682
549.215393
564.254639
578.582092
592.239136
605.747375
618.805237
631.545959
643.806274
655.815552
667.822815
679.120300
689.812500
699.963318
709.288696
718.162659
726.682312
734.853821
742.663696
750.267029
757.561462
764.435425
770.871338
776.718445
782.103821
787.002563
791.508789
795.625488
799.631714
803.426086
806.718445
809.926086
812.589355
814.803162
816.671997
818.557312
820.039734
821.076965
821.914734
822.280457
822.575928
822.686462
822.505676
822.035645
821.381714
820.616211
819.423035
818.135803
816.509766
814.990173
813.218445
810.961243
808.420959
806.023193
803.344482
800.369324
797.447815
794.674072
791.627563
788.227783
784.729858
780.979858
777.075928
773.168884
769.112061
764.834167
760.124451
755.232910
750.156494
744.832092
739.458130
734.052124
728.862061
723.438538
718.111023
712.446777
706.680237
700.777344
694.617249
688.805237
682.915771
677.135803
671.301086
665.301086
659.361023
653.412659
647.174072
640.973633
634.767029
628.276306
621.650269
615.333130
608.830017
602.126526
595.566589
588.932312
582.482910
576.114136
569.410645
562.545959
555.691589
549.121338
542.540771
535.665771
528.973633
522.517029
515.745300
508.760834
501.737061
494.553192
487.452972
480.527344
473.581085
466.451935
459.314545
452.242218
445.115173
438.148224
431.627563
425.342438
418.715363
412.132721
405.712280
399.214325
392.711243
386.443665
379.751526
373.288727
366.841400
360.201935
353.489136
346.552155
339.752563
333.011871
326.508759
320.056274
313.687469
307.706085
301.662689
295.583130
289.432312
283.274261
277.282532
271.269104
265.170959
259.375488
253.452972
247.751526
242.369293
236.787689
231.330048
225.773224
220.174057
214.532516
208.818680
203.030457
197.401321
191.979828
186.675079
181.050079
175.680252
170.486038
165.087280
159.733963
154.616196
149.738098
144.597610
139.450912
134.545944
129.607941
124.463303
119.556282
114.752563
110.187477
105.564545
100.771156
96.145126
91.796982
87.363098
82.940582
78.714340
74.451942
69.878593
65.080040
60.573841
56.467438
52.583141
48.748428
44.772190
40.696777
36.659588
32.546982
28.662685
24.836239
20.970537
16.977768
12.650290
8.520124
4.840372
1.188512
-2.789793
-6.510868
-9.762934
-13.236074
-16.548058
-20.003637
-23.418926
-26.538761
-29.601776
-32.670990
-35.769131
-38.784630
-41.839378
-44.850742
-47.751572
-50.607975
-53.579048
-56.638966
-59.876572
-62.899296
-65.768097
-68.846611
-71.909630
-74.863144
-77.660660
-80.456116
-83.101776
-85.861076
-88.407562
-90.882767
-93.496407
-95.969543
-98.220581
-100.607979
-103.110039
-105.603844
-107.918922
-110.511902
-113.040825
-115.429253
-117.517067
-119.544960
-121.540825
-123.793922
-125.896202
-127.803223
-130.161697
-132.810455
-135.216446
-137.350739
-139.252609
-141.292892
-142.958176
-144.475739
-146.278427
-148.371399
-150.316650
-151.793930
-153.070786
-154.688553
-156.676163
-158.369339
-159.485046
-160.610046
-162.198883
-163.824921
-165.165833
-166.422028
-167.667892
-168.790833
-169.927185
-171.113144
-172.302185
-173.381729
-174.447845
-175.615204
-177.054260
-177.969543
-178.857971
-179.891037
-181.064590
-181.799088
-182.575943
-183.597641
-184.795990
-185.926163
-186.777390
-187.590408
-188.532562
-189.489166
-190.120377
-190.781525
-191.595581
-192.135864
-192.768097
-193.642059
-194.367279
-194.846619
-195.185455
-195.633804
-196.006729
-196.383804
-196.798065
-197.101776
-197.505707
-197.770172
-198.049088
-198.497437
-198.616241
-198.641037
-198.925125
-199.219543
-199.316650
-199.396194
-199.536697
-199.801163
-199.991241
-200.123474
-200.112106
-200.404465
-200.745377
-200.759842
-200.540833
-200.367279
-200.445786
-200.516037
-200.155502
-199.885864
-199.736069
-199.458176
-199.463348
-199.375534
-198.903427
-198.688553
-198.609009
-198.317688
-198.197845
-198.083176
-198.004669
-197.870377
-197.424088
-197.131729
-196.709213
-196.379669
-196.090408
-195.586288
-195.290833
-195.041855
-194.785660
-194.375534
-194.222641
-194.081116
-193.576981
-193.281525
-192.877609
-192.504669
-191.995377
-191.607971
-191.242279
-190.708176
-190.239166
-189.598679
-189.002609
-188.584213
-188.011902
-187.451981
-186.973679
-186.450943
-185.771194
-185.240204
-184.959213
-184.918930
-185.227814
-185.724716
-185.990204
-185.806320
-185.561493
-185.480911
-185.044952
-184.308395
-183.687515
-183.107971
-182.551163
-181.939590
-181.272232
-180.411697
-179.505707
-178.572845
-177.633804
-176.528427
-175.344543
-174.284622
-173.447845
-172.917892
-172.269135
-171.602814
-170.972641
-170.131729
-169.347641
-168.615204
-168.071823
-167.216446
-166.364166
-165.407562
-164.441650
-163.445786
-162.365204
-161.307358
-160.485046
-159.686493
-158.645172
-157.659622
-156.762939
-155.715408
-154.746399
-153.893097
-153.099716
-152.307358
-151.216446
-150.456116
-149.964386
-149.703018
-149.187515
-148.562515
-148.204056
-148.079056
-147.993301
-147.763962
-147.622437
-147.560455
-147.264999
-146.638962
-145.786697
-144.728836
-143.718506
-142.755707
-141.703018
-140.458176
-139.244339
-138.102814
-137.021194
-135.782562
-134.308395
-132.698883
-131.267059
-130.212311
-129.369339
-128.398270
-127.201981
-125.897232
-124.582146
-123.504669
-122.481941
-121.320786
-120.259834
-119.347641
-118.491241
-117.331116
-116.272232
-115.217476
-114.280495
-113.089378
-112.190620
-111.369339
-110.381737
-109.221611
-108.109009
-107.287727
-106.603844
-105.876572
-104.955086
-104.116241
-103.456116
-102.715416
-101.697853
-100.861076
-100.062523
-99.138969
-98.316650
-97.158592
-95.958183
-94.934418
-94.377602
-94.232979
-94.311485
-94.226776
-93.920990
-93.309418
-92.688553
-92.146202
-91.312523
-90.240204
-89.312523
-88.336281
-87.302193
-86.199921
-85.022232
-84.041862
-83.314590
-82.444756
-81.245369
-80.048058
-79.109009
-78.092476
-76.837311
-76.013969
-75.189590
-74.280495
-73.264999
-72.326981
-71.467476
-70.681320
-69.707146
-68.846611
-67.828018
-66.906532
-66.088348
-65.245369
-64.497437
-63.793926
-62.753635
-61.782562
-60.944752
-60.137936
-59.182354
-58.206116
-57.455082
-56.685455
-56.038761
-55.343513
-54.667892
-53.732975
-52.854877
-52.167892
-51.527397
-50.714378
-49.903431
-49.114174
-48.445786
-47.880703
-47.126572
-46.298058
-45.391033
-44.771198
-44.182354
-43.603844
-42.867271
-42.050125
-41.540825
-40.897232
-40.110043
-39.542892
-39.195786
-38.685455
-37.871407
-37.271198
-36.618305
-35.945786
-35.285660
-34.460247
-33.866241
-33.412727
-33.298058
-33.166859
-33.170990
-33.094547
-32.895164
-32.521198
-31.946817
-31.466446
-30.908594
-30.306322
-29.861074
-29.287727
-28.772232
-28.290827
-27.537727
-26.816652
-26.152397
-25.383802
-24.644133
-24.177191
-23.724710
-23.199917
-22.925123
-22.572851
-22.226776
-22.086281
-21.884834
-21.428223
-21.054256
-20.522232
-19.893099
-19.417892
-19.209215
-18.767067
-18.106941
-17.402397
-16.898264
-16.624504
-16.214380
-15.851777
-15.680289
-15.375537
-15.044959
-14.553224
-13.956116
-13.403430
-12.759834
-12.035661
-11.523265
-11.119339
-10.857975
-10.445786
-9.894133
-9.321818
-8.538760
-7.928223
-7.585248
-7.184422
-6.825951
-6.598678
-6.194752
-5.657562
-5.246405
-4.610041
-4.034628
-3.544959
-3.250537
-2.878636
-2.386901
-1.857975
-1.416860
-1.082149
-0.561488
-0.236074
0.162686
0.619298
1.032521
1.464339
1.838306
2.399256
2.775289
2.991198
3.288719
3.596570
3.855868
4.104835
4.473636
4.798017
4.954008
5.295950
5.705041
6.051116
6.480868
6.837273
7.096570
7.263926
7.708140
8.263926
8.499463
8.725702
8.939546
9.039752
9.231901
9.494298
9.811446
10.132728
10.552149
10.882728
11.331075
11.743264
12.053182
12.216405
12.543884
12.790785
12.963305
13.175082
13.251529
13.418884
13.757728
14.080041
14.230867
14.218472
14.489132
14.744298
15.046984
15.303182
15.431281
15.583140
15.755661
15.974669
16.531488
16.698843
16.654421
16.824877
17.003595
17.079008
17.011860
16.990166
17.169918
17.321777
17.487066
17.613100
17.741198
17.728802
17.817644
18.024256
18.531488
19.101736
19.365166
19.471571
19.639959
19.890991
20.085207
20.336239
20.493265
20.748430
20.842438
20.689545
20.907520
21.215372
21.438513
21.525290
21.511860
21.505661
21.496363
21.594503
21.779421
22.052149
22.379627
22.600702
22.668884
22.803183
22.837273
22.857933
23.056280
23.119297
22.949877
22.989132
22.946777
22.873430
22.625496
22.653389
23.039753
23.298016
23.181280
23.171984
23.301115
23.408554
23.686447
23.985001
24.086239
24.117231
24.268059
24.310413
24.164753
23.967438
23.802149
23.544918
23.035620
22.787685
22.653389
22.622396
22.477768
22.293884
22.499462
22.693678
22.903389
23.041819
23.224669
23.260826
23.326942
23.241198
23.222603
23.272190
23.212273
23.259794
23.452974
23.845537
24.084173
24.260826
24.296984
24.398224
24.406488
24.397190
24.532520
24.720537
24.832108
24.836239
24.899256
25.001530
25.152355
25.253595
25.280455
25.477768
25.704008
25.735001
25.686447
25.912685
26.118265
26.160620
26.070744
26.092438
25.987066
26.062479
26.076942
26.311447
26.372396
26.388926
26.382727
26.222603
26.235001
26.324877
26.406488
26.513926
26.480867
26.384794
26.468472
26.592438
26.897190
27.038719
26.997396
27.180248
27.237066
27.163719
27.262892
27.410620
27.257727
27.196777
27.224669
27.251530
27.229836
27.329008
27.371363
27.513926
27.429214
27.481901
27.591406
27.619297
27.522190
27.421984
27.264959
27.125496
27.020124
27.191612
27.225702
27.176115
26.896156
26.787685
26.687479
26.725702
26.836239
26.857933
26.941612
26.928183
26.994297
27.042850
27.133760
27.142025
27.180248
26.926115
26.629627
26.388926
26.118265
25.818678
25.400290
25.243265
25.294918
25.154421
24.885826
24.833141
24.779421
24.973637
25.200909
25.181280
24.990166
24.793884
24.521156
24.506695
