0.007177
-0.023643
-0.001629
-0.048960
0.067166
0.097435
0.106241
0.017083
0.007727
0.017633
0.084227
0.106791
0.182190
0.179439
0.125504
0.090281
-0.060517
-0.013737
0.047903
0.136511
0.040748
-0.088586
-0.072075
0.012130
-0.009334
-0.029147
-0.018690
-0.084183
-0.044557
0.007177
0.058910
0.008277
-0.071524
-0.218470
-0.233880
-0.167837
-0.220671
-0.250391
-0.124359
-0.040154
-0.041255
-0.033550
-0.030248
0.006076
0.024788
0.059461
0.045151
0.183291
0.154122
0.053957
0.018734
0.007727
0.006626
0.079274
0.126604
0.023687
0.046802
0.044051
-0.058316
-1.205812
-7.438613
-31.075377
-104.220673
-243.780380
-386.130402
-515.190430
-628.057190
-719.152405
-785.816162
-831.449097
-859.487061
-872.349976
-873.124939
-865.745728
-850.108398
-829.402832
-806.283386
-781.596558
-756.057739
-729.987854
-704.516235
-679.750122
-655.491455
-631.892090
-608.914124
-586.365967
-564.755615
-543.741333
-522.474915
-501.938873
-482.080322
-462.113342
-442.416595
-422.931183
-403.543182
-384.313690
-365.634003
-347.055023
-328.752319
-310.642242
-293.088593
-275.900909
-259.008789
-242.308731
-225.756165
-209.504654
-193.662064
-178.096848
-162.394028
-147.103439
-132.177750
-117.287262
-102.538780
-88.310928
-74.299927
-60.567398
-47.113350
-34.120506
-21.533825
-9.064370
3.311524
15.179439
26.662102
38.062214
49.211361
60.260342
71.076523
81.563591
91.692375
101.690170
111.354454
120.729797
129.913620
138.962601
147.783737
156.354996
164.740799
172.854721
180.509109
188.126602
195.323639
202.203659
208.798584
215.214111
221.542130
227.592209
233.568542
239.295563
244.598267
249.969208
254.960403
259.684662
264.326935
268.763367
272.923523
277.137604
281.112854
284.943329
288.577911
292.179443
295.528351
298.701721
301.740265
304.565247
307.153015
309.707794
312.172272
314.720428
317.102386
319.288971
321.241089
323.139801
325.122192
326.872345
328.258148
329.642853
330.905365
332.063324
332.997833
333.840424
334.405090
334.865723
335.076508
335.250427
335.320892
335.312073
335.063873
334.823914
334.647797
334.388031
333.925720
333.378113
332.873444
332.198700
331.272461
330.528931
329.905365
329.138153
328.173370
327.047363
325.895996
324.585052
323.179993
321.947723
320.611481
318.989563
317.102386
315.351135
313.580658
311.813995
309.923523
307.977997
306.027527
304.138702
302.394623
300.441406
298.256500
296.102386
293.851990
291.604309
289.150818
286.561401
284.033051
281.504700
278.753448
276.221802
273.603760
271.054504
268.379761
265.821167
263.327484
260.572388
257.792542
255.034698
252.341248
249.506348
246.713837
244.064957
241.378113
238.586151
235.659348
232.800247
230.034149
227.221268
224.443054
221.663208
218.931778
216.151917
213.373169
210.475525
207.755112
204.853622
201.900955
199.071564
196.462875
193.735855
190.784286
187.899307
185.018738
182.149170
179.200348
176.340698
173.672562
171.013779
168.321426
165.573502
162.758408
160.049561
157.251541
154.359955
151.519012
148.735306
145.816757
142.792542
139.850876
136.970306
133.879486
130.902054
128.246033
125.476082
122.629082
119.559738
116.807396
114.216866
111.345093
108.395729
105.735847
103.333542
100.747955
98.212463
95.671455
93.119453
90.528366
88.075974
85.656601
83.297768
81.007729
78.691818
76.519562
74.153023
71.906464
69.593857
67.404533
65.158524
62.843170
60.477734
58.191547
55.966999
53.788136
51.519558
49.135960
46.919121
44.779881
42.700077
40.607616
38.541023
36.425449
34.350601
32.410587
30.430401
28.380320
26.391876
24.419395
22.674761
20.690170
18.512955
16.634033
14.912515
13.036345
11.049554
9.326935
7.647243
5.820055
4.224018
2.672009
0.985713
-0.626835
-2.232229
-3.848630
-5.451822
-7.138668
-8.680771
-10.292768
-11.868993
-13.516764
-14.992824
-16.515663
-18.032999
-19.520065
-21.085283
-22.611977
-24.092989
-25.687374
-27.056665
-28.385778
-29.861288
-31.447969
-32.920727
-34.130413
-35.343403
-36.395683
-37.479340
-38.798546
-40.378624
-41.659306
-42.765526
-44.009335
-45.276810
-46.378075
-47.337349
-48.380276
-49.369820
-50.549786
-51.656006
-52.560242
-53.547585
-54.638393
-55.692879
-56.543732
-57.418251
-58.436413
-59.415497
-60.279011
-61.139217
-62.088036
-62.963104
-63.832119
-64.627388
-65.370369
-66.143074
-66.854134
-67.698380
-68.373123
-69.030251
-69.714890
-70.405045
-71.021439
-71.789742
-72.697830
-73.460625
-74.199211
-74.778183
-75.519516
-76.086937
-76.697830
-77.144722
-77.626839
-78.272408
-79.024193
-79.524467
-79.797997
-80.013184
-80.288918
-80.552536
-80.755066
-81.052261
-81.283409
-81.582809
-82.051712
-82.499153
-82.945496
-83.318085
-83.876144
-84.534378
-85.203056
-85.812859
-86.371468
-86.978516
-87.361015
-87.649948
-87.981819
-88.097389
-88.493095
-88.844223
-89.036301
-88.945496
-88.923477
-88.943291
-88.944389
-89.056114
-89.190399
-89.275154
-89.390182
-89.455124
-89.565742
-89.484840
-89.294418
-89.245987
-89.385780
-89.243233
-89.137566
-89.202507
-89.445770
-89.347801
-88.958153
-88.874496
-88.862938
-88.692879
-88.449066
-88.239380
-88.089684
-88.152428
-88.116104
-87.993927
-87.910271
-87.777084
-87.729202
-87.489243
-87.384125
-87.272408
-87.199211
-86.853584
-86.464478
-86.340652
-86.248192
-86.004929
-85.889908
-85.702782
-85.454575
-85.291115
-85.329094
-85.264153
-84.813408
-84.432556
-84.301025
-84.353310
-84.127113
-83.766624
-83.641144
-83.519516
-83.379173
-83.223427
-83.089134
-82.857986
-82.641144
-82.395683
-82.057762
-81.703339
-81.384682
-81.127663
-80.894310
-80.556938
-80.321938
-80.108948
-79.952095
-79.646095
-79.232780
-79.133713
-79.084183
-78.846428
-78.487045
-78.253143
-77.863487
-77.306526
-76.922928
-76.498055
-76.065468
-75.726448
-75.473282
-75.162331
-74.837074
-74.435860
-74.159035
-73.908615
-73.506859
-73.013741
-72.724800
-72.456772
-72.144722
-71.723145
-71.331841
-71.008232
-70.658203
-70.384682
-70.105095
-69.898163
-69.832672
-69.573448
-69.206909
-68.812309
-68.496948
-68.113899
-67.775986
-67.649948
-67.269104
-66.777634
-66.483742
-66.123260
-65.781487
-65.402290
-65.264702
-65.062172
-64.687378
-64.414948
-64.239937
-63.920727
-63.370369
-62.986771
-62.682972
-62.301575
-61.860737
-61.318085
-60.824413
-60.389080
-60.088036
-59.708290
-59.188751
-58.688477
-58.490345
-58.220673
-57.727001
-57.279011
-56.823864
-56.475487
-56.260849
-56.091339
-55.884953
-55.460629
-55.030247
-54.719845
-54.339550
-53.785889
-53.230579
-53.028046
-52.857986
-52.336796
-51.795795
-51.356609
-50.974110
-50.772678
-50.355511
-49.898163
-49.506859
-49.068771
-48.679119
-48.319736
-47.873394
-47.549786
-47.232780
-46.683521
-46.336796
-46.089687
-45.682972
-45.124359
-44.792492
-44.629036
-44.266903
-43.697830
-43.245987
-42.994473
-42.652153
-42.422653
-42.256443
-41.922928
-41.621330
-41.439163
-41.241585
-41.094090
-40.960903
-40.781487
-40.684074
-40.633438
-40.719845
-40.662609
-40.348904
-39.970810
-39.661507
-39.370369
-38.942192
-38.520615
-38.022541
-37.555290
-37.162884
-36.749565
-36.221771
-35.516766
-34.942192
-34.580605
-34.272957
-34.125458
-33.991173
-33.855785
-33.768829
-33.792492
-33.611427
-33.305428
-33.023094
-32.728100
-32.479889
-32.182148
-31.705536
-31.258646
-30.964756
-30.734156
-30.445768
-30.143070
-29.978514
-29.641144
-29.407793
-29.231678
-28.975761
-28.518965
-28.096291
-27.741859
-27.379725
-27.019791
-26.616379
-26.187099
-25.714342
-25.350006
-25.007683
-24.551437
-23.952648
-23.479891
-23.161783
-22.791943
-22.533825
-22.223423
-21.768278
-21.397886
-20.868443
-20.348906
-19.974112
-19.706636
-19.241585
-18.917974
-18.591612
-18.302124
-17.947695
-17.621881
-17.294420
-16.911371
-16.498053
-16.161232
-16.003830
-15.735806
-15.182696
-14.764976
-14.539879
-14.313131
-14.134815
-13.824965
-13.520617
-13.235531
-12.926230
-12.596015
-12.242685
-11.982917
-11.660957
-11.350005
-11.072075
-10.724799
-10.319736
-10.072625
-10.007683
-9.831018
-9.468883
-9.157930
-8.932284
-8.836522
-8.652702
-8.422102
-8.146373
-7.932834
-7.724799
-7.646098
-7.585008
-7.462829
-7.398437
-7.254243
-7.157380
-7.074827
-6.893209
-6.627386
-6.461178
-6.303225
-6.089136
-5.816709
-5.627386
-5.398987
-5.254243
-5.039604
-4.728652
-4.410545
-4.081981
-3.872845
-3.780385
-3.708288
-3.478789
-3.376423
-3.472735
-3.609774
-3.697281
-3.795795
-3.861288
-3.861288
-3.747914
-3.650501
-3.521167
-3.336797
-3.094089
-2.864040
-2.710490
-2.530523
-2.350556
-2.090237
-2.002730
-1.875047
-1.700583
-1.520066
-1.344502
-1.221772
-1.094640
-0.963104
-0.777633
-0.521167
-0.227276
-0.139769
-0.028046
0.293363
0.598261
0.874540
0.975256
1.148068
1.307672
1.073770
0.790886
0.470028
0.164029
-0.002179
-0.034100
0.060011
0.060011
0.128255
0.177237
0.123302
0.363258
0.665955
0.862433
0.931227
1.122201
1.396280
1.494794
1.623027
1.794739
2.075421
2.264744
2.520110
2.805746
2.943886
3.195949
3.451315
3.628531
3.902058
4.137611
4.332438
4.463974
4.717138
4.860231
5.011580
5.161827
5.414442
5.560286
5.688519
5.831062
5.999472
6.210258
6.343996
6.431502
6.707782
6.859681
6.832163
6.957644
7.077072
7.231172
7.410589
7.549279
7.677512
7.773274
7.843720
7.982961
8.123853
8.318679
8.513506
8.685768
8.783731
8.774925
8.902609
8.995619
9.090281
9.175586
9.217413
9.410589
9.530017
9.704480
9.837116
9.939483
10.079823
10.144766
10.166230
10.247132
10.321431
10.237226
10.293363
10.321981
10.320881
10.308773
10.332438
10.437556
10.325833
10.366560
10.441409
10.571293
10.578999
10.636235
10.802444
11.026439
11.128255
11.151370
11.194299
11.339593
11.414991
11.552031
11.587804
11.619174
11.730347
11.894904
12.014882
12.071018
12.111195
12.034144
11.914166
12.058910
12.079823
12.085327
11.991767
12.004425
12.055058
12.178888
12.091931
11.955994
11.937282
11.912515
11.967551
11.887749
11.705030
11.485988
11.424898
11.433153
11.437006
11.448564
11.473330
11.348398
11.295013
11.346747
11.407287
11.508002
11.667055
11.715487
11.802994
11.946637
12.071568
12.026439
11.907562
11.772174
11.695674
11.722642
11.772724
11.705581
11.711635
11.633484
11.593858
11.787034
11.679714
11.629631
11.640088
11.718789
11.714936
11.685218
11.747958
11.723742
11.627980
11.567441
11.643941
11.805746
11.833814
11.767771
11.743555
11.722092
11.656599
11.725393
11.754562
11.753462
11.699527
11.694023
11.676412
11.682466
11.668157
11.816752
11.914166
11.900958
11.925724
11.878393
11.852526
11.888850
11.844821
11.841519
11.776577
11.729246
11.718239
11.635135
11.615322
11.560837
11.540473
11.565239
11.595510
11.572394
11.550930
11.559185
11.493693
11.521211
11.364359
11.290611
11.425448
11.321431
11.162377
11.224017
11.323632
11.457369
11.511304
11.391877
11.386924
11.288960
11.183842
11.116147
11.109543
11.081475
10.949389
10.894904
10.842620
10.802444
10.797490
10.839868
10.835465
10.683016
10.347848
10.247132
10.076522
9.833263
9.541023
9.175035
8.754562
8.413341
8.238877
8.107892
7.928475
7.936181
7.934529
7.998371
7.991766
8.025888
8.071568
8.169532
8.134310
