0.056018
0.061297
0.012278
-0.058612
-0.201146
-0.299940
-0.333876
-0.298431
-0.155897
-0.021659
0.108808
0.143499
0.104284
0.067330
0.074872
0.149532
0.234751
0.309412
0.133695
0.127662
0.082413
0.061297
-0.077466
-0.179276
-0.140060
-0.029201
0.074872
-0.031463
-0.087270
0.029623
-0.033725
0.060543
0.095234
0.115596
0.153303
0.207602
0.163861
0.145008
0.181207
0.206848
0.231735
0.100513
-0.005822
-0.054087
-0.115173
-0.127994
-0.264495
-0.226787
-0.296169
-0.454540
-0.346697
-0.186063
0.149532
0.233997
0.077888
0.062051
0.143499
0.224947
0.073363
-0.419095
-5.531463
-29.440966
-111.879128
-264.864807
-422.775818
-568.989258
-694.034485
-790.401733
-858.597839
-903.057129
-927.681519
-936.251648
-932.594788
-919.959839
-899.366333
-874.094788
-845.918335
-816.621216
-787.195129
-757.309753
-727.677002
-698.932678
-670.958313
-644.255432
-618.578979
-593.093323
-568.498291
-544.572937
-520.939453
-498.240356
-476.057861
-454.143066
-432.711700
-411.489990
-390.692108
-370.527679
-350.713226
-330.827850
-311.500549
-292.440979
-273.591034
-255.158157
-236.856506
-218.762238
-201.023926
-183.688324
-166.685303
-150.017883
-133.388168
-117.184555
-101.425125
-86.048058
-70.922112
-56.281841
-41.978672
-27.837646
-14.256953
-0.859517
12.229472
25.115595
37.661598
49.649532
61.589954
73.352402
84.746063
95.825249
106.439880
116.733994
126.697800
136.405182
145.847122
155.138977
164.136719
172.633698
181.002472
189.152542
196.770203
204.421783
211.904434
218.939880
225.834305
232.542450
239.110321
245.632187
251.468536
257.657837
263.769440
269.382568
274.634460
279.454956
284.092224
288.635193
292.803375
296.863708
300.683472
304.209869
307.652557
310.950439
314.129913
317.145752
319.780762
322.372772
324.703827
326.750580
328.485870
330.049988
331.489655
332.689514
333.949677
335.119354
335.985138
336.748322
337.477600
337.924805
338.357666
338.809418
339.187988
339.663849
340.046967
340.246826
340.209869
339.930817
339.876526
339.605804
339.137451
338.275482
337.477600
336.670654
335.832794
334.871246
333.627655
332.357666
331.042450
329.805634
328.727203
327.411987
326.095978
324.633698
323.255859
321.859192
320.409698
318.843353
317.027374
315.048462
313.144257
311.115601
308.847107
306.740784
304.641998
302.584686
300.469299
298.266418
296.144257
294.068085
291.813171
289.452698
286.945160
284.196289
281.388611
278.825989
276.383331
273.986633
271.602783
269.031891
266.434601
263.781494
260.985870
258.287537
255.495682
252.759644
250.126160
247.449677
244.619370
241.789047
238.846359
235.813187
233.013779
230.455719
227.921783
225.464767
222.681961
219.599762
216.482864
213.641998
211.003235
208.369751
205.551498
202.581665
199.843353
197.187988
194.433090
191.442902
188.338074
185.616348
182.740036
179.578644
176.501724
173.791306
171.208359
168.375015
165.516800
162.799606
160.049225
157.308655
154.583923
151.758133
148.803375
145.899902
142.970795
140.227203
137.553009
134.887848
132.053757
129.324493
126.508507
123.890862
121.115593
118.473061
115.849380
113.139725
110.544708
107.893120
105.257378
102.514542
99.711372
97.035660
94.573364
92.068840
89.549988
86.881813
84.305641
81.822235
79.436859
77.089203
74.700813
72.071098
69.525848
67.181961
64.937614
62.809410
60.839577
58.598251
56.279999
54.050739
51.963257
49.762653
47.726456
45.926304
43.788296
41.490406
39.442142
37.620876
35.645763
33.684223
31.847874
29.878038
27.989653
26.037165
24.213634
22.514540
20.565823
18.733997
16.767933
14.729472
12.861448
11.044706
9.202323
7.513786
5.834299
4.101267
2.190256
0.194781
-1.703409
-3.738100
-5.924374
-7.808990
-9.290890
-10.781840
-12.716984
-14.560875
-16.255445
-18.179276
-20.158915
-21.890438
-23.361780
-24.850468
-26.723770
-28.261478
-29.302956
-30.545792
-32.002052
-33.180786
-34.374599
-35.456047
-36.331615
-37.142323
-38.218491
-39.432671
-40.319546
-41.358765
-42.342926
-43.446243
-44.535233
-45.500542
-46.459064
-47.229805
-48.094810
-49.218491
-50.235836
-51.127995
-52.073696
-52.989986
-53.855747
-54.735836
-55.635536
-56.606876
-57.371582
-58.165703
-59.049564
-59.799938
-60.384403
-60.989986
-61.852730
-62.562382
-63.282593
-64.048058
-64.850464
-65.264496
-65.732063
-66.416832
-67.237343
-68.411552
-69.544281
-70.654388
-71.677017
-72.600845
-73.429649
-74.152878
-74.829353
-75.470375
-76.079727
-76.529198
-76.864799
-77.268265
-77.703407
-78.201149
-78.780334
-79.300697
-79.408539
-79.343681
-79.434181
-79.614418
-79.796921
-79.808235
-79.909294
-80.100845
-80.366302
-80.652130
-80.916077
-81.253937
-81.526939
-81.732063
-81.845192
-81.950768
-82.057861
-82.285614
-82.608383
-82.665703
-82.520905
-82.478676
-82.511856
-82.581993
-82.669472
-82.732063
-82.783348
-82.854240
-82.858765
-83.021660
-82.976410
-83.082748
-83.267509
-83.338402
-83.374603
-83.226784
-83.248657
-83.023170
-82.965096
-82.971130
-83.004311
-83.019394
-82.954536
-82.919846
-82.809746
-82.633270
-82.462082
-82.485458
-82.385155
-82.436440
-82.547302
-82.520149
-82.103859
-81.934181
-81.936440
-81.873848
-81.703407
-81.696625
-81.595566
-81.363289
-81.237343
-81.155899
-81.091797
-80.922867
-80.959068
-80.925125
-80.788628
-80.519394
-80.471886
-80.497528
-80.462082
-80.268265
-80.081993
-79.827843
-79.643074
-79.287872
-79.020149
-78.642326
-78.335388
-77.931160
-77.830856
-77.747902
-77.551071
-77.202652
-76.796921
-76.563141
-76.455292
-76.212456
-75.923622
-75.805222
-75.791641
-75.560120
-75.345192
-75.045036
-74.701897
-74.453789
-74.220001
-74.078217
-73.739609
-73.542778
-73.413818
-73.139305
-72.873093
-72.565399
-72.326332
-72.058609
-71.771278
-71.322563
-70.993759
-70.588020
-70.124977
-69.818039
-69.680031
-69.535988
-69.295418
-68.983200
-68.726784
-68.496017
-68.198883
-67.857254
-67.545036
-67.211708
-66.925125
-66.473396
-66.134026
-65.969620
-65.609894
-65.308235
-64.971130
-64.715477
-64.344437
-64.008835
-63.742626
-63.465099
-63.014874
-62.486969
-62.249413
-61.983196
-61.559368
-61.235836
-60.949261
-60.683800
-60.149109
-59.601601
-59.351223
-59.311253
-59.056351
-58.690590
-58.105370
-57.627995
-57.367813
-57.091793
-56.772789
-56.431915
-56.109894
-55.888927
-55.840664
-55.842171
-55.606876
-55.136288
-54.759216
-54.480934
-54.123470
-53.770527
-53.439457
-52.930408
-52.552578
-52.502052
-52.164948
-51.611404
-51.109894
-50.763741
-50.344433
-49.971886
-49.515625
-49.159668
-48.795414
-48.417587
-48.093304
-47.768265
-47.212460
-46.883652
-46.831615
-46.518642
-46.124222
-45.784855
-45.431915
-45.238098
-45.083500
-44.754692
-44.276562
-43.837646
-43.464344
-43.180031
-42.862534
-42.572941
-42.229805
-41.851974
-41.345188
-40.919094
-40.577465
-40.284855
-39.883652
-39.600090
-39.475655
-39.183048
-38.721508
-38.406273
-38.051826
-37.695114
-37.273544
-37.002804
-36.701145
-36.160423
-35.721508
-35.253937
-35.023167
-34.759216
-34.391193
-33.923618
-33.536743
-33.189835
-32.867058
-32.695114
-32.453033
-32.234329
-32.008083
-31.806726
-31.637043
-31.290136
-30.811253
-30.508839
-30.195868
-29.871584
-29.507330
-29.316530
-28.898733
-28.539005
-28.361025
-28.129501
-27.845188
-27.551825
-27.266758
-26.932671
-26.532970
-26.318794
-26.214722
-25.873093
-25.597828
-25.285610
-25.321056
-25.005068
-24.684555
-24.378370
-24.240362
-23.881388
-23.561628
-23.014872
-22.563137
-22.275806
-22.000544
-21.850468
-21.683046
-21.488476
-21.198130
-20.951523
-20.705671
-20.425882
-20.250166
-19.848206
-19.469624
-19.162685
-19.009592
-18.718493
-18.213966
-17.896471
-17.816530
-17.542021
-17.383650
-17.227541
-17.034479
-16.742624
-16.614420
-16.558613
-16.230558
-15.805219
-15.482444
-15.186817
-14.920604
-14.914570
-14.741117
-14.422112
-14.121206
-13.951524
-13.731312
-13.522413
-13.189834
-12.929653
-12.616682
-12.511101
-12.257708
-12.076712
-11.771282
-11.594057
-11.373092
-11.071433
-10.827843
-10.723771
-10.433424
-10.109895
-9.849713
-9.714721
-9.706426
-9.394208
-9.101599
-8.852730
-8.712459
-8.629502
-8.657406
-8.627240
-8.541267
-8.371584
-8.403258
-8.374600
-8.290135
-8.126486
-7.881388
-7.578220
-7.264495
-6.934178
-6.769020
-6.542021
-6.385912
-6.217738
-6.018642
-5.677768
-5.575958
-5.491493
-5.260724
-5.026938
-4.667210
-4.461327
-4.413062
-4.325581
-4.350468
-4.191342
-3.844434
-3.477165
-3.305219
-3.328597
-3.103107
-2.858009
-2.707180
-2.510347
-2.457556
-2.284857
-2.014118
-1.972640
-1.959065
-1.722263
-1.443982
-1.296923
-1.347451
-1.299186
-1.167210
-1.104615
-1.057858
-0.743379
-0.687572
-0.530709
-0.257707
-0.168718
-0.246395
-0.180030
0.047722
0.259638
0.481357
0.654057
0.821478
0.991161
1.204585
1.573364
1.805641
2.028869
2.242293
2.370498
2.261900
2.268688
2.519065
2.846365
3.066576
3.097496
3.036410
3.112579
3.205339
3.360694
3.492670
3.656320
3.734751
3.895385
3.991161
4.074872
4.245309
4.209110
4.262655
4.399155
4.610317
4.835053
5.065068
5.233243
5.457979
5.465520
5.391614
5.400664
5.663861
5.976079
6.082413
6.067330
6.094480
6.164615
6.281508
6.324495
6.312428
6.393122
6.686486
6.635204
6.555264
6.648778
6.750588
6.782262
6.825249
7.082413
7.330528
7.490407
7.451191
7.420271
7.516802
7.681961
7.805641
7.797345
7.798100
7.813182
7.939879
7.842594
7.837315
7.887843
8.000211
7.884827
7.914238
7.967783
7.929321
7.921026
8.141237
8.267934
8.427059
8.458733
8.450438
8.579396
8.725701
8.708356
8.688748
8.631433
8.675927
8.662353
8.698552
8.915747
8.962503
8.792821
8.666878
8.807149
8.943650
9.019819
8.918009
8.948929
8.863710
8.694781
8.700060
8.591463
8.703831
8.659336
8.540181
8.427813
8.509261
8.648778
8.669894
8.682714
8.724193
8.689503
8.731734
8.847119
9.077134
9.260392
9.330528
9.462503
9.728718
9.795837
9.753605
9.572609
9.588447
9.796591
9.785279
9.703831
9.602021
9.549231
9.531885
9.623892
9.696290
9.878039
10.005490
10.007752
9.988899
10.111825
10.363710
10.328265
10.510769
10.715143
10.585430
10.522836
10.467783
10.619367
10.718914
10.589201
10.609563
10.811674
10.775476
10.650287
10.773967
10.770950
10.773212
10.842594
10.958733
10.947421
10.871252
10.886334
10.778492
10.800362
10.779245
10.932338
11.071101
11.215143
11.194027
11.197043
11.362956
11.480603
11.384827
11.460996
11.373514
11.368989
11.375777
11.425550
11.462503
11.407451
11.376531
11.516803
11.642745
11.591463
11.562051
11.556018
11.448929
11.473816
11.496441
11.546968
11.584676
11.577888
11.502474
11.433846
11.492670
11.613334
11.703831
11.733997
11.662353
11.551494
11.525098
11.439125
11.452700
11.339578
11.246063
11.183469
11.052247
11.118612
11.120121
11.308658
11.300362
11.156320
11.001719
11.010769
11.065822
11.071856
10.840332
10.810166
10.860694
10.865219
10.657074
10.478341
10.368236
10.304887
10.386334
10.608809
10.712127
10.687240
10.537165
10.510015
10.530377
10.605038
10.645761
10.580905
10.421780
10.192519
9.946667
9.830528
9.747572
9.649532
9.528869
9.351645
9.276983
9.130679
