-0.102773
-0.122215
-0.142502
-0.145883
-0.085021
-0.038529
-0.051209
0.127997
0.003736
-0.064734
-0.061352
-0.150110
-0.060507
0.094184
0.262401
0.226052
0.218445
0.144057
0.188014
0.092494
0.073897
0.012189
0.020642
0.015571
-0.016551
-0.133204
-0.126441
-0.205055
-0.227878
-0.127287
0.065444
0.218445
0.193931
0.237041
0.177025
0.089112
0.095875
0.171107
0.115317
0.078969
-0.089248
-0.071496
0.042620
-0.062198
-0.096855
-0.154336
-0.119679
-0.201674
-0.140812
-0.167016
-0.230414
-0.206746
-0.024159
-0.066424
-0.089248
-0.255773
-0.261691
-0.210127
-0.262536
-0.683500
-5.396095
-29.273525
-119.113762
-292.546570
-482.555023
-666.137451
-827.537231
-952.963318
-1043.080811
-1103.174683
-1138.364868
-1153.893921
-1154.136597
-1141.997070
-1119.292114
-1090.013184
-1057.068970
-1022.098572
-986.561768
-950.902405
-915.833984
-881.194885
-847.326782
-814.765503
-783.084167
-751.691956
-721.620972
-692.283691
-663.126465
-634.863525
-607.374939
-580.430725
-554.393555
-528.727478
-503.283661
-478.662354
-454.315796
-430.298035
-406.479767
-382.975983
-359.993713
-337.232941
-314.718994
-292.497528
-270.571930
-249.024155
-227.996262
-207.270142
-186.592209
-166.474701
-147.025848
-127.807762
-109.024162
-90.773949
-72.800995
-55.327625
-38.323399
-21.800997
-5.747743
10.010499
25.213373
39.941185
54.508385
68.497398
82.193085
95.627571
108.772964
121.592918
134.064606
146.213379
158.017258
169.685898
181.051071
192.064606
202.662231
213.007111
222.871872
232.654617
242.026566
251.306351
260.245483
268.914124
277.433990
285.838043
293.855804
301.808472
309.433990
316.685913
323.373993
329.954712
336.106018
341.986816
347.753540
353.363007
358.406097
363.160950
367.955566
372.751831
377.035004
380.887085
384.601379
388.002045
391.275085
394.124603
396.703644
399.357910
402.203217
404.664764
406.793243
408.879486
410.718018
412.153351
413.492310
414.819458
415.857483
416.723083
417.480499
418.182098
418.722260
418.996979
419.197327
419.364685
419.537140
419.546417
419.697723
419.556580
419.218445
418.734070
418.264099
417.708710
416.809326
415.893860
414.701111
413.664764
412.427246
411.225220
409.569244
407.887939
406.344391
404.589539
402.575165
400.253937
397.904846
395.643646
393.444153
390.893860
388.699432
386.487244
384.155884
381.705353
379.209137
376.730713
374.282684
371.593750
368.770416
366.036713
363.105164
360.206604
357.195618
354.371460
351.407806
348.280151
345.117859
342.206604
339.417084
336.538818
333.611511
330.635193
327.627563
324.364685
321.131378
317.877777
314.623352
311.490631
308.244659
305.255646
302.055298
298.566711
295.132233
291.778870
288.622498
285.392578
281.579376
277.800018
274.176178
270.622498
266.913300
263.135590
259.494873
256.158417
252.630112
249.054459
245.608139
242.063751
238.501617
235.023178
231.315659
227.070511
222.527832
217.814392
213.247192
208.780579
204.600525
201.001205
197.284378
193.633484
189.888779
186.380737
183.007111
179.663925
176.291138
173.163498
169.854965
166.696045
163.934418
160.806778
157.519379
154.412018
151.425552
148.392578
145.163498
142.059525
139.099258
136.066284
133.091644
130.341858
127.651245
124.664764
121.613205
118.530365
115.450058
112.488945
109.455978
106.448372
103.503311
100.768738
97.815231
94.472038
91.280998
88.665611
86.105171
83.291138
80.628418
78.108551
75.774658
73.160118
70.401031
67.583618
64.993591
62.486408
60.079815
57.565022
54.989365
52.370602
49.788181
47.157581
44.665611
42.430618
40.231968
37.836365
35.439072
33.133068
30.836365
28.383280
26.113626
24.082350
22.007963
19.847355
17.658005
15.305511
12.982604
10.795791
8.719712
6.501623
4.262401
2.233660
0.122079
-2.186458
-4.234641
-6.192375
-8.045292
-9.661522
-11.352139
-13.298038
-15.239713
-17.031767
-18.686035
-20.447659
-22.085867
-23.683500
-25.330160
-26.860168
-28.376652
-30.028385
-31.613338
-33.093475
-34.534725
-36.298885
-38.057125
-39.441742
-40.696178
-42.371582
-43.833965
-45.061352
-46.426525
-47.932865
-49.219425
-50.325089
-51.711395
-53.233795
-54.527119
-55.760422
-56.851715
-58.161945
-59.457802
-60.916805
-62.120525
-63.298038
-64.431595
-65.535568
-66.830582
-68.080795
-69.253235
-70.307335
-71.336922
-72.631935
-73.904121
-74.959915
-76.117989
-77.219421
-78.021622
-78.739288
-79.579529
-80.440048
-81.283669
-82.066422
-82.930328
-83.645462
-84.192375
-84.785782
-85.490768
-86.262535
-87.035149
-87.716469
-88.330162
-88.949768
-89.603195
-90.357208
-91.057129
-91.598969
-92.205055
-92.752815
-93.221115
-93.783249
-94.326782
-94.908348
-95.424835
-96.066422
-96.484009
-96.906662
-97.119682
-97.380035
-97.701248
-98.110382
-98.589668
-99.099388
-99.614182
-100.188995
-100.494995
-100.855942
-101.303955
-101.618408
-102.023315
-102.444275
-102.640388
-102.794235
-102.857635
-103.081642
-103.391869
-103.620949
-103.943008
-104.375809
-104.714775
-104.732529
-104.611649
-104.534729
-104.655602
-104.830582
-105.001335
-105.243095
-105.298042
-105.167862
-105.152649
-105.303955
-105.361435
-105.244781
-105.483162
-105.680962
-105.529655
-105.434135
-105.624329
-105.708862
-105.644615
-105.398628
-105.189842
-105.257462
-105.437515
-105.434982
-105.357208
-105.395248
-105.254929
-105.170395
-105.260849
-105.237175
-105.038528
-104.708015
-104.382568
-104.284515
-104.124748
-103.956535
-103.720695
-103.428215
-103.149261
-102.926949
-102.663216
-102.429062
-102.364815
-102.153488
-101.979355
-101.772255
-101.356361
-100.893135
-100.693642
-100.478088
-100.101929
-99.728302
-99.497528
-99.194908
-98.695335
-98.348755
-98.115456
-97.872002
-97.530502
-97.141655
-96.839882
-96.457802
-96.116295
-95.772255
-95.473862
-95.103615
-94.810295
-94.440048
-94.171242
-93.750282
-93.362282
-92.857635
-92.559242
-92.215202
-91.960762
-91.708015
-91.450195
-91.210129
-90.886375
-90.477242
-90.161102
-89.824669
-89.573608
-89.414688
-89.161942
-88.529655
-88.121368
-87.871155
-87.724922
-87.276062
-86.796768
-86.636162
-86.188995
-85.718155
-85.273521
-85.025002
-84.637009
-84.030922
-83.500916
-83.464561
-83.043602
-82.714775
-82.332695
-81.574455
-81.081642
-80.772255
-80.406235
-79.821281
-79.288742
-78.941322
-78.707169
-78.221962
-77.757889
-77.499222
-77.081642
-76.487389
-76.006409
-75.762962
-75.429909
-75.173775
-74.956535
-74.645462
-74.004715
-73.420609
-72.900742
-72.422302
-71.897362
-71.300575
-70.708862
-70.067268
-69.598969
-69.137428
-68.762962
-68.229568
-67.722382
-67.286201
-66.839035
-66.381721
-66.013168
-65.695335
-65.341148
-64.819595
-64.385948
-63.910042
-63.353828
-62.779865
-62.286205
-61.974285
-61.636162
-60.989502
-60.269299
-59.735062
-59.085022
-58.680119
-58.146729
-57.927795
-57.640388
-57.194912
-56.602348
-56.298885
-56.240559
-55.903278
-55.294659
-54.740135
-54.305645
-53.751968
-53.369888
-53.034302
-52.669128
-52.384262
-51.973442
-51.599815
-51.043602
-50.559238
-49.983585
-49.626865
-49.476398
-49.036839
-48.423145
-47.932022
-47.495842
-46.944698
-46.347912
-45.904972
-45.724075
-45.403702
-45.005562
-44.725765
-44.251549
-43.688572
-42.984428
-42.737598
-42.491615
-42.233795
-41.741825
-41.164478
-40.609112
-40.458649
-40.115452
-39.678429
-39.298038
-39.146729
-39.325935
-39.716465
-40.282822
-40.776482
-40.929485
-40.846645
-40.574455
-40.416382
-39.933712
-39.470482
-39.025848
-38.815369
-38.438358
-37.959915
-37.555859
-37.117142
-36.793388
-36.244785
-35.641235
-34.964989
-34.548252
-34.273525
-33.782402
-33.237175
-32.587135
-32.019932
-31.466255
-31.108690
-30.583754
-30.096855
-29.556704
-29.057972
-28.615030
-28.249010
-27.781555
-27.396940
-26.901588
-26.505140
-26.131514
-25.733374
-25.235487
-24.812832
-24.426525
-24.036839
-23.647152
-23.255774
-22.966679
-22.557549
-22.052900
-21.817904
-21.593897
-21.351294
-20.853407
-20.318327
-19.876230
-19.566847
-19.223652
-18.999645
-18.484007
-17.745207
-17.398630
-17.091784
-16.802689
-16.629400
-16.553322
-16.293812
-16.022469
-15.850025
-15.649687
-15.256618
-14.806914
-14.314945
-13.928639
-13.620101
-13.396094
-13.068960
-12.810296
-12.449349
-12.294658
-12.086712
-11.686035
-11.184768
-10.832273
-10.555013
-10.419764
-10.146729
-10.105309
-9.970904
-9.724074
-9.413001
-9.207591
-9.297194
-9.369045
-9.188994
-9.072342
-8.930329
-8.690262
-8.426526
-8.046982
-7.619256
-7.211817
-7.060507
-6.996264
-6.928639
-6.631091
-6.166171
-5.987811
-5.849180
-5.582063
-5.274370
-4.909197
-4.697870
-4.440896
-4.483161
-4.590516
-4.511056
-4.329315
-4.180541
-3.954844
-3.502604
-3.201674
-2.971750
-2.559239
-2.242249
-1.964142
-1.850871
-1.797616
-1.653914
-1.369890
-0.906661
-0.411310
-0.013170
0.124615
0.362147
0.760287
0.998664
1.144058
1.279307
1.481336
1.750989
2.122925
2.318191
2.454286
2.388352
2.231124
2.141521
2.100101
2.205765
2.418783
2.526137
2.455131
2.309738
2.264937
2.410330
2.690127
2.829603
2.923432
3.069670
3.239577
3.551496
3.778039
3.886238
4.091649
4.347777
4.554877
4.829603
5.248876
5.431462
5.663077
5.920896
6.231124
6.549806
6.680829
6.991902
7.239577
7.304666
7.423009
7.599679
7.772122
7.942874
8.141521
8.270008
8.566711
8.927658
9.264936
9.382435
9.441607
9.692663
9.641944
9.647861
9.696044
9.641099
9.785646
10.024024
10.218445
10.462739
10.559104
10.581927
10.668994
10.659696
10.587845
10.886238
11.011344
11.119543
11.284379
11.324108
11.283533
11.314810
11.484716
11.466120
11.537126
11.611513
11.745917
11.925122
12.030787
12.041775
11.785646
11.565866
11.559104
11.810161
11.867641
11.797481
11.876095
12.230279
12.204920
12.227743
12.373981
12.385816
12.251411
12.314810
12.466120
12.645326
12.633492
12.649552
12.827912
12.902299
12.996974
12.993592
13.152511
13.246340
13.227743
13.299594
13.128842
13.127996
13.208301
13.068825
13.132223
13.283533
13.591226
13.715487
13.905681
14.027405
14.042621
14.211682
14.468656
14.695199
14.766205
14.772967
14.968233
15.013880
15.151666
15.321572
15.510921
15.466966
15.316501
15.293677
15.478800
15.446678
15.390042
15.288606
15.335942
15.466966
15.482181
15.495706
15.413711
15.483027
15.537971
15.596297
15.726475
15.728166
15.860034
15.871868
15.898918
16.042620
16.127151
16.063753
15.916670
15.843973
15.761132
15.783111
15.758596
15.719712
15.672376
15.572629
15.643635
15.595452
15.423855
15.423009
15.461893
15.552341
15.483871
15.278461
15.159273
15.379899
15.652933
15.953018
15.972460
15.952172
15.861725
15.832139
15.798326
15.815232
15.901454
15.871868
15.647861
15.604751
15.466966
15.362992
15.267472
15.220981
15.328335
15.376517
15.136450
15.139831
15.109400
15.220136
15.349467
15.409484
15.417092
15.298749
15.111091
14.998665
14.835520
14.786492
14.860879
14.922586
14.874404
14.920896
14.854962
14.885393
15.055300
15.129687
15.038394
15.034167
14.960626
14.772967
14.609822
14.625038
14.744226
14.828757
14.834675
14.671530
14.576010
14.503314
14.330026
14.423855
14.456821
14.536281
14.634336
14.775503
14.729856
14.676601
14.627574
14.486407
14.575165
14.724785
14.753525
14.658005
14.565866
14.639408
14.708724
14.689281
14.511766
14.193086
14.169416
14.248031
14.154202
14.110245
