-0.022704
0.047384
0.090216
0.083844
-0.076864
-0.112616
-0.052085
0.090924
0.142605
0.130570
0.089862
0.140481
0.153579
0.119950
0.075349
-0.036156
-0.163943
-0.098103
0.093756
0.094818
-0.000050
0.030393
-0.036156
-0.018811
-0.000758
-0.030492
-0.017749
-0.032262
-0.115094
-0.080404
-0.013147
0.028977
0.048446
-0.000404
-0.028368
-0.072616
-0.071554
0.048800
0.081366
-0.073324
-0.111908
-0.065536
-0.001465
-0.027306
-0.091023
-0.037218
0.037119
-0.034740
-0.058103
-0.047483
-0.094917
-0.134917
-0.135271
-0.032970
0.026853
0.038181
0.019773
0.019773
0.184729
0.018358
-2.304474
-23.183413
-153.584122
-476.194031
-910.841492
-1352.660278
-1733.509033
-2019.580200
-2217.614258
-2345.653809
-2422.024902
-2461.762207
-2471.172119
-2452.046875
-2410.099121
-2352.680420
-2285.265625
-2212.847412
-2138.424072
-2063.157227
-1989.611328
-1918.869019
-1850.039307
-1782.504883
-1717.159302
-1653.675781
-1592.262695
-1532.149414
-1472.534180
-1414.209229
-1357.862305
-1302.304077
-1247.334595
-1193.408936
-1140.142334
-1087.915405
-1036.433350
-985.050293
-934.566772
-885.402527
-836.967468
-788.994019
-741.780212
-695.236145
-649.596130
-604.888550
-560.562500
-516.829102
-474.260223
-432.524292
-391.382355
-351.092804
-311.649597
-273.083221
-235.076157
-197.389069
-160.617401
-125.180931
-90.694565
-56.868366
-23.646067
9.199243
40.932339
72.068626
102.770927
132.931992
162.248093
190.349335
217.735519
245.188629
272.447388
298.539764
324.108276
348.906158
372.664368
395.409149
417.405609
438.727020
459.948608
481.843140
502.888092
523.054810
542.493042
561.163147
578.955688
596.054810
612.399597
629.223328
646.251282
662.461548
677.840332
692.468994
706.451660
719.702942
732.204895
744.010559
755.273254
765.907898
776.028992
785.882446
795.931274
805.572693
814.241028
821.985413
829.343323
836.519226
843.342957
849.329834
855.048462
860.495178
865.711121
870.639587
875.145081
879.330933
883.133423
886.751831
889.829712
892.509705
895.002441
897.273560
899.007751
900.423645
901.488098
902.149353
902.440674
902.546509
902.430054
902.134094
901.513916
900.570923
899.287048
897.797485
895.985413
894.107544
892.130554
889.972351
887.674988
885.251282
882.523132
879.478882
876.439270
873.185059
869.588989
865.796753
861.803467
857.658386
853.252686
848.598877
843.741882
838.733032
833.706116
828.471436
823.149353
817.925964
812.575195
807.057983
801.479248
795.845947
790.112488
784.161011
778.011963
771.634644
765.068970
758.459778
751.845276
745.288818
738.601013
731.834290
724.948242
718.119934
711.209167
704.388245
697.434998
690.300476
682.958557
675.507202
668.155701
660.927734
653.665100
646.311462
639.038208
631.642456
624.146484
616.502930
608.981873
601.684570
594.543335
586.932678
579.292664
571.921692
564.679932
557.282776
549.679260
542.021545
534.249146
526.370239
518.742981
511.154999
503.466156
495.627563
487.727386
480.226135
472.866150
465.156067
457.590759
450.498718
443.295868
435.795715
428.075714
420.676422
413.403137
406.168091
398.886688
391.930206
385.023315
377.727753
370.207397
363.051971
356.033936
349.138367
342.131287
335.164185
328.314636
321.552856
314.634277
307.892700
301.441010
294.923859
288.000305
280.875336
274.124908
267.684906
261.140839
254.507919
248.164200
242.008453
235.813049
229.259781
222.819412
216.618713
210.537643
204.170563
198.054108
192.224014
186.112869
179.730209
173.578705
167.806671
161.988266
156.077820
150.352158
144.696228
139.207382
133.877823
128.669327
123.504021
118.360306
113.231812
108.207031
103.372337
98.455528
93.541542
88.562073
83.590393
78.786499
74.141899
69.433578
64.733398
60.201366
55.570923
51.013756
46.581188
42.207382
37.854111
33.462605
29.214464
25.016233
20.882782
16.729507
12.508977
8.422252
4.581189
0.787561
-2.980227
-6.935271
-10.761820
-14.404652
-18.195448
-21.875448
-25.518988
-29.136333
-32.660934
-36.178455
-39.431553
-42.833679
-46.246422
-49.717571
-53.006420
-56.199696
-59.467308
-62.725361
-65.909782
-69.133148
-72.270142
-75.273682
-78.242882
-81.381645
-84.372437
-87.197571
-90.105179
-93.175621
-96.036156
-98.817398
-101.445358
-104.115097
-106.710495
-109.151550
-111.632263
-114.201820
-116.612793
-119.104118
-121.469788
-123.729607
-126.144478
-128.573502
-130.915802
-133.197922
-135.205353
-137.392609
-139.712616
-142.031555
-144.229431
-146.430145
-148.693848
-150.885712
-152.790848
-154.855270
-157.033325
-158.884659
-160.786240
-162.671555
-164.417038
-166.094910
-167.760056
-169.512268
-171.152618
-172.707657
-174.151901
-175.852081
-177.513321
-179.003937
-180.455627
-181.793320
-183.177750
-184.440399
-185.860229
-187.153320
-188.417755
-189.533508
-190.720047
-191.865540
-193.065887
-194.203949
-195.177399
-196.110489
-197.028366
-197.891724
-198.701645
-199.481827
-200.412079
-201.162170
-201.868011
-202.549789
-203.260574
-203.951202
-204.555099
-205.116516
-205.802887
-206.539871
-206.968903
-207.485718
-208.123947
-208.768539
-209.362534
-209.825180
-210.380936
-211.061646
-211.770309
-212.350845
-212.744476
-213.303406
-213.691025
-214.020584
-214.332443
-214.736328
-214.944122
-215.063065
-215.191193
-215.510849
-215.792267
-215.945892
-216.149780
-216.204300
-216.312973
-216.402527
-216.512268
-216.600754
-216.714737
-216.770676
-216.800400
-216.774567
-216.631195
-216.527832
-216.294556
-216.152267
-216.228729
-216.373856
-216.460938
-216.560410
-216.507309
-216.405716
-216.368896
-216.341995
-216.184830
-215.818451
-215.356155
-214.911560
-214.497040
-214.238632
-213.969604
-213.531372
-213.008545
-212.555099
-212.165359
-211.749435
-211.293503
-210.848190
-210.370667
-209.788727
-209.106598
-208.726074
-208.253143
-207.747299
-207.222000
-206.598984
-205.993317
-205.400757
-204.809250
-204.371384
-204.032623
-203.447479
-202.839691
-202.145538
-201.436157
-200.803940
-200.246414
-199.584122
-198.720047
-197.877930
-197.029785
-196.213501
-195.483231
-194.869431
-194.264114
-193.488892
-192.732437
-192.121826
-191.465897
-190.555099
-189.645706
-188.992966
-188.230499
-187.269073
-186.386597
-185.644653
-184.876511
-183.853149
-182.816681
-181.851730
-180.765366
-179.717926
-178.972092
-178.237930
-177.297043
-176.321106
-175.344833
-174.358994
-173.553329
-172.692444
-171.910141
-171.139877
-170.318283
-169.460938
-168.648544
-167.810669
-167.012787
-166.371384
-165.699524
-164.907303
-164.103760
-163.477921
-162.735977
-161.953323
-161.343063
-160.847122
-160.015274
-159.396515
-158.768188
-157.846771
-156.827301
-155.758987
-154.765366
-153.820587
-152.793671
-151.696686
-150.622345
-149.450317
-148.371384
-147.423767
-146.418106
-145.403595
-144.274384
-143.134918
-142.061646
-141.071198
-139.953323
-138.815979
-137.727844
-136.642883
-135.648193
-134.637924
-133.646423
-132.865891
-132.202179
-131.429428
-130.476868
-129.357574
-128.249954
-127.045006
-126.102348
-125.254913
-124.322884
-123.401466
-122.478989
-121.391197
-120.215271
-119.085358
-118.087128
-117.090668
-116.061996
-114.983765
-113.967133
-112.897751
-111.653145
-110.499870
-109.507309
-108.638283
-107.694206
-106.601822
-105.660934
-104.866600
-103.995445
-103.277573
-102.652084
-102.142349
-101.403236
-100.675446
-99.912262
-98.972794
-98.057396
-97.246071
-96.217041
-95.205711
-94.196861
-93.258102
-92.363586
-91.309074
-90.279694
-89.256683
-88.304825
-87.277214
-86.275093
-85.371376
-84.589783
-83.696686
-82.931023
-82.275444
-81.596863
-80.744118
-79.811378
-78.929253
-78.028015
-77.179161
-76.321823
-75.445007
-74.665894
-74.002174
-73.177391
-72.274384
-71.484299
-70.637215
-69.805359
-68.901291
-68.110847
-67.263763
-66.249603
-65.374916
-64.619873
-63.790138
-62.932083
-62.241112
-61.666245
-60.914387
-59.865536
-58.980579
-58.304119
-57.708015
-56.953323
-56.097042
-55.526775
-55.206776
-54.949078
-54.698811
-54.563942
-54.120403
-53.273678
-52.328545
-51.560757
-50.829430
-50.146599
-49.566067
-49.003944
-48.148014
-47.189430
-46.422703
-45.815269
-45.244297
-44.801819
-44.275448
-43.745182
-43.132793
-42.314034
-41.388016
-40.453854
-39.778103
-39.164299
-38.350140
-37.503765
-36.929962
-36.330669
-35.625889
-34.950848
-34.228016
-33.717926
-33.118633
-32.399696
-31.741997
-31.086775
-30.509430
-29.819872
-29.166775
-28.504120
-27.726421
-26.969254
-26.369608
-25.815979
-25.274385
-24.660227
-24.017748
-23.337395
-22.788013
-22.196156
-21.441111
-20.733147
-20.263058
-19.872261
-19.169252
-18.398987
-17.742350
-17.302351
-16.789783
-16.226952
-15.781288
-15.192262
-14.386599
-13.686421
-13.213147
-12.682528
-11.996510
-11.366067
-10.788368
-10.173501
-9.720757
-9.266599
-8.724298
-8.280403
-7.899165
-7.417041
-6.925005
-6.488191
-6.207483
-5.668722
-4.914386
-4.377041
-4.038280
-3.557926
-3.194386
-2.686775
-2.095625
-1.561466
-1.136333
-0.653147
-0.197218
0.224375
0.625083
1.005260
1.410924
1.805968
2.134818
2.581897
3.032163
3.383313
3.633579
4.065791
4.351101
4.592163
4.908977
4.901189
4.650216
4.325968
4.000659
3.721012
4.077118
4.325260
4.554995
4.847384
5.170216
5.491986
5.704021
5.909685
6.198888
6.508977
6.751809
6.881366
7.196411
7.576234
7.927738
8.266853
8.570216
8.913579
9.328446
9.775171
10.152516
10.547561
10.961720
11.270747
11.648092
11.972340
12.230747
12.496942
12.734464
13.131986
13.682782
14.029685
14.368092
14.704021
14.913933
15.234286
15.559242
16.022606
16.310747
16.474640
16.766321
16.373047
14.745791
14.640305
14.910039
15.267561
15.655880
15.933402
16.234640
16.501543
16.799242
16.975525
17.259773
17.595348
17.866854
18.168093
18.413403
18.619066
18.839596
18.993225
19.205614
19.449862
19.671101
19.806677
19.963490
19.976587
20.077827
20.213047
20.220482
20.346146
20.621544
20.902252
21.126322
21.297649
21.468269
21.647385
21.778358
22.044907
22.315702
22.439951
22.500128
22.508978
22.409155
22.374109
22.474640
22.593578
22.616234
22.819420
23.064375
23.286322
23.407385
23.491278
23.487385
23.577650
23.786854
23.947561
24.110394
24.179419
24.224730
24.339773
24.432871
24.503313
24.728447
24.882782
24.912518
24.837826
24.808092
24.782606
24.677473
24.525969
24.644907
24.815525
25.069685
25.196764
25.295172
25.378712
25.536587
25.665083
25.768091
25.875702
26.078888
26.193224
26.190746
26.150747
26.171986
26.167383
26.221544
26.325968
26.366676
26.425791
26.415525
26.255526
26.175526
26.018711
25.941189
25.823668
25.705084
25.542604
25.531279
25.482782
25.383667
25.519596
25.631102
25.617296
25.648445
25.739420
25.917118
25.993933
25.997826
26.035349
26.072870
26.017649
26.081366
26.236057
26.491985
26.689861
26.797472
26.914995
27.051987
27.114994
27.191101
27.251278
27.272163
27.221897
27.167738
27.097649
27.077827
27.150040
27.207029
27.231100
27.242075
27.297649
27.367739
27.463314
27.562075
27.658003
27.844198
28.068623
28.244553
28.427561
28.544729
28.610924
28.653048
28.736942
28.805967
28.905437
29.026146
29.059065
29.175171
29.354994
29.435703
29.441013
29.419773
29.555349
29.666145
29.748268
29.720659
29.514286
29.388622
29.281012
29.257296
29.234287
29.321367
29.370569
29.464375
29.469685
29.421898
29.418358
29.443136
29.498711
29.506853
29.594641
29.760658
29.792517
29.813402
29.708269
29.711454
29.809155
29.735880
29.793224
29.929508
29.976234
29.985790
29.994995
30.065083
30.081720
30.046677
29.965969
29.792162
29.608091
29.634287
30.081013
