0.043225
-0.029422
-0.066846
-0.059141
-0.047034
-0.092163
-0.066846
-0.033275
-0.105371
-0.136192
-0.131789
-0.031073
0.029466
-0.004106
-0.044832
-0.015113
0.077347
0.184117
0.048729
-0.116929
-0.132339
-0.034926
0.138437
0.118074
0.181365
0.175861
0.160451
0.058635
-0.072900
-0.002455
0.034970
0.013506
0.158800
0.206681
0.163753
0.050930
0.087254
0.154948
0.090556
-0.122983
-0.163159
-0.137292
0.020110
0.025614
-0.017314
-0.051987
-0.043181
-0.102620
-0.223698
-0.137843
-0.037677
-0.028321
-0.034375
-0.005757
-0.006307
-0.071249
-0.100418
-0.164260
-0.706362
-3.173065
-11.990347
-35.561069
-88.838448
-182.829086
-273.800476
-350.851105
-419.971649
-473.377258
-510.234161
-535.149963
-549.549500
-553.807617
-551.153259
-543.700317
-531.620483
-516.674988
-501.316711
-483.928162
-465.039886
-447.586395
-430.803772
-414.170868
-398.430084
-383.387695
-368.854950
-354.698120
-340.854401
-327.322205
-314.121338
-301.406982
-289.184082
-276.935303
-264.652435
-252.706360
-240.682693
-228.418518
-216.416870
-204.960632
-193.526398
-182.453201
-171.192322
-160.045929
-149.250122
-138.732224
-128.217087
-118.088310
-108.081154
-98.178017
-88.363487
-78.728378
-69.378899
-60.252869
-51.526947
-42.775707
-34.094913
-25.590237
-17.315058
-9.428432
-1.549510
6.293638
14.092207
21.592482
28.956268
36.256763
43.115322
49.732273
56.021763
62.292538
68.490669
74.297493
79.890228
85.485710
91.071846
96.545700
101.790062
106.707504
111.498924
116.120277
120.802719
125.347572
129.746582
133.975525
138.081207
142.030563
145.843994
149.331055
152.799973
156.236954
159.673935
162.933151
165.886368
168.704758
171.653564
174.372894
176.803268
179.349228
181.902328
184.300797
186.511581
188.515427
190.433975
192.163208
193.848404
195.397110
196.776306
198.172012
199.650818
201.123581
202.575424
203.752090
204.646423
205.484055
206.384995
207.299149
207.883072
208.224289
208.787857
209.571564
210.092209
210.247406
210.146698
209.999741
209.938110
209.737228
209.578720
209.325562
209.090012
208.890778
208.645309
208.226501
207.679443
207.241898
206.775757
205.987091
205.365738
204.773544
204.114227
203.219345
202.323364
201.109268
199.836288
198.839035
198.175308
197.317307
196.269424
195.430679
194.419662
193.240250
191.912247
190.584229
189.509933
188.392151
187.174759
185.724564
184.237503
183.009109
181.776855
180.501678
179.171463
177.850601
176.540192
175.214386
173.772446
172.271072
170.738327
169.235855
167.735580
166.197327
164.509933
162.894073
161.247955
159.635406
158.050934
156.346466
154.653015
152.946365
151.189621
149.431229
147.698700
145.850601
143.878113
141.788406
139.791168
137.808777
135.998093
134.278229
132.538544
130.479111
128.496719
126.699799
125.034416
123.165405
121.252357
119.459846
117.700356
116.061935
114.382248
112.846748
111.264465
109.560562
107.772446
106.127983
104.550652
102.850601
101.093857
99.471954
97.724014
95.883072
94.136238
92.490669
90.733925
88.951866
87.165955
85.410316
83.755386
82.007454
80.334915
78.807121
77.201180
75.518181
73.803268
72.137337
70.372337
68.491219
66.576523
64.742729
63.090557
61.481308
59.908386
58.466999
56.966724
55.494518
53.729523
52.038822
50.517635
49.020660
47.514332
45.984337
44.595783
43.175861
41.763645
40.349224
39.020660
37.716862
36.313450
35.011303
33.735577
32.481308
31.040474
29.638712
28.309048
27.129082
25.869862
24.587528
23.315102
21.929852
20.537447
18.945812
17.449940
16.091656
14.896830
13.678338
12.414717
11.190170
10.168157
9.102664
8.003599
6.683291
5.451591
4.296940
3.020110
1.835740
0.647518
-0.490622
-1.629312
-2.657931
-3.552812
-4.457050
-5.474111
-6.426780
-7.439989
-8.519240
-9.563269
-10.589136
-11.497226
-12.382201
-13.511536
-14.426781
-15.206087
-15.988145
-16.916048
-17.802675
-18.476864
-19.124634
-19.944117
-20.801575
-21.659031
-22.404215
-23.103170
-23.884129
-24.723423
-25.433384
-26.131239
-26.793318
-27.546759
-28.526396
-29.260572
-29.874771
-30.498877
-31.107023
-31.832394
-32.338173
-32.861012
-33.534100
-34.276531
-34.875874
-35.547310
-36.377800
-37.555565
-38.637016
-39.708565
-40.534649
-41.464203
-42.270477
-43.052536
-43.664536
-44.069046
-44.575928
-44.988144
-45.350830
-45.761398
-46.203884
-46.464756
-46.704712
-47.058041
-47.433384
-47.700310
-48.096565
-48.606197
-49.020065
-49.315060
-49.529697
-49.850006
-50.093815
-50.468056
-50.547859
-50.586933
-50.725075
-50.977139
-51.165359
-51.185722
-51.252869
-51.429531
-51.606747
-51.750942
-51.927605
-52.167561
-52.391006
-52.566021
-52.792217
-52.998604
-53.225899
-53.360188
-53.531349
-53.613903
-53.723972
-53.879726
-54.053089
-54.116379
-54.235256
-54.361286
-54.476311
-54.512638
-54.625458
-54.827991
-54.996399
-55.240761
-55.313408
-55.255619
-55.261673
-55.189575
-55.112526
-55.036575
-55.136192
-55.253967
-55.116928
-54.982090
-55.017864
-55.215443
-55.323864
-55.148849
-54.924305
-54.831295
-54.809830
-54.781761
-54.710217
-54.647472
-54.592987
-54.606197
-54.588036
-54.567673
-54.549511
-54.470810
-54.314507
-54.087208
-54.065746
-54.109222
-54.215443
-54.083359
-53.887428
-53.881927
-53.722874
-53.718472
-53.696457
-53.684898
-53.590786
-53.401463
-53.219845
-53.124084
-53.056938
-52.920452
-52.802673
-52.759747
-52.774055
-52.641418
-52.351383
-52.113075
-51.886879
-51.778458
-51.608398
-51.440540
-51.257271
-51.003555
-50.774605
-50.679943
-50.667835
-50.519241
-50.442192
-50.378899
-50.273781
-50.099869
-50.003555
-49.915497
-49.661781
-49.418526
-49.389908
-49.383301
-49.270477
-48.897888
-48.755894
-48.644722
-48.444393
-48.235806
-48.056389
-47.906693
-47.748741
-47.566021
-47.275433
-47.088310
-46.832943
-46.631512
-46.533550
-46.449345
-46.244061
-46.026669
-45.810379
-45.658482
-45.520893
-45.263874
-44.859913
-44.499977
-44.184074
-43.892933
-43.643070
-43.404217
-43.306801
-43.195629
-42.946320
-42.731129
-42.485119
-42.313408
-42.083908
-41.908344
-41.640869
-41.374496
-41.285339
-41.080605
-40.941914
-40.895134
-40.650227
-40.340374
-40.164261
-39.939163
-39.660683
-39.308453
-39.264977
-39.031075
-38.800472
-38.400913
-38.179119
-37.835697
-37.509335
-37.354134
-37.099319
-36.841751
-36.581982
-36.473011
-36.235806
-35.891834
-35.495575
-35.278183
-35.121883
-34.881927
-34.697006
-34.427330
-34.374496
-34.255070
-34.046482
-33.742687
-33.611702
-33.308453
-33.019516
-32.892384
-32.652977
-32.474663
-32.391006
-32.207737
-32.042080
-31.858810
-31.588585
-31.324413
-30.945768
-30.619955
-30.247913
-29.956224
-29.783962
-29.605097
-29.372845
-29.085558
-28.781761
-28.653528
-28.546759
-28.371744
-28.279285
-28.261124
-27.976038
-27.694254
-27.477413
-27.241859
-27.247364
-27.203886
-27.014011
-26.690952
-26.411921
-26.255619
-26.116379
-26.017315
-26.069048
-26.158205
-26.304602
-26.271580
-26.138943
-25.906693
-25.612251
-25.487320
-25.364590
-25.228651
-24.943016
-24.688200
-24.471910
-24.332668
-24.132889
-23.870369
-23.859913
-23.708014
-23.509335
-23.220396
-23.121881
-22.840649
-22.553913
-22.398712
-22.154903
-21.787815
-21.385504
-21.168663
-20.994200
-20.743237
-20.352482
-20.149401
-20.010160
-19.848354
-19.705812
-19.548960
-19.437237
-19.340374
-19.193428
-19.048134
-18.951822
-18.720671
-18.635366
-18.502180
-18.130688
-17.863214
-17.714067
-17.518690
-17.610050
-18.300198
-19.398712
-20.414122
-20.914948
-20.601244
-20.246813
-19.814783
-19.469707
-19.256170
-19.050335
-18.772955
-18.468607
-18.307903
-18.211040
-18.214342
-18.133989
-17.885229
-17.685448
-17.442190
-17.114178
-16.745438
-16.535200
-16.304050
-16.159857
-15.996401
-15.748739
-15.518140
-15.198933
-14.928156
-14.601794
-14.167562
-13.765250
-13.578129
-13.438889
-13.261673
-12.904490
-12.578129
-12.327716
-12.030523
-11.628761
-11.227551
-10.906693
-10.627110
-10.210490
-9.823038
-9.461452
-9.172515
-9.146648
-8.958977
-8.652427
-8.434485
-8.229202
-7.900088
-7.593539
-7.372295
-7.212691
-6.963379
-6.645823
-6.421277
-6.026120
-5.705261
-5.526395
-5.335421
-5.151601
-4.951822
-4.865416
-4.895135
-4.831293
-4.566021
-4.304601
-4.052537
-3.730027
-3.452647
-3.124084
-2.863214
-2.577028
-2.393209
-2.229752
-2.039879
-1.790567
-1.667837
-1.521992
-1.363489
-1.246263
-1.130138
-1.004656
-0.819736
-0.672240
-0.416874
-0.171965
-0.080055
0.005801
0.147793
0.283731
0.388850
0.568817
0.774100
1.011855
1.192922
1.216037
1.359130
1.563313
1.571018
1.574871
1.832989
1.962873
1.929301
1.906186
2.041024
2.151646
2.138437
2.272724
2.438382
2.601838
2.592482
2.665680
2.664579
2.705305
2.786758
2.732823
2.373440
1.915542
1.487364
1.338767
1.209433
1.078998
1.114221
1.155498
1.131282
1.197325
1.347573
1.518734
1.791712
2.069642
2.222642
2.371789
2.502223
2.606241
2.690446
2.862708
2.918844
3.009653
3.113671
3.301893
3.513231
3.699251
3.758690
3.786208
3.799417
3.725669
3.640363
3.615597
3.618349
3.673935
3.766946
3.814827
4.011304
4.194573
4.300242
4.322807
4.312901
4.433979
4.567166
4.764744
4.834640
4.940308
4.920496
4.893528
5.038272
5.148894
5.145592
5.193473
5.251260
5.357480
5.560561
5.832438
5.947463
5.956819
5.976081
6.267220
6.482410
6.537997
6.606791
6.728420
6.791712
6.752636
6.646967
6.839042
6.971128
7.099912
7.182466
7.257864
7.354728
7.362983
7.467551
7.627705
7.523687
7.467000
7.514882
7.331613
7.122477
7.202279
7.390501
7.285933
7.179714
7.363533
7.445537
7.531943
7.603489
7.619450
7.719064
7.770798
7.856103
8.021761
8.052031
8.030567
8.115322
8.152746
8.207782
8.304094
8.440583
8.413066
8.309598
8.373990
8.395454
8.312350
8.234200
8.510479
8.638162
8.674485
8.659076
8.735575
8.797215
8.875916
8.853352
8.877567
8.908937
8.924348
8.820881
8.593033
8.420771
8.292537
8.200077
8.224843
8.205030
8.239153
8.234750
8.409213
8.522037
8.531942
8.440033
8.380044
8.364634
8.306847
8.404260
8.611195
8.633759
8.452141
8.321706
8.221541
8.154397
8.049829
7.940308
7.892427
7.863809
7.857755
7.725669
7.574871
7.354728
7.256214
7.201178
7.273274
7.394904
7.554507
7.581475
7.511580
7.455443
7.435630
7.464799
7.448839
7.496170
7.551755
7.567716
7.672284
7.791161
7.738877
7.693198
7.684942
7.643115
7.621101
7.595234
7.683842
7.672284
7.542950
7.431227
7.566615
7.585878
7.589730
7.656323
7.731172
7.734474
7.628806
7.681640
7.706406
7.737777
7.732823
7.612295
7.540198
7.551755
7.621651
7.744931
7.829686
7.891326
7.952416
7.976081
7.993143
7.980484
8.071844
8.219890
8.170358
8.094958
7.927100
7.837942
7.649719
7.410864
7.303545
7.383346
7.441684
7.353627
7.333263
7.449939
7.507727
7.437831
7.246307
7.016258
6.803269
6.577072
6.443885
6.249059
6.175311
6.079549
6.077898
6.030567
5.912240
5.904535
5.896830
5.873715
5.818129
5.833539
5.872614
5.913891
6.058635
6.083951
5.359681
3.935905
2.255663
1.669532
1.739978
