-0.163097
-0.004723
0.073062
0.011395
-0.104233
-0.185522
-0.142074
-0.089516
-0.079706
0.063952
0.182383
0.256664
0.092684
0.087078
0.073763
-0.098626
-0.119650
-0.161696
-0.242985
-0.208648
-0.101430
-0.015235
0.018402
0.055543
0.049937
0.103196
0.091282
0.079369
0.150147
0.091983
0.014198
-0.091619
-0.025746
0.027512
0.178178
0.061850
-0.018038
-0.086013
-0.090918
0.089180
0.211815
0.201303
0.049937
-0.072698
-0.058683
0.002285
0.013497
-0.000519
-0.097926
-0.071296
-0.001920
0.017001
0.073062
0.098991
0.211114
0.161359
0.050638
0.129825
0.166265
-0.353707
-5.042565
-28.622803
-116.999115
-290.165192
-478.416779
-649.650818
-788.231079
-893.922729
-964.320068
-1008.727234
-1032.332642
-1040.422363
-1035.852661
-1020.223389
-997.275208
-970.482666
-939.398560
-907.614380
-876.116821
-844.505066
-813.889099
-784.207275
-755.396484
-727.425903
-700.168030
-673.308838
-647.090210
-621.315186
-595.905945
-571.251404
-547.083923
-523.495972
-500.287842
-477.227570
-454.662750
-432.189728
-409.768555
-387.760864
-366.236664
-344.974579
-324.214264
-303.945862
-283.870880
-264.130157
-244.505081
-225.068497
-205.880692
-186.950058
-168.528198
-150.392242
-132.827423
-115.255600
-98.074799
-81.181320
-64.526100
-48.306755
-32.415375
-16.909418
-1.600378
13.321836
27.865635
41.951130
55.586727
68.760521
81.485817
93.773132
105.681328
117.574112
129.114410
140.094086
150.979858
161.486511
171.796951
181.914688
191.522964
201.686935
212.023300
221.514542
230.551682
239.027512
247.113708
254.878952
262.293793
269.219513
276.054840
282.607056
288.698151
294.850220
300.979858
306.706573
312.127716
317.408722
322.330933
326.832703
331.376495
335.534882
339.707245
343.745087
347.601440
351.100403
354.546082
357.862122
361.103210
363.986877
366.693939
369.121429
371.432556
373.698853
376.051331
378.134735
379.823578
381.446564
383.033813
384.408722
385.547485
386.523651
387.403137
388.178192
388.867737
389.180267
389.332336
389.499817
389.693939
389.546082
389.290314
388.907684
388.610565
388.117218
387.183075
386.236328
385.355469
384.251770
383.009979
381.828491
380.433960
378.965149
377.420654
375.843903
374.211823
372.516663
370.684143
368.571320
366.345673
364.305023
362.279083
360.118622
357.895782
355.711456
353.292389
350.981262
348.671509
346.458496
343.972839
341.377899
338.750000
336.159271
333.638580
331.029602
328.479523
325.850220
323.131927
320.230743
317.200592
314.451477
311.515259
308.495636
305.540466
302.394714
299.189392
295.869141
292.700256
289.600739
286.443756
283.218109
279.973541
276.714264
273.382812
270.019104
266.573425
263.084290
259.717773
256.366699
253.057648
249.555893
246.155746
242.789948
239.469696
236.129120
232.684128
229.149445
225.574112
222.325333
219.178177
215.984070
212.698151
209.326736
205.810272
202.139633
198.663818
195.171173
191.744400
188.469696
185.066055
181.412231
177.689041
173.923096
170.407333
166.865631
163.353378
159.723373
156.295212
152.937119
149.885956
146.806076
143.497726
140.168365
137.238449
134.351273
131.230743
128.316925
125.218124
121.909782
118.555893
115.581825
112.886658
110.092682
107.302216
104.407333
101.724777
99.136833
96.602142
93.747902
90.884552
88.078667
85.248253
82.398918
79.803963
77.205505
74.465492
71.796257
69.382103
66.960236
64.425552
61.898571
59.565002
57.075867
54.408031
51.926601
49.348465
46.712868
44.127724
41.839005
39.560799
37.309223
35.120014
32.941319
30.809572
28.512445
26.438164
24.550287
22.453581
20.190090
18.075165
15.984765
14.010694
11.944821
9.956735
8.006489
5.998781
4.010694
2.017701
0.131226
-1.703392
-3.509278
-5.275921
-7.044667
-8.705494
-10.431493
-12.235977
-14.001920
-15.884892
-17.460224
-18.950764
-20.523994
-22.207247
-23.679565
-25.208647
-26.990707
-28.707596
-30.250694
-31.493862
-32.793793
-34.207245
-35.868774
-37.317268
-38.737728
-40.350204
-41.797295
-42.907314
-43.910820
-45.237381
-46.622101
-47.779778
-49.168003
-50.353004
-51.509979
-52.678165
-53.827427
-54.869476
-55.960575
-56.957771
-57.905212
-58.981598
-60.052376
-61.409069
-63.134365
-64.646629
-66.095123
-67.615097
-68.891197
-70.002625
-71.361412
-72.692177
-73.771370
-74.509277
-75.182014
-75.811310
-76.697784
-77.551323
-78.271713
-78.811310
-79.520493
-80.029251
-80.557632
-81.045364
-81.638924
-82.145576
-82.568840
-83.123856
-83.573746
-84.066391
-84.755249
-85.220558
-85.417480
-85.839340
-86.456718
-86.847054
-87.066391
-87.573051
-88.053780
-88.469337
-88.849854
-89.126656
-89.472137
-89.869476
-90.193230
-90.564636
-91.086014
-91.332687
-91.392952
-91.552025
-91.756653
-92.020844
-92.253494
-92.469337
-92.582161
-92.610191
-92.749641
-92.997017
-93.464432
-93.615097
-93.755249
-93.988602
-94.171509
-94.403465
-94.655739
-94.827431
-95.219162
-95.567444
-95.641022
-95.705498
-95.587067
-95.591972
-95.627708
-95.583557
-95.467232
-95.288536
-95.280128
-95.334084
-95.282928
-95.317268
-95.210052
-95.027847
-95.071999
-94.926239
-94.830933
-94.861069
-94.946556
-94.877182
-94.923431
-94.669052
-94.229668
-94.086716
-94.086014
-93.957069
-93.816216
-93.881386
-93.922729
-94.151184
-94.310257
-94.419579
-94.490356
-94.704796
-94.531700
-94.276619
-94.048874
-94.037659
-93.811310
-93.402061
-93.230370
-93.116142
-92.990707
-92.685173
-92.181320
-91.818321
-91.553429
-91.231071
-90.869476
-90.558334
-90.175011
-89.707596
-89.454620
-89.228973
-89.018036
-88.716705
-88.293442
-87.979492
-87.690079
-87.327080
-87.053078
-86.800797
-86.490356
-86.125259
-85.800797
-85.624207
-85.293442
-84.957771
-84.644524
-84.443405
-84.127357
-83.825325
-83.504372
-83.091621
-82.638924
-82.409767
-81.948662
-81.477043
-81.336891
-81.006126
-80.520493
-80.213554
-79.789589
-79.343895
-78.917831
-78.663445
-78.275223
-77.901009
-77.648735
-77.326378
-77.090919
-76.748940
-76.136467
-75.577255
-75.300446
-75.153290
-74.690781
-74.235977
-73.703392
-73.289940
-72.772064
-72.264008
-72.020844
-71.821121
-71.460228
-71.184120
-70.670456
-70.235977
-69.787483
-69.565338
-69.229668
-68.800095
-68.082512
-67.217056
-66.647331
-66.396454
-66.248589
-65.781174
-65.292038
-64.879990
-64.293442
-63.610188
-63.080406
-62.760857
-62.427990
-62.025047
-61.456722
-61.054478
-60.856861
-60.587063
-60.332684
-60.055878
-59.606686
-59.096523
-58.912220
-58.614395
-58.163799
-57.723713
-57.330582
-57.056580
-56.769966
-56.484051
-56.177814
-55.944458
-55.726517
-55.153988
-54.631912
-54.250694
-53.772068
-53.198837
-52.652237
-52.266109
-51.878586
-51.428688
-50.848450
-50.362118
-50.022243
-49.523293
-48.931843
-48.473537
-48.266811
-47.903111
-47.302551
-46.777672
-46.430794
-46.054478
-45.766460
-45.470737
-44.943756
-44.579357
-44.328480
-44.050976
-43.668354
-43.261906
-43.159592
-42.830231
-42.458824
-42.027847
-41.672558
-41.345299
-40.884190
-40.365620
-39.927639
-39.540112
-39.161697
-38.901009
-38.519089
-37.943054
-37.453217
-36.916428
-36.341095
-35.914322
-35.533104
-35.144878
-34.718109
-34.160294
-33.837238
-33.535908
-33.174309
-32.792389
-32.392952
-31.901711
-31.322874
-30.992109
-30.511381
-30.187624
-30.051674
-29.889095
-29.638220
-29.341093
-28.912222
-28.486153
-27.943056
-27.463028
-27.117548
-26.791689
-26.591269
-26.353006
-26.005424
-25.566742
-25.120350
-24.688675
-24.282928
-23.987906
-23.698486
-23.331984
-22.886293
-22.578655
-22.325676
-22.219860
-21.950764
-21.557631
-21.291338
-20.998417
-20.655039
-20.071297
-19.745438
-19.465830
-19.231773
-18.980196
-18.855459
-18.616497
-18.447611
-18.441303
-18.470736
-18.325676
-18.193230
-18.205143
-18.184822
-18.122452
-17.893301
-17.479845
-17.240183
-16.998417
-16.610889
-16.323574
-16.145578
-15.924835
-15.643826
-15.152586
-14.713202
-14.348101
-14.002621
-13.738430
-13.504373
-13.399257
-13.226167
-13.043265
-12.707597
-12.376132
-12.130862
-11.863869
-11.531703
-11.247190
-10.924835
-10.645928
-10.643126
-10.536609
-10.180616
-9.714604
-9.511380
-9.335487
-9.128759
-8.828129
-8.618598
-8.250693
-7.983700
-7.667653
-7.279425
-6.884892
-6.482649
-6.285031
-6.194632
-5.978795
-5.654338
-5.234576
-5.081808
-4.953567
-4.673959
-4.362116
-4.125957
-4.046770
-3.764359
-3.450413
-3.123854
-2.974590
-2.747540
-2.378935
-2.176412
-2.120350
-2.046069
-1.897505
-1.583560
-1.374029
-1.123153
-0.955669
-0.795893
-0.629811
-0.456720
-0.281528
-0.069194
0.251058
0.358977
0.347765
0.452880
0.380000
0.387708
0.557996
0.654001
0.636482
0.813777
1.110203
1.295907
1.527162
1.738094
1.805368
1.883854
2.038725
2.166966
2.353371
2.449376
2.635781
2.828493
2.982663
3.194296
3.424149
3.664513
4.007190
4.278388
4.408731
4.535571
4.609152
4.682032
4.797659
4.896468
5.008592
5.207611
5.394015
5.471801
5.693945
5.831997
6.016300
6.244751
6.274884
6.323237
6.345662
6.419944
6.487919
6.610554
6.840406
6.866335
6.870540
7.023308
7.337253
7.679229
7.752110
7.813777
7.846013
7.920995
8.050637
8.184484
8.138234
8.158556
8.226531
8.450077
8.742298
8.939215
9.085676
9.134029
9.251759
9.309923
9.363181
9.358977
9.239846
9.255963
9.352670
9.363181
9.376496
9.265775
9.340056
9.422747
9.554492
9.787148
9.848115
10.049937
10.059047
10.026111
10.023308
9.974254
10.045032
10.034520
9.950427
9.876145
10.017001
10.069558
10.081471
10.150147
10.186587
10.454983
10.594436
10.742298
10.792053
10.628073
10.509643
10.572011
10.654702
10.810974
10.913987
11.180281
11.288199
11.248255
11.275585
11.205508
11.204106
11.237743
11.248255
11.450077
11.432558
11.339355
11.243350
11.150147
11.356174
11.648396
11.806769
11.696749
11.656104
11.652600
11.567106
11.703756
11.816580
11.641388
11.569909
11.637884
11.637183
11.585326
11.668717
11.776636
11.785747
11.694646
11.705858
11.884555
12.006489
11.978458
11.944120
11.939215
11.930806
12.070960
12.129124
12.080070
12.031016
12.025410
11.981261
11.970049
11.926601
11.863532
11.925900
11.898570
12.061150
12.157856
12.068157
11.953931
11.792053
11.418543
10.928002
10.702354
10.447975
10.324639
10.160659
10.027513
10.009293
10.024709
10.046433
10.014898
10.068157
10.178178
10.251059
10.211815
10.106699
10.091283
10.281892
10.527863
10.542579
10.547484
10.515248
10.380701
10.403826
10.570610
10.473904
10.371591
10.441668
10.308521
10.335852
10.274183
10.250358
10.269279
10.257365
10.245452
10.334450
10.372292
10.398220
10.486517
10.531366
10.693945
10.667316
10.599341
10.520855
10.573413
10.629475
10.684835
10.824989
11.101093
11.145242
11.132627
11.143840
11.219523
11.322536
11.274884
11.256664
11.226531
10.947624
10.801864
10.902775
10.995276
11.005789
11.021906
11.305017
11.270679
11.285396
11.157155
11.214618
11.258066
11.275585
11.285396
11.147344
11.173272
11.125620
11.242649
11.286798
11.406630
11.351269
11.192894
11.149446
11.196398
11.316931
11.365284
11.419243
11.598640
11.544682
11.424850
11.431156
11.508241
11.661009
11.585326
11.650497
11.659608
11.574114
11.419243
11.384906
11.482312
11.504037
11.555894
11.547484
11.579019
11.483714
11.270679
