0.064876
0.108354
0.072581
0.038459
-0.064458
-0.126098
-0.019329
0.024150
0.034056
0.037358
0.023049
0.123214
0.051117
0.023599
0.047265
0.113858
0.160088
0.073132
0.007639
-0.145360
-0.127749
-0.193792
-0.178382
-0.133803
-0.055102
-0.049598
-0.004469
0.107804
0.115509
0.152383
0.132020
0.199163
0.278415
0.235487
0.163941
0.047265
-0.024832
-0.066659
-0.078217
-0.211954
-0.237821
-0.081519
0.020848
-0.045195
-0.094728
-0.121695
-0.119494
-0.080418
-0.123346
-0.071613
-0.013275
0.114408
0.136423
-0.002267
-0.043544
-0.007221
0.097347
0.169444
0.041761
-0.856423
-6.493737
-30.656643
-116.603806
-282.250488
-456.917511
-616.673157
-753.722107
-863.747437
-943.752380
-997.538330
-1030.306030
-1045.834351
-1047.119995
-1036.517944
-1017.385315
-993.921936
-965.706177
-934.795898
-903.896057
-872.741394
-841.742493
-811.781555
-782.595032
-754.446960
-727.655518
-701.485474
-675.827820
-651.147034
-627.226807
-603.708374
-580.268616
-556.954956
-534.032532
-511.314880
-488.679199
-466.251038
-443.991272
-422.016022
-400.374847
-378.918610
-357.653900
-336.818451
-316.363861
-296.361115
-276.841003
-257.438141
-238.374863
-219.697922
-201.295059
-183.099686
-165.462921
-148.334686
-131.499786
-114.779373
-98.374863
-82.075462
-66.128853
-50.649487
-35.506947
-20.706175
-6.209753
7.917380
21.843632
35.529930
48.818317
61.756676
74.363167
86.732460
98.765480
110.590469
122.236588
133.773193
145.046707
155.681824
165.947098
176.214020
186.080292
195.524429
204.736313
213.691177
222.404999
230.778687
238.909119
246.848587
254.554138
261.813904
268.999390
276.167236
283.061035
289.689545
296.133667
302.340057
308.287781
314.203552
319.981781
325.363708
330.435272
335.125427
339.683472
344.062134
347.958649
351.575623
354.960297
358.283356
361.303741
364.362610
367.105042
369.704956
372.378021
374.815002
376.859589
378.903625
380.904724
382.832611
384.654846
386.368683
387.808960
389.049469
389.996094
390.860687
391.653748
392.201355
392.643311
393.145233
393.509003
393.555786
393.570648
393.464996
393.266296
392.866211
392.282806
391.641663
390.945435
390.089630
388.999390
387.861786
386.789703
385.734100
384.418213
382.948761
381.623474
380.424255
379.143585
377.510681
375.849701
374.266846
372.710999
370.941589
368.999939
366.953705
364.779236
362.522766
360.375824
358.267944
356.112762
353.814453
351.572296
349.353821
347.052765
344.875549
342.551392
340.042297
337.450684
334.673584
331.877197
329.224487
326.374176
323.431976
320.537079
317.695587
314.877747
312.124329
309.235474
306.200256
302.890961
299.604767
296.319153
293.202454
290.241547
287.272919
284.269073
281.059937
277.692841
274.289429
271.034058
267.898682
264.586609
261.098450
257.829315
254.498001
251.090744
247.703842
244.294922
240.865097
237.481491
234.139725
230.773193
227.355469
223.955353
220.697784
217.605881
214.516724
211.226135
207.850784
204.765488
201.467743
198.048920
194.763824
191.555252
188.283920
184.877762
181.541489
178.399490
175.281723
171.943802
168.682922
165.677429
162.736313
159.627335
156.460037
153.329605
150.229431
147.178802
144.101196
141.187057
138.202469
135.181000
132.174393
129.293274
126.283920
123.087990
120.075333
117.169998
114.189255
111.257500
108.309235
105.481499
102.532677
99.626244
96.779243
94.179901
91.621284
89.004890
86.260254
83.577263
80.905823
78.352715
75.795204
73.199165
70.560745
68.057175
65.500206
62.966911
60.288322
57.643852
55.229435
52.856289
50.553593
48.047264
45.762180
43.475994
41.130367
38.795200
36.387386
34.158436
31.804558
29.524426
27.265207
25.170546
22.991678
20.670269
18.421509
16.202465
14.140825
12.103401
9.967463
7.888762
5.805107
3.986725
2.068178
0.179351
-1.765614
-3.639031
-5.378712
-7.290104
-9.182785
-10.946681
-12.696269
-14.470072
-16.120594
-17.810743
-19.604910
-21.455212
-23.360550
-25.130501
-26.825052
-28.482180
-30.205349
-31.869631
-33.618118
-35.199295
-36.716633
-38.202599
-39.585648
-40.825603
-42.287354
-43.860825
-45.237820
-46.519054
-47.720486
-49.109035
-50.481079
-51.783226
-52.989609
-54.161873
-55.360550
-56.524555
-57.935123
-59.571339
-61.444206
-63.265339
-64.972549
-66.394676
-67.620872
-68.572441
-69.455765
-70.625275
-71.949432
-72.920815
-73.930717
-74.892197
-75.861923
-76.728188
-77.670952
-78.598854
-79.342941
-80.179482
-80.953835
-81.719933
-82.517952
-83.211403
-83.859726
-84.509697
-85.123344
-85.773315
-86.428795
-87.170677
-87.916962
-88.686363
-89.309914
-89.797531
-90.337433
-90.831657
-91.282951
-91.854774
-92.546570
-93.208099
-93.667099
-93.942825
-94.266441
-94.759560
-95.144814
-95.435402
-95.786530
-96.022629
-96.276344
-96.520706
-96.784874
-97.209206
-97.664902
-97.983559
-98.177834
-98.550972
-98.790382
-98.988510
-99.148666
-99.384766
-99.572441
-99.830002
-99.975304
-100.174530
-100.187737
-100.266441
-100.271393
-100.432098
-100.547119
-100.787628
-100.965942
-101.082069
-101.030334
-101.116745
-101.255432
-101.359451
-101.216904
-101.162971
-101.342392
-101.346794
-101.415039
-101.403481
-101.470070
-101.508049
-101.505844
-101.541618
-101.540520
-101.474472
-101.468422
-101.370461
-101.265335
-100.902100
-100.791481
-100.901001
-100.881737
-100.779373
-100.608765
-100.456863
-100.473923
-100.569687
-100.385315
-100.082619
-99.983002
-99.948883
-99.864677
-99.810196
-99.759560
-99.647285
-99.367706
-99.003365
-98.785980
-98.609863
-98.396324
-98.188286
-97.846519
-97.561432
-97.514099
-97.478874
-97.345688
-97.129951
-96.681961
-96.410080
-96.159668
-95.980804
-95.690216
-95.390266
-95.073265
-95.012726
-94.866325
-94.635727
-94.494835
-94.309364
-93.978600
-93.665451
-93.446953
-93.189941
-92.983559
-92.767815
-92.454109
-92.178932
-91.817894
-91.428246
-90.982452
-90.458511
-90.063904
-89.620872
-89.345688
-89.084824
-88.623619
-88.252678
-87.926315
-87.607109
-87.117844
-86.723236
-86.446953
-86.204796
-85.909805
-85.545471
-85.027580
-84.603806
-84.271942
-83.773872
-83.343491
-82.954933
-82.528412
-82.131050
-81.792580
-81.368805
-81.060059
-80.765617
-80.365501
-80.048500
-79.587845
-79.079315
-78.692963
-78.378159
-77.996216
-77.648941
-77.237823
-76.815147
-76.374863
-76.065010
-75.740845
-75.307167
-74.778275
-74.326981
-74.022079
-73.645638
-73.151413
-72.633530
-72.229568
-71.724335
-71.227364
-70.835510
-70.380363
-70.084274
-69.613167
-69.032539
-68.657196
-68.493736
-68.180580
-67.693520
-67.184990
-66.687462
-66.183884
-65.683060
-65.276894
-64.929070
-64.541618
-64.246078
-63.796986
-63.416687
-62.929619
-62.420540
-62.140957
-61.860275
-61.425491
-61.055653
-60.773869
-60.373760
-59.896049
-59.408432
-58.957138
-58.504745
-57.971996
-57.571888
-57.236721
-56.811295
-56.426594
-56.071064
-55.631325
-55.230667
-54.872383
-54.503094
-54.101883
-53.603809
-53.302212
-52.999516
-52.599957
-52.162971
-51.716080
-51.355598
-51.222412
-51.061157
-50.792030
-50.410084
-50.142059
-49.803040
-49.386417
-48.981354
-48.477226
-47.899902
-47.339638
-46.979702
-46.665447
-46.325878
-45.962090
-45.623070
-45.425491
-45.140408
-44.684711
-44.267540
-43.804138
-43.312668
-42.964844
-42.477776
-42.116741
-41.867981
-41.477776
-41.042442
-40.617016
-40.226814
-39.717731
-39.168476
-38.761761
-38.465118
-38.095280
-37.736446
-37.348991
-37.035839
-36.707275
-36.514652
-36.452461
-36.149212
-35.741947
-35.285702
-34.891647
-34.672054
-34.437050
-34.085922
-33.834408
-33.431545
-33.071613
-32.613716
-32.236721
-31.836060
-31.478327
-31.196545
-30.826704
-30.181684
-29.621420
-29.260386
-29.013275
-28.653341
-28.307716
-28.063356
-27.679207
-27.232317
-26.869081
-26.454662
-26.076015
-25.620319
-25.178932
-24.669302
-24.302763
-23.996214
-23.826704
-23.553726
-23.151964
-22.733143
-22.383116
-21.858074
-21.428244
-21.245525
-21.000616
-20.688564
-20.106285
-19.566935
-19.132153
-18.763412
-18.406780
-18.373758
-18.252680
-17.853121
-17.471172
-17.263687
-17.077116
-16.717733
-16.352846
-16.007771
-15.681409
-15.352295
-14.928519
-14.651139
-14.301662
-13.945030
-13.604909
-13.352295
-13.024832
-12.640132
-12.346791
-12.017127
-11.682509
-11.424942
-11.341288
-11.116192
-10.783225
-10.467319
-10.360000
-10.030886
-9.694617
-9.506946
-9.257633
-8.975300
-8.621420
-8.336334
-7.942278
-7.663247
-7.379813
-7.209753
-7.008321
-6.700672
-6.458514
-6.252130
-6.055102
-5.810743
-5.495388
-5.320925
-5.204249
-5.061706
-4.880639
-4.752405
-4.542169
-4.350644
-4.188839
-4.012174
-3.606010
-3.244975
-2.899901
-2.629675
-2.465669
-2.416687
-2.289004
-2.240022
-2.166824
-2.010523
-1.935124
-1.887243
-1.902102
-1.619769
-1.278547
-1.162972
-0.971998
-0.778272
-0.604359
-0.319274
-0.206450
-0.054551
-0.200947
-0.806340
-1.664348
-2.437600
-2.983555
-3.398525
-3.319273
-3.330281
-3.155817
-3.007771
-2.843214
-2.694067
-2.503643
-2.356698
-2.257633
-2.038041
-1.881189
-1.626923
-1.404029
-1.217457
-1.044645
-0.910358
-0.717733
-0.451910
-0.295608
-0.040793
0.163390
0.429213
0.734662
1.029103
1.291073
1.609730
1.906924
2.190908
2.488652
2.844183
3.130369
3.487000
3.784194
3.919582
3.966913
4.180451
4.280616
4.472141
4.678525
4.980671
5.140826
5.380231
5.681277
6.020847
6.105052
6.166692
6.316940
6.493054
6.623489
6.751172
6.875553
7.007639
7.190908
7.439119
7.615784
7.835377
7.988927
8.207969
8.491404
8.644953
8.894265
9.047265
9.080836
9.147980
9.352163
9.255300
9.385735
9.621839
9.801255
9.865646
10.068728
10.267959
10.353814
10.466087
10.622939
10.699989
10.668618
10.717051
10.859592
10.997732
11.062675
11.087440
11.210171
11.263005
11.399493
11.577809
11.688432
11.799603
11.926186
12.108355
12.133121
12.112758
12.242641
12.459482
12.664766
12.624590
12.550842
12.538184
12.570655
12.751172
12.875553
13.005438
13.174397
13.371976
13.612482
13.584964
13.531580
13.640551
13.660913
13.752273
13.788596
13.723655
13.673021
13.640551
13.493605
13.340055
13.266307
13.279515
13.200814
13.050567
12.926186
12.983423
12.975718
13.004336
13.088542
13.182652
13.316940
13.430864
13.433065
13.428662
13.493605
13.545339
13.741817
13.722003
13.741817
13.877204
13.925085
14.025801
14.105602
14.150732
14.136973
14.027452
13.933341
13.938845
13.844733
13.680726
13.681277
13.719802
13.747870
13.622939
13.654309
13.786945
13.742367
13.732460
13.802906
13.909125
14.003236
14.002135
13.934442
13.939395
13.885460
13.807859
13.676874
13.652658
13.879406
13.918481
13.885460
13.998282
14.045613
14.028553
13.861794
13.731359
13.780891
13.835377
13.747870
13.805107
13.931139
14.037358
14.110556
14.078085
14.042312
13.894265
13.813913
13.757226
13.890412
13.838679
13.830975
13.849136
13.805657
13.851888
13.980672
13.992780
13.960858
13.877204
13.893715
13.987276
14.068178
14.063775
14.054420
14.053319
13.960858
13.896466
13.877204
13.838679
13.851888
13.863996
13.827122
13.813913
13.930589
13.941596
13.961409
13.773187
13.602575
13.276214
13.129268
12.998282
12.679075
12.349411
12.141926
11.959208
11.797402
11.785845
11.670270
11.573957
11.651007
11.676874
11.639450
11.744018
11.837029
11.838679
11.619086
11.448476
11.384634
