-0.015385
0.002564
0.016667
0.006410
-0.129487
-0.152564
-0.067949
0.079487
0.033333
-0.084615
-0.225641
-0.176923
-0.089744
0.116667
0.288462
0.270513
0.182051
0.148718
0.117949
0.100000
-0.044872
0.016667
-0.015385
0.001282
-0.092308
-0.080769
-0.078205
0.033333
-0.074359
-0.024359
0.002564
-0.076923
-0.330769
-0.341026
-0.189744
-0.047436
0.074359
0.064103
-0.057692
-0.162821
-0.171795
-0.065385
0.287179
0.191026
0.211538
0.101282
0.073077
0.102564
0.128205
0.146154
0.142308
0.061538
0.114103
0.125641
0.333333
0.274359
0.178205
0.260256
0.110256
-0.866667
-6.651282
-30.260256
-110.464104
-264.360260
-422.769226
-563.242310
-682.455139
-776.434631
-842.828186
-884.710266
-908.058960
-916.576904
-912.871765
-899.562805
-879.243591
-855.582031
-827.674377
-797.906433
-768.769226
-739.730774
-710.993591
-683.060242
-655.517944
-629.003845
-603.519226
-578.564087
-554.425659
-531.320496
-509.006409
-487.462830
-466.380768
-445.338470
-424.779480
-404.603851
-384.506409
-364.532043
-344.694885
-325.315399
-306.496155
-287.942322
-269.320526
-250.938461
-232.994873
-215.143585
-197.352570
-180.097443
-163.078201
-146.444870
-129.955124
-113.696152
-97.667946
-82.320511
-67.593590
-52.942307
-38.785896
-25.008974
-11.678205
1.158974
14.062820
26.964102
39.374359
51.466667
63.294872
74.443588
85.533333
96.256409
106.669228
116.853844
126.697433
135.852570
144.456406
152.953842
161.523071
169.667953
177.515381
185.124359
192.646149
199.921799
206.932053
213.478210
220.191025
226.669235
233.132050
238.899994
244.475647
249.828201
255.260254
260.288452
265.223083
270.049988
274.675629
278.752563
282.399994
285.887177
289.552551
292.841034
295.588470
298.430756
301.239746
303.971802
306.560242
309.120514
311.841034
314.123077
316.250000
318.105133
319.707703
321.464111
322.976929
324.248718
325.551270
326.350006
326.957703
327.369232
327.644867
328.125641
328.556396
328.853851
329.111542
329.230774
329.051270
328.980774
329.097443
329.130768
329.003845
328.738464
328.221802
327.733337
327.079498
326.210266
325.447449
324.489746
323.344879
322.582062
321.592316
320.384613
319.025635
317.651276
316.053833
314.325653
312.742310
311.006409
309.283325
307.602570
305.844879
304.173065
302.558960
300.866669
299.132050
297.228210
295.087189
292.510254
290.087189
287.794861
285.507690
283.107697
280.914093
278.860260
276.448730
274.166656
271.834625
269.157684
266.366669
263.717957
260.896149
258.062836
255.642303
252.949997
250.169235
247.397430
244.801285
241.958969
239.219238
236.507690
233.541031
230.635895
228.046158
225.529480
222.703842
219.969238
217.323074
214.764099
212.216660
209.387177
206.449997
203.667953
200.958969
198.188461
195.305130
192.458969
189.776917
186.808975
183.878204
180.869232
178.047440
175.073074
171.994873
169.164108
166.378204
163.519226
160.353851
157.360260
154.674362
151.892303
149.057693
146.141022
143.284622
140.494873
137.532059
134.816666
132.305130
129.792313
127.082054
124.443588
121.992310
119.558975
117.148720
114.635895
111.962822
109.360260
106.755127
104.333336
101.712822
99.079491
96.353844
93.888458
91.639740
89.144875
86.665382
84.567947
82.734619
80.514099
78.160255
75.887177
73.667946
71.497437
69.080772
66.758972
64.298721
61.921795
59.721794
57.544872
55.614101
53.417950
51.257690
49.216667
47.375641
45.355129
43.316666
41.515385
39.476925
37.570515
35.880768
33.973076
31.842308
29.825642
28.048717
26.312820
24.517948
22.633333
20.755129
19.001282
17.094872
15.137179
13.235897
11.306410
9.220512
7.229487
5.674359
4.032051
2.384615
0.739744
-1.119231
-2.844872
-4.474359
-5.956410
-7.401282
-9.034616
-10.693590
-12.207692
-13.674359
-15.178205
-16.555128
-17.887180
-19.208975
-20.674358
-21.883333
-23.164103
-24.428205
-25.625641
-26.912821
-28.078205
-29.375641
-30.685898
-31.989744
-33.425640
-34.721794
-35.943588
-37.082050
-38.323078
-39.524361
-40.596153
-41.641026
-42.962822
-44.141026
-45.117950
-46.166668
-47.226925
-48.278206
-49.575642
-50.761539
-51.693588
-52.543591
-53.624359
-54.779488
-55.838463
-56.960255
-57.893589
-59.019230
-60.042309
-60.888462
-61.666668
-62.446156
-63.139744
-63.833332
-64.201279
-64.607689
-65.039742
-65.517952
-66.141029
-66.696152
-67.128204
-67.621796
-68.238464
-68.791023
-69.356407
-69.901283
-70.578209
-71.079491
-71.525642
-71.957695
-72.447433
-72.952560
-73.469231
-73.726921
-74.042305
-74.689743
-75.162819
-75.667946
-76.029488
-76.702560
-77.285896
-77.885895
-78.278206
-78.687180
-79.134613
-79.503845
-79.891029
-80.174362
-80.597435
-81.112823
-81.253845
-81.080772
-81.030769
-81.346153
-81.926926
-82.169228
-82.216667
-82.525642
-82.602562
-82.538460
-82.651283
-82.656410
-82.878204
-82.925644
-83.030769
-83.079491
-83.047440
-83.296150
-83.355125
-83.241028
-83.291023
-83.364105
-83.494873
-83.492310
-83.732048
-83.941025
-84.064102
-83.964104
-83.765381
-83.571793
-83.570511
-83.478203
-83.444870
-83.384613
-83.187180
-82.941025
-82.880768
-83.019234
-83.179489
-83.379486
-83.544868
-83.560257
-83.311539
-83.223076
-83.051285
-83.066666
-82.962822
-82.976921
-82.869232
-82.879486
-82.653847
-82.666664
-82.543587
-82.442307
-82.179489
-81.730766
-81.417946
-81.143593
-81.071793
-81.232048
-81.011536
-80.873077
-80.787178
-80.494873
-80.283333
-80.097435
-79.837181
-79.315384
-79.026924
-78.935898
-78.892311
-78.738464
-78.561539
-78.256409
-78.058975
-77.923080
-77.737183
-77.539742
-77.248718
-76.898720
-76.755127
-76.533333
-76.279488
-75.975639
-75.716667
-75.303848
-74.765381
-74.378204
-74.142311
-73.815384
-73.382050
-73.211540
-72.974358
-72.697433
-72.384613
-71.983330
-71.732048
-71.397438
-71.147438
-70.797440
-70.655128
-70.393593
-69.917946
-69.275642
-68.761536
-68.470512
-68.096153
-67.925644
-67.869232
-67.712822
-67.569229
-67.362823
-67.008972
-66.711540
-66.126923
-65.634613
-65.146156
-64.751282
-64.443588
-64.094872
-63.597435
-63.092308
-62.798717
-62.542309
-62.287178
-61.862820
-61.441025
-61.242310
-60.965385
-60.642307
-60.367950
-60.178204
-59.832050
-59.539745
-59.102566
-58.606411
-58.225639
-57.882050
-57.392307
-56.720512
-56.193588
-56.125641
-55.912819
-55.780769
-55.208973
-54.758976
-54.498718
-54.082050
-53.648720
-53.165386
-52.787178
-52.485897
-52.207691
-52.007690
-51.661537
-51.169231
-50.957691
-50.724358
-50.303844
-49.755127
-49.391026
-49.041027
-48.783333
-48.482052
-48.307693
-48.099998
-47.641026
-47.324360
-47.010258
-46.751282
-46.337181
-45.853848
-45.529488
-45.173077
-44.841026
-44.441025
-43.901283
-43.470512
-43.378204
-43.193588
-42.694870
-42.269230
-41.873077
-41.451283
-41.052563
-41.038460
-41.055130
-40.956409
-40.632050
-40.137180
-39.556412
-39.248718
-38.855129
-38.283333
-37.841026
-37.624359
-37.206409
-36.884617
-36.752563
-36.541027
-36.065384
-35.529488
-35.353848
-35.575642
-35.987179
-36.387180
-36.743591
-36.865383
-36.871796
-36.847435
-36.612820
-36.543591
-36.443588
-36.062820
-35.656410
-35.255127
-34.924358
-34.416668
-33.802563
-33.242310
-33.017948
-32.770512
-32.391026
-31.828205
-31.091026
-30.783333
-30.358974
-29.655128
-29.221794
-29.198717
-28.824360
-28.344872
-28.002563
-27.732052
-27.405128
-27.089743
-26.829487
-26.621796
-26.160257
-25.775640
-25.517948
-25.124359
-24.626923
-24.120512
-23.833334
-23.778206
-23.357693
-22.812820
-22.420513
-22.262821
-22.041025
-21.689743
-21.416666
-21.061539
-20.630770
-20.237179
-20.078205
-19.885897
-19.556410
-19.120512
-18.807692
-18.435898
-17.980770
-17.573076
-17.266666
-16.962820
-16.912821
-16.784615
-16.483334
-16.126923
-15.796154
-15.515385
-15.323077
-14.835897
-14.561539
-14.330770
-13.982051
-13.414103
-13.107693
-12.710257
-12.410256
-12.067948
-11.683333
-11.285897
-11.176923
-11.147436
-10.864102
-10.517949
-10.180769
-9.742308
-9.305128
-9.051282
-8.848718
-8.703846
-8.644872
-8.460257
-8.276923
-8.173077
-8.191026
-8.116667
-7.897436
-7.700000
-7.357692
-6.821795
-6.384615
-6.055128
-5.825641
-5.503846
-5.353846
-5.256410
-5.234615
-5.042308
-4.767949
-4.405128
-4.255128
-4.006410
-3.851282
-3.805128
-3.769231
-3.462821
-3.097436
-2.864103
-2.664103
-2.511539
-2.392308
-2.347436
-2.151282
-1.891026
-1.643590
-1.542308
-1.456410
-1.133333
-1.016667
-1.008974
-0.920513
-0.755128
-0.576923
-0.373077
-0.200000
-0.198718
-0.055128
0.043590
0.137179
0.323077
0.588462
0.669231
0.766667
0.876923
0.950000
1.017949
1.184615
1.241026
1.297436
1.378205
1.524359
1.806410
2.002564
2.091026
2.130769
2.297436
2.511539
2.294872
2.032051
1.876923
1.911538
2.166667
2.112821
2.241026
2.332051
2.398718
2.447436
2.553846
2.606410
2.730769
2.935897
3.137179
3.261539
3.364103
3.442308
3.602564
3.710256
3.742308
3.937180
4.057693
4.044872
3.976923
4.048718
4.158974
4.319231
4.624359
4.789743
4.923077
5.067949
5.255128
5.461538
5.520513
5.708974
5.811539
5.921795
6.134615
6.165385
6.256410
6.423077
6.483333
6.506410
6.526923
6.591026
6.801282
6.873077
6.889744
6.865385
6.971795
7.098718
7.046154
7.051282
7.256410
7.475641
7.712821
7.646154
7.670513
7.997436
8.098718
8.153846
8.180769
8.266666
8.464103
8.708974
8.773077
8.693590
8.710257
8.726923
8.764103
8.808974
8.902564
8.941026
8.938461
8.893590
8.887179
8.887179
8.857693
9.153846
9.317948
9.543590
9.589744
9.529488
9.719231
9.617949
9.674359
9.707692
9.796154
9.787180
9.843590
9.912821
9.892307
9.971795
10.139744
10.300000
10.228205
10.324359
10.362821
10.297436
10.275641
10.255128
10.266666
10.198718
10.150000
10.112821
10.143590
10.050000
10.160256
10.324359
10.443590
10.398718
10.317948
10.444872
10.519231
10.450000
10.278205
10.500000
10.496154
10.491026
10.479487
10.353847
10.330770
10.480769
10.751282
10.734615
10.729487
10.811539
10.748718
10.735897
10.816667
10.780769
10.941026
10.905128
10.884615
10.747436
10.621795
10.719231
10.743589
10.674359
10.971795
10.975641
11.124359
11.121795
11.080770
10.912821
10.791026
10.806410
10.907692
10.789743
10.769231
10.824359
10.865385
10.729487
10.474359
10.307693
10.553846
10.724359
10.632051
10.616667
10.611539
10.634615
10.566667
10.516666
10.301282
10.214103
10.308974
10.432052
10.511539
10.612821
10.693590
10.734615
10.679487
10.724359
10.887179
10.948718
11.023077
11.079487
11.037180
11.216666
11.051282
10.902564
10.580770
10.485897
10.529488
10.669230
10.816667
10.793590
10.716666
10.675641
10.751282
10.971795
10.953846
10.952564
10.884615
10.692307
10.624359
10.492308
10.607693
10.752564
10.828205
10.970512
10.867949
10.860256
10.955129
11.123077
11.050000
10.970512
10.920513
10.850000
10.696154
10.608974
10.701283
10.735897
10.614102
10.356410
10.203846
10.161538
10.057693
9.517949
8.950000
8.698718
8.514103
8.311539
7.779487
7.551282
7.682051
7.705128
7.661539
7.767949
7.887179
7.847436
7.762821
7.715384
7.755128
7.846154
8.035897
7.988461
7.960257
8.124359
8.321795
8.358974
