-0.022112
0.136259
0.216199
0.124947
-0.118643
-0.203861
-0.224223
-0.101297
0.005038
-0.007029
-0.058311
0.021629
0.030679
0.100060
0.232790
0.311976
0.322534
0.176983
0.097044
0.017858
0.041991
0.042745
-0.107330
-0.148054
-0.163137
-0.164646
-0.307179
-0.129955
0.086486
-0.008537
-0.042474
0.161900
0.280302
0.159638
0.009563
-0.095264
-0.204615
-0.252127
-0.119397
-0.040965
-0.032670
0.139276
0.227511
0.139276
0.045008
0.082715
0.032941
-0.217436
-0.206878
-0.267210
-0.081689
-0.009291
-0.061327
-0.192549
-0.183499
-0.101297
-0.075656
-0.067360
0.051041
0.053303
-1.397677
-15.544736
-98.706879
-316.123932
-576.039429
-814.230286
-1011.093018
-1150.394653
-1233.034180
-1275.329102
-1294.906738
-1301.891602
-1300.359985
-1291.058350
-1277.223511
-1261.121704
-1243.147339
-1224.018311
-1204.494263
-1184.447510
-1163.657104
-1142.626221
-1120.558350
-1097.623169
-1074.737061
-1051.603516
-1027.700073
-1003.632996
-979.228760
-954.631470
-930.105835
-904.916504
-879.478394
-854.369019
-828.813965
-802.847900
-776.997253
-750.908997
-724.787598
-698.884094
-672.902222
-647.320007
-622.064331
-596.974609
-571.932373
-547.065125
-522.225708
-497.833588
-473.539459
-449.476868
-425.478363
-401.682739
-377.852417
-354.546997
-331.464783
-308.504761
-285.761932
-263.037201
-240.529648
-218.375046
-196.614868
-175.062836
-153.687271
-132.599030
-111.819244
-91.440666
-71.405220
-51.522865
-31.940664
-12.503258
6.582715
25.455263
44.003529
62.088749
79.814995
96.916046
113.922836
130.313477
146.434143
162.333099
177.874573
193.345917
208.779541
223.889648
238.541229
252.876831
267.011810
280.752411
294.192078
307.331573
320.179993
332.658875
344.807465
356.692810
368.232788
379.110626
389.772003
400.155853
410.400970
420.420563
429.983917
439.415283
448.646057
457.219208
465.576691
473.749390
481.327057
488.387390
495.137024
501.799164
508.232788
514.566895
520.770508
526.756897
532.185303
537.486938
542.771240
547.896423
552.662659
557.117432
561.313477
565.235046
568.756897
571.964294
575.020142
577.831604
580.433411
582.856445
585.259155
587.642273
590.031433
592.256897
594.129456
595.593262
597.035217
598.195068
599.118896
599.978638
600.768250
601.213928
601.551819
601.848938
601.950012
601.822510
601.607605
601.100830
600.371582
599.527649
598.368530
597.033691
595.825562
594.609863
593.266724
591.689026
589.910767
587.873840
585.829346
583.707886
581.437195
578.902466
576.485413
573.683044
571.081970
568.376831
565.597778
562.627991
559.473389
556.284851
552.945435
549.364746
545.828552
542.361755
538.839111
535.203369
531.605347
527.812744
524.039734
520.208679
516.115173
512.128723
508.075928
503.820282
499.497498
495.207916
490.692078
486.051788
481.369293
476.796143
472.275024
467.898712
463.496002
459.032196
454.472595
449.827057
445.192810
440.403229
435.603088
430.713196
425.990723
421.118927
416.199615
411.161133
406.115143
401.067627
396.081207
391.032928
385.962036
380.797638
375.735046
370.573669
365.167938
360.009552
354.888885
349.801422
344.808197
339.614380
334.270508
329.031433
323.919830
318.753906
313.652100
308.563110
303.471100
298.554810
293.637024
288.575165
283.397186
278.038971
272.953766
268.209412
263.357239
258.186035
253.120422
248.245605
243.212433
238.029922
233.076675
228.189804
223.212433
218.370804
213.752396
209.186783
204.499008
199.822540
195.238831
190.378342
185.587997
180.814240
176.340637
171.955261
167.632492
163.360992
159.165665
154.579697
149.986191
145.749374
141.685272
137.624954
133.551041
129.312729
125.154358
121.010315
116.980904
112.995987
108.809715
104.693573
100.615898
96.523888
92.747116
89.309715
85.594025
81.741837
77.725250
73.814995
69.667931
65.699608
61.983921
58.112881
54.164162
50.176983
46.250889
42.268234
38.057827
34.027660
30.051041
26.241840
22.676229
19.357979
15.955264
12.723741
9.413786
6.104585
2.894178
-0.030407
-3.222715
-6.102051
-8.944434
-11.859216
-14.796621
-17.547752
-20.369774
-23.228748
-26.110348
-28.828295
-31.568869
-34.475353
-37.328297
-39.886364
-42.385612
-44.928596
-47.415775
-49.779278
-52.117134
-54.645039
-57.117134
-59.459518
-61.768719
-63.997978
-66.277771
-68.352425
-70.388626
-72.668419
-75.016830
-77.163139
-79.138252
-81.028900
-83.105820
-85.204613
-87.225731
-89.206879
-90.992699
-92.557556
-94.146545
-95.928596
-97.724976
-99.464043
-101.335083
-103.269470
-105.044739
-106.617889
-108.459518
-110.172188
-111.625427
-113.246094
-114.758163
-116.167664
-117.531914
-118.934631
-120.459518
-122.034935
-123.412003
-124.545486
-125.836594
-126.993454
-128.131470
-129.505524
-130.911255
-132.016830
-132.994965
-134.226486
-135.339615
-136.406723
-137.525879
-138.609589
-139.351669
-140.185013
-141.080185
-141.867508
-142.746841
-143.693298
-144.510040
-145.177460
-146.086212
-147.006271
-147.758163
-148.467056
-149.062836
-149.786819
-150.639755
-151.200851
-151.858459
-152.541718
-153.230255
-153.783798
-154.261169
-154.668411
-155.238556
-155.781540
-156.197067
-156.362228
-156.452728
-156.780029
-157.261169
-157.795120
-158.289078
-158.778519
-159.077164
-159.212906
-159.206131
-159.366760
-159.592255
-160.026642
-160.222717
-160.268723
-160.495712
-160.839615
-160.969315
-161.004761
-161.269470
-161.388626
-161.488922
-161.571884
-161.755890
-161.818497
-162.034180
-162.124680
-162.282288
-162.387115
-162.305664
-162.240814
-162.343384
-162.421051
-162.318497
-162.363739
-162.246841
-162.163895
-162.215179
-162.155594
-162.146545
-161.884857
-161.736282
-161.764191
-161.540207
-161.247604
-160.996475
-160.690292
-160.505524
-160.313217
-159.935379
-159.454987
-158.970078
-158.781540
-158.731766
-158.468567
-158.232513
-158.126190
-157.869766
-157.623169
-157.378067
-157.231018
-156.944427
-156.516830
-156.123169
-155.764954
-155.511551
-154.911255
-154.518341
-154.196320
-153.973099
-153.506271
-153.065094
-152.595261
-152.331314
-151.673691
-151.173691
-150.789841
-150.262680
-149.616379
-149.068863
-148.710648
-148.237793
-147.574905
-146.991943
-146.408997
-145.810944
-145.274002
-144.789078
-144.395416
-143.962540
-143.206879
-142.570374
-141.938400
-141.492706
-140.963287
-140.264954
-139.805664
-139.393158
-138.691788
-138.131470
-137.543228
-136.838852
-135.927094
-135.250626
-134.712158
-134.071884
-133.680481
-133.317734
-132.832825
-132.047760
-131.400696
-130.803406
-130.157852
-129.358459
-128.706131
-128.235535
-127.648056
-127.052277
-126.141266
-125.458763
-124.982895
-124.255898
-123.424072
-122.672188
-122.096771
-121.536438
-120.905220
-120.223473
-119.564346
-118.879578
-118.111855
-117.467812
-116.797379
-116.004768
-115.239304
-114.710648
-113.993454
-113.126183
-112.447449
-112.022865
-111.639755
-110.927086
-110.153336
-109.589989
-108.835083
-108.206123
-107.635986
-106.977615
-106.341873
-105.615623
-104.755142
-104.043983
-103.288322
-102.546997
-101.803406
-101.185760
-100.487419
-99.724976
-99.094513
-98.261932
-97.514572
-97.016830
-96.370529
-95.629951
-94.893906
-94.233276
-93.427086
-92.730255
-92.141266
-91.543983
-90.731766
-89.860725
-89.080177
-88.394661
-87.775505
-87.118645
-86.422562
-85.930107
-85.326790
-84.556046
-83.951225
-83.255898
-82.591492
-81.964798
-81.178223
-80.422562
-79.623924
-78.783051
-78.206879
-77.773994
-77.064346
-76.332069
-75.746849
-75.205368
-74.581688
-73.797379
-73.039459
-72.355446
-71.578674
-70.930862
-70.197830
-69.524376
-68.843376
-68.403709
-67.732521
-67.038704
-66.504013
-66.025879
-65.357704
-64.693306
-64.044739
-63.429352
-62.694057
-61.850922
-61.328297
-60.734028
-60.074146
-59.246094
-58.739307
-58.270226
-57.700092
-56.985912
-56.271736
-55.608086
-55.022865
-54.498734
-53.954239
-53.378071
-52.635235
-52.011555
-51.476864
-50.959518
-50.561329
-49.998734
-49.227993
-48.374298
-47.832066
-47.310951
-46.673695
-46.043228
-45.421055
-44.889381
-44.345642
-43.906727
-43.485157
-42.813969
-42.414268
-42.007030
-41.688023
-41.359215
-40.851673
-40.206879
-39.743832
-39.186516
-38.585461
-38.075657
-37.448959
-36.795868
-36.134480
-35.605824
-35.305672
-34.753635
-34.167664
-33.633724
-33.099789
-32.733273
-32.464798
-32.156349
-31.392399
-30.804163
-30.499487
-30.040966
-29.346395
-28.875807
-28.423319
-27.878824
-27.430105
-27.410498
-27.754389
-28.181992
-28.044737
-27.715174
-27.310196
-27.226486
-26.948206
-26.436138
-26.044737
-25.568869
-25.044737
-24.762684
-24.430105
-23.997225
-23.365250
-22.577164
-21.994963
-21.807934
-21.562082
-21.040211
-20.613363
-20.208385
-19.750618
-19.231010
-18.617134
-18.249109
-17.720453
-17.192549
-16.675203
-16.221960
-15.777768
-15.383348
-14.966305
-14.779276
-14.248356
-13.669170
-13.246848
-12.916531
-12.645038
-12.156350
-11.500241
-11.086214
-10.773243
-10.620151
-10.355445
-10.188778
-9.829803
-9.454238
-9.093756
-8.732519
-8.326034
-7.975355
-7.497979
-7.069623
-6.655596
-6.287571
-5.941418
-5.599035
-5.146546
-4.775505
-4.485158
-4.139005
-3.714419
-3.378069
-2.987421
-2.615626
-2.394661
-1.997225
-1.577164
-1.212157
-0.930106
-0.636742
-0.191041
0.054811
0.180754
0.404736
1.040483
1.644555
1.952247
2.238069
2.409261
2.695837
3.034450
3.318009
3.613635
4.100060
4.547270
4.860241
5.219216
5.633243
5.967330
6.182262
6.335354
6.694329
7.044253
7.216199
7.536712
7.981659
8.260694
8.462051
8.573666
8.833092
9.155868
9.368537
9.559337
9.842142
10.105339
10.385128
10.603077
10.899457
11.009562
11.141539
11.320271
11.429623
11.456772
11.653605
11.929623
12.247873
12.503530
12.662655
12.951493
13.313484
13.627210
13.787843
13.877586
14.078944
14.153605
14.530679
14.730528
14.892670
14.962806
14.876079
15.147572
15.428869
15.784826
15.870046
15.754661
15.943952
16.151342
16.284073
16.506546
16.622684
16.658131
16.865520
17.245611
17.530678
17.573666
17.563107
17.576681
17.651342
17.762957
17.964314
18.103077
18.243349
18.309713
18.410769
18.439426
18.379848
18.485430
18.645309
18.891161
18.962051
19.032942
19.250891
19.413786
19.293877
19.239578
19.549532
19.662655
19.758430
19.839880
19.959789
20.023138
20.017103
20.153605
20.391916
20.504284
20.654360
20.611372
20.652096
20.892670
21.056320
21.144554
21.111372
21.090256
21.306696
21.548023
21.676229
21.687542
21.769743
21.639277
21.747120
21.953756
22.057829
22.029171
22.055565
22.261448
22.221478
22.372307
22.305943
22.291615
22.357225
22.416048
22.396441
22.491463
22.671705
22.890408
23.012579
22.927361
22.787088
22.721478
22.676229
22.866274
23.087994
23.039728
23.035957
22.928869
23.153605
23.245611
23.093273
23.038975
23.149080
23.159637
23.185280
23.078943
22.987692
23.094782
23.267481
23.442444
23.532942
23.617405
23.603077
23.523138
23.512579
23.471102
23.435656
23.361750
23.400965
23.472609
23.581207
23.605339
23.616652
23.597044
23.656622
23.646063
23.609110
23.615898
23.566877
23.551041
23.591011
23.580452
23.631735
23.550287
23.493725
23.524645
23.434902
23.523891
23.541237
23.614389
23.615143
23.641539
23.746365
23.808205
23.694328
23.563107
23.526154
23.656622
23.428869
23.170950
23.209412
23.226757
23.087994
22.979397
22.936411
22.792368
22.778793
22.827812
23.090256
23.010317
22.869291
22.669441
22.615143
22.643801
22.753906
22.847422
22.962805
22.893423
22.847422
22.688295
22.545761
22.287844
22.078943
21.946215
21.731281
21.471102
21.445459
21.508055
