0.199391
0.033711
-0.044057
0.011733
0.048926
-0.000101
0.021031
0.138529
0.130921
-0.043212
-0.195368
-0.354286
-0.179307
-0.105765
-0.171699
-0.223263
-0.206357
-0.030533
-0.066036
-0.049975
0.062451
0.069214
0.066678
0.135148
0.053998
0.052308
-0.024615
-0.222418
-0.186915
-0.033068
0.005816
0.000744
0.103872
0.057380
0.044700
0.031175
0.019341
-0.008555
0.026948
0.121623
0.135993
0.103872
0.084429
0.081048
0.055689
0.048081
0.092037
0.069214
-0.025461
0.064987
0.227287
0.212071
0.279696
0.120778
0.140220
0.021031
-0.082096
-0.061809
-0.198749
-0.799763
-5.724531
-28.973051
-119.062653
-319.300171
-554.546997
-760.033936
-908.767639
-1015.867371
-1086.261353
-1128.827637
-1150.741455
-1156.270630
-1148.935059
-1132.126099
-1108.599365
-1082.168335
-1052.461670
-1020.463318
-988.453186
-956.745667
-925.641663
-895.588440
-866.283264
-837.619690
-809.960388
-782.349243
-754.826843
-727.891052
-701.466736
-674.925720
-649.197083
-623.803162
-598.148865
-572.530090
-547.171692
-522.494629
-498.461639
-474.989960
-451.677185
-428.442200
-405.487854
-382.896118
-360.519958
-338.433746
-317.022919
-296.136200
-275.377106
-255.041519
-235.154800
-215.323853
-195.572372
-176.355133
-157.569839
-138.820892
-120.148872
-101.864853
-83.970512
-66.607880
-49.441353
-32.545326
-15.977278
0.218833
15.972849
31.618664
47.093727
62.588234
78.700661
94.037094
108.810547
122.902687
136.532440
149.898468
162.690521
174.731094
186.540894
198.059067
209.034561
219.840134
230.547653
241.061600
250.992294
260.540894
270.163879
279.480042
288.285614
296.801239
304.579773
312.137695
319.703186
326.831696
333.760681
340.512146
347.223053
353.603455
359.789429
365.619507
371.125854
376.334656
381.503693
386.493561
391.204468
395.737000
399.952576
404.297455
408.342255
412.076813
415.655853
418.955109
422.113159
425.111481
428.053986
430.872253
433.485107
435.948334
438.332092
440.496094
442.403107
444.034546
445.287292
446.436920
447.471588
448.144440
448.887482
449.516388
449.922119
449.964386
450.042999
450.033722
450.035400
449.734467
449.573853
449.272095
448.409027
447.516388
446.858734
446.111481
445.037933
443.483429
441.927216
440.566254
439.207855
437.618652
435.756439
433.858734
431.829987
429.633881
427.312653
425.166412
422.918762
420.453827
417.905212
415.329559
412.570496
409.775879
407.060760
404.347321
401.556122
398.438599
395.411560
392.261108
389.004974
385.773346
382.824921
379.666016
376.501160
373.336334
370.158813
366.678680
363.152893
359.606842
356.069214
352.452148
348.783508
345.190948
341.808014
338.173187
334.413269
330.582306
326.959320
323.310120
319.431000
315.550201
311.721802
307.829132
303.892548
299.779266
295.848602
291.936493
288.082733
284.135162
280.212067
276.355774
272.553589
268.607666
264.644867
260.868042
256.918762
253.001587
249.097107
245.114014
241.125854
237.063293
233.294907
229.433548
225.514694
221.557800
217.743774
214.137680
210.372681
206.391281
202.687973
199.283081
196.055695
192.587387
188.987213
185.354935
181.840988
178.205307
174.314346
170.481720
166.945801
163.497787
160.139374
156.650787
153.297440
150.034561
146.612747
143.035400
139.563721
136.279694
132.865494
129.548508
126.181641
122.884933
119.681221
116.492714
113.169807
110.105560
107.317734
104.601761
101.668541
98.788574
95.834221
92.747154
89.701508
86.798714
84.029488
81.253494
78.328720
75.226440
72.359154
69.571327
66.861267
64.029488
61.296600
58.579781
55.620354
52.740387
50.037937
47.177414
44.039627
40.950024
38.249264
36.064140
33.667694
31.217142
28.733627
26.250956
23.751377
21.365917
19.038782
16.673609
14.420017
12.298292
10.240811
8.144446
6.180795
3.837599
1.342249
-0.900355
-2.950228
-5.047439
-6.984041
-8.880068
-10.606188
-12.508977
-14.590972
-16.354286
-18.039831
-19.949383
-21.904581
-23.854708
-25.809908
-27.607878
-29.367811
-31.012781
-32.742283
-34.338226
-36.071953
-37.778629
-39.219036
-40.619713
-42.082943
-43.634930
-45.125206
-46.694099
-48.287506
-49.682266
-51.019543
-52.377953
-53.761723
-55.010246
-56.247776
-57.727913
-58.987423
-60.028843
-61.368656
-62.745663
-64.217346
-65.651833
-66.816673
-68.189453
-69.616333
-70.825119
-71.853020
-72.966286
-74.162399
-75.266373
-76.367813
-77.257919
-78.172546
-79.299339
-80.444733
-81.388947
-82.350060
-83.229179
-84.174232
-85.191986
-86.200439
-86.875839
-87.566460
-88.070259
-88.792152
-89.717766
-90.462486
-91.137039
-91.918106
-92.603653
-93.482773
-94.515739
-95.372040
-96.105766
-96.595200
-96.959526
-97.448959
-98.039833
-98.594353
-98.976433
-99.439659
-100.017853
-100.668739
-101.121826
-101.454880
-101.803146
-102.413460
-103.034760
-103.672966
-104.070259
-104.403313
-104.720306
-104.929939
-105.338226
-105.861473
-106.213120
-106.637466
-107.055046
-107.213120
-107.457413
-107.853020
-108.277359
-108.543633
-108.525887
-108.579140
-108.838646
-108.945999
-109.109993
-109.205513
-109.376266
-109.692406
-109.959526
-110.082100
-110.100693
-110.103226
-110.208046
-110.180153
-110.114220
-110.086327
-110.073647
-110.045746
-110.163246
-110.365273
-110.500526
-110.428673
-110.439659
-110.425293
-110.572372
-110.818359
-111.076180
-111.062653
-111.001793
-110.964600
-110.836113
-110.714386
-110.853020
-110.786240
-110.730446
-110.440506
-110.256233
-110.195366
-109.936707
-109.600273
-109.381332
-109.335686
-109.278206
-108.840340
-108.484467
-108.466713
-108.399086
-108.176773
-107.751579
-107.382179
-107.118446
-106.810753
-106.546173
-106.285812
-106.042366
-105.745667
-105.447273
-105.137886
-104.846252
-104.645073
-104.427826
-104.122673
-103.831039
-103.467560
-102.934166
-102.463333
-102.282433
-102.022079
-101.578293
-101.077026
-100.727066
-100.258766
-99.759186
-99.328926
-99.134506
-98.881760
-98.452339
-98.157326
-97.831886
-97.508133
-97.257072
-96.916412
-96.691566
-96.380493
-96.141266
-95.755806
-95.445580
-95.159866
-95.178459
-95.033913
-94.519966
-93.975586
-93.705086
-93.306107
-92.743973
-92.312866
-91.711853
-91.253693
-90.963753
-90.639153
-90.046593
-89.347527
-88.739746
-88.532646
-88.208046
-87.829346
-87.196213
-86.508980
-85.806526
-85.337379
-84.764259
-84.306107
-83.807373
-83.062653
-82.470940
-82.104919
-81.655212
-81.290039
-80.771866
-80.191986
-79.716927
-79.418526
-78.950226
-78.273132
-77.846252
-77.475166
-77.199593
-76.771866
-76.257919
-75.772713
-75.337379
-74.924866
-74.540253
-74.010246
-73.430367
-72.657753
-72.105766
-71.636620
-70.997566
-70.588440
-70.197906
-69.635773
-69.066032
-68.504753
-68.068573
-67.790466
-67.312866
-66.875839
-66.343300
-66.040680
-65.558006
-65.101540
-64.627319
-64.152260
-63.535183
-63.124363
-62.611259
-61.887676
-61.205513
-60.689873
-60.352596
-59.973053
-59.550396
-59.092239
-58.585899
-58.201286
-57.754963
-57.197060
-56.596043
-56.085476
-55.636620
-55.221573
-54.787930
-54.293423
-53.792999
-53.372883
-52.828503
-52.295959
-51.811596
-51.418530
-51.000103
-50.527573
-50.049129
-49.689030
-49.316246
-48.896973
-48.344986
-47.940086
-47.561386
-47.017853
-46.596043
-46.140423
-45.557159
-44.996719
-44.656906
-44.313709
-43.782856
-43.229179
-42.729603
-42.152256
-41.568150
-41.079559
-40.671276
-40.415150
-39.878376
-39.449806
-39.001793
-38.490379
-37.905426
-37.660286
-37.476009
-37.222416
-37.040676
-36.622250
-36.160709
-35.734676
-35.470940
-35.037296
-34.496296
-34.053356
-33.607880
-32.903736
-32.490379
-32.434589
-32.142960
-31.612104
-31.267220
-30.869078
-30.224108
-29.866543
-29.567303
-29.115910
-28.724531
-28.436281
-27.897820
-27.525038
-27.262148
-27.017008
-26.682266
-26.356821
-25.995029
-25.443043
-24.874151
-24.574911
-24.472630
-24.262148
-23.928249
-23.437126
-23.027996
-22.735519
-22.400778
-22.013626
-21.767641
-21.499680
-21.176771
-20.801455
-20.687338
-20.582520
-20.519121
-20.096466
-19.711006
-19.250313
-18.831884
-18.508978
-18.242704
-17.957836
-17.572376
-17.283279
-16.734674
-16.405005
-16.392324
-16.146339
-15.683111
-15.403314
-15.108301
-14.891057
-14.641690
-14.380490
-13.985731
-13.724531
-13.412612
-13.082096
-12.778630
-12.508977
-12.330617
-12.104919
-11.934167
-11.675503
-11.378799
-11.147185
-10.842874
-10.490380
-10.354285
-10.244395
-10.078715
-9.700862
-9.293424
-9.208047
-9.121826
-9.053356
-8.835266
-8.541945
-8.278208
-8.112528
-7.918107
-7.610414
-7.354286
-7.273136
-7.055892
-6.807371
-6.377954
-6.113373
-5.939239
-5.747354
-5.593508
-6.179307
-7.273136
-8.115909
-8.648453
-9.013626
-9.344987
-9.339070
-9.477701
-9.291733
-8.889366
-8.563922
-8.054201
-7.526729
-7.225799
-6.992494
-6.528419
-6.113373
-5.742282
-5.441352
-5.063499
-4.837802
-4.252849
-3.735520
-3.448115
-3.202976
-2.893593
-2.526729
-2.260457
-1.983195
-1.537718
-1.028842
-0.582519
-0.264683
-0.133660
0.029484
0.351547
0.661775
0.955943
1.234894
1.406492
1.606830
1.867185
2.275469
2.573018
2.731091
2.963550
3.070904
3.228977
3.436923
3.720101
3.769129
3.858732
3.919594
4.176568
4.448757
4.666847
4.966931
5.141065
5.406492
5.931428
6.230668
6.417481
6.460592
6.350702
6.345630
6.453829
6.588233
6.611057
6.640643
6.747151
6.936501
7.255182
7.600913
7.791107
8.039628
8.332951
8.621201
8.838445
9.096264
9.293221
9.523145
9.672764
9.838445
10.162198
10.423398
10.560338
10.705731
10.726864
10.927202
11.065833
11.130921
11.163043
11.201927
11.332105
11.399730
11.507084
11.666847
12.058225
12.059071
11.903533
11.948335
12.098800
12.151209
12.343939
12.500321
12.441150
12.414100
12.325342
12.229822
12.192629
12.237431
12.366762
12.614438
12.738698
12.816466
12.812240
12.806323
12.912832
12.988910
13.141065
13.376906
13.495250
13.617819
13.665156
13.628808
13.820693
13.974540
13.965240
13.829991
13.911986
14.114016
14.164734
14.295756
14.440305
14.447066
14.534134
14.548504
14.879020
15.152900
15.037092
15.135993
15.173187
15.350701
15.342249
15.495250
15.584852
15.502857
15.477498
15.568791
15.551885
15.585697
15.536670
15.659239
15.878174
16.064987
15.966931
15.954252
16.080202
16.152899
16.192629
16.179104
16.149519
16.179949
16.373526
16.463972
16.676146
16.605139
16.507084
16.433542
16.365917
16.290684
16.293221
16.358309
16.430161
16.522299
16.582315
16.456366
16.518917
16.502857
16.347321
16.313507
16.334641
16.247574
16.215452
16.442841
16.267862
16.123314
16.282232
16.288994
16.255182
16.432697
16.602604
16.670229
16.637260
16.526525
16.557802
16.547659
16.452139
16.261099
16.134302
16.184175
16.130922
16.028639
15.865495
15.890854
15.786880
15.881556
16.050617
16.023567
15.915368
15.964396
16.039629
15.963551
15.906915
15.780118
15.824920
15.876484
15.944954
15.927202
15.856196
15.728555
15.622046
15.585697
15.616974
15.421707
15.352392
15.282231
15.278851
15.167270
15.179949
15.439459
15.578090
15.662621
15.716721
15.667692
15.532443
15.541741
15.570482
15.513846
15.365072
15.179104
15.136839
15.244193
15.258563
15.291530
15.280541
15.349011
15.456366
15.485106
15.382823
15.314353
15.259408
15.216297
15.239966
15.123314
14.991446
14.931429
14.917058
14.913677
14.967777
15.007506
15.020186
14.988910
14.975385
14.972849
15.025258
15.099645
15.107253
