-0.087497
-0.059383
-0.142073
-0.056075
-0.025204
-0.131599
-0.219250
-0.041191
0.001808
-0.123330
-0.262249
-0.182867
-0.133804
-0.078677
-0.104587
-0.019691
0.031577
-0.021345
-0.041742
0.080639
0.275788
0.287916
0.238302
0.135215
0.038192
0.013936
0.123087
0.260904
0.180419
0.185932
0.082845
0.029923
0.019449
-0.046152
-0.138765
-0.102933
-0.000397
0.024410
0.022756
0.082845
0.034884
-0.164675
-0.194443
-0.021896
0.076781
0.004013
0.134112
0.085601
-0.030165
-0.021345
-0.084741
-0.061036
-0.011422
-0.007012
-0.091356
-0.037883
0.175458
0.110408
0.037641
-0.046152
-2.183969
-22.577023
-152.622772
-478.063782
-920.979980
-1385.862061
-1810.811890
-2139.590332
-2364.439209
-2515.930420
-2612.510254
-2669.396240
-2693.089600
-2686.131104
-2654.317383
-2604.469482
-2543.002686
-2475.033936
-2403.821289
-2330.456299
-2257.556152
-2186.007568
-2114.838867
-2044.630005
-1976.266602
-1909.784912
-1844.865845
-1780.945312
-1717.396729
-1655.011475
-1594.122192
-1533.710449
-1473.739136
-1414.525146
-1356.042847
-1298.476685
-1241.389648
-1184.599609
-1129.176270
-1075.212646
-1021.585815
-968.558289
-916.664673
-865.559937
-815.288147
-765.869202
-716.982178
-668.742981
-621.529053
-574.790894
-528.520813
-482.888489
-438.047241
-394.143188
-350.966217
-308.377472
-266.663574
-225.725311
-185.312408
-145.670746
-106.984413
-69.476143
-33.026306
2.214046
37.023308
70.995193
103.975899
136.189789
167.959366
199.093872
229.630249
260.614807
290.975891
320.339172
348.942261
377.422974
405.570160
432.845795
458.963226
484.006775
508.281860
531.782410
554.470947
576.282410
597.126953
617.322632
636.828735
655.731140
674.075134
691.759277
708.743286
725.330933
741.491333
757.158386
772.635193
788.429565
804.756470
821.244934
836.693115
850.930115
864.510620
877.221191
888.882202
899.742737
910.009521
919.734985
929.049744
937.680420
945.717346
953.083923
959.922974
966.246582
972.206909
977.705750
982.969849
987.931824
992.483093
996.513916
1000.135193
1003.270813
1006.166626
1008.685913
1010.972595
1012.807190
1014.381104
1015.617554
1016.537659
1017.083923
1017.058044
1016.685913
1016.248230
1015.597168
1014.647888
1013.353516
1011.817688
1010.145142
1008.044250
1005.800049
1003.456604
1000.782410
998.000183
994.909729
991.655090
988.139099
984.441162
980.548645
976.303894
971.968201
967.431274
962.641296
957.750427
952.849121
947.741638
942.467651
937.209656
931.834229
926.226196
920.263123
914.215149
907.960449
901.723999
895.425720
888.714050
881.935669
874.876099
867.782959
860.780762
853.546448
846.231689
838.922974
831.673828
824.413025
817.120300
809.864563
802.560242
795.230591
787.828735
780.046997
772.201904
764.182617
756.198608
748.080078
740.106018
731.991882
723.869507
715.509521
707.280212
699.149536
691.074585
683.080627
675.065735
666.950012
658.712402
650.495728
642.007324
633.458252
624.871704
616.152283
607.526611
599.012268
590.604370
582.366211
573.987488
565.538208
557.417480
549.515015
541.377197
533.125854
525.126953
517.066284
508.807220
500.479218
492.151764
483.701355
475.170502
466.753174
458.478668
450.324310
442.038757
433.804993
425.764221
417.843597
409.843597
401.803345
393.903137
386.246582
378.644592
371.193665
363.816589
356.388245
348.800598
341.185394
333.657806
326.603241
319.639069
312.483063
305.128052
297.994080
290.988037
283.835876
276.617035
269.901489
263.306122
256.648438
249.997955
243.539291
237.037643
230.473694
224.051422
217.590561
211.049210
204.585052
198.195862
192.064651
185.827606
179.164429
172.653961
166.601593
160.440613
154.082840
148.022202
142.296188
136.453293
130.280197
124.372810
118.808861
113.099937
107.330360
101.985268
96.615372
91.047562
85.574577
80.199165
74.711288
69.305008
63.877773
58.547012
53.811069
49.266418
44.382732
39.265865
34.504566
29.798941
24.822645
19.882734
15.176009
10.735546
6.158919
1.692547
-2.628291
-6.904476
-11.300838
-15.562690
-19.536230
-23.528511
-27.831709
-31.977243
-36.014729
-39.988270
-44.108444
-48.127739
-52.087498
-55.802490
-59.629395
-63.518036
-67.109550
-70.488266
-74.093010
-77.627190
-81.163574
-84.532921
-88.046150
-91.423767
-94.864784
-98.132149
-101.241852
-104.536781
-107.963463
-111.475037
-114.911095
-118.414948
-121.838326
-125.072060
-127.904480
-130.663574
-133.473389
-136.316818
-139.070404
-141.621674
-144.244064
-146.871948
-149.383530
-151.923218
-154.375809
-156.716492
-159.211533
-161.520798
-163.903381
-166.399521
-168.748474
-171.030167
-173.243500
-175.528519
-177.924316
-180.369202
-182.765564
-184.945816
-187.269409
-189.497086
-191.472275
-193.441406
-195.438660
-197.275482
-199.117813
-200.905579
-202.449677
-204.111755
-205.678452
-207.075928
-208.667984
-210.169632
-211.529068
-212.879669
-214.419907
-215.821228
-217.142624
-218.409439
-219.518036
-220.911636
-222.480545
-223.723114
-224.676254
-225.656952
-226.890701
-228.046158
-228.882980
-229.775482
-230.780991
-231.661911
-232.418259
-233.327301
-234.082535
-234.636566
-235.519135
-236.448578
-237.192795
-237.780991
-238.239655
-238.765564
-239.372498
-240.185623
-240.839981
-241.508667
-241.939758
-242.171844
-242.472275
-242.889587
-243.258942
-243.568756
-243.833359
-244.109543
-244.236343
-244.499847
-244.659714
-244.919357
-245.117264
-245.222565
-245.262253
-245.269409
-245.419907
-245.717041
-245.842728
-245.877457
-246.170181
-246.198853
-246.141525
-246.189484
-246.449677
-246.483856
-246.239090
-245.798630
-245.542847
-245.393448
-245.027954
-244.822342
-244.652542
-244.316818
-243.885727
-243.739090
-243.440308
-243.026855
-242.654755
-242.161362
-241.769974
-241.508667
-241.350449
-241.144272
-240.794769
-240.368637
-239.987167
-239.703262
-239.360931
-238.939209
-238.968430
-239.284302
-239.694992
-240.159714
-240.599625
-240.383530
-239.930939
-239.225311
-238.645386
-238.185623
-237.607346
-237.006454
-236.383530
-235.688385
-234.946365
-234.059387
-233.401718
-232.748474
-231.891251
-230.890701
-229.842178
-228.999298
-228.212082
-227.100174
-226.048904
-225.289261
-224.493225
-223.500397
-222.604584
-221.687271
-220.819580
-219.934250
-218.977798
-218.165222
-217.402817
-216.520248
-215.686172
-214.792572
-213.801941
-212.818481
-211.930939
-211.015839
-209.987717
-209.090805
-207.884079
-206.860382
-206.089706
-205.268311
-204.105133
-203.181213
-202.414948
-201.495987
-200.467316
-199.269974
-198.337219
-197.618927
-196.504807
-195.323990
-194.214294
-193.013077
-191.761154
-190.565994
-189.602386
-188.586945
-187.572067
-186.362579
-185.193893
-184.104034
-183.018585
-182.076477
-181.090256
-180.108994
-178.987167
-177.878571
-176.745163
-175.800842
-174.780441
-173.730270
-172.529617
-171.373611
-170.209885
-169.089706
-167.979996
-167.004807
-165.833359
-164.698853
-163.637665
-162.430389
-161.182312
-160.248474
-159.321793
-158.193893
-157.029068
-155.926529
-154.803589
-153.776031
-152.740204
-151.441406
-150.304703
-149.241852
-148.283752
-147.209320
-146.206573
-145.181213
-144.155304
-142.864227
-141.608994
-140.658066
-139.696091
-138.470627
-137.344391
-136.479446
-135.483856
-134.446930
-133.383530
-132.364227
-131.408340
-130.558838
-129.897308
-129.197205
-128.354309
-127.488266
-126.757835
-125.887939
-124.769966
-123.660263
-122.601830
-121.644279
-120.663574
-119.689484
-118.531822
-117.427628
-116.344391
-115.189484
-114.062141
-113.036781
-112.107895
-111.142075
-110.250671
-109.354858
-108.396759
-107.556076
-106.704918
-105.937004
-105.021896
-103.836121
-102.750671
-101.787056
-100.731926
-99.682869
-98.608994
-97.523552
-96.608444
-96.018036
-95.688377
-95.270515
-94.665230
-94.101280
-93.384079
-92.424324
-91.273827
-90.167984
-89.269417
-88.224213
-87.105141
-86.125534
-85.053322
-83.819580
-82.593559
-81.709328
-80.792015
-79.747368
-78.594666
-77.417709
-76.325645
-75.360924
-74.477798
-73.616165
-72.481651
-71.226418
-70.214844
-69.323990
-68.400620
-67.385735
-66.385185
-65.458504
-64.540085
-63.642075
-62.583637
-61.573715
-60.656956
-59.751774
-58.894554
-58.065998
-57.199955
-56.275478
-55.276581
-54.190033
-53.256737
-52.495434
-51.682316
-50.884632
-49.995434
-48.985512
-47.923771
-47.165779
-46.398964
-45.664673
-44.826748
-44.093010
-43.136009
-42.284302
-41.648689
-41.165226
-40.588600
-39.844387
-38.971729
-38.095768
-37.204918
-36.287056
-35.422115
-34.661919
-33.875259
-33.234684
-32.534576
-31.853760
-31.183418
-30.494884
-29.806351
-29.062140
-28.257288
-27.547255
-27.042845
-26.539537
-25.679008
-24.750122
-24.113958
-23.621124
-23.056074
-22.434795
-21.768864
-21.069857
-20.342733
-19.585844
-19.084190
-18.532370
-17.869196
-17.302492
-16.775480
-16.304697
-15.741852
-15.339427
-14.898413
-14.344939
-13.622227
-13.056075
-12.628291
-11.971731
-11.359272
-10.765556
-10.433143
-9.998192
-9.210430
-8.664124
-8.162470
-7.726968
-7.272172
-6.749019
-6.450232
-6.033473
-5.625535
-5.120574
-4.743506
-4.448027
-4.025755
-3.645932
-3.252326
-2.674046
-1.951334
-1.450783
-0.943616
-0.432591
-0.121125
0.045910
0.082293
-0.080882
-0.138765
-0.051114
0.227828
0.414708
0.573473
0.750981
1.049217
1.400375
1.890452
2.281301
2.612613
3.013385
3.265866
3.453848
3.753738
4.159471
4.719559
5.036538
5.387145
5.949989
6.565755
6.957707
7.227277
7.696406
8.232238
8.800044
9.245468
9.531025
10.130254
10.598831
11.044807
11.551422
11.917464
12.286263
12.596075
13.051973
13.418567
13.751533
14.266968
14.571819
14.761456
15.079537
15.475899
15.809416
16.151752
16.499603
16.809967
17.105446
17.453297
17.730034
18.105446
18.412502
18.822645
19.066307
19.191444
19.373915
19.711290
20.127497
20.359030
20.657267
20.941168
20.962116
20.968182
21.337530
22.084497
22.583946
22.783506
22.979206
23.121984
23.285711
23.461565
23.675457
23.909746
24.163330
24.366747
24.324852
24.431246
24.644035
24.822094
24.948336
25.091114
25.313826
25.623638
25.932348
26.241058
26.434002
26.604343
26.730034
26.891003
27.051973
27.224520
27.588909
27.803352
27.942823
28.102139
28.250980
28.394310
28.590012
28.770826
29.050871
29.148996
29.146791
29.221212
29.304455
29.419670
29.523859
29.696957
29.695303
29.704676
29.974796
30.214046
30.511730
30.752085
30.960463
31.037088
31.081190
30.956053
30.705778
30.468733
30.159472
29.981962
29.885490
29.770275
29.634113
29.667189
29.807762
29.895966
29.926836
30.008974
30.161125
30.201366
30.341940
30.587255
30.751532
30.648445
30.685932
30.791224
31.032679
31.269724
31.318235
31.322094
31.343594
31.488026
31.637972
31.764212
31.956604
31.945580
31.970938
31.959360
31.973694
32.179317
32.194202
32.036537
32.099384
32.219559
32.339184
32.405334
32.570717
32.564651
32.472591
32.298943
32.234444
32.387695
32.587254
32.639072
32.714596
32.888798
33.061344
33.135216
33.148445
33.201920
33.292877
33.308865
33.409748
33.504566
33.351311
33.215149
33.076229
32.871708
32.867298
32.835327
32.954952
33.021652
33.214046
33.422977
33.459362
33.351311
33.330914
33.441719
33.674908
33.822647
33.765865
33.657818
33.560795
33.596626
33.629150
33.775238
33.822094
33.780197
33.813274
33.827606
33.892105
33.875015
33.912502
33.905888
33.916363
33.905888
33.985821
33.813274
33.796738
33.812725
33.759251
33.645691
33.564651
33.396515
32.899273
32.374466
31.855722
31.255943
30.592216
29.937860
29.324301
28.885490
28.753187
28.610409
28.365644
28.190342
28.250429
28.396517
28.667189
28.910849
28.969835
29.053076
29.033230
29.039295
