-0.152310
-0.162568
-0.055034
-0.083686
-0.020722
-0.013293
-0.059986
-0.037701
0.022434
0.126785
0.106622
0.107683
0.133152
0.081153
-0.063523
-0.124011
-0.080149
-0.090761
-0.047252
-0.047959
-0.019307
-0.036286
-0.123658
-0.124719
-0.110570
-0.037347
0.004747
0.022434
-0.006219
-0.102434
-0.097481
-0.095713
-0.018245
0.102731
0.163219
0.137750
0.093534
0.050378
0.108744
0.090350
0.079738
0.010053
0.056038
0.008638
0.076555
0.077616
0.120417
0.051440
-0.035932
0.014652
0.063820
0.081861
0.013590
-0.050081
-0.023551
0.003686
0.028093
0.062405
-0.019307
-1.058217
-7.769572
-31.776648
-95.191223
-212.080154
-332.276825
-438.355713
-528.146301
-597.175659
-645.324585
-676.518799
-693.083008
-696.751892
-691.889160
-681.368774
-663.921326
-643.093567
-621.219177
-598.148438
-575.132141
-552.850220
-530.971191
-509.830414
-489.737396
-470.446259
-452.025665
-434.324921
-416.769226
-399.809906
-383.543182
-367.513824
-351.584564
-336.086884
-320.659210
-305.603333
-290.717560
-275.976868
-261.532227
-247.302994
-233.027084
-218.977921
-205.170349
-191.460770
-178.051498
-164.798935
-151.698120
-138.860840
-126.285667
-114.068474
-102.221992
-90.687508
-79.275764
-67.914604
-56.899391
-45.887718
-35.218456
-24.750116
-14.395324
-4.208553
5.761026
15.403403
24.870329
34.254128
43.352818
52.198944
60.789677
69.134216
77.145531
84.866440
92.559044
99.900398
107.079384
114.210976
121.033043
127.571777
134.063828
140.453629
146.475571
152.320984
158.000504
163.499268
168.742279
173.883057
178.709030
183.272171
187.634384
192.025269
196.184799
200.049667
203.800995
207.400925
210.947800
214.279602
217.579559
220.718231
223.751831
226.616699
229.226532
231.793564
234.292679
236.553741
238.725647
240.853348
242.803833
244.544891
246.076202
247.504211
248.857239
250.277115
251.663040
252.733795
253.645004
254.467422
255.191864
255.811249
256.349976
256.958771
257.355652
257.538177
257.699829
257.767395
257.651367
257.566833
257.595490
257.467072
257.205322
256.910309
256.386414
255.770218
255.155090
254.520493
253.623077
252.707260
251.607513
250.576019
249.591949
248.591949
247.529327
246.446198
245.328415
244.022430
242.699127
241.400223
240.159683
238.881653
237.678604
236.263321
234.588058
232.897217
231.348923
229.837784
228.229019
226.449387
224.703369
222.985992
220.994141
219.159683
217.370865
215.552322
213.701950
211.859360
209.933289
207.873871
205.710083
203.596893
201.435944
199.290558
197.289505
195.138809
193.064529
190.883423
188.638641
186.464249
184.313553
182.097427
180.049667
177.954514
175.863602
173.679672
171.556915
169.390320
167.144470
164.927277
162.752884
160.555511
158.226181
155.903931
153.647125
151.590881
149.385010
147.122894
144.941071
142.799225
140.626968
138.282425
135.889435
133.521896
131.035172
128.683563
126.439835
124.293747
122.075493
119.886955
117.711502
115.645706
113.641464
111.662689
109.713623
107.736618
105.618828
103.460350
101.399864
99.361664
97.386070
95.506340
93.535698
91.464241
89.340790
87.236794
85.177368
83.142700
81.057098
79.110161
77.177368
75.345741
73.479103
71.710793
69.866081
68.048607
66.318153
64.493248
62.771282
60.955933
59.012527
57.083630
55.174183
53.378994
51.561874
49.721760
47.986706
46.314968
44.605385
42.874222
41.135628
39.439484
37.801350
36.288086
34.797108
33.186920
31.474150
29.831064
28.370152
26.862194
25.299406
23.810194
22.277473
20.687450
19.193287
17.750061
16.243517
14.810195
13.413307
11.896505
10.286672
8.745108
6.988829
5.211680
3.606445
2.143056
0.771284
-0.661330
-1.953866
-3.088284
-4.234375
-5.486233
-6.747641
-7.877460
-8.999851
-10.113753
-11.194050
-12.371978
-13.555210
-14.730308
-15.754007
-16.895147
-18.081209
-19.208906
-20.306890
-21.312904
-22.300169
-23.305830
-24.261967
-25.148773
-26.064585
-26.862604
-27.718988
-28.669466
-29.633739
-30.392139
-31.148773
-32.038406
-32.930874
-33.796810
-34.583862
-35.431049
-36.199001
-36.845272
-37.569359
-38.280006
-39.007988
-39.719696
-40.529743
-41.367733
-42.115170
-42.872154
-43.488354
-43.924507
-44.405228
-45.097126
-45.768158
-46.333420
-46.844208
-47.421146
-48.048313
-48.622421
-49.097481
-49.530449
-49.967308
-50.303352
-50.815556
-51.306892
-51.862602
-52.442017
-52.993484
-53.481987
-53.793980
-54.205723
-54.576435
-54.828999
-55.225887
-55.761436
-56.158676
-56.541767
-57.009403
-57.439541
-57.833950
-58.271870
-58.846687
-59.416901
-60.091469
-60.639751
-61.072014
-61.468548
-61.948914
-62.534695
-63.010464
-63.298401
-63.594830
-63.780537
-63.971199
-64.157265
-64.298050
-64.543892
-64.638695
-64.718285
-64.873566
-64.940071
-64.917076
-64.994545
-65.000916
-65.066704
-65.164337
-65.165047
-65.148422
-65.109154
-65.024612
-65.091469
-65.191925
-65.275764
-65.173180
-65.093941
-64.955284
-64.789734
-64.946442
-65.276115
-65.406998
-65.599075
-65.735260
-65.719345
-65.757195
-65.797165
-65.813789
-65.721466
-65.581741
-65.414070
-65.352524
-65.177780
-65.062813
-64.905052
-64.924507
-64.923798
-64.853760
-64.858711
-65.008339
-64.998085
-64.907173
-64.703423
-64.485527
-64.409470
-64.413361
-64.286018
-64.033813
-63.826523
-63.728184
-63.533634
-63.408413
-63.229069
-63.120476
-63.036995
-63.036640
-62.951744
-62.738445
-62.489769
-62.240742
-61.995960
-61.737736
-61.526558
-61.267979
-60.995960
-60.875690
-60.745518
-60.518070
-60.309719
-60.249233
-60.298756
-60.205017
-60.064938
-59.894085
-59.661331
-59.622066
-59.517006
-59.425392
-59.145588
-58.992424
-58.857651
-58.673710
-58.497551
-58.111629
-57.799286
-57.589169
-57.279652
-56.907528
-56.672295
-56.491184
-56.211384
-55.945732
-55.757545
-55.583862
-55.312904
-54.918846
-54.536816
-54.238621
-54.059986
-53.831829
-53.636570
-53.402397
-53.069538
-52.571484
-52.317856
-52.215630
-51.970844
-51.678661
-51.329174
-51.077671
-50.757545
-50.486938
-50.229424
-49.970493
-49.732430
-49.456520
-49.172474
-48.844208
-48.443787
-48.091469
-47.918140
-47.601196
-47.228008
-46.903282
-46.569359
-46.313259
-46.125427
-46.183437
-46.801407
-47.496136
-48.193695
-48.561932
-48.465717
-48.494370
-48.436005
-48.258781
-48.102081
-47.982872
-47.847038
-47.647888
-47.521606
-47.317856
-47.029564
-46.629848
-46.292389
-46.034870
-45.729248
-45.266212
-44.879936
-44.491894
-43.960587
-43.384003
-42.890549
-42.510639
-42.154785
-41.652134
-41.213860
-40.911774
-40.577850
-40.134270
-39.751534
-39.340141
-38.831120
-38.426807
-38.058926
-37.621006
-37.215275
-36.726772
-36.316795
-35.924152
-35.502857
-34.992424
-34.703423
-34.336605
-34.001266
-33.699532
-33.338371
-32.905758
-32.586338
-32.205368
-31.817326
-31.394262
-30.946085
-30.610039
-30.198296
-29.837843
-29.518068
-29.203602
-28.844917
-28.474205
-28.116583
-27.763559
-27.562992
-27.309366
-26.999498
-26.639046
-26.274347
-25.990654
-25.845978
-25.717928
-25.514177
-25.207846
-24.986763
-24.904345
-24.726063
-24.414780
-24.068829
-23.768158
-23.345800
-22.936533
-22.636215
-22.364902
-22.021782
-21.617821
-21.295925
-21.044067
-20.794687
-20.416548
-20.049728
-19.781599
-19.595535
-19.384712
-19.112339
-18.801054
-18.590937
-18.465363
-18.202539
-17.897268
-17.598366
-17.331652
-17.107740
-16.875338
-16.715805
-16.398153
-16.140991
-15.963063
-15.709084
-15.504627
-15.264090
-15.132501
-15.039116
-14.890195
-14.743750
-14.520899
-14.181669
-13.919555
-13.738090
-13.630909
-13.538939
-13.357474
-13.171058
-12.975444
-12.685738
-12.367025
-12.136038
-12.037347
-11.831829
-11.649657
-11.319271
-11.118352
-10.903990
-10.653194
-10.452628
-10.281422
-10.187683
-10.014001
-9.884181
-9.725001
-9.664514
-9.571482
-9.342618
-9.170704
-9.064585
-8.958818
-8.758960
-8.569006
-8.371978
-8.143821
-8.025674
-7.978981
-7.995960
-8.156554
-8.278592
-8.305122
-8.329884
-8.456519
-8.508518
-8.494369
-8.471023
-8.348277
-8.187329
-8.056802
-7.952451
-7.659915
-7.301231
-7.136392
-6.924153
-6.697411
-6.513470
-6.392140
-6.198295
-6.025320
-5.996314
-5.881705
-5.649657
-5.507457
-5.269395
-5.097128
-4.917786
-4.689629
-4.429636
-4.263735
-4.108093
-3.991716
-3.760729
-3.638337
-3.456166
-3.332713
-3.203247
-3.030626
-2.859774
-2.714036
-2.561224
-2.363842
-2.268688
-2.021075
-1.877106
-1.777708
-1.595890
-1.416194
-1.303353
-1.234729
-1.069890
-0.938302
-0.954928
-0.850223
-0.738090
-0.601903
-0.430343
-0.196526
-0.013647
0.110513
0.197531
0.253067
0.429579
0.620241
0.735911
0.793569
0.938953
1.067711
1.080446
1.202129
1.261556
1.310725
1.324167
1.516951
1.568242
1.600785
1.604323
1.706551
1.762441
1.867499
2.022080
2.086459
2.173123
2.176307
2.155791
2.206728
2.273230
2.375458
2.509169
2.704782
2.769162
2.846629
2.814086
2.810548
2.732727
2.849105
2.844153
2.910654
2.925511
2.981047
3.112635
3.226537
3.285964
3.418260
3.561167
3.757842
3.790385
3.828589
3.853703
3.888016
3.981755
4.039059
4.126785
4.210265
4.256604
4.307188
4.360248
4.441606
4.460000
4.545957
4.757135
4.813378
4.853703
4.793569
4.900043
4.964068
5.119710
5.250591
5.374751
5.484054
5.486530
5.484054
5.510230
5.411539
5.266509
5.271461
5.206020
5.143764
5.175953
5.231135
5.279951
5.295868
5.346098
5.421443
5.461061
5.559399
5.718932
5.786141
5.786141
5.946028
5.899335
5.775175
5.595126
5.535698
5.390315
5.363431
5.329473
5.318507
5.293746
5.377934
5.391376
5.501033
5.608567
5.693463
5.716455
5.764563
5.780481
5.803473
5.750768
5.788263
5.747230
5.734496
5.843799
5.872451
5.875988
5.849105
5.909593
6.041182
6.013590
6.092473
6.223000
6.337255
6.320983
6.349282
6.472027
6.504924
6.589819
6.746523
6.779420
6.756781
6.706551
6.710088
6.587344
6.550201
6.595126
6.655614
6.632621
6.597602
6.687096
6.816916
6.940722
6.919497
6.906410
6.785079
6.443375
6.075847
5.838140
5.564704
5.198592
4.985999
5.008285
5.059222
5.150485
5.272522
5.383948
5.528624
5.559045
5.563997
5.599724
5.553385
5.553739
5.535698
5.490067
5.440898
5.422858
5.477686
5.460708
5.582745
5.809134
6.042950
6.190103
6.237503
6.303297
6.449034
6.519073
6.589466
6.662334
6.706197
6.680729
6.443021
6.195055
6.011468
5.783665
5.649247
5.573902
5.494666
5.414369
5.337255
5.300467
5.355295
5.377227
5.352466
5.378642
5.504924
5.629084
5.748645
5.845568
6.016774
6.161097
6.340792
6.477333
6.633682
6.795691
6.868914
6.983170
7.155083
7.267216
7.266155
7.368737
7.471319
7.529685
7.550909
7.614934
7.577085
7.636866
7.772699
7.873159
7.948857
8.005101
8.074432
8.184443
8.361663
8.398805
8.372628
8.431702
8.488298
8.526148
8.408001
8.297637
8.271107
8.258726
8.249884
8.253421
8.196469
8.184796
8.319215
8.362017
8.391729
8.460354
8.548079
8.596187
8.664811
8.790031
8.804535
8.767747
8.904641
9.089289
9.144471
9.104146
9.108745
9.158975
9.277474
9.205313
9.056038
8.966898
8.878465
8.823990
8.853350
8.728836
