-0.012243
-0.036306
0.041897
0.020665
-0.075230
-0.080538
-0.040552
-0.039137
0.004742
0.009342
0.057820
-0.005166
0.062067
0.165039
0.138854
0.074452
0.097452
0.185209
0.124699
0.090729
0.098160
0.061005
-0.005520
-0.030644
0.044728
0.031989
0.027742
-0.037721
-0.077707
-0.099292
-0.046568
0.036235
0.053574
0.001911
-0.009413
-0.026044
-0.011890
0.041897
0.030573
0.019958
-0.014367
-0.077707
-0.112031
-0.145648
-0.176787
-0.102477
-0.095400
-0.069922
-0.039490
-0.052937
0.018188
0.096745
0.072682
0.046497
0.021019
0.013588
-0.014720
-0.171479
-0.270913
-1.156263
-7.566738
-31.695541
-107.342743
-250.126892
-399.364685
-546.070618
-677.572754
-778.705078
-849.168274
-895.665100
-921.458435
-930.157654
-926.241516
-911.097168
-887.296387
-859.708618
-827.123352
-791.718201
-758.319763
-725.430176
-693.390869
-663.173950
-634.204712
-606.757141
-581.335327
-556.775513
-533.304504
-510.947845
-489.548676
-468.521790
-447.925201
-427.611664
-407.572052
-387.746155
-368.000580
-348.534882
-329.290009
-310.458801
-292.010468
-273.684570
-255.588318
-237.981812
-220.610260
-203.573456
-187.060013
-170.725967
-154.534180
-138.826462
-123.379196
-108.294975
-93.648125
-79.294975
-65.314789
-51.494904
-38.042320
-24.811607
-11.817622
0.947063
13.255273
25.322151
37.148052
48.683441
59.860367
70.540482
80.969353
91.219887
101.231209
111.048264
120.477493
129.662918
138.630005
147.399292
155.943176
164.740768
173.487762
181.817551
189.697952
197.199722
204.385849
211.387268
218.099228
224.607010
230.765182
236.694763
242.315430
247.645935
252.864975
258.006165
262.919830
267.595337
272.116547
276.517822
280.662903
284.653351
288.554291
292.365662
295.812256
299.030212
301.922638
304.758820
307.441040
309.879486
312.012512
314.092133
316.195129
318.160797
319.685913
321.025269
322.019958
323.031982
324.177063
325.051453
325.711761
326.425476
327.086487
327.589325
328.234406
328.690521
329.114777
329.486328
329.588959
329.564911
329.557831
329.228394
328.822144
328.266937
327.504730
326.697235
325.905670
325.076569
324.077637
322.954132
321.842682
320.752075
319.613739
318.444244
317.082947
315.654083
314.201477
312.627167
311.093903
309.554291
307.851166
306.115143
304.258118
302.201477
300.322510
298.225891
296.074799
293.952728
291.735809
289.505096
287.377014
285.102051
282.895752
280.619049
278.304810
275.829590
273.103821
270.368866
267.799500
265.301636
262.703613
260.168945
257.619049
255.117264
252.729446
250.202545
247.694061
245.053574
242.539780
239.923004
237.237228
234.660080
231.864609
228.968643
226.237228
223.597809
220.761642
217.879120
214.985275
211.948837
208.856125
205.899292
203.044373
200.001556
196.937149
194.010406
191.176010
188.334534
185.435745
182.552505
179.721298
176.928665
174.249969
171.494125
168.455551
165.476440
162.659729
159.839493
156.930786
154.112671
151.282867
148.543320
145.865677
143.150528
140.255280
137.426544
134.758453
132.004028
129.154419
126.466171
123.834534
121.228027
118.542961
115.897522
113.360016
110.723427
108.090019
105.511818
102.901772
100.395752
97.956619
95.462280
92.954491
90.611252
88.238640
85.796318
83.411674
80.980324
78.548973
76.076218
73.574097
71.153358
68.844093
66.389740
63.972893
61.669285
59.322151
56.971478
54.534821
52.214581
49.953785
47.754566
45.563480
43.362846
41.130360
38.956615
36.800213
34.662914
32.713165
30.759520
28.835598
26.968294
25.169285
23.380537
21.662209
19.839491
18.045435
16.399292
14.712810
12.948479
11.241118
9.600283
7.878768
6.199363
4.442463
2.808351
1.239349
-0.302760
-1.844515
-3.355131
-4.845577
-6.422718
-7.980750
-9.476504
-10.887686
-12.278698
-13.766313
-15.224558
-16.570276
-17.956688
-19.371054
-20.658033
-21.964827
-23.176786
-24.433687
-25.683157
-26.977211
-28.175371
-29.427671
-30.705095
-31.953857
-33.192001
-34.339561
-35.429089
-36.578415
-37.742603
-38.877777
-39.995613
-41.079121
-42.064259
-43.011890
-43.949257
-44.999149
-46.052937
-47.004459
-47.876007
-48.816208
-49.956688
-50.920242
-51.873531
-52.658386
-53.526043
-54.477921
-55.296391
-56.114155
-57.049046
-57.924133
-58.680325
-59.376362
-60.287899
-61.083015
-61.928024
-62.761360
-63.478271
-64.197662
-64.938286
-65.517548
-66.160156
-66.771973
-67.310547
-67.878487
-68.363266
-68.871407
-69.614151
-70.247559
-70.655205
-71.126541
-71.612740
-72.118752
-72.686340
-73.229515
-73.751099
-74.377068
-75.056831
-75.540909
-75.936516
-76.350533
-76.716415
-77.029938
-77.380966
-77.735527
-78.222786
-78.565323
-78.929085
-79.140343
-79.285774
-79.431213
-79.642113
-79.976501
-80.304527
-80.572754
-80.821869
-80.985352
-81.167587
-81.292854
-81.467659
-81.670769
-81.890518
-82.051521
-82.158737
-82.222435
-82.303116
-82.495255
-82.518616
-82.433685
-82.441826
-82.542679
-82.638214
-82.574165
-82.751808
-82.872116
-83.002335
-83.055412
-83.102478
-83.118050
-83.071335
-83.046211
-83.017548
-82.933685
-82.873177
-82.858315
-82.867165
-82.942886
-82.979332
-82.796394
-82.730217
-82.648476
-82.481102
-82.388039
-82.403259
-82.394409
-82.460579
-82.586555
-82.500214
-82.400070
-82.305588
-82.176430
-82.105309
-81.976501
-81.794266
-81.562134
-81.348763
-81.205452
-80.959869
-80.792145
-80.667236
-80.596458
-80.523918
-80.431564
-80.269852
-80.133263
-80.046570
-79.940407
-79.763481
-79.439705
-79.119820
-78.814087
-78.652374
-78.542320
-78.270912
-77.952797
-77.856544
-77.582664
-77.225975
-76.878128
-76.649895
-76.389458
-76.030647
-75.694122
-75.384499
-75.059662
-74.873535
-74.659805
-74.300285
-74.101059
-73.866455
-73.673599
-73.527107
-73.396889
-73.161926
-72.840271
-72.535248
-72.260300
-71.936516
-71.609550
-71.354424
-71.168999
-70.924843
-70.472969
-70.125481
-69.821869
-69.493134
-69.130432
-68.828949
-68.484642
-68.077354
-67.701912
-67.360794
-67.049042
-66.679619
-66.345573
-66.121231
-65.757111
-65.419182
-65.108490
-64.825760
-64.440765
-63.986412
-63.637154
-63.252514
-62.814438
-62.457043
-62.119816
-61.705803
-61.287189
-60.972610
-60.547981
-60.132202
-59.656616
-59.291435
-58.834606
-58.482166
-58.292500
-58.129723
-57.952087
-57.770557
-57.614861
-57.351238
-57.069923
-56.919888
-56.705448
-56.444656
-55.957748
-55.505875
-55.156971
-54.941116
-54.625122
-54.210049
-53.865746
-53.499859
-53.078415
-52.712528
-52.362560
-51.941116
-51.628662
-51.326115
-50.931210
-50.586201
-50.100708
-49.656261
-49.199081
-48.843807
-48.448196
-48.018967
-47.628307
-47.142464
-46.691296
-46.315498
-46.064613
-45.875656
-45.602829
-45.219604
-44.897594
-44.571690
-44.195896
-43.885208
-43.612740
-43.254280
-42.786484
-42.321869
-41.937225
-41.616631
-41.224205
-40.834961
-40.361855
-39.870346
-39.525688
-39.273392
-38.957043
-38.603893
-38.188465
-37.757465
-37.350178
-36.885563
-36.492073
-36.069214
-35.857964
-35.940056
-36.242603
-36.625477
-36.962349
-36.770557
-36.430855
-36.072754
-35.646000
-35.355839
-35.025688
-34.701912
-34.356194
-34.003399
-33.547276
-33.188110
-32.896179
-32.436520
-32.003044
-31.727036
-31.461288
-31.230219
-30.935810
-30.585846
-30.258175
-29.929441
-29.611677
-29.375301
-29.037014
-28.793205
-28.466597
-28.087969
-27.700850
-27.300283
-26.922718
-26.414579
-25.895472
-25.445364
-25.039490
-24.674311
-24.310900
-23.949965
-23.626894
-23.400425
-23.183157
-22.917410
-22.541615
-22.148125
-21.707926
-21.367870
-20.949257
-20.625124
-20.274805
-19.930502
-19.513306
-19.090092
-18.807360
-18.509766
-18.313730
-18.034184
-17.701557
-17.610615
-17.606369
-17.584784
-17.481104
-17.329300
-17.155909
-16.871054
-16.643171
-16.379547
-16.070629
-15.734112
-15.465180
-15.111323
-14.655202
-14.285421
-14.076646
-13.917056
-13.776221
-13.635739
-13.494197
-13.304883
-13.024982
-12.665817
-12.475796
-12.253928
-11.890870
-11.554353
-11.254990
-11.006227
-10.745436
-10.486766
-10.311253
-10.015429
-9.725266
-9.509767
-9.269498
-8.772682
-8.415641
-8.063553
-7.690234
-7.473673
-7.158740
-6.848408
-6.386271
-6.171833
-5.963411
-5.696249
-5.406086
-5.184572
-4.878486
-4.487473
-4.253220
-4.018967
-3.771267
-3.545860
-3.440764
-3.202619
-2.994905
-2.775867
-2.667587
-2.495612
-2.298160
-2.168294
-2.119108
-1.926964
-1.729512
-1.528521
-1.272328
-1.024628
-0.783652
-0.601415
-0.491012
-0.288252
-0.052583
0.143100
0.525619
0.767657
0.970418
1.209271
1.331352
1.473956
1.806582
2.012527
2.063482
2.253503
2.494126
2.698302
2.850460
2.873107
2.993418
3.075513
3.229441
3.443524
3.505095
3.791366
3.960863
4.100637
4.381599
4.561359
4.611607
4.708210
4.804105
4.950248
5.070913
5.232625
5.372046
5.421939
5.589314
5.618330
5.754211
5.826398
5.893984
5.793843
5.740057
5.778627
5.650885
5.630715
5.627530
5.555697
5.513942
5.600283
5.679193
5.720241
5.732979
5.717056
5.759165
5.783227
5.919816
6.186270
6.338429
6.496603
6.562067
6.648407
6.817197
6.954140
7.074451
7.223072
7.298089
7.392569
7.590375
7.741472
7.885138
7.856122
7.948124
8.110545
8.230148
8.280750
8.438924
8.634254
8.755273
8.722717
8.705025
8.784996
8.772965
8.690163
8.590375
8.378415
8.181670
7.900000
7.786412
7.764827
7.725548
7.727318
7.735103
7.674239
7.795966
7.784997
7.859660
7.972541
8.095683
8.232980
8.346921
8.419108
8.567374
8.774734
8.913800
9.049682
9.152300
9.187332
9.305166
9.330290
9.277565
9.274027
9.317552
9.344444
9.413800
9.529511
9.653008
9.741472
9.827106
9.887969
9.952724
9.904600
9.863907
9.885138
9.944940
9.956264
10.010050
9.975018
10.032343
10.036942
9.997664
10.037296
10.151238
10.281104
10.315782
10.263058
10.289243
10.395754
10.586837
10.695471
10.681670
10.713517
10.760226
10.753503
10.726256
10.812951
10.734041
10.662208
10.640269
10.609130
10.484925
10.521727
10.541897
10.464402
10.466171
10.548266
10.686978
10.784996
10.840199
10.805166
10.855414
10.937862
11.080467
11.136730
11.180255
11.140623
11.130007
11.225549
11.160792
11.116915
11.220594
11.323566
11.268719
11.253857
11.215640
11.205379
11.067020
11.036235
11.033758
11.138853
11.182024
11.201840
11.316844
11.305166
11.276857
11.254564
11.175301
11.250319
11.327459
11.429724
11.373107
11.390446
11.547559
11.514296
11.421585
11.371338
11.420170
11.462633
11.433263
11.358953
11.295966
11.266242
11.191578
11.137438
11.034112
10.977849
10.856830
10.792781
10.744303
10.711394
10.672824
10.613729
10.623637
10.718472
10.795259
10.731565
10.776150
10.828521
10.935032
10.969356
10.935032
10.944940
10.933970
10.921939
10.931848
10.982449
11.081882
11.166454
11.226964
11.217764
11.199363
11.340906
11.341614
11.302690
11.160439
11.175301
11.029158
10.791366
10.565251
10.487757
10.498018
10.438570
10.393277
10.261995
10.382307
10.453432
10.577991
10.563128
10.545081
10.585775
10.678132
10.662562
10.606298
10.500141
10.500495
10.398231
10.323213
10.373461
10.390446
10.464402
10.520311
10.538712
10.544020
10.509696
10.420170
10.353644
10.337367
10.283227
10.302690
10.263058
10.176008
10.189455
10.149469
10.096391
