0.040702
-0.076945
-0.102745
-0.080041
-0.003674
0.019030
-0.067657
-0.188400
-0.137833
-0.152281
-0.150217
-0.098617
0.048958
0.059278
-0.037730
0.067534
0.129453
0.056182
0.134613
0.083013
0.071662
0.025222
-0.105841
-0.044954
-0.018122
-0.075913
-0.115129
-0.060433
0.037606
0.023158
-0.030506
-0.036698
0.009742
-0.005738
-0.077977
-0.011930
0.010774
0.120165
0.198596
0.154221
0.017998
-0.099649
-0.030506
0.041734
0.103653
0.074757
0.057214
0.041734
0.059278
0.123261
0.184149
0.105717
-0.063529
-0.145057
-0.142993
-0.121321
-0.055273
0.181053
0.383323
0.266708
-1.282312
-15.444334
-100.373123
-328.901520
-611.467041
-864.044983
-1056.825195
-1185.367920
-1262.256470
-1305.873657
-1329.321533
-1337.695068
-1335.499023
-1326.568115
-1313.683716
-1298.612549
-1281.810669
-1263.499023
-1244.455688
-1225.207031
-1205.291626
-1184.443359
-1162.643555
-1139.815796
-1116.551636
-1093.129517
-1068.707520
-1043.622925
-1018.519653
-993.084167
-967.480469
-941.635254
-916.026367
-891.118225
-866.186340
-840.854065
-815.177063
-789.500061
-763.897400
-738.232788
-712.091370
-686.559937
-661.598083
-636.728149
-611.345276
-586.130615
-561.534119
-536.643494
-511.563019
-486.837524
-462.537201
-438.579529
-414.732269
-390.948975
-367.867462
-344.896332
-321.714722
-298.854034
-276.272003
-253.688919
-231.156403
-208.795212
-186.836487
-165.157440
-143.570236
-122.095520
-101.004707
-80.386543
-60.269928
-40.261673
-20.206976
-0.297792
18.696016
37.599010
56.288380
74.511292
92.574242
110.495811
128.059280
145.270844
162.068573
178.322433
194.273926
209.919952
225.444214
240.652679
255.365784
269.729034
283.853912
297.984985
311.906555
325.261536
338.352356
351.103668
363.512329
375.527802
387.131531
398.607269
409.844635
420.801270
431.292511
441.508209
451.585602
461.174866
470.601074
479.911713
489.061340
497.636169
505.731110
513.445251
520.884888
527.961243
535.003540
541.880737
548.273926
554.271851
559.986023
565.570129
570.957092
576.061340
580.781677
585.289429
589.708374
594.002502
597.834290
601.396729
605.051025
608.507141
611.553589
614.473083
617.527832
620.199646
622.581482
624.764099
626.823975
628.408081
629.863220
631.379211
632.775452
633.739380
634.506104
635.268799
635.939575
636.542236
636.887939
636.806458
636.274963
635.774475
635.158325
634.431824
633.774475
632.935425
631.921021
630.983948
629.687744
628.152161
626.300781
624.107788
621.623779
619.161438
616.752747
614.271851
611.597961
608.892090
606.409119
603.852905
600.840515
597.683655
594.541199
591.370911
587.953003
584.297668
580.444214
576.803345
572.931335
568.897278
564.717712
560.590759
556.258423
551.967407
547.615540
543.603149
539.372986
534.951965
530.525757
526.267761
521.791992
516.902405
512.095398
507.360626
502.368866
497.350311
492.604156
487.941620
482.812622
477.647522
472.584564
467.622742
462.823975
457.976715
452.700134
447.395721
442.204803
436.992188
431.697052
426.246063
420.684662
415.436981
410.098480
404.740387
399.571136
394.751740
389.740387
384.462799
379.187256
373.987030
368.463806
362.842560
357.302826
351.737305
346.320374
340.930267
335.425629
329.918915
324.443176
318.741425
313.025208
307.658875
302.110870
296.807465
291.813660
286.922028
281.954010
276.963287
271.651642
266.143890
260.791992
255.561859
250.354431
245.139771
240.085083
235.083008
229.996323
224.905518
220.027283
215.267746
210.234711
205.101593
200.463821
195.875580
191.103653
186.289413
181.698074
176.975693
172.073730
167.269806
162.569077
158.034515
153.347198
148.967438
144.389511
139.964340
135.513351
131.098495
126.403961
121.712532
117.017998
112.613457
108.352364
104.218201
100.222336
96.331726
92.399834
88.385384
84.261551
80.021095
76.032448
72.212013
68.284248
64.480331
60.763096
57.269802
53.662994
49.692921
45.808502
42.106750
38.456593
34.925117
31.453499
27.958143
24.163509
20.349268
16.864231
13.487555
10.014902
6.513354
3.136677
-0.225552
-3.581589
-6.761156
-9.696140
-12.501094
-15.529989
-18.450527
-21.376223
-24.339071
-27.294695
-30.109968
-33.028442
-36.205944
-39.246193
-42.085201
-44.814819
-47.536182
-50.159504
-52.819981
-55.299854
-57.742580
-60.286438
-62.684788
-64.931435
-67.403053
-69.843712
-72.297791
-74.658989
-77.090363
-79.439171
-81.685822
-83.976845
-86.398926
-88.641441
-90.674469
-92.933502
-95.195625
-97.292633
-99.270958
-101.500061
-103.548569
-105.423691
-107.265800
-109.132675
-110.895317
-112.749802
-114.606354
-116.563011
-118.453621
-120.121323
-121.812752
-123.682724
-125.557854
-127.281281
-128.892212
-130.432983
-132.318436
-133.772507
-135.100677
-136.375198
-137.796249
-139.302948
-140.621841
-142.017090
-143.528961
-145.036697
-146.122360
-147.233810
-148.166733
-149.054245
-150.285400
-151.494904
-152.604294
-153.413376
-154.452591
-155.559921
-156.574371
-157.399963
-158.347321
-159.097580
-159.771469
-160.517609
-161.382416
-162.127518
-162.655899
-163.435043
-164.302948
-164.819977
-165.313278
-165.950012
-166.548569
-166.929367
-167.468063
-168.123383
-168.572296
-169.221420
-169.781799
-170.354553
-170.827209
-171.004700
-171.269928
-171.555786
-171.857132
-172.315338
-172.748779
-173.212143
-173.645569
-174.163635
-174.505219
-174.532059
-174.524826
-174.729156
-175.048050
-175.214203
-175.564041
-175.832367
-175.741547
-175.570236
-175.657959
-175.856094
-175.927307
-175.500061
-175.238968
-175.370026
-175.542374
-175.608414
-175.652802
-175.609451
-175.695114
-175.647644
-175.570236
-175.550629
-175.394806
-175.278183
-175.196655
-175.223495
-174.961365
-174.459808
-174.123383
-173.999542
-173.954132
-173.896347
-173.648666
-173.186340
-172.746704
-172.252380
-171.859192
-171.689941
-171.578491
-171.208008
-170.883957
-170.564041
-170.180145
-169.783859
-169.243103
-168.813782
-168.566116
-168.471161
-169.413376
-170.619766
-171.742584
-172.463943
-172.880859
-173.086227
-172.923172
-172.332886
-171.981995
-171.726074
-171.453629
-170.957230
-170.383453
-169.648666
-168.901505
-168.122360
-167.582626
-166.966522
-166.461884
-165.937622
-165.311203
-164.633194
-163.927307
-163.001617
-162.419571
-161.705429
-160.940720
-160.602234
-159.964462
-158.986130
-158.275085
-157.666214
-157.081070
-156.501099
-155.817917
-155.139893
-154.422668
-153.587784
-152.650726
-151.888092
-151.386536
-150.693039
-149.944855
-149.121323
-148.297791
-147.492844
-146.714722
-145.864349
-145.061462
-144.248260
-143.269928
-142.685822
-142.075912
-141.489746
-140.669312
-139.993347
-139.658981
-139.178085
-138.672409
-137.961365
-137.039795
-136.154343
-135.267868
-134.591904
-133.914917
-133.073853
-132.056305
-131.097580
-130.264771
-129.324631
-128.362808
-127.286438
-126.550629
-125.672401
-125.043922
-124.387573
-123.703362
-122.745674
-121.601196
-120.720909
-119.817917
-118.934532
-117.941757
-116.967552
-116.075912
-115.101715
-114.141960
-113.409248
-112.793144
-111.930405
-110.898407
-109.770447
-108.860229
-108.182205
-107.273026
-106.511414
-105.892220
-105.251350
-104.498001
-103.774574
-103.102745
-102.502129
-101.839584
-101.043922
-100.339073
-99.726067
-98.845779
-97.628029
-96.684792
-95.730194
-94.985100
-94.274055
-93.549599
-92.859192
-92.306046
-91.675499
-91.065590
-90.532051
-89.753929
-88.833397
-88.047020
-87.281281
-86.391701
-85.463943
-84.726067
-83.712654
-82.640411
-81.500061
-80.536179
-79.715752
-78.783859
-77.929367
-77.169823
-76.556824
-75.735359
-74.692009
-73.853004
-73.100677
-72.257545
-71.507286
-70.712654
-69.840622
-69.015022
-68.334946
-67.673439
-66.870544
-66.012962
-65.326691
-64.663116
-63.857132
-63.039795
-62.381382
-61.729164
-60.765285
-60.002644
-59.450527
-58.894283
-58.012962
-57.283344
-56.655891
-55.969620
-54.877769
-53.966522
-53.200783
-52.423695
-51.585716
-50.874676
-50.334942
-49.833397
-49.109970
-48.307079
-47.610485
-47.018124
-46.434013
-45.801403
-45.220390
-44.733292
-44.108936
-43.378288
-42.724003
-42.186337
-41.573334
-40.824108
-40.191498
-39.644539
-39.137833
-38.638348
-37.843716
-37.244129
-36.741547
-36.122353
-35.711620
-35.404087
-35.001610
-34.572300
-34.160538
-33.705429
-33.119255
-32.843716
-32.517605
-31.942787
-31.016058
-30.237936
-29.908731
-29.364870
-28.832363
-28.311207
-27.736387
-27.321527
-26.599133
-25.953106
-25.501095
-25.045986
-24.687885
-24.470135
-24.223488
-23.923178
-23.548565
-23.051146
-22.714716
-22.354551
-21.765284
-21.071785
-20.366936
-19.993355
-19.647636
-19.169825
-18.791084
-18.620806
-18.466005
-18.185305
-17.933498
-17.628029
-17.149185
-16.752899
-16.350424
-15.972714
-15.550630
-15.012961
-14.491806
-13.931435
-13.692013
-13.397895
-13.048050
-12.635253
-12.147120
-11.676533
-11.225553
-10.684789
-10.204912
-9.935562
-9.780764
-9.182208
-8.647636
-8.387575
-8.011930
-7.613581
-7.235872
-6.829268
-6.702332
-6.440207
-6.023282
-5.567142
-5.084169
-4.673437
-4.234840
-3.893251
-3.607389
-3.208008
-2.713684
-2.228648
-1.849907
-1.407183
-0.894283
-0.698204
-0.219360
0.131517
0.363715
0.620681
0.902415
1.418411
1.988070
2.314180
2.311084
2.510258
2.769288
3.157317
3.431827
3.814696
4.130485
4.410155
4.632033
4.995294
5.391579
5.656801
5.779608
5.915831
6.214077
6.608297
6.828112
7.083014
7.483426
7.701177
7.934407
8.486522
8.840495
9.120165
9.156285
9.024190
9.166605
9.479299
9.919959
10.324499
10.583529
10.671248
10.736264
10.940598
11.199629
11.424603
11.735232
12.020061
11.992198
11.993230
11.919959
12.094365
12.136677
12.253292
12.453499
12.872487
13.047926
13.044829
13.270836
13.403963
13.307987
13.504066
13.739360
14.027286
14.154221
14.222332
14.490650
14.705304
14.686728
15.017998
15.402931
15.808503
16.112942
16.300764
16.480330
16.609329
16.746584
16.835335
17.239876
17.407059
17.334820
17.351332
17.517483
17.645449
17.979815
18.337915
18.521610
18.732136
19.003550
19.124292
19.029350
19.086109
19.220268
19.194469
19.250196
19.365780
19.543282
19.578369
19.723881
19.887966
20.130486
20.328627
20.338947
20.481361
20.671249
20.767223
20.879711
20.895191
20.923056
20.996326
21.132549
20.883839
20.431828
19.925119
19.205820
18.877647
18.760000
18.669186
18.632032
18.433891
18.382292
18.511290
18.837399
19.079918
19.312115
19.463818
19.431828
19.580433
19.518515
19.648544
19.755873
19.655769
19.631001
19.531929
19.621714
19.773417
19.901382
20.203756
20.427698
20.531929
20.603138
20.844624
21.095398
21.242971
21.296637
21.339979
21.214077
21.201693
21.272900
21.248133
21.460722
21.692921
21.836367
21.970526
22.097462
22.356491
22.482395
22.402931
22.561857
22.674345
22.821920
23.024189
23.052053
22.987038
23.087141
23.278059
23.391579
23.652674
23.681568
23.660929
23.576305
23.580433
23.748648
23.939566
23.874552
23.930279
24.224396
24.467947
24.619650
24.696016
24.602106
24.705305
24.861135
24.903446
24.781672
24.767223
24.709433
24.708401
24.804375
24.841528
24.681568
24.728008
25.111910
25.149061
25.031414
25.015934
25.126356
25.143902
25.183117
25.205820
25.311083
25.398804
25.364748
25.360619
25.230589
25.206852
25.106749
25.037605
24.869390
25.015934
25.084045
25.134613
25.215109
25.266708
25.248133
25.108812
25.087141
25.046894
24.971558
24.793024
24.731104
24.571146
24.314180
24.192404
24.057213
24.028318
24.110878
23.996326
23.886934
23.926151
23.945759
23.899319
23.980846
24.026255
23.861135
23.628937
