0.098879
0.131815
0.191381
0.151437
0.212404
0.259355
0.208900
0.122004
-0.029362
-0.079117
-0.128171
-0.140785
-0.099439
-0.132376
-0.196146
-0.123966
0.018290
0.097477
0.034408
0.117099
0.116398
0.137421
0.013385
-0.083322
0.031605
0.171759
0.169657
0.015487
-0.115557
-0.112754
-0.080519
-0.055291
0.023196
0.013385
-0.094534
-0.166013
-0.119762
-0.058795
0.032306
0.086966
0.033006
-0.041976
-0.060196
0.035809
-0.022355
-0.128171
-0.091030
-0.055992
-0.123966
-0.184233
-0.201051
-0.238893
-0.220673
-0.012544
0.022495
0.004975
-0.041275
-0.023756
-0.106447
-0.830343
-5.739944
-28.897617
-114.306870
-281.217163
-458.687378
-614.509399
-742.795288
-841.365051
-909.147766
-950.407776
-971.577393
-977.111328
-969.870300
-953.159729
-930.526184
-903.423218
-874.076294
-843.615234
-813.196838
-783.255737
-753.964172
-725.226990
-696.888489
-669.445618
-642.880127
-616.955078
-591.498901
-566.582947
-542.346802
-518.656555
-494.778473
-471.182129
-448.290741
-425.435822
-402.765869
-380.440002
-358.706299
-337.774994
-317.248016
-297.149902
-277.614502
-258.270416
-238.980301
-219.995728
-201.273224
-182.924942
-165.052490
-147.269028
-129.878693
-112.737839
-95.828941
-79.603294
-63.800209
-48.379749
-33.332794
-18.477156
-4.201752
9.817169
23.489908
36.827679
49.870426
62.699440
75.065239
87.187180
99.153542
110.649681
121.913177
132.873230
143.470291
153.773727
163.867630
173.873932
183.491318
192.522141
201.226425
209.774429
218.099579
226.006378
233.552979
240.862717
247.984650
254.617447
260.787048
266.793335
272.881653
278.708557
284.324524
289.625854
294.536865
299.194183
303.773010
308.358856
312.702942
316.812958
320.719757
324.641968
328.379883
331.981140
335.466095
338.527740
341.292297
344.015472
346.531952
348.602722
350.525635
352.381287
353.985352
355.193481
356.299286
357.408630
358.429657
359.260071
359.808044
360.211700
360.735168
361.068756
361.378479
361.391113
361.353973
361.171051
360.979736
360.846588
360.619537
360.309814
359.660889
358.744293
357.679810
356.677002
355.499023
354.348358
352.973450
351.408630
349.791931
347.997253
346.389709
344.601318
342.478699
340.434540
338.519348
336.669312
334.660187
332.445770
330.367279
328.257965
326.137421
323.930695
321.836090
319.637756
317.221527
314.625153
312.152130
309.597839
306.766724
303.908966
301.113586
298.269165
295.258667
292.256561
289.408630
286.653900
283.644073
280.330841
277.131104
274.047729
270.990967
268.014099
265.007080
262.091858
259.152832
256.243225
253.199081
250.116394
247.040009
243.911072
240.815063
237.850800
234.653183
231.405823
228.208893
225.289490
222.461182
219.649689
216.560684
213.495514
210.476593
207.147934
203.916672
200.801056
197.691025
194.539658
191.198395
187.866226
184.770920
181.565598
178.360962
175.105881
171.975540
169.153534
166.274078
163.154236
160.023193
156.852905
153.803146
150.923691
147.944016
145.089066
142.297195
139.438049
136.476593
133.459076
130.453476
127.475891
124.616745
121.522148
118.456970
115.601334
112.717659
109.807358
106.777924
103.979050
101.206100
98.345551
95.405113
92.421234
89.356766
86.460480
83.674911
80.979744
78.426140
75.904068
73.529152
71.018288
68.468887
66.173859
63.723965
61.318218
58.913174
56.515839
54.151436
51.955921
49.807358
47.552277
45.356762
43.141624
41.098179
39.035110
36.675613
34.164753
31.754801
29.616047
27.237631
24.711353
22.213104
19.950315
17.754099
15.541766
13.445060
11.395305
9.316818
7.328732
5.524247
3.778626
2.014086
0.089769
-1.655851
-3.312474
-5.087526
-6.800210
-8.668466
-10.408480
-12.102943
-13.670568
-15.168816
-16.800211
-18.224176
-19.594885
-21.123266
-22.710512
-24.276033
-25.738543
-27.190540
-28.628521
-30.211563
-31.798107
-33.424599
-34.917240
-36.267624
-37.671970
-39.008339
-40.217869
-41.289349
-42.496777
-43.737141
-44.944569
-46.086124
-47.163910
-48.490471
-49.694393
-50.634129
-51.800911
-52.890610
-54.016048
-55.135880
-56.372040
-57.550034
-58.568954
-59.612404
-60.515697
-61.483463
-62.598389
-63.489769
-64.182129
-64.846458
-65.585075
-66.453331
-67.294952
-68.116959
-68.830345
-69.733635
-70.575264
-71.402176
-72.107849
-73.109253
-73.852768
-74.487663
-74.961388
-75.483459
-76.191940
-76.956482
-77.537422
-78.044075
-78.627823
-79.098740
-79.716118
-80.380447
-81.019554
-81.378349
-81.594887
-81.886406
-82.201752
-82.603294
-82.942467
-83.437210
-83.835953
-84.318779
-84.796707
-85.115555
-85.416885
-85.824738
-86.093132
-86.473648
-86.873795
-86.875191
-87.039871
-87.389557
-87.735039
-87.834549
-87.832443
-87.917938
-88.117661
-88.337700
-88.519203
-88.789696
-88.830345
-88.707710
-88.738541
-88.800911
-88.805115
-88.980309
-89.341904
-89.476456
-89.737839
-90.010445
-90.342606
-90.687386
-90.924248
-91.019554
-91.119064
-91.144287
-91.242393
-91.283745
-91.264122
-91.235390
-91.272530
-91.245201
-91.277435
-91.074913
-90.828941
-90.746254
-90.516396
-90.322281
-90.161804
-90.072807
-89.939667
-89.709808
-89.520599
-89.218567
-88.897621
-88.679680
-88.543030
-88.374138
-88.317383
-88.322983
-88.229782
-88.156906
-87.977509
-87.653748
-87.493973
-87.329994
-87.208763
-86.923546
-86.531113
-86.084023
-85.730835
-85.457535
-85.100838
-84.885002
-84.669167
-84.462440
-84.108551
-83.885704
-83.671265
-83.428802
-83.264122
-82.999931
-82.642540
-82.364334
-82.010445
-81.844360
-81.536018
-81.310371
-81.074913
-80.679680
-80.470848
-80.311775
-80.049683
-79.587173
-79.248001
-78.932655
-78.518501
-78.064400
-77.726631
-77.517097
-77.228378
-76.959282
-76.788300
-76.516396
-75.975403
-75.516396
-75.228378
-74.805115
-74.294250
-73.873795
-73.671967
-73.294250
-72.882904
-72.467346
-71.978203
-71.662857
-71.259216
-70.950874
-70.634125
-70.269028
-69.920044
-69.435806
-69.157600
-68.873795
-68.486267
-68.054588
-67.655151
-67.266922
-66.842957
-66.614510
-66.357323
-65.869583
-65.187737
-64.862579
-64.583672
-64.285843
-63.931255
-63.524807
-63.082623
-62.743446
-62.458935
-61.941765
-61.454731
-61.075615
-60.701401
-60.266224
-59.868183
-59.540226
-58.988716
-58.577366
-58.213665
-57.823338
-57.393764
-56.942467
-56.596985
-56.368534
-55.962788
-55.578766
-55.350315
-55.315277
-55.321583
-55.441414
-55.346111
-55.241695
-55.149895
-54.845760
-54.564049
-54.242397
-53.903225
-53.469448
-52.986614
-52.683182
-52.212963
-51.667763
-51.212963
-50.807217
-50.354519
-50.035667
-49.655853
-49.150597
-48.717518
-48.280239
-47.859074
-47.479256
-47.023056
-46.518501
-46.160408
-45.705605
-45.193344
-44.918640
-44.651646
-44.358727
-44.013245
-43.575264
-43.154800
-42.678276
-42.269028
-41.749756
-41.264122
-40.692291
-40.116257
-39.613804
-38.971199
-38.509392
-38.217171
-37.840855
-37.445621
-37.039875
-36.685284
-36.309669
-35.840153
-35.400772
-34.871689
-34.541626
-34.307568
-34.037071
-33.554939
-32.931255
-32.385353
-32.126770
-31.684584
-31.411282
-31.067905
-30.771479
-30.339804
-29.923546
-29.548634
-29.273932
-28.901821
-28.476454
-27.872389
-27.420393
-27.189838
-26.813524
-26.457533
-26.070707
-25.746952
-25.359425
-25.134478
-24.885004
-24.561247
-24.152699
-24.333496
-25.589277
-27.518501
-28.489769
-28.319481
-27.983112
-27.510092
-27.101542
-26.866083
-26.598389
-26.255711
-26.009741
-25.628521
-25.347513
-25.014647
-24.861177
-24.588577
-24.408480
-24.007639
-23.631325
-23.256413
-22.995024
-22.671968
-22.449123
-22.138683
-21.764471
-21.510792
-21.236090
-20.865381
-20.538822
-20.215767
-19.932655
-19.742746
-19.619411
-19.632025
-19.436510
-19.217169
-19.046881
-19.067204
-19.558445
-20.595585
-21.824738
-22.953678
-23.837351
-23.653048
-23.395164
-22.898317
-22.307568
-21.648844
-21.115557
-20.714716
-20.315277
-19.928452
-19.440714
-19.095936
-18.955080
-19.139383
-19.338402
-19.380449
-19.291451
-19.128172
-18.896917
-18.330694
-17.655851
-17.124666
-16.477856
-16.003433
-15.458234
-14.867484
-14.211563
-13.607498
-13.031465
-12.484162
-11.901822
-11.395164
-10.947372
-10.271829
-9.561248
-8.967694
-8.403574
-7.868886
-7.240995
-6.657253
-6.135179
-5.643238
-5.131675
-4.758164
-4.310371
-3.854870
-3.388858
-2.843658
-2.250105
-1.744149
-1.249404
-0.756762
-0.255711
0.223616
0.733777
1.203994
1.614646
1.929292
2.442256
2.782831
3.029502
3.264961
3.612544
4.040014
4.367274
4.737982
5.083462
5.323826
5.459776
5.644779
5.974843
6.360967
6.682621
7.014786
7.342747
7.617449
7.814366
7.859215
8.134618
8.497618
8.681219
8.832586
9.195585
9.481500
9.720463
9.813665
9.940505
10.107988
10.111493
10.063140
10.120603
10.295795
10.551577
10.742187
11.098178
11.335739
11.527751
11.764611
12.089068
12.403714
12.698739
12.913175
13.084163
13.348353
13.483602
13.527751
13.745690
13.927891
14.149334
14.229923
14.332235
14.527050
14.536860
14.538262
14.673511
14.859916
14.932796
15.042817
15.248844
15.433847
15.481500
15.534058
15.571198
15.646181
15.601332
15.600631
15.620253
15.685424
15.688227
15.913175
16.093273
16.021793
15.951016
16.022495
16.187876
16.325228
16.234829
16.166153
16.314016
16.388998
16.428942
16.368675
16.393904
16.339945
16.271269
16.217310
16.230623
16.241135
16.276175
16.268465
16.238333
16.194885
16.218010
16.330133
16.272671
16.105186
16.033007
15.843799
15.791241
15.620253
15.706447
15.774422
15.775824
15.855711
15.798949
15.774422
15.716959
15.751997
15.602733
15.482902
15.501822
15.569096
15.672110
15.709250
15.841696
15.817869
15.571899
15.631465
15.735179
15.606937
15.456973
15.358164
15.424737
15.552979
15.576104
15.545971
15.464682
15.499019
15.485704
15.349754
15.327330
15.173161
15.193482
15.187877
15.164050
14.979748
14.737281
14.543868
14.461878
14.363770
14.347652
14.265662
14.211002
14.299299
14.419832
14.421934
14.401611
14.353258
14.330133
14.192782
14.020392
13.929993
13.948914
13.968535
14.036510
14.062439
14.154240
13.994464
13.850806
13.789839
13.656693
13.527050
13.442957
13.373581
13.410722
13.260756
13.191381
13.258655
13.362369
13.339243
13.250245
13.125508
13.140224
12.705046
12.224317
11.871829
11.646181
11.618150
11.424737
11.217309
11.111493
11.030904
11.037911
11.141625
11.145830
11.001472
11.020392
11.001472
10.969937
10.993062
11.078556
11.176664
11.265662
11.316818
11.211703
11.225718
11.212403
11.122005
11.056131
10.839594
10.653189
10.482201
10.152838
9.937000
9.784933
9.929993
9.945410
10.036510
10.046321
9.860617
9.769517
9.836790
9.801752
9.627260
9.641275
9.774422
9.962229
9.898458
9.814365
9.790540
9.836790
10.053329
10.042116
10.082060
10.098879
10.120603
10.160546
10.065943
9.883041
9.407919
8.805256
8.024597
7.557183
7.473791
7.431745
7.425438
7.396707
7.416328
7.401612
7.293693
7.288788
7.211703
7.133216
7.087667
7.201191
7.356762
7.627961
7.825578
7.702943
7.707849
7.709250
7.755501
7.761107
7.761808
7.761107
7.931395
8.071548
8.116398
8.157743
8.232726
8.302102
8.523546
8.503924
8.426840
8.490610
8.534759
8.588717
8.723967
8.854310
8.899859
8.967134
8.901962
8.831184
8.799649
8.677014
8.574001
