0.082435
0.011663
-0.130941
-0.175527
-0.036815
0.005648
0.021571
-0.107233
-0.115725
-0.077155
0.006709
0.062619
-0.006030
-0.128818
-0.088478
0.045633
0.117113
0.055895
-0.072201
-0.164204
-0.134834
0.002463
0.081373
0.029356
0.113220
0.092343
0.013786
-0.052739
-0.149342
-0.156065
-0.113956
-0.047077
0.090219
0.066865
0.095527
0.166299
0.227870
0.181515
0.155329
0.098004
0.095881
0.078542
-0.049200
-0.101217
-0.127049
-0.074678
-0.054154
-0.029030
0.048464
0.146129
0.126667
0.191776
0.279179
0.135513
0.060142
0.029710
-0.027615
-0.017353
-0.013107
-0.016645
-1.394211
-15.547431
-102.695343
-337.888916
-627.822021
-888.389282
-1088.613647
-1224.227905
-1305.637329
-1352.402710
-1377.927124
-1387.704224
-1386.633423
-1378.447998
-1365.823486
-1350.554199
-1333.265381
-1314.576782
-1295.195312
-1275.491577
-1254.922852
-1233.367310
-1210.776367
-1187.336914
-1163.946899
-1140.389648
-1115.686157
-1090.321655
-1064.587036
-1038.691040
-1012.445190
-985.766479
-958.976990
-932.605103
-906.094482
-879.018433
-852.155029
-825.616760
-799.022644
-772.572937
-746.052734
-719.512390
-693.356323
-667.350342
-641.197083
-615.174805
-589.490479
-563.766113
-538.109009
-512.802551
-487.882538
-463.320251
-438.772125
-414.227539
-389.785583
-365.593445
-341.513458
-317.609009
-293.886078
-270.489746
-247.422165
-224.611832
-201.941986
-179.568314
-157.448700
-135.600861
-114.075737
-92.823441
-71.960030
-51.393856
-31.037169
-10.840778
8.979108
28.726101
48.260071
67.380379
86.103668
104.497864
122.514496
140.137634
157.541748
174.646484
191.497162
208.157104
224.519455
240.515549
256.125244
271.394897
286.327301
301.025818
315.437714
329.612152
343.325897
356.536774
369.396301
382.001404
394.186829
406.147888
417.837219
429.336853
440.509888
451.241669
461.627380
471.676208
481.350311
490.911163
500.263977
509.702026
519.186096
528.211243
536.858093
545.031494
552.924988
560.526184
567.780945
574.700256
581.261108
587.564758
593.373657
598.938782
604.339661
609.446899
614.184021
618.483704
622.799683
626.862366
630.625244
634.333679
637.813843
640.930298
643.881775
646.754761
649.389587
651.405884
653.239197
654.903381
656.351746
657.764343
659.075684
660.234619
661.196350
662.077454
662.527954
662.731750
662.641907
662.385315
662.190735
661.867310
661.233154
660.331177
659.335449
658.242004
657.039612
655.652161
654.198486
652.579956
650.933472
649.130188
647.287292
645.034302
642.606140
640.084229
637.292969
634.483337
631.682556
628.721863
625.470276
622.108276
618.814575
615.506714
612.085266
608.521240
604.867615
601.165955
597.465332
593.581360
589.505676
585.455750
581.392090
577.173706
572.851013
568.433105
564.058044
559.689270
555.197449
550.587402
545.906921
541.300049
536.661011
532.039978
527.192139
522.233521
517.127014
511.861267
506.414368
500.889923
495.303253
489.696716
484.031128
478.666290
473.370819
467.939117
462.652130
457.334747
452.108276
446.844299
441.552002
436.069336
430.544220
425.182587
419.812439
414.342529
408.973785
403.788391
398.504578
393.164520
387.630920
382.052704
376.659210
371.246613
365.827667
360.419647
354.944794
349.387451
344.070770
338.689667
333.000702
327.445831
322.139038
316.652496
310.980865
305.438049
299.993622
294.290497
288.597656
282.963898
277.416473
271.915405
266.611450
261.444061
256.150360
250.917191
245.706635
240.570404
235.383560
229.876495
224.509186
219.252289
214.004593
208.850662
203.773865
198.890991
193.897018
188.868347
183.968842
179.121719
174.194260
169.398788
164.780945
160.063324
155.345352
150.598358
145.974869
141.328018
136.645065
132.042450
127.584915
123.066864
118.509186
113.950447
109.684700
105.353134
100.964951
96.609329
92.477692
88.320580
84.137634
80.126663
76.162407
72.106140
68.047760
63.975925
60.165943
56.329071
52.560497
48.848888
45.211594
41.517326
37.826595
34.305717
30.732117
27.123129
23.381443
19.543863
15.796518
12.188592
8.795811
5.433107
2.036433
-1.295131
-4.617141
-7.915442
-11.185789
-14.412611
-17.560877
-20.805393
-23.928181
-26.841133
-29.837240
-32.979137
-35.969227
-38.937382
-41.806099
-44.603695
-47.296547
-50.081757
-52.856350
-55.567955
-58.236038
-60.908012
-63.578217
-66.135895
-68.713387
-71.209145
-73.692513
-76.152878
-78.552742
-81.025848
-83.443748
-85.896690
-88.313889
-90.617851
-92.853516
-95.113602
-97.410492
-99.674110
-101.962151
-104.154297
-106.251610
-108.161728
-110.168800
-112.193932
-114.406593
-116.524429
-118.523720
-120.408363
-122.250191
-124.026909
-125.835823
-127.692513
-129.493652
-131.249481
-132.825211
-134.515579
-136.106171
-137.694275
-139.318832
-140.889618
-142.386429
-143.723648
-145.102982
-146.433838
-147.739929
-149.149689
-150.441986
-151.765762
-152.873688
-154.091660
-155.366257
-156.633072
-157.801498
-158.722229
-159.701004
-160.690750
-161.755493
-162.812119
-163.737091
-164.777084
-165.739227
-166.620682
-167.358124
-168.271072
-169.215164
-169.980911
-170.737457
-171.567947
-172.279556
-172.840775
-173.543533
-174.388901
-175.169159
-175.776382
-176.360596
-176.947647
-177.619614
-178.191452
-178.658539
-179.119614
-179.415085
-179.774963
-180.100159
-180.493652
-180.872269
-181.300079
-181.701706
-182.044601
-182.376877
-182.751953
-182.996475
-183.200653
-183.404480
-183.515228
-183.666321
-183.863419
-183.939148
-184.232498
-184.645798
-184.913666
-185.070786
-185.243118
-185.466751
-185.643326
-185.647934
-185.509918
-185.454727
-185.370499
-185.370499
-185.344666
-185.179413
-184.913666
-184.822739
-184.621384
-184.465332
-184.474533
-184.353165
-183.986923
-183.727188
-183.555923
-183.231430
-182.941635
-182.744522
-182.639084
-182.460022
-181.997543
-181.666687
-181.356705
-181.040710
-180.739929
-180.490814
-180.290176
-180.071136
-179.632706
-179.177643
-178.740631
-178.205246
-177.759033
-177.488693
-177.019470
-176.495056
-175.997543
-175.503204
-175.146164
-174.802917
-174.358475
-173.873688
-173.244522
-172.578217
-171.956848
-171.446579
-170.961441
-170.449066
-169.793365
-169.187561
-168.716217
-168.160660
-167.565826
-166.889252
-166.344315
-165.779556
-165.118912
-164.466751
-163.754791
-163.074326
-162.526550
-161.870148
-161.205963
-160.546021
-159.842545
-159.189682
-158.416504
-157.782043
-157.286636
-156.799377
-156.312820
-155.792648
-155.214798
-154.526550
-153.706314
-152.945160
-152.384659
-151.935608
-151.491882
-151.092377
-150.793716
-150.268585
-149.556274
-148.949768
-148.297607
-147.662796
-146.857056
-146.114670
-145.375458
-144.505325
-143.627045
-142.722595
-141.774963
-140.989746
-140.392090
-139.579987
-138.650406
-137.795837
-136.950119
-136.056992
-135.221527
-134.270355
-133.446579
-132.593781
-131.737808
-130.880417
-130.155716
-129.443390
-128.564423
-127.766113
-127.134125
-126.471703
-125.576447
-124.627052
-123.721176
-122.912254
-122.110062
-121.340073
-120.560875
-119.702065
-118.843964
-117.980202
-117.099449
-116.188972
-115.228249
-114.313179
-113.480904
-112.599091
-111.847145
-110.979492
-110.113251
-109.090248
-108.152176
-107.107590
-106.173401
-105.305038
-104.490463
-103.821671
-103.126694
-102.455070
-101.655357
-100.819901
-100.046722
-99.314240
-98.547783
-97.711624
-96.943748
-96.008858
-95.087418
-94.248421
-93.451538
-92.649696
-91.859535
-91.002136
-90.048141
-89.029381
-88.131294
-87.441978
-86.581047
-85.647575
-84.832283
-84.224358
-83.679420
-82.980553
-82.160309
-81.446938
-80.616081
-79.841133
-79.035400
-78.212326
-77.486214
-76.656418
-75.709496
-74.938797
-74.344315
-73.612892
-72.868378
-72.146866
-71.487633
-70.779915
-70.023720
-69.284164
-68.516998
-67.716576
-66.958611
-66.263992
-65.487984
-64.751961
-64.121384
-63.560169
-62.878643
-62.199589
-61.473827
-60.590603
-59.670219
-59.006382
-58.370148
-57.850334
-57.375458
-56.916149
-56.311764
-55.544247
-54.816010
-54.240990
-53.632004
-52.909782
-52.346085
-51.663498
-51.014523
-50.335823
-49.579987
-48.875809
-48.216576
-47.644386
-47.096619
-46.434906
-45.720112
-45.185081
-44.523369
-43.831932
-43.204189
-42.601925
-41.939503
-41.233208
-40.625988
-40.113602
-39.747360
-39.425705
-39.018414
-38.525845
-38.106525
-37.615017
-36.922874
-36.287701
-35.702774
-35.095554
-34.496475
-33.990814
-33.536461
-33.254436
-33.042122
-32.620327
-32.002136
-31.487629
-31.085293
-30.638725
-30.085648
-29.486214
-28.860241
-28.140495
-27.434196
-26.837240
-26.321671
-25.809994
-25.432781
-25.027615
-24.430304
-23.940920
-23.527969
-23.025492
-22.538939
-22.093431
-21.486568
-20.822378
-20.202774
-19.692158
-19.241699
-18.703129
-18.192513
-17.730021
-17.254791
-16.630941
-16.001783
-15.470998
-14.987629
-14.558046
-14.257976
-13.889256
-13.413320
-12.965690
-12.505322
-12.060524
-11.547431
-11.087770
-10.517353
-10.073970
-9.830517
-9.487275
-9.015584
-8.622803
-8.223652
-7.693220
-7.179420
-6.802916
-6.461090
-6.116787
-5.750545
-5.377226
-5.062647
-4.626341
-4.086709
-3.681897
-3.394565
-3.311054
-3.564062
-3.838655
-4.010630
-4.058047
-3.899165
-3.770361
-3.429597
-3.101925
-2.656773
-2.339363
-1.998599
-1.740283
-1.320963
-0.972413
-0.635541
-0.278854
0.148606
0.604728
0.985124
1.246624
1.440538
1.743439
2.159575
2.587035
2.967785
3.544926
4.015555
4.375428
4.661345
4.960708
5.333673
5.615343
5.943015
6.410106
6.812088
7.036433
7.295810
7.690007
7.941246
8.163467
8.517678
8.841812
9.114282
9.436999
9.755116
9.908337
10.064388
9.680099
8.749455
8.144006
8.510247
8.857382
9.116758
9.362335
9.638698
10.101542
10.463184
10.634098
10.749455
10.997863
11.325180
11.568988
11.849243
12.148960
12.469554
12.582435
12.764318
12.909752
13.054480
13.262547
13.474154
13.598358
13.636221
13.784133
13.994324
14.242732
14.380029
14.521571
14.736716
15.026879
15.237424
15.382859
15.464247
15.606143
15.771040
15.880736
16.131975
16.226101
16.204161
16.215485
16.339334
16.530771
16.810318
17.004585
17.124544
17.179392
17.167006
17.202393
17.311380
17.413998
17.604019
17.841812
17.982292
18.053064
18.146482
18.312088
18.368351
18.436998
18.476986
18.638699
18.731762
18.772455
18.828011
18.940538
19.100128
19.226454
19.302887
19.358089
19.572172
19.779179
19.879675
20.227516
20.515202
20.739548
20.972031
21.238840
21.400906
21.491140
21.543510
21.712654
21.927799
22.143297
22.258301
22.412582
22.489016
22.329073
22.193899
22.172314
22.229994
22.277411
22.297226
22.268209
22.456816
22.602604
22.765732
22.855612
23.010956
23.152498
23.171961
23.309965
23.428860
23.697084
23.935230
24.045633
24.210884
24.393829
24.628082
24.893122
25.151083
25.282364
25.210531
25.251577
25.499279
25.740963
25.710531
25.721146
25.739901
25.669130
25.635159
25.755117
25.856319
25.905506
25.974508
26.116758
26.203100
26.263964
26.439476
26.652143
26.731054
26.840397
27.020510
27.232824
27.426737
27.532187
27.673376
27.935938
28.084558
28.071819
27.992556
28.075357
28.165590
28.236008
28.304657
28.416830
28.535372
28.701685
28.837212
28.921783
28.958939
28.998569
28.995386
29.023695
29.075357
29.044218
29.058372
28.990786
29.025818
29.010601
29.060141
29.073942
29.139051
29.270332
29.242731
29.238132
29.308195
29.308550
29.271395
29.251577
29.326595
29.326595
29.272102
29.314919
29.401968
29.442661
29.459646
29.518387
29.554480
29.601896
29.674084
29.576773
29.638344
29.612513
29.453630
29.344997
29.277411
29.152853
29.143297
