-0.108940
-0.102493
-0.031576
0.071576
0.073009
0.029312
-0.043037
-0.117536
-0.219971
-0.142607
-0.078138
-0.085301
0.045788
0.113123
0.176160
0.287908
0.358109
0.295788
0.249226
0.243496
0.244212
0.234900
0.168281
0.007822
-0.048052
-0.035874
-0.096046
-0.171977
-0.187736
-0.201347
-0.229284
-0.256504
-0.132579
-0.006504
-0.051633
-0.028711
-0.025845
-0.127564
-0.260802
-0.048768
-0.022264
-0.124699
-0.045903
-0.003639
0.103811
0.131748
0.014986
-0.023696
0.027163
0.182607
0.151089
0.131748
0.116705
0.045788
0.075874
0.025014
0.016418
0.025014
-0.109656
-1.176991
-7.383295
-31.117537
-106.842461
-251.771545
-401.848206
-538.155518
-656.068848
-750.088196
-817.988586
-863.252930
-889.797363
-900.280884
-898.429871
-887.877563
-869.166992
-845.634705
-819.641174
-792.202087
-764.081726
-735.949219
-708.449219
-681.788757
-655.744324
-630.646179
-606.208496
-582.596069
-559.914795
-537.622559
-515.823120
-494.913391
-474.718536
-454.262939
-434.186310
-414.538025
-395.149780
-376.050201
-357.165527
-338.641876
-320.313812
-302.020111
-283.841034
-265.829559
-247.857513
-230.062378
-212.339600
-194.849625
-178.073120
-161.425552
-144.948486
-129.070251
-113.631859
-98.564529
-83.868965
-69.635445
-55.516533
-41.597477
-28.055931
-14.722836
-1.663381
11.145358
23.622435
35.685474
47.520718
58.900372
70.105957
81.141777
91.858826
102.385330
112.668282
122.414696
131.679749
140.562271
149.489197
158.192642
166.504959
174.388916
182.216995
189.912552
197.271439
204.396072
211.555817
218.686188
225.507828
232.204102
238.576584
244.791489
250.704102
256.401794
261.990631
267.336609
272.362396
276.888184
281.337341
285.658966
290.052948
294.161835
298.027893
301.574432
304.865265
307.912537
310.848083
313.602386
316.216278
318.732025
321.098785
323.263550
325.275726
327.021423
328.840912
330.600952
332.006378
333.156830
334.032898
334.894653
335.424713
335.809387
336.186188
336.475586
336.847351
337.032166
337.190491
337.061554
336.966980
336.922577
336.865265
336.590210
336.376007
336.128174
335.633911
334.728455
333.405396
332.289337
331.319427
330.342346
329.022156
327.730591
326.592346
325.443359
323.919708
322.277893
320.815857
319.205536
317.456238
315.738495
314.191925
312.477722
310.343781
308.441925
306.522858
304.685486
302.739929
300.848083
298.843781
296.684052
294.224152
291.777161
289.267853
286.757111
284.286469
281.652527
278.954102
276.331604
273.682617
271.121002
268.526459
266.039337
263.709839
261.275726
258.669006
256.074432
253.424728
250.727020
247.915421
244.946930
242.148941
239.133179
235.729889
232.385330
229.008545
225.871002
222.777878
219.785049
217.013550
214.081604
210.836624
207.699799
204.605957
201.625305
198.675446
195.755676
193.255676
190.649658
187.575867
184.589478
181.903961
179.204819
176.274292
173.196930
170.422577
167.728455
164.837341
161.957672
159.093063
156.283615
153.386047
150.588058
147.833755
145.172577
142.382462
139.823730
137.272873
134.597366
131.837341
128.968430
126.195503
123.686905
121.191917
118.479889
115.379601
112.086617
108.917564
105.943352
103.078743
100.158249
97.550804
94.997078
92.431892
89.827309
87.410400
85.055817
82.850945
80.512840
78.085190
75.583755
73.306534
71.074440
68.893211
66.610977
64.304382
62.061546
59.862408
57.523582
55.310829
53.085903
50.741348
48.595932
46.647507
44.716991
42.550087
40.489914
38.556534
36.531460
34.367420
31.860973
29.347364
26.934040
24.358109
21.909685
19.602379
17.514269
15.358826
13.437622
11.593782
9.569427
7.480602
5.683324
4.075158
2.502092
0.895358
-0.563095
-2.136877
-3.740029
-5.421261
-7.038023
-8.429856
-9.712091
-11.207793
-12.790172
-14.314528
-15.949914
-17.423410
-18.957794
-20.406935
-21.894756
-23.128998
-24.332436
-25.603926
-26.642607
-27.857508
-29.099628
-30.177708
-31.189886
-32.358940
-33.526562
-34.607506
-35.911232
-37.116104
-38.175560
-39.244328
-40.469971
-41.681290
-42.684872
-43.829571
-44.952778
-45.875416
-46.646904
-47.480000
-48.356792
-49.281574
-50.215672
-51.396191
-52.336018
-53.208511
-54.063095
-54.995758
-55.747192
-56.477135
-57.323841
-58.133297
-58.987164
-59.772980
-60.543755
-61.227852
-61.972836
-62.766533
-63.509369
-64.121117
-64.926277
-65.684158
-66.328140
-67.089600
-67.977852
-68.838882
-69.386879
-70.027992
-70.708511
-71.409798
-72.182007
-72.950630
-73.540169
-74.119682
-74.488594
-74.904785
-75.314529
-75.784439
-76.129715
-76.431290
-76.836014
-77.190605
-77.468536
-77.807365
-78.455643
-79.275131
-80.043037
-80.722839
-81.257935
-81.723557
-82.137596
-82.531578
-82.693466
-82.791603
-83.297333
-83.706360
-83.828857
-84.086014
-84.271545
-84.432724
-84.611809
-84.806648
-84.997192
-84.977135
-84.996475
-85.060944
-84.964241
-85.111092
-85.255074
-85.336014
-85.244324
-85.316673
-85.444183
-85.426994
-85.346764
-85.497192
-85.554497
-85.411232
-85.279427
-85.257935
-85.196335
-85.190605
-85.146187
-85.131859
-84.944183
-84.650490
-84.581001
-84.567390
-84.310944
-84.252205
-84.341751
-84.293037
-84.030861
-83.933441
-83.766533
-83.636879
-83.492180
-83.351776
-83.126129
-83.098907
-83.003639
-82.802353
-82.883293
-82.911949
-82.710655
-82.563812
-82.555931
-82.321693
-82.215675
-82.149055
-82.220688
-82.081718
-81.755074
-81.425560
-81.239311
-81.075989
-80.813812
-80.627563
-80.405502
-80.104645
-79.966393
-79.843178
-79.491463
-79.037308
-78.702065
-78.499344
-78.375412
-78.093178
-77.817390
-77.533012
-77.232864
-76.813095
-76.500771
-76.057365
-75.954926
-75.912666
-75.819542
-75.660515
-75.386162
-75.010086
-74.669113
-74.419113
-74.088165
-73.737877
-73.208511
-72.818108
-72.567390
-72.439171
-72.270828
-71.890457
-71.468536
-71.238594
-71.040169
-70.932007
-70.868256
-70.862518
-70.690605
-70.400490
-70.288025
-70.318108
-70.056648
-69.709946
-69.340317
-69.141174
-68.961372
-68.717819
-68.497192
-68.323837
-68.069542
-67.941315
-67.714241
-67.417679
-66.861809
-66.424126
-66.063812
-65.811661
-65.407654
-65.043755
-64.811661
-64.637596
-64.091034
-63.461376
-63.137592
-62.659084
-62.254356
-61.702778
-61.174126
-60.772263
-60.307365
-59.788738
-59.431290
-59.214958
-58.889744
-58.426991
-57.977852
-57.660515
-57.169113
-56.599628
-56.127563
-55.896191
-55.765816
-55.505787
-55.031574
-54.575272
-54.045185
-53.608223
-53.404785
-53.151920
-52.625416
-52.030861
-51.593895
-51.139027
-50.548767
-50.059513
-49.621117
-49.328854
-49.205647
-48.966389
-48.505787
-47.930573
-47.457794
-47.250774
-47.110371
-46.608223
-46.160515
-45.761520
-45.593182
-45.391174
-44.988598
-44.336735
-43.974270
-43.642609
-43.293755
-43.006504
-42.681290
-42.211376
-41.880428
-41.472122
-41.105358
-40.746475
-40.436302
-39.975700
-39.452065
-39.101059
-38.662666
-38.399773
-38.156219
-37.908367
-37.557365
-37.111088
-36.944183
-36.804497
-36.467823
-36.100346
-35.618969
-35.194901
-34.699913
-34.141891
-33.904068
-33.690601
-33.504356
-33.080288
-32.616104
-32.345329
-32.196331
-32.001492
-31.748625
-31.426991
-31.063810
-30.802349
-30.490746
-30.126848
-29.801634
-29.439169
-29.241461
-28.866102
-28.436304
-28.092464
-27.798767
-27.464956
-27.331718
-27.327421
-27.086733
-26.768682
-26.520115
-26.449915
-26.485731
-26.522980
-26.345329
-26.242893
-25.861805
-25.591747
-25.417679
-25.174126
-24.843897
-24.595329
-24.231432
-24.016533
-23.796619
-23.331003
-23.094614
-22.886160
-22.628998
-22.295902
-22.064528
-21.919111
-21.687737
-21.281576
-21.039455
-20.896906
-20.755072
-20.673410
-20.560228
-20.199198
-19.874699
-19.782291
-19.699198
-19.443466
-19.164814
-19.005789
-18.740028
-18.391891
-18.139027
-17.942751
-17.577421
-17.169828
-16.795902
-16.444183
-16.159800
-15.932722
-15.692751
-15.503639
-15.149055
-14.805215
-14.707793
-14.437737
-14.070974
-13.757937
-13.316676
-12.914098
-12.698482
-12.555215
-12.158367
-11.891174
-11.665530
-11.529427
-11.383295
-11.069542
-10.656218
-10.202063
-10.015100
-9.957793
-9.634727
-9.240028
-9.029427
-8.719972
-8.442035
-8.250773
-8.136161
-8.089599
-7.873983
-7.648338
-7.527278
-7.409800
-7.161948
-6.753639
-6.421977
-6.387593
-6.369685
-6.469255
-6.628281
-6.788739
-6.757221
-6.795186
-6.863954
-6.876132
-6.745043
-6.631146
-6.583868
-6.384728
-5.974986
-5.680573
-5.424126
-5.134728
-4.920545
-4.841032
-4.501490
-4.087450
-3.921977
-3.717822
-3.536590
-3.252206
-3.040888
-2.944183
-2.732865
-2.472120
-2.192034
-2.025845
-1.823840
-1.592464
-1.358223
-1.120401
-0.883295
-0.589599
-0.305931
0.017135
0.297937
0.373868
0.480602
0.618854
0.896791
1.262120
1.483467
1.571576
1.770000
1.816562
1.956963
1.850946
1.684756
1.753524
1.681891
1.497077
1.228453
0.974871
0.883897
0.950516
0.891060
0.883897
0.918997
0.985616
1.000659
1.032894
1.141060
1.163266
1.292206
1.271433
1.439054
1.597364
1.715559
2.035759
2.061547
1.939054
2.045072
2.340201
2.512837
2.734183
3.079456
3.256390
3.596648
3.837335
3.893209
3.989198
4.348796
4.604527
4.920430
5.161118
5.380315
5.471290
5.490630
5.743495
5.878166
6.028596
6.230602
6.431175
6.517135
6.571576
6.770716
7.055817
7.265702
7.305817
7.484183
7.641060
7.901089
7.951949
8.153238
8.300086
8.311547
8.123152
8.366705
8.797220
8.945501
9.037909
9.157536
9.224154
9.103094
9.170430
9.591633
9.883181
9.949083
10.054384
10.163982
10.272149
10.316562
10.452664
10.475588
10.435472
10.445501
10.626018
10.689771
10.678309
10.701232
10.761404
10.735616
10.665416
10.721290
10.848797
10.795788
11.022865
11.084470
11.279312
11.307249
11.285759
11.259255
11.218424
11.332321
11.468424
11.469140
11.297937
11.237049
11.183324
11.256390
11.450516
11.516418
11.499227
11.582321
11.613839
11.606676
11.502808
11.449083
11.558681
11.581605
11.550802
11.600945
11.652521
11.693353
11.667564
11.669713
11.688338
11.716991
11.716275
11.715559
11.671863
11.686906
11.706963
11.650373
11.657536
11.717708
11.729169
11.563696
11.403955
11.351662
11.203382
10.954814
10.784327
10.575874
10.429026
10.411834
10.473438
10.431175
10.434756
10.465559
10.487049
10.643209
10.711261
10.727020
10.703382
10.585902
10.635329
10.770717
10.895358
11.031462
11.262120
11.332321
11.365273
11.242780
11.186189
11.125300
11.022149
11.041490
11.057965
11.136763
10.993496
11.124584
11.302951
11.451232
11.547937
11.484900
11.296504
11.214126
11.153955
11.196934
11.233467
11.335902
11.319427
11.267851
11.176877
11.264269
11.329455
11.435472
11.478453
11.581605
11.772865
11.737049
11.602378
11.624584
11.642493
11.574441
11.658969
11.733467
11.729169
11.722006
11.646791
11.644642
11.735616
11.594499
11.521433
11.565129
11.603811
11.481318
11.532178
11.598797
11.649656
11.524298
11.422579
11.254957
11.075874
11.147507
11.156819
10.983467
10.997077
10.989914
10.975588
10.999943
11.001375
10.954814
10.945501
11.027880
11.062263
11.060831
10.993496
10.807249
10.775014
10.759255
10.866705
10.834470
10.994212
10.915416
10.809399
10.761404
10.752091
10.663982
10.611691
10.530028
10.652521
10.692636
10.803668
10.896791
