0.096033
0.030422
-0.022368
-0.106078
-0.190543
-0.160377
-0.179231
-0.195822
-0.226742
-0.224480
0.022127
0.136757
0.134495
0.160136
0.201614
0.043997
-0.058567
-0.133228
-0.066863
-0.082700
-0.019351
-0.041976
0.138265
0.061342
0.040980
0.139774
0.214434
0.035701
0.028160
-0.101554
-0.023876
0.132986
0.147315
0.133741
0.191810
0.125445
0.159382
0.123937
0.073409
0.077934
0.120920
0.161644
0.090754
-0.051026
-0.270483
-0.320256
-0.171689
-0.103816
-0.111357
-0.161131
0.082459
0.112624
0.154103
0.086229
0.045505
-0.029910
0.170694
0.198597
0.081704
-1.090241
-8.510302
-33.181492
-99.615128
-218.882858
-336.988434
-446.082703
-541.198853
-614.131714
-665.723755
-700.396423
-719.198853
-723.998962
-718.929626
-706.665649
-686.897949
-662.799133
-637.056274
-610.421326
-583.937134
-557.828552
-532.698059
-508.668671
-485.848175
-464.674713
-444.504272
-424.839111
-406.753906
-389.375305
-372.187531
-355.757660
-339.757660
-323.934875
-308.328552
-292.896423
-277.741821
-262.953735
-248.648315
-234.523117
-220.523117
-206.670929
-192.886627
-179.452988
-165.925842
-152.539719
-139.514832
-126.646805
-113.975609
-101.566864
-89.347404
-77.315735
-65.581192
-54.354946
-43.267467
-32.109848
-21.089487
-10.744842
-0.625686
9.337360
18.953499
28.448219
37.783062
46.786079
55.497238
64.087738
72.375069
80.356216
87.974617
95.384117
102.597542
109.580948
116.449730
123.103577
129.679749
136.274765
142.668427
148.916550
154.939163
160.792114
166.307190
171.533432
176.660141
181.633743
186.424088
191.045502
195.388641
199.599808
203.659378
207.598297
211.593018
215.266464
218.467834
221.463303
224.432388
227.237061
229.842636
232.095276
234.405991
236.562103
238.609604
240.737061
242.708405
244.450485
246.109604
247.736298
249.157867
250.419556
251.678238
252.832840
253.666168
254.390900
255.043991
255.524384
255.945953
256.517609
256.929352
257.141296
257.306427
257.593781
257.750641
257.544006
257.205383
257.074921
256.788330
256.317749
255.897690
255.447464
254.830566
254.166168
253.404480
252.896179
252.090759
251.071152
250.156372
249.136002
248.063599
246.832077
245.326050
244.089249
242.695587
241.346405
240.028915
238.581711
237.279297
235.991959
234.226501
232.614883
231.218201
229.758926
228.054550
226.324539
224.576431
222.728012
220.611877
218.801163
217.060593
215.203125
213.315491
211.698593
209.899200
207.878845
205.694824
203.579437
201.559830
199.436905
197.073410
194.957275
192.740829
190.479141
188.344147
186.264206
183.895432
181.360733
179.200867
177.028152
174.928619
172.721970
170.221970
168.187286
166.089996
163.974609
161.803421
159.692566
157.545502
155.466324
153.342636
151.226501
149.062103
146.762695
144.626953
142.553802
140.336609
137.877335
135.510818
133.317749
131.145050
128.808701
126.543999
124.263451
122.050034
119.810211
117.511566
115.284569
113.132233
111.074921
108.976120
106.876579
104.721977
102.661644
100.696335
98.662399
96.604332
94.566620
92.523636
90.418808
88.534195
86.645050
84.725746
82.815491
81.007042
79.355461
77.409004
75.501762
73.537964
71.547012
69.353195
67.077934
64.918053
62.791359
60.860741
58.863754
57.055309
55.139019
53.144299
51.352444
49.497238
47.830574
46.239323
44.528915
42.766472
41.120167
39.521374
37.918053
36.270241
34.675220
33.117905
31.497240
29.917299
28.286077
26.657873
25.163153
23.583967
22.239321
20.822277
19.469336
17.953499
16.380346
14.663906
13.197844
11.824540
10.393922
8.988190
7.704630
6.353198
4.967828
3.599050
2.335098
1.085475
-0.164148
-1.494465
-2.846652
-4.158114
-5.656606
-7.157361
-8.373801
-9.689789
-11.033680
-12.354193
-13.589487
-14.985415
-16.344389
-17.822519
-19.133228
-20.363243
-21.670935
-23.030664
-24.229004
-25.292353
-26.428099
-27.340618
-28.085716
-28.937149
-29.928854
-30.885868
-31.839865
-32.568371
-33.240318
-34.023121
-34.824780
-35.521614
-36.213169
-37.065353
-37.829308
-38.348160
-39.020107
-39.814976
-40.447708
-41.193558
-41.922066
-42.712414
-43.480888
-44.271992
-44.924328
-45.407738
-45.968071
-46.487679
-47.100800
-47.768974
-48.261433
-48.449970
-48.826290
-49.326290
-49.643787
-50.023121
-50.565353
-50.983150
-51.247860
-51.614372
-52.278778
-52.636997
-53.198837
-54.027649
-54.945446
-55.787075
-56.701855
-57.491447
-58.143032
-58.678478
-59.186771
-59.587223
-59.936394
-60.262188
-60.394161
-60.630211
-60.903214
-61.242580
-61.365505
-61.597027
-61.931870
-62.099293
-62.124931
-62.155853
-62.255398
-62.249367
-62.296879
-62.472595
-62.618900
-62.649063
-62.695068
-62.775009
-62.986168
-63.126442
-63.330814
-63.413017
-63.360226
-63.297630
-63.232777
-63.131718
-63.066109
-63.190544
-63.492958
-63.677723
-63.744843
-63.853439
-63.954494
-64.102310
-63.836094
-63.563847
-63.483150
-63.425083
-63.210903
-63.166409
-63.204117
-63.176968
-62.951477
-62.999744
-63.065353
-63.073650
-63.049519
-62.982399
-63.083454
-62.890392
-62.754646
-62.702610
-62.576668
-62.505775
-62.488430
-62.609848
-62.678478
-62.525383
-62.244087
-61.956001
-61.782551
-61.662640
-61.551781
-61.563091
-61.517090
-61.466560
-61.426590
-61.415279
-61.341373
-61.084961
-61.048008
-61.134735
-60.992203
-60.795368
-60.678478
-60.615883
-60.479382
-60.246349
-60.196575
-60.062336
-59.826290
-59.707134
-59.673950
-59.498234
-59.059322
-58.780285
-58.746349
-58.555550
-58.195068
-57.764450
-57.534435
-57.597027
-57.510303
-57.370029
-57.084961
-56.946198
-56.817993
-56.523876
-56.281040
-56.256908
-56.041222
-55.807434
-55.336849
-55.107586
-54.886620
-54.612865
-54.377571
-54.278778
-54.007286
-53.669426
-53.411507
-53.303665
-53.113621
-52.895672
-52.584961
-52.432625
-52.292355
-51.996727
-51.681492
-51.299896
-51.039715
-50.685265
-50.427345
-50.315731
-50.026138
-49.709396
-49.337601
-49.075912
-48.833832
-48.558567
-48.198086
-47.845898
-47.719955
-47.632473
-47.517090
-47.235790
-46.856457
-46.641525
-46.425838
-46.035942
-45.946198
-45.887375
-45.643032
-45.460529
-45.078930
-44.747105
-44.317242
-43.940166
-43.680740
-43.548763
-43.300648
-43.049519
-42.771236
-42.593258
-42.422821
-42.260677
-42.005775
-41.627949
-41.215431
-40.965805
-40.763695
-40.713169
-40.652836
-40.532173
-40.271236
-40.090996
-39.955250
-39.679985
-39.406982
-39.209396
-38.934887
-38.643787
-38.527649
-38.292355
-38.056305
-37.762188
-37.426590
-37.059322
-36.625687
-36.206379
-35.891148
-35.636246
-35.360226
-35.237301
-35.004269
-34.581947
-34.183002
-33.882851
-33.649063
-33.409245
-33.188282
-32.954494
-32.666409
-32.538204
-32.296879
-31.970331
-31.598537
-31.357964
-31.198839
-31.056305
-30.695068
-30.397934
-30.115883
-29.798386
-29.489185
-29.204872
-29.003515
-28.757662
-28.566109
-28.319502
-28.026894
-27.810453
-27.606079
-27.253891
-27.151327
-26.823273
-26.529909
-26.279531
-26.019352
-25.856455
-25.637753
-25.374556
-25.165657
-24.978628
-24.686018
-24.388130
-24.178476
-24.010302
-23.831568
-23.541975
-23.336847
-23.176968
-22.890392
-22.578930
-22.398687
-22.084208
-21.680738
-21.287828
-20.853439
-20.905476
-20.946199
-20.822519
-20.508039
-20.189035
-19.848160
-19.590240
-19.441673
-19.278025
-19.004269
-18.691298
-18.416788
-18.290091
-18.306683
-17.949970
-17.772745
-17.673197
-17.413017
-17.236546
-17.228251
-17.143785
-16.859472
-16.523876
-16.187527
-16.068371
-15.787828
-15.677723
-15.467316
-15.239563
-15.028401
-14.881342
-14.735792
-14.545747
-14.328552
-14.133982
-13.800649
-13.551780
-13.274254
-13.044238
-12.889638
-12.677723
-12.548009
-12.420558
-12.089487
-11.932625
-11.796878
-11.481644
-11.289336
-11.018598
-10.841372
-10.741825
-10.503514
-10.275007
-10.052534
-10.005023
-9.932625
-9.808944
-9.689034
-9.468823
-9.443936
-9.430362
-9.116636
-9.041222
-9.024631
-8.778024
-8.560076
-8.328552
-8.115882
-7.966561
-7.824781
-7.603062
-7.332323
-7.021614
-6.676214
-6.690543
-6.548763
-6.351176
-6.250875
-6.093258
-5.968070
-5.780287
-5.704118
-5.567617
-5.483152
-5.410000
-5.415279
-5.348914
-5.308944
-5.370030
-5.315732
-5.304420
-5.219201
-5.187526
-4.946199
-4.894917
-4.891901
-4.815732
-4.602308
-4.413771
-4.163393
-3.948462
-3.823273
-3.582700
-3.472594
-3.343635
-3.232775
-3.141523
-2.714676
-2.482398
-2.413771
-2.272745
-2.216184
-1.983152
-1.716184
-1.658869
-1.572896
-1.385113
-1.486169
-1.555551
-1.402459
-1.121161
-0.994465
-0.983907
-0.797632
-0.578175
-0.422821
-0.320256
-0.292353
-0.373047
-0.488431
-0.662639
-0.606078
-0.373047
-0.122670
-0.098537
-0.028401
0.240830
0.482157
0.547768
0.624691
0.689548
0.648069
0.677481
0.767979
0.869789
0.990452
1.187285
1.311719
1.451991
1.437662
1.537210
1.672202
1.801916
2.004027
2.177481
2.201614
2.325294
2.448220
2.573409
2.613379
2.770241
2.951237
2.955008
3.001011
3.169186
3.261946
3.299653
3.344902
3.387134
3.481403
3.625445
3.758929
3.772504
3.793620
3.853952
4.049276
3.951237
3.951991
4.102067
4.269487
4.268733
4.264208
4.371297
4.435400
4.482911
4.378085
4.489698
4.726501
4.918808
5.052293
5.133740
5.091508
5.059834
5.101312
5.218959
5.165415
5.219713
5.185777
5.368280
5.364510
5.371297
5.495731
5.571900
5.650332
5.822278
5.918808
5.841886
5.754404
5.780045
5.818507
5.750634
5.797390
5.770996
5.795128
5.967828
6.124691
6.132232
6.105837
6.070392
6.121674
6.233288
6.234797
6.242338
6.363001
6.393167
6.362247
6.341886
6.359985
6.232534
6.304178
6.390905
6.331327
6.167677
6.107346
6.083967
6.246863
6.250634
6.314736
6.280045
6.103575
6.015339
5.945958
5.820015
5.650332
5.527406
5.434646
5.355460
5.338869
5.349427
5.286833
5.499502
5.715189
5.840377
5.810966
5.809457
5.878085
5.958024
5.991207
6.114887
6.200860
6.231026
6.227255
6.283816
6.409759
6.621674
6.687285
6.663907
6.721976
6.808703
6.807949
6.798899
6.719713
6.617903
6.608854
6.699351
6.766470
6.828310
7.069638
7.226501
7.297390
7.356968
7.327557
7.316244
7.227255
7.216697
7.228009
7.278537
7.322278
7.353198
7.620920
7.715189
7.708401
7.798899
7.665415
7.532685
7.461040
7.419563
7.402217
7.432383
7.429367
7.488190
7.297390
7.372051
7.465566
7.457270
7.620166
7.826802
7.980649
8.081704
8.055309
7.939925
7.797390
7.666169
7.654857
7.758175
7.830573
7.829065
7.826802
8.010060
7.863756
7.921825
8.082458
8.285324
8.246109
8.086229
8.069638
8.038718
7.898447
7.885626
7.936908
7.942941
7.909759
7.936908
8.101313
8.031931
7.964811
7.921825
7.933137
8.075671
8.093017
8.138266
8.018356
7.922579
7.882609
7.850181
7.781554
7.732534
7.673710
7.821523
7.969337
7.858477
7.875068
7.712926
7.795882
7.911267
7.972353
8.009306
8.043242
8.010060
8.047013
8.065113
7.926350
7.868280
7.908250
7.881101
7.746863
7.685777
7.648069
7.583967
7.510060
7.636003
7.691056
7.865264
7.765717
7.608099
7.310966
7.209909
7.128461
7.016848
6.896938
6.838115
6.755912
6.631478
6.639774
