0.221915
0.304894
0.353830
0.436808
0.302766
0.081489
-0.184468
-0.105745
0.090000
-0.046170
-0.335532
-0.590851
-0.452553
-0.322766
-0.344043
-0.341915
-0.246170
-0.084468
0.107021
0.281489
0.362340
0.128298
0.126170
0.138936
0.107021
0.324043
0.321915
0.211277
0.043191
-0.050426
-0.133404
-0.044043
0.272979
0.375106
0.387872
0.202766
0.053830
-0.039787
-0.107872
-0.312128
-0.220638
-0.080213
-0.103617
-0.080213
-0.141915
-0.048298
-0.141915
-0.205745
-0.218511
-0.252553
-0.039787
-0.186596
-0.301489
-0.348298
-0.290851
-0.310000
-0.203617
-0.122766
0.136809
0.032553
-1.654681
-15.856809
-95.035530
-300.684479
-546.401489
-761.248291
-927.005737
-1034.999390
-1096.922729
-1130.858887
-1148.446167
-1153.746216
-1149.971680
-1140.429199
-1128.158936
-1114.890869
-1099.978027
-1083.890869
-1067.718506
-1051.650391
-1035.095093
-1017.956787
-1000.097229
-981.375977
-962.680237
-943.609985
-923.567444
-902.814270
-881.744019
-859.980225
-838.035522
-815.927002
-793.214233
-771.065308
-748.737671
-725.965332
-702.931274
-680.518494
-657.767456
-634.390869
-610.695129
-587.303589
-564.261047
-541.701477
-519.422791
-497.386597
-475.601501
-453.603607
-431.518524
-409.137665
-386.814270
-364.941925
-343.375946
-321.963196
-301.124908
-280.420624
-259.827026
-239.384476
-219.273834
-199.688721
-180.050430
-160.837662
-141.437653
-122.269577
-103.875954
-85.856812
-68.190849
-50.633404
-33.497234
-16.773830
0.270851
17.713404
34.889999
51.111275
66.813408
82.328300
97.475105
112.283615
126.296387
139.979355
153.481491
166.738937
180.258087
193.990005
207.519791
220.594254
233.111282
245.632553
257.872986
269.589996
281.217651
292.796387
304.234680
315.115540
325.453827
335.411285
345.413391
355.115540
364.787872
374.107025
383.360199
392.032562
400.247437
408.692139
416.902771
424.745331
432.511292
439.972992
447.043182
453.781494
460.317657
466.711273
473.051697
479.166595
484.811279
490.047455
495.109161
500.258087
505.168732
509.641052
513.613403
517.462341
520.924072
524.055969
527.553833
531.021912
534.336792
537.443176
540.519775
542.943176
544.836792
546.487854
547.996399
549.249573
550.275085
551.311279
552.615540
553.360229
553.715515
553.981506
554.568726
555.138916
555.200623
555.245300
554.851685
554.004883
553.164490
552.083618
550.947449
550.126160
549.096375
547.892151
546.628296
545.158081
543.319763
541.536804
539.698486
537.068726
534.481506
531.832581
528.964478
525.987854
523.117676
520.658081
518.081482
515.392151
512.872986
509.979370
507.496368
504.504883
501.077240
497.500641
494.015533
490.336823
486.815521
483.424042
479.651703
475.890015
471.947449
467.958099
463.938934
460.066589
455.887878
451.721924
447.615540
443.817657
440.209137
436.541077
432.996368
428.879364
424.421906
420.077240
415.728302
411.545319
407.226166
402.809143
398.207031
393.462341
389.055969
384.511292
380.019775
375.530426
370.832550
366.077240
361.426178
356.604889
351.702759
346.951691
342.585754
338.268738
333.472992
328.372986
323.390015
318.658081
313.728302
309.121918
304.536804
299.807007
294.941071
290.109161
285.617645
281.264465
276.641052
271.964478
267.277222
262.530426
258.034668
253.770844
249.515533
245.043198
240.051697
235.153824
230.758087
226.192123
221.143188
216.232559
211.951706
207.690002
203.381485
199.064468
194.572983
189.977234
185.632553
181.304901
176.660217
172.209152
167.760208
163.492126
159.455963
155.289993
151.024048
146.828293
142.909149
138.736801
134.717667
130.909149
127.368721
123.570854
119.517662
115.634682
111.651703
107.089996
102.851700
98.987869
94.972977
91.281487
87.415535
83.815529
80.319786
76.919785
72.964470
69.451706
66.198509
63.036808
59.692127
56.338936
53.179363
50.062340
46.768723
43.219788
39.945320
37.081490
34.251701
31.389999
28.068724
24.738935
21.564468
18.677235
15.821915
12.836808
9.715532
6.792128
3.845319
0.887872
-1.918511
-4.848298
-7.650425
-10.407872
-12.795106
-15.001490
-17.158936
-19.461063
-22.029148
-24.678085
-27.492979
-29.982340
-32.397236
-34.918510
-37.301491
-39.661064
-42.114254
-44.314255
-46.229149
-48.331276
-50.661064
-52.801491
-54.810001
-56.727020
-58.820637
-61.156807
-63.152554
-65.188721
-67.531273
-70.082344
-72.171700
-74.190849
-76.044044
-78.041916
-80.092979
-81.973831
-83.975960
-85.703613
-87.433403
-89.254684
-90.648300
-91.963188
-93.699364
-95.424896
-97.199364
-98.814255
-100.207870
-101.820641
-103.424896
-104.852554
-106.201492
-107.437660
-108.444046
-109.552551
-111.033401
-112.686592
-114.124893
-115.431274
-116.446167
-117.424896
-118.556808
-119.786598
-121.101486
-122.156807
-122.973831
-123.644043
-124.569572
-125.801491
-126.673828
-127.363190
-128.241913
-129.507874
-130.650421
-131.497238
-131.997238
-132.761063
-133.369568
-134.050430
-135.022766
-135.950424
-136.463196
-137.054688
-137.856812
-138.799362
-139.697235
-140.537659
-141.427017
-143.050430
-144.367447
-145.410004
-146.344040
-147.399368
-148.188721
-148.448303
-148.897232
-149.420639
-149.737656
-149.767441
-150.122772
-150.718506
-151.014252
-150.824890
-150.841919
-151.158936
-151.616379
-151.778091
-152.058929
-152.444046
-152.752548
-152.975952
-153.090851
-153.380219
-153.446167
-153.141922
-152.973831
-152.937653
-153.280212
-153.599365
-153.503616
-153.356812
-153.497238
-153.454681
-153.512131
-153.848297
-153.801483
-153.561066
-153.284470
-153.548294
-153.788727
-153.692978
-153.527023
-153.554688
-153.818512
-153.669571
-153.331284
-152.997238
-152.844040
-152.712128
-152.424896
-152.110001
-151.784470
-151.290848
-150.839783
-150.433411
-150.278091
-149.886597
-149.692978
-149.792984
-149.546173
-149.156815
-148.722763
-148.471695
-148.027023
-147.509995
-147.114258
-146.809998
-146.627014
-146.171707
-145.712128
-145.250427
-144.954681
-144.395111
-144.203613
-143.475952
-142.854675
-142.712128
-142.480209
-142.092972
-141.167450
-140.671707
-140.309998
-139.829147
-139.335526
-138.733398
-138.365326
-138.018509
-137.752548
-137.348297
-136.612122
-136.092972
-135.635529
-135.178085
-134.403610
-133.671707
-132.963196
-132.303619
-132.033401
-131.599365
-131.016388
-130.167450
-129.158936
-128.727020
-128.175964
-127.790848
-127.041916
-126.324890
-125.844040
-125.512131
-125.133408
-124.501488
-123.820641
-123.135529
-122.429146
-121.669571
-120.927025
-120.144043
-119.646172
-119.180214
-118.548294
-118.020638
-117.780212
-117.365318
-116.720642
-116.129150
-115.467445
-114.735535
-114.220642
-113.761063
-113.171700
-112.382339
-111.529152
-110.744041
-110.180214
-109.441917
-108.707870
-108.244041
-107.563194
-106.618507
-105.858932
-105.482338
-105.107872
-104.186592
-103.433403
-103.007874
-102.614258
-102.063194
-101.558937
-101.380211
-101.320641
-100.441917
-99.482338
-98.818512
-98.284470
-97.986595
-97.497231
-97.044044
-96.588722
-95.671700
-94.569572
-93.922768
-93.256805
-92.680214
-92.135529
-91.424896
-90.988724
-90.478088
-89.869576
-89.203613
-88.361061
-87.510002
-86.948296
-86.746170
-86.265320
-85.648300
-84.873833
-83.948296
-82.967445
-82.033401
-81.341911
-80.969574
-80.567444
-80.146172
-79.435532
-78.850426
-78.278084
-77.573830
-76.916382
-76.133408
-75.478088
-74.741913
-73.971703
-73.278084
-72.588722
-71.954681
-71.320641
-70.818512
-70.248299
-69.729149
-69.178085
-68.284470
-67.354683
-66.716385
-66.280212
-65.635529
-64.944046
-64.263191
-63.384468
-62.433403
-61.639786
-61.384468
-61.131275
-60.575958
-60.105743
-59.429150
-58.729149
-57.892979
-57.150425
-57.265320
-58.080212
-58.514256
-58.763191
-58.686596
-58.120640
-57.663193
-57.078087
-56.539787
-55.975956
-55.767448
-55.199360
-54.329147
-53.344044
-52.654682
-52.363190
-52.027020
-51.441914
-50.663193
-50.041916
-49.680214
-49.171703
-48.337658
-47.271702
-46.507874
-46.103619
-45.792980
-45.761063
-45.541916
-45.044041
-44.484467
-43.967445
-43.488724
-42.590851
-41.746170
-40.929150
-40.452553
-39.890850
-39.192978
-38.354679
-37.771702
-37.124893
-36.401489
-35.878086
-35.235531
-34.618511
-34.180214
-33.763191
-32.978085
-31.954681
-31.188723
-30.337660
-29.775957
-29.661064
-29.375957
-28.797234
-27.999361
-27.461063
-27.156809
-26.561064
-25.846170
-25.171701
-24.788723
-24.244043
-23.712128
-22.971703
-22.378084
-21.899363
-21.099361
-20.607872
-19.927021
-19.324894
-18.769575
-18.505745
-18.495106
-18.405745
-18.292978
-17.978085
-17.331276
-16.741915
-16.167446
-15.544043
-14.986596
-14.456808
-14.097234
-13.639788
-13.133405
-12.958936
-12.756808
-12.410000
-11.773829
-11.471703
-11.354681
-10.952553
-10.352553
-9.807873
-9.122766
-8.401489
-7.950426
-7.807872
-7.546170
-7.192979
-6.797234
-6.252553
-5.746170
-4.990851
-4.518511
-4.233404
-3.848298
-3.669574
-3.127021
-2.846170
-2.356808
-2.218511
-2.044043
-1.661064
-1.322766
-0.820638
-0.490851
-0.227021
-0.254681
-0.327021
-0.031277
0.651702
1.021915
1.572979
2.134681
2.507021
2.547447
2.530426
2.898511
3.170851
3.738936
4.113404
4.455957
4.628298
5.138936
5.494256
5.790000
5.849575
6.007021
6.162341
6.264468
6.253830
6.904893
7.547447
7.624043
7.649574
8.051702
8.562341
8.828298
9.160213
9.219788
9.396383
9.543192
10.024042
10.207022
10.290000
10.634681
10.821915
10.860212
11.079362
11.304893
11.455957
11.762341
11.749575
11.798511
12.126170
12.255958
12.270851
12.183617
12.368724
12.560213
12.870852
13.217660
13.341063
13.692127
13.892128
13.838936
13.881490
13.930426
14.153830
14.407022
14.509149
14.519787
14.755958
15.058085
15.138936
15.213405
15.307021
15.430426
15.619787
15.877234
16.200638
16.247446
16.136808
15.902766
15.621915
15.581490
15.879362
16.211277
16.328299
16.226170
16.370852
16.507021
16.741064
16.830425
16.787872
16.830425
16.794256
16.979362
17.453831
17.602766
17.562340
17.468723
17.400639
17.609148
17.458086
17.132553
17.147448
17.319788
17.534681
17.643192
17.830425
18.192127
18.377234
18.368723
18.236809
18.287872
18.375107
18.596382
18.311277
18.292128
18.547447
18.677235
18.928297
18.985744
19.109148
18.924042
18.743191
18.781488
18.921915
19.096382
19.526171
19.587872
19.643192
19.460213
19.524042
19.330425
19.421915
19.536808
19.455957
19.436808
19.583616
19.532553
19.498510
19.375107
19.236809
19.081490
19.079361
19.238935
19.526171
19.666595
19.836809
19.836809
19.713404
19.690001
19.628298
19.730425
19.715532
19.753830
19.921915
20.051702
20.158085
20.017660
19.990000
19.983618
20.062340
20.279362
20.432552
20.419786
20.360212
20.460213
20.551702
20.570850
20.624043
20.587872
20.721914
20.687872
20.796383
20.898510
20.800638
20.894255
21.253830
21.430426
21.368723
21.194256
21.196383
21.262341
21.170851
21.187872
21.241064
21.109148
21.121916
20.994255
20.943192
21.172979
21.230425
21.228298
20.998510
20.883617
20.979362
21.151703
21.332554
21.255957
21.466597
21.502766
21.424042
21.534681
21.668724
21.492128
21.389999
21.332554
21.419786
21.590000
21.330425
21.128298
21.232553
21.172979
21.472979
21.570850
21.621916
21.651703
21.626171
21.564468
21.326170
21.385744
21.209148
21.192127
21.249575
21.185745
21.060213
21.300638
21.445318
21.372978
21.268723
21.360212
21.296383
21.266596
21.121916
21.121916
21.224043
21.155958
21.217659
21.366596
21.190001
20.862341
20.749575
20.487873
20.202766
20.130426
20.132553
20.238935
