-0.097296
-0.017833
0.201981
0.237069
-0.030217
0.013127
0.077110
0.074014
0.028607
0.015191
0.095686
-0.140640
-0.311950
-0.361486
-0.413086
-0.275831
-0.329494
-0.145800
-0.161280
-0.042601
-0.017833
0.013127
-0.131352
-0.264479
-0.208751
-0.192239
-0.123096
0.014159
0.056471
0.181342
0.078142
-0.164376
-0.150960
-0.020929
0.090526
0.340268
0.369164
0.388772
0.246357
0.059567
0.084334
0.057503
0.192694
0.153478
0.057503
0.146254
0.204045
0.051311
-0.051889
0.125614
0.134902
0.120454
0.183406
0.292797
0.295893
0.198885
0.076078
0.183406
0.293829
-0.275831
-5.295439
-29.786667
-120.263451
-288.301636
-466.877472
-635.188110
-780.489441
-892.949707
-972.534851
-1024.738159
-1054.261353
-1065.547241
-1062.663818
-1048.955933
-1025.785645
-997.045715
-964.942505
-930.984802
-896.962097
-862.960022
-829.419250
-796.700989
-764.889893
-734.778381
-705.712341
-677.283081
-649.939392
-623.184998
-596.747437
-571.357361
-546.662842
-522.322266
-498.612274
-475.235596
-452.161285
-429.175720
-406.502869
-384.145813
-361.860962
-340.109680
-318.751587
-297.842407
-277.138580
-256.676239
-236.736099
-217.083878
-197.955917
-179.300598
-160.848587
-142.785629
-125.232491
-108.115875
-91.254158
-74.621552
-58.340847
-42.440948
-26.699980
-11.342910
3.328916
17.821177
32.077110
45.963593
59.768543
73.207138
86.390839
99.235008
111.771645
123.818077
135.118393
146.175156
156.963593
167.757187
178.322723
188.112198
197.780930
207.362976
216.643677
225.358841
233.727264
241.843887
249.933670
257.613739
265.178253
272.456879
279.529114
286.302094
292.728302
298.830475
304.793304
310.677734
316.164825
321.501251
326.473389
331.211273
335.744812
340.183411
344.508484
348.385681
352.031708
355.372253
358.379486
360.960510
363.257721
365.438293
367.287628
368.864532
370.630249
372.490936
374.052338
375.643677
377.180298
378.930573
380.619934
381.937805
383.004883
383.992493
384.603424
385.224670
385.677734
385.696320
385.386719
385.423859
385.540466
385.545624
385.038940
384.476501
383.985260
383.446564
382.803619
382.107025
381.406311
380.522919
379.441406
378.230865
376.721069
375.380524
373.934692
372.175140
370.339233
368.472351
366.596191
364.685974
362.595184
360.484741
358.462036
356.545624
354.647797
352.531189
350.317566
348.061646
345.463074
342.714874
339.963593
337.152435
334.404266
331.661224
329.192688
326.802612
324.296936
321.858337
319.134888
316.216431
313.278351
310.446564
307.501251
304.564209
301.692169
298.716949
295.511566
292.261841
289.040985
285.734497
282.421783
279.177216
276.184448
272.929535
269.578644
266.519836
263.614777
260.519836
257.156586
254.275253
251.203018
248.117355
244.776794
241.494034
238.018280
234.561111
231.209198
227.978043
224.499191
220.896515
217.409409
213.895477
210.646774
207.491974
204.534286
201.332016
197.982162
194.503326
191.217468
188.358841
185.521896
182.447601
179.195786
176.052338
173.012100
169.978043
166.800537
163.555954
160.142120
156.830460
153.649872
150.526031
147.573502
144.852142
142.045120
139.079178
136.205078
133.395996
130.501266
127.388771
124.336143
121.558022
118.925407
116.162766
113.377419
110.550797
107.769577
105.106003
102.138000
99.052345
96.463074
94.036865
91.218491
88.141090
85.296928
82.567307
79.703529
76.855232
74.175148
71.416634
68.584854
65.931602
63.422829
60.894447
58.343365
55.769577
53.523964
51.158638
48.731392
46.634384
44.300022
42.015190
39.648834
37.162766
34.813953
32.806728
30.868649
28.644707
26.231909
23.978039
21.866585
19.990423
17.901672
15.985263
14.122518
12.030671
9.849040
7.965655
6.111166
3.960495
1.981135
0.160702
-1.590588
-3.450237
-5.270671
-7.092136
-9.007513
-10.819691
-12.418245
-13.972425
-15.647347
-17.226295
-18.808338
-20.319174
-21.709267
-23.164375
-24.927017
-26.547245
-28.014736
-29.529701
-31.265511
-32.795956
-34.257256
-35.653542
-37.240742
-38.269638
-39.393478
-40.889866
-42.552406
-43.858906
-44.961075
-46.416183
-47.975521
-49.275829
-50.339813
-51.274799
-52.162312
-53.191208
-54.554470
-55.662827
-56.689659
-57.563755
-58.591621
-59.794922
-61.048794
-62.242805
-63.411022
-64.086975
-64.479134
-65.361488
-66.451271
-67.527634
-68.419281
-69.097298
-69.805244
-70.430626
-71.369743
-72.501839
-73.516281
-74.229393
-74.967262
-75.815559
-76.717522
-77.509064
-78.054985
-78.431664
-79.161278
-80.052917
-80.760864
-81.284088
-81.943527
-82.582329
-83.212883
-83.773254
-84.489456
-85.179855
-85.719589
-86.316078
-86.946625
-87.608131
-88.195335
-88.689659
-88.992035
-89.137543
-89.602974
-90.208748
-90.580269
-91.112778
-91.761902
-92.350136
-92.615356
-92.813499
-93.315048
-93.667984
-93.914635
-94.159218
-94.412056
-94.456429
-94.553436
-95.140640
-95.516281
-95.508026
-95.556534
-95.945595
-96.304726
-96.331558
-96.522476
-96.869225
-97.001320
-96.962105
-97.222168
-97.332588
-97.308853
-97.263451
-97.360451
-97.323303
-97.267578
-97.251060
-97.351166
-97.361488
-97.210815
-96.862000
-96.775314
-96.976555
-96.893997
-96.715462
-96.759834
-96.605034
-96.460556
-96.509064
-96.395538
-96.179855
-96.036407
-96.137543
-96.185013
-95.985840
-95.752609
-95.965202
-95.845490
-95.514221
-95.352196
-95.480164
-95.526604
-95.459526
-95.325363
-94.957977
-94.697914
-94.456429
-94.562721
-94.744354
-94.572014
-94.384193
-94.133415
-93.630836
-93.334656
-92.979652
-92.928047
-92.824852
-92.558594
-92.473976
-92.231453
-92.058083
-91.834137
-91.783569
-91.479134
-91.254158
-90.955910
-90.463654
-89.938370
-89.760864
-89.658699
-89.375931
-88.845490
-88.550339
-88.280991
-87.862000
-87.424438
-87.213913
-86.920822
-86.412056
-85.924957
-85.692757
-85.485329
-85.108650
-84.737129
-84.394508
-83.966232
-83.890900
-83.774284
-83.497711
-83.172630
-82.658699
-82.240746
-81.974487
-81.600906
-81.189140
-80.712364
-80.252098
-79.929085
-79.756737
-79.367676
-78.985840
-78.556534
-78.234550
-77.775314
-77.374901
-76.990997
-76.725777
-76.361488
-75.865097
-75.572014
-75.336716
-75.004417
-74.642189
-74.286148
-73.738167
-73.228355
-72.804207
-72.477066
-72.192238
-71.923920
-71.466751
-70.716492
-70.077690
-69.766029
-69.306793
-68.911537
-68.317108
-67.811432
-67.517319
-67.174698
-66.892960
-66.706169
-66.458496
-66.250031
-66.240746
-66.144768
-66.002350
-65.865097
-65.476036
-65.137543
-64.722687
-64.415146
-64.135483
-63.724747
-63.334656
-62.756741
-62.174694
-61.607101
-61.160248
-60.806274
-60.506996
-59.678307
-59.229393
-58.664890
-58.182953
-57.826916
-57.568916
-57.241776
-56.768089
-56.195335
-55.641155
-55.193272
-54.756741
-54.181919
-53.656635
-53.224232
-52.702042
-52.268608
-51.953850
-51.455399
-50.740227
-50.397606
-50.081818
-49.699978
-49.151993
-48.804211
-48.402767
-48.290279
-48.531765
-49.145802
-49.977585
-50.616386
-50.812466
-51.239712
-51.564789
-51.749516
-51.816593
-51.648380
-51.168503
-50.684498
-50.159214
-49.628773
-48.945595
-48.343941
-47.633930
-46.886768
-46.190174
-45.447140
-44.719585
-44.001320
-43.265511
-42.725780
-42.188110
-41.536926
-40.857876
-40.285118
-39.652508
-39.065304
-38.489452
-37.970360
-37.297504
-36.590588
-36.028152
-35.286152
-34.998226
-34.520412
-33.919792
-33.460556
-32.983776
-32.629803
-32.203590
-31.577173
-30.970362
-30.406893
-29.849619
-29.589556
-29.283054
-28.864065
-28.362518
-27.783571
-27.522476
-27.103489
-26.543118
-26.141672
-25.729908
-25.260351
-24.959009
-24.610195
-24.147863
-23.675211
-23.200495
-22.803179
-22.196367
-21.824850
-21.489452
-21.112776
-20.614325
-20.304726
-19.960041
-19.565821
-18.959009
-18.352198
-17.872322
-17.709267
-17.430630
-17.028152
-16.514221
-16.347038
-16.097296
-15.983777
-15.838266
-15.488421
-15.123096
-14.779443
-14.482229
-14.276863
-14.064273
-13.640123
-13.172631
-12.784603
-12.484293
-12.375934
-12.337750
-12.312983
-12.052920
-11.748483
-11.548277
-11.320207
-11.100392
-10.949721
-10.530733
-10.192240
-9.888834
-9.663859
-9.328463
-9.160248
-8.970361
-8.674180
-8.330526
-8.073561
-7.632900
-7.016801
-6.699979
-6.477069
-6.317111
-6.207719
-6.185016
-6.219071
-6.069432
-5.945593
-6.084912
-6.101424
-5.997193
-5.545181
-5.126192
-4.733003
-4.386254
-4.203591
-4.234551
-4.207719
-4.172632
-4.013705
-4.086976
-4.203591
-4.251063
-3.983777
-3.753643
-3.763963
-3.527637
-3.248999
-3.018865
-2.793891
-2.547245
-2.234551
-1.721651
-1.363550
-1.145800
-1.071496
-0.770155
-0.394510
-0.167472
0.053375
0.345428
0.664314
0.792281
1.179278
1.650898
1.841816
1.871744
1.806729
1.905800
2.007967
2.019319
2.257709
2.512611
2.864520
3.034799
3.191662
3.281445
3.476491
3.719009
4.079175
4.362972
4.624066
4.810856
4.771641
4.860392
4.988359
5.270093
5.371228
5.452755
5.558019
5.817049
5.845944
5.913024
6.008999
6.172054
6.357812
6.469267
6.515707
6.541507
6.843880
6.988359
6.989391
6.952240
7.031703
7.196822
7.260805
7.413540
7.681858
7.807761
8.006935
8.327885
8.692178
8.910960
8.592074
7.814984
6.907864
6.026543
5.421796
5.029639
4.607554
4.445531
4.429019
4.365036
4.473395
4.608586
4.728297
5.091558
5.321692
5.368132
5.159670
4.746873
4.456883
4.048214
3.845944
3.721073
3.618906
3.690114
3.917152
4.062663
4.131806
4.423860
4.675666
4.925407
5.109102
5.330980
5.696305
6.097750
6.334076
6.503323
6.751001
6.922312
7.195789
7.629226
7.924376
8.116326
8.178246
8.539443
8.882064
9.081239
9.204045
9.370196
9.638514
9.945016
9.989391
10.215397
10.394964
10.451723
10.542539
10.632322
10.863488
11.043055
10.940887
11.216430
11.486811
11.660186
11.834593
11.880000
11.885159
12.067822
12.334076
12.539443
12.562146
12.631290
12.721073
12.759257
12.721073
12.999711
13.231909
13.361940
13.647801
13.991455
14.117358
14.103942
14.074015
14.153478
14.316532
14.295893
14.221589
14.141094
13.922312
13.975975
14.128710
13.969783
13.780929
13.831496
13.913024
14.107038
14.276285
14.444499
14.554923
14.752033
14.572467
14.592074
14.598267
14.806728
14.869680
14.825304
14.761321
14.650898
14.587946
14.483715
14.515707
14.658122
14.931600
15.060598
15.361940
15.517771
15.618906
15.626130
15.696305
15.824272
16.016222
16.152447
16.060598
16.050278
16.169991
16.071951
16.107038
16.276285
16.361940
16.268028
16.177214
16.012094
15.822208
16.003839
16.119423
16.115294
16.199917
16.203012
16.226749
16.203012
16.282476
16.174118
16.097750
16.008999
15.855232
15.853168
15.888256
15.994551
16.026543
15.979072
15.969783
16.010031
15.895480
15.978039
15.875872
15.961528
15.625098
15.378452
15.131806
15.014159
14.948112
14.986295
15.062662
15.062662
15.213333
15.289701
15.230877
15.335109
15.282476
15.197853
15.104974
14.914056
14.822208
14.701466
14.570402
14.313437
14.033767
13.762353
13.532219
13.355748
13.174118
13.100846
12.995584
13.027575
13.254613
13.300020
13.012094
12.667410
12.387740
12.017255
11.565243
11.260805
11.106007
10.813952
10.582787
10.404252
10.400124
10.598267
10.644706
10.809825
10.631290
10.569370
10.469267
10.569370
10.690113
10.605490
10.404252
10.134902
