-0.058367
-0.079140
-0.090602
-0.116390
0.079885
-0.011805
-0.115673
-0.015387
0.120716
0.120000
0.026877
-0.097765
-0.212378
-0.073410
-0.130716
-0.196619
-0.122837
-0.049771
0.100659
0.150086
0.219570
0.223152
0.094212
-0.032579
-0.036877
-0.109226
-0.130000
-0.058367
0.032607
-0.048338
-0.116390
0.032607
0.040487
0.044785
0.089914
0.203811
0.075587
-0.019685
-0.111375
-0.181576
-0.093467
-0.074126
-0.015387
0.063410
0.158682
-0.001777
0.036905
0.148653
0.203811
0.133610
0.053381
0.031175
0.006103
-0.050487
-0.236734
-0.330573
-0.337736
-0.123553
-0.027564
-0.135014
-1.225272
-15.256075
-108.551201
-366.655060
-697.274719
-1017.829163
-1283.400757
-1475.166504
-1596.513916
-1664.039062
-1699.820557
-1717.913696
-1724.587036
-1720.353516
-1708.918701
-1693.483154
-1675.210938
-1655.375732
-1634.604980
-1612.950928
-1590.356323
-1567.317627
-1543.121460
-1517.617065
-1491.782593
-1465.122070
-1437.225952
-1408.584106
-1378.911499
-1349.153687
-1319.485962
-1289.132812
-1258.509644
-1228.054077
-1197.354248
-1166.546875
-1135.880737
-1104.574829
-1073.170166
-1041.540405
-1009.553345
-977.930115
-946.897888
-915.672974
-884.374268
-853.200928
-821.807678
-790.333435
-758.853516
-727.215271
-696.320557
-665.824829
-635.522522
-605.601318
-575.720276
-545.964539
-516.724548
-487.425140
-457.892883
-428.658661
-399.521118
-370.303345
-341.357788
-312.641449
-284.289734
-256.372833
-229.031143
-202.001770
-175.406509
-149.122833
-123.164383
-97.526131
-72.282578
-47.051205
-22.233152
2.282608
26.434469
50.332035
73.915848
97.247505
120.169426
142.630035
164.978165
187.015411
208.458115
229.508255
250.311264
270.736755
290.731750
310.239624
329.182312
347.585602
365.681610
383.635773
401.331329
418.694489
435.781891
452.503967
468.955963
485.192352
501.142212
516.650818
531.683044
546.232483
560.347107
573.998230
587.382874
600.236755
612.402222
624.044800
635.643616
647.121460
658.241089
669.165100
679.838501
690.061279
699.756104
708.868591
717.728882
726.382202
734.601379
742.518982
750.276855
757.539062
764.365723
770.907959
777.162292
782.940186
788.281189
793.401489
798.210999
802.757507
807.138611
811.391479
815.356384
819.082764
822.453796
825.645081
828.645813
831.176575
833.214539
835.014709
836.516846
837.921570
839.172302
840.122131
840.791199
841.367126
841.517578
841.902954
841.846375
841.602783
841.157959
840.589172
839.844910
838.688049
837.345642
835.855652
834.158691
832.127136
829.954529
827.757507
825.468140
823.064148
820.338501
817.416565
814.388611
811.442322
808.352783
804.977478
801.480286
797.662964
793.683777
789.566284
785.323425
781.061951
776.626465
771.765442
766.693787
761.731018
756.713867
751.596375
746.615723
741.268982
735.849243
730.186646
724.661560
719.138611
713.694519
708.059814
702.223145
696.295471
690.368591
684.285461
678.099243
671.714539
665.271118
658.976013
652.496094
646.134338
639.665833
632.915100
625.942322
619.097107
612.567017
606.036194
599.539062
593.114990
586.194519
579.362122
572.604248
566.023315
559.333496
552.422302
545.484619
538.608521
531.719543
524.833496
517.857849
510.723145
503.637909
496.714569
489.865692
483.133606
476.233185
469.175171
462.166565
455.211700
448.104248
441.051941
434.137207
427.321991
420.503967
413.564850
406.618561
399.594208
392.769714
386.068420
379.195221
372.314850
365.385773
358.814117
352.498932
346.014709
339.476013
333.160126
326.761841
320.441620
313.950958
307.445923
301.069855
294.643646
288.206665
281.970276
275.761108
269.607117
263.580597
257.668701
251.643646
245.412262
239.199509
233.258255
226.998947
220.629318
214.107819
207.719574
201.515411
195.384323
189.293350
183.485336
177.953812
172.415131
166.765411
161.278305
156.233902
151.058395
145.893646
140.904388
135.855667
130.612839
125.359253
120.013268
114.592781
109.379311
104.041924
98.753952
93.654381
88.783325
83.698082
78.578453
73.740341
69.205963
64.665848
60.021145
55.406532
50.945213
46.669426
42.112835
37.609257
33.185902
29.111404
25.152952
21.017565
16.864269
12.647221
8.575587
4.704527
0.860688
-3.280430
-7.352063
-11.170115
-15.082722
-18.976706
-22.496046
-26.071978
-29.695902
-33.200916
-36.537594
-39.937305
-43.151489
-46.384296
-49.646477
-52.933010
-56.428711
-59.737450
-63.160088
-66.413666
-69.788307
-73.190170
-76.386444
-79.443756
-82.521835
-85.701630
-88.804787
-91.911522
-94.841316
-97.645760
-100.519684
-103.477425
-106.405075
-109.073410
-111.697334
-114.304787
-116.701630
-119.302635
-121.709511
-124.230286
-126.571259
-128.756073
-131.119965
-133.736023
-136.174408
-138.546188
-141.018967
-143.592758
-145.849197
-147.935867
-150.083435
-152.095612
-154.177994
-156.240311
-158.124268
-159.914383
-161.647186
-163.140030
-164.907227
-166.642181
-168.324127
-170.014664
-171.638596
-173.394333
-175.232437
-176.947342
-178.573410
-180.016815
-181.481720
-182.870682
-184.258224
-185.625702
-186.856354
-188.137161
-189.563385
-191.012527
-192.423691
-193.751053
-195.030426
-196.319824
-197.253204
-198.253922
-199.255356
-200.099197
-200.957367
-201.818390
-202.956650
-204.110657
-204.846329
-205.705933
-206.796906
-207.732437
-208.517532
-209.122833
-209.750351
-210.708084
-211.330566
-211.880005
-212.651489
-213.263245
-213.667969
-214.084152
-214.748199
-215.610657
-216.150772
-216.427994
-217.107788
-217.852783
-218.393616
-218.785446
-219.104218
-219.534729
-219.700195
-219.652924
-220.109940
-220.636444
-220.871399
-220.998199
-221.310516
-221.501053
-221.603500
-221.700195
-222.069107
-222.247482
-222.325562
-222.285446
-222.550491
-222.781860
-222.721695
-222.860657
-222.852066
-222.938019
-222.677277
-222.547623
-222.508942
-222.380722
-222.157944
-222.105652
-222.026138
-221.962372
-221.839890
-221.519684
-221.223129
-220.926559
-220.621399
-220.443039
-220.397903
-220.105652
-219.664383
-219.252487
-219.011810
-218.683014
-218.304779
-218.246048
-218.320541
-218.448059
-218.395752
-218.458801
-218.450195
-217.994614
-217.642181
-217.258942
-216.738159
-216.202347
-215.809799
-215.541885
-215.207367
-214.718826
-214.113525
-213.561234
-213.165817
-212.647186
-212.046906
-211.349197
-210.645050
-210.012527
-209.315536
-208.655792
-208.055496
-207.662231
-207.035446
-206.193756
-205.427994
-204.788315
-204.263245
-203.621399
-202.814819
-202.089890
-201.473129
-200.713806
-199.922256
-199.130005
-198.266815
-197.422256
-196.635010
-196.023987
-195.373550
-194.556931
-193.891464
-193.157944
-192.376419
-191.625702
-190.574127
-189.631439
-188.743896
-187.778992
-186.861374
-186.112091
-185.358505
-184.355652
-183.363525
-182.451630
-181.503922
-180.652206
-179.614243
-178.832718
-177.948761
-177.001770
-175.920837
-174.950195
-174.281860
-173.367111
-172.312668
-171.233154
-170.371399
-169.586304
-168.605652
-167.530426
-166.664383
-165.720261
-164.735306
-163.811951
-163.092758
-162.239594
-161.253922
-160.311234
-159.347763
-158.549774
-157.619247
-156.738876
-155.756790
-154.756073
-153.773270
-152.681580
-151.701630
-150.731003
-149.617828
-148.731003
-147.854935
-146.973129
-145.987457
-145.051208
-144.075562
-143.197342
-141.907944
-140.827713
-139.927277
-139.196625
-138.333435
-137.311951
-136.454498
-135.481720
-134.392899
-133.354935
-132.343460
-131.426559
-130.669403
-129.644333
-128.595612
-127.548340
-126.639313
-125.667252
-124.599915
-123.672264
-122.824844
-121.817680
-120.839172
-119.832726
-118.958794
-118.090599
-117.064095
-116.077705
-115.150772
-114.294037
-113.287590
-112.476707
-111.947334
-111.227425
-110.379997
-109.476707
-108.513954
-107.713814
-106.923698
-106.023979
-105.257507
-104.445183
-103.674416
-102.650055
-101.583435
-100.831291
-100.029716
-99.258942
-98.298340
-97.476707
-96.732437
-95.872124
-94.915817
-94.101349
-93.407219
-92.597763
-91.728134
-90.897911
-90.075562
-89.152206
-88.236015
-87.312668
-86.655785
-85.948769
-85.473839
-84.949486
-84.425842
-83.822693
-83.170113
-82.378571
-81.489601
-80.769684
-79.898628
-79.081291
-78.225990
-77.355644
-76.488884
-75.443039
-74.609940
-73.872833
-72.817680
-71.993179
-71.256073
-70.608513
-69.834152
-69.054070
-68.302635
-67.450920
-66.521835
-65.717392
-64.877853
-63.904354
-62.933723
-62.162952
-61.460945
-60.621403
-59.769684
-58.893612
-57.830574
-56.873554
-56.332722
-55.744614
-54.963093
-54.058365
-53.313381
-52.490314
-51.738884
-50.935875
-50.377136
-49.797623
-49.132149
-48.464527
-47.981720
-47.378567
-46.733150
-46.077709
-45.311234
-44.617821
-44.120689
-43.606361
-42.920830
-42.399342
-41.829140
-41.066963
-40.392178
-39.814816
-39.245331
-38.636448
-37.966675
-37.027565
-36.261806
-35.520401
-34.931576
-34.321976
-33.574127
-32.799053
-32.088451
-31.566963
-30.948769
-30.392178
-29.632866
-29.085587
-28.316963
-27.460230
-26.858511
-26.223839
-25.646475
-24.948051
-24.344900
-23.673697
-23.044041
-22.475273
-21.975988
-21.393610
-20.885731
-20.333439
-19.602779
-19.190172
-18.774698
-18.056934
-17.476706
-17.104929
-16.496046
-15.640745
-15.016820
-14.723124
-14.359942
-13.916533
-13.493180
-12.949484
-12.519685
-12.020401
-11.665816
-11.456648
-11.084155
-10.668682
-10.011806
-9.511806
-9.155788
-8.617823
-8.061949
-7.559799
-7.094900
-6.819112
-6.619255
-6.458797
-5.981003
-5.643610
-4.995329
-4.454499
-3.837736
-3.249628
-2.958080
-2.667966
-2.354928
-1.773266
-1.283295
-0.768968
-0.336304
0.045501
0.539054
1.053381
1.599226
1.958109
2.261117
2.614269
3.324155
3.651519
4.001089
4.324155
4.744642
5.348510
5.912263
6.357822
6.718854
6.990344
7.339914
7.804098
8.137192
8.436619
8.821289
8.986046
9.238194
9.652235
10.300516
10.834184
11.060544
11.204527
11.426590
11.822005
12.178740
12.566275
12.895788
13.208825
13.622149
13.935903
14.008968
14.294785
14.690201
15.011834
15.271146
15.532607
15.989628
16.488911
16.787622
17.081318
17.394356
17.679455
17.907965
18.114269
18.532608
18.885042
19.160114
19.509686
19.632177
19.635042
19.745358
20.004671
20.254671
20.565559
20.784040
21.072721
21.149370
21.389341
21.587049
21.998224
22.195215
22.329168
22.385759
22.515415
22.553381
22.720287
22.779026
23.022579
23.193066
23.295502
23.394356
23.540487
23.829168
24.038338
24.284756
24.431604
24.720287
24.963123
25.226017
25.498940
25.614986
25.687336
25.811260
25.996790
26.029026
26.035473
26.263266
26.357822
26.559828
26.620001
26.844212
26.973867
27.093496
27.192350
27.334183
27.313410
27.238911
27.300516
27.454527
27.743210
27.897221
28.083467
28.371433
28.641489
28.459541
28.443066
28.614269
28.786190
29.020430
29.130745
29.171576
29.307678
29.516848
29.722435
29.758968
29.822721
29.816992
29.908682
29.973152
30.183037
30.211691
30.377880
30.504671
30.496790
30.521147
30.620716
30.922293
30.956676
31.135042
31.297651
31.285473
31.254671
31.203094
31.129313
31.107822
31.383610
31.579885
31.697365
31.900085
31.965273
31.998940
32.073437
32.172291
32.119282
32.143639
32.109970
32.286190
32.507534
32.529026
32.435902
32.508968
32.577019
32.599941
32.662262
32.608540
32.541203
32.387909
32.221718
32.161549
32.154385
32.069859
32.083466
32.097794
31.925158
31.976734
32.009686
32.006104
31.988911
32.175873
32.122864
32.049084
31.961691
32.038338
31.933037
32.091347
32.283325
32.152950
32.163696
32.224583
32.168709
32.089912
32.100658
32.274727
32.417278
32.382179
32.352093
32.422291
32.312695
32.137909
32.194500
32.308395
32.332035
32.298367
32.306248
32.464558
32.460976
32.418709
