0.056819
0.074728
0.207966
0.190057
0.095501
0.106963
0.253095
0.240917
0.273868
0.235186
0.005244
-0.016963
-0.037020
0.056103
0.026734
-0.090745
-0.090029
-0.196762
-0.212521
-0.044900
0.052521
0.058252
-0.017679
-0.058510
-0.068539
-0.066390
-0.118682
-0.006218
0.049656
0.004527
0.000229
0.079742
0.124871
0.111261
0.029599
0.071862
-0.120831
-0.117249
0.003095
0.031748
-0.107937
-0.253352
-0.161662
-0.035587
-0.030573
-0.140172
-0.145186
-0.141605
-0.069971
-0.091461
0.087622
0.136332
0.209398
0.206533
0.094785
0.055387
0.196504
0.126304
0.003095
-1.367966
-8.560659
-33.207508
-99.842178
-224.736877
-345.866547
-443.822113
-524.919556
-587.839294
-629.590027
-654.123718
-666.516235
-668.306335
-662.084290
-651.804932
-636.993347
-619.804932
-602.380859
-583.968262
-565.302795
-547.193176
-529.549194
-512.153809
-495.095032
-478.327850
-462.292023
-446.484741
-430.708221
-415.007660
-399.423828
-383.973969
-368.585724
-353.128723
-337.630859
-322.483307
-307.525574
-292.444611
-277.623688
-263.171692
-248.912384
-234.936737
-221.324982
-207.765533
-194.516251
-181.808517
-169.004791
-156.443176
-144.097198
-131.953217
-119.957504
-107.829285
-95.671692
-84.041321
-72.646622
-61.688168
-50.906647
-40.198196
-29.709656
-19.382292
-9.174556
0.753811
10.350515
20.027451
29.524584
38.654240
47.450802
56.026733
64.236618
72.204384
79.763840
87.260262
94.595505
101.881317
109.002380
115.954384
122.722290
129.102661
135.331177
141.464417
147.400665
153.229462
158.881317
164.276016
169.439346
174.437195
179.328308
183.916412
188.440063
192.833328
197.120575
201.279602
205.215851
208.945786
212.767426
216.188629
219.435043
222.626297
225.758820
228.652084
231.215134
233.747360
236.261688
238.598373
240.623444
242.592636
244.277451
246.086182
248.052521
249.551804
250.715851
251.889191
252.964417
253.747360
254.622726
255.599091
256.254517
256.806824
257.326172
258.032471
258.740906
259.236633
259.654236
259.854828
260.061829
259.841217
259.789642
259.625580
259.233765
258.640625
258.127014
257.546783
256.824738
255.860550
254.764557
253.693634
252.623444
251.579742
250.567566
249.809692
248.985901
247.881317
246.819717
245.769577
244.613403
243.346222
242.182892
241.099792
239.806824
238.313980
237.119141
235.909256
234.360550
232.710831
231.149948
229.706528
227.958679
226.182175
224.549652
222.915695
221.152802
219.539627
217.942917
216.005966
214.089050
212.120575
209.937195
208.106964
206.272430
204.203674
202.249512
200.265991
198.203674
196.225159
194.250229
192.167847
189.712982
187.281036
184.794647
182.390625
179.713699
177.209396
174.789627
172.387054
170.016708
167.667847
165.425018
163.196503
160.862686
158.526016
156.167847
153.955811
151.563980
149.277451
147.065414
144.923584
142.798935
140.840485
139.051804
137.089767
134.868423
132.661407
130.540344
128.435043
126.449371
124.273865
122.271721
120.264557
118.243782
116.108398
114.091202
112.026016
110.012405
108.054672
105.937912
103.764557
101.771721
99.599800
96.520287
91.660690
87.648514
85.677162
83.662834
81.686478
79.677879
77.735184
75.980888
74.173584
72.225159
70.403526
68.520287
66.533180
64.695068
62.791061
60.918568
59.147793
57.350517
55.511692
53.728741
52.195072
50.618423
48.925014
47.196503
45.441490
43.613411
41.887764
40.215130
38.523151
36.920715
35.383469
33.811832
32.119858
30.535330
28.993782
27.398510
25.644213
23.818996
21.979456
20.094786
18.270287
16.464413
14.869857
13.267421
11.734470
10.253095
8.813983
7.445072
6.053238
4.387049
2.873438
1.544642
0.136332
-1.261948
-2.491891
-3.751920
-5.077135
-6.502636
-7.814957
-8.885874
-9.957507
-10.962522
-11.950344
-13.041318
-14.347908
-15.525558
-16.505501
-17.635159
-18.965387
-20.250486
-21.277708
-22.266247
-23.326418
-23.742607
-23.324270
-23.298481
-23.507650
-23.971834
-24.647335
-25.554213
-26.743324
-27.784870
-28.716820
-29.675989
-30.617249
-31.365816
-32.202492
-32.946762
-33.723984
-34.517677
-35.104355
-35.705357
-36.324268
-36.841461
-37.406647
-38.010517
-38.744041
-39.328568
-39.910946
-40.547764
-40.957508
-41.529140
-42.200344
-42.779858
-43.153782
-43.418110
-43.744041
-44.164528
-44.818539
-45.299198
-45.801346
-46.334297
-46.697479
-47.156647
-47.845043
-48.257652
-48.619400
-49.047050
-49.447479
-49.797050
-50.191750
-50.653782
-51.157364
-51.611519
-51.966103
-52.463955
-52.655930
-52.910229
-53.285587
-53.771976
-54.181004
-54.352924
-54.575703
-55.019829
-55.590027
-56.009083
-56.350773
-56.789886
-57.243324
-57.443180
-57.582150
-57.716820
-58.030575
-58.347191
-58.542751
-58.657364
-58.670975
-58.707508
-58.844326
-59.148769
-59.440315
-59.547050
-59.566391
-59.648052
-59.645901
-59.677422
-59.627995
-59.713238
-59.979713
-60.011230
-59.845760
-59.678139
-59.804928
-60.175987
-60.312809
-60.240459
-60.204643
-60.132294
-60.054211
-59.957508
-59.922405
-59.915958
-59.851490
-59.872265
-59.879425
-59.792751
-59.904499
-60.045616
-60.203209
-60.310658
-60.200344
-59.828568
-59.564957
-59.471119
-59.415245
-59.425987
-59.214672
-59.118683
-59.065674
-59.043468
-59.090744
-59.035587
-58.774128
-58.574986
-58.471832
-58.484726
-58.627995
-58.742607
-58.997623
-59.102924
-59.217537
-59.357220
-59.128712
-59.037735
-58.947479
-58.861519
-58.629425
-58.355072
-58.145901
-58.047764
-57.787022
-57.466820
-57.312092
-57.203209
-57.045616
-56.799915
-56.789169
-56.816391
-56.709656
-56.666676
-56.565674
-56.327850
-56.297764
-56.229713
-56.201061
-56.160229
-56.082150
-55.683868
-55.465385
-55.560658
-55.471119
-55.319256
-55.087162
-54.955357
-54.796333
-54.621548
-54.421692
-54.328568
-54.090027
-53.795616
-53.895187
-53.973984
-53.844326
-53.811375
-53.600056
-53.625130
-53.659512
-53.699627
-53.622265
-53.529140
-53.495472
-53.404499
-53.133724
-52.823551
-52.532722
-52.225414
-51.989742
-51.876560
-51.726131
-51.552063
-51.249771
-51.148052
-51.151634
-51.003353
-50.766964
-50.502636
-50.196762
-49.814240
-49.294899
-48.998337
-48.811375
-48.615101
-48.479713
-48.282005
-47.999054
-47.732578
-47.517677
-47.204643
-46.655930
-46.078568
-45.697479
-45.572838
-45.408081
-45.253353
-44.940315
-44.532722
-44.329285
-44.176704
-43.931004
-43.590027
-43.372265
-43.250488
-42.949627
-42.592896
-42.383724
-42.004070
-41.529858
-41.204643
-40.991890
-40.806362
-40.678139
-40.540600
-40.216103
-39.933151
-39.679569
-39.407364
-39.191032
-38.982578
-38.734726
-38.436733
-38.139454
-37.868683
-37.477566
-37.283440
-36.980431
-36.677422
-36.347191
-36.191750
-36.103638
-35.863667
-35.418110
-35.023411
-34.834297
-34.903065
-34.915958
-34.597908
-34.056362
-33.681004
-33.350773
-33.084297
-33.052063
-32.808510
-32.345760
-32.043468
-32.051346
-31.965387
-31.546333
-31.218969
-30.883724
-30.704641
-30.682436
-30.552780
-30.269829
-29.893038
-29.508368
-29.292751
-29.112951
-28.815674
-28.405214
-28.095758
-27.893038
-27.665960
-27.448912
-27.178854
-26.920975
-26.664528
-26.434584
-26.307795
-26.133724
-25.950344
-25.757650
-25.478281
-25.289169
-25.120831
-24.837879
-24.519829
-24.340746
-24.302063
-24.138023
-23.842894
-23.473267
-23.309942
-23.230431
-23.163811
-22.972549
-22.850058
-22.740458
-22.778423
-22.823553
-22.790602
-22.726131
-22.385159
-22.115101
-22.085732
-22.030573
-21.697479
-21.527708
-21.393038
-21.371548
-21.145185
-20.696045
-20.197479
-19.928137
-19.780573
-19.686018
-19.625130
-19.572836
-19.472549
-19.062092
-18.812807
-18.686733
-18.670258
-18.498339
-18.203926
-17.938883
-17.708223
-17.601490
-17.507650
-17.234011
-17.073553
-16.903782
-16.772694
-16.685301
-16.646620
-16.528423
-16.312092
-16.127995
-16.010515
-15.844327
-15.542034
-15.127278
-14.779140
-14.397335
-14.101490
-13.920974
-13.805645
-13.456791
-13.221117
-13.155215
-13.054212
-12.956791
-12.640888
-12.338596
-12.053495
-11.872264
-11.617966
-11.436733
-11.342894
-11.180286
-10.999055
-10.864384
-10.708940
-10.311376
-10.111519
-10.087879
-9.809942
-9.567106
-9.462522
-9.261949
-8.904498
-8.620831
-8.554212
-8.668825
-8.572837
-8.332149
-8.247622
-8.157364
-8.203925
-8.368682
-8.553495
-8.751204
-8.814240
-8.618682
-8.500487
-8.445330
-8.320687
-8.167393
-7.975416
-7.812092
-7.638023
-7.597192
-7.575702
-7.597192
-7.435301
-7.140888
-6.733295
-6.552779
-6.331433
-6.249771
-6.098625
-5.844326
-5.554928
-5.375845
-5.282006
-5.181003
-4.941031
-4.726848
-4.599341
-4.348625
-4.105788
-4.059227
-3.917392
-3.809943
-3.675988
-3.362235
-3.158797
-2.932436
-2.823553
-2.796332
-2.668825
-2.576418
-2.461089
-2.135874
-1.923840
-1.805645
-1.771977
-1.896619
-2.102923
-2.476848
-2.576418
-2.619398
-2.764814
-2.966103
-3.167392
-3.038453
-3.168109
-3.207507
-3.328567
-3.251204
-3.297765
-3.106504
-3.077135
-3.162378
-3.070688
-2.895903
-2.888023
-3.028424
-2.948195
-2.763381
-2.609370
-2.265530
-1.966103
-1.588596
-1.453209
-1.284871
-1.067822
-0.985444
-0.922407
-0.681719
-0.454642
-0.281289
-0.053496
0.282464
0.532464
0.719427
0.851948
0.974441
1.134900
1.466562
1.605530
1.835473
2.089054
2.218711
2.278166
2.440057
2.633467
2.851948
3.036762
3.230888
3.424298
3.546791
3.523868
3.558252
3.682178
3.947937
4.084040
4.096934
4.250946
4.543209
4.654957
4.825444
5.039628
5.148510
5.133467
5.142779
5.239484
5.347651
5.407106
5.557536
5.754527
5.781032
5.796074
5.793925
5.785329
5.998080
6.115559
6.326877
6.410687
6.473725
6.710831
6.706533
6.715129
6.675731
6.823295
6.897794
6.854814
6.824011
6.702951
6.745931
6.902808
6.971576
7.157106
7.235903
7.195788
7.180028
7.212264
7.344785
7.524584
7.551089
7.649226
7.705100
7.672149
7.606963
7.551089
7.606246
7.691490
7.530315
7.478739
7.519570
7.581175
7.599800
7.755960
7.867708
7.922149
7.864126
7.954384
8.000229
7.881318
7.855530
7.963696
8.128452
8.137049
7.887765
7.944355
8.087622
8.080459
8.030315
8.099083
8.051089
7.848367
7.661404
7.582607
7.442206
7.166419
7.033181
7.066848
7.185043
7.202235
7.253095
7.245931
7.238051
7.286762
7.195072
7.321863
7.405674
7.520287
7.623438
7.700086
7.693639
7.664269
7.606246
7.561834
7.659255
7.826877
7.916419
7.981605
8.043925
8.023869
7.907822
7.733754
7.723009
7.677163
7.747364
7.851232
7.925731
7.861977
7.874155
8.026733
8.240917
8.447221
8.435043
8.531032
8.584040
8.578309
8.718711
8.686476
8.703668
8.740201
8.777450
8.824728
8.676447
8.513840
8.569714
8.666418
8.679313
8.677163
8.628452
8.488768
8.513124
8.515272
8.641347
8.695788
8.820430
8.858396
8.895645
8.997364
8.863410
8.793209
8.662121
8.706532
8.636333
8.533180
8.602665
8.594069
8.590487
8.667134
8.640631
8.721576
8.920000
8.883467
8.736619
8.788911
8.827593
8.902092
8.877736
8.802522
8.620573
8.485187
8.535330
8.448653
8.712980
8.889915
8.859828
8.859828
8.826877
8.827593
8.932178
8.951519
8.740201
8.569714
8.624871
8.718711
8.849083
8.894928
8.897078
8.602665
8.496648
