-0.224919
-0.186377
-0.057435
-0.088269
0.154898
0.175922
0.016847
0.004233
0.098136
0.198346
0.211661
0.110750
0.142285
0.202551
0.112151
-0.100883
-0.160448
-0.014688
0.023153
-0.072151
-0.165354
-0.184975
-0.131717
-0.017491
-0.013987
-0.039916
0.007737
0.017547
0.056090
0.098837
0.133174
0.202551
0.037870
-0.051128
-0.070750
-0.140827
-0.067947
0.010540
-0.006279
-0.016090
0.070806
-0.105088
-0.187779
-0.193385
-0.032908
0.065900
0.082719
0.020350
0.004233
0.071507
0.157001
0.241093
0.183630
0.061696
-0.116300
-0.063041
-0.071451
-0.088269
-0.084765
-1.159047
-8.141528
-32.490513
-104.451973
-237.058136
-370.906067
-500.866119
-616.760986
-705.084045
-766.299927
-806.262756
-827.608215
-833.629272
-828.451965
-813.264893
-790.512939
-764.950195
-734.828308
-701.847229
-671.257141
-641.575317
-612.437256
-585.286560
-559.444275
-534.825500
-511.922180
-489.946716
-469.011871
-448.801666
-429.174469
-409.787628
-390.778534
-372.373474
-354.423248
-336.807251
-319.259247
-302.030090
-284.830383
-267.812866
-251.566193
-235.315323
-218.721069
-202.627869
-187.076355
-171.587921
-156.494720
-141.834595
-127.264862
-112.821976
-98.632065
-84.758904
-71.067947
-57.643982
-44.852108
-32.342648
-20.107189
-7.931997
3.915235
15.389657
26.325886
36.823433
47.164009
57.017548
66.793999
76.236191
85.438011
94.541725
103.475853
111.835350
120.220070
128.529114
136.606201
144.345505
151.728836
158.822037
165.599884
172.009842
178.372131
184.489166
190.339203
196.077820
201.588669
206.641235
211.430298
216.225677
220.835342
225.209564
229.672775
233.873886
237.819229
241.835342
245.467438
249.023849
252.635620
255.878098
258.827637
261.750549
264.578857
267.217957
269.704315
272.234100
274.376343
276.328674
278.028046
279.676971
281.262115
282.744934
283.933441
285.157013
286.222168
286.974792
287.995819
289.003540
289.684692
290.125458
290.669952
290.941864
291.032959
291.266327
291.246002
291.128265
291.072906
290.942566
290.674164
290.379852
290.234100
289.740051
289.209564
288.704315
288.161896
287.427490
286.549438
285.494080
284.312561
283.143677
282.070099
280.877380
279.492676
278.011230
276.645447
275.137390
273.407166
271.916626
270.264221
268.442902
266.649628
264.946075
263.014740
260.856384
258.798218
256.880188
254.932053
252.551529
250.119156
247.753357
245.556442
243.313278
240.944672
238.497574
236.181534
233.686081
231.236893
229.104446
227.063797
225.102341
222.828339
220.758957
218.733032
216.479355
214.175217
211.798203
209.363724
206.924347
204.414185
201.892807
199.454132
196.786987
194.190643
191.591476
188.960083
186.342712
183.618103
181.115662
178.644730
176.050476
173.553635
171.264923
168.962189
166.566254
164.053284
161.654541
159.379150
156.924347
154.630722
152.269821
149.890701
147.414185
145.195541
142.817123
140.191345
137.612503
135.246002
132.902618
130.358826
127.796806
125.185028
122.272629
119.459732
116.758965
114.058891
111.530510
108.962891
106.372841
103.676971
101.340599
98.979004
96.610397
94.291550
91.927849
89.701500
87.524208
85.219368
82.976906
80.665062
78.330093
75.909630
73.334999
70.943970
68.732330
66.617409
64.477257
62.286644
60.281738
58.386852
56.337799
54.349712
52.714115
50.993019
49.218670
47.319580
45.512291
43.859173
42.128269
40.115654
38.142284
36.230583
34.251606
32.500378
30.763868
28.993021
27.313972
25.620211
23.985312
22.394562
20.836748
19.222172
17.478655
15.794002
14.309769
12.852165
11.374941
9.866180
8.275431
6.764569
5.121262
3.568353
2.047680
0.517197
-1.026601
-2.475095
-3.969138
-5.423938
-6.751899
-8.147835
-9.405718
-10.576006
-11.640476
-12.939706
-14.249446
-15.421836
-16.503126
-17.672010
-18.968437
-20.403616
-21.599833
-22.718262
-24.008381
-25.290792
-26.381191
-27.311815
-28.133118
-29.114899
-30.065844
-30.964933
-31.928493
-33.093174
-34.208801
-35.131718
-36.009083
-36.931297
-37.822678
-38.808662
-39.757504
-40.675514
-41.505226
-42.296398
-43.117001
-44.102283
-44.956524
-45.734379
-46.497520
-47.356663
-47.965633
-48.639774
-49.448463
-50.540268
-51.816368
-53.022396
-54.228424
-55.358067
-56.326530
-57.128914
-57.871029
-58.585815
-59.160450
-59.674114
-60.257156
-60.728775
-61.121204
-61.351757
-61.700745
-62.203896
-62.620853
-63.001373
-63.476498
-63.992264
-64.272575
-64.641174
-64.908875
-65.206001
-65.656593
-66.016792
-66.414825
-66.845100
-67.214409
-67.721062
-67.997169
-68.189880
-68.400810
-68.686028
-68.918686
-69.135223
-69.432350
-69.959328
-70.306908
-70.539566
-70.849304
-71.059540
-71.268364
-71.453369
-71.595627
-71.604034
-71.702843
-71.814972
-71.923592
-72.106491
-72.100182
-71.975449
-72.089668
-72.163956
-72.208801
-72.358063
-72.625061
-72.831085
-72.988060
-73.126808
-73.247345
-73.487007
-73.578812
-73.585114
-73.573906
-73.659401
-73.659401
-73.580208
-73.517845
-73.587219
-73.569000
-73.483505
-73.388199
-73.408524
-73.404320
-73.309013
-73.267670
-73.209503
-72.997169
-72.984558
-72.984558
-72.960732
-72.962128
-72.770821
-72.491211
-72.336342
-72.403618
-72.360870
-72.198990
-72.201096
-72.283783
-72.345451
-72.342651
-72.701447
-73.072151
-73.344749
-73.440758
-73.443558
-73.380493
-73.271172
-73.109993
-72.984558
-72.815666
-72.746994
-72.416229
-72.061638
-71.839493
-71.583717
-71.280281
-70.927094
-70.534660
-70.212303
-69.970543
-69.625763
-69.306206
-68.996468
-68.792542
-68.435852
-68.052528
-67.899765
-67.798149
-67.527649
-67.135925
-66.782036
-66.509430
-66.389603
-66.088272
-65.599129
-65.257156
-65.154144
-64.917984
-64.595627
-64.180771
-63.828281
-63.468086
-63.190582
-62.927094
-62.607540
-62.182171
-61.772221
-61.368576
-61.057434
-60.785538
-60.583012
-60.325130
-59.973343
-59.574604
-59.183575
-58.870331
-58.554981
-58.262760
-57.975445
-57.701443
-57.355965
-57.157646
-56.810062
-56.423237
-56.172363
-55.878738
-55.528355
-55.226322
-54.864021
-54.652390
-54.280281
-53.998569
-53.749096
-53.482803
-53.264862
-52.850006
-52.455475
-52.197590
-51.805859
-51.415527
-50.936203
-50.548676
-50.294998
-50.013988
-49.735081
-49.392403
-48.974743
-48.641876
-48.442860
-48.279579
-47.910973
-47.537464
-47.120506
-46.835289
-46.554283
-46.376286
-46.225620
-45.998569
-45.773624
-45.505226
-45.314617
-44.985256
-44.732979
-44.583012
-44.226322
-43.859818
-43.352459
-43.051128
-42.803055
-42.615948
-42.426743
-42.328632
-42.130314
-41.935501
-41.627163
-41.304108
-41.093174
-40.958626
-40.579510
-40.222115
-39.799553
-39.596329
-39.248043
-38.947414
-38.421135
-37.960728
-37.709152
-37.650288
-37.193386
-36.782032
-36.496117
-36.189178
-36.032909
-35.751198
-35.386097
-35.129616
-34.794647
-34.351059
-33.781330
-33.559189
-33.320225
-33.189880
-33.051830
-33.096680
-33.109291
-33.037815
-32.782734
-32.587219
-32.393806
-32.199692
-31.880140
-31.402916
-31.012587
-30.859818
-30.615950
-30.263462
-29.872431
-29.418333
-28.979650
-28.670610
-28.504526
-28.157646
-27.773623
-27.637674
-27.316019
-26.921486
-26.487709
-26.224920
-26.011885
-25.716160
-25.451969
-25.219313
-25.142929
-25.044121
-24.863321
-24.608240
-24.255053
-23.826881
-23.480701
-23.242439
-22.746994
-22.415529
-22.106489
-21.759607
-21.436552
-21.190582
-20.920784
-20.691633
-20.296398
-19.808662
-19.360868
-19.158346
-18.842299
-18.470890
-18.109293
-17.922888
-17.704247
-17.367876
-17.017490
-16.702145
-16.424639
-16.064444
-15.748395
-15.456875
-15.194786
-14.984555
-14.695837
-14.449867
-14.355964
-14.273973
-14.079860
-14.025901
-13.998570
-14.000672
-14.081963
-14.145732
-14.172361
-13.965634
-13.878738
-13.765915
-13.503826
-13.252951
-12.949516
-12.646083
-12.309011
-11.993665
-11.807260
-11.520645
-11.189180
-10.951619
-10.634871
-10.381892
-10.163252
-10.155543
-10.099482
-9.779930
-9.376987
-9.221416
-8.898360
-8.679720
-8.412025
-8.207400
-7.998570
-7.955122
-7.878738
-7.634871
-7.497519
-7.432348
-7.419734
-7.306209
-7.249446
-7.035711
-6.889250
-6.615950
-6.426041
-6.241037
-6.028704
-5.882243
-5.547274
-5.110694
-4.751198
-4.537463
-4.426742
-4.263462
-4.152740
-4.278879
-4.163251
-3.824779
-3.519243
-3.348956
-3.355963
-3.102284
-2.815669
-2.508732
-2.316720
-2.198991
-1.945312
-1.850708
-1.693735
-1.500322
-1.130315
-0.888549
-0.887148
-0.772922
-0.714758
-0.517842
-0.320925
-0.290091
-0.264163
-0.049727
0.119159
0.220070
0.222873
0.239692
0.387554
0.449222
0.435908
0.462537
0.498276
0.517898
0.574660
0.588676
0.654548
0.707106
0.742845
0.953777
1.192039
1.412081
1.596384
1.782088
2.014744
2.096034
2.323083
2.344106
2.388956
2.548031
2.831142
2.985312
3.065200
3.172418
3.159103
3.372838
3.508087
3.556440
3.608297
3.805214
4.079916
4.087625
4.219369
4.266321
4.355319
4.465340
4.722523
4.883700
5.039972
5.161906
5.121262
5.208858
5.272628
5.435907
5.620911
5.663658
5.749152
5.974100
6.119159
6.217968
6.296454
6.402971
6.501079
6.515095
6.571157
6.564849
6.766671
6.817828
6.782088
6.836048
6.988115
7.164009
7.203251
7.068003
7.044878
7.191339
7.381948
7.349012
7.481458
7.551535
7.662957
7.693090
7.799608
7.785592
7.777183
7.734436
7.697295
7.684681
7.704303
7.717618
7.761766
7.705704
7.630722
7.668563
7.648942
7.715515
7.827639
7.872488
7.840953
7.859874
7.883700
8.075711
8.356020
8.436608
8.494071
8.601290
8.479355
8.311171
8.320981
8.302060
8.423994
8.400869
8.445719
8.488465
8.446419
8.328690
8.388255
8.532614
8.533315
8.639131
8.662256
8.709208
8.770175
8.824836
8.955178
8.934155
8.941864
9.010540
9.039271
8.993020
8.919439
8.943966
8.998627
9.014744
8.964990
8.991619
8.964289
8.974800
8.927849
9.022452
9.115655
9.077113
8.915235
8.861977
8.985312
9.095333
9.196944
9.096734
9.102341
9.192740
9.223574
9.179425
9.239692
9.249502
9.308367
9.372838
9.282438
9.304163
9.382648
9.339201
9.448522
9.442214
9.487063
9.491969
9.456230
9.391759
9.037169
8.728829
8.530512
8.256510
8.014044
7.812922
7.748451
7.691689
7.524905
7.439411
7.534015
7.661556
7.611100
7.474450
7.641934
7.606895
7.727428
7.907526
7.865480
7.864779
7.738640
7.762467
7.701499
7.891408
7.890007
7.853567
7.919439
7.976202
7.811521
7.747050
7.776482
7.761766
7.758262
7.824835
7.785592
7.735837
7.721121
7.647540
7.943265
8.085522
8.133175
8.103042
8.195543
8.253707
8.335697
8.456930
8.574660
8.598486
8.606194
8.464639
8.427498
8.573959
8.482159
8.539621
8.541023
8.681177
8.597085
8.461135
8.478655
8.405073
8.410680
8.356720
8.354618
8.243196
8.248801
8.253006
8.292951
8.332894
8.341304
8.370736
8.377744
8.360224
8.314674
8.182228
8.298556
8.333595
8.338500
8.339201
8.453426
8.408577
8.403672
8.426097
8.651745
8.655249
8.602691
8.509488
8.556440
8.592179
8.714814
8.777183
8.746349
8.654548
8.532614
8.543125
8.547330
8.468143
8.533315
8.669965
8.669965
8.781387
8.794002
8.838851
8.818528
8.818528
