-0.061533
-0.040043
0.039470
0.130444
0.148352
0.144054
0.095344
0.085315
0.007235
0.045201
0.026576
0.056662
-0.004226
-0.182593
-0.328725
-0.341619
-0.171132
-0.100215
0.053080
0.032307
0.082450
0.018696
0.012966
0.035888
0.093911
-0.043625
-0.151074
-0.138181
-0.021418
0.052364
0.078868
0.063109
0.014398
-0.053653
-0.067264
0.017264
0.150501
0.192049
0.212106
0.191332
0.104656
0.056662
-0.062249
-0.070845
-0.144628
-0.084456
-0.083023
-0.065831
-0.002794
-0.022135
0.157665
0.227865
0.341762
0.309527
0.166977
-0.024284
-0.014255
0.122564
0.136891
-0.487034
-5.250645
-28.626719
-117.104515
-292.078735
-486.094482
-675.075134
-847.143921
-987.598755
-1091.727051
-1164.897461
-1211.849487
-1235.841675
-1241.092285
-1232.071533
-1212.086548
-1183.623169
-1150.090210
-1114.095947
-1076.905396
-1038.875244
-1001.249207
-964.338013
-928.262817
-893.964844
-861.304382
-829.229858
-797.867432
-767.608826
-737.942627
-709.067993
-680.931152
-653.169006
-625.883911
-598.728455
-571.701904
-545.303650
-519.423279
-493.607391
-468.204803
-443.333740
-418.735596
-394.893921
-371.292206
-347.846619
-324.624573
-301.727722
-279.100220
-257.054382
-235.433304
-214.213394
-193.379578
-172.841614
-152.441193
-132.568695
-113.095917
-94.171844
-75.463394
-57.147491
-39.454082
-22.169699
-5.340186
11.199212
27.492908
43.224285
58.486462
73.502220
88.237175
102.520126
116.511536
130.248642
143.429153
156.302368
168.899780
180.997208
192.881165
204.472137
215.792328
226.665543
237.189896
247.599640
257.995789
268.093201
277.791626
287.297363
296.430573
305.125427
313.371124
321.487183
329.356812
336.737183
343.788025
350.704224
357.328156
363.480011
369.593201
375.735748
381.652649
387.362549
392.800934
398.095337
403.164825
407.609680
411.649780
415.400513
419.019409
422.345337
425.590332
428.641174
431.432007
434.327423
436.944183
439.418396
441.505096
443.551636
445.594635
447.333893
448.795929
450.057373
451.078857
451.740753
452.227142
452.731445
452.973572
453.128998
453.184174
453.340332
453.319550
452.959961
452.573151
452.240753
451.700653
450.867554
450.114685
449.411255
448.485016
447.560974
446.752228
445.860382
444.531586
443.235016
441.732880
440.240753
438.556671
436.802368
434.846771
432.911255
430.873993
428.601776
426.209961
423.878296
421.414124
419.218567
416.895477
414.570984
412.112549
409.343201
406.495056
403.813110
401.068115
398.040894
395.051636
392.175568
388.974274
385.938477
382.790894
379.831024
376.798065
373.591766
370.141174
366.896210
363.515839
359.794495
356.028015
352.253662
348.452087
344.541626
340.619690
336.725708
332.887604
329.041626
325.068848
321.253662
317.421265
313.539459
309.616119
305.735748
302.000793
298.644775
295.028717
291.236450
287.374725
283.560974
279.982178
276.483582
272.896210
269.338898
265.834595
262.305237
258.835327
255.086029
251.476425
247.995773
244.429871
240.831024
237.146210
233.495773
229.838898
225.972137
222.090332
218.281586
214.621841
210.774429
207.048782
203.459961
199.952789
196.458527
192.906235
189.298782
185.553802
181.714966
177.802368
173.841766
169.745056
165.824570
162.179871
158.628296
155.190613
151.588898
148.071701
144.787323
141.526581
138.229294
134.785172
131.484314
128.521561
125.576721
122.552361
119.545914
116.646919
113.453506
110.202797
107.105370
104.236458
101.208527
98.128296
95.341049
92.663399
89.617554
86.432022
83.581017
80.921989
78.128296
75.057381
71.911247
68.260818
64.088181
59.685600
55.447063
52.707809
49.977150
47.248638
44.509384
41.945629
39.346062
36.798065
34.150501
31.552364
28.913395
26.212107
23.532307
20.962107
18.309526
15.662679
13.083166
10.853224
8.603940
6.281590
4.139757
2.175573
0.144771
-2.069413
-4.479155
-7.014255
-9.149642
-11.345201
-13.268553
-15.063682
-16.935459
-19.033596
-20.834455
-22.556519
-24.237034
-26.181160
-28.153940
-29.944054
-31.712679
-33.396778
-34.939758
-36.288609
-37.726288
-39.160385
-40.651073
-41.965546
-43.353798
-44.801506
-46.207664
-47.608810
-48.974857
-50.371704
-51.653938
-52.814400
-54.051506
-55.428295
-56.908955
-58.067982
-59.226288
-60.353798
-61.539326
-62.931160
-64.449066
-65.786461
-66.961960
-67.961243
-68.904655
-70.216263
-71.343765
-72.395348
-73.287178
-74.259239
-75.437607
-76.542908
-77.380302
-78.510674
-79.543625
-80.500648
-81.686172
-82.746346
-83.802223
-84.707664
-85.457664
-86.280731
-87.078011
-87.916832
-88.756378
-89.667549
-90.337318
-90.928291
-91.729156
-92.477005
-93.177582
-93.847351
-94.479156
-95.382446
-96.372421
-97.370987
-98.244911
-98.858810
-99.634598
-100.340187
-100.960533
-101.284309
-101.686890
-102.228439
-102.798637
-103.038612
-103.227005
-103.386749
-103.648926
-103.899643
-103.977722
-104.267120
-104.783592
-105.161819
-105.540047
-105.706230
-105.885315
-106.070847
-106.295059
-106.764252
-107.161819
-107.590187
-107.867409
-108.036461
-108.401794
-108.795776
-108.959099
-109.151077
-109.051506
-109.083740
-109.232735
-109.552223
-109.878868
-110.060814
-110.099495
-110.068695
-110.083740
-110.207664
-110.242767
-110.227005
-110.100212
-110.213394
-110.368843
-110.388893
-110.285027
-110.340187
-110.492767
-110.489182
-110.499931
-110.557953
-110.523567
-110.518555
-110.360962
-110.333023
-110.451935
-110.507805
-110.463394
-110.520699
-110.484169
-110.445488
-110.403221
-110.357376
-110.422562
-110.384598
-110.176147
-110.131020
-110.138893
-109.903221
-109.609528
-109.409668
-109.275719
-109.037178
-108.949066
-108.727722
-108.403221
-108.172562
-108.133163
-108.051506
-107.774284
-107.391762
-107.186890
-106.991333
-106.777863
-106.447639
-106.086601
-105.785027
-105.434029
-105.185455
-104.901077
-104.739182
-104.345917
-104.000648
-103.825859
-103.492050
-103.002792
-102.857376
-102.721992
-102.500648
-102.184029
-101.965546
-101.701935
-101.553650
-101.354515
-101.289330
-101.175430
-101.091621
-101.166115
-101.063683
-100.835175
-100.547203
-100.298637
-100.078011
-99.935455
-99.687607
-99.337318
-98.867409
-98.392479
-97.986320
-97.799355
-97.418266
-97.052223
-96.626717
-96.259956
-95.888893
-95.537895
-95.068695
-94.499931
-94.011391
-93.513542
-92.895348
-92.331589
-91.814400
-91.383881
-90.914688
-90.247780
-89.608093
-89.128868
-88.597351
-88.090187
-87.612396
-87.015686
-86.600929
-86.212677
-85.817261
-85.171135
-84.552223
-84.065834
-83.694771
-83.251358
-82.828728
-82.252075
-81.598785
-81.061531
-80.727722
-80.334457
-79.762825
-79.204796
-78.620987
-78.023567
-77.347351
-76.890327
-76.415398
-75.891762
-75.405373
-74.978439
-74.562248
-73.951935
-73.508522
-73.138893
-72.701935
-72.080872
-71.516403
-71.062965
-70.616692
-70.131737
-69.543625
-69.092339
-68.773567
-68.357376
-68.044342
-67.660385
-67.272133
-66.798637
-66.276436
-65.911819
-65.499214
-65.125999
-64.707664
-64.144630
-63.726288
-63.400356
-63.068695
-62.642479
-62.060101
-61.575859
-61.025002
-60.545773
-60.033596
-59.437607
-58.927578
-58.395344
-57.865257
-57.381733
-56.947636
-56.552219
-56.236317
-55.860958
-55.341618
-54.827293
-54.239899
-53.790043
-53.426861
-53.253510
-52.845200
-52.420414
-51.935459
-51.517838
-51.073711
-50.574429
-49.954082
-49.532879
-49.123138
-48.537178
-48.065113
-47.737034
-47.405373
-46.950500
-46.519985
-46.115257
-45.815830
-45.535030
-45.360245
-45.354511
-45.415401
-45.449783
-45.170414
-44.920414
-44.457664
-44.076576
-43.807236
-43.553654
-43.072994
-42.555801
-42.302219
-41.937607
-41.317982
-40.675430
-40.365257
-39.994198
-39.525002
-39.076576
-38.700500
-38.405373
-37.901791
-37.486317
-37.235603
-36.804371
-36.461246
-36.118839
-35.693336
-35.337322
-35.083740
-34.714111
-34.397491
-34.110958
-33.870987
-33.555801
-33.400356
-33.202652
-32.852364
-32.512108
-32.202652
-31.926146
-31.495630
-30.930445
-30.399641
-29.994913
-29.568697
-29.097349
-28.546490
-27.887465
-27.474857
-27.112392
-26.763538
-26.376719
-25.878868
-25.522852
-25.252077
-24.836605
-24.388897
-23.841619
-23.449068
-23.096634
-22.714828
-22.411102
-22.067980
-21.611677
-21.168983
-20.909670
-20.547922
-20.017838
-19.527149
-19.145344
-18.842335
-18.488466
-18.214111
-17.893911
-17.545057
-17.149641
-16.724857
-16.477722
-16.268553
-16.061533
-15.792192
-15.513538
-15.156805
-14.938324
-14.721992
-14.806519
-15.056519
-15.285745
-15.185458
-14.932593
-14.652507
-14.302937
-13.990616
-13.679011
-13.223424
-12.763538
-12.288610
-11.920416
-11.610244
-11.302220
-10.993482
-10.751361
-10.752077
-10.574427
-10.329441
-9.913252
-9.504943
-9.287894
-8.934742
-8.660387
-8.434026
-8.088754
-7.780731
-7.528582
-7.330874
-7.138897
-6.978438
-6.580158
-6.140329
-5.713396
-5.283596
-5.017837
-4.722708
-4.510674
-4.365974
-4.213396
-3.844484
-3.340903
-2.994914
-2.607378
-2.370989
-2.258524
-2.136748
-2.156089
-2.168267
-2.170415
-2.130301
-2.126003
-2.203367
-2.115258
-2.072278
-1.962679
-1.915401
-1.815115
-1.658238
-1.439756
-1.257808
-1.358811
-1.314398
-1.224140
-1.137464
-1.113109
-0.936891
-0.802221
-0.562966
-0.402507
-0.218410
0.070272
0.437034
0.737894
1.184885
1.498639
1.788037
2.105372
2.354656
2.578868
2.823138
3.125430
3.476433
3.838897
4.056662
4.150501
4.290903
4.602507
4.866117
4.981447
5.208524
5.386175
5.570989
5.665545
5.847493
6.069556
6.286604
6.400501
6.513682
6.827435
7.127579
7.346060
7.580301
7.726433
7.899069
7.993625
8.268696
8.404083
8.606089
8.709241
8.871132
8.982163
9.182736
9.406232
9.520129
9.711390
9.897636
10.155516
10.404799
10.602508
10.722135
10.785889
10.937035
11.030874
10.980731
10.909098
11.100358
11.233596
11.444914
11.584599
11.810960
12.033739
12.207808
12.295917
12.498639
12.553797
12.722851
12.729298
12.596777
12.605372
12.519413
12.681304
12.864685
12.894054
12.831734
12.853940
13.052364
13.198496
13.240043
13.195630
13.174140
13.244341
13.367550
13.444914
13.363252
13.243625
13.207808
13.289470
13.434169
13.545200
13.690616
13.778725
13.951361
14.025860
14.118266
14.346060
14.381161
14.315974
14.302364
14.382593
14.445630
14.566690
14.678438
14.765831
14.724283
14.629011
14.602508
14.789470
14.695630
14.596060
14.229298
13.955659
13.870416
13.623997
13.381877
13.134026
12.876146
12.792336
12.916977
13.105372
13.166977
13.230015
13.338181
13.459241
13.552364
13.551647
13.559527
13.540186
13.505086
13.462106
13.457808
13.669843
13.772278
13.881877
13.917693
13.964972
14.063108
14.338181
14.432020
14.393338
14.477149
14.608954
14.656948
14.589613
14.623281
14.640472
14.641906
14.659814
14.655516
14.677722
14.857521
15.013682
15.118983
15.234312
15.225717
15.238610
15.369699
15.302364
15.303797
15.397636
15.261533
15.144054
15.217836
15.190616
15.240759
15.217120
15.234312
15.281590
15.416261
15.515831
15.548066
15.444198
15.470702
15.722135
15.771562
15.767263
15.851074
15.913396
15.831734
15.797350
15.697063
15.634742
15.498639
15.525144
15.545200
15.409098
15.364685
15.275144
15.266547
15.279441
15.315258
15.348926
15.518696
15.553797
15.629727
15.453510
15.566690
15.651217
15.613969
15.586748
15.707091
15.780158
15.830301
15.718553
15.656948
15.560960
15.575287
15.455659
15.459241
15.362535
15.371132
15.596777
15.780158
15.905516
15.914828
15.861819
