-0.119295
0.051504
0.084011
0.115416
0.100540
0.157289
0.269135
0.279603
0.183185
0.122028
0.076848
0.141311
0.068584
-0.012408
-0.135824
-0.294501
-0.347394
-0.259791
-0.156760
-0.069157
-0.204694
-0.126457
-0.025080
0.082358
0.058667
0.007427
-0.067504
-0.088992
0.036077
0.047096
0.015140
-0.019019
-0.012408
-0.004694
0.136904
0.174920
0.099438
-0.061994
-0.123702
-0.166127
-0.117091
-0.102766
-0.076320
-0.112683
-0.069708
0.028915
0.074094
0.118722
0.145168
0.099989
0.032220
-0.093399
-0.165025
-0.076871
0.085664
0.183736
0.125333
0.162799
0.060320
-0.196981
-2.934171
-24.255383
-156.788162
-492.820679
-937.884033
-1379.065796
-1762.110474
-2056.760010
-2261.313721
-2398.645508
-2484.179932
-2528.734131
-2540.493896
-2526.276367
-2493.853271
-2448.073486
-2392.071289
-2330.459229
-2266.235596
-2200.871338
-2135.822266
-2071.477539
-2007.628906
-1945.242188
-1884.465820
-1824.482910
-1766.095581
-1708.645508
-1651.762817
-1595.976074
-1540.894531
-1485.711548
-1431.599243
-1378.719849
-1326.047119
-1273.929199
-1222.311035
-1170.730347
-1120.096191
-1070.179932
-1020.726440
-972.015686
-924.162292
-877.012939
-830.589844
-784.665833
-739.369995
-694.556763
-650.210754
-606.622864
-563.953430
-521.711060
-479.799194
-438.540222
-398.154572
-358.791473
-320.044922
-282.101105
-245.014618
-208.607452
-172.767776
-137.382111
-102.165024
-67.812958
-34.100010
-0.670810
31.814039
63.343513
95.238831
126.315414
156.568863
186.184845
215.561142
243.788696
271.982635
299.347382
325.663635
351.597504
377.845428
403.153992
428.252045
452.171051
475.292267
497.362244
518.288391
538.524780
558.177673
577.183716
595.733032
613.812927
631.370483
648.410156
665.070801
681.004700
696.499451
711.613464
726.273560
740.479614
754.178223
767.356201
779.992554
793.091736
806.070251
818.355652
829.825623
840.624512
850.984314
860.647644
869.649841
878.067505
886.450378
895.763367
905.259766
914.049866
922.053711
929.510986
935.943542
941.069702
945.820129
950.329712
954.479065
958.342957
961.823975
964.850403
967.395325
969.549011
971.562805
973.352905
974.800842
975.524780
976.152344
976.713196
976.766663
976.365540
975.879028
975.099976
974.092285
972.776001
971.581543
970.002991
968.271912
966.401917
964.140747
961.765564
959.147949
956.250427
953.347900
950.253174
947.050415
943.740234
940.059204
936.328064
932.594177
928.663086
924.357300
919.797485
915.092834
910.292847
905.274109
899.961670
894.540771
889.118164
883.749573
878.364441
872.800293
867.160583
861.096680
855.100525
848.964478
842.696106
836.331970
829.837158
823.227783
816.684570
810.004700
803.292847
796.404114
789.474121
782.559509
775.530823
768.258667
761.022278
753.670227
746.161682
738.406860
730.765564
723.161133
715.515442
707.769409
699.849854
691.884583
684.182617
676.595276
668.719849
660.500000
652.049316
643.399719
634.969971
626.605225
618.397522
610.337463
602.503845
594.683472
586.728638
578.798584
570.891174
562.992554
555.366638
547.863647
540.060303
532.314880
524.579895
516.767761
508.997498
501.255371
493.395844
485.679047
478.241028
470.728088
462.845428
454.896118
447.129181
439.610168
431.888977
424.349030
416.835541
409.424500
402.110443
394.970520
387.989258
380.951782
373.866394
366.630005
359.172729
351.759491
344.511017
337.356201
330.301086
323.412384
316.648743
310.124786
303.647644
296.951782
290.043243
283.240479
276.551788
269.857574
263.161133
256.386505
249.823959
243.506607
237.318176
231.096680
224.724777
218.583191
212.520920
206.317062
200.046539
193.830017
187.936905
182.133041
176.307144
170.562805
164.955078
159.157837
153.439377
147.714859
142.098892
136.468033
130.850403
125.158394
119.410179
113.693932
108.280708
103.117065
97.890068
92.731392
87.755638
82.782631
77.863625
72.939659
68.136353
63.424507
58.631119
53.857014
49.081806
44.413486
39.826160
35.485111
31.021751
26.584837
22.177675
17.711559
13.201918
8.787042
4.515416
0.330843
-3.882380
-8.131416
-12.368331
-16.388716
-20.468607
-24.464199
-28.330866
-32.205246
-36.012959
-39.741333
-43.425632
-47.117641
-50.677971
-54.186512
-57.707172
-61.162270
-64.577148
-68.108826
-71.616264
-75.079071
-78.430038
-81.790367
-85.175491
-88.491745
-91.804146
-95.310478
-98.698357
-101.847122
-104.886238
-108.033897
-110.999733
-113.890091
-116.836098
-119.820122
-122.795876
-125.654282
-128.347946
-131.147400
-134.081284
-136.892303
-139.688446
-142.370529
-145.090637
-147.776047
-150.307724
-152.711029
-155.234451
-157.931961
-160.663101
-163.260345
-165.595886
-167.750153
-170.017365
-172.306076
-174.516541
-176.486237
-178.394775
-180.138580
-181.969986
-183.788712
-185.569427
-187.386505
-189.157318
-190.629486
-192.109924
-193.608551
-195.313232
-197.124252
-198.769440
-200.368881
-201.765579
-203.152908
-204.687332
-206.233902
-207.612961
-208.736923
-209.853729
-211.127563
-212.413513
-213.725357
-214.938583
-216.090637
-216.920944
-217.921494
-219.063095
-220.022324
-220.976593
-222.027832
-222.903870
-223.731415
-224.582657
-225.259247
-226.071915
-226.712677
-227.447113
-228.215714
-228.933075
-229.547394
-230.095047
-230.658691
-231.363373
-231.999191
-232.569427
-233.096710
-233.538025
-234.119843
-234.525909
-235.014053
-235.687897
-236.228943
-236.478531
-236.696701
-236.977692
-237.330872
-237.745193
-237.963379
-237.993118
-238.243820
-238.568878
-238.724258
-239.065857
-239.312683
-239.344635
-239.649872
-239.970535
-240.087891
-240.246017
-240.547394
-240.821228
-240.956757
-241.006897
-240.843811
-240.830597
-240.845459
-240.675217
-240.465302
-240.377151
-240.125900
-239.929764
-239.793671
-239.582108
-239.414062
-239.176590
-238.833344
-238.407455
-238.219574
-238.190918
-238.511032
-238.989273
-239.214066
-239.242706
-239.152908
-239.026733
-238.744095
-238.339676
-237.718750
-237.139679
-236.599182
-236.165573
-235.609100
-235.043259
-234.569977
-234.116547
-233.392029
-232.558960
-231.831146
-231.338028
-230.748489
-229.981552
-229.233902
-228.727554
-228.124252
-227.319290
-226.499466
-225.724808
-225.014053
-224.385956
-223.476868
-222.754562
-222.014618
-221.329208
-220.728668
-220.259796
-219.489548
-218.531967
-217.496155
-216.543533
-215.710480
-214.923157
-214.228943
-213.413513
-212.574936
-211.658691
-210.849319
-209.977692
-209.186508
-208.325348
-207.343536
-206.391464
-205.484039
-204.654831
-203.742981
-202.700012
-201.604141
-200.715439
-199.782654
-198.863098
-197.928116
-197.134171
-196.305527
-195.301666
-194.230042
-193.077972
-192.026184
-191.108826
-190.200287
-189.188721
-188.162827
-187.133621
-185.985962
-185.001389
-184.072464
-182.938583
-181.858139
-181.027832
-180.246017
-179.231689
-178.194778
-177.222870
-176.310486
-175.286789
-174.178253
-173.340790
-172.557312
-171.685684
-170.837753
-169.985413
-169.135818
-168.073563
-167.265854
-166.380447
-165.430038
-164.410751
-163.265305
-162.124802
-161.051529
-160.027832
-158.989273
-157.825638
-156.727554
-155.558960
-154.373840
-153.450424
-152.445465
-151.332520
-150.276321
-149.264755
-148.320953
-147.378799
-146.457581
-145.509384
-144.575500
-143.655930
-142.815720
-142.128113
-141.427277
-140.661438
-139.908829
-139.110474
-138.376602
-137.331970
-136.131973
-134.968338
-133.979904
-132.978806
-131.808548
-130.626740
-129.445465
-128.358414
-127.438301
-126.395882
-125.447121
-124.394226
-123.387062
-122.352356
-121.277969
-120.497810
-119.842712
-119.132515
-118.160614
-117.184311
-116.328110
-115.398079
-114.238853
-112.924255
-111.617920
-110.525352
-109.572739
-108.886787
-108.276321
-107.762817
-107.149048
-106.501663
-105.584305
-104.555107
-103.519295
-102.652077
-101.564476
-100.480728
-99.404144
-98.281281
-97.057587
-95.812408
-94.675217
-93.855934
-92.940781
-91.661446
-90.522598
-89.423424
-88.328659
-87.398636
-86.415161
-85.412956
-84.466400
-83.514336
-82.524254
-81.460342
-80.323700
-79.207451
-78.279625
-77.385963
-76.463646
-75.564476
-74.507721
-73.482933
-72.468605
-71.454834
-70.480179
-69.583206
-68.778801
-67.876320
-66.888443
-65.792572
-64.934174
-64.102219
-63.167229
-62.258137
-61.302765
-60.425632
-59.725357
-58.817368
-57.868607
-56.914337
-55.999184
-55.165577
-54.397533
-53.614059
-52.974941
-52.346844
-51.515438
-50.657585
-50.001389
-49.242161
-48.350700
-47.503315
-46.642159
-45.739128
-44.949596
-44.292297
-43.637753
-42.881828
-42.186512
-41.362820
-40.497257
-39.734722
-39.011307
-38.466404
-37.892849
-37.085686
-36.273014
-35.573841
-34.919846
-34.230038
-33.457035
-32.577698
-31.924253
-31.340231
-30.682932
-29.872463
-29.042711
-28.274117
-27.513235
-26.992573
-26.507725
-25.857586
-25.275768
-24.721498
-24.113785
-23.510479
-23.026733
-22.444365
-21.910479
-21.316540
-20.630039
-20.042160
-19.408001
-19.021774
-18.464748
-17.847670
-17.301664
-16.841059
-16.419571
-15.895052
-15.306071
-14.760617
-14.392022
-14.005245
-13.697807
-13.355659
-12.938579
-12.417366
-12.003592
-11.579901
-11.015714
-10.412959
-9.880727
-9.422876
-9.009102
-8.626182
-8.621774
-9.000286
-9.489543
-9.652628
-9.778248
-9.950149
-9.612408
-9.254281
-8.718744
-8.237752
-7.903868
-7.458138
-6.905520
-6.533069
-6.115438
-5.662546
-5.144639
-4.631691
-4.216815
-3.661994
-3.290094
-2.763923
-2.238854
-1.714336
-1.164474
-0.637752
-0.236650
0.223405
0.891725
1.666380
2.274094
2.556738
2.893928
3.458667
4.039383
4.409631
4.954535
5.565554
6.033322
6.336904
6.679052
7.126986
7.695581
8.192000
8.546821
8.939658
9.352881
9.863074
10.274094
10.550127
10.999714
11.543515
12.013488
12.325884
12.768309
13.352330
13.879603
14.172716
14.557840
14.962248
15.272441
15.632771
16.039383
16.415140
16.642138
16.831118
17.018446
17.400265
17.912109
18.287317
18.606325
18.929190
19.229465
19.337454
19.620649
19.882910
20.206326
20.557840
20.818447
21.048750
21.281256
21.539658
21.794205
21.924782
22.191448
22.530293
22.665829
22.686766
22.778776
22.963350
23.277399
23.540760
23.813488
24.111559
24.317619
24.648748
24.902744
25.095030
25.186491
25.421753
25.545168
25.790897
25.992001
26.184286
26.395306
26.592550
26.673542
26.924231
27.178226
27.509907
27.725334
28.006325
28.091173
28.258116
28.566656
28.803019
28.853708
28.772717
28.563351
28.265278
27.998611
27.720926
27.573267
27.493378
27.403019
27.341311
27.443790
27.606325
27.881256
28.070236
28.332497
28.588694
28.677399
28.627813
28.583736
28.703846
28.964453
29.195856
29.308254
29.458117
29.646545
29.892275
30.057014
30.200264
30.249851
30.184286
30.210182
30.276848
30.516518
30.555635
30.557840
30.658115
30.682909
30.904947
31.063074
31.236628
31.224506
31.312660
31.473543
31.389795
31.475746
31.545719
31.677399
31.902744
32.125332
32.187592
32.293930
32.423405
32.572166
32.655910
32.793102
32.775471
32.805222
32.970512
33.131947
33.036629
33.057564
33.215691
33.255360
33.235527
33.124233
33.222855
33.308804
33.397511
33.458668
33.469135
33.467484
33.543514
33.520927
33.542412
33.714314
33.887318
34.047096
34.173817
34.299988
34.434975
34.493927
34.420650
34.453709
34.432770
34.436626
34.323128
34.459770
34.458115
34.473541
34.341312
34.325886
34.275196
34.254810
34.304398
34.272991
34.244343
34.239933
34.247646
34.234974
34.259769
34.215691
34.111561
33.861420
33.514866
33.031120
31.998060
30.576021
29.104397
27.747372
27.031670
27.006876
26.874094
26.788694
26.947372
27.137455
27.137455
27.029465
27.029465
27.191999
27.311560
27.356739
27.418997
