-0.112267
-0.049662
0.030711
0.092470
0.003638
0.047631
-0.024281
-0.014975
0.047631
-0.053892
-0.031895
-0.025127
0.025635
0.125465
0.130541
0.045093
-0.004822
-0.060660
-0.058122
-0.044585
0.040863
0.095008
0.034095
-0.130034
-0.116497
-0.093655
0.060321
0.099239
0.121235
0.070474
-0.017513
-0.036125
-0.060660
-0.053892
-0.078426
-0.012437
0.095854
0.167766
0.139848
0.028173
-0.049662
-0.032741
0.011252
-0.038663
-0.009052
0.047631
0.005330
0.066244
-0.150338
-0.272166
-0.139340
0.088240
0.232910
0.052707
-0.008206
0.066244
0.104315
-0.049662
-0.060660
0.027327
-1.257783
-15.432910
-107.881302
-362.848297
-687.612244
-996.954041
-1253.411743
-1438.086914
-1549.752686
-1608.405884
-1636.386353
-1648.244263
-1649.778931
-1641.182495
-1625.779785
-1607.437134
-1587.063232
-1565.270508
-1542.789062
-1519.724731
-1495.878784
-1471.507324
-1445.899048
-1419.172363
-1392.499756
-1365.349976
-1337.279785
-1308.729858
-1279.575073
-1250.163086
-1220.601318
-1190.525146
-1160.048828
-1129.909180
-1099.532715
-1069.058960
-1038.385498
-1007.579285
-976.470154
-945.322937
-913.782288
-882.373718
-851.174011
-819.996338
-789.148621
-758.504822
-727.858459
-697.753540
-667.971802
-638.174866
-608.369446
-578.786560
-549.298401
-520.126648
-491.239166
-462.643585
-434.349152
-406.145264
-378.155426
-350.751007
-323.896545
-297.342377
-270.549652
-244.146103
-217.923599
-191.821228
-165.764557
-139.974365
-114.796700
-89.894836
-65.244247
-40.915989
-17.153723
5.902115
28.737141
51.254063
73.128006
94.650002
115.962181
137.218521
157.952881
178.270142
198.950333
219.226135
238.474030
257.569641
276.151703
294.381805
312.202454
329.735443
347.006165
363.918182
380.597534
396.781982
412.815826
428.661011
443.798889
458.307373
472.293823
486.035797
499.415649
512.550171
525.571350
538.042542
549.805664
561.013794
572.096680
582.773499
593.254089
603.444397
613.291260
623.020569
632.358093
641.396179
650.233765
658.671997
666.959656
675.219360
683.079773
690.493469
697.419861
704.040039
710.515503
716.643250
722.610229
728.188049
733.583191
738.545105
743.174561
747.452881
751.309082
755.001099
758.220215
761.048462
763.750671
766.369995
768.523926
770.314148
771.758301
773.224426
774.650024
775.984192
777.105164
778.053528
778.509583
778.614441
778.644897
778.517151
777.928345
777.151672
776.163513
775.051880
773.930908
772.468079
771.083191
769.438477
767.516357
765.454590
763.324280
761.187195
758.721924
756.078064
753.285339
750.494324
747.535767
744.414795
741.062012
737.686401
734.355591
730.676208
727.015503
723.330200
719.422424
715.375916
711.266724
706.854736
702.528198
697.924988
692.831055
687.853882
682.973999
678.003662
672.963867
667.820923
662.685547
657.504456
652.210938
646.776062
641.376709
635.948669
630.304810
624.500244
618.648315
612.918213
607.006165
601.136475
595.510376
589.776062
583.611938
577.364868
571.012939
564.689758
558.344604
551.825134
545.177917
538.811584
532.682129
526.410583
520.278625
514.370789
508.572174
502.397888
495.992645
489.705841
483.515472
476.975708
470.506165
464.174530
458.017181
451.924957
445.687225
439.120392
432.529022
426.029022
419.528168
413.117859
406.796356
400.340363
394.154236
387.687225
381.425812
375.308197
368.974030
362.679596
356.344574
350.077240
343.570465
337.203308
330.913971
324.466400
318.194824
312.220215
306.004486
299.761688
294.002777
288.197388
282.309052
276.286224
270.276062
264.043396
258.002777
252.291290
246.573853
240.674530
234.886047
229.238831
223.430038
217.628845
212.056931
206.542557
200.865738
195.281128
189.736298
184.359818
178.932571
173.549316
168.226135
162.998566
157.865738
152.629700
147.545944
142.453720
137.519714
132.331055
127.336128
122.369965
117.419037
112.455414
107.464722
102.457954
97.505333
92.701607
87.886040
83.175385
78.461334
74.116158
69.815819
65.298897
60.868275
56.630543
52.684689
48.568783
44.358120
40.410576
36.377579
32.351353
28.298054
24.517174
20.513790
16.425804
12.544247
8.763367
5.144924
1.331895
-2.257783
-5.699408
-9.445601
-13.140186
-16.767090
-20.257784
-23.663876
-26.966751
-30.365229
-33.807697
-37.115650
-40.451523
-43.817005
-47.074196
-50.056431
-52.970982
-56.105499
-59.453217
-62.810238
-66.163033
-69.260323
-72.514977
-75.514977
-78.217171
-80.990440
-84.051353
-86.930374
-89.668953
-92.163033
-94.866920
-97.680794
-100.284859
-103.025970
-105.587730
-107.840691
-110.229019
-112.719711
-114.976059
-117.060661
-119.111420
-121.391457
-123.723946
-125.973518
-128.357620
-130.596191
-132.751022
-134.917679
-137.190948
-139.267090
-140.926987
-142.845764
-144.740860
-146.459137
-148.149490
-149.653717
-151.138489
-152.624115
-154.278931
-156.041199
-157.778091
-159.386383
-160.863541
-162.261169
-163.842392
-165.506516
-166.971832
-168.157959
-169.281479
-170.675720
-171.994675
-173.191788
-174.201096
-175.186722
-176.398224
-177.596191
-178.907532
-180.141037
-181.297546
-182.443069
-183.582657
-184.498901
-185.544586
-186.269623
-187.037811
-187.943909
-188.924454
-189.821228
-190.575043
-191.343231
-192.284851
-193.055588
-193.731552
-194.203644
-194.832230
-195.708710
-196.567429
-197.238327
-197.939682
-198.394836
-198.997208
-199.799240
-200.323776
-201.117340
-201.953217
-202.783157
-203.293320
-203.814468
-204.487061
-204.922760
-205.194336
-205.550507
-205.981140
-206.384689
-206.799240
-207.079269
-207.271317
-207.294159
-207.337311
-207.400757
-207.344070
-207.703644
-208.102966
-208.229019
-208.477753
-208.656265
-208.620728
-208.606339
-208.492981
-208.385529
-208.112274
-207.827164
-207.627502
-207.860992
-207.834778
-207.393143
-207.119888
-207.087738
-206.941376
-206.703644
-206.447296
-206.260315
-205.904144
-205.656265
-205.279785
-204.888077
-204.595352
-204.250168
-204.061508
-203.981140
-203.688416
-203.142731
-203.030197
-202.815308
-202.220566
-201.376221
-200.954056
-200.879608
-200.816162
-200.415985
-200.036133
-199.639343
-199.198563
-198.675720
-198.097046
-197.565735
-197.144409
-196.857620
-196.504822
-195.815308
-195.361847
-194.771317
-194.085190
-193.456604
-192.816162
-192.192642
-191.462524
-190.806000
-190.157959
-189.635956
-188.913452
-188.187561
-187.518356
-186.775543
-185.848312
-185.257782
-184.827164
-184.122421
-183.302628
-182.597885
-181.948990
-181.150345
-180.425293
-179.794159
-179.035278
-177.997208
-177.235794
-176.651184
-175.962524
-175.337311
-174.636795
-173.936295
-173.109726
-172.313614
-171.501434
-170.774704
-170.122421
-169.250168
-168.449829
-167.802628
-167.037811
-165.884689
-164.944748
-164.340698
-163.742554
-162.937134
-161.898224
-160.917679
-160.180801
-159.435455
-158.608887
-157.970978
-157.211258
-156.493820
-155.555588
-154.585190
-153.873688
-153.144409
-152.096191
-151.185867
-150.214630
-149.328842
-148.549667
-147.680801
-147.063202
-146.344070
-145.295013
-144.353378
-143.719711
-142.943909
-142.041199
-141.212097
-140.335617
-139.354233
-138.468445
-137.701950
-136.837311
-135.801773
-135.030197
-134.308548
-133.503983
-132.821228
-131.861847
-130.867767
-129.774704
-128.811935
-128.075043
-127.241707
-126.532738
-125.618187
-124.612267
-123.447296
-122.627495
-121.939682
-121.177414
-120.338158
-119.426987
-118.556427
-117.459137
-116.538666
-115.584351
-114.701942
-113.644417
-112.764549
-111.811928
-110.882996
-110.025970
-109.106346
-107.956596
-107.094498
-106.346619
-105.497208
-104.747635
-103.930374
-102.956596
-102.061508
-101.233246
-100.693489
-100.022591
-99.127495
-98.181641
-97.226479
-96.431221
-95.729866
-94.816162
-93.921066
-93.170647
-92.258629
-91.435448
-90.726479
-89.980286
-89.070808
-88.288239
-87.491287
-86.775551
-86.134262
-85.420219
-84.563194
-83.704483
-82.834770
-82.056427
-81.315315
-80.613960
-79.786545
-78.869461
-78.020050
-77.075890
-76.432068
-75.628342
-74.767937
-73.896530
-73.163033
-72.526817
-71.818695
-70.941368
-70.027664
-69.186714
-68.589424
-67.932907
-67.336464
-66.384689
-65.517509
-64.700256
-63.923603
-63.269627
-62.497208
-61.949829
-61.352539
-60.762012
-59.905838
-59.111420
-58.399071
-57.909222
-57.158798
-56.407528
-55.877918
-55.235786
-54.529358
-53.812775
-53.152878
-52.813622
-52.329697
-51.633419
-50.776398
-50.120728
-49.476902
-48.730709
-48.042046
-47.686718
-47.113113
-46.380455
-45.517513
-44.904991
-44.384686
-43.714638
-42.866074
-42.117344
-41.395687
-40.909222
-40.540356
-40.200253
-39.974365
-39.727325
-39.188408
-38.483673
-37.839848
-37.318699
-36.541203
-35.995518
-35.617344
-35.013283
-34.537819
-34.100422
-33.623264
-33.077579
-32.570812
-31.781471
-30.935448
-30.328003
-29.949831
-29.296701
-28.523436
-28.088579
-27.767935
-27.670643
-27.596193
-27.499746
-27.086887
-26.542048
-26.014975
-25.352537
-24.623266
-24.012436
-23.529358
-22.883841
-22.358459
-21.800930
-21.278934
-20.629189
-20.162182
-19.582657
-19.214636
-18.635956
-18.058123
-17.591116
-16.998899
-16.312775
-15.581811
-15.234095
-14.712098
-13.899916
-13.258630
-12.762013
-12.602962
-12.309391
-11.711252
-11.295855
-10.854230
-10.240863
-9.608037
-9.002284
-8.602115
-8.141032
-7.833079
-7.331388
-6.850846
-6.292470
-5.753553
-5.274704
-4.807699
-4.777242
-4.801777
-4.482826
-4.091117
-3.859306
-3.417682
-2.889763
-2.518359
-2.339002
-1.857614
-1.302623
-0.930372
-0.787394
-0.341540
0.116159
0.697377
1.062860
1.506176
1.933418
2.275212
2.640694
3.086548
3.516328
3.960491
4.343740
4.766751
5.010406
5.284518
5.519712
6.015482
6.506176
6.888579
7.219374
7.623773
8.108545
8.343740
8.530710
8.912268
9.158461
9.485871
9.825127
10.277750
10.836971
10.948647
10.843740
11.178764
11.622081
11.987563
12.194839
12.481641
12.945262
13.181303
13.201608
13.320051
13.629696
13.968105
14.357276
14.726988
15.040017
15.325127
15.467258
15.480795
15.432572
15.584856
15.840355
16.190609
16.430880
16.773520
16.964722
17.156769
17.430035
17.787901
17.911421
18.034941
18.235449
18.346277
18.618696
19.089087
19.488409
19.804823
19.889425
19.953722
20.090778
20.450338
20.523096
20.708376
20.912268
21.253216
21.607698
22.073011
22.231218
22.304823
22.534941
22.675381
22.682995
22.703299
22.962183
23.232910
23.663536
23.906345
23.941877
24.072166
24.213451
24.515482
24.809052
24.863197
24.810745
25.057783
25.461336
25.807360
26.040016
26.034941
26.154230
26.172842
26.463875
26.801437
26.809052
26.792978
26.873350
27.029018
27.353891
27.446955
27.385195
27.466413
27.413960
27.599239
27.849661
28.149155
28.244755
28.378426
28.455414
28.509560
28.495178
28.309052
28.210915
28.251522
28.424957
28.296362
28.110237
28.168613
28.468950
28.709221
28.819204
28.930035
29.139002
29.115313
29.148308
29.269289
29.422421
29.381811
29.343739
29.518866
29.767597
29.841202
29.765059
29.682148
29.681303
29.868275
29.788748
29.750677
29.897039
30.010406
30.215143
30.302284
30.282825
30.365736
30.397884
30.523943
30.639847
30.690609
30.708376
30.734602
30.681303
30.579781
30.433418
30.337818
30.249830
30.196531
30.118696
30.088240
30.171150
30.401270
30.603468
30.693148
30.733757
30.688917
30.808207
30.743908
30.740524
30.628004
30.622927
30.814129
30.961336
30.866583
30.867428
30.855583
30.996023
31.015482
31.045938
31.129696
31.159306
30.993486
30.910576
31.068781
31.281134
31.207529
31.320051
31.275211
31.254908
31.136463
31.144924
31.164383
31.183842
31.017174
30.988409
30.974873
30.880119
30.851353
30.929188
30.890270
30.712606
