0.236418
0.134699
0.048739
-0.095244
-0.136791
-0.074470
-0.077335
-0.042951
0.253610
0.358195
0.387564
0.222092
0.145444
0.020802
0.104613
-0.017163
0.045158
-0.019312
-0.150401
-0.184069
-0.229914
-0.187650
-0.067307
-0.082350
0.024384
0.046590
-0.042951
0.131834
0.274384
0.277966
0.111777
0.024384
-0.044384
-0.073754
-0.173324
-0.143954
-0.105989
-0.097393
-0.142521
-0.216304
-0.180487
-0.300115
-0.283639
-0.157564
0.068797
0.158338
0.147593
0.158338
0.042292
-0.096676
-0.302264
-0.343095
-0.393238
-0.249255
-0.151834
0.017221
-0.096676
-0.148968
-0.194097
-0.680487
-5.237077
-28.324471
-118.204124
-295.245667
-490.948395
-681.631775
-851.348816
-986.651123
-1085.489258
-1152.688354
-1193.232788
-1212.781494
-1215.551514
-1204.974854
-1183.224243
-1154.278564
-1120.919067
-1085.285034
-1048.668335
-1011.433350
-974.712036
-938.607422
-903.429749
-869.924744
-837.556580
-805.760742
-775.032898
-745.247803
-716.135376
-687.852417
-659.940491
-632.470581
-605.505676
-578.853149
-552.274353
-526.268616
-500.323029
-474.788666
-449.873169
-425.363861
-401.031494
-377.396118
-353.950531
-330.835938
-308.005707
-285.580200
-263.540802
-241.749969
-220.192657
-199.192657
-178.689804
-158.401123
-138.388229
-118.774330
-99.403267
-80.643951
-62.381062
-44.077335
-26.122465
-8.570889
8.490716
24.909771
41.050888
56.617508
71.707764
86.401176
100.789429
114.671234
128.328110
141.757187
154.969223
167.861771
180.434845
192.464935
204.334549
215.809479
226.745728
237.643295
248.014359
258.151886
267.680542
276.937714
286.058777
295.230682
303.908325
312.181976
320.231415
328.191284
335.878967
343.226379
350.267944
356.901886
363.235687
369.192017
374.775818
380.167664
385.239990
390.310913
395.082397
399.484985
403.528687
407.302307
410.745728
414.127533
417.599609
420.723511
423.712067
426.640442
429.232117
431.814484
434.024384
436.107483
438.257904
440.281555
442.172668
443.489990
444.649017
445.651886
446.530823
447.429840
448.133270
448.624664
449.032990
449.474945
449.792297
450.110352
450.234283
450.222107
449.761505
449.328094
448.566650
447.717804
446.714203
445.449890
444.111053
442.593872
440.762207
438.911194
437.055908
435.392578
433.424103
431.453461
429.463501
427.498596
425.520813
423.611786
421.462769
419.229248
416.994293
414.676239
412.337433
410.050903
407.717804
405.127533
402.511505
399.815918
397.016510
394.235687
391.280121
388.115356
385.048035
382.232849
379.224945
375.944885
372.739990
369.563782
366.267212
362.884705
359.401886
355.598175
351.911194
348.512207
344.901184
341.142578
337.381836
333.497162
329.434113
325.312347
321.339569
317.527954
313.870361
310.180542
306.205627
302.337433
298.559479
294.575256
290.668365
286.787994
282.983551
279.170502
275.560211
271.866089
268.031555
264.305176
260.775818
257.154755
253.285843
249.410492
245.526535
241.811630
237.851746
233.828827
230.060913
226.229248
222.406189
218.641144
215.030121
211.502182
207.972092
204.552322
201.158340
197.684128
194.106766
190.740723
187.452042
183.961349
180.398315
176.880402
173.313065
169.603897
165.833847
162.350311
158.886841
155.423386
151.664780
148.116791
144.790146
141.507904
138.136841
134.851746
131.485703
127.871086
124.422668
121.414787
118.470657
115.460632
112.548737
109.540863
106.348885
103.306618
100.326675
97.365356
94.410484
91.182693
87.987137
84.978539
82.174812
79.335991
76.344582
73.544441
70.798019
67.693436
64.670517
61.886848
59.173382
56.189140
53.005043
49.918365
46.765789
43.705616
40.880402
38.204899
35.588856
32.952751
30.473524
28.080257
25.828110
23.287277
20.477106
17.792292
15.362493
13.099599
10.812349
8.568080
6.351031
4.285129
2.301605
0.300888
-1.870315
-4.250688
-6.772894
-9.460573
-12.088797
-14.412579
-16.937651
-19.592379
-21.911863
-23.996389
-26.333782
-28.224899
-30.087364
-31.931204
-33.664726
-35.310860
-37.042236
-38.889656
-40.403984
-41.750687
-43.327335
-44.946964
-46.453411
-47.783638
-49.424755
-50.742092
-52.086647
-53.509285
-54.815872
-56.029343
-57.035789
-58.138222
-59.441948
-60.656849
-61.955559
-63.212006
-64.187653
-65.260002
-66.704842
-68.068741
-69.151833
-70.240662
-71.224899
-72.141090
-73.154701
-74.338081
-75.502838
-76.600975
-77.611000
-78.744240
-79.722748
-80.518593
-81.308708
-82.497108
-83.610283
-84.760719
-85.704842
-86.626762
-87.447678
-88.364586
-88.900398
-89.590942
-90.284355
-91.272896
-92.289368
-92.976334
-93.681923
-94.260719
-94.921173
-95.850258
-96.721321
-97.239227
-97.851692
-98.525757
-99.546532
-100.502838
-101.243523
-101.871033
-102.788651
-103.580917
-104.164009
-104.716301
-105.198395
-105.455559
-105.913292
-106.616020
-107.035072
-107.179771
-107.507851
-107.699112
-107.917595
-108.351692
-108.737076
-109.061577
-109.420456
-109.504982
-109.753555
-109.789368
-109.919739
-109.976334
-110.404701
-110.728485
-110.818024
-110.969170
-111.239944
-111.440514
-111.373184
-111.302979
-111.303696
-111.404701
-111.564438
-111.747826
-111.834496
-111.769310
-111.667595
-111.728485
-111.814438
-111.776474
-111.746391
-111.722748
-111.699829
-111.670456
-111.641090
-111.696960
-111.714157
-111.674759
-111.558708
-111.343811
-111.403984
-111.564438
-111.341660
-111.237793
-111.136787
-111.113152
-111.068741
-110.950546
-110.949829
-110.787224
-110.535072
-110.555130
-110.603127
-110.386787
-110.221321
-110.125328
-110.022896
-109.928337
-109.718452
-109.416878
-109.294380
-108.941948
-108.605988
-108.487793
-108.177620
-107.857422
-107.732780
-107.570175
-107.327332
-107.008568
-106.655418
-106.334496
-105.802979
-105.280777
-104.992088
-104.845963
-104.522896
-104.155418
-103.787933
-103.504272
-103.347389
-103.206993
-102.982780
-102.605988
-102.031487
-101.705559
-101.489944
-101.040085
-100.621033
-100.294380
-100.047966
-99.892525
-99.574471
-99.229912
-99.191948
-99.232063
-99.230629
-99.325905
-99.378197
-99.287224
-99.138222
-98.871750
-98.453407
-98.223465
-97.997108
-97.924759
-97.628197
-97.181923
-96.776474
-96.542236
-96.182632
-95.515015
-94.991379
-94.471321
-94.147537
-93.672607
-93.020744
-92.543671
-91.962723
-91.507851
-91.045815
-90.437653
-89.621033
-89.046532
-88.498535
-87.899681
-87.460571
-87.141808
-86.708427
-86.238510
-85.800117
-85.278625
-84.631775
-84.022179
-83.632492
-83.290802
-82.585930
-82.133926
-81.599541
-80.993523
-80.316589
-79.748535
-79.290085
-78.610283
-78.017166
-77.355270
-77.045815
-76.571602
-76.201981
-75.796532
-75.371750
-74.845963
-74.228485
-73.643951
-73.113152
-72.826622
-72.215584
-71.586647
-71.019310
-70.339516
-69.668312
-69.093094
-68.545097
-68.136078
-67.800117
-67.457710
-67.036507
-66.580917
-66.018593
-65.281487
-64.539368
-64.265015
-63.888939
-63.379627
-62.792950
-62.479198
-61.965588
-61.334499
-60.726334
-60.353123
-60.022179
-59.670460
-59.149685
-58.671890
-58.346676
-57.876762
-57.286503
-57.044384
-56.653267
-56.007133
-55.425472
-55.151833
-54.944813
-54.436218
-53.931202
-53.436935
-52.876762
-52.305130
-51.897537
-51.489944
-50.895386
-50.141090
-49.676189
-49.201260
-48.727047
-48.316589
-47.901119
-47.391090
-46.813007
-46.307995
-45.865299
-45.720600
-45.244957
-44.843811
-44.525043
-44.062294
-43.603840
-43.263580
-42.924042
-42.376045
-41.714153
-41.467735
-41.179054
-40.635357
-40.435501
-40.180489
-39.775043
-39.417595
-39.212006
-38.941231
-38.547249
-38.109570
-37.908997
-37.701977
-37.178337
-36.992092
-36.841663
-36.371746
-35.966305
-35.859570
-35.635357
-35.266445
-34.784355
-34.249256
-33.855270
-33.388222
-32.935501
-32.582348
-32.343811
-31.982063
-31.533640
-31.296534
-31.059427
-30.618166
-30.176905
-29.789370
-29.380344
-29.040087
-28.637506
-28.464155
-28.282206
-28.045816
-27.754986
-27.247107
-26.822321
-26.478481
-26.249254
-25.999971
-25.713438
-25.414011
-24.969170
-24.597393
-24.273611
-23.833065
-23.531490
-23.087364
-22.764297
-22.222752
-21.724184
-21.164728
-20.835215
-20.708424
-20.536505
-20.094526
-19.598108
-19.143953
-18.851690
-18.393238
-18.002121
-17.603840
-17.402550
-17.237078
-16.922607
-16.680487
-16.412579
-15.994957
-15.830200
-15.560860
-15.151834
-14.575903
-14.081634
-13.865301
-13.557994
-13.260716
-12.870316
-12.593095
-12.318023
-12.103840
-11.940516
-11.648969
-11.464871
-11.446962
-11.607421
-11.681204
-11.923324
-11.931920
-11.561576
-11.093095
-10.733496
-10.474183
-10.179770
-9.933352
-9.605989
-9.242092
-8.720602
-8.257134
-8.070889
-7.911146
-7.724184
-7.467020
-7.091662
-6.811576
-6.551547
-6.223467
-5.924040
-5.580201
-5.268596
-5.004269
-4.924040
-4.661146
-4.222034
-3.899685
-3.485645
-3.054413
-2.870315
-2.611719
-2.421891
-2.097393
-1.704126
-1.382493
-1.161862
-0.893954
-0.673324
-0.520745
-0.529341
-0.306562
-0.039370
0.204183
0.535129
0.543725
0.733553
0.815215
0.717794
0.614642
0.425530
0.405473
0.556619
0.703467
0.912636
1.066648
1.232837
1.534413
1.684842
1.981404
2.112493
2.094584
2.181977
2.308768
2.477822
2.610344
2.780115
2.909771
3.092436
3.348166
3.661203
3.975673
4.126103
4.344584
4.626103
4.919083
5.192722
5.487851
5.714212
5.926963
6.301605
6.589570
6.912636
7.211347
7.553753
7.729255
7.772951
7.957765
8.207048
8.375387
8.326676
8.562349
8.969943
9.035845
9.143295
9.454184
9.846017
10.010057
10.123954
10.214212
10.265072
10.391863
10.590286
10.667650
10.846017
11.063783
11.132550
11.211347
11.217077
11.277249
11.349599
11.508625
11.628252
11.909771
11.950602
12.127536
12.227106
12.322378
12.394011
12.452751
12.474957
12.502177
12.454900
12.599599
12.727822
12.772951
12.915502
12.957048
13.224240
13.373238
13.314499
13.563783
13.760774
13.841720
13.985702
14.037278
14.165502
14.283696
14.148310
14.286562
14.415502
14.495730
14.509341
14.412636
14.418366
14.568796
14.739284
14.853181
15.043725
15.232837
15.250029
15.169800
15.179111
14.909771
14.644728
14.552320
14.640429
14.803754
14.909771
14.878252
14.871805
14.949885
14.996447
15.040859
15.286562
15.371089
15.487851
15.509341
15.481404
15.421948
15.342436
15.255043
15.141863
15.149026
15.224957
15.260057
15.240000
15.137565
15.060201
14.768653
14.617507
14.501461
14.335989
14.290859
14.308768
14.323811
14.465645
14.454184
14.506475
14.657621
14.803754
14.795874
14.915502
14.961347
15.032264
15.121089
15.283696
15.192006
15.129684
15.215645
15.242866
15.179828
15.269370
15.442722
15.555902
15.637565
15.737135
15.707048
16.031548
16.126820
16.291576
16.502893
16.449169
16.277966
16.283697
16.378969
16.471375
16.643295
16.804470
16.681976
16.554470
16.431976
16.448452
16.578110
16.730688
16.612494
16.483553
16.441290
16.507193
16.709913
16.732836
16.747879
16.840286
16.755043
16.779398
16.797306
16.838137
16.830257
16.857479
16.786562
16.836704
16.837421
16.841003
16.789427
16.667650
16.588137
16.433411
16.337421
16.347450
16.282263
16.167650
15.940573
15.782980
15.810201
15.789427
15.754327
15.817364
15.876103
15.817364
15.713495
15.713495
15.767220
15.782980
15.769370
15.825244
15.902608
15.871089
15.896160
15.742149
15.698453
15.784412
15.782264
15.772951
15.788711
15.964212
16.049456
16.085272
15.958482
15.833123
15.689140
15.581691
15.518653
15.548023
15.311633
