0.238301
0.329597
0.147006
0.047219
-0.065308
-0.005860
0.053588
0.036603
-0.048323
0.004756
-0.041953
0.006879
0.013248
-0.088662
-0.016476
-0.029214
-0.199066
-0.114140
0.015372
0.123652
-0.024968
-0.105648
-0.303100
-0.326454
-0.421996
-0.188450
-0.058938
0.151253
0.157622
0.231932
0.323227
0.119406
-0.216051
-0.424119
-0.530276
-0.466582
-0.145987
-0.101401
-0.084416
0.159745
0.291380
0.176730
-0.082293
-0.022845
0.219193
0.308365
0.293503
0.312611
0.240425
0.110913
0.038726
0.183100
0.042972
-0.041953
-0.216051
-0.143864
0.021741
0.059958
-0.233036
-1.421996
-8.691635
-33.126881
-99.012230
-218.152359
-335.449585
-442.591858
-535.385925
-605.865723
-654.895447
-687.194824
-704.451721
-708.506897
-703.171448
-691.078064
-671.899719
-648.169312
-623.148132
-597.385925
-571.436829
-546.402893
-522.424133
-499.445343
-478.035583
-458.192688
-438.990997
-420.464447
-403.056824
-386.080170
-369.029205
-352.390137
-336.451721
-320.354065
-304.220306
-288.859375
-273.653412
-258.812653
-244.362549
-230.107773
-216.345566
-202.778687
-189.332825
-176.165100
-162.816895
-149.585480
-137.069550
-124.303101
-112.020721
-99.891212
-87.653419
-75.714989
-64.322205
-53.294609
-42.702251
-32.052570
-21.693758
-11.772314
-1.944289
7.896476
17.541910
26.781826
36.219193
45.234055
53.673546
62.344460
70.792442
78.847641
86.677795
94.384796
101.911339
109.098175
115.773331
122.777580
129.180969
135.149124
141.231934
147.236176
152.520676
157.374176
162.225555
167.068451
171.722382
176.374176
180.926193
185.310486
189.594986
193.563141
197.499451
201.106674
204.631088
207.618347
211.157623
214.618347
218.187347
221.518555
224.601364
227.389038
230.070572
232.934692
235.297745
237.062088
239.399658
241.291382
242.972916
244.505814
245.635330
246.658676
247.718124
248.820038
249.569519
250.503693
251.263779
251.871002
252.357193
252.841278
253.291382
253.469727
253.656555
254.023865
254.115158
254.231934
254.221313
254.115158
254.159744
254.352951
254.183105
253.603485
252.996262
252.066330
251.255280
250.406036
249.333847
248.042969
246.837021
245.652313
244.641693
243.168243
241.588623
240.214951
238.762711
237.367813
235.815796
234.609848
233.607727
232.221313
230.603485
228.970779
227.648071
226.013245
224.391174
223.076950
221.507935
219.548279
217.881607
216.467606
214.947433
213.161865
211.505814
209.777573
207.894348
206.000504
204.004761
202.130020
199.994141
197.724503
195.592865
193.395416
191.102417
189.227692
186.998383
184.790314
182.590744
180.384796
178.248917
176.021744
173.786072
171.561020
169.416641
167.348709
165.452744
163.624710
161.745728
159.465485
157.308365
155.214951
153.238297
150.854019
148.601364
146.459106
144.321106
142.121536
139.743607
137.386917
134.932571
132.811554
130.403900
128.185226
125.769089
123.520676
121.178856
118.665054
116.221313
113.934692
111.660805
109.331718
107.355072
105.427261
103.372063
101.187347
99.166115
97.416649
95.684158
93.730873
91.575882
89.626839
87.762718
85.713882
83.344460
80.943184
79.023865
77.168236
75.454865
73.378426
71.225563
69.363564
67.616219
65.467598
63.501572
61.607727
59.864628
58.406029
57.087559
55.321102
53.448494
51.807304
50.244671
48.423016
46.529171
44.938938
43.168240
41.446369
40.034481
38.270149
36.667175
35.257408
33.679916
32.234055
30.677792
29.013248
27.234055
25.739363
24.178854
22.544033
20.890106
19.301996
17.883738
16.524925
15.030233
13.395414
11.607728
9.877367
8.206454
6.529172
4.970786
3.760594
2.490955
1.210701
-0.044076
-1.485690
-2.999490
-4.118386
-5.188450
-6.337070
-7.587601
-8.797791
-9.774437
-10.825393
-12.407134
-13.846624
-14.855117
-16.046200
-17.177834
-18.141741
-18.806284
-19.623693
-20.714989
-21.566370
-22.192696
-22.878471
-23.816900
-24.950659
-26.158726
-27.186327
-28.084415
-28.776560
-29.695881
-30.305223
-31.092909
-31.797792
-32.840256
-33.583355
-34.160851
-34.640678
-35.449596
-36.105648
-36.729851
-37.388027
-38.101402
-39.288239
-40.339191
-40.891209
-41.585476
-42.407135
-43.092907
-43.475075
-44.050446
-44.589725
-45.165096
-45.969765
-46.398640
-46.366795
-46.729851
-47.472950
-48.341316
-49.022846
-49.736221
-50.438980
-50.980381
-51.207558
-51.528152
-52.041954
-52.538769
-53.012230
-53.664036
-54.171467
-54.504799
-54.689510
-55.228790
-55.574863
-56.243652
-56.770191
-57.199066
-57.751083
-58.041954
-58.190575
-58.572739
-58.959152
-59.417751
-59.829639
-60.258514
-60.371040
-60.449596
-60.700127
-61.122631
-61.271252
-61.315838
-61.354053
-61.277622
-61.379532
-61.636433
-62.211803
-62.192696
-62.277622
-62.704372
-63.201187
-63.513290
-63.472950
-63.526031
-63.661911
-63.661911
-63.827515
-63.706497
-63.317963
-63.377411
-63.642803
-63.757454
-63.700127
-63.833885
-63.908195
-64.080170
-64.022842
-64.179955
-64.349808
-64.576988
-64.708618
-64.952782
-64.867859
-64.797791
-64.906075
-64.937920
-64.831764
-64.940041
-64.927307
-64.712868
-64.664032
-64.574860
-64.702248
-64.574860
-64.101402
-63.789299
-63.734097
-63.935795
-64.317963
-64.470825
-64.494186
-64.207558
-63.963398
-63.946411
-63.776562
-63.464458
-63.311592
-63.131126
-63.016476
-63.143864
-63.271252
-63.201187
-62.969765
-62.780807
-62.260635
-61.878471
-61.500553
-60.982506
-60.390148
-60.186325
-60.250023
-60.358303
-60.388027
-60.526031
-60.536644
-60.430489
-60.148109
-59.942165
-59.880596
-59.842377
-59.721359
-59.644924
-59.589725
-59.277622
-59.126881
-58.948536
-58.307346
-57.808407
-57.141743
-56.838131
-56.876347
-56.959152
-56.916687
-56.789299
-56.496307
-56.061062
-55.785053
-55.385902
-55.152355
-54.725605
-54.519661
-54.269131
-53.906071
-53.689510
-53.617325
-53.602463
-53.574863
-53.290359
-52.585476
-52.209682
-51.725605
-51.564247
-51.162971
-50.785053
-50.377411
-49.897579
-49.714989
-49.668282
-49.564247
-49.239407
-49.118385
-48.959152
-48.689510
-48.426243
-48.269131
-48.290359
-48.044075
-47.729851
-47.585476
-47.366795
-46.903950
-46.545139
-46.186325
-46.031338
-45.778683
-45.271252
-44.850872
-44.477196
-44.277622
-44.235161
-43.927303
-43.477196
-42.944290
-42.776562
-42.549385
-42.356178
-42.033463
-41.806286
-41.519661
-41.326454
-41.250023
-41.152355
-40.901825
-40.443226
-40.256390
-40.220299
-40.003738
-39.717113
-39.438980
-39.029213
-38.644924
-38.409256
-38.224545
-38.007984
-37.449596
-36.912441
-36.540894
-36.075924
-35.842377
-35.557877
-35.300976
-35.116264
-34.869980
-34.536644
-34.239407
-34.067432
-33.935795
-34.290359
-35.347687
-36.589725
-37.708618
-38.649174
-39.216049
-39.704372
-39.912441
-39.746838
-39.534523
-39.324329
-39.158726
-38.553631
-38.137493
-37.634312
-36.974014
-36.230911
-36.007984
-35.608833
-35.381657
-35.186325
-35.305222
-34.974014
-34.833885
-34.275497
-33.568493
-33.120510
-32.935795
-32.530277
-32.046200
-31.746836
-31.521784
-31.150234
-30.600340
-30.203312
-29.825394
-29.492060
-28.986752
-28.347685
-27.706497
-27.209682
-26.768068
-26.169342
-25.396519
-24.795670
-24.481443
-24.188450
-23.706497
-23.472952
-23.190573
-22.530275
-21.923058
-21.610956
-21.207558
-20.672527
-20.655540
-20.619448
-20.313715
-19.895456
-19.670403
-19.596094
-19.143864
-18.536646
-18.220297
-18.188450
-18.148111
-17.647049
-17.303101
-16.869978
-16.540892
-16.145987
-15.923058
-15.848747
-15.693758
-15.447474
-15.196942
-15.267006
-15.216051
-15.213928
-15.320085
-15.103524
-14.492060
-14.099278
-13.908195
-13.521784
-13.235159
-12.710743
-12.345563
-11.808408
-11.292484
-11.010106
-10.687388
-10.390148
-10.233036
-10.044076
-9.988874
-10.298854
-10.797791
-11.080170
-11.190574
-11.082293
-10.823270
-10.891211
-10.799915
-10.349809
-10.194819
-9.865732
-9.502675
-9.088662
-8.604586
-8.368917
-7.986752
-7.687388
-7.574862
-7.356178
-7.158726
-6.804162
-6.517537
-6.175711
-5.812654
-5.511168
-5.305223
-4.906072
-4.540892
-4.150234
-3.833885
-3.653418
-3.738344
-3.534522
-3.277622
-2.984628
-2.487813
-2.358301
-2.320085
-2.194819
-2.027091
-1.821146
-1.460212
-1.475074
-1.052569
-0.468705
-0.309469
-0.222420
0.059958
0.076943
-0.031338
0.301996
0.478217
0.363567
0.259533
0.342335
0.310488
0.431507
0.512187
0.611975
0.580127
0.796688
1.140637
1.304119
1.393291
1.724501
1.985648
2.153376
2.255287
2.240425
2.442123
2.442123
2.616221
2.533418
2.622590
2.892229
3.331720
3.359321
3.471847
3.624713
3.720255
3.658684
3.839151
3.877367
4.115159
4.238301
4.225563
4.083312
4.093928
4.231932
4.180977
4.227686
4.009002
4.251040
4.414522
4.493079
4.552526
4.539788
4.716009
4.854013
5.006879
5.278641
5.425138
5.488832
5.709639
5.665053
5.550404
5.395414
5.102420
4.989894
5.034480
5.456985
5.227686
5.420892
5.355074
5.467601
5.726624
5.972908
5.998386
5.972908
5.875244
5.837028
5.896476
6.251040
6.724501
6.665053
6.730871
6.754225
6.943185
6.890106
6.788195
6.834905
7.072696
7.002633
7.096051
7.244671
7.234055
7.229809
7.225563
7.363567
7.620467
7.760594
7.813673
7.854013
7.862505
7.958047
7.760594
7.622590
7.503694
7.505817
7.469724
7.588620
7.605605
7.709639
7.955924
7.813673
7.752102
7.796688
7.815796
8.089682
8.093927
8.066327
8.136391
8.034480
7.977155
8.261656
8.242548
8.399660
8.236178
8.049342
7.970786
7.941061
7.924077
7.707516
7.316858
7.115159
7.242548
7.340212
7.299872
7.134267
7.108790
7.127898
7.274395
7.238301
7.234055
7.280764
7.151253
7.172484
7.467601
7.809427
7.382675
6.616221
5.977155
5.709639
5.554650
5.132144
4.722378
4.346582
4.117282
4.134267
4.255287
4.259533
4.127898
4.006879
4.316858
4.679915
4.862505
5.161869
5.418768
5.578004
5.854013
5.739363
5.622590
5.476093
5.648068
5.701147
5.739363
5.858259
5.994140
5.977155
5.904968
6.072696
6.316858
6.420892
6.658684
6.652314
6.535542
6.142760
5.607728
4.832781
4.197962
3.696900
3.231932
2.699023
2.461231
2.221316
2.340212
2.616221
2.858259
2.926200
3.342335
3.781826
3.951677
4.142760
4.403906
4.584373
4.620467
4.658684
4.839151
4.945308
4.907091
4.989894
5.021741
5.030233
5.197962
5.223440
5.263779
5.202208
5.138514
5.391168
5.554650
5.701147
5.773334
5.943185
6.059958
6.197962
6.329597
6.599236
6.921953
7.259533
7.208578
7.459108
7.688407
7.885860
7.949554
8.074820
8.202209
8.229809
8.403907
8.541911
8.565266
8.274395
8.006879
8.221316
8.582251
8.620467
8.484586
8.590743
8.667176
8.805181
8.675669
8.639575
8.389045
8.342336
8.435754
8.573758
8.605605
8.834905
8.964417
9.110913
9.079066
9.174607
9.280765
9.393291
9.212824
9.017495
8.975032
9.087559
9.397537
9.414522
9.493078
9.686284
9.745732
9.614098
9.263780
9.321104
9.450616
9.741487
9.798811
9.618344
9.327474
9.234056
9.282887
9.367813
9.342336
9.246794
9.068450
9.064204
9.166115
9.584373
9.490955
9.365690
9.195839
9.093927
8.824288
8.571635
8.552526
8.382675
8.429384
