0.306773
0.253694
0.205924
0.242017
0.184692
0.060488
-0.035053
-0.161380
-0.158195
-0.193227
-0.114671
-0.097686
-0.080701
-0.130594
-0.166688
-0.182611
-0.059469
-0.043546
0.055180
0.193185
0.170892
0.060488
0.033949
-0.002144
0.001040
0.106136
-0.005329
-0.046730
-0.077516
-0.200658
-0.088132
-0.070085
0.051996
0.109321
0.046688
0.183631
0.290849
0.219724
-0.047792
-0.077516
-0.204904
-0.121040
-0.210212
-0.198535
-0.010637
-0.075393
-0.157134
-0.078577
0.125244
0.194246
0.240955
0.201677
0.251571
0.239894
0.184692
0.226093
0.219724
0.128429
-0.080701
-1.463928
-8.867325
-33.470299
-99.875816
-220.111481
-340.167755
-450.882172
-547.101929
-621.280273
-674.011719
-709.808960
-729.081787
-734.227173
-729.493652
-718.053101
-698.797241
-674.784546
-649.126343
-622.595581
-595.989380
-569.884338
-544.720825
-520.658203
-497.919342
-476.658203
-456.722961
-437.198547
-418.978790
-401.348206
-383.778168
-366.996826
-350.647583
-334.196411
-318.040375
-302.307892
-286.803619
-271.501068
-256.604065
-242.028687
-227.467117
-213.048859
-199.019135
-185.019135
-171.293015
-157.719772
-144.501083
-131.570084
-118.631653
-105.853523
-93.203842
-80.953316
-69.079636
-57.644394
-46.609364
-35.857769
-25.153950
-14.376879
-3.929958
6.274926
15.993609
25.535011
35.146477
44.410809
53.424606
62.482994
71.231400
79.722908
87.713356
95.541382
103.035011
110.370468
117.474503
124.443718
130.957520
137.012711
143.336502
149.580658
155.543503
161.222916
166.580658
171.881088
176.951141
181.969193
186.455399
190.986176
195.681503
200.265366
204.444778
208.554123
212.841812
216.384262
219.886383
222.992554
226.024399
228.467072
230.728210
233.332245
236.021210
238.510590
240.801468
242.830124
244.783417
246.581726
248.493607
250.417175
252.153900
253.518021
254.520142
255.667709
256.720795
257.830139
258.508484
259.245209
260.009521
260.447968
260.419312
260.643280
260.894897
260.867279
260.704865
260.766418
260.881073
260.738831
260.528656
260.292969
260.234589
259.927795
259.338623
258.613556
257.886383
257.348175
256.472382
255.532883
254.910812
254.158157
253.149658
252.116745
250.932037
249.792969
248.498917
247.242020
246.022278
244.734589
243.230347
241.858795
240.320572
238.491486
236.910812
235.281296
233.575348
232.057297
230.647537
228.605072
226.578537
224.908676
223.157089
221.430969
219.522278
217.425674
215.375778
213.503159
211.412933
209.376831
207.524399
205.488297
203.304657
201.158157
199.264313
197.283417
195.216537
193.042435
190.921417
188.759003
186.568985
184.153900
181.784485
179.477692
177.004227
174.415054
171.891693
169.536072
167.042435
164.469193
162.128433
159.777054
157.374710
154.808899
152.453262
150.403381
148.267502
145.968124
143.725037
141.443710
139.281296
137.035004
134.616745
132.369400
130.136917
127.990425
125.821632
123.633736
121.461761
119.197433
117.106133
114.963882
112.676201
110.593399
108.563675
106.413994
104.028641
101.657089
99.549873
97.380020
95.048813
92.905502
90.853485
88.696373
86.597641
84.658150
82.662399
80.668770
78.605072
76.626305
74.629494
72.699554
70.750511
68.693184
66.567917
64.267494
62.116753
60.254757
58.623119
56.839680
54.973438
53.249447
51.492546
49.667706
48.028641
46.341805
44.659214
43.161339
41.645412
40.010593
38.393822
36.670891
34.918240
33.297218
31.590212
29.830128
27.995733
26.198492
24.397007
22.627367
20.848175
19.318451
17.924606
16.543503
15.050934
13.636922
12.203800
10.722909
9.279172
8.031826
6.937346
5.530764
4.134799
2.885329
1.649660
0.463885
-0.698535
-1.773907
-2.949066
-4.518068
-5.865201
-6.743121
-7.799384
-8.993651
-10.104055
-11.026561
-12.224012
-13.428896
-14.404480
-15.479852
-16.694288
-18.058407
-19.183674
-20.392803
-21.544607
-22.701719
-23.521254
-24.428896
-25.400234
-26.417219
-27.305754
-28.194288
-29.010637
-29.863079
-30.597685
-31.540361
-32.505329
-33.151825
-33.835476
-34.746307
-35.661381
-36.635902
-37.429958
-38.169872
-38.805756
-39.545670
-40.466049
-41.072208
-41.584946
-42.183674
-42.876881
-43.475605
-44.113609
-44.815308
-45.558407
-46.073269
-46.807877
-47.545670
-48.176243
-48.694290
-49.161381
-49.574329
-49.783463
-50.123165
-50.659256
-51.139088
-51.556286
-52.132717
-52.746307
-53.403419
-54.009575
-54.463928
-54.842907
-55.049915
-55.173058
-55.500023
-55.950127
-56.673058
-57.143333
-57.542484
-57.814247
-58.195351
-58.617855
-59.093441
-59.417217
-59.635902
-59.865200
-60.169872
-60.612549
-60.954372
-61.441635
-61.695351
-62.079639
-62.635902
-63.064777
-63.496838
-63.670933
-63.766476
-63.828045
-64.095566
-64.234627
-64.365204
-64.522316
-64.732506
-65.020187
-65.199600
-65.304695
-65.538239
-65.668808
-65.561592
-65.691101
-65.734627
-65.807877
-65.780273
-65.834419
-65.929955
-66.101929
-66.010635
-65.888557
-66.012756
-66.046730
-65.900230
-65.749489
-65.550980
-65.308937
-65.511696
-65.755859
-65.734627
-65.574333
-65.607239
-65.522316
-65.423592
-65.224014
-65.162445
-64.983040
-64.760109
-64.565842
-64.708092
-64.933144
-65.058411
-65.052040
-65.126350
-65.024437
-64.895988
-64.683670
-64.536118
-64.216583
-63.997898
-63.856709
-63.830170
-63.716583
-63.440575
-63.356709
-63.386433
-63.237812
-62.976665
-62.819553
-62.677303
-62.342907
-62.238876
-62.091316
-62.119980
-61.887493
-61.545670
-61.427834
-61.416157
-61.355648
-61.391743
-61.491528
-61.560532
-61.552040
-61.614670
-61.526562
-61.353523
-61.169872
-61.037178
-60.770721
-60.451187
-60.274967
-60.028683
-59.682610
-59.370510
-59.125286
-58.960743
-58.639088
-58.358833
-58.070084
-57.781338
-57.690041
-57.604053
-57.562653
-57.185795
-56.740997
-56.266476
-55.956497
-55.694290
-55.310001
-54.872631
-54.553101
-54.211273
-53.633778
-53.240997
-53.058407
-52.766476
-52.564777
-52.540359
-52.429958
-52.086010
-51.938450
-51.813183
-51.537178
-51.158195
-50.826984
-50.705967
-50.545670
-50.222950
-49.822739
-49.462868
-49.173058
-48.943756
-48.794075
-48.524437
-48.129532
-47.778152
-47.543545
-47.322739
-47.061592
-46.821678
-46.685795
-46.511700
-46.297260
-45.945881
-45.544609
-45.215519
-44.971359
-44.685795
-44.289829
-43.971359
-43.643333
-43.055222
-42.642273
-42.274967
-41.952251
-41.615734
-41.504269
-41.269661
-41.099808
-40.747368
-40.322739
-40.007454
-39.590256
-39.280277
-38.922527
-38.586010
-38.293015
-38.147579
-38.076454
-37.927834
-37.725075
-37.389618
-37.217644
-37.100872
-36.894924
-36.649704
-36.298325
-35.892803
-35.521252
-35.112549
-34.834415
-34.495773
-34.130596
-33.833355
-33.505329
-33.142273
-32.929958
-32.746307
-32.524437
-32.052040
-32.004269
-31.746305
-31.439512
-31.205967
-30.923588
-30.804691
-30.480913
-30.079639
-29.657133
-29.332293
-29.088131
-28.864140
-28.782398
-28.643333
-28.441635
-28.159256
-27.849277
-27.830170
-27.644396
-27.468174
-27.280275
-27.044607
-26.702782
-26.267538
-25.972420
-25.550976
-25.281338
-25.116795
-24.841846
-24.545670
-24.277092
-24.089193
-23.854586
-23.541422
-23.196411
-23.131657
-23.019129
-22.817430
-22.429958
-22.215521
-22.086008
-21.860956
-21.572208
-21.289829
-21.150764
-21.158195
-20.898111
-20.511698
-20.176243
-19.934204
-19.703842
-19.321678
-18.890680
-18.563715
-18.233566
-17.821678
-17.756922
-17.718704
-17.593439
-17.448004
-17.267538
-17.108301
-16.707027
-16.442696
-16.323801
-16.393864
-16.197474
-15.970297
-15.808938
-15.676242
-15.147579
-14.941635
-14.720828
-14.671996
-14.368386
-13.971359
-13.739936
-13.586008
-13.500021
-13.480913
-13.440574
-13.265414
-12.975605
-12.795138
-12.570085
-12.320616
-11.994714
-11.763290
-11.648642
-11.464990
-11.274968
-11.026561
-10.770721
-10.638025
-10.438450
-10.351401
-10.237813
-9.919342
-9.754798
-9.667749
-9.623163
-9.559469
-9.236752
-8.929957
-8.710213
-8.734629
-8.635902
-8.498960
-8.367325
-8.338662
-8.029745
-7.832293
-7.652887
-7.379002
-7.143333
-7.060531
-6.904480
-6.725074
-6.476666
-6.352463
-6.261168
-6.357771
-6.412972
-6.563715
-6.560531
-6.713397
-6.598747
-6.432081
-6.476666
-6.480913
-6.395987
-6.232505
-6.036115
-5.824862
-5.512760
-5.340786
-5.025499
-4.797261
-4.658195
-4.510637
-4.325923
-4.082824
-4.023376
-3.912972
-3.542484
-3.386433
-3.272845
-3.134841
-2.961805
-2.674119
-2.510637
-2.297261
-2.320616
-2.302569
-2.023376
-1.887495
-1.699597
-1.694289
-1.707028
-1.703843
-1.686858
-1.562654
-1.399172
-1.450127
-1.556285
-1.426773
-1.228259
-1.040361
-1.040361
-1.004268
-0.968174
-0.879002
-0.565839
-0.283461
-0.184735
-0.031868
0.044565
0.136921
0.339682
0.384268
0.542442
0.663461
0.731401
0.891699
0.985117
1.263248
1.268556
1.217601
1.334374
1.531826
1.667707
1.824820
2.026518
2.231401
2.463885
2.577473
2.537134
2.656030
2.816327
2.811019
2.811019
2.915053
3.090212
3.195308
3.365159
3.526518
3.474501
3.446900
3.489363
3.583843
3.723970
3.869406
4.062612
4.335435
4.409745
4.387452
4.739894
4.799342
4.728217
4.642229
4.551996
4.659214
4.671953
4.771741
4.792973
4.904438
5.003163
5.170892
5.285542
5.260064
5.307835
5.401253
5.391698
5.420361
5.443716
5.435223
5.529703
5.628429
5.737771
5.982994
6.038195
6.061550
6.151783
6.426730
6.572165
6.406560
6.266433
6.373652
6.598705
6.518025
6.514841
6.848174
7.046688
7.099766
7.012718
6.987240
6.822696
6.774926
6.700616
6.829066
6.803588
6.764310
6.794034
6.748386
6.750510
6.764310
6.738832
6.670892
6.645414
6.701677
6.743079
6.624183
6.631614
6.815265
6.878960
6.857728
6.739894
6.532887
6.382144
6.184692
5.917176
5.662399
5.522272
5.402314
5.267495
4.970255
4.553057
4.270679
4.093397
3.929915
3.828004
3.838620
3.930977
4.067919
4.111444
4.307835
4.565796
4.654968
5.008471
5.223970
5.324820
5.347113
5.505287
5.675138
5.708047
5.692123
5.791911
5.920361
5.953269
6.051996
5.966009
6.105074
6.187877
6.440531
6.664522
6.958578
7.026518
7.154968
7.408684
7.400191
7.438407
7.469193
7.425669
7.368344
7.417176
7.460701
7.574289
7.686815
7.546688
7.415053
7.284480
7.164522
7.033949
6.818450
6.807835
6.959639
7.018025
6.893822
6.691061
6.665584
6.726093
6.891698
6.997856
6.967070
7.037134
7.058365
7.240955
7.507410
7.600828
7.604013
7.636921
7.744140
8.021210
8.166645
8.257940
8.371529
8.570043
8.544565
8.477686
8.498918
8.515903
8.476624
8.619936
8.618875
8.547750
8.480870
8.513780
8.593397
8.680446
8.715478
8.813142
8.893822
8.842866
8.732463
8.744140
8.779172
8.926730
9.096581
9.117813
9.066857
9.116752
9.142229
9.337559
9.491487
9.520148
9.634798
9.590212
9.449023
9.527579
9.591274
9.649660
9.515903
9.457516
9.382144
9.339682
9.304649
9.408684
9.479809
9.456454
9.567920
9.407622
9.316327
9.246264
9.415053
9.557303
9.456454
9.439469
9.585966
9.583843
9.698493
9.865159
9.802526
9.701677
9.762187
9.694246
9.613567
9.542441
9.523334
9.489363
9.360913
9.353482
9.251571
9.150722
9.206985
