0.198473
0.105593
-0.063653
-0.151373
-0.102869
0.075666
0.090114
0.022002
-0.138989
-0.157565
-0.211228
-0.099773
-0.163756
-0.243220
-0.390795
-0.311331
-0.375315
-0.262828
-0.260764
-0.212260
-0.104933
-0.066749
0.063282
0.302704
0.147905
0.240784
0.396615
0.427575
0.337792
0.230464
0.214985
0.293416
0.155129
-0.097709
-0.161692
0.000330
0.160289
0.128297
0.166481
0.000330
-0.045077
0.009618
-0.105965
-0.142085
-0.031662
0.029226
0.052962
-0.011022
-0.047141
0.109721
0.155129
-0.031662
-0.125573
-0.061589
-0.057461
0.095273
0.198473
0.192281
-0.393891
-2.802559
-11.882023
-35.901630
-87.897499
-179.242188
-265.013092
-322.179230
-365.086365
-398.276245
-417.405243
-424.363953
-425.047150
-420.567261
-411.846924
-400.822174
-388.627106
-375.565216
-363.190582
-350.504303
-336.790161
-324.235992
-312.504303
-300.811859
-289.413513
-278.727234
-268.167877
-257.535278
-246.842804
-236.444458
-226.313400
-216.207108
-206.207108
-196.542496
-186.929489
-177.259735
-167.542496
-158.131760
-148.753021
-139.499161
-130.679749
-122.253540
-113.722061
-105.285530
-97.102867
-89.269020
-81.828362
-74.272118
-66.532181
-59.009991
-51.648792
-44.434139
-37.380474
-30.352612
-23.769535
-17.122477
-10.713808
-4.530114
1.568958
7.630877
13.423447
19.200537
24.868235
30.340887
35.774323
41.066380
46.339855
51.271744
56.111786
60.651516
65.066376
69.491562
73.897133
78.228401
82.246979
85.962143
89.526649
93.053993
96.620560
99.727882
102.627785
105.698990
108.822830
111.733047
114.332634
116.704147
119.178864
121.535934
123.741302
125.848625
127.886810
130.094238
132.188156
133.891968
135.544189
137.349136
139.147903
140.790833
142.251099
143.378036
144.523544
146.092178
147.532837
148.477112
149.422409
150.402802
151.212921
151.908478
152.495682
153.120041
153.707245
154.279999
154.798065
155.242844
155.375977
155.942535
156.669067
156.949768
156.984848
156.746460
156.621582
156.542130
156.260391
156.051926
155.969376
155.882690
155.613327
155.145844
154.496719
153.843460
153.582367
153.629852
153.454407
152.847595
152.168549
151.579285
150.730988
150.101471
149.625717
149.064316
148.166473
147.429642
146.779480
146.000336
145.066376
144.080826
143.105591
142.319214
141.458542
140.386292
139.007553
137.939438
137.108688
136.291351
135.224274
133.882690
132.705185
131.730988
130.747498
129.532837
128.298569
127.176804
126.254204
125.218079
123.918800
122.586502
121.298576
120.221176
118.984848
117.735107
116.526649
115.236656
113.889908
112.643265
111.381134
110.009621
108.671127
107.317154
106.079796
104.838310
103.609207
102.249039
101.089081
99.986916
98.801155
97.511169
96.098366
94.833145
93.481239
92.014778
90.466789
88.917770
87.543159
86.172676
85.004456
83.727882
82.452339
80.929123
79.431702
78.074631
76.591660
75.103531
73.782578
72.494652
71.105591
69.703117
68.440994
67.187119
65.875458
64.616432
63.244911
61.993107
60.698990
59.349144
58.131393
56.773293
55.525616
54.333664
53.004459
51.727886
50.437893
49.339855
47.996201
46.883717
45.836243
44.877522
43.943569
42.776386
41.651516
40.554508
39.251102
38.030258
36.668030
35.474014
34.414158
33.482269
32.449245
31.449247
30.250072
29.157192
28.137585
26.943571
25.766068
24.807348
23.976595
22.927059
21.746460
20.599918
19.418287
18.126234
16.876492
15.759876
14.815603
13.851724
12.845531
12.041610
11.368752
10.766068
9.912611
8.985883
8.120041
7.015810
5.986914
4.977626
4.092177
3.246976
2.597853
1.720660
1.002394
0.201569
-0.739608
-1.681816
-2.387699
-3.072941
-3.703488
-4.471290
-5.243220
-5.999670
-6.736512
-7.424850
-8.064685
-8.660145
-9.400083
-10.246316
-11.112157
-11.647760
-12.165820
-12.766439
-13.410402
-14.068813
-14.770568
-15.317523
-15.846935
-16.334036
-17.073973
-17.778824
-18.451683
-19.056429
-19.774696
-20.434137
-20.946007
-21.160660
-21.504314
-22.137957
-22.676657
-23.130733
-23.579649
-24.155500
-24.780888
-25.205036
-25.594097
-26.061590
-26.658081
-27.017214
-27.251476
-27.524954
-28.031662
-28.763344
-29.283468
-29.537338
-29.809784
-29.975933
-30.299980
-30.360867
-30.471291
-30.756119
-31.413498
-32.020309
-32.464066
-32.828358
-33.419689
-34.047142
-34.773663
-35.543530
-36.239090
-36.643631
-36.805656
-36.922272
-36.999668
-37.206070
-37.496059
-38.040951
-38.388729
-38.475418
-38.684914
-38.671497
-38.854160
-39.018246
-39.289658
-39.537338
-39.597195
-39.685944
-39.869640
-39.973869
-40.086357
-40.311333
-40.500187
-40.662209
-40.697296
-40.806686
-40.921238
-40.771599
-40.596161
-40.613705
-40.656017
-40.788113
-40.822166
-41.003799
-41.095646
-41.148277
-41.273148
-41.559010
-41.749928
-41.832485
-41.856224
-41.904728
-42.031662
-41.930527
-41.882023
-42.023407
-42.147243
-42.099773
-42.189556
-42.383572
-42.357769
-42.089455
-41.988319
-41.786049
-41.661175
-41.569328
-41.713806
-41.769535
-41.746830
-41.620930
-41.383572
-41.108028
-40.851063
-40.824230
-40.939816
-40.933620
-40.836617
-40.964581
-40.706585
-40.289658
-40.307205
-40.281403
-40.087391
-39.953232
-39.936718
-39.872734
-39.829391
-39.788113
-39.679752
-39.567265
-39.524952
-39.507408
-39.330940
-39.231869
-39.135891
-39.095646
-38.894405
-38.577583
-38.204002
-38.075005
-38.050236
-37.984188
-37.919174
-37.802559
-37.768505
-37.781921
-37.693169
-37.506378
-37.325779
-37.135891
-37.132797
-37.040951
-36.930527
-36.850033
-36.637440
-36.531147
-36.368092
-36.166851
-36.054367
-35.931557
-35.631248
-35.387699
-35.298946
-35.116283
-34.969742
-34.895439
-34.803593
-34.855190
-34.992447
-35.100803
-35.100803
-34.900600
-34.709679
-34.450649
-34.181301
-33.905758
-33.835583
-33.765408
-33.628151
-33.624023
-33.329906
-33.218452
-33.076038
-32.907822
-32.822166
-32.963551
-32.822166
-32.497089
-32.230835
-32.097710
-31.875832
-31.797400
-31.790176
-31.553850
-31.344355
-31.099773
-30.870670
-30.636408
-30.407307
-30.181301
-29.989349
-29.903694
-29.888214
-29.760248
-29.594097
-29.297915
-29.195747
-28.957357
-28.659113
-28.376347
-28.291723
-28.277275
-28.271084
-28.085325
-27.666336
-27.219484
-27.195747
-27.132797
-27.242188
-27.320620
-27.220516
-27.148277
-27.008957
-26.878927
-26.894407
-26.969742
-27.082230
-27.326811
-27.567265
-27.505346
-27.392859
-27.272116
-27.243219
-26.998638
-26.783983
-26.401115
-26.019278
-25.676657
-25.512569
-25.400082
-25.182333
-24.977999
-24.685944
-24.356739
-24.143116
-23.835583
-23.602352
-23.563137
-23.502251
-23.260763
-22.866543
-22.605450
-22.573458
-22.265924
-22.001734
-22.025469
-21.916079
-21.598225
-21.212259
-20.802559
-20.521858
-20.378410
-20.197813
-20.086357
-19.872734
-19.630217
-19.501217
-19.339195
-19.093580
-18.772631
-18.734447
-18.501217
-18.357771
-18.129702
-18.005861
-17.894407
-17.880991
-17.796368
-17.778824
-17.577585
-17.326811
-17.085325
-16.832487
-16.660145
-16.662209
-16.596161
-16.538370
-16.530113
-16.480577
-16.378410
-16.190588
-15.771600
-15.393890
-15.213292
-15.292755
-15.075006
-14.835583
-14.434138
-14.190588
-14.185429
-13.960454
-13.711744
-13.342291
-12.936718
-12.651889
-12.579649
-12.647760
-12.618865
-12.513601
-12.486770
-12.205036
-11.989350
-11.835583
-11.673560
-11.411434
-11.155500
-10.955294
-10.710712
-10.509474
-10.305140
-10.159629
-9.896471
-9.850031
-9.950134
-9.958390
-9.906791
-9.956326
-9.899567
-9.802559
-9.644665
-9.368091
-9.102869
-8.998638
-8.786048
-8.503282
-8.403178
-8.231868
-8.164788
-8.063653
-8.001734
-7.910918
-7.886151
-7.573457
-7.144149
-7.002766
-7.076037
-7.030630
-6.817007
-6.498122
-6.361899
-6.395955
-6.316491
-6.147244
-5.942910
-5.559009
-5.367059
-5.399051
-5.235996
-5.257668
-5.391827
-5.339195
-5.238060
-5.485738
-5.611641
-5.499154
-5.529081
-5.601321
-5.584809
-5.483674
-5.347451
-5.272116
-5.226708
-4.964582
-4.840743
-4.863447
-4.859319
-4.718968
-4.533209
-4.603385
-4.360867
-4.003798
-3.828359
-3.740640
-3.616801
-3.559009
-3.952198
-4.049205
-4.017214
-3.954262
-3.908854
-3.884087
-3.907823
-3.891311
-3.956326
-3.668401
-3.503282
-3.479546
-3.508442
-3.303075
-3.244252
-3.296883
-3.320619
-3.438266
-3.388731
-3.309267
-3.192652
-3.038885
-2.877895
-2.734448
-2.604417
-2.528049
-2.275212
-2.191620
-2.022374
-1.803591
-1.586873
-1.489866
-1.341259
-1.240124
-1.324747
-1.079133
-0.625057
-0.435170
-0.228772
-0.200908
-0.293787
-0.377379
-0.291723
-0.256636
-0.143117
-0.000702
0.248008
0.324376
0.413127
0.384231
0.485366
0.632941
0.774324
0.783612
1.116945
1.375975
1.520454
1.630877
1.662869
1.672157
1.853787
1.991042
1.825924
1.867203
1.996202
2.200537
2.184025
2.274840
2.560702
2.690733
2.756780
2.728916
2.771228
2.810444
2.658741
2.703117
3.006522
3.167513
3.303736
3.369783
3.300640
3.277936
3.144809
3.185057
3.025098
2.949763
3.263488
3.463695
3.657709
3.734076
3.761940
3.842436
4.027162
4.022002
4.034386
3.979690
4.092177
4.117977
4.135521
4.030258
4.116945
4.248008
4.248008
4.110754
3.933251
3.890939
3.910547
3.978658
4.099401
4.127265
4.264520
4.332632
4.404871
4.368752
4.173705
4.171641
4.396615
4.548318
4.674221
4.664933
4.516326
4.547286
4.521486
4.613333
4.702085
4.503942
4.585470
4.700021
4.717565
4.831084
4.576181
4.604045
4.689701
4.723756
4.682477
4.588565
4.733044
4.824892
4.970402
4.903323
4.817667
4.884747
4.934283
5.041610
5.028194
5.060186
4.942539
4.949763
4.945635
4.970402
4.970402
4.883715
4.879587
5.038514
5.140681
5.077730
4.983819
4.943571
5.099401
5.100433
5.009618
5.132425
5.239752
5.114882
4.979691
4.814572
4.820764
4.931187
5.035418
5.235624
5.213953
5.242848
5.327472
5.241817
5.020970
4.978658
4.911579
4.926027
4.964211
4.752652
4.738204
4.599917
4.531806
4.592693
4.618493
4.653581
4.662869
4.541094
4.543158
4.532838
4.474014
4.543158
4.523550
4.727884
4.868235
4.991042
4.852756
4.698988
4.617461
4.659773
4.801156
4.859979
4.811476
4.807348
4.907451
4.998266
4.609205
4.295480
4.327472
4.449247
4.651517
4.950795
5.083921
4.812508
4.610237
4.729949
4.722724
4.705181
4.663901
4.540062
4.501878
4.194345
3.916739
3.857915
3.937379
3.965243
3.946667
3.932219
3.975562
4.049866
4.005490
4.001362
3.991042
3.939443
3.948731
3.912611
3.943571
3.943571
3.999298
3.997234
3.975562
3.802188
3.852755
3.882683
3.897131
3.884747
3.875459
3.965243
4.046770
4.034386
4.200537
4.249040
4.255232
4.353271
4.508070
4.483303
4.357399
4.243880
4.055026
4.163385
4.338823
4.565862
4.652549
4.604045
4.340888
4.203633
4.341919
4.546254
4.715500
4.979691
5.178865
5.257296
5.161321
5.176801
5.127265
5.033354
5.007554
4.873395
4.700021
4.599917
4.534902
4.648421
4.665965
4.710340
4.618493
4.467823
4.465758
4.464726
4.721693
4.811476
4.810444
4.811476
4.827988
4.882683
4.834179
4.778452
4.549350
