-0.129050
-0.142220
-0.043443
0.100489
0.085437
0.065682
-0.038739
0.015823
0.106134
0.092963
0.161637
0.057215
-0.045325
-0.109294
-0.001110
-0.125287
0.033697
0.078852
0.205851
0.181392
-0.025569
0.026171
-0.082954
-0.160094
-0.223123
-0.173264
-0.098006
0.060978
0.073208
0.028993
0.042164
0.032756
0.075089
-0.021806
-0.067902
-0.119643
-0.039680
0.042164
-0.042502
0.118363
0.154111
0.192681
0.090141
0.086378
0.045927
-0.180790
-0.139398
-0.113057
-0.059436
-0.072606
-0.164798
-0.138457
-0.126228
-0.002992
-0.010517
-0.041562
0.043104
0.026171
0.062860
-0.954073
-7.908918
-32.039680
-95.565552
-211.413147
-329.196777
-432.130920
-518.885376
-585.415955
-631.528870
-661.283325
-677.024658
-680.128113
-674.923950
-664.148804
-646.967224
-626.545776
-604.989807
-582.374573
-559.685974
-537.771545
-516.212769
-495.287079
-475.873169
-457.018982
-438.887268
-421.406555
-404.251343
-387.605072
-371.467712
-355.598480
-340.019928
-324.769684
-309.605988
-294.542023
-279.900452
-265.398102
-251.503464
-237.842133
-223.902328
-210.065079
-196.638931
-183.327545
-170.182678
-157.343536
-144.745224
-132.480881
-120.293678
-108.310608
-96.651154
-85.214653
-73.730179
-62.348240
-51.396217
-40.870350
-30.568373
-20.283331
-10.100828
-0.287093
9.191740
18.496538
27.568033
36.631062
45.596256
54.109898
62.266998
70.245361
78.145645
85.863426
93.269821
100.699738
107.838028
114.874710
121.567093
128.091080
134.299927
140.400589
146.188919
151.744888
156.965027
162.196442
167.340378
172.270767
176.997955
181.768417
186.220901
190.109894
194.048752
197.919861
201.664932
205.586853
209.315918
212.869064
216.333786
219.372360
222.178574
225.099548
227.878479
229.948090
231.930222
233.663055
235.038406
236.416580
237.684692
238.914230
240.018646
241.280167
242.330963
243.216202
243.921753
244.850250
245.955612
247.046860
248.084503
248.982895
249.778763
250.353546
250.871887
251.195511
251.406235
251.584030
251.375183
251.220901
250.996063
250.509705
250.034637
249.586853
248.986664
248.008301
247.025238
246.045929
245.259476
244.450439
243.589676
242.400589
241.448563
240.573685
239.413757
237.952789
236.621658
235.380829
234.001709
232.493713
231.013000
229.591553
228.235016
227.037460
225.676224
224.095779
222.450439
220.762772
219.022415
217.374237
215.757126
214.063797
212.298981
210.674332
208.885056
207.104248
205.307449
203.427872
201.414688
199.486191
197.765594
196.048752
194.299927
192.330963
190.549225
188.831436
186.817322
184.846497
182.733597
180.447617
178.176682
175.995132
173.963135
171.868134
169.526642
167.522873
165.159760
162.755234
160.619781
158.393051
156.086380
153.693146
151.477722
149.355423
147.331909
145.284866
143.128708
140.949036
138.623535
136.264175
134.220901
132.205856
130.044983
127.965027
125.707260
123.635765
121.438210
119.050629
116.633888
114.449501
112.465492
110.503120
108.555801
106.529465
104.572739
102.552979
100.304626
98.236893
96.215256
94.056274
92.036522
89.988541
87.883179
85.801338
83.836143
81.790985
79.739250
77.727959
75.968788
74.299927
72.416573
70.711029
69.125893
67.285812
65.345078
63.365776
61.460789
59.584026
57.671516
55.803219
54.184216
52.448559
50.694092
48.986660
47.230312
45.441975
43.578381
41.921749
40.508766
39.110836
37.679039
36.142822
34.580265
33.308392
31.891645
30.318739
28.663048
27.011120
25.563330
23.912342
22.486191
21.087318
19.592493
18.245361
16.870951
15.472079
13.831439
12.328147
10.877535
9.644234
8.355428
6.954676
5.640471
4.382710
3.094845
1.891646
0.664929
-0.678438
-1.889163
-2.996406
-3.944666
-5.031214
-6.458307
-7.864704
-9.237234
-10.277686
-11.237234
-12.343537
-13.338834
-14.503462
-15.610705
-16.639868
-17.612587
-18.494055
-19.487469
-20.442314
-21.315315
-22.361412
-23.637047
-24.658684
-25.544855
-26.345419
-27.481825
-28.387753
-29.154449
-30.072605
-30.982296
-31.821430
-32.422558
-33.300262
-34.211834
-34.889164
-35.610706
-36.177967
-36.589069
-37.307789
-38.131870
-38.884460
-39.573074
-40.145042
-40.664326
-41.124348
-41.642689
-42.208073
-42.932438
-43.539211
-44.225945
-44.884460
-45.458305
-46.057552
-46.585304
-47.078251
-47.617290
-47.939022
-48.457367
-48.823311
-49.234413
-49.822372
-50.228767
-50.542973
-50.997349
-51.606003
-52.077309
-52.315315
-52.575897
-53.151627
-53.661507
-54.110233
-54.829895
-55.394337
-55.876934
-56.465832
-57.050030
-57.750874
-58.286152
-58.866585
-59.179848
-59.483707
-59.885399
-60.021805
-60.143162
-60.231590
-60.463009
-60.653038
-60.991703
-60.962540
-60.974770
-61.053791
-61.411270
-61.772511
-62.113056
-62.272041
-62.587189
-62.831779
-62.824253
-62.974770
-63.088600
-62.941845
-63.154449
-63.411270
-63.685963
-63.909859
-64.158211
-64.397156
-64.218422
-64.395279
-64.434792
-64.536385
-64.547676
-64.436668
-64.263573
-64.161034
-64.177025
-64.227829
-64.163857
-63.942783
-63.791325
-64.032158
-64.071663
-63.944668
-63.894806
-63.873169
-63.631401
-63.272041
-63.093304
-63.147865
-63.166679
-62.957836
-62.744289
-62.572136
-62.284271
-62.352005
-62.509106
-62.525097
-62.315315
-62.001110
-61.976650
-61.878815
-61.875992
-62.017101
-61.981354
-61.763103
-61.601299
-61.572136
-61.550499
-61.351063
-61.098007
-60.690666
-60.477123
-60.141281
-59.948429
-59.848713
-59.677498
-59.519455
-59.377403
-59.256989
-59.153507
-59.067902
-58.752758
-58.509106
-58.231590
-57.925850
-57.743347
-57.740528
-57.552380
-57.243820
-56.993584
-56.843067
-56.592831
-56.272984
-55.984177
-55.734882
-55.539211
-55.325665
-55.209011
-55.061317
-54.630463
-54.372700
-54.202427
-54.076370
-53.747112
-53.416916
-53.272984
-53.477123
-53.405624
-53.216537
-52.891987
-52.619171
-52.264515
-51.914562
-51.574959
-51.453602
-51.155392
-50.983234
-50.743347
-50.492172
-50.337894
-50.157272
-50.010517
-49.733940
-49.519455
-49.165737
-48.974770
-48.762165
-48.586246
-48.125286
-47.806377
-47.811081
-47.692551
-47.410328
-47.250404
-47.234413
-47.238174
-47.069782
-46.687847
-46.336010
-45.915504
-45.663387
-45.376461
-45.072605
-44.848713
-44.605061
-44.395279
-44.027451
-43.390575
-42.952190
-42.719830
-42.705719
-42.343536
-42.295559
-42.365173
-41.983234
-41.654919
-41.468655
-41.353886
-41.309669
-41.341656
-42.121525
-43.699135
-45.528862
-47.077309
-48.031212
-47.978531
-47.836483
-47.645512
-47.319077
-46.890102
-46.472416
-46.215599
-45.860939
-45.431026
-45.104591
-44.720772
-44.509106
-44.278625
-43.870350
-43.169502
-42.508167
-41.904213
-41.247581
-40.730179
-40.183613
-39.665268
-39.434788
-38.902332
-38.317196
-37.779099
-36.982296
-36.414093
-35.871288
-35.128109
-34.545795
-34.136578
-33.728298
-33.358589
-32.706661
-32.297440
-31.955956
-31.755579
-31.751816
-31.542032
-31.375523
-31.463951
-31.504402
-31.620113
-31.610706
-31.223124
-30.917385
-30.755579
-30.403744
-29.968184
-29.401863
-28.835541
-28.408447
-28.176086
-27.725475
-27.215597
-26.678438
-26.288034
-25.964422
-25.597536
-25.012400
-24.570253
-24.176086
-23.844948
-23.516632
-23.131872
-22.754639
-22.410330
-22.023687
-21.426321
-20.932436
-20.500639
-20.134695
-19.948429
-19.638927
-19.052851
-18.685965
-18.633284
-18.396217
-17.963480
-17.492172
-17.066021
-16.710423
-16.477121
-16.185493
-15.891985
-15.497817
-15.131872
-14.769690
-14.358589
-13.957836
-13.703838
-13.590950
-13.441374
-13.021806
-12.473358
-12.004873
-11.722652
-11.543914
-11.169501
-10.788505
-10.556143
-10.364233
-10.251346
-9.996407
-9.737704
-9.387752
-8.876933
-8.600357
-8.279568
-7.962540
-7.663387
-7.286152
-7.095183
-7.130931
-7.010518
-6.958777
-6.699134
-6.727356
-6.758401
-6.579661
-6.166679
-6.088598
-5.984177
-5.960659
-6.161975
-6.171383
-6.241938
-6.256989
-6.167620
-5.990762
-5.883518
-5.760282
-5.657742
-5.544854
-5.527921
-5.463010
-5.379285
-5.177027
-5.012399
-4.927733
-4.848711
-4.704779
-4.479944
-4.161975
-4.191138
-4.225005
-4.041562
-3.772512
-3.447959
-3.083895
-2.705720
-2.718890
-2.678438
-2.446077
-2.463951
-2.507225
-2.567432
-2.528862
-2.551439
-2.588128
-2.682201
-2.633283
-2.649276
-2.813904
-2.764986
-2.541091
-2.382107
-2.254168
-2.079191
-1.953133
-1.826134
-1.776275
-1.812963
-1.828015
-1.974769
-1.897629
-1.573076
-1.335071
-1.182672
-1.085776
-0.852474
-0.779097
-0.394337
-0.207131
-0.301204
-0.338833
-0.187375
-0.104591
0.008297
0.023349
0.218081
0.443857
0.698796
0.880358
1.081674
1.283932
1.447620
1.654581
1.811684
1.961261
2.023349
2.111778
2.247244
2.348843
2.510649
2.728899
2.919868
3.122126
3.292399
3.375183
3.407168
3.639530
3.866246
4.112719
4.286755
4.264177
4.266999
4.092963
3.981957
4.028994
4.067564
4.206792
4.317799
4.393057
4.430687
4.432568
4.623537
4.917987
5.067564
5.456087
5.809803
5.790047
5.888824
6.091082
6.082615
6.083556
5.978194
5.861543
5.940565
6.073208
6.330969
6.519116
6.618834
6.477724
5.947150
5.542634
5.389295
5.092963
4.856839
4.530405
4.347902
4.396821
4.298043
4.343198
4.305569
4.464553
4.663048
4.819210
4.904817
4.923631
4.745832
4.875654
5.023349
5.030875
5.108956
5.192681
5.227488
5.300866
5.285814
5.424102
5.543575
5.746773
5.834261
5.794751
5.993246
6.115541
6.154111
6.084496
6.105193
6.405287
6.451383
6.517234
6.642352
6.711966
6.686566
6.551101
6.429746
6.552042
6.727959
6.831439
6.717610
6.643292
6.573678
6.642352
6.808862
6.957498
6.998890
6.997008
7.177629
7.331910
7.594374
7.595315
7.681863
7.671515
7.833321
7.953735
8.063801
8.150348
8.238777
8.236896
8.141882
8.234074
8.236896
8.248184
8.425042
8.356369
8.274525
8.214318
8.223725
8.361073
8.383650
8.333791
8.404346
8.378946
8.349784
8.421279
8.489953
8.355428
8.097667
8.058156
8.085438
8.127770
8.029934
8.107075
8.339436
8.562389
8.743951
8.637649
8.490893
8.350724
8.400583
8.423161
8.218081
8.149407
8.023349
7.977253
8.037460
8.132474
8.042164
8.068504
8.073208
8.282991
8.292398
8.267940
8.173866
8.247244
8.156933
8.335672
8.451383
8.471138
8.552041
8.649878
8.444798
8.409050
8.435390
8.147526
8.066623
8.156933
8.163518
8.157874
8.171985
8.062860
7.946209
7.932098
8.076971
8.252888
8.363894
8.215259
8.181393
8.157874
8.090141
8.147526
8.314977
8.203970
8.060038
8.051571
8.004535
7.914224
7.680922
7.675278
7.716670
7.730781
7.601900
7.632004
7.736425
7.922690
7.926454
7.999831
7.860602
7.723255
7.654582
7.418457
7.235014
7.187037
7.093904
7.081675
7.033697
7.019586
7.069445
7.189859
7.213377
7.218081
7.230310
6.982897
6.939624
6.881298
6.687507
6.382710
6.070386
5.766529
5.409050
5.305569
5.268880
5.317799
5.298043
5.165400
5.391176
5.393998
5.264177
5.083556
4.695033
4.532286
4.314977
4.258533
4.212437
4.238777
4.344139
4.385531
4.429746
4.429746
4.294281
4.324384
4.310273
4.243481
4.346021
4.311213
4.040282
3.737366
3.420339
3.539812
