0.010645
-0.036633
-0.015860
0.070817
0.103768
-0.049527
-0.119728
-0.182765
-0.071017
-0.036633
0.020673
0.196175
0.087292
0.070817
0.070817
-0.033768
-0.031619
-0.010129
-0.085344
-0.116862
-0.120444
-0.116146
-0.097521
-0.042364
0.035000
0.027837
0.105201
0.070817
0.075831
0.157493
0.136719
0.019957
-0.040215
-0.084628
-0.146948
-0.083911
-0.030186
0.033567
0.028553
0.084427
0.080129
0.199756
0.276404
0.151762
-0.002249
-0.010129
-0.116146
-0.232908
-0.177034
-0.023739
0.231275
0.402479
0.350186
0.224828
0.127407
0.064370
0.171819
0.164656
0.104484
-0.078181
-1.603969
-15.610415
-103.144081
-345.523010
-654.675598
-943.783081
-1171.161987
-1329.558105
-1427.738647
-1486.387695
-1520.669189
-1537.406250
-1541.558838
-1537.353271
-1527.790894
-1515.256592
-1500.166992
-1483.304565
-1465.207886
-1446.074585
-1425.934204
-1404.944214
-1382.744385
-1359.028809
-1334.450684
-1309.527344
-1283.350342
-1256.229370
-1228.778076
-1201.467163
-1174.359009
-1146.598267
-1118.655518
-1090.953491
-1063.172729
-1034.737183
-1006.013000
-977.140503
-948.256531
-919.189941
-889.568176
-860.044495
-830.917725
-801.888367
-772.744385
-743.815979
-715.238647
-686.846802
-658.510132
-630.353943
-602.792358
-575.376160
-547.838928
-520.318848
-493.515137
-466.964996
-440.538055
-414.414856
-388.368286
-362.598236
-336.809570
-310.991516
-285.380463
-260.326019
-235.772308
-211.652679
-187.664139
-163.712128
-139.982910
-116.380470
-93.015144
-69.942078
-47.237206
-24.314569
-1.536633
20.874542
42.726978
64.109497
85.146034
105.926117
126.430412
146.515656
166.449753
186.181854
205.254196
224.224106
242.851624
261.149628
278.996307
296.360931
313.492737
330.277832
346.674683
362.617371
378.106628
393.230560
408.050049
422.539307
436.702637
450.595184
464.193298
477.415375
490.567230
503.385284
515.912537
528.060791
539.865234
551.372375
562.469116
573.233398
583.661072
593.724121
603.313660
612.491333
621.457642
630.393188
638.873840
647.016357
654.857361
662.466919
670.038574
677.091614
683.711243
690.080139
696.187561
702.113098
707.723389
712.798584
717.541443
721.908936
725.906067
729.618103
733.185425
736.704773
739.949036
742.870972
745.410339
747.779968
750.017822
752.042175
753.716919
754.981995
755.814392
756.616638
757.316528
757.922546
758.370972
758.715515
758.938293
758.967651
758.566528
758.207642
757.530701
756.686157
755.469788
753.913208
752.244141
750.479126
748.582275
746.608765
744.413208
742.078674
739.850891
737.478394
734.805786
731.941895
729.002747
725.820801
722.388123
718.806519
715.305054
711.836548
708.019958
704.179688
700.444031
696.608093
692.505615
688.072266
683.459778
678.700500
674.302185
669.787170
665.021362
660.239136
655.580872
650.825806
646.020691
641.024963
636.066528
631.054321
625.930420
620.591614
615.307190
609.924683
604.470520
598.899597
593.365234
587.730530
582.130249
576.540039
570.714783
564.942566
559.166077
553.335876
547.328674
541.441162
535.406067
529.248474
523.193298
516.934021
510.778564
504.769958
498.716217
492.672546
486.267090
480.004913
473.918243
467.785706
461.487000
455.170380
448.509918
441.818665
435.325836
428.993439
422.696899
416.221954
409.785004
403.699768
397.773529
391.812927
385.527832
378.985565
372.686157
366.723389
360.598022
354.643890
348.802185
342.875244
336.835144
330.756348
324.897461
319.110229
313.279999
307.232697
301.296448
295.471954
289.594452
283.719086
278.061493
272.225555
266.256348
260.451904
254.613083
248.762787
243.151047
237.747040
232.348038
226.950470
221.516373
215.747040
209.806488
204.148895
198.489151
192.895309
187.106628
181.267807
175.746323
170.282135
164.850906
159.282135
153.848038
148.544312
143.458359
138.339447
133.254913
128.371674
123.448326
118.817238
114.108063
109.099472
104.141731
99.313652
94.483421
89.546463
84.666801
79.810791
75.279266
70.907494
66.494888
61.964798
57.601620
53.349468
49.118813
44.712650
40.388866
36.035717
31.719814
27.489872
23.658209
19.605917
15.608066
11.819384
8.157493
4.530702
0.751332
-3.081762
-6.864714
-10.685631
-14.407694
-17.952822
-21.420588
-24.837492
-28.141933
-31.588926
-34.879040
-38.121876
-41.419872
-44.617580
-47.811707
-51.167007
-54.404827
-57.457836
-60.469299
-63.485058
-66.523026
-69.540932
-72.408409
-75.323166
-78.199959
-81.114716
-83.889069
-86.712135
-89.402679
-92.178467
-95.044510
-97.899811
-100.718582
-103.283768
-105.705688
-108.077461
-110.612564
-113.074600
-115.310272
-117.606834
-119.771591
-121.973595
-123.985771
-125.945656
-128.212845
-130.500824
-132.650528
-134.677750
-136.697098
-138.993652
-141.334625
-143.398376
-145.479324
-147.566010
-149.472885
-151.329620
-153.129761
-154.804535
-156.669159
-158.502960
-160.149094
-161.759415
-163.344650
-164.962128
-166.795944
-168.475021
-169.874741
-171.291641
-172.769440
-174.147659
-175.465714
-176.744370
-178.238632
-179.863998
-181.078903
-182.167725
-183.245804
-184.298096
-185.452103
-186.437775
-187.497955
-188.527328
-189.365433
-190.371155
-191.467865
-192.643372
-193.583191
-194.488632
-195.227173
-196.004395
-196.909836
-197.803818
-198.591080
-199.083191
-199.485062
-200.106827
-200.948517
-201.544510
-202.198517
-202.957840
-203.707840
-204.419876
-205.008698
-205.421310
-205.779465
-205.987915
-206.361130
-206.667007
-207.180618
-207.645523
-208.005112
-208.183487
-208.439209
-208.654114
-208.882629
-209.064575
-209.331039
-209.509415
-209.621872
-209.810989
-209.938492
-210.040924
-210.050964
-210.064575
-210.019440
-210.110413
-210.171310
-210.214996
-210.113281
-210.006546
-209.810989
-209.680618
-209.703537
-209.634766
-209.559555
-209.372589
-209.137634
-209.227890
-209.184921
-209.071732
-208.933487
-208.840363
-208.702103
-208.375458
-207.914139
-207.478607
-207.084625
-206.805969
-206.625458
-206.321014
-205.902679
-205.362564
-204.894089
-204.578903
-204.225739
-203.818863
-203.394089
-203.197098
-202.914856
-202.745087
-202.762283
-202.650528
-202.423447
-202.055252
-201.470016
-200.886917
-200.263718
-199.663422
-199.159119
-198.869019
-198.349670
-197.712128
-197.053116
-196.328903
-195.836060
-195.193512
-194.641220
-194.024460
-193.318863
-192.642654
-192.087494
-191.556686
-190.995804
-190.197098
-189.345367
-188.536636
-187.761566
-186.886917
-186.042358
-185.188492
-184.359695
-183.640503
-183.043076
-182.601105
-181.878326
-180.954971
-180.119019
-179.454254
-178.737213
-177.919876
-177.285202
-176.515854
-175.626175
-174.710709
-173.834625
-173.072449
-172.242935
-171.377609
-170.506546
-169.852539
-169.109695
-168.297379
-167.343933
-166.273026
-165.326752
-164.427750
-163.607544
-162.669159
-161.735062
-160.921310
-160.018005
-158.810272
-157.720016
-156.732910
-156.031616
-155.199234
-154.232910
-153.414856
-152.656265
-151.750107
-150.672028
-149.646942
-148.653397
-147.785202
-146.904114
-146.037354
-145.078903
-144.139069
-143.135483
-142.173447
-141.248672
-140.283768
-139.392654
-138.485062
-137.745804
-136.842514
-135.932770
-134.992935
-133.961426
-132.722885
-131.675598
-130.888351
-130.157700
-129.341797
-128.373306
-127.386917
-126.429184
-125.448524
-124.543800
-123.769440
-123.041649
-122.195656
-121.122597
-119.926315
-119.202103
-118.241501
-117.083199
-116.179901
-115.459267
-114.578896
-113.553825
-112.580330
-111.840355
-110.962135
-109.852539
-108.907692
-108.027321
-107.210701
-106.440643
-105.729324
-104.856834
-103.833908
-102.872597
-102.110413
-101.245087
-100.313850
-99.559555
-98.833199
-97.927750
-97.214287
-96.730759
-96.167725
-95.399811
-94.621880
-94.069588
-93.377609
-92.475746
-91.441360
-90.378326
-89.482910
-88.758698
-88.098236
-87.447807
-86.779472
-85.888351
-84.919151
-84.052391
-83.391220
-82.641220
-81.924889
-81.253685
-80.561707
-79.803108
-79.192795
-78.386917
-77.689209
-76.767296
-75.780190
-74.804543
-74.053825
-73.519440
-73.143364
-72.679901
-72.250099
-71.674889
-71.129753
-70.422020
-69.750099
-68.989357
-68.303825
-67.391220
-66.389786
-65.511559
-64.645515
-64.054543
-63.518009
-62.865429
-62.031620
-61.191360
-60.202106
-59.541649
-58.810272
-57.920586
-57.096806
-56.266575
-55.489357
-54.724312
-53.835342
-52.970730
-52.148380
-51.414139
-50.656261
-49.912708
-49.165573
-48.591789
-47.969299
-47.197090
-46.424885
-45.699242
-44.949959
-44.245087
-43.528755
-42.868294
-42.311707
-41.629040
-40.831760
-40.179184
-39.624741
-39.152679
-38.590359
-38.036633
-37.399097
-36.757980
-36.028755
-35.404827
-34.857552
-34.363281
-34.025173
-33.450672
-32.862564
-32.217865
-31.584627
-30.815287
-30.184914
-29.742220
-29.280903
-28.651962
-27.972164
-27.220015
-26.620443
-25.791647
-25.045229
-24.500816
-24.070301
-23.624743
-23.144800
-22.841074
-22.358267
-21.783768
-21.181332
-20.712851
-20.045946
-19.232191
-18.526604
-18.065287
-17.663424
-17.077465
-16.334627
-15.643367
-14.945659
-14.434914
-13.924886
-13.452106
-13.057406
-12.589642
-12.235774
-11.853252
-11.209270
-10.573166
-9.875459
-9.375459
-8.962134
-8.740788
-8.476461
-8.219298
-7.798811
-7.444942
-7.186347
-6.984341
-6.645516
-6.134055
-5.522306
-5.126175
-4.681333
-4.232192
-3.846805
-3.750817
-3.622593
-3.340358
-2.870444
-2.472880
-2.068152
-1.697808
-1.400530
-1.038782
-0.621160
-0.200673
0.234857
0.596605
1.011361
1.507779
1.906060
2.219097
2.633854
2.952622
3.317235
3.857350
4.312937
4.719814
5.300043
5.630272
5.843023
6.362364
6.915372
7.368094
7.772822
7.964083
8.222679
8.497034
8.951905
9.092306
9.315086
9.604485
9.913939
10.252048
10.526404
10.742737
11.046461
11.290014
11.741303
12.251332
12.704771
13.008495
13.355201
13.621676
13.931849
14.174685
14.310788
14.456203
14.658209
14.940444
15.185430
15.447607
15.795745
16.136719
16.485573
16.737722
17.058640
17.446175
17.714800
17.950472
18.193310
18.534285
18.912508
19.008495
19.166088
19.497034
19.870243
20.081562
20.255630
20.449039
20.600903
20.772106
20.967665
21.191160
21.393166
21.423969
21.523539
21.731991
21.954771
22.221247
22.383854
22.636719
22.882421
23.094456
23.064369
23.269241
23.309355
23.237722
23.228409
23.334427
23.575830
23.828697
23.880989
24.053625
24.300043
24.403912
24.519957
24.661791
24.769241
24.938295
25.057207
25.204054
25.418955
25.571533
25.642450
25.888151
25.848038
25.739872
25.814369
26.110931
26.264227
26.271389
26.357349
26.473396
26.543596
26.474829
26.406059
26.390301
26.293596
26.152479
26.220530
26.427549
26.653912
26.711935
26.766375
26.801476
26.801476
27.012077
27.224112
27.229843
27.221247
27.279270
27.300043
27.368811
27.500616
27.608067
27.641733
27.534285
27.618095
27.798611
27.849470
28.060072
28.261360
28.411791
28.543596
28.416088
28.399612
28.588009
28.686863
28.821533
28.861647
28.863796
28.885286
28.936863
28.901762
28.921103
28.978409
29.040731
29.123825
29.193310
29.301476
29.400330
29.482708
29.456921
29.443310
29.416088
29.560072
29.662508
29.810072
29.906776
30.040014
30.132421
30.158209
30.014227
29.875257
29.933281
29.918955
29.906059
29.944742
29.817951
29.665373
29.647465
29.607349
29.522106
29.412508
29.387436
29.331562
29.311504
29.201906
29.217665
29.378122
29.735573
29.767092
29.480558
29.516375
29.653912
29.689011
29.671820
29.522821
29.509928
29.611647
29.721962
29.737005
29.881704
29.993452
29.928984
29.928267
29.935431
29.973396
30.036432
30.075830
30.100903
30.094456
30.161791
30.136003
30.002048
29.928984
30.035000
30.122393
