-0.032493
-0.033201
0.037620
0.064887
0.179972
0.269915
0.273810
0.182450
0.066657
-0.033555
-0.070382
-0.075340
-0.127040
-0.120666
-0.073215
-0.088796
-0.064717
0.002210
0.060991
0.188116
0.204405
0.110567
0.057096
0.039391
0.011771
-0.088088
-0.173074
-0.167408
-0.091275
-0.019037
0.121544
0.155892
0.076926
-0.076756
-0.140850
-0.190425
-0.123499
0.018144
0.084717
0.144207
0.145269
0.102068
0.093569
0.053555
-0.005581
-0.139788
-0.236459
-0.247790
-0.173782
-0.152535
-0.076756
-0.039221
-0.036034
-0.022224
-0.033909
-0.020807
0.020623
0.109150
0.177847
0.080113
-1.192904
-14.783555
-103.018684
-347.786377
-657.189392
-949.995300
-1191.861084
-1363.402222
-1465.397949
-1517.667358
-1542.012329
-1551.635498
-1551.449585
-1542.007690
-1526.878784
-1508.980835
-1489.130249
-1468.293457
-1447.083496
-1425.293457
-1402.679077
-1379.385132
-1355.144043
-1329.716675
-1304.099731
-1278.025757
-1250.903931
-1223.064331
-1194.508789
-1165.609009
-1136.852905
-1107.445679
-1077.734741
-1048.218018
-1018.339478
-988.390137
-958.677673
-928.911377
-899.177673
-869.503113
-839.855469
-810.198242
-780.803040
-751.562256
-722.511230
-693.557617
-664.562256
-635.616394
-606.647949
-577.782837
-549.279297
-521.291321
-493.614990
-466.056213
-438.694672
-411.645447
-384.881287
-358.232574
-331.538147
-305.488220
-279.822144
-254.315063
-229.084549
-204.039932
-179.419174
-155.102966
-131.104019
-107.399345
-84.313301
-61.594814
-38.957069
-16.672365
5.170765
26.712196
47.872959
68.575867
89.031601
109.027000
128.764954
148.496902
168.177139
187.418991
206.071609
224.351013
242.171112
259.521698
276.655548
293.524170
310.177856
326.415100
342.334015
358.014954
373.420044
388.205475
402.503632
416.518860
430.279480
443.845337
456.979187
469.846771
482.477783
494.821960
506.709015
518.353455
529.553223
540.332214
550.751526
560.961121
570.852783
580.464294
589.742310
598.499390
606.837524
614.720703
622.424683
629.960449
637.306030
644.388184
651.259277
657.683838
663.841431
669.670044
675.205811
680.193787
685.031616
689.613037
693.918640
698.019531
701.813843
705.200867
708.278442
711.172546
713.815247
716.300354
718.539368
720.519897
722.295410
723.946594
725.275940
726.324097
727.226685
727.989807
728.510010
728.639587
728.417908
728.125427
727.638550
726.982727
726.398804
725.560303
724.471069
723.174316
721.746887
719.992310
718.122620
716.294678
714.304260
712.053528
709.802490
707.483093
705.047180
702.432434
699.591064
696.683838
693.583679
690.333679
686.956909
683.503296
679.924988
676.272766
672.567383
668.797180
664.798218
660.693787
656.575867
652.389587
648.112000
643.784424
639.400574
634.752197
629.962524
625.124390
620.149902
615.035522
609.888916
604.681030
599.455811
594.333679
589.247253
584.105957
578.770996
573.285828
567.784790
562.146301
556.384644
550.460083
544.580811
538.813477
532.937378
527.036194
521.096741
515.204407
509.279816
503.473541
497.570190
491.699799
485.995850
480.207581
474.424652
468.456879
462.331879
456.199432
450.077271
444.198730
438.465729
432.525574
426.589661
420.669006
414.602783
408.586121
402.571259
396.581879
390.468201
384.325500
378.330811
372.334351
366.281250
360.175018
354.198730
348.264618
342.419006
336.582245
330.711853
324.822327
318.826233
312.878265
307.054962
301.351349
295.527710
289.826935
284.220703
278.558502
272.842865
267.191315
261.335785
255.447678
249.624725
243.855606
238.185287
232.471756
226.963608
221.598877
216.268860
210.930328
205.736984
200.625793
195.528061
190.503632
185.495132
180.418289
175.397034
170.254333
165.167572
160.214325
155.288330
150.286209
145.469986
140.745132
136.022034
131.287262
126.516022
121.675720
117.039391
112.361626
107.680328
103.136414
98.726006
94.308510
89.906250
85.535492
81.230255
76.935989
72.781952
68.525581
64.240524
60.010353
55.885708
51.908371
47.909081
44.065948
40.204758
36.376148
32.590736
28.838966
24.886415
21.157663
17.477776
13.774164
10.112337
6.354193
2.589674
-1.017266
-4.475836
-7.966983
-11.479377
-14.981502
-18.401827
-21.684759
-24.811176
-27.845879
-30.896515
-33.994247
-37.218754
-40.512310
-43.642265
-46.647930
-49.541698
-52.390141
-55.327465
-58.339859
-61.281078
-64.113586
-66.826759
-69.625626
-72.310822
-75.045242
-77.678383
-80.164932
-82.720169
-85.156433
-87.562943
-90.137665
-92.691490
-95.143684
-97.658203
-100.121376
-102.620667
-105.066132
-107.320740
-109.433342
-111.555862
-113.612167
-115.716278
-117.911385
-120.127747
-122.161034
-124.095879
-126.020454
-128.087387
-130.072861
-131.856857
-133.656433
-135.559052
-137.447510
-139.141556
-140.800201
-142.487518
-144.293121
-145.906784
-147.381638
-148.875275
-150.257004
-151.726547
-153.244965
-154.684402
-156.049484
-157.376328
-158.715927
-160.172012
-161.433350
-162.675903
-163.782486
-164.917755
-166.048431
-167.250977
-168.542404
-169.649704
-170.633774
-171.524353
-172.497086
-173.486099
-174.672363
-175.680862
-176.561172
-177.471939
-178.471237
-179.529663
-180.582428
-181.590210
-182.380234
-183.157135
-183.842697
-184.342331
-184.986099
-185.753448
-186.433701
-187.055511
-187.452469
-187.956360
-188.400772
-188.900406
-189.425552
-190.059402
-190.716980
-191.227966
-191.506638
-191.981506
-192.336670
-192.593399
-192.851898
-193.265137
-193.720871
-193.884125
-194.023636
-194.240356
-194.612167
-194.794525
-195.077820
-195.385544
-195.781433
-196.077118
-196.059052
-196.161743
-196.442902
-196.431213
-196.276825
-196.256638
-196.326401
-196.296310
-196.254868
-196.482925
-196.638367
-196.602249
-196.521866
-196.376328
-196.296661
-196.219467
-196.186523
-195.954239
-195.685471
-195.394745
-195.178024
-195.030365
-194.771515
-194.435822
-194.119247
-193.737518
-193.407852
-193.186890
-192.934052
-192.778595
-192.581009
-192.309753
-191.988937
-191.607208
-191.210968
-190.798782
-190.293472
-189.770813
-189.256638
-188.808701
-188.574982
-188.207062
-187.677322
-187.118546
-186.583481
-186.029663
-185.544891
-184.940430
-184.410324
-184.003815
-183.502747
-182.942200
-182.271515
-181.588440
-180.847290
-180.100128
-179.518326
-178.833832
-178.191849
-177.591278
-177.081360
-176.425552
-175.689362
-175.173782
-174.505936
-173.727249
-172.962387
-172.280365
-171.607208
-170.801971
-170.023636
-169.428391
-168.883408
-168.215210
-167.590210
-167.074982
-166.444672
-165.660324
-164.891907
-164.253815
-163.775055
-163.184753
-162.635178
-162.123505
-161.441483
-160.824631
-160.021515
-159.283905
-158.504517
-157.779663
-156.855789
-155.980789
-155.230087
-154.511948
-153.737869
-152.815781
-152.056931
-151.391907
-150.515503
-149.456711
-148.585968
-147.831009
-146.969467
-146.121735
-145.285324
-144.453888
-143.537094
-142.406433
-141.481857
-140.684052
-140.010895
-139.206711
-138.468750
-137.804794
-137.009125
-136.014786
-135.037811
-134.229370
-133.326401
-132.307281
-131.331009
-130.589859
-129.818253
-128.924484
-127.922012
-127.024345
-126.196442
-125.232208
-124.217339
-123.206360
-122.178741
-121.400414
-120.589859
-119.681923
-118.856148
-118.081711
-117.214859
-116.265495
-115.413864
-114.792404
-114.045242
-113.094109
-112.443611
-111.895096
-111.190422
-110.345169
-109.551613
-108.820381
-107.981857
-106.989288
-105.998856
-105.083130
-104.134476
-103.219109
-102.317902
-101.486107
-100.549133
-99.742477
-98.868896
-97.959549
-97.071800
-96.275764
-95.578529
-94.933342
-94.165283
-93.340919
-92.455650
-91.566490
-90.800201
-90.073212
-89.256645
-88.354729
-87.556572
-86.732567
-86.028595
-85.293472
-84.464508
-83.635895
-82.777184
-81.974770
-81.289223
-80.725128
-80.040993
-79.014786
-78.079590
-77.185112
-76.429802
-75.637306
-74.902184
-74.323570
-73.608627
-72.769394
-71.929802
-71.240707
-70.538513
-69.685471
-68.906433
-68.091980
-67.469460
-67.261246
-67.235397
-67.065071
-66.795952
-66.220879
-65.474770
-64.707420
-63.968754
-63.269390
-62.587379
-61.867477
-61.098003
-60.519745
-59.628456
-58.893684
-58.279659
-57.570030
-56.795593
-56.038158
-55.445736
-54.830650
-54.342339
-53.703880
-52.889786
-51.974064
-51.153244
-50.427677
-49.750977
-49.122791
-48.523285
-47.966984
-47.437237
-46.879517
-46.315781
-45.783909
-45.213795
-44.536034
-43.792763
-43.099064
-42.282848
-41.536034
-40.947506
-40.471588
-39.904659
-39.389435
-38.893684
-38.311882
-37.617832
-37.016560
-36.257351
-35.634121
-34.908199
-34.158909
-33.406078
-32.704945
-32.194675
-31.734335
-31.076403
-30.440426
-29.800552
-29.301970
-28.790991
-28.198570
-27.625977
-27.083839
-26.477606
-25.786741
-25.090921
-24.495312
-24.170240
-23.665283
-23.016912
-22.485397
-21.987875
-21.477961
-20.822508
-20.344461
-19.889433
-19.298428
-18.730085
-18.195383
-17.729731
-17.284618
-16.823570
-16.278597
-15.705297
-15.184759
-14.666346
-14.236105
-13.804447
-13.351898
-12.772578
-12.267975
-11.878810
-11.403598
-10.865000
-10.394745
-10.048074
-9.653244
-9.178031
-8.815071
-8.379519
-7.956714
-7.475128
-7.513371
-8.469461
-9.013725
-8.722295
-8.399348
-8.133768
-7.971941
-7.730085
-7.476190
-7.159617
-6.794178
-6.481502
-6.016912
-5.637309
-5.408555
-5.166346
-4.706360
-4.126331
-3.746374
-3.502040
-3.164575
-2.787450
-2.394037
-2.005581
-1.624915
-1.209547
-0.721232
-0.452819
-0.187592
0.210779
0.616586
0.985567
1.478839
1.779122
1.927847
2.262833
2.649164
3.059929
3.493357
3.861275
4.198740
4.524872
4.975297
5.318782
5.599943
5.867649
6.045765
6.377918
6.507521
5.313116
4.479547
4.766374
5.055326
5.297890
5.544703
5.903059
6.294703
6.493003
6.617649
6.791870
7.105963
7.387125
7.529122
7.814887
8.184575
8.419703
8.581883
8.843570
9.177847
9.427493
9.558513
9.719986
9.899518
10.038683
10.163683
10.394915
10.679972
10.841090
10.855255
10.909433
10.982380
11.114816
11.350652
11.596756
11.860921
12.043286
12.194136
12.303201
12.306034
12.183513
12.170411
12.341090
12.923597
13.622252
14.074801
14.233442
14.517082
14.724943
14.973881
15.293286
15.618357
15.852777
16.046473
16.196968
16.286558
16.517790
16.754688
17.014957
17.329405
17.781246
18.011415
18.043285
18.279121
18.561346
18.821260
19.008230
19.128626
19.319843
19.575510
19.781954
20.019562
20.228838
20.396332
20.659433
20.927847
21.273809
21.523809
21.652351
21.636063
21.698740
21.839674
22.133230
22.318428
22.551785
22.763540
23.023457
23.120127
23.111275
23.036203
23.007875
22.845694
22.742649
22.677139
22.478130
22.423597
22.537975
22.656954
22.836134
22.986982
23.074093
23.193073
23.445553
23.588259
23.639250
23.726006
23.924307
24.075510
24.211134
24.317011
24.501148
24.804264
25.060637
25.375793
25.518499
25.521332
25.680326
25.757521
25.846403
25.994064
26.153059
26.172182
26.241941
26.322323
26.412621
26.519915
26.680326
26.795765
27.056742
27.240879
27.324448
27.486629
27.527351
27.619419
27.769207
28.004688
28.142790
28.239462
28.352423
28.524872
28.709717
28.793995
28.923244
29.103130
29.185991
29.231318
29.300722
29.451927
29.608795
29.733088
29.724236
29.783016
29.860212
30.003271
29.990879
29.941658
29.897394
29.937761
30.011415
30.086842
30.285851
30.460424
30.580467
30.652351
30.676785
30.738754
30.805679
30.761770
30.755043
30.807451
30.763540
30.779476
30.782663
30.973881
31.053202
31.091444
31.175014
31.206530
31.270977
31.320553
31.339319
31.341799
31.323030
31.183867
31.095341
31.082592
31.052847
31.129688
31.060991
31.102776
31.163328
