0.008910
-0.081538
-0.098445
-0.089146
-0.124649
-0.121268
-0.028284
-0.029129
0.020744
0.010600
0.210093
0.245596
0.259966
0.385917
0.435790
0.398597
0.195723
0.125562
0.045258
-0.040964
-0.175368
-0.192274
-0.250600
-0.215943
-0.150008
-0.159307
-0.122959
-0.035892
-0.097599
-0.160997
-0.262434
-0.355418
-0.282722
-0.170296
-0.116196
0.026661
0.208402
0.305613
0.256585
0.271801
0.254894
0.179662
0.057937
-0.081538
-0.154235
-0.172832
-0.144091
-0.068859
-0.017295
0.095976
0.106965
0.083297
0.056247
-0.007997
0.056247
0.053711
0.056247
-0.006306
-0.027439
-0.836399
-7.431496
-31.123804
-95.047729
-214.821182
-339.805115
-451.221863
-546.811890
-621.092529
-673.574341
-708.193115
-727.468689
-733.123779
-729.380798
-719.369812
-702.132263
-681.084045
-658.607300
-634.620850
-610.538025
-586.958984
-563.619995
-541.057861
-519.438232
-498.873596
-479.385010
-460.715515
-442.363861
-424.639435
-407.758636
-390.997009
-374.292023
-358.032501
-341.740875
-325.923462
-310.450104
-294.869354
-279.616608
-264.446716
-249.252289
-234.281876
-219.406143
-204.787369
-190.667343
-176.576050
-162.537155
-148.875290
-135.516876
-122.368942
-109.543922
-97.028282
-84.534622
-72.175369
-60.445866
-49.043499
-37.669872
-26.740034
-16.009687
-5.557447
4.870279
14.917616
24.751936
34.317448
43.768841
52.815334
61.820404
70.561745
78.975945
87.292931
95.513557
103.338577
110.915924
118.078224
125.046951
131.899017
138.654724
144.904938
151.047791
156.972565
162.780670
168.422272
174.150070
179.879578
185.374084
190.541458
195.645432
200.531311
205.181351
209.702057
214.034271
218.026657
222.031738
225.697830
228.930298
232.274338
235.313217
238.129791
240.767990
243.323364
245.802658
248.030045
250.478897
252.875351
255.072311
257.156006
259.084991
260.981873
262.805176
264.236298
265.809418
267.123871
268.182190
268.850006
269.482269
270.250671
270.879578
271.177979
271.472137
271.810272
272.206726
272.385071
272.268433
271.958191
271.733337
271.508484
270.987762
270.587097
270.228699
269.534698
268.817017
268.187256
267.141632
266.205017
265.641205
264.931152
263.970856
262.757843
261.573578
260.345337
259.137390
258.019043
256.652191
255.281097
253.795044
252.341110
251.053711
249.501724
247.828018
246.223618
244.652191
242.886337
241.040192
239.079910
236.851685
234.625137
232.570190
230.769684
228.645432
226.618378
224.677551
222.931992
220.958191
218.951431
216.923538
214.816177
212.805191
210.726578
208.538925
206.187271
203.989471
202.046951
200.122177
197.878738
195.655563
193.271805
190.938751
188.621765
186.345337
183.986084
181.743484
179.483124
177.332657
175.243912
173.036804
170.650497
168.245590
165.653030
163.094284
160.758698
158.396912
155.953964
153.399445
150.853378
148.520325
146.081604
143.766312
141.388458
138.697830
136.046097
133.373230
130.709671
127.903244
125.147537
122.670784
120.298004
117.986931
115.570198
113.218544
110.939590
108.740944
106.610771
104.454384
102.170364
100.071465
98.172050
96.285324
94.189804
91.879578
89.588791
87.587097
85.587097
83.369011
81.530464
79.587097
77.720657
75.738411
73.877884
72.040184
70.133171
68.366478
66.381691
64.440018
62.508488
60.559204
58.895638
57.194878
55.483974
53.726578
51.970024
50.194878
48.848301
47.483974
45.792511
44.199104
42.537228
41.155148
39.603161
37.892258
36.375774
34.690228
33.048637
31.457767
29.892258
28.325901
26.824633
25.420574
23.827168
22.218546
20.550753
19.063009
17.600626
16.026661
14.419729
12.920998
11.359713
9.697836
8.185579
6.993694
5.767997
4.360558
2.833931
1.393525
0.083297
-1.581116
-2.989400
-4.455165
-5.825410
-7.206644
-8.581961
-9.849078
-11.222705
-12.313998
-13.491513
-14.762857
-15.973339
-17.053644
-18.078157
-19.082384
-20.026594
-20.915012
-21.692696
-22.641977
-23.556602
-24.319071
-25.214252
-26.155926
-27.236231
-28.338512
-29.254827
-29.963196
-30.778917
-31.705376
-32.552376
-33.461926
-34.372326
-35.389233
-36.349503
-37.275959
-38.376553
-39.312309
-40.039272
-40.705376
-41.316536
-42.182976
-42.895569
-43.303856
-43.894726
-44.587032
-45.496586
-46.367252
-47.253983
-47.910786
-48.337666
-48.674946
-49.137329
-49.405293
-49.906559
-50.495739
-51.193966
-51.898952
-52.403603
-52.978413
-53.384159
-53.861759
-54.312309
-54.778072
-55.100136
-55.374859
-55.800049
-56.273422
-56.704533
-57.089993
-57.543076
-57.876972
-58.250599
-58.540543
-58.843163
-59.228622
-59.699459
-60.215942
-60.541386
-60.924313
-61.346119
-61.667336
-61.957279
-62.288639
-62.701149
-63.129723
-63.516026
-63.892189
-64.195656
-64.105209
-64.083229
-64.308929
-64.662262
-64.957275
-65.377396
-66.025749
-66.499123
-66.816956
-66.837242
-66.942062
-67.162689
-67.401062
-67.718903
-67.976723
-68.182129
-68.277649
-68.274269
-68.224396
-68.369789
-68.380775
-68.504196
-68.326675
-68.237076
-68.198189
-68.279343
-68.477142
-68.473763
-68.280190
-68.333443
-68.251442
-68.187202
-68.226089
-68.375710
-68.346962
-68.292862
-68.433189
-68.417969
-68.294556
-68.157616
-68.041809
-67.835556
-67.700302
-67.761169
-67.965729
-68.018143
-67.854149
-67.768776
-67.798363
-67.796669
-67.854149
-67.756096
-67.540543
-67.219322
-66.936989
-66.800896
-66.628456
-66.549843
-66.498276
-66.232849
-66.084923
-65.828789
-65.712982
-65.459389
-65.183823
-64.822029
-64.685089
-64.559135
-64.384155
-64.187202
-64.084923
-63.946289
-63.769619
-63.542233
-63.366409
-63.007153
-62.823719
-62.769619
-62.635216
-62.559982
-62.291176
-61.938683
-61.724819
-61.543922
-61.343586
-60.967422
-60.532932
-60.253983
-59.817802
-59.691006
-59.618309
-59.384159
-59.117043
-58.870213
-58.453476
-58.185513
-57.870213
-57.764549
-57.710449
-57.387539
-57.144093
-56.898952
-56.547302
-56.106052
-55.865139
-55.619999
-55.525326
-55.412056
-55.161842
-55.024902
-55.111969
-55.064632
-54.935299
-54.715519
-54.347809
-54.201572
-53.827099
-53.402756
-53.049416
-52.702839
-52.502502
-52.261589
-52.007153
-51.689316
-51.305546
-51.196499
-50.995316
-50.789906
-50.569283
-50.177902
-49.710449
-49.505882
-49.346119
-48.970802
-48.472073
-48.046036
-47.742569
-47.494896
-47.839779
-48.601402
-49.470379
-50.219322
-50.975029
-51.554066
-51.816956
-51.860912
-51.873592
-51.787373
-51.405293
-51.201572
-50.945442
-50.374859
-49.406136
-48.838936
-48.445023
-47.977566
-47.717209
-47.289486
-46.652122
-46.031666
-45.664803
-45.380779
-45.002926
-44.527863
-44.063786
-43.524479
-43.199883
-42.707912
-42.125496
-41.635216
-41.155926
-40.536316
-40.129723
-39.709602
-39.297939
-38.855843
-38.359646
-38.035892
-37.612392
-37.142399
-36.483059
-36.222706
-35.855843
-35.561672
-35.368942
-35.079849
-34.629299
-34.237919
-33.726509
-33.313152
-33.059559
-32.896416
-32.533779
-32.328369
-31.981792
-31.592104
-31.274269
-30.781454
-30.239611
-29.822029
-29.428961
-29.181284
-28.847387
-28.612392
-28.291176
-27.873592
-27.466154
-27.277651
-27.128876
-26.800051
-26.550684
-26.282722
-25.891344
-25.471226
-25.131413
-24.724819
-24.498276
-24.150009
-23.881201
-23.516872
-23.261589
-23.337667
-23.129721
-22.627607
-22.623381
-22.909941
-23.120422
-23.324987
-23.251446
-23.129721
-22.909096
-22.676636
-22.440794
-22.179594
-21.956432
-21.647896
-21.374016
-21.150009
-21.125494
-20.794134
-20.305546
-19.784836
-19.286949
-19.123804
-19.132257
-18.998697
-18.591259
-18.097599
-17.783989
-17.450939
-17.165224
-16.794979
-16.588724
-16.351192
-16.004616
-15.607321
-15.110279
-14.832172
-14.501657
-14.093372
-13.646205
-13.554912
-13.303009
-13.106897
-12.902333
-12.604784
-12.391767
-12.117887
-11.811885
-11.581116
-11.233694
-10.943753
-10.845697
-10.428115
-10.188892
-9.920085
-9.636907
-9.430651
-9.271733
-9.194810
-9.062097
-8.797515
-8.574353
-8.224396
-7.989400
-7.898952
-7.734962
-7.652967
-7.543922
-7.550685
-7.268352
-7.174522
-7.028284
-6.801741
-6.609011
-6.593795
-6.466154
-6.194810
-5.886272
-5.884582
-5.855841
-5.773846
-5.625072
-5.406137
-5.245528
-5.129721
-4.670719
-4.352037
-4.000389
-3.933609
-3.663956
-3.729890
-3.898952
-3.773001
-3.645359
-3.684243
-3.804277
-3.812730
-3.709603
-3.671564
-3.633525
-3.581961
-3.443331
-3.440795
-3.177904
-2.979256
-2.624227
-2.689315
-2.518563
-2.421352
-2.073931
-1.923466
-1.752713
-1.767929
-1.617464
-1.480524
-1.357109
-1.333440
-1.163533
-1.177058
-1.143246
-0.981792
-0.789062
-0.696078
-0.685934
-0.565055
-0.419662
-0.046036
0.231226
0.265883
0.286171
0.202485
0.240524
0.418884
0.703753
1.035114
1.123026
1.159374
1.361403
1.748554
1.626830
1.765461
1.866052
2.100203
2.260812
2.478901
2.656416
2.490736
2.203331
1.944666
1.467912
1.001302
0.631902
0.434100
0.295469
0.359713
0.398597
0.587101
0.689383
0.718969
0.842384
1.064700
1.150076
1.234607
1.502570
1.653880
1.605697
1.639510
1.817870
2.086678
2.314066
2.322519
2.574421
2.782367
2.809417
3.024125
3.306458
3.620068
3.773068
3.855909
3.931987
4.126408
4.270955
4.214320
4.167828
4.259966
4.549062
4.914235
4.964108
5.014827
5.287016
5.297160
5.499188
5.693609
5.748555
5.902400
6.005528
5.998766
6.071462
6.289552
6.492426
6.622603
6.601471
6.582029
6.720659
6.664869
6.795046
6.867743
7.029197
7.086678
7.123026
7.145004
7.104429
7.025815
7.019898
7.073998
7.002147
6.850837
6.640355
6.510178
6.514404
6.640355
6.587101
6.450161
6.335199
6.461995
6.733339
6.978478
7.197413
7.346188
7.577802
7.662333
7.803500
7.868588
7.702908
7.598935
7.538918
7.568504
7.411276
7.082451
7.158529
7.416348
7.621758
7.661488
7.720659
7.828013
7.896483
8.046103
8.210093
8.257430
8.264193
8.324209
8.511868
8.566813
8.762079
8.861826
8.764615
8.777295
8.921843
8.938749
8.948048
8.985241
9.033423
8.954810
8.839848
8.897328
9.073998
9.198258
9.425647
9.620068
9.570194
9.382536
9.374083
9.231226
9.322519
9.254049
9.321673
9.112038
8.972561
8.822097
8.827168
8.618377
8.414658
8.489045
8.604852
8.606543
8.538073
8.636128
8.780676
8.836467
8.906628
8.914235
9.058783
9.123872
9.198258
9.139933
9.090059
9.064700
8.878732
8.811953
8.849146
8.877887
8.906628
8.961573
9.008064
9.123026
9.057092
9.134015
9.219392
9.274337
9.395216
9.327591
9.358868
9.379155
9.337734
9.393525
9.403668
9.336044
9.334353
9.226153
9.108656
9.252358
9.331818
9.259121
9.123872
9.194878
9.196568
9.241369
9.301386
9.273491
9.199949
8.861826
8.537228
8.205867
7.745173
7.383381
7.089214
7.228690
7.187270
7.060473
7.095976
7.099358
7.145004
7.154303
7.319138
7.317447
7.330972
7.273491
7.427337
7.513559
7.572731
7.645427
7.701217
7.874506
7.961572
8.055402
7.936213
7.844074
7.765460
7.840693
7.964953
8.123026
7.988622
7.940440
8.027506
8.026661
8.070617
8.014827
7.829704
7.898174
8.121336
8.339425
8.386763
8.239678
8.327591
8.451851
8.391834
8.278563
8.442553
8.494117
8.567658
8.554979
8.444243
8.418039
