0.285116
-0.067372
-0.215235
-0.261486
-0.239061
-0.048451
0.066475
0.094506
0.096608
0.069278
0.088199
-0.017617
-0.047050
-0.038641
-0.017617
0.064373
0.013917
-0.158472
-0.102411
0.014618
0.020224
0.033539
0.116230
0.139355
0.034240
0.116931
0.158276
0.131647
0.076987
-0.004303
-0.141654
-0.112922
-0.113623
0.046153
0.078388
0.060869
0.168087
0.201724
0.179299
0.065074
0.030035
-0.024625
-0.022523
0.031437
-0.034436
-0.101009
-0.118528
-0.215936
-0.261486
-0.117127
0.072081
0.139355
0.009713
-0.124135
-0.052656
-0.140953
-0.056160
0.034940
0.088199
0.135851
-1.410750
-15.806685
-97.997993
-313.318939
-573.489258
-803.009888
-980.182312
-1099.789917
-1170.581055
-1210.140259
-1230.925171
-1237.897095
-1234.795532
-1225.458374
-1212.723999
-1197.989624
-1181.657471
-1164.339966
-1146.665161
-1128.794067
-1110.155640
-1090.263550
-1069.445801
-1047.862793
-1026.133301
-1004.194214
-981.299316
-957.885864
-934.286011
-910.306335
-886.444397
-862.248169
-838.233459
-814.660950
-791.286011
-767.424072
-743.485046
-719.536865
-695.356812
-671.125549
-646.891479
-622.923035
-599.161255
-575.138123
-551.056885
-527.313354
-503.826294
-480.239075
-456.705078
-433.475220
-410.386932
-387.602753
-364.752716
-341.990295
-319.351898
-296.777252
-274.514465
-252.796875
-231.620987
-210.646912
-189.721191
-169.156372
-148.852234
-128.873260
-109.168282
-89.637802
-70.694565
-52.043545
-33.585243
-15.206825
2.919313
20.667736
38.039845
55.330666
72.460312
89.079086
105.454704
121.475723
137.025131
152.263397
167.078384
181.783371
196.149872
210.376221
224.461014
238.144958
251.212936
263.907410
276.261292
288.395142
300.454010
312.727997
324.802277
336.105713
347.081879
357.927734
368.529694
378.726593
388.410553
397.763733
406.763031
415.809998
424.689453
433.430176
441.947357
450.056671
457.770752
465.308228
472.542297
479.573822
486.306152
492.804382
499.202423
505.322266
511.064362
516.512146
521.702087
526.802979
531.697144
536.342590
540.824036
545.115540
549.117615
552.653748
556.264771
559.809998
562.900391
565.562622
568.194031
570.627075
572.798767
574.783386
576.587158
578.205200
579.859741
581.237488
582.214355
582.987976
583.586426
584.027222
584.310364
584.476440
584.608154
584.525452
584.205200
583.749756
583.217163
582.594177
581.693665
580.657898
579.318726
577.841553
576.390259
574.794556
572.854858
570.868835
568.830994
566.739929
564.414062
561.930542
559.548584
557.144958
554.415466
551.519897
548.805786
545.900391
542.683167
539.366394
536.109192
533.099426
529.890564
526.212952
522.470825
518.922119
515.348877
511.623596
507.880768
504.238159
500.499542
496.566833
492.448395
488.428772
484.676147
480.749023
476.667725
472.572418
468.331360
464.015320
459.607483
455.158966
450.655121
445.983795
441.301239
436.728699
431.992188
427.121124
422.439972
417.880066
413.233948
408.722382
404.183502
399.608185
394.946655
390.284424
385.526184
380.582245
375.581543
370.334869
365.202423
360.159668
355.148468
350.210144
345.315948
340.501648
335.623596
330.858337
326.071381
321.297729
316.427368
311.376923
306.251465
301.168091
296.231842
291.125336
285.847839
280.873749
275.969757
271.038452
266.189117
261.409149
256.667023
251.896194
246.934723
241.929825
236.903900
231.941742
227.219940
222.576630
217.784760
213.234665
208.787567
204.266891
199.574539
194.877274
190.451202
186.198914
181.917908
177.765839
173.622192
169.236755
164.746918
160.350281
155.858353
151.272507
146.764450
142.430176
138.358704
134.206635
130.174393
125.960655
121.600464
117.367805
113.346786
109.306839
105.257782
101.126740
97.282310
93.418961
89.542297
85.785469
82.179298
78.349586
74.503052
70.712585
67.110626
63.532486
60.039845
56.554211
53.262691
49.946644
46.442089
42.852741
39.081894
35.217140
31.621485
28.276005
24.924919
21.652319
18.393034
15.141458
11.949447
8.770049
5.678248
2.699271
-0.276903
-3.414954
-6.421962
-9.293721
-12.367302
-15.475922
-18.343475
-21.048450
-23.827709
-26.665831
-29.686153
-32.358192
-34.906197
-37.564919
-40.372208
-43.027428
-45.537590
-47.993092
-50.514465
-53.178093
-55.674240
-58.067371
-60.234154
-62.468914
-64.894279
-67.246071
-69.451393
-71.758331
-74.045647
-76.220139
-78.415657
-80.604164
-82.801079
-84.750626
-86.555809
-88.122032
-89.960152
-91.745018
-93.664429
-95.630089
-97.513763
-99.180901
-100.864853
-102.648308
-104.510963
-106.316147
-108.200516
-109.762535
-111.218040
-112.843124
-114.478722
-115.906898
-117.424065
-118.993088
-120.414253
-121.611168
-122.942635
-124.287415
-125.606964
-126.773048
-127.972771
-129.371506
-130.634995
-131.853638
-132.992386
-134.192108
-135.421967
-136.549500
-137.553711
-138.654617
-139.357498
-140.052658
-140.974167
-142.236954
-143.142349
-144.056854
-145.327362
-146.705078
-147.833313
-148.803879
-149.716293
-150.586639
-151.211731
-151.815796
-152.562820
-153.455597
-154.129745
-154.720490
-155.381317
-156.132538
-156.598557
-156.879562
-157.198410
-157.585938
-157.933517
-158.289520
-158.679840
-159.016922
-159.351883
-159.891479
-160.307037
-160.426163
-160.675644
-160.952438
-161.204727
-161.510254
-161.772354
-161.891479
-162.197021
-162.388321
-162.538284
-162.568420
-162.742218
-162.862045
-162.829117
-162.990280
-163.220139
-163.389023
-163.439484
-163.561417
-163.597855
-163.469620
-163.275497
-163.152863
-163.116425
-162.967865
-162.780060
-162.899887
-162.739410
-162.522873
-162.343475
-162.180191
-161.920914
-161.474518
-161.264282
-161.236954
-161.019714
-160.704376
-160.384827
-160.302826
-160.218033
-159.888672
-159.565613
-159.287415
-158.908997
-158.510956
-158.156372
-157.925110
-157.811584
-157.756927
-157.279007
-156.838928
-156.435272
-156.175293
-155.997299
-155.614670
-155.237656
-154.819305
-154.281815
-153.650406
-153.226440
-152.775146
-152.428268
-152.043549
-151.626587
-151.078583
-150.548096
-149.989594
-149.524979
-148.927216
-148.538986
-148.032333
-147.553711
-147.153564
-146.785660
-146.340668
-145.867645
-145.075073
-144.501846
-144.062469
-143.589447
-142.965759
-142.234863
-141.528473
-140.960159
-140.360291
-139.728897
-139.334366
-138.823502
-138.181595
-137.743622
-137.044952
-136.349777
-135.541092
-134.850830
-134.236954
-133.634995
-133.080688
-132.662323
-131.996597
-131.298630
-130.751328
-130.152863
-129.448593
-128.806686
-128.147263
-127.438782
-126.712784
-125.955948
-125.232056
-124.658821
-124.343475
-124.218040
-123.852936
-123.422661
-122.955246
-122.346275
-121.684052
-121.042145
-120.368706
-119.737312
-119.033035
-118.506752
-117.932121
-117.383423
-116.644104
-116.072975
-115.258682
-114.588043
-113.869751
-113.122032
-112.599258
-112.090500
-111.073677
-110.131844
-109.499046
-108.925117
-108.201920
-107.406548
-106.632896
-105.837517
-105.140251
-104.419861
-103.851532
-103.102409
-102.233452
-101.494141
-100.858543
-100.190010
-99.195610
-98.528481
-97.981880
-97.052658
-96.124832
-95.452095
-94.906898
-94.279007
-93.712082
-93.108017
-92.369408
-91.557915
-90.743614
-90.253777
-89.654617
-88.819298
-87.817200
-87.045647
-86.457001
-85.780060
-85.002899
-84.415657
-83.864853
-83.188606
-82.480827
-81.846626
-81.216637
-80.239761
-79.239059
-78.400238
-77.733803
-77.032333
-76.154968
-75.550201
-74.986084
-74.353989
-73.777954
-73.203323
-72.640602
-71.922310
-71.129044
-70.436676
-69.834717
-69.107315
-68.272697
-67.833313
-67.440880
-66.904091
-66.300728
-65.569824
-64.932823
-64.358894
-63.793369
-63.185802
-62.563519
-61.885170
-61.170387
-60.471718
-59.937729
-59.144459
-58.375710
-57.789165
-57.224346
-56.494141
-55.732403
-55.082088
-54.347679
-53.611870
-52.872559
-52.144459
-51.490639
-50.867653
-50.243965
-49.780758
-49.212433
-48.620281
-48.046349
-47.674240
-47.386925
-47.004303
-46.539692
-46.204021
-45.925117
-45.676342
-45.412151
-45.122032
-44.817898
-44.264988
-43.703671
-43.250973
-42.771648
-42.206123
-41.608368
-41.100307
-40.654617
-40.006405
-39.271996
-38.793369
-38.338570
-37.810890
-37.272697
-36.937027
-36.545300
-35.883068
-35.212433
-34.868355
-34.351887
-33.827709
-33.303532
-32.734505
-32.191410
-31.493441
-30.731703
-30.313343
-30.086292
-29.746420
-29.008507
-28.275501
-27.555809
-27.182299
-26.719090
-26.126938
-25.623083
-25.008507
-24.403042
-23.837519
-23.147961
-22.625887
-22.087694
-21.592249
-21.260084
-20.866251
-20.302130
-19.707876
-19.026026
-18.368002
-17.749222
-17.356091
-16.938431
-16.470316
-16.072979
-15.603462
-15.189306
-14.641303
-14.250274
-13.828409
-13.320351
-12.756229
-12.190708
-11.653216
-11.176692
-10.813693
-10.636398
-10.481527
-10.201220
-9.836118
-9.567722
-9.295123
-8.925817
-8.440883
-8.054057
-7.595753
-7.356791
-7.119930
-6.845228
-6.510259
-6.108717
-5.769545
-5.335067
-4.843826
-4.495543
-4.277603
-4.124835
-3.881668
-3.613273
-3.198416
-2.855739
-2.502551
-2.125536
-1.564919
-0.951745
-0.576132
-0.173889
0.423167
0.663532
0.708381
0.959958
1.378318
1.753931
1.938234
2.149867
2.511465
2.946643
3.234660
3.507260
3.802985
3.992193
4.178598
4.600462
4.921415
5.204527
5.494646
5.656524
5.749727
6.053861
6.391633
6.716090
7.043350
7.328563
7.781962
8.142859
8.305438
8.401443
8.441387
8.639005
8.964163
9.300532
9.613076
9.740617
9.879370
10.147064
10.612375
10.905298
11.062971
11.123939
11.278108
11.572432
11.806489
11.976776
12.096608
12.180700
12.333468
12.650918
12.838024
13.073483
13.317351
13.504457
13.668437
13.791072
13.887778
14.057365
14.198220
14.387428
14.582242
14.674044
14.817701
15.002005
15.180700
15.431577
15.514268
15.561920
15.616580
15.751128
15.989390
16.065073
16.190512
16.254282
16.454702
16.637604
16.688059
17.004107
17.297729
17.385326
17.332067
17.434380
17.664934
17.802284
17.849937
17.836622
17.868858
17.919313
18.197519
18.341879
18.316650
18.320154
18.458206
18.504457
18.608171
18.798780
19.036343
19.194715
19.154072
18.965565
18.987288
19.083994
19.130945
19.149866
19.384624
19.620085
19.755333
19.707680
19.821907
20.088900
20.227652
20.213636
20.320154
20.320154
20.237463
20.153370
20.189812
20.355894
20.532488
20.575935
20.577337
20.814898
21.118332
21.214338
21.217140
21.273203
21.397940
21.439285
21.367105
21.411955
21.481331
21.486938
21.389530
21.251478
21.098009
20.980982
20.776356
20.431578
20.119034
20.014618
19.973974
20.013918
20.053862
20.058065
20.054562
20.117632
20.202425
20.111324
19.998501
20.016020
20.123938
20.154772
20.280210
20.407751
20.491142
20.504457
20.415459
20.310343
20.351688
20.318752
20.364304
20.226952
20.022327
19.939636
19.936132
19.985186
20.215740
20.286518
20.275305
20.291422
20.372011
20.361500
20.328564
20.336271
20.503756
20.660028
20.661430
20.751129
20.849236
21.044752
21.150568
21.135851
21.196117
21.175795
21.197519
21.245173
21.263391
21.214338
21.276005
21.152670
21.144962
21.147064
21.093805
21.144260
21.160378
21.153370
21.047554
21.128143
21.187008
21.218542
21.085396
20.951550
20.943140
20.904596
20.871660
20.847836
20.832418
20.848536
20.887077
20.909502
20.920013
20.998501
21.101513
21.288620
21.226252
21.216440
21.258486
21.343981
21.372711
21.311745
21.213636
21.235361
21.217140
21.186306
21.225550
21.288620
21.337673
21.416161
21.390232
21.366405
21.266895
21.224148
21.294926
21.404947
21.472921
21.601864
21.744120
21.760939
