-0.149809
0.022166
-0.105223
-0.058514
-0.128578
-0.151932
-0.088238
-0.022420
-0.043652
0.037028
0.321529
0.529597
0.438301
0.499873
0.618769
0.370361
0.079490
-0.001189
-0.060637
-0.033036
-0.117962
-0.081868
-0.018174
-0.156178
-0.417325
-0.264459
-0.262335
-0.016051
0.115584
-0.111592
-0.137070
-0.035159
-0.069130
-0.096730
0.096476
0.283312
0.232357
0.370361
0.319406
0.083737
-0.067006
-0.247473
-0.221996
-0.190149
-0.313291
-0.243227
-0.328153
-0.173163
-0.067006
0.060382
0.070998
-0.120085
-0.217749
-0.168917
-0.139193
-0.279321
-0.387601
-0.334522
-0.413079
-0.999066
-5.967219
-29.323906
-112.018173
-271.723053
-439.481018
-585.531982
-706.107361
-797.098877
-857.697571
-894.349365
-912.678467
-916.820740
-909.491638
-893.561707
-872.198669
-846.729431
-819.164673
-790.827087
-762.674255
-734.824951
-708.207153
-682.050049
-655.992676
-630.669983
-606.309021
-582.323914
-558.695435
-535.393982
-512.608398
-490.052155
-467.625397
-445.969330
-424.822845
-404.120087
-383.565948
-363.213501
-342.999054
-323.022430
-303.281433
-283.918396
-265.039398
-246.563828
-228.610535
-211.030914
-193.504379
-176.451294
-159.616898
-142.797363
-126.561699
-110.457664
-94.640251
-79.147682
-63.672100
-48.192272
-33.026669
-18.385477
-3.999066
9.854438
23.151678
35.888409
47.988194
59.905392
71.499870
82.820465
93.947853
104.996689
115.555077
125.986069
135.811981
144.932999
153.901154
162.952103
171.979706
180.419189
188.338516
195.867172
202.952103
210.041275
216.962723
223.671844
230.327896
236.913879
243.482895
249.720673
255.124069
260.480774
265.799225
271.168671
276.138947
280.988190
286.085846
290.580566
294.763153
298.665466
302.746155
306.404327
309.746155
312.913879
316.194153
319.304535
322.249329
324.845947
326.941498
328.856567
330.841705
332.623016
334.317291
335.988190
337.417084
338.773773
339.707947
340.603912
341.697327
342.518982
342.928741
343.228119
343.767395
343.831085
343.971222
344.124084
343.969086
343.646362
343.546570
343.075256
342.232361
341.457397
340.582672
339.646362
338.487122
337.236603
335.767395
333.688843
331.644257
330.039154
328.735535
327.225983
325.298187
323.457397
322.230225
321.049774
319.232361
316.986084
314.790741
312.824707
310.656982
308.421326
306.164429
303.973328
301.994568
299.722809
297.699463
295.557190
293.451050
291.081604
288.361877
285.693085
282.945740
280.436188
277.729187
274.983948
272.247223
269.504120
266.744049
263.907501
260.559326
257.393707
254.529602
251.567810
248.272690
245.185654
241.869293
238.877792
235.671844
232.338516
229.217499
225.882034
222.875671
219.996689
217.251465
214.306671
211.024292
207.901154
205.098602
202.262085
199.236603
196.410706
193.516861
190.321533
186.935120
183.705811
180.591171
177.427689
174.094345
171.234482
168.194138
165.438309
162.393723
159.423447
156.374603
153.217499
150.274826
147.508362
144.839569
141.990326
139.270569
136.771637
134.334274
131.527481
128.769516
125.947853
123.068878
120.516861
118.134689
115.574181
112.584801
109.557198
106.960594
104.285439
101.438301
98.637878
96.011551
93.610275
91.289680
88.618767
86.009430
83.474396
81.049767
78.521103
75.998810
73.608154
71.155922
68.423439
65.686707
63.495625
61.281189
58.693077
56.361870
54.124077
52.164417
49.784374
47.614521
45.525349
43.419193
41.223866
38.767387
36.179279
34.121952
31.992441
29.712187
27.327898
25.603907
23.916008
22.079491
20.045521
18.058260
15.971210
14.109215
12.232357
10.262081
8.349130
6.412824
4.612399
2.705817
0.833206
-0.971465
-2.788875
-4.591423
-6.589299
-8.616900
-10.171041
-11.680594
-13.289936
-14.846200
-16.444925
-17.994820
-19.304798
-20.389725
-21.682718
-23.364246
-24.922632
-26.262335
-27.703949
-29.221996
-30.425817
-31.627516
-33.139194
-34.846199
-36.132824
-37.498005
-38.861061
-40.207134
-41.251720
-41.954479
-42.774014
-43.748535
-44.920509
-45.803738
-46.512867
-47.232613
-48.185902
-49.171040
-50.262337
-51.328152
-52.489513
-53.383354
-54.387600
-54.967220
-56.056389
-57.243229
-58.217751
-58.890785
-59.676350
-60.474651
-61.332397
-62.154057
-62.909893
-63.391846
-63.897156
-64.950233
-65.457664
-65.914139
-66.621147
-67.676346
-68.255966
-68.514992
-69.139191
-69.559578
-69.769768
-70.209259
-70.757027
-71.423691
-72.126457
-72.784630
-73.292061
-73.816475
-74.357880
-75.050018
-75.504372
-76.092484
-76.302673
-76.525604
-76.965096
-77.315414
-77.655113
-77.967216
-78.326027
-78.602036
-78.941742
-79.553207
-79.986328
-80.281441
-80.799492
-81.563820
-81.939621
-81.835587
-82.026665
-82.279320
-82.561699
-82.701828
-82.861061
-83.013931
-83.060638
-83.060638
-83.064880
-82.971466
-82.952354
-82.912018
-83.160423
-83.438553
-83.619026
-83.786751
-84.396095
-84.472527
-84.300552
-84.302673
-84.430061
-84.219872
-84.130699
-84.105225
-84.391846
-84.761276
-84.727303
-84.965096
-85.181656
-85.156181
-85.255966
-85.504372
-85.737923
-85.905647
-85.548958
-85.287811
-85.219872
-85.132820
-85.037285
-84.803734
-84.712440
-84.833458
-84.706070
-84.512863
-84.568069
-84.512863
-84.453415
-84.470406
-84.442802
-84.139191
-83.774010
-83.478897
-83.389725
-83.512863
-83.423691
-83.005432
-82.786751
-82.565948
-81.973587
-81.279320
-80.892906
-80.636009
-80.657242
-80.313293
-80.071251
-80.001190
-79.933250
-79.729424
-79.680595
-79.430061
-79.094604
-78.710320
-78.396095
-78.081871
-77.924759
-77.686966
-77.122208
-76.818596
-76.559578
-76.517113
-75.941742
-75.612656
-75.064880
-74.648750
-74.453415
-74.190147
-73.686966
-73.092484
-72.744286
-72.455544
-72.217751
-72.241104
-72.268707
-72.030914
-71.680595
-71.279320
-70.714561
-70.559578
-70.362122
-70.126457
-69.425819
-68.570190
-68.028793
-67.814354
-67.387604
-66.878044
-66.669975
-66.406708
-66.287811
-65.945984
-65.646622
-65.627518
-65.262337
-64.638130
-64.553207
-64.340889
-64.092484
-63.574436
-63.115837
-62.599915
-62.364246
-62.183781
-61.718811
-61.241104
-60.763397
-60.636009
-60.334522
-59.884415
-59.447048
-58.990574
-58.663609
-58.315414
-58.047897
-57.665733
-57.088238
-56.287811
-55.831337
-55.398216
-55.075500
-54.737919
-54.370617
-54.143440
-53.680595
-53.192272
-52.686962
-52.285690
-51.960850
-51.720936
-51.364246
-50.962971
-50.820721
-50.557453
-50.077621
-49.512867
-49.111591
-48.861061
-48.551083
-48.205009
-47.890785
-47.593544
-47.011806
-46.447048
-46.050022
-45.752781
-45.260212
-44.695457
-44.283566
-44.137070
-43.784630
-43.672100
-43.368492
-42.907772
-42.652992
-42.124332
-42.126453
-41.992695
-42.022419
-41.716686
-41.423695
-41.236858
-41.168919
-40.931126
-40.892910
-40.784630
-40.417324
-40.077621
-39.914139
-39.895031
-39.536221
-39.062759
-38.538345
-38.149811
-37.765522
-37.292061
-36.699703
-36.281445
-35.994820
-35.510742
-35.447048
-35.315414
-34.850445
-34.143440
-33.625393
-33.251720
-33.154057
-32.759151
-32.410954
-31.988451
-31.540466
-31.296307
-30.771889
-30.485266
-30.236858
-30.164671
-29.752781
-29.366369
-28.833460
-28.088238
-27.510742
-27.205011
-26.835585
-26.576561
-26.357878
-26.094606
-25.725180
-25.332399
-24.958727
-24.491634
-24.194395
-23.748535
-23.370615
-23.381231
-23.272951
-22.674225
-22.033035
-21.780382
-21.841953
-21.277197
-20.652994
-20.317537
-20.289936
-19.956602
-19.406710
-19.238981
-19.041529
-19.043652
-19.973589
-20.969341
-21.903524
-22.438557
-23.083992
-23.364246
-23.109468
-22.933249
-22.759151
-22.548960
-22.221996
-21.854692
-21.292059
-20.780382
-20.453419
-20.020298
-19.389725
-18.837708
-18.398216
-18.258089
-18.083992
-17.992697
-17.763397
-17.137070
-16.317537
-16.105223
-16.171040
-15.999065
-15.769767
-15.478896
-14.988450
-14.778259
-14.561699
-14.289936
-13.907771
-13.391848
-12.778259
-12.190148
-11.767643
-11.489511
-11.183779
-10.565945
-10.260212
-9.984204
-9.328153
-8.735796
-8.495881
-8.209257
-7.943864
-7.740043
-7.703949
-7.667856
-7.417325
-6.931125
-6.676348
-6.198641
-5.485265
-4.867431
-4.680594
-4.650870
-4.419448
-4.164671
-3.752781
-3.474650
-3.247473
-2.950233
-2.810106
-2.531975
-2.330276
-2.007558
-1.587176
-1.185902
-1.079745
-0.689087
-0.381231
-0.194395
-0.224119
-0.582930
-1.103100
-0.672102
-0.353631
-0.234735
-0.151932
-0.003312
0.170786
0.444671
0.601783
0.994565
1.310913
1.531720
1.852314
2.172909
2.414947
2.546582
2.746157
2.884161
2.775881
2.673970
2.705817
2.971210
3.376730
3.805605
4.041274
4.332144
4.703694
5.000934
5.158047
5.319406
5.597537
5.724926
5.739788
5.680340
6.007304
6.395839
6.344883
6.308790
6.391593
6.671847
6.983949
6.811975
6.803482
7.011550
7.338514
7.425563
7.618769
7.949979
7.746157
7.820467
8.117707
8.487134
8.627261
8.451040
8.448917
8.648493
8.916009
9.128323
9.400084
9.659108
9.805605
9.918132
9.879915
9.707940
9.680340
9.652739
9.538089
9.601784
9.646369
9.635754
9.661231
9.971210
10.192017
10.158047
10.160170
10.005180
10.034904
9.837452
9.979703
10.096476
10.100722
9.922378
9.867176
10.070998
10.213248
10.189894
10.062506
9.960594
9.778005
9.794990
9.856561
9.841699
9.939363
10.104968
10.279066
10.264204
10.555075
10.544458
10.665478
10.799235
11.017920
11.124077
11.037027
10.865053
10.688832
10.582675
10.361868
10.194140
9.998811
10.217495
10.531720
10.593291
10.631508
10.353375
10.444671
10.673970
10.665478
10.612399
10.455287
10.342760
10.240849
10.242972
10.145308
10.007303
9.966964
9.969087
9.930870
9.820467
9.850191
10.087983
10.355499
10.542336
10.833206
11.136815
10.780128
10.693079
10.616646
10.608152
10.313036
10.015796
9.809852
9.784373
10.124077
10.187771
10.168662
10.070998
10.068874
10.172909
10.427686
10.463779
10.523227
10.327898
10.270574
10.323652
10.075244
9.865053
9.805605
10.149554
10.242972
10.315159
10.219618
10.313036
10.168662
10.359745
10.410701
10.504119
10.497749
10.389469
10.440425
10.625138
10.612399
10.389469
10.232357
10.344883
10.351253
10.259957
9.960594
9.402208
9.158047
8.839576
8.597537
8.177155
7.969087
7.818344
7.678216
7.514735
7.470149
7.676094
7.695202
8.079491
8.504119
8.616646
8.727049
8.932994
8.884161
8.979703
8.949979
8.599660
8.544458
8.599660
8.601784
8.572060
8.586922
8.559320
8.580552
8.896900
9.011550
9.039151
9.049767
8.828959
8.748281
8.941486
9.262081
9.548705
9.635754
9.518981
9.574183
9.580552
9.431932
9.304543
9.438301
9.533843
9.550828
9.518981
9.712187
9.695202
9.765265
9.756773
9.778005
9.835329
9.983949
10.092229
10.003057
9.758896
9.710064
9.606030
9.807728
9.642123
9.659108
9.865053
10.034904
9.949979
9.877792
9.644246
9.468025
9.491380
9.504119
9.527473
9.582675
9.771635
9.763143
9.739788
9.673970
9.697325
9.646369
9.811975
9.986073
9.992441
9.654862
9.705817
10.049767
10.024289
10.020042
9.920255
9.818344
9.707940
9.722802
9.981826
9.922378
9.826837
9.905393
10.126200
10.327898
10.240849
10.189894
10.009427
9.973333
9.839576
9.518981
9.438301
9.313036
9.136815
9.102845
8.979703
8.879915
