0.044799
-0.004628
-0.107063
0.001103
-0.026117
0.051963
-0.051189
-0.028266
0.135057
0.115716
0.113567
0.047665
0.089212
0.152249
0.214570
0.128610
0.140072
0.199527
0.140788
0.072020
-0.118524
-0.160072
-0.194456
-0.270387
-0.279699
-0.093453
0.051246
-0.008926
0.033338
0.036920
0.042650
-0.056203
-0.011074
-0.046891
-0.069814
-0.068381
-0.041160
0.102822
0.150817
0.163711
0.118582
-0.009642
-0.145029
-0.033281
-0.079842
-0.147894
-0.069814
-0.046175
-0.096318
-0.082708
-0.010358
0.036920
0.056261
0.039785
0.082049
0.068438
0.059842
0.069155
0.025458
-0.630702
-6.063367
-29.402191
-112.783997
-278.789001
-456.444458
-619.524658
-760.509644
-873.273254
-954.917969
-1009.347778
-1041.975952
-1056.727417
-1056.683716
-1044.603516
-1024.112061
-999.276123
-969.494629
-937.020386
-904.686584
-872.619934
-840.908630
-810.031860
-779.902222
-750.541138
-722.673706
-695.291138
-668.549744
-642.440186
-616.816956
-591.496765
-566.667236
-542.248169
-518.340576
-495.066223
-472.129272
-449.301910
-426.701630
-404.146454
-382.104187
-360.260345
-338.552612
-317.506073
-296.923676
-276.663666
-256.816223
-237.386429
-218.281845
-199.503906
-181.037582
-162.710220
-144.796890
-127.277550
-109.872108
-92.682281
-76.137863
-59.958782
-44.314800
-29.106346
-14.201619
0.418725
14.428038
27.924456
41.339928
54.529755
67.481049
80.253967
92.843513
105.328468
117.434486
129.351395
140.890076
152.130035
163.007553
173.465286
183.480331
193.319870
203.061996
212.512558
221.413712
229.862137
238.095657
246.279037
254.205978
261.701691
268.665863
275.367859
281.743225
287.755402
293.728180
299.576324
305.280487
310.644379
315.733185
320.714569
325.468140
330.226746
334.842804
339.175171
343.169434
346.988922
350.964569
354.657257
358.023315
361.005402
363.728882
366.467438
368.999664
371.330627
373.720306
375.657257
377.492493
379.419434
381.072723
382.487488
384.016876
385.551971
386.819153
387.766144
388.739655
389.469574
390.085632
390.565582
390.828461
391.091370
391.003265
390.766876
390.190216
389.628601
388.966705
388.016876
387.021149
386.005402
385.054840
384.128601
383.061981
381.806976
380.500397
379.074890
377.574890
375.900818
374.231750
372.327759
370.665131
368.883636
366.985352
364.955963
362.972443
360.793365
358.642212
356.568451
354.531891
352.435913
350.317719
348.097107
345.667297
343.161560
340.459564
337.678040
334.863556
332.073456
329.322021
326.412994
323.448090
320.691650
318.038361
315.266144
312.122162
309.088501
305.988220
303.043365
300.091370
296.875031
293.719574
290.689484
287.560547
284.303406
281.166565
278.122894
274.925171
271.582062
268.155823
264.720306
261.137909
257.660858
254.449524
251.334915
248.330612
245.236771
241.958847
238.524734
235.181625
232.003967
228.663712
225.332047
221.966003
218.095657
213.881470
209.564850
205.394363
201.580612
197.885056
194.299820
190.695236
187.350677
184.344940
181.559128
178.691650
175.810562
172.958847
170.120728
167.139359
164.173737
161.347092
158.415146
155.389359
152.458847
149.426605
146.330612
143.261841
140.263992
137.233917
134.243942
131.099243
127.774742
124.742508
122.026176
119.264000
116.283340
113.361420
110.575600
108.036201
105.243225
102.549812
100.008270
97.390068
94.520447
92.004684
89.648666
87.290504
84.501816
81.688065
79.238213
76.918007
74.376465
71.692368
69.161560
66.603539
63.909412
61.245373
58.450245
55.849957
53.273308
50.809841
48.441647
46.128609
43.657265
41.515430
39.458122
37.109268
34.471016
31.688066
28.800529
25.974598
23.208124
20.644369
18.418724
16.338495
14.082048
11.829900
9.733912
7.658696
5.683768
3.859986
2.040501
0.205974
-1.454484
-2.912221
-4.465946
-6.012507
-7.639298
-9.243166
-10.917235
-12.621389
-14.262507
-15.927979
-17.564083
-19.195889
-20.968094
-22.730989
-24.447321
-25.988152
-27.365660
-28.799757
-30.291876
-31.800472
-33.149326
-34.531849
-35.927979
-37.147179
-38.414371
-39.662220
-40.895744
-42.203770
-43.503197
-44.824829
-46.124256
-47.354198
-48.413654
-49.556202
-50.751762
-51.913654
-53.062649
-54.161503
-55.117092
-55.962364
-56.821964
-57.827694
-58.777550
-59.872822
-60.983139
-62.155773
-63.042595
-63.796890
-64.834854
-65.844887
-66.886436
-67.856346
-68.944458
-70.066948
-70.917953
-71.572678
-72.148613
-72.953049
-73.857780
-74.561218
-75.470963
-76.372108
-77.175835
-77.978836
-78.714516
-79.430130
-80.113510
-80.627838
-81.143593
-81.799759
-82.208786
-82.753197
-83.361359
-83.903625
-84.482422
-84.979553
-85.533997
-86.054054
-86.585571
-87.136436
-87.484573
-87.948753
-88.458069
-88.945175
-89.513939
-90.043312
-90.489586
-90.947319
-91.359932
-91.678696
-91.915085
-92.180130
-92.221680
-92.335571
-92.672249
-93.087723
-93.309784
-93.686577
-94.083427
-94.473106
-94.705917
-95.059784
-95.486000
-95.690155
-95.789009
-95.784714
-95.902191
-96.003197
-96.143593
-96.299759
-96.365662
-96.405777
-96.546173
-96.564079
-96.663651
-96.907921
-96.901474
-96.824829
-96.850616
-96.932281
-97.084137
-97.071960
-97.056206
-97.055489
-97.224541
-97.301186
-97.185860
-97.036865
-97.020386
-96.922966
-96.829124
-96.728836
-96.583427
-96.421532
-96.181564
-96.072678
-96.023972
-95.960930
-95.874969
-95.883568
-95.675835
-95.477409
-95.162224
-94.997467
-95.028984
-95.259644
-95.076981
-94.742447
-94.455917
-94.148613
-93.765373
-93.652908
-93.645027
-93.635719
-93.480988
-93.439438
-93.386436
-93.087006
-92.764656
-92.614944
-92.586288
-92.427261
-92.261787
-92.074112
-91.701622
-91.311218
-90.922966
-90.751762
-90.486000
-90.312653
-89.988869
-89.539726
-89.407204
-89.359932
-89.167953
-88.695885
-88.216660
-87.952332
-87.730270
-87.433708
-87.102768
-86.680130
-86.452332
-86.342735
-86.134285
-85.811935
-85.725258
-85.588440
-85.550476
-85.358498
-85.170097
-84.872826
-84.483856
-84.110641
-83.807632
-83.521820
-83.136436
-82.860641
-82.438728
-82.009644
-81.584854
-81.223824
-80.847748
-80.315514
-79.837006
-79.445175
-78.744598
-78.143593
-77.715942
-77.551186
-77.417953
-77.155777
-76.690872
-76.154343
-75.579124
-75.033279
-74.771103
-74.587723
-74.175835
-73.741020
-73.234573
-72.825546
-72.426544
-71.890732
-71.556923
-71.284714
-70.975975
-70.462364
-70.132133
-69.892166
-69.586288
-68.937294
-68.335571
-67.869957
-67.655060
-67.322678
-66.791878
-66.265373
-65.801903
-65.432281
-65.147896
-64.789009
-64.498184
-64.278267
-63.816948
-63.369957
-62.916519
-62.621391
-62.162937
-61.709499
-61.284714
-60.875687
-60.523251
-60.233852
-59.846317
-59.417950
-58.988152
-58.557636
-58.195889
-57.859211
-57.344170
-56.754627
-56.420101
-56.425831
-56.198036
-55.979557
-55.706635
-55.508209
-55.220959
-54.766804
-54.210930
-53.833424
-53.539726
-53.108494
-52.533279
-51.965229
-51.470959
-51.150043
-50.635715
-50.157207
-49.800472
-49.273968
-48.667236
-48.161503
-47.785431
-47.485287
-47.053337
-46.483852
-45.831993
-45.688007
-45.524685
-45.171532
-44.787579
-44.403625
-44.017521
-43.563366
-43.098469
-42.753197
-42.389297
-42.005344
-41.587006
-41.211647
-40.849899
-40.388580
-39.935860
-39.529697
-39.072678
-38.662937
-38.277550
-37.902191
-37.485287
-37.163654
-36.908638
-36.511074
-36.281849
-35.948036
-35.602764
-35.157207
-34.918667
-34.722393
-34.522537
-34.034714
-33.686577
-33.498180
-33.549042
-33.694454
-33.734570
-33.875687
-33.944454
-33.877121
-33.773251
-33.574112
-33.213795
-32.907921
-32.402191
-32.127121
-31.694456
-31.249613
-30.825544
-30.339155
-29.811218
-29.274685
-28.766806
-28.264656
-27.831991
-27.534714
-27.055487
-26.799040
-26.637150
-26.395744
-26.270388
-26.201618
-26.017521
-25.690874
-25.320530
-25.019670
-24.736719
-24.559786
-24.234570
-23.710932
-23.171534
-22.796890
-22.426548
-21.878553
-21.397894
-20.891447
-20.597034
-20.205200
-19.710215
-19.330559
-19.053339
-18.762506
-18.457350
-17.900759
-17.379986
-17.032564
-16.680845
-16.143597
-15.835573
-15.655057
-15.402908
-15.165802
-14.778267
-14.528267
-14.233137
-13.778267
-13.254627
-12.943739
-12.569814
-12.349183
-12.123539
-11.869957
-11.611362
-11.398610
-11.045459
-10.841304
-10.919384
-10.789011
-10.519670
-10.193739
-9.854198
-9.494598
-9.086289
-9.100616
-9.026117
-8.719527
-8.312651
-8.086289
-7.786862
-7.537579
-7.127120
-6.820530
-6.652908
-6.433711
-6.218094
-6.061218
-5.708066
-5.405057
-5.286146
-5.119241
-5.017521
-4.979556
-4.880702
-4.652908
-4.381418
-4.018238
-3.647894
-3.342736
-3.212364
-3.104914
-2.911504
-2.609212
-2.357063
-2.107063
-1.842736
-1.589871
-1.432278
-1.299756
-0.970244
-0.607779
-0.316948
-0.175115
-0.038295
0.180186
0.356404
0.584198
0.871447
1.164427
1.366433
1.514714
1.647951
1.710989
1.955258
2.162278
2.475315
2.661561
2.645086
2.772593
2.968868
3.179470
3.342077
3.428754
3.576318
3.683768
3.828467
3.839928
3.864284
3.842794
3.723882
3.642937
3.832049
4.019011
4.258266
4.430902
4.522593
4.588496
4.649384
4.854255
4.904398
5.037636
5.208839
5.302679
5.358553
5.464570
5.666576
5.868582
6.015430
6.216719
6.324885
6.537636
6.707407
6.927321
7.145802
7.349241
7.534054
7.618582
7.726748
7.820587
7.789069
7.965287
8.081332
8.180186
8.228181
8.290502
8.384341
8.362851
8.308410
8.471017
8.613567
8.680902
8.770444
8.822021
8.902249
9.088495
9.194513
9.369298
9.488926
9.615000
9.817006
9.813424
9.867149
9.984628
10.103539
10.059126
10.129327
10.052679
10.160129
10.215286
10.124312
10.069871
9.971733
10.198811
10.316289
10.470301
10.740358
10.985344
10.972450
10.928038
10.912994
10.929470
10.973166
10.946662
11.035487
10.997521
11.053395
11.199527
11.332765
11.418725
11.428754
11.501103
11.638638
11.700960
11.802679
12.018295
12.042650
12.026891
11.853539
11.801247
11.829184
11.796948
11.668725
11.607121
11.649384
11.802679
12.067722
12.193796
12.252536
12.289785
12.157264
12.066289
12.083482
12.138638
12.041934
12.084914
12.231762
12.385057
12.516863
12.678038
12.709556
12.708839
12.615000
12.615000
12.599240
12.682335
12.842793
12.907980
12.955975
12.966720
12.848524
12.823453
12.804111
12.797665
12.729613
12.660845
12.709556
12.680186
12.637922
12.645802
12.695230
12.809842
12.902966
12.939499
12.963138
13.003968
13.064140
13.159412
13.186633
13.132908
13.031189
12.976748
13.064140
13.157264
13.210272
13.157980
13.001103
13.044083
13.238209
13.314140
13.256118
13.345659
13.443080
13.422307
13.362135
13.258266
13.174456
13.164427
13.210272
13.267579
13.327034
13.275458
13.226031
13.155114
13.029040
12.880759
12.845659
12.953109
13.033339
13.133625
13.210272
13.288352
13.275458
13.248238
13.233912
13.248238
13.238209
13.232478
13.147951
12.876461
12.622880
12.466002
12.315573
12.170157
12.078467
12.023310
11.857121
11.761848
11.808410
11.784055
11.781905
11.749670
11.647235
11.775458
11.819871
11.867149
11.807693
11.882908
11.942364
11.851390
11.856404
11.801963
11.850674
11.870014
11.779040
11.662994
11.693080
11.804111
11.714570
11.646519
11.677320
11.809126
11.844227
11.726748
11.612135
11.622164
11.658696
11.547665
11.549097
11.617149
11.607837
