-0.151923
-0.126282
-0.058333
0.073718
0.017308
0.033974
0.082692
0.151923
0.210897
0.344231
0.340385
0.272436
0.299359
0.158333
0.127564
0.035256
-0.233974
-0.333974
-0.130128
0.063462
0.113462
-0.001923
0.080128
-0.005769
0.168590
0.164744
-0.078846
-0.250641
-0.144231
-0.150641
-0.294231
-0.236538
-0.025000
-0.012179
-0.003205
-0.105769
-0.192949
-0.048077
-0.149359
-0.014744
0.075000
-0.019872
-0.203205
-0.095513
0.268590
0.344231
0.035256
-0.069872
-0.233974
-0.090385
0.039103
-0.121154
-0.169872
-0.218590
-0.131410
0.033974
-0.077564
-0.173718
-0.257051
-0.340385
-2.644231
-23.174999
-145.242950
-443.257050
-838.323730
-1247.227539
-1604.772461
-1871.580078
-2055.619873
-2174.009521
-2242.971191
-2277.469971
-2283.964844
-2264.176270
-2223.945557
-2170.550537
-2107.995605
-2040.441650
-1970.431396
-1899.822388
-1830.763428
-1763.762207
-1698.635254
-1634.933960
-1573.449341
-1514.101929
-1456.416016
-1400.501953
-1344.885254
-1290.281372
-1237.518555
-1185.445557
-1134.192993
-1083.898071
-1034.154541
-984.932678
-936.672424
-888.242920
-840.348083
-793.549377
-747.496765
-702.186523
-657.981384
-614.696777
-572.194214
-530.210876
-488.333984
-447.403198
-407.508331
-368.608337
-330.768585
-293.583984
-257.457062
-222.199356
-188.346802
-154.577560
-121.333977
-88.753204
-56.841667
-25.491667
5.250641
35.224998
64.108330
92.349358
120.191666
147.204483
172.942947
198.004486
222.426285
248.024994
273.269867
296.931396
319.594238
341.767303
363.239105
383.872437
403.663452
422.845520
441.240387
459.105774
476.804474
497.317322
517.230103
535.548096
552.595520
568.513489
583.764771
598.391663
612.167297
625.330139
637.681396
649.373718
660.544250
671.028870
680.592957
689.639099
698.224976
707.772461
716.035278
724.114746
732.396790
740.573730
748.848083
758.590393
769.090393
778.762207
787.749329
795.823730
803.204468
808.644226
813.375000
817.313477
820.853210
824.239075
827.303223
829.989075
831.921143
833.664734
835.071167
836.112183
836.886536
836.908325
836.592957
836.026306
835.398071
834.758362
833.723694
832.089111
830.712158
829.416016
827.885254
825.941650
823.935242
821.683960
819.272461
816.567322
813.521179
810.294250
806.973694
803.431396
799.627563
795.628845
791.662170
787.287842
782.709595
778.078857
773.237793
768.164734
762.967285
757.687805
752.207031
746.833984
741.563477
736.069885
730.637817
725.113464
719.709595
714.263489
708.601929
702.877563
696.625000
690.659607
684.766052
678.916016
673.039124
667.123718
661.114746
655.091675
649.075012
642.944214
636.513489
629.946777
623.231384
616.291687
609.313477
602.192932
595.219849
588.478821
581.880127
575.332703
568.566040
561.541687
554.662170
547.909607
541.409607
534.894226
528.457031
522.183960
515.600647
508.496796
501.457062
494.296783
487.112183
480.127563
472.907043
465.858337
458.877563
451.732697
444.926270
438.428833
431.783966
424.914734
418.033966
410.823730
403.644226
396.585266
389.787811
383.201935
376.658325
370.192963
363.564758
356.619873
349.572449
343.273712
337.139099
330.392944
323.772430
317.701935
311.651917
305.126282
298.892944
293.392944
287.891663
281.323730
274.853210
269.073730
263.174988
256.632690
250.241669
244.659622
239.414749
233.339096
227.132690
221.781418
216.458328
210.423721
204.278839
198.537827
193.042953
187.331406
181.381409
175.845520
170.669876
165.290390
159.576279
154.036545
149.058334
143.985260
138.776276
133.846802
129.072433
124.316025
119.522438
114.569870
109.417305
104.459618
100.109619
95.623718
90.750641
86.187820
81.937820
77.595512
73.001923
68.241669
63.496796
59.083973
55.276283
51.578846
47.522434
43.328846
39.413460
35.467308
31.459616
27.710897
24.158333
20.437820
16.414743
12.304487
8.735256
5.389102
1.539103
-2.171154
-5.401923
-8.966025
-12.813461
-16.689102
-19.976282
-22.930128
-26.413462
-30.163462
-33.666027
-36.950642
-40.491665
-43.905769
-47.232693
-50.733974
-54.444229
-57.712181
-60.722435
-64.067307
-67.576279
-70.869873
-73.712181
-76.794228
-79.898079
-83.046791
-85.504486
-87.875000
-90.528847
-93.231407
-96.023720
-98.576279
-101.073715
-103.830132
-106.486542
-109.278847
-112.301926
-115.269875
-117.640381
-119.695511
-121.771156
-124.307053
-126.699356
-128.754486
-130.749359
-132.712173
-134.641663
-136.637817
-138.772430
-140.845520
-142.773712
-144.468582
-145.932693
-147.499359
-148.857056
-150.028839
-151.332687
-152.933975
-154.226288
-155.541672
-156.840378
-158.114746
-159.500641
-160.785263
-161.835251
-163.076279
-164.375000
-165.418594
-166.567307
-167.639099
-168.657059
-169.700638
-170.958328
-172.030121
-173.032700
-174.055771
-175.182693
-176.414749
-177.485260
-178.594238
-179.577560
-180.572433
-181.319870
-181.821152
-182.569870
-183.682693
-184.392944
-184.869873
-185.414749
-185.851929
-186.360901
-186.751923
-187.074997
-187.467300
-188.227570
-188.901917
-189.541672
-189.999359
-190.685257
-191.346802
-191.345520
-191.122437
-191.500641
-192.205765
-192.778839
-192.866028
-193.201920
-193.690384
-194.004486
-194.209610
-194.459610
-195.105774
-195.244232
-194.944229
-194.977570
-195.468582
-195.533981
-195.296799
-195.407059
-195.816025
-195.886536
-195.572433
-195.523712
-195.592941
-195.292953
-195.122437
-195.032700
-195.051926
-194.944229
-194.633972
-194.577560
-194.478851
-194.268585
-193.926285
-193.753204
-193.935257
-193.994232
-193.745514
-193.599365
-193.235260
-192.524994
-192.082687
-191.701920
-191.341660
-191.149353
-190.728851
-190.549362
-190.333969
-190.223724
-190.014740
-189.539108
-189.087814
-188.900635
-188.530121
-188.299362
-188.135254
-187.677567
-187.044235
-186.298080
-186.109619
-186.073715
-185.764740
-185.194229
-184.646790
-183.967300
-183.292953
-182.937820
-182.530121
-181.932693
-181.383972
-180.871155
-180.582687
-180.263458
-179.921158
-179.214737
-178.489105
-177.809616
-177.209610
-176.653198
-176.122437
-175.353210
-174.609619
-173.995514
-173.419876
-172.904480
-172.316025
-171.594238
-170.894226
-170.372437
-169.524994
-168.544235
-167.857056
-167.051926
-166.018585
-165.186539
-164.658340
-164.045517
-163.190384
-162.368591
-161.569870
-161.072433
-160.422440
-159.628845
-158.855774
-157.905762
-157.045517
-156.144226
-155.422440
-154.787827
-154.055771
-153.323715
-152.714737
-152.164749
-151.071152
-149.750641
-148.880127
-148.180130
-147.336533
-146.616028
-145.963455
-145.117310
-144.217300
-143.357056
-142.555771
-141.853210
-141.114746
-140.181412
-139.292953
-138.351929
-137.276276
-136.410904
-135.751923
-134.966019
-134.036545
-133.082687
-132.074997
-131.410904
-130.991669
-130.271149
-129.219879
-128.005768
-127.363464
-126.695511
-125.805771
-125.099358
-124.195511
-123.171150
-122.222435
-121.451920
-120.571152
-119.786537
-118.810898
-117.875000
-117.291664
-116.927567
-116.141670
-115.017311
-114.044228
-113.177567
-112.210899
-111.294228
-110.350639
-109.131409
-108.185257
-107.358330
-106.375000
-105.503204
-104.590385
-103.741669
-102.846794
-101.983971
-101.239105
-100.436539
-99.850639
-99.137817
-98.246796
-97.618591
-96.745514
-95.592949
-94.645515
-94.180130
-93.344231
-92.319870
-91.704491
-91.044228
-90.200638
-89.304489
-89.050644
-89.003204
-88.957054
-88.824997
-88.537819
-88.130127
-87.599358
-86.771156
-85.904488
-85.137817
-84.537819
-83.516029
-82.346794
-81.416023
-80.918587
-80.005768
-78.914742
-78.094231
-77.305771
-76.380127
-75.299362
-74.548080
-73.780128
-73.032692
-72.322433
-71.550644
-70.641670
-69.351921
-68.348076
-67.590385
-66.775002
-66.032692
-65.236542
-64.504486
-63.857052
-63.231411
-62.355770
-61.532692
-60.955769
-60.103207
-59.254486
-58.221153
-57.358334
-56.489101
-55.928844
-55.272434
-54.687820
-53.995514
-53.317307
-52.559616
-51.759617
-50.778847
-49.989101
-49.585255
-48.909615
-47.978848
-47.142948
-46.490383
-45.866024
-45.146793
-44.573719
-43.921154
-43.368591
-42.773720
-41.950642
-41.239101
-40.478848
-39.845512
-39.035255
-38.385258
-37.866024
-37.303204
-36.704487
-36.008335
-35.471153
-35.042950
-34.208332
-33.576283
-33.075001
-32.454487
-31.808332
-31.244230
-30.628845
-29.931410
-29.422436
-28.721153
-28.121155
-27.428846
-26.803205
-26.144230
-25.631411
-25.049358
-24.528847
-24.089102
-23.282692
-22.594231
-22.053205
-21.587820
-21.148077
-20.757051
-20.498077
-20.208334
-19.576283
-18.923717
-18.517307
-17.845512
-17.449360
-16.907051
-16.467308
-16.025000
-15.476282
-14.807052
-13.986539
-13.645513
-13.548077
-13.123718
-12.730128
-12.398077
-11.901923
-11.435256
-11.268590
-10.923717
-10.554487
-9.714744
-8.782692
-8.268590
-8.009615
-7.859615
-7.646795
-7.345513
-6.896795
-6.682693
-6.164743
-5.262179
-4.525000
-4.373718
-4.300641
-3.739103
-3.239103
-2.799359
-2.464744
-2.285256
-2.112180
-1.707051
-1.213462
-0.628846
-0.508333
-0.632692
-0.498077
0.159615
0.823718
1.081410
1.314744
1.578846
1.791667
1.986538
2.392949
2.914744
3.204487
3.154487
3.075000
2.957051
3.336539
3.886539
4.375000
4.530128
4.716026
5.067307
5.205769
5.435256
5.875000
6.098077
6.210897
6.471154
6.931410
7.249359
7.289103
7.417308
7.977564
8.551923
8.790384
9.108334
9.440385
9.722436
10.039103
10.589103
10.940385
11.192948
11.516026
11.886539
12.207051
12.295513
12.539103
12.842949
13.023718
13.185256
13.632692
13.935256
14.298077
14.509615
14.642949
14.572436
14.677564
14.839103
15.310898
15.736539
15.890385
16.039103
16.016026
15.912180
16.216026
16.613462
17.140385
17.310898
17.692949
17.846794
17.963461
18.203205
18.321154
18.499359
18.560898
18.439102
18.342949
18.595512
18.894230
18.937820
19.087820
19.400640
19.341667
19.085257
19.009615
19.354486
19.659615
19.875000
20.333975
20.521154
20.273718
20.327564
20.760897
21.027565
21.026281
21.045513
21.181410
21.287821
21.253204
21.442949
21.786539
22.203205
22.259615
22.166025
22.186539
22.383974
22.428846
22.417307
22.722435
22.999359
23.209616
23.139103
23.242949
23.462179
23.722435
23.691668
23.509615
23.477564
23.446795
23.604486
23.742949
23.968590
24.109615
24.255770
24.212179
24.373718
24.566025
24.568590
24.691668
24.733974
24.921154
24.690384
24.381411
24.342949
24.309616
24.550640
24.814743
24.818590
24.591667
24.719872
24.795513
24.810898
24.917307
25.191668
25.354486
25.312180
25.245512
25.280128
25.521154
25.692949
25.614744
25.709616
25.831409
25.736538
25.854486
25.945513
25.896795
25.736538
25.625000
25.564743
25.491667
25.460897
25.532692
25.792948
25.682692
25.607052
25.692949
25.775000
25.882692
26.019873
25.995512
26.119871
25.790384
25.491667
25.358334
25.262180
25.121155
24.945513
24.986538
25.077564
25.196795
25.228846
25.214743
25.250641
25.376282
25.509615
25.592949
25.617308
25.694231
25.757051
25.654488
25.617308
25.881411
26.050640
25.923717
25.850641
25.692949
25.477564
25.344231
25.342949
25.610897
25.823717
25.995512
25.964743
25.995512
26.116026
26.114744
26.196795
26.314743
26.308332
26.350641
26.400640
26.360897
26.277565
26.326283
26.400640
26.594231
26.559616
26.776281
26.816025
26.667307
26.632692
26.496796
26.527565
26.500641
26.387821
25.510897
23.822435
21.866026
20.296795
19.212179
18.095512
17.331409
16.808332
16.669872
16.592949
16.528847
16.858334
17.254488
17.439102
17.400640
17.767307
18.103205
18.292948
18.350641
18.721153
18.944231
19.016026
19.141666
19.381411
19.540384
