-0.119648
-0.095432
-0.015630
0.064722
0.081233
0.051513
-0.017832
-0.010677
0.052614
0.053715
0.070226
0.171491
0.232581
0.123610
0.068575
0.081783
0.069675
-0.013429
0.001981
-0.071216
0.041057
0.054816
-0.053054
-0.100936
-0.103687
-0.074518
0.030600
-0.043698
-0.069015
-0.116346
-0.214860
-0.158723
-0.125151
-0.129004
-0.188442
-0.099285
-0.011778
0.094992
0.132966
0.207815
0.211668
0.117006
0.156081
0.132416
0.088938
-0.009576
-0.132856
-0.106439
-0.133407
-0.177435
-0.083875
-0.047551
0.027298
0.060870
0.145625
0.229829
0.250743
0.226527
0.201211
-0.346946
-5.301266
-28.888498
-115.155418
-283.613861
-467.989777
-646.917114
-810.409119
-945.368408
-1046.521973
-1118.618774
-1166.212158
-1191.663940
-1199.496094
-1193.755859
-1177.430054
-1152.678223
-1122.491699
-1089.739380
-1055.765259
-1020.926453
-986.358521
-952.394836
-918.651855
-886.486206
-855.568726
-825.256714
-795.980408
-767.657898
-739.790527
-712.627625
-685.942444
-659.486206
-633.526367
-607.734375
-582.027161
-556.646912
-531.453735
-506.584686
-482.536255
-459.020569
-435.558289
-412.469666
-389.853821
-367.400879
-345.247345
-323.334290
-301.684326
-280.375000
-259.159821
-238.290802
-217.912720
-197.738800
-177.820801
-158.473526
-139.536270
-120.682114
-102.273201
-84.346397
-66.837311
-49.678261
-32.878040
-16.425646
-0.247881
15.524271
30.930435
46.076279
60.916676
75.458229
89.636543
103.596916
117.339897
130.737259
143.713043
156.563339
168.893005
181.015747
192.787888
204.194061
215.127457
225.649200
235.794495
245.804947
255.563339
264.995941
274.236420
283.198456
291.891907
300.201202
308.339355
316.250732
323.842377
331.124146
338.123596
344.849518
351.353668
357.709198
363.840179
369.573792
374.764771
379.751007
384.468140
388.995392
393.274963
397.359161
401.355316
405.192413
408.702576
411.979980
415.026733
418.105988
421.077393
423.989868
426.790100
429.584259
432.069672
434.297516
436.501160
438.628296
440.470337
442.198456
443.691040
444.864929
445.957397
446.831909
447.409790
447.977753
448.460968
448.716339
448.669006
448.767517
448.850098
448.486298
448.109314
447.817047
447.349243
446.701477
445.953003
445.110962
444.287079
443.510498
442.458771
441.308533
440.148926
438.910614
437.392181
435.647003
433.846222
431.917236
429.860535
427.842926
425.883118
423.690491
421.426300
419.307983
417.087830
414.758179
412.306335
409.711945
406.998688
404.265594
401.589752
398.759827
395.883118
393.080688
389.956299
386.789551
383.567749
380.401550
377.219360
374.074615
370.776886
367.432373
364.099945
360.604065
357.096649
353.472534
349.917786
346.376770
342.773590
339.156647
335.604065
332.209473
328.699280
325.251831
321.760376
318.222687
314.784027
311.415863
307.784576
304.199005
300.862183
297.514374
293.983826
290.413635
287.088379
283.525360
279.826965
276.229279
272.680023
269.142334
265.676178
262.205078
258.686066
255.077377
251.392181
247.798904
244.147827
240.392181
236.692123
233.250198
229.715790
225.988220
222.448318
218.791748
215.069122
211.180298
207.561691
204.093887
200.471985
196.509964
192.626083
188.811554
184.970612
181.150024
177.522614
174.147278
170.888611
167.694336
164.655258
161.568298
158.275513
154.990967
151.801102
148.685532
145.427414
142.026749
138.676163
135.359711
132.089493
128.966202
125.851181
122.782387
119.713043
116.633789
113.618385
110.585915
107.498955
104.552887
101.744965
98.901817
95.818710
92.731209
89.677269
86.666260
83.512711
80.344307
77.389435
74.565544
71.841278
68.990974
66.250191
63.610126
60.977764
58.317337
55.654156
52.813759
49.779636
46.509411
43.300274
40.215519
37.262852
34.414749
31.716896
29.160484
26.629940
24.264502
21.956852
19.488497
17.041058
14.784039
12.799450
10.813759
8.660209
6.450523
4.241387
2.119758
0.169840
-1.700275
-3.610017
-5.553880
-7.596258
-9.739901
-11.821904
-13.732196
-15.743203
-17.848322
-19.793837
-21.576996
-23.528013
-25.516457
-27.451513
-29.065712
-30.770721
-32.824104
-34.694221
-36.241829
-37.821354
-39.494442
-41.234673
-42.840618
-44.348045
-45.853825
-47.337040
-48.836212
-50.350246
-52.066814
-53.803741
-55.261089
-56.811447
-58.280903
-59.836212
-61.082775
-62.179638
-63.369511
-64.695869
-65.928123
-67.124603
-68.386574
-69.565437
-70.857681
-71.969948
-73.225319
-74.559937
-75.772919
-76.964447
-78.164780
-79.336487
-80.482887
-81.778427
-82.926476
-83.882996
-84.879143
-85.948486
-86.796036
-87.729996
-88.965546
-90.181290
-91.255585
-92.022232
-92.778427
-93.667252
-94.521408
-95.324379
-96.224213
-97.170280
-97.921516
-98.507103
-99.126251
-99.655144
-100.311172
-100.914368
-101.490036
-102.031593
-102.776222
-103.490036
-104.110291
-104.518105
-105.021133
-105.566536
-106.080574
-106.601761
-107.152122
-107.775124
-108.143860
-108.519760
-108.931976
-109.474075
-110.039848
-110.464172
-110.686516
-110.917114
-111.233574
-111.455917
-111.549477
-111.846672
-112.082771
-112.215958
-112.531868
-112.752007
-112.956741
-113.236320
-113.524162
-113.829613
-113.930328
-113.942986
-113.997467
-114.164780
-114.258339
-114.501595
-114.556084
-114.557182
-114.688164
-114.799339
-114.852722
-114.792183
-114.894554
-114.953987
-114.880241
-114.878593
-114.976555
-115.065163
-115.065163
-114.884644
-114.859329
-114.932526
-114.937477
-114.841164
-114.613319
-114.432800
-114.328232
-114.369507
-114.355202
-114.095985
-113.873085
-113.714584
-113.718987
-113.789436
-113.579750
-113.449860
-113.251732
-113.089928
-113.236320
-113.276497
-113.117447
-112.785583
-112.327133
-112.018929
-111.896751
-111.636436
-111.240730
-110.823555
-110.699173
-110.667801
-110.513153
-110.308418
-110.207153
-110.127907
-109.947388
-109.739349
-109.532967
-109.363457
-109.064613
-108.677711
-108.376663
-108.036545
-107.798790
-107.524162
-107.101486
-106.761917
-106.456467
-106.053604
-105.696976
-105.367310
-104.921516
-104.771271
-104.558830
-104.320526
-103.793839
-103.354652
-102.920967
-102.517006
-102.113045
-101.722839
-101.224770
-100.827957
-100.450417
-100.182388
-99.916565
-99.567642
-99.224770
-98.950691
-98.569290
-98.222565
-97.922623
-97.713486
-97.370613
-97.041496
-96.654045
-96.184593
-95.739899
-95.448212
-95.296310
-95.002419
-94.397575
-93.856575
-93.563232
-93.242378
-92.782829
-92.287506
-91.875839
-91.474075
-91.072868
-90.630928
-90.235771
-89.800987
-89.313377
-88.753113
-88.198349
-87.774574
-87.299614
-86.697525
-86.152122
-85.780075
-85.667252
-85.522507
-85.252281
-84.849419
-84.464722
-84.117447
-83.651840
-83.069016
-82.540672
-81.986458
-81.442711
-80.763016
-80.402534
-79.912163
-79.275398
-78.757515
-78.425644
-77.934174
-77.234673
-76.650742
-76.129005
-75.725044
-75.235771
-74.715134
-74.136162
-73.719536
-73.237976
-72.733299
-72.243477
-71.705780
-71.147163
-70.750359
-70.202202
-69.662849
-69.158722
-68.775124
-68.456467
-68.013428
-67.513702
-67.039848
-66.601212
-66.246231
-66.083321
-66.115242
-66.176888
-66.281456
-66.431152
-66.537918
-66.483986
-66.301270
-65.874191
-65.316673
-64.816399
-64.312271
-63.721188
-62.941883
-62.259991
-61.596809
-61.036545
-60.453716
-59.776226
-59.076168
-58.332638
-57.640835
-57.032143
-56.580296
-56.157074
-55.674408
-55.382717
-55.069565
-54.912163
-54.846672
-54.421246
-53.849422
-53.346394
-52.970501
-52.506550
-51.969398
-51.464722
-50.973251
-50.553879
-50.289158
-49.820805
-49.356853
-49.050854
-48.663403
-48.310070
-47.877491
-47.441608
-47.104790
-46.701374
-46.153221
-45.504898
-45.006824
-44.717335
-44.187893
-43.596809
-42.974903
-42.227516
-41.608364
-41.059658
-40.587452
-39.882442
-39.304016
-38.719536
-38.154320
-37.561584
-36.971050
-36.422344
-35.939682
-35.521408
-34.980408
-34.505447
-33.891251
-33.234123
-32.604511
-32.165878
-31.853825
-31.415741
-30.912163
-30.467474
-29.975454
-29.493891
-28.949587
-28.550577
-28.034893
-27.724491
-27.294662
-26.776224
-26.200001
-25.788883
-25.504349
-25.252283
-24.931976
-24.508751
-24.065163
-23.816952
-23.543423
-23.135057
-22.789433
-22.455915
-21.982609
-21.578646
-21.083874
-20.560484
-20.221464
-19.886847
-19.612219
-19.273197
-18.742102
-18.352999
-18.041496
-17.869785
-17.549477
-17.250633
-16.930876
-16.606165
-16.471876
-16.273748
-15.950137
-15.535718
-15.117446
-14.822454
-14.463621
-14.050303
-13.673858
-13.388223
-13.108641
-12.765768
-12.540121
-12.356852
-11.994166
-11.590203
-11.229719
-10.970501
-10.814199
-10.512053
-10.381067
-10.381067
-10.387672
-10.273748
-10.246780
-10.239626
-9.926473
-9.613318
-9.318877
-9.029940
-8.826307
-8.487287
-8.301816
-8.055806
-7.776775
-7.421794
-7.079472
-6.875289
-6.647441
-6.463071
-6.352449
-6.263291
-6.200551
-6.129004
-5.977655
-5.741002
-5.395377
-5.176885
-4.889598
-4.633132
-4.476280
-4.269896
-3.997468
-3.719538
-3.569290
-3.601761
-3.840616
-4.102036
-4.331535
-4.509851
-4.540671
-4.572592
-4.591855
-4.446560
-4.272097
-4.093781
-3.842818
-3.501596
-3.299064
-3.197248
-2.857127
-2.622675
-2.396478
-2.205503
-1.925922
-1.617171
-1.337039
-1.032691
-0.882444
-0.695322
-0.240176
0.075179
0.345405
0.725702
1.003082
1.114805
1.302477
1.670116
2.090589
2.517667
2.748817
2.926582
3.099945
3.193506
3.429059
3.725151
4.049862
4.456577
4.761475
5.053164
5.109851
5.268354
5.527022
5.913373
6.116456
6.202312
6.449422
6.704238
6.919978
7.025647
7.189653
7.415850
7.599120
7.856136
8.102146
8.376225
8.507760
8.502256
8.661860
8.855036
9.156081
9.414199
9.538580
9.681673
9.923830
10.178646
10.376225
10.446671
10.485195
10.479141
10.449972
10.509411
10.588112
10.671216
10.885856
11.014090
11.199560
11.429609
11.604073
11.749367
11.905118
12.157182
12.306329
12.323390
12.334397
12.365767
12.419703
12.316236
12.415300
12.533076
12.704238
12.795597
13.004183
13.255696
13.352009
13.409246
13.440617
13.691580
13.768079
13.847331
13.883655
14.014640
14.104348
14.206164
14.374574
14.503907
14.711943
14.812658
14.988222
14.984370
14.859439
14.784039
14.741112
14.804954
14.840177
14.786242
14.710292
14.867144
14.853385
14.717446
14.760374
14.821464
14.827518
14.817061
14.688277
14.679472
14.723500
14.657457
14.710842
14.837424
14.878701
14.741112
14.792846
14.851733
14.968960
15.144524
15.076280
15.039956
15.216620
15.202862
15.156081
15.196258
15.281013
15.325041
15.442267
15.434012
15.487947
15.457128
15.338800
15.240836
15.240836
15.303027
15.216620
15.309631
15.346505
15.354210
15.244139
15.156081
15.212769
15.255146
15.333847
15.346505
15.278811
15.325041
15.400440
15.402091
15.478041
15.457128
15.463181
15.511613
15.638745
15.643148
15.499505
15.277711
15.179747
15.179196
15.175344
15.172592
15.149477
15.114804
15.137369
15.275509
15.392735
15.402091
15.413098
15.396587
15.386682
15.423005
15.555091
15.597468
15.569950
15.521519
15.653605
15.645350
15.613429
15.539130
15.443918
15.451074
15.594717
15.671766
15.631591
15.807155
15.866593
15.948047
16.030050
15.968960
15.910071
15.923830
15.948047
15.868244
15.818712
15.776335
15.765878
15.752669
15.669565
15.414749
15.068575
14.743863
14.300275
13.898514
13.594166
13.223225
12.926032
12.656357
12.587562
12.606274
12.585361
12.546285
12.465933
12.497853
12.591414
12.686076
12.893010
12.967309
