-0.134963
-0.173220
-0.234857
-0.386823
-0.069075
0.233794
0.256111
0.235919
0.246546
0.293305
0.168969
0.260361
0.290117
0.183847
0.024442
-0.236982
-0.256111
0.057386
0.160468
0.198725
0.094580
0.089267
-0.066950
-0.064825
0.030818
-0.066950
-0.094580
-0.093518
0.040383
0.055260
0.077577
0.099894
0.076514
0.171095
-0.018066
-0.309245
-0.348565
-0.231668
-0.011690
-0.019129
-0.007439
0.030818
0.181722
0.162593
-0.046759
-0.085016
-0.075452
-0.215728
-0.242295
-0.230606
-0.136026
-0.177471
-0.205101
-0.076514
0.013815
0.001063
-0.083953
-0.129649
-0.088204
-0.195537
-2.897981
-24.411264
-148.256104
-436.108398
-801.145569
-1172.595093
-1498.401733
-1743.102051
-1912.730103
-2020.957520
-2084.757812
-2115.885254
-2119.815186
-2098.180664
-2056.646240
-2002.039307
-1939.347534
-1872.849121
-1804.749146
-1736.979858
-1670.834229
-1607.132812
-1545.471802
-1485.333740
-1427.254028
-1371.566406
-1317.761963
-1265.335815
-1213.313477
-1162.630127
-1113.667358
-1065.415527
-1017.752380
-971.039307
-924.941528
-879.758789
-835.198730
-790.467590
-746.342163
-703.375122
-661.024414
-619.153015
-578.298645
-538.208313
-499.180664
-461.109467
-423.340057
-386.515411
-350.578094
-315.082886
-280.155151
-245.713074
-211.579178
-177.951111
-145.241226
-113.065887
-81.587669
-51.002125
-20.875664
8.700318
37.425079
64.962807
91.586609
117.523911
142.891602
167.136032
190.842728
213.988312
236.502655
258.574921
280.187042
300.821472
320.752380
340.497345
359.717316
378.168976
396.218903
415.888428
435.262482
453.701385
471.148773
487.753448
503.772583
519.177490
533.870361
547.853333
561.058472
573.479248
585.127502
596.318787
607.198730
618.105225
628.575989
638.417664
647.929871
657.313477
666.090332
674.495239
682.363464
689.385742
695.735413
701.837402
707.667358
713.041443
717.821472
722.594055
727.216797
731.616394
735.458008
739.064819
743.105225
746.739624
749.917114
752.599365
755.013794
757.131775
758.693970
759.821472
760.616394
761.391052
761.991516
762.099915
762.122192
761.929871
761.504761
760.575989
759.064819
757.666321
756.379395
754.767273
752.453796
749.989380
747.181702
744.029785
740.744934
737.396362
733.922424
730.687561
727.412354
724.029785
720.531372
717.196594
713.966003
710.204041
706.466553
702.642944
698.710938
694.533447
690.309265
685.795959
680.993652
676.075439
670.858643
665.416565
659.933044
654.209351
647.948975
641.976624
636.151978
630.546204
624.809753
618.843811
612.910706
607.291199
601.638672
595.715210
590.007446
584.219971
578.201904
572.294373
566.449524
560.313477
553.875671
547.630188
541.217834
534.955383
528.793823
522.725830
516.940491
510.964935
504.631256
498.241241
491.956421
486.098816
479.963867
473.524963
467.437836
461.336884
454.509033
447.876740
441.365570
435.031891
428.507965
421.812958
415.496277
409.142395
402.772583
396.222107
389.414459
382.771515
376.467590
370.055267
363.436768
356.798096
350.743896
344.632294
338.399567
332.188110
326.465454
320.577057
314.228485
307.743896
301.739624
296.074402
290.231659
283.951111
277.652496
271.772583
265.834229
259.553680
253.594055
247.977676
242.329437
236.320938
230.455902
225.174286
219.266739
213.093521
207.655685
202.869293
197.831024
192.653564
187.346436
182.500534
177.526031
172.343246
167.370880
162.873535
158.246552
153.087143
148.003189
143.131775
138.202972
133.155151
128.384705
123.901169
119.166847
114.475029
109.788521
105.189163
100.387886
95.812965
91.541977
87.060577
82.589798
78.153030
73.672691
69.246544
65.200851
61.216789
57.129650
53.172157
49.194473
45.532413
41.557919
37.680126
34.085014
30.482466
26.561106
22.539852
18.863974
15.556854
11.947927
8.323061
4.810840
1.375133
-1.837407
-4.884166
-7.995749
-10.938363
-14.219978
-17.688629
-20.767269
-23.827843
-27.035069
-30.010628
-32.738575
-35.590862
-38.727947
-41.829967
-45.021255
-48.295429
-51.597237
-54.484592
-56.885227
-59.615303
-62.577045
-65.274178
-67.642937
-70.314560
-73.036133
-75.899040
-78.464401
-81.000000
-83.546227
-86.060577
-88.214668
-90.464401
-92.897980
-95.210411
-97.099892
-98.893730
-101.264610
-103.557915
-105.684380
-107.727951
-109.740700
-111.865036
-113.683319
-115.387886
-117.246544
-118.938362
-120.686501
-122.540916
-124.181725
-126.061638
-127.815094
-129.454834
-131.106277
-132.743896
-134.290115
-135.800217
-137.184906
-138.736450
-140.072266
-141.781082
-143.060577
-144.239105
-145.526031
-146.826782
-148.063766
-149.240173
-150.395325
-151.714127
-153.049942
-154.218918
-155.382568
-156.584488
-157.717316
-158.333694
-158.954300
-160.401703
-162.244415
-163.887360
-165.402756
-166.794907
-167.765137
-168.488846
-169.378326
-170.335815
-171.357071
-172.403824
-173.341125
-174.051010
-174.551544
-174.947922
-175.664185
-176.125397
-176.476089
-176.589798
-176.995743
-177.566422
-178.061630
-178.495224
-178.724762
-178.974503
-179.188095
-179.603607
-180.106277
-180.400635
-180.421890
-180.662064
-180.950058
-181.234863
-181.604675
-181.647186
-181.364502
-181.507965
-181.785339
-181.940491
-181.938370
-182.034012
-181.924545
-181.991501
-182.128586
-182.213608
-182.185974
-182.008499
-181.963867
-181.874603
-182.054199
-182.002121
-181.600418
-181.371948
-181.095642
-180.977676
-180.774704
-180.647186
-180.706696
-180.831024
-180.641876
-179.950058
-179.296494
-178.784271
-178.720505
-178.713074
-178.470779
-178.268860
-178.105209
-177.643997
-177.078644
-176.780014
-176.617432
-176.139221
-175.581299
-175.188095
-174.823593
-174.437836
-174.234863
-173.981934
-173.385757
-172.871414
-172.456955
-172.200851
-171.865036
-171.214661
-170.614243
-170.069077
-169.575989
-168.878845
-168.468643
-168.020187
-167.303925
-166.699249
-166.209351
-165.532410
-164.823593
-164.117966
-163.838470
-163.360260
-162.725830
-161.805527
-160.868225
-160.131775
-159.615295
-158.884171
-158.038254
-157.448456
-156.871414
-155.851227
-155.334747
-154.783203
-153.854416
-153.157272
-152.674820
-151.972366
-151.414459
-151.536667
-151.962799
-152.047821
-152.218918
-152.113708
-151.636551
-151.192352
-150.927734
-150.446335
-149.580231
-148.643997
-147.527100
-146.790649
-146.121155
-145.300751
-144.514343
-143.620621
-142.716263
-141.572800
-140.669495
-139.577042
-138.609985
-137.814026
-136.849091
-135.652496
-134.668442
-134.136032
-133.387878
-132.415512
-131.657806
-130.672684
-129.778961
-128.925613
-128.023376
-127.383636
-126.587669
-125.512222
-124.592987
-123.642937
-122.701378
-121.688629
-120.901169
-120.098831
-119.173218
-118.459084
-117.652496
-116.911797
-116.233795
-115.404892
-114.456963
-113.814026
-113.062698
-111.875664
-110.754517
-109.798088
-109.065887
-108.492027
-107.769394
-107.124336
-106.317749
-105.465462
-104.431458
-103.600426
-102.886292
-102.177467
-101.407013
-100.455894
-99.380447
-98.685440
-98.134964
-97.380447
-96.547287
-95.697128
-95.087143
-94.293304
-93.505844
-92.870354
-92.170029
-91.299683
-90.510094
-89.827843
-88.979805
-87.901169
-86.786400
-86.060577
-85.445274
-84.865036
-84.153030
-83.321999
-82.393196
-81.347504
-80.394264
-79.750267
-78.953239
-78.019127
-77.174286
-76.660995
-76.076515
-75.233795
-74.574921
-74.385757
-73.622742
-72.697128
-71.998940
-71.356003
-70.651436
-69.955368
-69.117958
-68.284805
-67.479279
-66.801277
-66.122208
-65.399574
-64.803398
-64.187035
-63.425079
-62.698193
-62.061638
-61.546227
-60.641869
-59.604675
-59.120087
-58.990437
-58.458023
-57.553665
-56.747078
-56.139214
-55.350689
-54.706696
-54.265675
-53.648247
-53.153030
-52.231667
-51.481403
-50.984058
-50.438896
-49.818279
-49.315620
-48.829967
-48.160469
-47.485653
-46.882042
-46.164719
-45.613178
-45.280552
-44.814026
-44.044632
-43.183846
-42.336876
-41.514347
-41.008503
-40.636559
-40.304996
-39.841660
-39.192348
-38.835281
-38.172157
-37.481403
-36.740700
-36.156216
-35.741764
-35.290115
-34.545166
-34.090328
-33.780022
-33.247608
-32.632305
-32.177471
-31.735388
-31.352816
-30.554729
-29.955366
-29.298618
-28.618490
-27.901169
-27.538788
-27.210415
-26.594049
-26.068012
-25.774708
-25.233793
-24.638681
-24.198725
-23.835281
-23.493092
-23.190224
-22.615303
-21.879915
-21.150904
-20.515409
-19.900106
-19.375134
-18.974495
-18.719448
-18.578108
-18.645058
-18.875664
-19.166843
-19.284803
-18.877790
-18.471838
-18.197662
-17.991499
-17.814028
-17.570669
-17.230606
-16.637619
-15.993624
-15.539851
-14.959618
-14.560042
-14.193411
-13.492030
-12.823592
-12.425079
-11.944739
-11.609989
-11.303932
-10.908607
-10.487779
-10.043571
-9.568544
-9.066950
-8.505845
-7.959618
-7.571732
-7.567482
-7.264612
-6.833156
-6.343252
-5.821466
-5.333688
-4.776833
-4.676939
-4.481403
-4.126461
-3.896918
-3.539851
-2.810839
-2.273114
-1.759830
-1.483528
-1.051010
-0.832094
-0.489904
-0.171095
0.029756
0.088204
0.209352
0.767269
1.284803
1.550478
1.850159
2.192348
2.496281
2.635494
2.936238
3.173220
3.822529
4.272051
4.337938
4.703507
5.190223
5.600425
5.905420
6.140276
6.622742
6.730074
6.833156
7.143465
7.592986
7.875664
7.916047
8.189160
8.585547
9.129649
9.414453
9.776834
10.042508
10.215728
10.478214
10.715197
10.814028
10.895856
10.997874
11.226355
11.434644
11.291180
10.968119
10.936238
11.391073
11.978746
12.154092
12.263550
12.747078
13.002126
13.097769
13.195537
13.538789
13.869288
14.041446
14.229543
14.549416
14.680127
14.880978
15.233794
15.582359
15.717322
15.784272
15.889480
16.117960
16.379383
16.582359
16.746016
17.035069
17.399574
17.689692
17.794899
17.878853
17.971308
17.882040
18.032944
18.202976
18.393198
18.563231
18.729012
18.831030
19.001062
19.151966
19.397449
19.556854
19.732201
19.946865
20.204039
20.161530
20.013815
20.229544
20.147715
20.054197
19.990437
20.054197
20.191286
20.257174
20.238045
20.304995
20.489904
20.578108
20.497343
20.495218
20.430393
20.316685
20.276302
20.311371
20.192348
20.163656
20.293304
20.333687
20.193411
20.124336
20.093517
20.320934
20.268864
20.278427
20.378321
20.692881
20.797024
20.896917
20.991499
21.096706
21.267799
21.242296
21.159405
21.107332
21.356005
21.463337
21.489904
21.780022
21.784271
21.841658
21.963869
22.236982
22.460148
22.523911
22.512220
22.642933
22.476089
22.574921
22.565355
22.549416
22.647184
23.008501
23.245483
23.335814
23.445271
23.653561
23.544102
23.391073
23.356005
23.447397
23.564293
23.758768
23.874601
23.979809
23.718384
23.472900
23.221041
22.744951
22.441021
22.010628
21.718384
21.410202
21.267799
21.179596
21.161530
21.351753
21.574921
21.829967
21.928799
21.900106
21.790648
22.019129
22.167906
22.612114
22.916046
22.884167
22.849096
22.963869
22.914984
22.876726
23.080765
23.088203
23.064825
23.348566
23.654623
23.795961
23.824656
23.836344
23.768332
23.841658
23.820404
23.959618
24.036131
24.049948
24.170033
24.170033
24.071201
24.011690
24.197662
24.310308
24.369820
24.552603
24.827843
24.943676
24.777895
24.620617
24.748140
24.889479
24.909670
24.954304
24.925611
24.956429
24.820404
24.720510
24.783209
24.789585
24.807652
24.693943
24.812965
24.903294
24.874601
25.042507
24.958555
24.729012
24.536663
24.545164
24.608927
24.748140
24.871414
24.897982
25.018066
24.918173
24.945803
24.969181
24.935175
24.810839
24.721573
24.612114
24.619555
24.477152
24.163656
24.092455
24.079702
23.962805
23.948990
23.972370
23.903294
23.944740
