-0.092504
-0.102308
-0.058567
0.088492
0.085475
0.073409
-0.020106
-0.049517
-0.057813
-0.026139
-0.008039
0.019864
-0.003514
-0.137753
-0.023876
0.147315
0.295882
0.322278
0.272504
0.059834
0.093017
0.065113
-0.122670
-0.143032
-0.139261
-0.090995
-0.186018
-0.241825
-0.160377
-0.104570
-0.011056
-0.148311
-0.219201
-0.285566
-0.284811
-0.138507
0.023635
0.065867
0.105083
0.120166
0.255158
0.187285
0.070392
-0.020860
0.157873
0.249125
0.131478
0.057572
-0.050271
-0.019351
0.001765
0.129970
0.245354
0.286078
0.262700
0.174465
0.212172
0.262700
0.215189
-0.400196
-4.523122
-27.181494
-114.877571
-285.247864
-478.363983
-671.676941
-846.338379
-986.501282
-1088.165649
-1157.647583
-1200.624878
-1221.554810
-1224.518555
-1211.888184
-1186.842896
-1152.352661
-1112.530640
-1069.894165
-1026.259155
-982.413025
-939.706360
-898.363220
-858.128723
-820.176941
-784.609863
-750.552551
-717.988403
-687.026123
-657.173950
-628.562317
-600.750122
-573.431885
-547.002014
-521.055542
-495.398682
-470.155853
-445.562347
-421.437164
-397.765198
-374.231262
-351.258423
-328.805176
-306.348907
-284.329315
-262.565369
-241.150574
-220.008789
-199.005783
-178.479385
-158.763702
-139.305176
-119.980133
-101.164146
-82.474854
-64.335342
-46.709396
-29.412262
-12.280287
4.453499
20.818506
36.888641
52.383362
67.392410
82.138268
96.641281
110.894676
124.778534
138.342636
151.479889
164.245361
176.547775
188.718201
200.473114
211.966324
222.967834
233.680496
244.002518
253.939926
263.489685
272.658630
281.424072
289.801910
298.049286
305.942200
313.347168
320.559082
327.409760
333.962555
340.393158
346.731018
352.750641
358.402985
363.681244
368.840363
373.930115
378.798889
383.415039
387.654114
391.602814
395.293610
398.841888
402.157867
405.237061
408.220459
411.228760
414.014587
416.292114
418.375824
420.243103
421.803436
423.102814
424.226501
425.292114
426.221985
427.185791
428.062103
428.762695
429.395416
429.674469
429.814728
429.864502
429.709900
429.519867
429.363770
429.211426
428.966309
428.568115
427.794373
427.063599
425.910522
424.507050
422.923340
421.293610
419.394684
417.451996
415.536469
413.436920
411.318512
409.209900
407.191803
404.921814
402.806427
400.612610
398.307953
396.025146
393.770233
391.531921
389.065857
386.375061
383.586243
380.703888
377.759674
374.738556
371.655609
368.737823
365.695587
362.697083
359.471588
356.475372
353.461029
350.479126
347.197845
343.923340
340.725739
337.366760
334.141296
330.823029
327.562103
324.221222
321.008545
317.821533
314.407501
310.966309
307.407501
303.839630
300.196350
296.586243
292.887146
289.123169
285.467072
281.773254
278.151093
274.471588
270.816986
267.120911
263.567383
259.809448
255.936157
252.159378
248.393173
244.512329
240.767975
237.148819
233.517609
229.861496
226.012329
222.054550
218.248367
214.605087
210.803421
207.073410
203.560593
200.132233
196.628464
193.159378
189.872055
186.642792
183.360733
180.104324
176.792114
173.447464
170.106598
166.650330
163.071152
159.666168
156.265717
152.871292
149.649582
146.444443
143.045502
139.649582
136.532684
133.502518
130.380341
127.059082
123.730270
120.433891
116.974617
113.664658
110.404480
107.016846
103.621674
100.568886
97.734039
94.979141
92.218956
89.520615
86.596031
83.758926
81.023636
78.190300
75.347916
72.488190
69.725746
67.004028
64.289093
61.418808
58.673710
55.982159
53.364510
50.936909
48.415039
45.870544
43.457272
41.077934
38.644299
36.055309
33.353951
30.829065
28.435400
25.851688
23.032684
20.529669
18.129971
15.792866
13.551538
11.350181
9.111870
7.011569
4.912021
2.684268
0.580196
-1.465807
-3.738808
-5.937903
-8.056305
-10.238054
-12.470332
-14.764449
-16.830061
-18.842127
-21.254646
-23.627949
-25.760679
-27.719200
-29.605324
-31.471840
-33.291599
-35.009548
-36.731266
-38.419804
-39.885868
-41.331570
-43.005775
-44.629456
-45.965805
-47.345142
-48.673950
-49.965805
-51.352684
-52.737301
-54.115128
-55.221462
-56.305927
-57.686771
-58.932625
-60.057060
-61.132473
-62.275761
-63.508793
-64.682251
-65.624931
-66.664902
-67.661888
-68.673950
-69.701103
-70.889641
-71.909248
-72.934883
-73.940918
-75.001251
-76.061584
-77.060829
-78.039711
-78.913773
-79.758415
-80.526894
-81.247101
-82.066109
-82.873047
-83.569878
-84.222214
-85.032173
-86.023880
-86.931870
-87.823273
-88.722214
-89.597031
-90.138504
-90.735794
-91.383606
-92.071388
-92.629456
-93.143028
-93.771240
-94.227493
-94.560829
-95.249367
-95.787827
-96.206383
-96.703362
-97.155098
-97.588730
-97.956757
-98.277267
-98.495216
-98.882095
-99.361732
-99.853439
-100.256157
-100.535942
-100.736549
-101.131721
-101.611359
-101.783302
-101.797630
-101.932625
-102.109848
-102.317238
-102.470329
-102.677719
-102.755402
-102.844391
-103.080437
-103.200348
-103.408493
-103.781792
-104.118896
-104.422066
-104.690544
-104.868523
-104.868523
-104.878326
-105.042732
-105.238808
-105.500496
-105.661133
-105.619652
-105.378326
-105.268974
-105.087227
-105.094765
-105.127945
-105.074402
-105.020859
-105.081947
-105.026138
-105.007286
-104.977875
-105.193558
-105.305931
-105.231270
-104.892654
-104.809700
-104.864754
-104.851173
-104.701859
-104.394920
-104.097786
-104.165657
-103.922821
-103.724480
-103.496727
-103.212410
-103.020859
-102.900948
-102.603065
-102.333076
-102.235039
-102.052536
-101.919052
-101.580437
-101.324028
-101.107590
-101.010300
-100.863998
-100.707886
-100.318748
-99.962791
-99.712410
-99.584961
-99.290092
-99.026894
-98.821762
-98.760681
-98.513321
-98.070633
-97.606834
-97.326286
-96.935638
-96.503517
-96.067619
-95.783302
-95.402458
-95.044991
-94.723724
-94.624931
-94.331566
-93.934135
-93.759171
-93.620407
-93.305931
-92.853439
-92.372292
-92.063843
-91.529152
-91.195068
-90.879082
-90.508797
-90.192055
-89.646049
-89.197327
-88.661888
-88.334587
-87.921310
-87.597031
-87.091751
-86.661888
-86.236549
-85.864754
-85.311203
-84.873047
-84.317993
-83.799896
-83.535187
-83.235039
-82.802910
-82.255402
-81.885117
-81.379837
-80.909248
-80.515579
-80.155853
-79.509544
-79.057060
-78.622673
-78.046501
-77.456001
-77.038208
-76.510300
-76.009544
-75.532928
-75.016335
-74.640015
-74.216942
-73.965050
-73.554039
-73.129456
-72.587982
-72.131721
-71.753891
-71.492203
-71.268974
-70.997482
-70.636246
-70.221466
-69.749367
-69.196579
-68.692055
-68.225990
-67.656609
-67.233528
-66.771988
-66.342880
-65.755402
-65.266708
-64.679230
-64.210152
-63.779533
-63.229004
-62.916786
-62.609097
-62.072144
-61.557812
-61.216938
-60.707134
-60.147556
-59.862488
-59.529911
-58.924328
-58.229759
-57.720711
-57.382095
-57.037453
-56.589489
-56.302910
-55.961281
-55.361736
-54.755398
-54.427345
-54.354946
-54.118145
-53.588734
-52.972595
-52.415279
-51.975613
-51.443935
-51.011810
-50.520107
-49.879082
-49.363998
-48.842125
-48.577419
-48.308189
-48.016335
-47.665657
-47.219200
-46.618145
-46.078930
-45.695824
-45.427345
-45.038204
-44.529911
-43.926590
-43.377571
-42.864750
-42.587223
-42.348915
-41.868523
-41.478626
-41.016335
-40.643787
-40.265957
-39.844391
-39.413017
-39.040466
-38.617390
-38.216938
-37.840618
-37.465805
-37.172443
-36.879833
-36.516335
-36.118145
-35.624931
-35.107586
-34.536697
-34.017090
-33.638508
-33.299896
-32.799896
-32.443184
-32.120407
-31.764450
-31.484661
-31.145294
-30.806683
-30.591749
-30.208643
-30.012564
-29.768974
-29.275007
-28.656607
-28.273499
-28.026894
-27.524630
-27.056305
-26.679985
-26.422066
-26.126440
-25.750120
-25.509548
-25.195822
-24.825535
-24.536697
-24.087978
-23.863243
-23.575912
-23.276516
-22.996727
-22.721462
-22.373800
-21.999744
-21.595520
-21.189035
-20.869276
-20.652836
-20.456757
-20.078930
-19.641523
-19.166410
-18.844389
-18.452986
-18.028400
-17.839109
-17.645294
-17.472595
-17.280287
-16.871538
-16.578930
-16.520861
-16.221462
-15.824781
-15.457511
-15.163394
-14.904721
-14.546501
-14.290091
-14.055551
-13.860227
-13.519351
-13.143785
-12.910000
-12.673952
-12.446199
-12.067616
-11.811207
-11.617391
-11.416787
-11.126440
-10.998989
-10.705626
-10.505776
-10.384359
-10.192805
-10.090241
-9.987678
-10.036696
-9.988431
-9.958265
-9.979382
-9.884359
-9.795369
-9.494465
-9.455249
-9.271236
-9.014072
-8.692051
-8.394163
-7.965807
-7.550272
-7.307436
-7.116636
-6.916033
-6.747858
-6.436395
-6.031418
-5.680739
-5.372293
-5.156606
-5.124178
-4.909246
-4.632473
-4.274253
-4.020105
-3.793107
-3.556305
-3.357964
-3.094012
-2.805173
-2.420558
-2.124932
-1.960528
-1.922821
-1.720709
-1.353439
-1.100799
-0.900196
-0.783303
-0.689035
-0.612112
-0.515581
-0.454495
-0.352685
-0.184510
-0.073650
0.238567
0.577934
0.748371
0.795128
0.912021
1.127707
1.423333
1.631478
1.743846
2.065867
2.368281
2.692564
2.884872
3.142036
3.351689
3.371297
3.464057
3.669940
3.913529
4.020618
4.037964
4.017602
4.160136
4.465566
4.688039
5.001765
5.111116
5.375822
5.649578
5.911267
6.068130
6.170694
6.362247
6.413529
6.531930
6.693318
6.650332
6.766470
6.922579
7.074917
7.059834
7.095279
7.223484
7.430120
7.577179
7.747617
7.860739
7.919563
8.056064
8.307949
8.479140
8.628462
8.763454
8.925596
9.055309
9.073409
9.193318
9.301915
9.320769
9.418055
9.487436
9.504782
9.629970
9.721976
9.787587
9.804178
9.865264
9.951991
10.112624
10.304178
10.485173
10.547768
10.573409
10.777029
10.938416
11.107346
11.111116
10.962549
10.986682
10.962549
10.915792
10.948220
11.030422
11.040226
11.072655
11.127707
11.134495
11.171448
11.190302
11.056064
11.298899
11.451237
11.551538
11.484419
11.641282
11.764208
11.811720
11.834344
11.942941
12.199351
12.255158
12.313982
12.229517
12.199351
11.980649
11.810966
11.783062
11.847164
11.656365
11.614133
11.535702
11.491206
11.330573
11.329819
11.402217
11.463304
11.599804
11.875822
11.952745
11.947466
12.043242
12.291357
12.312473
12.219713
12.359231
12.489698
12.489698
12.421071
12.438416
12.584721
12.636757
12.817753
12.829819
12.819261
12.856215
12.847919
12.826802
12.879593
12.881855
12.960286
12.794374
12.801162
12.846410
12.764962
12.831327
12.946712
13.034947
13.107346
13.301915
13.447466
13.442941
13.301162
13.287587
13.322277
13.177481
13.191810
13.083213
13.059834
13.125445
13.187285
13.216697
13.363755
13.446712
13.427858
13.301915
13.423333
13.430875
13.379593
13.357722
13.484419
13.469337
13.537210
13.513077
13.537964
13.438416
13.399200
13.454253
13.508552
13.533439
13.412021
13.406742
13.384871
13.358477
13.377331
13.407496
13.508552
13.510815
13.471599
13.417300
13.471599
13.402217
13.421071
13.540980
13.526651
13.379593
13.300407
13.367526
13.482911
13.444449
13.402217
13.436153
13.410513
13.349427
13.328311
13.289095
13.130724
13.056817
13.039472
13.056817
13.086229
12.921071
12.840377
12.823031
12.917300
12.924088
13.022127
13.081704
13.002519
12.796637
12.678235
12.602820
12.688793
12.645053
12.628462
12.644299
12.620920
12.523635
12.633740
12.598295
12.626199
12.513077
12.598295
12.718205
12.599050
12.620920
12.785324
12.639020
12.652595
12.690302
12.560588
12.325294
12.088491
12.069638
11.970091
11.918808
11.789849
11.703876
11.569638
