0.064736
0.016471
-0.028024
0.105460
-0.059698
-0.078552
0.136380
0.192187
0.205762
0.144676
-0.018220
-0.125309
-0.199216
-0.045370
0.030799
-0.035566
-0.042353
-0.016712
-0.050649
-0.169050
-0.130588
-0.126817
-0.194691
-0.140392
-0.109472
0.091131
0.198220
0.247994
0.187662
0.208024
0.128839
0.084344
0.036078
0.026275
0.009683
0.138643
0.213303
0.085852
0.079065
-0.002383
-0.110226
-0.147934
-0.189412
-0.184133
-0.154721
-0.206757
-0.061961
-0.040090
-0.032549
0.069261
0.195204
0.131101
-0.043107
-0.095143
-0.223348
-0.288959
-0.132097
-0.128326
-0.174329
-1.352308
-8.616260
-32.697708
-90.691673
-195.441299
-299.750488
-388.643402
-462.769348
-519.401306
-558.442810
-583.637390
-596.256531
-597.862854
-592.331177
-582.677368
-567.217285
-548.796509
-529.733887
-509.586090
-489.420929
-470.055176
-450.847778
-432.195435
-414.653961
-398.084595
-382.302521
-367.340240
-352.674316
-338.417175
-324.371918
-310.394531
-296.424713
-282.694702
-268.988068
-255.469955
-242.424713
-229.556686
-216.891525
-204.372665
-191.910370
-179.752762
-167.823654
-155.883224
-144.047638
-132.452606
-121.157738
-110.145668
-99.587601
-89.111732
-78.861359
-68.775383
-58.726364
-48.950348
-39.630589
-30.612488
-21.841749
-13.160754
-4.774631
3.401840
11.527029
19.775143
27.541357
35.199730
42.683136
50.087360
57.152218
64.184647
71.067001
77.481026
83.747238
90.216316
96.708023
102.668808
108.394302
114.045883
119.646935
124.982536
130.038345
134.994598
139.785706
144.415421
148.705765
152.956894
156.790222
160.555679
164.502899
168.491577
172.143921
175.569260
178.882233
182.011185
184.849808
187.542114
190.169556
192.545135
194.770615
196.848297
198.860367
200.807571
202.824921
204.723862
206.480270
208.220840
209.763077
211.211792
212.607727
213.889771
215.032303
215.952362
216.820389
217.726883
218.381485
218.870926
219.236679
219.730652
220.128845
220.268356
220.481018
220.518738
220.588867
220.665039
220.423706
220.100937
219.742722
219.348297
219.056442
218.625824
218.131104
217.802292
217.235931
216.560211
215.692947
214.862625
214.097916
213.153732
212.081329
211.314362
210.313599
209.209534
208.094894
206.964432
205.640152
204.419937
203.124313
201.892029
200.476501
199.017975
197.339249
195.855087
194.413147
192.933517
191.471970
189.850555
188.255539
186.649948
185.107727
183.517227
181.996857
180.331711
178.447845
176.668060
174.918427
172.976501
171.218582
169.560959
167.907120
165.959915
164.231400
162.487061
160.889023
158.900330
156.899582
154.933517
153.149200
151.334717
149.705002
147.925217
146.047394
144.100937
142.125824
140.289474
138.543625
136.858093
135.082840
133.179367
131.300781
129.404861
127.467453
125.545128
123.735931
121.729897
119.887512
118.107719
116.145432
114.367149
112.547394
110.812851
108.925217
107.041359
105.413910
103.576805
101.755539
99.913155
97.944824
96.195206
94.390526
92.586609
91.036835
89.404106
87.632607
85.772881
83.965187
82.275894
80.483292
78.649956
76.873184
75.327934
73.768356
72.056442
70.381477
68.579063
66.741959
64.966698
63.192940
61.459156
59.866394
58.439548
56.860363
55.152973
53.392036
51.873184
50.505157
49.164284
47.657497
46.188416
44.625820
42.906364
41.186909
39.668808
38.196712
36.739697
35.319637
33.827179
32.337738
30.959156
29.516470
28.066244
26.628839
25.371674
24.122051
22.820393
21.427481
20.261568
19.042112
17.832458
16.613001
15.391282
14.192941
12.921448
11.702745
10.243469
8.804555
7.387511
6.310588
5.241207
3.959909
2.704253
1.495354
0.278160
-0.690920
-1.741448
-3.057436
-4.295747
-5.535565
-6.681870
-7.871161
-9.016712
-10.074781
-11.276893
-12.570256
-13.818371
-15.089110
-16.246727
-17.381720
-18.430738
-19.614752
-20.666033
-21.561960
-22.292730
-22.900574
-23.727119
-24.491825
-25.276138
-25.959396
-26.701479
-27.345520
-27.890015
-28.310829
-28.895294
-29.545370
-30.108719
-30.840996
-31.523499
-32.129833
-32.572517
-33.073273
-33.457134
-33.687149
-34.092125
-34.803288
-35.492580
-35.973724
-36.598160
-37.298763
-37.718071
-38.288960
-38.862110
-39.344013
-39.621540
-40.123802
-40.774632
-41.273876
-41.637375
-42.090618
-42.363621
-42.800270
-43.350044
-43.663017
-43.877949
-44.252762
-44.650196
-45.049896
-45.687149
-46.417919
-47.029533
-47.374931
-48.016712
-48.484283
-48.868145
-49.275383
-49.755775
-49.925461
-50.270107
-50.632851
-50.808567
-51.067242
-51.261810
-51.383984
-51.480515
-51.619274
-51.736168
-51.999367
-52.107208
-52.216560
-52.250496
-52.351555
-52.397556
-52.439034
-52.581570
-52.817616
-53.028778
-53.118523
-53.222595
-53.457134
-53.682625
-53.835716
-53.897556
-53.791222
-53.880966
-53.945824
-54.025761
-54.139637
-54.220333
-54.163773
-54.102684
-54.150196
-54.316109
-54.423950
-54.353062
-54.414146
-54.244465
-54.221840
-54.206757
-54.193184
-54.273121
-54.264072
-54.253513
-54.150951
-54.279911
-54.483528
-54.500122
-54.367390
-54.169048
-54.106457
-53.927723
-53.874180
-54.001629
-54.085339
-54.002384
-53.923950
-53.830437
-53.775383
-53.617012
-53.561207
-53.550648
-53.471462
-53.446575
-53.393787
-53.239941
-53.134357
-53.018219
-52.761055
-52.578552
-52.473724
-52.483528
-52.357586
-52.359097
-52.145672
-51.943558
-51.836472
-51.758038
-51.576290
-51.263317
-51.080059
-50.967693
-50.601933
-50.494087
-50.340996
-50.104195
-50.093636
-50.027271
-49.867390
-49.662262
-49.469200
-49.326668
-49.110226
-48.972973
-48.822895
-48.613243
-48.346275
-48.373425
-48.161507
-48.033302
-47.895294
-47.847782
-47.727875
-47.482021
-47.230137
-47.063469
-46.891525
-46.491825
-46.096653
-45.826668
-45.433754
-45.208267
-44.991070
-44.839489
-44.804043
-44.788204
-44.628326
-44.505398
-44.252762
-43.885490
-43.784435
-43.657738
-43.349293
-43.283680
-43.140392
-42.797256
-42.638130
-42.546124
-42.365128
-42.112488
-41.926968
-41.761810
-41.537075
-41.380211
-41.145672
-40.788204
-40.456379
-40.226364
-40.100422
-39.834209
-39.687149
-39.404343
-39.052910
-38.709774
-38.396049
-38.322895
-38.099667
-37.960903
-37.787453
-37.522743
-37.342503
-37.259548
-37.022743
-36.693184
-36.502384
-36.312336
-36.018974
-35.931492
-35.933002
-35.925461
-35.889259
-35.811584
-35.522743
-35.184887
-34.892277
-34.861359
-34.689411
-34.511433
-34.252762
-33.972218
-33.859097
-33.536320
-33.306305
-33.143410
-32.930740
-32.654720
-32.260303
-32.008415
-31.718824
-31.326666
-30.997858
-30.813847
-30.639639
-30.514450
-30.380966
-30.132097
-29.834963
-29.724102
-29.464676
-29.287451
-29.062716
-28.786697
-28.599669
-28.437527
-28.383228
-28.292730
-27.909622
-27.430738
-27.203741
-26.959396
-26.586847
-26.525763
-26.427723
-26.172821
-25.819880
-25.634359
-25.518221
-25.405098
-25.188658
-24.857586
-24.567993
-24.435265
-24.221087
-23.902081
-23.598913
-23.300272
-23.034811
-22.715807
-22.361357
-22.202232
-22.113997
-21.969200
-21.758793
-21.515957
-21.356079
-21.233906
-21.015203
-20.816862
-20.489563
-20.273876
-20.137375
-19.862865
-19.567240
-19.276894
-18.929985
-18.676592
-18.688658
-18.687149
-18.341749
-18.104948
-17.825912
-17.755022
-17.600422
-17.506908
-17.163017
-16.913393
-16.763319
-16.672821
-16.495596
-16.388506
-16.379457
-16.436018
-16.412640
-16.291222
-16.256531
-16.117767
-15.903590
-15.681116
-15.561207
-15.312338
-14.913394
-14.696953
-14.433756
-14.222594
-14.095143
-13.999367
-13.758039
-13.479758
-13.197707
-13.142654
-13.138130
-12.987300
-12.840996
-12.502383
-12.275385
-12.123801
-12.025762
-11.935264
-11.734661
-11.439034
-11.245973
-11.016712
-10.783680
-10.648687
-10.528024
-10.330438
-10.141147
-10.003891
-9.873424
-9.669050
-9.438280
-9.140392
-8.940543
-8.858341
-8.791976
-8.712790
-8.603439
-8.400573
-8.371916
-8.181870
-8.062715
-7.896048
-7.923198
-7.677345
-7.513695
-7.362866
-7.189412
-6.788205
-6.555173
-6.560452
-6.344012
-6.219578
-6.116260
-6.034811
-5.992579
-5.730890
-5.558190
-5.599668
-5.601176
-5.534057
-5.401327
-5.391523
-5.283680
-5.141901
-5.099668
-5.075535
-5.144917
-5.094389
-4.892278
-4.683379
-4.522745
-4.396048
-4.287451
-4.045370
-3.902081
-3.861357
-3.869653
-3.863620
-3.629834
-3.475988
-3.447330
-3.267843
-3.107964
-3.054419
-2.856078
-2.677346
-2.621538
-2.375686
-2.196953
-1.920181
-1.924706
-1.960151
-1.857587
-1.736169
-1.642655
-1.515958
-1.469201
-1.393032
-1.280664
-1.208265
-1.153967
-1.073273
-0.894540
-0.758039
-0.794992
-0.862866
-0.728627
-0.757285
-0.710528
-0.739940
-0.570256
-0.484284
-0.248235
-0.202986
-0.230890
-0.215807
-0.360603
-0.191674
-0.046124
0.077557
0.258552
0.429744
0.383741
0.355837
0.483288
0.774389
0.947089
1.039095
1.066998
1.234419
1.355083
1.452368
1.405611
1.453876
1.667300
1.830950
1.959155
1.996863
2.094902
2.165792
2.137134
2.159759
2.263831
2.357345
2.485551
2.480272
2.622805
2.674842
2.779668
2.919186
3.024012
2.996109
3.071523
3.004404
3.084344
3.141659
3.015717
3.008175
3.160513
3.462172
3.591885
3.582082
3.527783
3.625068
3.752519
3.812097
3.780422
3.797014
3.994600
4.037587
4.087360
4.155234
4.017225
4.058703
4.183137
4.196712
4.147692
4.083590
4.063982
4.076048
4.211795
4.280422
4.226878
4.174841
4.382987
4.493846
4.502896
4.545128
4.675596
4.743469
4.750257
4.864133
4.849804
4.702745
4.733665
4.769864
4.793997
4.818130
4.823409
4.947843
4.973484
5.008175
5.101689
5.235173
5.300030
5.309834
5.318130
5.186908
5.207270
5.313605
5.364887
5.410136
5.305309
5.439548
5.426727
5.340754
5.332458
5.478009
5.452368
5.279668
5.002142
4.702745
4.343771
4.198974
3.931252
3.847542
3.805309
3.755535
3.731403
3.836229
4.008929
4.045882
4.282685
4.534570
4.646184
4.644676
4.701237
4.826426
4.928989
4.898824
4.935777
4.886757
4.950860
5.295505
5.378461
5.441056
5.565490
5.595656
5.653726
5.698974
5.643921
5.566998
5.515717
5.564736
5.714811
5.717074
5.738190
5.978763
5.916169
5.934268
5.919940
5.979517
5.996863
6.008929
6.121297
6.073786
6.139397
6.054932
5.949351
6.029291
6.052670
6.115264
6.076802
6.129593
6.217074
6.263831
6.167300
6.297014
6.349050
6.408628
6.447843
6.418431
6.318884
6.509683
6.653726
6.734419
6.757044
6.614510
6.416923
6.467451
6.434268
6.528537
6.692187
6.898824
6.963680
6.987813
6.748748
6.693696
6.765339
6.668808
6.710287
6.561719
6.603198
6.685400
6.711040
6.723861
6.700483
6.579819
6.615264
6.744977
6.950860
6.978009
6.849050
6.747240
6.845279
6.928989
6.821900
6.769110
6.961418
6.808326
6.762323
6.843017
6.971976
6.906365
6.849050
6.846787
6.910890
6.902594
6.970468
6.817376
6.741961
6.695958
6.619789
6.695204
6.677104
6.644676
6.698220
6.800030
6.818130
6.944072
6.880724
6.805309
6.815867
6.869412
6.759306
6.588115
6.590377
6.598673
6.477255
6.528537
6.484797
6.336229
6.338492
6.128085
6.039095
5.764585
5.544374
5.514962
5.585098
5.698220
5.571523
5.460664
