0.234788
0.346470
0.406804
0.390116
0.337484
0.399101
0.505648
0.396534
0.093582
-0.218357
-0.208087
-0.169576
-0.294095
-0.419897
-0.314634
-0.312067
-0.285109
-0.183697
-0.151605
-0.202953
-0.159307
-0.093838
-0.104108
-0.152888
-0.064313
-0.089987
-0.208087
-0.220924
-0.346727
-0.263286
-0.193967
-0.043774
0.160334
0.250193
0.270732
0.261746
0.263030
0.189859
0.187291
0.069191
-0.041207
-0.129782
-0.226059
-0.133633
-0.070732
0.065340
0.177022
0.252760
0.137227
-0.092555
-0.259435
-0.327471
-0.217073
-0.218357
-0.007831
-0.070732
-0.206804
-0.200385
-0.097689
0.022978
-2.876894
-25.107960
-152.294098
-458.851227
-853.267151
-1245.249146
-1566.450684
-1807.353149
-1973.609863
-2082.115723
-2141.376221
-2165.564941
-2162.514893
-2137.887207
-2098.576416
-2048.437988
-1989.614990
-1927.372437
-1864.186279
-1801.078491
-1738.847412
-1677.624023
-1616.559814
-1558.224731
-1502.120850
-1447.308228
-1394.372437
-1342.683105
-1291.635498
-1242.137451
-1193.572632
-1145.281250
-1097.636841
-1050.784424
-1004.476379
-959.265869
-914.763916
-870.742126
-827.608582
-785.172119
-743.097717
-701.752380
-660.837097
-620.237610
-580.442993
-541.232483
-502.308228
-464.282532
-426.812714
-390.475098
-354.943634
-318.888458
-283.056610
-248.048904
-213.743393
-180.332611
-147.793457
-116.024521
-85.119514
-55.287678
-25.878178
3.080745
31.289988
58.678947
85.352890
111.544159
137.173172
162.093582
186.449173
209.857376
232.684082
255.156479
277.047363
298.678955
319.536469
339.609619
359.558289
379.115417
397.731567
415.616058
433.101288
450.381134
467.030670
483.233490
500.877930
518.337463
534.449158
549.854797
564.636597
578.472290
591.278442
602.831726
613.459412
623.699463
633.449158
643.261719
652.744446
661.833008
670.945984
679.662231
688.026855
695.904907
703.183411
710.132080
717.016541
723.482544
730.096130
736.442749
741.413208
745.998596
750.210388
754.311829
758.364441
762.815002
769.203979
776.857361
783.631470
789.087158
793.535156
795.912598
797.178284
798.097412
798.889465
799.444031
799.790649
799.555725
798.910034
798.085876
797.119263
796.021667
794.740540
793.264343
791.700745
790.137207
788.126953
785.680237
783.224548
780.558289
777.845825
774.945984
772.135925
769.035828
765.802185
762.273315
758.540283
754.549316
750.555725
746.506958
742.139771
737.644287
733.187317
728.686646
724.173157
719.544189
715.066650
710.431213
705.409363
700.423462
695.549316
690.562134
685.232239
679.420898
673.539001
667.685364
661.841980
655.992188
649.922852
643.876648
638.324646
632.601929
626.839417
621.313110
615.770081
609.874084
603.500488
596.970337
590.603210
584.146240
577.762390
571.518494
564.942078
558.404236
552.278442
546.183411
539.840698
533.318237
526.975464
520.396545
514.197571
507.940826
501.459442
494.695648
488.287415
481.716187
474.943390
468.164185
461.608337
455.369568
448.586517
441.640442
434.984467
428.423492
421.622467
414.749542
408.232208
401.912567
395.599365
389.406799
383.173157
377.358032
371.554443
365.347748
358.978058
352.722595
346.849670
340.723877
334.315674
327.621185
321.785492
315.654572
309.132080
302.809875
296.691772
290.442749
284.245056
278.219391
272.599365
267.016571
261.061493
255.182159
249.494095
244.065338
238.691788
233.142365
227.711044
222.418350
217.125671
211.717453
206.320801
200.821442
195.562134
190.214249
184.841980
179.433762
173.976761
168.659698
163.373428
158.220673
153.026825
148.065338
143.287415
138.569839
134.049942
129.684082
125.156479
120.573685
116.049934
111.571114
107.175735
102.373428
97.903595
93.731583
89.212967
84.655838
80.279716
76.020409
72.016563
67.832993
63.577534
59.533890
55.500515
51.438896
47.496662
43.503082
39.731579
35.942104
31.931835
27.841976
23.974197
20.209114
16.254044
12.284852
8.580103
4.705905
0.981900
-2.716431
-6.249166
-9.813993
-13.217073
-16.422464
-19.844801
-23.362131
-26.662516
-29.932093
-32.908985
-36.118229
-39.520027
-42.978306
-46.177280
-49.301796
-52.303082
-55.410912
-58.269703
-61.016815
-63.807575
-66.686905
-69.382668
-72.016815
-74.425034
-76.907700
-79.568810
-82.305649
-84.824265
-87.618874
-90.955200
-94.917969
-98.679207
-101.727982
-104.467392
-107.353142
-110.098976
-112.446854
-114.734406
-116.874329
-118.749809
-120.641975
-122.416046
-124.211937
-125.792168
-127.579079
-129.463547
-130.948776
-132.600891
-134.489212
-136.128494
-137.643265
-139.251740
-140.956482
-142.422470
-143.840942
-145.632996
-147.159302
-148.258148
-149.341599
-150.659943
-152.106674
-153.382675
-154.520020
-155.870468
-157.303085
-158.559814
-159.451996
-160.322342
-161.385239
-162.636841
-163.606033
-164.439148
-165.441727
-166.491791
-167.451996
-168.140045
-169.038635
-170.091278
-171.242752
-172.218353
-172.910263
-173.586777
-174.401932
-175.137482
-175.697174
-176.616302
-177.398071
-177.747238
-178.265854
-178.961624
-179.493073
-179.840942
-180.344162
-181.006546
-181.368546
-181.973175
-182.621445
-183.065598
-183.478943
-184.169571
-184.600891
-184.730545
-184.783188
-185.265854
-185.632996
-185.810135
-186.001419
-186.073303
-186.306931
-186.412201
-186.724136
-186.902573
-186.653534
-186.517456
-186.803726
-186.934662
-187.128494
-187.141342
-187.381393
-187.527725
-187.701035
-187.879456
-187.899994
-187.880737
-188.034790
-188.192688
-188.410904
-188.625290
-188.793457
-188.620148
-188.462265
-188.422470
-188.288956
-188.036072
-187.875610
-187.765213
-187.285110
-186.975739
-186.677917
-186.473816
-186.416046
-186.107956
-185.797302
-185.505905
-185.262009
-184.925674
-184.441727
-184.096405
-183.499481
-183.227341
-182.977020
-182.722855
-182.196533
-181.626572
-180.907700
-180.532867
-180.161880
-179.857635
-179.419891
-179.027084
-178.575226
-177.811432
-177.268417
-176.891022
-176.649673
-176.490494
-175.983444
-175.364700
-174.978302
-174.617584
-174.009109
-173.434021
-172.739532
-171.998840
-171.493073
-171.227341
-170.706161
-169.971893
-169.425034
-168.761368
-168.082291
-167.427597
-166.978302
-166.367264
-165.747238
-165.098969
-164.405777
-163.736969
-163.572662
-162.991150
-162.046341
-161.265854
-160.731842
-159.889725
-159.224777
-158.701035
-158.100250
-157.440430
-156.893585
-156.353149
-155.734406
-155.047623
-154.390366
-153.554688
-152.762650
-152.046341
-151.250443
-150.523880
-149.849930
-148.969315
-148.006546
-147.140045
-146.322342
-145.785751
-145.353149
-144.779327
-143.821701
-143.077148
-142.331329
-141.539276
-140.659943
-140.086136
-139.482803
-138.790878
-138.052765
-137.036072
-136.199097
-135.579071
-134.917969
-134.218353
-133.517456
-132.586777
-131.924393
-131.362137
-130.603470
-129.507187
-128.778046
-128.083572
-127.430168
-126.900002
-126.196533
-125.241463
-124.431450
-123.766495
-122.921822
-122.337738
-121.489220
-120.540565
-120.046341
-119.163155
-118.052757
-117.350578
-116.843521
-116.175995
-115.000130
-113.971886
-113.145187
-112.503334
-111.770348
-111.149040
-110.314636
-109.585495
-108.829399
-108.127213
-107.265854
-106.376251
-105.589348
-104.941078
-104.060463
-103.095123
-102.423752
-101.481514
-100.562386
-99.719002
-98.934662
-98.314636
-97.487930
-96.617584
-95.694611
-94.739540
-94.034790
-93.603462
-93.446854
-93.152885
-93.032219
-92.900002
-92.394226
-91.975739
-91.467392
-90.697174
-89.747238
-88.906418
-88.087418
-87.158020
-86.444290
-85.595764
-84.778046
-84.073296
-83.356995
-82.754944
-81.956482
-80.998848
-80.064316
-79.377533
-78.423752
-77.529015
-76.752373
-76.161873
-75.331322
-74.661232
-73.925674
-73.190117
-72.419899
-71.523880
-70.670219
-70.089989
-69.412193
-68.649681
-67.849937
-67.003983
-66.242744
-65.541847
-64.667648
-64.043777
-63.445572
-62.611168
-61.856354
-60.869190
-60.038639
-59.313351
-58.443005
-57.747238
-57.025803
-56.330040
-55.608601
-55.003979
-54.546982
-54.021950
-53.440437
-52.766495
-51.955200
-51.051476
-50.260719
-49.609886
-48.897434
-48.073299
-47.348011
-46.588062
-45.798588
-45.060463
-44.562389
-44.101540
-43.600899
-42.939796
-42.182415
-41.372402
-40.727985
-40.047626
-39.562389
-39.011681
-38.606033
-38.052761
-37.382671
-36.765213
-36.158024
-35.557255
-34.793453
-34.083569
-33.441719
-32.914120
-32.269703
-31.690758
-31.063030
-30.743389
-30.281258
-29.925674
-29.227343
-28.476379
-27.816559
-27.161875
-26.802439
-26.609884
-26.240179
-25.802439
-25.214506
-24.544416
-23.852503
-23.192682
-22.615019
-22.213223
-21.844801
-21.354429
-20.573940
-20.015533
-19.711296
-19.466110
-19.123363
-18.568806
-17.788319
-17.350578
-17.068165
-16.742105
-16.255585
-15.903852
-15.475097
-14.885880
-14.432734
-13.951348
-13.526444
-13.268421
-12.694609
-12.045057
-11.581643
-11.155456
-10.921823
-10.627856
-10.341592
-10.119513
-9.514891
-8.971887
-8.835815
-8.504622
-7.938511
-7.323620
-6.880744
-6.674069
-6.441720
-6.105392
-5.600899
-5.378819
-5.288960
-5.064313
-4.585494
-4.285109
-4.065597
-3.683055
-3.101540
-2.681772
-2.517458
-2.676637
-2.390372
-2.204236
-2.083569
-1.894865
-1.477664
-1.087420
-1.020668
-0.724133
-0.408344
0.053787
0.251476
0.675096
1.243774
1.648139
1.915148
2.029397
2.419641
2.806033
3.256611
3.469705
3.790629
4.188575
4.500514
4.643004
4.852246
5.369576
5.798331
6.153915
6.277150
6.505648
6.925417
7.378562
7.545443
7.816303
7.992169
8.234788
8.505649
8.901027
9.112837
9.236072
9.428626
9.965212
10.363158
10.411939
10.672529
10.841977
11.174455
11.459435
11.723877
11.752118
11.875353
12.179589
12.528755
12.958794
13.166752
13.405519
13.734146
13.817587
14.019127
14.305391
14.462003
14.618613
14.781643
14.832991
15.200129
15.419641
15.519769
15.555713
15.601926
15.699487
15.771374
15.898459
16.043518
16.265596
16.477407
16.942104
17.393967
17.494095
17.574968
17.650705
17.777792
18.047369
18.307959
18.528755
18.645571
18.786777
18.816303
18.947241
19.060205
19.305391
19.608343
19.785494
19.668678
19.816303
19.926701
20.102568
20.340052
20.445314
20.428627
20.488960
20.535173
20.752117
20.942104
21.051220
21.368292
21.658409
21.820154
21.967779
22.229654
22.263029
22.391399
22.565983
22.576252
22.554428
22.490244
22.627600
22.852247
22.800900
22.605776
22.495378
22.503080
22.549294
22.628883
22.872786
22.822721
22.958794
23.083311
23.038383
23.040951
23.197561
23.228369
23.192427
23.381130
23.523621
23.515919
23.817587
24.037098
23.899744
23.816303
23.876637
23.820154
23.822721
24.038383
24.292555
24.254044
24.046085
23.981899
24.052504
23.972914
23.811169
23.650705
23.619898
23.671246
23.776508
23.952375
24.241207
24.472273
24.491528
24.415789
24.560846
24.623749
24.582670
24.410654
24.332350
24.192427
24.100000
23.806034
23.785494
23.993454
24.114120
24.293839
24.379847
24.327215
24.402952
24.370859
24.242491
24.375996
24.482542
24.432478
24.423492
24.382414
24.504364
24.617331
24.677664
24.568550
24.721310
24.967779
24.952375
25.017843
25.384981
25.346470
25.401669
25.455584
25.399101
25.148781
25.272015
25.437613
25.327215
25.590372
25.808601
25.811169
25.587805
25.401669
25.358023
25.473557
25.438896
25.456867
25.476124
25.678947
25.847111
25.754686
25.847111
25.872786
25.401669
24.390116
23.212965
21.889473
20.809885
20.101284
19.559563
19.224518
19.012709
18.797047
18.723877
18.662260
18.746983
18.938253
19.112837
19.359306
19.560846
19.691784
20.006290
20.479975
20.822721
21.003723
20.921566
20.885622
20.917715
21.141079
