0.059406
0.137962
0.059406
-0.054183
-0.014904
0.081699
0.033928
0.061529
0.061529
-0.031890
-0.108323
-0.042505
-0.046752
0.051975
0.124161
0.235626
0.308875
0.119915
0.071083
0.133715
0.238811
0.067898
0.058344
-0.053121
-0.131677
0.043482
0.244119
0.206964
0.037113
0.010573
-0.072229
-0.041444
-0.018089
0.078514
0.200594
0.168747
0.064713
-0.038259
-0.198556
-0.241019
-0.191125
-0.200679
-0.331253
-0.250573
-0.131677
-0.057367
-0.126369
-0.220849
-0.197495
-0.160340
0.016943
0.088068
0.036051
0.011635
-0.062675
-0.097707
-0.142293
-0.134862
-0.247389
-1.396008
-8.411932
-33.201740
-99.811081
-225.185822
-350.478821
-458.250580
-548.419373
-614.900269
-659.190063
-686.692200
-699.660339
-699.823792
-691.836548
-678.011719
-658.973511
-637.503235
-615.406616
-590.907715
-566.887512
-544.130615
-521.590271
-500.498993
-480.663513
-461.015961
-442.092407
-424.073303
-406.464996
-388.911926
-371.898132
-355.353546
-338.761200
-322.432098
-306.037201
-290.105133
-274.358856
-258.488373
-243.232529
-228.761185
-214.409805
-200.436356
-186.589218
-172.836563
-159.336563
-146.060547
-133.053116
-120.375839
-108.086029
-96.031891
-84.092400
-72.338684
-61.052059
-49.840805
-38.678387
-27.914055
-17.443779
-7.073291
3.034989
12.812059
22.068960
31.047728
40.041359
48.911846
57.479786
65.874695
73.919281
81.667686
89.146454
96.331169
103.454308
110.433075
117.354523
124.334351
130.886368
137.085938
143.223953
149.031799
154.725006
160.248367
165.670868
170.613541
175.256851
179.688919
183.908661
188.233505
192.439453
196.199539
199.856644
203.711212
207.643265
211.057281
214.449005
217.841782
220.937332
223.623093
226.061523
228.722885
231.452194
233.938385
236.083817
237.834351
239.412903
241.023315
242.804626
244.011627
245.022247
246.215454
247.367264
248.074265
248.841782
249.577454
250.206970
250.786575
251.373627
251.736694
251.981918
252.321609
252.515884
252.619919
252.515884
252.226074
252.250488
252.008453
251.704834
251.039230
250.398041
249.722885
248.877884
247.924591
247.041351
246.159195
245.204834
244.506332
243.355591
242.287643
241.051971
240.112488
239.042419
237.608231
236.145386
234.782333
233.447937
231.924591
230.321609
228.574265
227.142212
225.695282
223.945816
222.308868
220.641144
219.145386
217.407608
215.475540
213.671936
211.967056
210.072144
207.829041
205.794006
203.896988
201.915039
199.867264
198.056213
196.010574
193.878937
191.838593
189.829041
187.677246
185.643265
183.734558
181.727127
179.584885
177.378937
174.980850
172.643265
170.424591
168.178299
165.906540
163.876816
161.913971
159.625229
157.395920
155.022247
152.728195
150.796143
148.722885
146.490402
144.342850
142.246246
140.012695
137.556213
135.238815
132.927765
130.839661
128.704834
126.481911
124.186790
121.947937
119.790825
117.650703
115.371506
113.163437
111.107178
109.115669
107.084885
104.984032
102.933075
100.912910
99.005264
96.971298
94.925644
93.053040
91.275963
89.427773
87.521187
85.543480
83.565773
81.837540
80.045609
78.225014
76.314186
74.269600
72.199532
70.006325
67.997833
66.233505
64.503143
62.964924
61.244118
59.352398
57.505264
55.765350
54.078514
52.612484
51.171932
49.697411
48.180424
46.542419
44.783398
43.044544
41.338600
39.700596
37.963863
36.302505
34.754734
33.320553
31.785521
30.246243
28.693163
27.015881
25.254734
23.753674
22.218641
20.648577
18.994650
17.484034
16.051975
14.562591
13.051974
11.580637
10.151762
8.869384
7.557282
6.334352
5.315244
4.211210
2.883185
1.555159
0.357707
-0.892824
-2.348238
-3.584968
-4.460764
-5.329130
-6.425733
-7.544629
-8.842930
-9.956518
-10.843991
-11.773928
-12.904501
-13.881146
-14.700680
-15.739958
-17.113630
-17.988365
-18.805775
-19.777113
-20.849298
-21.784544
-22.814268
-24.140169
-25.298344
-26.196434
-27.189003
-28.071167
-28.929979
-29.666710
-30.472441
-31.641232
-32.483059
-33.172016
-33.863098
-34.554184
-35.355667
-36.286667
-37.116814
-37.948025
-38.646538
-39.698555
-40.648663
-41.207050
-41.559490
-42.412994
-43.086029
-43.636986
-44.149723
-44.769680
-45.341869
-45.995796
-46.467133
-46.833374
-47.268620
-47.936348
-48.521275
-48.970318
-49.301529
-49.772865
-50.274990
-50.791973
-51.276051
-51.644417
-52.047813
-52.369469
-52.943779
-53.597706
-53.961826
-53.937408
-54.197495
-54.733589
-55.286667
-55.530827
-55.741020
-56.113632
-56.396008
-56.567982
-56.794098
-56.951210
-57.293037
-57.722973
-58.124245
-58.489426
-58.974564
-59.696434
-60.500042
-61.247387
-61.576477
-61.932102
-62.179447
-63.010658
-64.611511
-66.536133
-68.159279
-69.544632
-70.669891
-71.229340
-71.381149
-71.262253
-71.281357
-71.583908
-71.829132
-71.995796
-71.781357
-71.465012
-71.338684
-71.015968
-70.739960
-70.294098
-70.225098
-70.090279
-69.763313
-69.313210
-68.903442
-68.716606
-68.561615
-68.295158
-68.073288
-67.852486
-67.618935
-67.217667
-67.144417
-67.077538
-66.656090
-66.241020
-65.747391
-65.488365
-65.242081
-64.942719
-64.847176
-64.476685
-64.114693
-63.852486
-63.432102
-62.993671
-62.538258
-62.284542
-62.038258
-61.876900
-61.703865
-61.562675
-61.414055
-61.063736
-60.747387
-60.282421
-59.984119
-60.007473
-59.824883
-59.616814
-59.400253
-59.173080
-58.822762
-58.552059
-58.544628
-58.494736
-58.234650
-57.722973
-57.274990
-56.900253
-56.485180
-56.373714
-56.348236
-56.248451
-56.098770
-55.994736
-55.550999
-54.994736
-54.672016
-54.742081
-54.555244
-54.130615
-53.679447
-53.485180
-53.340805
-53.015965
-52.805775
-52.376900
-51.938473
-51.524460
-51.193249
-50.904503
-50.588154
-50.310020
-50.104076
-49.801529
-49.488365
-49.181572
-48.932102
-48.682632
-48.580723
-48.562675
-48.506413
-48.316391
-48.212357
-47.549938
-47.135925
-46.845055
-46.686878
-46.416180
-46.130615
-45.904503
-45.623184
-45.476688
-45.402378
-45.095585
-44.904503
-44.885391
-44.780296
-44.720848
-44.495796
-44.113632
-43.833374
-43.461826
-43.328068
-43.035076
-42.646538
-42.362038
-42.090275
-41.760128
-41.587090
-41.342930
-40.996857
-40.607262
-40.424671
-40.474564
-40.230404
-39.943779
-39.838684
-39.857792
-39.799404
-39.508533
-39.170956
-38.884331
-38.767559
-38.731464
-38.339745
-37.801529
-37.274990
-37.069046
-36.596645
-36.025520
-35.979874
-35.887516
-35.699619
-35.534012
-35.422546
-35.259068
-35.078598
-34.742081
-34.398132
-34.007473
-33.771805
-33.659279
-33.302589
-33.073292
-32.981995
-32.736774
-32.472443
-32.095585
-31.834436
-31.558430
-31.141232
-30.820637
-30.501104
-30.327007
-30.332314
-30.231464
-30.087091
-29.849298
-29.463949
-29.026581
-28.885393
-28.571167
-28.356730
-28.364161
-28.366285
-28.079660
-27.435287
-27.026581
-26.866285
-26.796221
-26.544628
-26.283482
-26.062675
-25.683695
-25.325945
-25.103014
-24.926794
-24.759066
-24.665648
-24.320637
-23.909809
-23.705988
-23.744204
-23.680510
-23.416178
-23.187941
-22.961826
-22.651848
-22.287727
-21.829130
-21.463949
-21.233587
-21.009596
-20.903439
-20.765436
-20.550999
-20.218725
-19.925732
-19.554182
-19.489428
-19.412994
-19.323822
-19.159279
-18.935287
-18.787727
-18.594522
-18.343992
-18.003227
-17.783482
-17.800467
-17.614693
-17.452272
-17.230404
-16.969257
-16.627432
-16.388578
-16.245266
-16.221910
-16.304714
-16.092400
-15.749512
-15.564798
-15.537197
-15.470319
-15.266497
-15.013843
-14.699617
-14.689002
-14.529766
-14.283482
-13.973503
-13.805775
-13.592400
-13.301529
-13.220849
-13.299405
-13.277113
-12.946964
-12.708111
-12.599830
-12.393886
-12.191125
-11.852484
-11.841868
-11.782420
-11.598768
-11.391762
-11.337622
-11.263312
-10.937409
-10.621061
-10.481996
-10.456518
-10.526582
-10.433164
-10.342930
-10.352484
-10.229342
-10.059490
-9.867346
-9.879024
-9.728280
-9.469257
-9.277113
-8.917240
-8.743142
-8.611507
-8.270743
-8.319575
-8.249512
-8.139109
-8.021274
-7.831253
-7.674140
-7.618938
-7.401316
-7.310021
-7.282420
-7.181571
-6.948026
-6.812144
-7.576476
-9.386455
-11.866284
-14.320637
-14.841868
-14.692187
-14.509597
-14.478811
-14.572229
-14.661402
-14.627431
-14.443779
-14.134862
-14.049936
-13.909809
-13.627431
-13.304713
-13.297282
-13.245265
-13.184756
-13.025520
-12.821698
-12.517028
-12.453333
-12.411932
-12.396008
-12.284544
-12.094522
-11.725096
-11.387516
-11.055244
-10.720849
-10.374777
-10.057367
-9.707048
-9.410871
-8.966072
-8.471380
-8.126369
-7.813206
-7.402378
-7.190063
-6.899193
-6.737834
-6.375839
-5.901316
-5.527643
-5.234650
-4.973503
-4.701741
-4.455456
-4.183694
-4.059491
-3.834437
-3.449087
-3.139108
-2.814267
-2.479873
-2.160340
-1.718726
-1.474565
-1.256943
-1.031890
-0.891762
-0.512781
-0.252696
0.102930
0.402293
0.712272
0.947941
1.287643
1.643270
1.922463
2.084883
2.332229
2.602930
2.805690
2.908662
3.126285
3.229257
3.508450
3.600807
3.765350
3.994650
4.156009
4.317367
4.371508
4.468111
4.686794
4.991465
5.244119
5.349215
5.231380
5.046667
4.884246
4.973418
5.249427
5.572145
5.627346
5.769597
5.951125
6.264289
6.547728
6.548790
6.712272
6.995711
7.248365
7.338599
7.214395
7.285520
7.495711
7.804628
8.255796
8.573206
8.611423
8.691040
8.641147
8.686794
8.761104
8.904416
9.127346
9.195287
9.315244
9.575329
9.705902
9.777027
9.760042
9.789766
9.874692
9.917155
9.858768
9.629469
9.664501
9.843906
9.998896
10.113545
10.142208
10.257919
10.262166
10.076390
10.046667
10.130530
10.168747
10.024374
10.097622
10.117792
10.004204
10.078514
10.212272
10.305690
10.306751
10.275966
10.403355
10.272781
9.936263
9.719703
9.573206
9.447941
9.502081
9.427771
9.108238
9.095499
9.139024
9.066836
9.065775
9.037112
8.968110
8.961741
9.170871
9.304628
9.440510
9.235626
8.953248
8.837537
8.868322
9.130530
9.373631
9.494650
9.553036
9.554098
9.556221
9.465987
9.412909
9.439448
9.400170
9.473418
9.539236
9.485096
9.471295
9.424586
9.360891
9.237749
9.240934
9.491465
9.644331
9.685733
9.953248
9.979788
9.774904
9.778090
9.787643
9.691040
9.660254
9.824799
10.004204
10.064713
9.977665
9.904416
9.668747
9.594438
9.404416
8.952187
8.551974
8.366199
8.263227
8.231380
8.117792
8.057282
8.002081
7.874692
7.834352
7.949002
7.985096
7.988280
8.030743
8.037112
8.057282
8.187856
8.288705
8.386370
8.400170
8.376815
8.361954
8.297197
8.205902
8.330106
8.503142
8.541359
8.671932
8.627346
8.650701
8.581698
8.549851
8.518004
8.590191
8.619915
8.836475
8.988280
9.034989
8.955372
8.899108
8.870446
8.898046
8.871508
8.772781
8.824799
8.899108
8.863015
8.763227
8.728195
8.769597
8.758981
8.733503
8.797197
8.910786
8.885308
9.019066
9.064713
8.957495
9.019066
8.987219
9.002081
8.957495
9.026497
9.046667
8.904416
8.819490
8.869384
8.950064
8.992527
8.795074
8.882123
8.942633
9.046667
9.151762
8.996773
8.975541
8.932017
8.836475
8.779151
8.813121
8.721826
8.719703
8.702718
8.576390
8.453248
8.342845
8.316306
8.033928
8.027558
8.256858
8.188917
8.197410
8.247304
8.176178
