0.096449
0.155875
0.086898
-0.070159
-0.030187
0.023580
0.031362
0.043035
0.022519
0.040205
0.035607
-0.000828
0.030301
0.113781
0.051171
-0.158946
-0.167789
-0.140198
-0.115437
-0.067683
0.098571
0.078408
0.048341
0.053293
0.096449
0.090081
0.023226
-0.060255
-0.124280
-0.125341
-0.099519
-0.060962
-0.126756
-0.236059
-0.273555
-0.042922
0.074163
0.100340
0.112720
0.025348
-0.016392
0.102108
0.128284
0.044096
0.012614
0.015798
0.027117
-0.015684
-0.011793
0.083007
0.079116
0.089728
0.138543
0.093265
0.058245
-0.063085
-0.158946
-0.300792
-0.792480
-3.294071
-12.392056
-36.272141
-87.722084
-175.452545
-258.851562
-326.338654
-385.131714
-429.485077
-458.801331
-477.707947
-487.331573
-487.760284
-482.234283
-472.699463
-459.168152
-443.500641
-427.690247
-410.807343
-392.804871
-376.358093
-360.969696
-345.925842
-331.498535
-317.724213
-304.523285
-291.746857
-279.208466
-267.171692
-255.449356
-243.987030
-232.901077
-221.732346
-210.523636
-199.886932
-189.274963
-178.548401
-168.152573
-157.964386
-147.815826
-137.953079
-128.354919
-118.762413
-109.295486
-100.104828
-90.985970
-82.051765
-73.396652
-65.105530
-56.835281
-48.677872
-40.783283
-32.912395
-25.060963
-17.444054
-9.902491
-2.478366
4.560545
11.383678
18.361748
25.274376
31.643318
37.731750
43.731750
49.611481
55.050816
60.426479
65.686829
70.723259
75.696732
80.617493
85.180992
89.640488
94.085838
98.369179
102.428955
106.514557
110.470345
114.352547
118.118027
121.698502
125.078056
128.416580
131.569748
134.513504
137.183472
139.684708
142.274734
144.789413
147.190536
149.611481
151.916397
153.958496
155.966629
157.975479
160.037369
161.862991
163.474594
164.992447
166.456543
167.818420
169.126511
170.296661
171.386505
172.483429
173.402786
174.086899
174.683289
175.263062
175.920990
176.401016
176.712997
176.943985
177.263763
177.595566
177.832916
177.976883
177.905792
177.818420
177.901901
178.058594
178.062134
177.929840
177.791534
177.492981
176.961670
176.489090
176.124039
175.573639
174.974060
174.388992
173.700623
172.990326
172.396408
171.864761
171.208939
170.350784
169.282150
168.494400
167.722198
166.893051
165.932678
164.905075
163.841049
162.758286
161.541092
160.291000
158.914276
157.590256
156.365280
155.122269
153.971939
152.692490
151.277908
150.017914
148.867233
147.694962
146.421524
144.982895
143.474594
142.034897
140.627045
139.235825
137.796127
136.408081
134.971222
133.531540
132.127930
130.711594
129.213882
127.689301
126.231575
124.795776
123.380142
121.907913
120.270134
118.570801
116.851311
115.313637
113.747665
112.151634
110.553825
108.928780
107.359627
105.847420
104.276146
102.813820
101.471756
100.074165
98.520927
96.962738
95.420464
93.967690
92.470695
90.862984
89.320007
87.845299
86.375542
84.835396
83.355377
81.908974
80.446289
79.007660
77.639076
76.171440
74.653221
73.125809
71.713005
70.203278
68.461853
66.912506
65.600868
64.224503
62.830090
61.507839
59.994221
58.515266
57.085484
55.489445
53.981133
52.539322
51.212120
49.907909
48.504303
47.022518
45.412331
43.879257
42.573986
41.295246
40.124393
38.853790
37.600517
36.326019
35.053646
33.825138
32.845654
31.749792
30.570095
29.225206
27.974764
26.872183
25.836809
24.538260
23.293831
22.114843
20.850250
19.480247
18.249615
17.214241
16.184528
15.161181
14.124747
12.942575
11.860509
10.919936
9.932317
8.983254
7.902957
6.814878
5.846006
4.889515
4.031362
3.185943
2.199031
1.245723
0.441337
-0.482611
-1.500651
-2.407266
-3.149749
-3.964040
-4.898953
-5.672918
-6.370478
-7.090322
-7.883035
-8.671857
-9.464570
-10.334750
-11.056717
-11.712183
-12.368709
-13.073342
-13.677517
-14.334044
-15.028772
-15.668320
-16.372953
-17.152225
-17.804506
-18.436272
-19.073343
-19.722088
-20.301500
-21.054949
-21.814411
-22.434504
-22.936094
-23.523643
-24.095629
-24.674686
-25.157532
-25.658062
-26.218019
-26.736589
-27.137722
-27.455374
-27.881973
-28.461740
-29.037970
-29.549820
-30.058132
-30.607477
-31.052473
-31.538855
-32.140198
-32.553356
-32.966869
-33.312820
-33.751801
-34.241718
-34.624104
-35.093151
-35.457142
-35.803799
-36.160713
-36.578472
-36.840233
-37.133831
-37.582008
-37.916286
-38.224739
-38.418938
-38.700508
-39.073341
-39.361633
-39.767365
-40.021343
-40.200687
-40.458202
-40.876312
-41.175926
-41.469521
-41.772671
-42.116852
-42.357391
-42.479073
-42.582363
-42.688484
-42.833160
-42.975361
-43.198563
-43.450420
-43.664429
-43.836697
-43.915932
-43.982788
-44.055302
-44.083599
-44.216957
-44.284519
-44.337227
-44.384979
-44.453957
-44.556541
-44.727394
-44.933971
-45.052120
-45.148335
-45.290180
-45.411510
-45.456787
-45.444408
-45.430260
-45.522583
-45.577057
-45.602524
-45.571396
-45.516922
-45.591915
-45.634007
-45.641438
-45.672211
-45.646389
-45.790005
-45.934326
-45.780098
-45.740482
-45.649925
-45.645329
-45.660538
-45.684944
-45.671150
-45.599697
-45.465984
-45.322369
-45.286644
-45.364109
-45.375782
-45.380737
-45.283104
-45.149040
-45.089615
-45.122158
-45.139843
-45.087494
-45.083248
-45.012856
-44.918053
-44.905674
-44.906029
-44.860397
-44.815826
-44.731636
-44.620567
-44.435211
-44.298317
-44.218018
-44.149750
-44.018513
-43.925838
-43.859688
-43.698032
-43.546989
-43.424599
-43.268955
-43.121449
-43.026649
-42.869240
-42.655941
-42.555832
-42.422829
-42.262943
-41.983849
-41.916286
-41.838818
-41.568920
-41.340763
-41.160713
-40.993401
-40.861458
-40.822548
-40.654877
-40.522938
-40.455727
-40.266479
-39.927250
-39.711475
-39.607479
-39.596157
-39.427429
-39.223679
-39.064499
-38.995522
-38.906029
-38.894356
-38.744724
-38.426720
-38.191841
-38.085724
-37.889050
-37.649570
-37.465630
-37.341473
-37.246319
-37.116852
-36.839172
-36.557602
-36.374722
-36.256577
-36.049644
-35.833866
-35.657352
-35.419292
-35.152580
-34.902843
-34.581303
-34.307865
-34.192551
-33.929375
-33.747555
-33.566090
-33.305744
-33.196087
-32.964748
-32.711121
-32.459618
-32.182648
-31.908150
-31.757814
-31.472706
-31.246672
-31.083601
-30.979605
-30.862873
-30.783991
-30.668673
-30.537439
-30.539207
-30.334044
-30.053534
-29.715366
-29.586254
-29.525059
-29.500650
-29.348900
-29.120035
-29.031956
-28.842003
-28.588022
-28.310698
-28.095629
-27.950951
-27.793541
-27.624104
-27.392408
-27.156824
-26.970760
-26.985971
-26.916994
-26.811935
-26.647097
-26.405497
-26.123219
-25.849430
-25.560785
-25.286997
-25.149750
-25.033371
-24.853676
-24.675749
-24.462448
-24.239243
-24.065207
-23.872776
-23.742603
-23.595451
-23.366587
-23.151518
-22.953074
-22.720318
-22.465279
-22.197149
-21.932203
-21.732698
-21.627287
-21.385334
-21.041153
-20.771963
-20.591913
-20.468107
-20.288057
-20.088907
-19.856152
-19.667967
-19.516922
-19.303621
-19.057072
-18.932911
-18.842710
-18.721733
-18.563969
-18.356329
-18.157885
-17.955196
-17.832098
-17.766657
-17.638252
-17.493576
-17.176632
-16.924776
-16.751093
-16.590853
-16.446529
-16.192551
-15.957318
-15.738005
-15.447945
-15.269664
-15.268956
-15.146212
-14.961209
-14.810166
-14.647096
-14.534963
-14.391348
-14.260820
-14.086784
-13.817241
-13.667966
-13.588022
-13.430965
-13.296548
-13.088200
-12.948476
-12.815473
-12.698741
-12.640375
-12.573520
-12.492868
-12.272141
-12.066976
-11.957672
-11.863580
-11.574581
-11.296548
-11.095982
-10.961563
-10.725624
-10.482257
-10.311050
-10.254100
-10.175571
-10.045044
-9.881974
-9.740128
-9.592975
-9.431319
-9.319894
-9.246318
-9.315649
-9.417524
-9.459618
-9.421062
-9.366940
-9.278861
-9.123926
-8.954843
-8.753922
-8.630470
-8.535316
-8.521874
-8.367648
-8.291595
-8.174156
-8.047521
-7.842710
-7.630824
-7.509494
-7.276385
-7.150810
-6.952013
-6.634362
-6.466339
-6.434503
-6.352084
-6.144443
-5.976420
-5.963686
-5.935034
-5.748971
-5.558663
-5.476951
-5.392409
-5.244195
-5.078649
-4.997291
-4.838111
-4.671857
-4.546636
-4.447591
-4.316357
-4.153286
-3.943877
-3.832805
-3.713244
-3.472352
-3.312465
-3.213774
-2.983495
-2.706169
-2.629763
-2.592975
-2.675394
-2.713244
-2.883743
-2.977481
-3.003304
-2.984202
-2.834928
-2.646035
-2.506310
-2.401960
-2.276031
-2.092091
-1.931496
-1.793541
-1.699802
-1.565384
-1.403728
-1.311051
-1.208468
-1.104825
-1.021344
-0.911687
-0.933972
-0.950952
-0.842356
-0.675394
-0.589438
-0.539208
-0.380382
-0.274616
-0.105179
0.096095
0.316470
0.316823
0.452303
0.582830
0.618910
0.710881
0.864754
1.066381
1.177453
1.141019
1.190187
1.287464
1.419760
1.553824
1.562313
1.516682
1.491213
1.660651
1.755451
1.841408
1.931256
1.998819
2.038790
2.091496
2.177807
2.274376
2.203983
2.086544
1.990329
1.876074
1.674446
1.536137
1.564790
1.539321
1.552763
1.535430
1.519512
1.415161
1.522695
1.639427
1.672678
1.818769
2.021457
2.141372
2.138896
2.265179
2.353612
2.466098
2.666311
2.783042
2.935147
2.997050
3.142787
3.061783
3.055062
3.264471
3.397828
3.477772
3.559837
3.580000
3.664188
3.673385
3.723261
3.835041
3.842115
4.015090
4.172501
4.197616
4.175684
4.053293
4.098571
4.221670
4.210350
4.346183
4.448058
4.391107
4.292416
4.282512
4.293831
4.276145
4.416930
4.600870
4.685766
4.780566
4.865815
4.959200
4.973703
4.974765
5.112720
5.217779
5.268009
5.283926
5.283573
5.304797
5.335217
5.341938
5.359979
5.295246
5.216717
5.132883
5.172147
5.164365
5.266240
5.328850
5.428603
5.458670
5.455486
5.407732
5.356441
5.318946
5.453718
5.521280
5.621387
5.617849
5.623155
5.579293
5.592734
5.641196
5.682229
5.771015
5.790824
5.806742
5.878196
6.011553
5.969105
5.981132
6.085836
6.095387
6.067796
6.021457
6.030654
6.003063
5.906495
5.740948
5.528355
5.284634
5.037375
4.819830
4.644025
4.631999
4.480247
4.356795
4.316823
4.345829
4.553470
4.763941
4.750853
4.761111
4.837871
4.966275
4.952480
5.045511
5.120149
5.186296
5.277913
5.414100
5.557715
5.483785
5.525879
5.565497
5.603700
5.596272
5.658882
5.693548
5.648270
5.538967
5.423297
5.088666
4.678338
4.278267
3.992805
3.763587
3.621033
3.553470
3.560191
3.603700
3.641196
3.580354
3.645087
3.733873
3.789056
3.787287
3.765356
3.872890
3.912508
4.070626
4.260934
4.354319
4.359625
4.341231
4.329912
4.315055
4.284280
4.210350
4.166841
4.274729
4.399951
4.459023
4.485554
4.605469
4.846360
4.980778
4.992805
5.003417
5.128284
5.341231
5.540382
5.623863
5.755805
5.733166
5.768539
5.785518
5.835394
5.860156
5.924181
5.954248
5.947174
5.926303
5.921351
5.890223
5.946820
5.963799
6.011553
6.023580
6.041266
6.037729
5.961677
5.949296
6.068150
6.080177
6.126870
6.148801
6.155168
6.206813
6.298429
6.406672
6.409148
6.461500
6.520219
6.653223
6.693194
6.723615
6.713003
6.709112
6.716540
6.696024
6.750853
6.743778
6.620326
6.679399
6.628815
6.628815
6.672678
6.743424
6.744485
6.735288
6.656406
6.565851
6.533308
6.537906
