0.244510
0.159291
0.149487
0.050694
0.140437
0.233952
0.191719
0.098205
-0.079020
-0.229095
-0.060920
0.018265
-0.050362
-0.050362
-0.002097
-0.034525
-0.130302
-0.126531
0.026561
0.004691
-0.100136
0.016003
0.006953
-0.020950
0.008462
0.031840
-0.033771
-0.020196
-0.103906
-0.062428
0.059744
-0.016425
0.052202
0.106501
0.035611
-0.048100
0.020528
0.104238
-0.023213
-0.106923
-0.091086
-0.036787
-0.058658
-0.005867
0.064268
-0.008884
-0.063183
-0.003605
-0.094857
-0.161976
-0.081282
-0.014917
0.039382
0.009216
-0.051870
-0.126531
0.014495
0.120830
-0.030754
-1.268311
-8.229849
-32.947044
-98.792442
-222.415375
-346.137085
-451.493042
-539.617493
-604.418396
-647.382202
-673.897278
-686.042847
-685.557129
-677.324097
-663.788696
-645.165771
-623.940247
-602.132568
-578.014893
-554.462891
-532.511902
-510.830902
-490.470428
-471.407837
-452.592590
-434.090332
-416.388977
-399.121246
-382.299988
-365.759247
-349.267548
-333.189880
-317.489288
-301.710236
-286.248688
-270.904816
-255.544327
-240.389725
-225.593353
-211.054138
-196.907822
-183.137085
-169.560913
-156.286407
-143.169510
-130.226837
-117.281128
-104.735130
-92.560165
-80.475700
-68.844482
-57.591839
-46.642368
-35.943272
-25.474194
-15.247949
-5.137089
4.609518
14.051448
23.223394
32.395340
41.292774
50.065022
58.479805
66.419472
74.230179
81.919472
89.195488
96.519775
103.567284
110.631386
117.356880
123.941345
130.299561
136.435303
142.585388
148.493378
153.998657
159.373474
164.642700
169.528076
174.079346
178.450394
182.644211
186.572571
190.637421
194.628372
198.352356
201.675888
204.842545
207.988861
211.028824
213.997147
216.890808
219.541641
222.125351
224.618561
226.828217
228.985077
231.178894
233.340286
235.316147
237.284485
238.902130
240.225662
241.585388
242.527313
243.057480
243.646469
244.162308
244.511475
244.789001
245.210571
245.604996
246.102737
246.320679
246.359146
246.361404
246.349335
246.239990
246.054459
245.988098
245.755829
245.215851
244.853867
244.381012
243.823700
243.151001
242.129883
241.236221
240.390808
239.544662
238.785995
238.141190
237.060501
236.023544
235.003937
233.865173
232.822937
231.753555
230.499405
229.058243
227.466980
225.770157
223.938324
222.301819
220.836517
219.179657
217.496399
215.771652
214.003189
212.188705
210.509964
208.900620
207.031082
205.125351
203.319931
201.652496
199.871964
197.948135
196.022034
194.024292
192.069550
190.074066
188.219620
186.289764
184.185684
181.952652
179.963974
178.267136
176.345566
174.114792
172.069550
169.963211
167.807098
165.909668
163.923248
161.920975
159.862915
157.803329
155.600464
153.348587
151.215103
149.219620
146.955673
144.482819
142.328979
140.293533
138.240738
136.232437
134.163055
131.931534
129.749039
127.685684
125.500168
123.377243
121.323692
119.264114
117.199265
115.138931
113.068794
111.192474
109.379501
107.374977
105.245262
103.191719
101.157028
99.035614
96.859894
94.837273
92.878746
90.905144
88.853104
86.916458
85.154015
83.308609
81.311630
79.414948
77.516754
75.652504
73.868942
72.143456
70.466232
68.690208
66.914948
64.940590
63.012985
61.040890
59.127617
57.169849
55.206047
53.463211
51.861404
50.078598
48.322941
46.586891
44.918716
43.319172
41.726410
40.108765
38.532593
37.100468
35.601974
33.816154
32.123848
30.538628
28.896847
27.296547
25.862911
24.430031
23.102730
21.659290
19.948130
18.561253
17.167587
15.712835
14.305595
13.053710
11.697753
10.159291
8.765626
7.617813
6.169849
4.819924
3.609517
2.458688
1.262609
0.123092
-1.125023
-2.473439
-3.838446
-5.040558
-6.284148
-7.612202
-8.867858
-10.108432
-11.312051
-12.598627
-14.113710
-15.483243
-16.812052
-18.082790
-19.060921
-19.931961
-21.170271
-22.398024
-23.459864
-24.487768
-25.388220
-26.391991
-27.501343
-28.572233
-29.391991
-30.188372
-30.933470
-31.789427
-32.608433
-33.745686
-34.786411
-35.403305
-36.053379
-36.849758
-37.542820
-38.210243
-38.834675
-39.515671
-40.272083
-40.744179
-41.283394
-41.921402
-42.674042
-43.195911
-43.628792
-44.066200
-44.583546
-45.150665
-45.584297
-46.116726
-46.669518
-47.408581
-48.234375
-48.860317
-49.115974
-49.282639
-49.623516
-50.057148
-50.586559
-51.103153
-51.321102
-51.759262
-52.275852
-52.568462
-52.934978
-53.466652
-53.911598
-54.233620
-54.630302
-54.887466
-55.034523
-55.290936
-55.569969
-55.859562
-56.112202
-56.435730
-56.649910
-56.889729
-57.229095
-57.501343
-57.809036
-57.955338
-57.980225
-57.960617
-58.100891
-58.329395
-58.535278
-58.723061
-58.791691
-58.733620
-58.776608
-59.106922
-59.425175
-59.548855
-59.778114
-59.873138
-59.692142
-59.631054
-59.910091
-60.061676
-60.234375
-60.367104
-60.346741
-60.352776
-60.611446
-60.875401
-60.766804
-60.714767
-60.824116
-60.830151
-60.912354
-60.976456
-60.922157
-60.756245
-60.619743
-60.638596
-60.850513
-60.887466
-60.898777
-60.827133
-60.769066
-60.753983
-60.700436
-60.683090
-60.480980
-60.490784
-60.362579
-60.353531
-60.345234
-60.392746
-60.400288
-60.166500
-59.993046
-59.963634
-59.970421
-59.820347
-59.526985
-59.369366
-59.204208
-59.010391
-58.951569
-58.990784
-58.800739
-58.738899
-58.613712
-58.554134
-58.569969
-58.548100
-58.480980
-58.355793
-58.103905
-57.706470
-57.351269
-57.531509
-57.758507
-57.812805
-57.792442
-57.872383
-58.036034
-58.106171
-57.855038
-57.750965
-57.598629
-57.357300
-57.288673
-57.146893
-56.931206
-56.710243
-56.506622
-56.281887
-55.888222
-55.499081
-55.350513
-55.210995
-55.054886
-54.971176
-54.967407
-54.736637
-54.508884
-54.305264
-54.112957
-53.886711
-53.859562
-53.701191
-53.480980
-53.026985
-52.569969
-52.243423
-52.082790
-51.791691
-51.381432
-50.919140
-50.575249
-50.418385
-50.336937
-49.977211
-49.631809
-49.384449
-49.058659
-48.894253
-48.795460
-48.600136
-48.347496
-48.038296
-47.790936
-47.589577
-47.389729
-47.010391
-46.480980
-46.028492
-45.771328
-45.594101
-45.299984
-44.981735
-44.645386
-44.342972
-44.118988
-44.016426
-43.944782
-43.549606
-43.142368
-42.821854
-42.707977
-42.648399
-42.618237
-42.310543
-42.284901
-42.278870
-41.967407
-41.508129
-41.362579
-41.379925
-41.209488
-40.850513
-40.628792
-40.520195
-40.410091
-40.262276
-39.986259
-39.592594
-39.099380
-38.800739
-38.342216
-38.125023
-37.898777
-37.603153
-37.146137
-36.753983
-36.467407
-36.303757
-35.995308
-35.631809
-35.297722
-35.114464
-35.002098
-34.761524
-34.257000
-33.778114
-33.359562
-33.037540
-32.725323
-32.586559
-32.588825
-32.496819
-32.302246
-32.054886
-31.696667
-31.318085
-30.961372
-30.817329
-30.458357
-30.129547
-30.039804
-29.882940
-29.657452
-29.415369
-28.972685
-28.485506
-28.321856
-27.959864
-27.575249
-27.303001
-27.216274
-27.050362
-26.842972
-26.521704
-26.086561
-25.720798
-25.524721
-25.242670
-25.193649
-25.087315
-24.837692
-24.405565
-23.979471
-23.605415
-23.252474
-23.064692
-23.044329
-22.964390
-22.597874
-22.146893
-21.936485
-21.798477
-21.557150
-21.217030
-21.045837
-20.858809
-20.634073
-20.266048
-19.947798
-19.686863
-19.472685
-19.442518
-19.333168
-18.997572
-18.763031
-18.617481
-18.503605
-18.233620
-18.097874
-17.983242
-17.726833
-17.309034
-16.827888
-16.447798
-16.180830
-16.142368
-15.979472
-15.855792
-15.636334
-15.474193
-15.154434
-14.893499
-14.778869
-14.746441
-14.519442
-14.146893
-14.016425
-13.987014
-13.995309
-13.937994
-13.583545
-13.364087
-13.057149
-12.756998
-12.465898
-12.336938
-12.201192
-11.901041
-11.766803
-11.525476
-11.365596
-11.217783
-11.075249
-11.080528
-10.945536
-10.603907
-10.220045
-9.962127
-9.788672
-9.643122
-9.550362
-9.546591
-9.436485
-9.151418
-9.062428
-9.076003
-9.100136
-9.347496
-9.446290
-9.272081
-9.122760
-8.986259
-8.689125
-8.404058
-8.298476
-8.253982
-8.062428
-7.842971
-7.555641
-7.339200
-7.373137
-7.308280
-7.092594
-6.873137
-6.741161
-6.711750
-6.579020
-6.517179
-6.625022
-6.563182
-6.461372
-6.161976
-6.122006
-6.124269
-6.373137
-6.313560
-6.232111
-6.356546
-6.419140
-6.256999
-6.223062
-6.103152
-6.020950
-5.934978
-5.923665
-5.864841
-5.630301
-5.365596
-5.166501
-4.901041
-4.657451
-4.493801
-4.258507
-4.028491
-3.733620
-3.419140
-3.250965
-3.220799
-2.837692
-2.631810
-2.421403
-2.503605
-2.391991
-2.152926
-2.039050
-2.013409
-1.971931
-1.791689
-1.625023
-1.606169
-1.676305
-1.617481
-1.511146
-1.391237
-1.186863
-1.032262
-0.830905
-0.832413
-0.885958
-0.887466
-0.860317
-0.948552
-0.985505
-0.951569
-0.851267
-0.745686
-0.602398
-0.428944
-0.250965
-0.048100
0.037873
0.249789
0.453409
0.500920
0.598959
0.805596
0.826712
0.828220
0.825204
0.973771
1.052202
1.146471
1.304842
1.595943
1.935309
2.221885
2.328974
2.350091
2.532594
2.667587
2.663062
2.802579
2.867436
2.906651
2.788250
2.798808
2.898356
2.956425
3.180407
3.393077
3.481312
3.675882
3.667587
3.877240
4.122338
4.422489
4.504691
4.602730
4.723393
4.804842
4.822187
4.985837
5.006953
5.061252
5.101976
5.110271
5.214344
5.391569
5.609518
5.631388
5.660045
5.750543
5.954163
6.083122
6.034857
5.949638
6.019020
6.190211
6.328974
6.374978
6.504691
6.478296
6.392323
6.396093
6.588401
6.634404
6.577843
6.585385
6.608763
6.688703
6.647979
6.770151
6.746018
6.626863
6.562006
6.640438
6.907406
7.028823
7.167587
7.367436
7.282971
7.202278
7.135912
7.292021
7.194736
7.144208
7.153258
7.279201
7.239231
7.189457
7.059743
7.107255
7.151750
7.242248
7.205294
7.317662
7.381765
7.260347
7.268642
7.278447
7.314646
7.563514
7.749035
7.636667
7.475279
7.321433
7.175882
7.172112
7.221131
7.360649
7.582368
7.611780
7.528069
7.515249
7.439080
7.514495
7.637421
7.635159
7.600468
7.626863
7.632142
7.739231
7.778447
7.757330
7.736214
7.810875
7.838778
7.998658
8.129126
8.013741
7.913439
7.853107
7.942097
8.010724
8.035611
7.868944
7.868944
7.894585
7.801825
7.721131
7.755822
7.921734
8.101222
8.103484
7.994887
7.961704
7.870452
7.857632
7.835762
7.844811
8.160799
8.321433
8.279955
8.262609
8.212082
8.208311
8.079351
7.960196
7.740739
7.387044
7.141191
7.038628
6.962459
6.754314
6.642700
6.437572
6.398356
6.503937
6.659291
6.687949
6.729427
6.734706
6.800317
6.899110
7.039382
7.068039
7.025807
7.008461
6.981312
7.134404
7.205294
7.234706
7.212836
7.135912
7.032594
7.163816
7.257330
7.210573
7.193982
7.276938
7.597451
7.730935
7.710573
7.605747
7.532594
7.432292
7.420226
7.558990
7.576335
7.580106
7.448884
7.378748
7.361403
7.358386
7.275430
7.276938
7.226410
7.224148
7.240739
7.218115
7.178145
7.199261
7.377240
7.463967
7.382519
7.244510
7.194736
7.078597
6.964721
6.856123
6.907406
6.966983
6.861403
6.867436
6.747526
6.761101
6.911177
6.914193
6.926260
6.866682
6.922489
6.888552
6.951146
6.962459
6.900619
6.828974
6.640438
6.592926
6.503937
6.246018
6.175882
6.236969
6.272413
6.183424
6.117813
