-0.101145
-0.053814
-0.022444
-0.081332
-0.005933
0.065614
-0.106098
-0.164986
-0.195256
-0.135267
-0.107749
-0.095091
0.017182
0.201552
0.121750
0.023236
0.210908
0.294012
0.269246
0.280253
0.158624
0.076621
-0.116004
-0.206263
-0.064821
0.064513
-0.007034
-0.037303
-0.053814
-0.027947
-0.138569
-0.160033
-0.280561
-0.167738
0.021035
0.046901
0.080473
0.006175
-0.086835
-0.124810
-0.044458
0.096434
0.134408
0.118998
0.047452
-0.026296
0.016081
0.032592
0.120649
0.106890
0.021585
-0.054364
-0.065922
-0.034001
-0.045008
-0.125911
-0.120407
0.016632
0.171833
-0.160033
-4.962455
-29.076929
-119.292671
-292.059875
-480.681763
-663.928894
-826.793518
-957.692749
-1054.337769
-1121.397217
-1163.095581
-1184.636108
-1189.913452
-1182.555176
-1164.320679
-1138.966797
-1108.934326
-1076.400513
-1042.859497
-1008.628967
-974.377441
-940.472656
-907.285522
-875.580505
-844.781921
-814.294312
-784.868347
-756.117126
-727.893127
-700.383484
-673.340576
-646.636108
-620.367493
-594.191406
-568.254150
-542.970154
-517.946472
-493.234344
-469.180389
-445.466583
-422.196899
-399.412109
-377.076385
-354.751129
-332.795685
-310.939880
-289.342743
-267.916779
-246.565094
-225.706543
-205.104446
-184.869995
-164.891464
-145.161682
-125.697182
-106.778633
-88.135818
-69.644348
-51.717545
-33.982819
-16.743963
-0.047760
16.313826
32.365559
48.156975
63.618172
78.402985
92.686417
106.635231
120.567543
134.101379
147.245026
159.999023
172.356750
184.414536
196.224121
207.876846
219.212006
230.062317
240.311630
250.471222
260.266479
269.688629
278.956635
287.968750
296.731537
305.207611
313.114594
320.760712
328.094238
334.972046
341.614868
348.035889
354.443695
360.631927
366.660553
372.294556
377.685852
382.833374
387.647888
392.261536
396.723297
401.038635
405.134399
408.953339
412.664398
416.116241
419.365021
422.464630
425.549377
428.376007
430.914276
433.302277
435.581299
437.609924
439.574158
441.475616
443.292358
444.857574
446.240082
447.357849
448.355652
449.297852
449.966003
450.569733
450.935181
451.185028
451.342438
451.249420
451.017181
450.478943
449.803101
449.160278
448.436005
447.712830
446.958832
446.020477
444.846008
443.530670
442.259338
440.794830
439.197693
437.463531
435.789337
434.177338
432.351807
430.363342
428.452515
426.299530
424.050201
421.703491
419.275299
416.786591
414.127808
411.401337
408.730988
405.902710
403.138275
400.275299
397.529572
394.312164
391.049103
388.012787
384.765106
381.472870
378.208710
375.035889
371.797028
368.458008
365.194946
362.275848
359.020477
355.454712
352.051849
348.938477
345.729340
342.428314
339.138824
335.823456
332.227417
328.570282
324.992981
321.618164
318.285217
314.896667
311.304474
307.610474
303.896667
300.231262
296.585144
292.708435
288.787140
285.035889
281.486084
277.713379
274.051300
270.357849
266.740356
263.091492
259.311066
255.324829
251.373810
247.571396
243.950043
240.443710
236.941238
233.359497
229.829514
226.252731
222.505356
218.774475
214.985260
211.137711
207.071671
202.983612
199.232376
195.443161
191.643494
187.762360
183.817398
180.271454
176.793732
173.193298
169.706223
166.143768
162.345749
158.771179
155.262634
151.885101
148.406281
144.990219
141.760712
138.723297
135.655594
132.400238
128.898300
125.421692
122.094780
119.003975
115.946182
112.699623
109.500946
106.338593
103.216965
100.220261
97.282455
94.344093
91.403534
88.369408
85.607162
82.904907
80.079376
77.191093
74.212006
71.294014
68.243927
65.370514
62.487186
59.628628
56.557083
53.565887
50.958843
48.243931
45.551579
42.738701
40.174034
37.761265
35.128353
32.668255
30.360056
27.677061
24.970402
22.656147
20.471777
17.893353
15.296763
13.081574
10.835564
8.351800
6.333087
4.384821
2.067265
-0.209015
-2.144623
-4.042807
-6.040055
-8.120957
-9.954199
-11.980066
-14.177645
-16.135817
-17.829819
-19.716995
-21.832020
-23.772581
-25.660858
-27.636642
-29.657005
-31.364765
-33.047211
-34.838623
-36.688377
-38.333946
-39.963554
-41.696632
-43.250843
-44.604721
-46.103897
-47.755520
-49.279461
-50.687824
-52.350456
-54.065372
-55.578304
-57.037304
-58.504005
-59.961353
-61.375221
-62.802299
-64.107201
-65.491898
-66.899162
-68.222221
-69.388428
-70.633339
-71.889809
-72.949799
-74.276711
-75.618484
-76.710938
-77.883202
-78.896408
-79.812759
-80.772583
-81.743416
-82.699387
-83.754967
-84.963005
-86.258545
-87.311378
-88.250839
-89.136368
-90.174339
-91.393936
-92.428055
-93.454475
-94.202957
-95.049965
-95.953102
-96.902466
-97.732407
-98.474838
-99.157280
-99.800102
-100.633339
-101.516113
-102.123711
-102.495201
-103.076927
-103.666916
-104.143524
-104.701584
-105.353760
-106.095642
-106.672966
-107.295418
-107.836975
-108.364212
-108.813858
-109.131416
-109.506210
-109.741211
-109.912369
-110.104446
-110.377426
-110.784142
-111.089584
-111.306427
-111.630592
-111.971260
-112.285515
-112.551888
-112.889809
-113.215065
-113.373573
-113.455025
-113.847427
-113.985573
-114.052162
-114.429161
-114.827065
-114.877701
-114.842476
-114.878799
-115.022446
-115.068123
-115.063171
-115.174896
-115.327339
-115.324593
-115.351006
-115.360367
-115.351006
-115.381279
-115.392281
-115.414848
-115.559044
-115.444565
-115.255798
-114.992722
-114.959152
-114.955849
-114.970711
-114.789093
-114.724152
-114.560143
-114.487495
-114.234329
-114.076927
-114.052162
-114.065369
-113.801201
-113.663612
-113.520515
-113.351555
-113.157829
-113.045006
-112.783585
-112.505104
-112.196907
-112.063721
-111.904114
-111.513916
-111.082436
-110.812759
-110.515015
-110.251945
-109.918976
-109.768730
-109.546387
-109.342201
-109.234879
-109.057663
-108.911270
-108.986122
-108.890358
-108.495750
-107.948143
-107.542534
-107.365318
-107.121506
-106.776436
-106.500702
-106.362015
-105.980064
-105.701584
-105.239838
-104.786339
-104.354858
-103.772583
-103.222221
-102.903015
-102.565643
-102.322388
-102.015839
-101.582710
-101.150124
-100.683975
-100.298172
-99.929985
-99.342751
-98.904114
-98.555191
-98.296524
-98.053261
-97.656456
-97.379074
-96.967957
-96.397789
-95.974564
-95.743416
-95.547485
-95.030701
-94.572800
-94.118759
-93.833672
-93.453377
-93.098396
-92.770927
-92.339447
-92.133064
-91.954750
-91.646553
-91.132515
-90.413750
-89.885406
-89.546936
-89.109398
-88.614632
-88.161682
-87.827614
-87.426407
-87.004280
-86.502357
-85.872749
-85.166634
-84.629486
-84.387329
-83.888153
-83.369720
-82.943741
-82.566200
-82.430809
-82.579956
-82.806702
-83.036201
-83.119308
-83.096741
-83.013084
-82.683975
-82.191406
-81.668015
-81.190300
-80.727455
-80.179298
-79.588211
-79.123161
-78.492447
-77.764877
-77.209015
-76.645447
-76.058769
-75.405495
-74.889809
-74.171593
-73.552986
-72.881554
-72.171593
-71.589859
-71.021339
-70.398338
-69.825966
-69.321289
-68.836975
-68.133614
-67.453926
-67.008682
-66.502907
-65.750015
-65.072525
-64.358711
-63.876049
-63.478691
-63.073078
-62.747814
-62.452274
-61.899162
-61.475388
-61.202412
-61.116005
-60.972363
-60.702137
-60.630589
-60.521618
-60.018040
-59.315784
-58.810005
-58.161133
-57.685623
-57.175995
-56.696632
-56.044456
-55.377975
-54.704887
-53.970161
-53.385128
-52.704338
-52.069225
-51.618481
-51.191402
-50.784138
-50.325691
-50.161133
-50.261848
-50.164436
-49.936588
-49.585461
-49.261848
-48.808353
-48.279461
-47.739559
-47.166637
-46.593716
-45.840275
-45.262951
-44.866692
-44.668564
-44.319637
-44.034000
-43.545284
-43.157280
-42.796246
-42.190853
-41.594814
-41.069775
-40.385128
-39.704338
-39.177643
-38.719196
-38.134716
-37.589863
-37.084633
-36.540329
-35.921726
-35.202412
-34.835323
-34.499603
-34.005932
-33.331745
-32.832020
-32.375774
-31.748917
-31.082983
-30.657557
-30.368069
-29.923380
-29.403841
-28.955851
-28.477589
-28.051613
-27.690578
-27.231579
-26.863941
-26.478140
-26.093990
-25.633890
-25.092890
-24.682873
-24.313032
-23.895311
-23.407145
-22.833672
-22.322939
-21.983919
-21.531525
-20.976765
-20.504007
-20.074728
-19.859537
-19.522169
-19.041706
-18.767078
-18.520517
-18.054914
-17.625635
-17.250292
-16.834772
-16.413198
-16.048311
-15.616830
-15.220572
-14.889257
-14.586010
-14.209015
-13.796247
-13.517215
-13.296522
-13.139669
-12.708739
-12.418701
-12.014188
-11.672416
-11.309731
-11.129764
-10.814408
-10.529323
-10.223324
-10.042807
-9.685074
-9.326241
-9.081882
-8.852933
-8.582707
-8.234881
-7.834772
-7.495201
-6.963005
-6.703786
-6.497402
-6.545283
-6.438514
-6.359813
-6.272306
-6.153429
-5.911271
-5.721398
-5.446219
-5.391734
-5.171590
-4.950347
-4.725250
-4.587661
-4.308079
-3.944843
-3.654805
-3.353759
-3.095091
-2.835872
-2.714794
-2.563996
-2.422003
-2.282763
-2.113253
-1.871095
-1.547485
-1.463830
-1.488597
-1.355410
-1.075278
-0.862840
-0.706538
-0.332295
-0.042256
0.118998
0.318778
0.417292
0.287408
0.170182
0.064513
0.002323
-0.113803
-0.147375
-0.116555
-0.140770
0.103038
0.529015
0.893352
1.074970
1.229620
1.336940
1.519659
1.716136
1.910413
2.120099
2.362257
2.514155
2.615421
2.777776
3.183390
3.559835
3.847122
4.178988
4.510303
4.677611
4.945636
5.272548
5.538921
5.663853
5.846021
6.021035
6.109092
6.334188
6.548277
6.732097
6.922521
7.202102
7.451965
7.713935
7.943985
8.297865
8.536169
8.712284
8.690820
8.841618
8.855927
9.036995
9.384821
9.777226
10.030941
9.992416
10.051855
10.166880
10.455817
10.712284
10.884546
11.079372
11.119549
11.215311
11.204854
11.425548
11.684216
11.943434
12.081023
12.114595
12.258239
12.355102
12.470677
12.603313
12.652295
12.708431
12.802543
12.919769
13.056808
13.269796
13.528464
13.438756
13.301717
13.286307
13.391425
13.570842
13.721089
13.907110
13.959394
14.024887
14.011128
14.095333
14.040848
14.181739
14.270347
14.231272
14.185592
14.103038
14.152020
14.366659
14.409587
14.506451
14.618173
14.664953
14.798140
14.865283
14.914266
14.923621
15.038095
15.117348
15.183391
15.252185
15.235124
15.091480
15.266494
15.485537
15.544975
15.470677
15.413990
15.553781
15.642388
15.596158
15.657799
15.709532
15.637435
15.585702
15.477832
15.329785
15.358404
15.524061
15.651745
15.615972
15.471778
15.396379
15.465724
15.618723
15.603864
15.732647
15.879593
15.998470
15.948387
15.957744
15.921970
16.038647
16.106890
16.231272
16.254936
16.205404
16.089828
16.043600
16.050755
16.225767
16.235125
16.136059
16.095882
16.053505
16.138262
16.322081
16.467926
16.420595
16.329235
16.402983
16.324282
16.251083
16.280804
16.183390
16.087627
15.935729
16.000120
16.016632
16.040848
16.024887
15.994617
15.942333
16.077171
16.202103
16.112944
16.032593
15.826758
15.824557
15.856478
15.644590
15.441508
15.439306
15.405735
15.393077
15.450314
15.524061
15.467925
15.393077
15.410137
15.384821
15.366659
15.434904
15.587353
15.697424
15.722741
15.773374
15.707331
15.664403
15.760165
15.888398
16.030392
16.035894
15.967650
15.951690
15.779978
15.730446
15.660550
15.631931
15.748057
15.828959
15.944535
15.838316
15.763467
15.753011
15.677611
15.628630
15.458570
15.333088
15.208157
15.114595
14.967099
14.664953
14.189995
13.684216
13.160826
12.913164
12.839417
12.603313
12.367760
12.245030
12.330886
12.406285
12.494342
12.652845
12.647342
12.589554
12.596709
12.800892
