0.213560
0.230072
0.153705
0.031930
-0.092941
-0.078493
-0.132157
-0.158989
-0.005222
-0.014510
-0.140413
-0.131125
-0.308627
-0.299340
-0.252900
-0.158989
0.038122
0.175377
0.162993
0.131001
0.192921
0.151641
0.004066
-0.016574
-0.113581
-0.130093
-0.105325
-0.206460
-0.242580
-0.192012
-0.087781
-0.086749
-0.086749
-0.047534
0.025738
-0.010382
0.044314
0.210464
0.287864
0.168153
-0.025862
-0.088813
-0.161053
-0.203364
-0.018638
0.065986
0.143385
0.327079
0.385903
0.452982
0.304376
0.178473
0.222848
0.172281
0.175377
0.104169
0.050506
0.083529
-0.052693
-0.603777
-4.602745
-27.206461
-120.693558
-307.086761
-524.604797
-746.018616
-947.544983
-1110.748291
-1230.125977
-1311.650269
-1362.311768
-1388.169312
-1393.237427
-1380.051636
-1352.838013
-1315.134277
-1271.438599
-1224.458252
-1175.748291
-1126.781250
-1078.833862
-1032.665649
-987.671875
-944.942261
-904.409790
-865.388062
-828.192017
-792.396362
-757.980469
-725.129089
-693.121826
-661.775085
-631.513977
-601.852478
-572.512939
-543.659485
-515.335449
-487.486145
-459.919556
-432.438660
-405.430389
-379.194061
-352.942261
-327.139374
-301.803986
-276.928864
-252.567657
-228.450012
-204.741028
-181.527405
-158.702850
-136.375702
-114.584167
-93.236389
-72.596550
-52.468586
-33.057854
-13.858679
4.738844
22.799732
40.555149
57.975170
74.913254
91.554115
107.554115
123.062889
138.233170
152.949371
167.172287
181.300247
195.073212
208.418930
221.200150
233.628418
245.929764
257.797668
269.024719
280.113464
290.757416
301.111389
311.165070
321.014374
330.537598
339.600555
348.379700
356.924591
365.234192
373.372498
380.816254
387.904999
394.814178
401.320892
407.683105
413.777039
419.154724
424.375580
429.529358
434.390045
438.955566
443.279602
447.555145
451.507690
455.048431
458.441620
461.509735
464.456085
467.056702
469.537598
471.742981
473.900879
475.961761
477.895721
479.801788
481.277557
482.500458
483.278564
484.040192
484.391052
484.555145
484.554108
484.630493
484.345642
483.768768
483.201172
482.535553
481.824493
481.194977
480.535553
479.481873
478.023682
476.472595
474.855469
473.129974
471.269287
469.304382
467.543793
465.575775
463.724396
461.971039
460.142365
458.000977
455.830688
453.455048
450.835846
448.482910
445.988586
443.117584
440.275482
437.580963
434.841003
432.029877
429.305420
426.536560
423.607788
420.417908
416.737823
413.390045
409.996857
406.214600
402.242462
398.413757
394.604675
390.991669
387.398285
383.755371
380.275482
376.869904
373.108307
369.238342
365.256897
361.282715
357.372498
353.409637
349.354950
345.455048
341.366302
337.446777
333.618103
329.718201
325.436462
321.266205
317.310577
313.331207
309.284760
305.181580
301.127899
297.083527
293.262054
289.440613
285.513855
281.343597
277.352875
273.506653
269.446777
265.470520
261.480835
257.487030
253.518005
249.468460
245.649063
241.633575
237.579910
233.545868
229.693436
225.871964
221.954529
218.143387
214.382812
210.552048
206.430283
202.468460
198.726456
194.791473
190.527283
186.279602
182.004059
177.877136
173.680023
169.625320
165.799728
162.181564
158.384872
154.672791
151.124802
147.718201
144.306442
140.984451
137.729553
134.120682
130.619141
127.180534
123.836884
120.844109
117.640808
114.155769
111.010262
107.870941
104.503548
101.036057
97.667633
94.790443
91.906029
88.741943
85.588173
82.644936
79.556183
76.233170
73.217690
70.474655
67.548958
64.720268
61.729557
58.851330
55.852364
52.803860
49.824501
47.055664
44.320889
41.414799
38.746067
36.057728
33.200146
30.649061
28.114489
25.296120
22.512838
19.987555
17.357008
14.670732
12.116553
9.770836
7.181569
4.842043
2.635645
0.361135
-1.994902
-4.321012
-6.308628
-8.411827
-10.599649
-12.621321
-14.596553
-16.638865
-18.624416
-20.519154
-22.550114
-24.907183
-27.008318
-28.828751
-30.876223
-33.115646
-35.194077
-36.868999
-38.840103
-40.994904
-42.870029
-44.462395
-46.285923
-48.157955
-49.805016
-51.262188
-53.021732
-54.800888
-56.326172
-57.778183
-59.355068
-61.079525
-62.628544
-64.138351
-65.582108
-66.951561
-68.111519
-69.488197
-71.032051
-72.453110
-73.657440
-74.524315
-75.719360
-77.102226
-78.374672
-79.587265
-80.841133
-82.054756
-83.172401
-84.303467
-85.664665
-86.843201
-87.603775
-88.564560
-89.621323
-90.614098
-91.453110
-92.446915
-93.407700
-94.412857
-95.558372
-96.567657
-97.319977
-97.937111
-98.694595
-99.656410
-100.445885
-101.328232
-102.353004
-103.225037
-103.883446
-104.986649
-106.077461
-106.946396
-107.488197
-108.075394
-108.553207
-108.924728
-109.596550
-109.972198
-110.470650
-110.877258
-111.149704
-111.741035
-112.260124
-112.697685
-113.271477
-113.699753
-113.942268
-114.295212
-114.751350
-115.161049
-115.446915
-115.952591
-116.282829
-116.649185
-116.964973
-117.247742
-117.429367
-117.887573
-118.403572
-118.570755
-118.680145
-119.060951
-119.413887
-119.726585
-119.811211
-120.011414
-120.232262
-120.290054
-120.453110
-120.332367
-120.348877
-120.341652
-120.382935
-120.330299
-120.174469
-120.275604
-120.445885
-120.532570
-120.286957
-120.082619
-120.072304
-120.041344
-119.991806
-119.851456
-119.642990
-119.549080
-119.484070
-119.387062
-119.445885
-119.365387
-119.358162
-119.557335
-119.539795
-119.307594
-119.115646
-119.019669
-118.906151
-118.661568
-118.504707
-118.415955
-118.234322
-117.757545
-117.511932
-117.216782
-116.973228
-116.854553
-116.381897
-116.107391
-115.821526
-115.624420
-115.309662
-114.867966
-114.470650
-114.333397
-114.311722
-114.054756
-113.855583
-113.513992
-112.993874
-112.743095
-112.516060
-112.224007
-112.173439
-111.890671
-111.461365
-111.040306
-110.801918
-110.342682
-109.977356
-109.452072
-108.763733
-108.284889
-107.876221
-107.397377
-106.913376
-106.564560
-106.114616
-105.794693
-105.639900
-105.216782
-104.959816
-104.766830
-104.462395
-104.274574
-103.847328
-103.231232
-102.799858
-102.401505
-101.980453
-101.586235
-101.041344
-100.493355
-99.984581
-99.582108
-99.193047
-98.721428
-98.198204
-97.750320
-97.404602
-96.771996
-96.137314
-95.795731
-95.457237
-94.893768
-94.277664
-93.661568
-93.240517
-92.856613
-92.298309
-91.500580
-90.834946
-90.129059
-89.669823
-89.112549
-88.732773
-88.310692
-87.912346
-87.312752
-86.793663
-86.313789
-85.805016
-85.162086
-84.563530
-84.103264
-83.718330
-83.310692
-82.704910
-82.247742
-82.018639
-81.796761
-81.492325
-81.323074
-81.039276
-80.702850
-80.278702
-79.685303
-79.175499
-78.605843
-78.147636
-77.800888
-77.222969
-76.584167
-76.204399
-75.720390
-75.124931
-74.376740
-73.723488
-73.099136
-72.568687
-71.846298
-71.267349
-70.719360
-70.068176
-69.365387
-68.645058
-68.232262
-67.563530
-67.079529
-66.459297
-65.845261
-65.290054
-64.572815
-64.031021
-63.625450
-63.143509
-62.617191
-61.947430
-61.243610
-60.524315
-60.073334
-59.588299
-59.090878
-58.771992
-58.932983
-59.534634
-60.414921
-61.501610
-62.601711
-63.465488
-64.132156
-64.501610
-64.545982
-64.379837
-64.255997
-63.802952
-63.119774
-62.457233
-61.493355
-60.597584
-59.821526
-59.018639
-58.115646
-57.148670
-56.242580
-55.438660
-54.714199
-53.920597
-53.108421
-52.262188
-51.600681
-50.903053
-50.259090
-49.426273
-48.679111
-47.780247
-46.831848
-45.947430
-45.276634
-44.751350
-44.219875
-43.604809
-43.014511
-42.327202
-41.539795
-40.753414
-39.930920
-39.235355
-38.716263
-37.852486
-37.079525
-36.429371
-35.818432
-35.133190
-34.714199
-34.173435
-33.511929
-32.850422
-32.328236
-31.848360
-31.267347
-30.686337
-30.200268
-29.536697
-28.952591
-28.254965
-27.710072
-27.315851
-26.916471
-26.365387
-25.886543
-25.348875
-24.655376
-24.036182
-23.676016
-23.482002
-22.921631
-22.413891
-21.930918
-21.440722
-21.047533
-20.691496
-20.292116
-19.958782
-19.340620
-18.708008
-18.177565
-17.755480
-17.393251
-16.944334
-16.303467
-16.112549
-16.037214
-15.768896
-15.141445
-14.682208
-14.338555
-13.959814
-13.579009
-13.360227
-13.085717
-12.825655
-12.709041
-12.611001
-12.513994
-12.423179
-12.269412
-11.909246
-11.539794
-11.005222
-10.531538
-10.151765
-9.783343
-9.365387
-8.863839
-8.305532
-8.025862
-7.689433
-7.438658
-7.193044
-6.941238
-6.654345
-6.386027
-6.311723
-6.261156
-6.268380
-6.001094
-5.724520
-5.354035
-4.996966
-4.702848
-4.535666
-4.295212
-4.102229
-3.812239
-3.740000
-3.533602
-3.543921
-3.548049
-3.337523
-3.089845
-2.762704
-2.706976
-2.680145
-2.507802
-2.314819
-2.171373
-1.921631
-1.562497
-1.322043
-1.147637
-0.768896
-0.279732
-0.048566
0.148545
0.562374
0.883323
1.023674
1.205304
1.527286
1.853395
1.899835
1.861651
2.222848
2.665573
2.932859
3.243488
3.562374
3.831723
3.887451
4.073209
4.136161
4.214592
4.402415
4.591269
5.007162
5.230072
5.415831
5.553086
5.765676
5.734716
5.936986
6.308504
6.545862
6.670732
6.890547
6.981362
7.113457
7.190856
7.263096
7.428215
7.884355
8.069081
8.105201
8.265160
8.483942
8.818308
9.166089
9.231104
9.446791
9.649061
9.638741
9.579918
9.734716
9.975170
10.291992
10.260000
10.338431
10.554117
10.565470
10.571662
10.892611
11.040186
10.975170
10.714076
10.446791
10.301280
10.274447
10.263096
10.331207
10.406543
10.524190
10.573726
10.662477
10.819340
10.769804
10.741940
10.673829
10.038122
8.849267
7.538638
6.344623
5.228008
4.469494
4.137193
3.827595
3.914283
4.022642
3.995810
3.978266
4.072177
4.400351
4.658349
4.940083
5.308504
5.640805
6.173313
6.688277
6.966914
7.317791
7.674860
8.000970
8.253808
8.625325
9.058762
9.445759
9.939051
10.394159
10.723364
11.041218
11.180536
11.338431
11.584045
11.901899
12.114490
12.369391
12.480846
12.604685
12.786316
13.074242
13.185697
13.367327
13.653189
13.902931
14.118617
14.215625
14.298183
14.251744
14.328112
14.542766
14.856491
14.994778
15.116553
15.274447
15.351848
15.537606
15.627389
15.878163
16.068050
16.388998
16.751228
16.697565
16.590237
16.293024
16.017483
15.669701
15.504582
15.272384
15.073210
14.798699
14.666605
14.846171
14.975170
15.136161
15.181569
15.267224
15.456079
15.563406
15.723364
15.920475
16.033995
16.068050
16.161961
16.180536
16.037090
16.071146
16.171249
16.388998
16.691372
16.564438
16.660414
16.892611
17.021610
17.150608
17.136162
17.309536
17.391064
17.478783
17.576822
17.605717
17.683117
17.727491
17.826563
17.903963
17.983427
18.048441
17.981361
17.992714
18.293024
18.445759
18.312632
18.300247
18.222849
18.238329
18.383839
18.455046
18.596430
18.488070
18.540701
18.654221
18.822435
18.780125
18.822435
18.861650
18.884356
18.784252
18.831724
18.942146
18.957626
18.976202
18.786316
18.754324
18.665573
18.731621
18.688276
18.547926
18.357008
18.223881
18.109329
18.198080
18.147512
18.002003
18.016451
18.175377
18.311600
18.300247
18.235231
18.117584
18.006130
18.048441
18.165056
18.135130
18.073210
17.926666
17.860619
17.617069
17.451950
17.300247
17.118618
16.934923
16.796637
16.802828
16.773932
16.759483
16.568565
16.495295
16.302311
16.011290
15.595397
15.172280
14.826564
14.428215
14.147512
13.930795
13.925634
13.867843
13.839979
13.869907
13.784252
13.631517
13.760516
14.091785
14.192921
14.328112
14.307471
13.994778
13.530382
13.369391
