-0.005891
0.017251
0.151893
0.105610
0.046003
0.048808
0.110519
0.022861
-0.015007
0.010238
0.088079
0.069846
-0.022721
0.006031
0.097195
0.066339
0.003927
0.051613
-0.046564
-0.220477
-0.169986
0.126648
0.240252
0.142076
-0.066199
-0.147546
-0.054979
-0.039551
-0.080224
-0.122300
-0.186115
-0.245021
-0.224684
-0.097756
-0.012202
-0.019215
-0.003086
0.141374
0.161711
0.092286
0.027770
0.120337
0.066339
-0.011501
-0.099158
-0.118794
-0.134222
-0.029032
0.046003
0.111220
0.110519
0.097896
0.092987
0.144180
0.006031
-0.254839
-0.336886
-0.221178
-0.174895
-0.215568
-2.535344
-23.111782
-145.512207
-441.946289
-831.026245
-1231.919678
-1584.341797
-1853.596313
-2036.458252
-2154.046631
-2223.046631
-2257.507324
-2263.592773
-2242.872070
-2200.901367
-2144.554932
-2078.864990
-2009.235229
-1937.951904
-1866.411865
-1796.390137
-1729.094238
-1663.410522
-1599.294800
-1537.386719
-1477.477783
-1418.818604
-1361.691040
-1305.289917
-1250.613892
-1197.639160
-1145.134888
-1093.416138
-1042.862183
-992.824951
-943.345276
-894.605469
-846.082336
-798.480652
-752.356506
-706.663696
-661.691711
-617.420349
-573.977844
-531.393005
-489.762543
-448.796204
-408.437164
-369.319366
-330.986969
-293.399994
-256.794800
-220.929459
-186.133514
-152.172791
-118.571106
-85.627213
-53.195934
-21.237307
9.974474
40.484993
70.262695
99.041092
126.945023
154.341232
181.081772
206.822998
231.827911
256.244446
280.146973
303.297058
325.543213
346.963959
367.959747
388.231842
407.781616
426.379791
444.577545
462.315277
479.409973
496.067047
512.159607
527.876282
543.254272
558.059998
573.653320
589.281616
603.939392
617.456970
630.393799
642.816711
654.751465
666.279541
677.043213
687.013733
696.616821
705.684875
714.257812
722.482910
730.411377
737.945007
745.201660
751.948547
758.320190
764.365051
769.743042
774.630127
779.294922
783.335632
786.911377
790.238831
793.308960
796.355286
799.127319
801.470276
803.548828
805.304077
806.869263
808.017944
808.827209
809.413452
809.562805
809.374878
808.864380
808.234619
807.486389
806.586670
805.332825
803.704468
802.017944
800.019348
797.644165
794.920471
792.022888
789.316711
786.435913
783.036194
779.456238
776.040405
772.285828
768.425415
764.359497
760.322998
755.997620
751.759216
747.619629
743.109131
738.549500
734.072632
729.541077
724.708008
719.656128
714.238159
708.796326
703.532654
697.977295
692.106995
686.198853
680.194641
674.225525
668.184143
661.900146
655.569824
649.116821
642.778809
636.239563
629.820923
623.605591
617.597900
611.198181
604.863647
598.585999
592.318115
586.044617
579.665222
573.080383
566.510925
560.072632
553.484985
546.844055
540.271790
533.511658
526.781616
519.996216
512.910645
505.858063
499.050201
492.301270
485.503235
478.595795
471.269714
463.996918
456.827209
449.832825
443.358765
436.822296
430.133667
423.755676
417.228333
410.283020
403.421173
396.747955
389.997620
383.085266
376.083862
369.272522
362.501831
355.665222
348.802673
342.000427
335.297760
328.651184
322.207306
315.982178
309.751465
303.337738
297.184845
291.217102
284.844025
278.186249
272.045990
266.112610
259.898743
253.528473
247.317398
241.468857
235.415573
228.977280
222.849655
217.376999
211.801270
206.182053
200.612625
194.966064
189.257782
183.975876
178.785126
173.189056
168.105606
163.352448
158.132263
152.496216
147.167328
142.568436
137.856659
132.438705
126.968864
122.331413
117.783028
112.629456
107.804771
103.391724
98.813889
93.978683
89.234642
84.977982
80.518654
75.564934
70.858063
66.645584
62.520756
58.213604
54.231136
50.527771
46.570545
42.501823
38.602806
34.618233
30.696774
26.946424
22.939411
18.819494
15.074755
11.522160
7.649088
3.916269
0.445722
-3.007293
-6.694530
-10.509397
-14.005189
-17.184713
-20.381065
-23.692427
-26.933661
-30.281487
-33.618793
-36.894390
-40.223984
-43.456100
-46.574615
-49.774475
-53.105469
-56.183311
-59.176998
-62.319355
-65.472931
-68.301826
-70.994667
-73.539551
-76.199440
-78.794807
-81.342499
-83.936462
-86.303925
-88.741516
-91.322861
-93.850212
-96.308136
-98.519913
-100.598457
-102.646141
-104.792709
-106.913322
-108.933662
-111.027626
-113.486954
-115.836884
-118.366341
-120.797615
-122.898598
-125.172089
-127.462410
-129.484146
-131.094955
-132.747833
-134.686111
-136.558487
-138.179108
-140.073914
-142.049362
-143.899994
-145.435059
-146.897903
-148.491165
-149.801819
-150.998184
-152.319351
-153.709961
-155.113892
-156.324265
-157.608978
-158.949081
-160.242920
-161.529037
-162.918930
-164.289902
-165.435760
-166.691025
-167.817947
-168.810944
-169.624405
-170.566895
-171.632111
-172.475739
-173.442780
-174.360733
-175.520615
-176.340393
-176.842499
-177.376160
-177.787796
-178.284988
-179.156662
-179.979248
-180.596359
-180.970123
-181.482040
-182.080933
-182.803925
-183.618790
-184.297623
-184.796921
-185.215561
-185.731003
-186.287094
-186.877563
-187.368439
-187.754135
-188.385269
-188.968719
-189.231689
-189.473633
-189.712769
-189.833374
-189.782883
-189.796921
-190.223282
-190.677002
-191.011505
-191.089340
-191.348801
-191.611084
-191.613892
-191.461716
-191.594955
-191.796921
-191.603363
-191.418228
-191.441376
-191.552170
-191.637726
-191.506592
-191.405609
-191.299011
-191.002380
-190.979248
-191.082321
-190.985550
-190.665771
-190.530441
-190.703644
-190.795517
-190.603363
-190.506592
-190.261856
-189.777985
-189.228195
-188.623001
-188.416824
-188.503784
-188.173492
-187.747833
-187.316544
-186.897202
-186.582321
-186.026230
-185.637024
-185.296219
-184.930862
-184.543060
-184.017105
-183.536743
-183.036041
-182.615982
-181.885269
-181.160873
-180.725388
-180.104767
-179.426651
-179.084427
-178.614594
-177.845306
-177.031143
-176.428757
-176.026230
-175.627213
-175.014313
-174.284286
-173.548660
-172.923141
-172.104065
-171.205750
-170.789902
-170.320755
-169.749924
-168.894394
-168.073914
-167.484146
-166.904907
-166.091446
-165.241516
-164.623703
-163.860733
-163.160873
-162.568298
-162.035339
-161.405609
-160.753433
-160.028336
-159.366333
-158.618790
-157.634918
-156.942780
-156.511505
-155.998184
-155.561996
-155.123703
-154.381760
-153.659470
-152.970825
-152.308136
-151.394394
-150.692429
-150.071106
-149.421036
-148.460312
-147.451889
-146.757645
-146.017105
-145.063400
-144.304626
-143.651749
-142.857925
-141.710663
-140.797623
-139.951187
-139.101257
-138.159470
-137.129318
-136.256241
-135.617386
-134.859329
-133.829880
-132.864243
-132.118790
-131.461716
-130.815140
-130.300415
-129.777985
-129.268860
-128.564804
-127.838989
-127.270264
-126.451195
-125.556381
-124.698738
-123.734505
-122.934364
-122.075317
-121.181206
-120.385277
-119.451195
-118.607574
-118.031837
-117.267464
-116.378960
-115.299721
-114.325668
-113.335487
-112.556381
-111.700844
-110.770264
-109.923141
-109.090744
-108.308136
-107.471527
-106.466621
-105.625107
-104.726791
-103.761147
-102.653152
-101.635628
-101.010101
-100.213463
-99.287796
-98.409821
-97.564796
-96.712059
-95.746422
-94.831978
-94.068306
-93.400703
-92.752731
-92.249229
-91.477837
-90.446281
-89.684013
-88.864235
-88.086533
-87.488358
-86.634926
-85.643341
-84.723282
-84.113884
-83.400703
-82.434364
-81.473633
-80.545860
-79.836884
-79.111076
-78.290604
-77.271667
-76.092148
-75.132118
-74.322159
-73.784294
-73.197334
-72.587936
-71.940674
-71.114586
-70.352318
-69.673492
-68.921738
-68.098457
-67.253433
-66.429451
-65.571808
-64.719078
-64.249931
-63.803226
-63.204350
-62.468021
-61.524826
-60.815849
-60.090744
-59.338287
-58.691727
-57.954697
-57.205750
-56.566902
-55.924545
-55.374756
-54.794109
-54.113884
-53.313042
-52.578823
-52.010799
-51.484150
-50.959606
-50.043056
-49.332680
-48.721878
-48.004490
-47.021317
-46.250629
-45.569706
-44.983452
-44.238007
-43.792007
-43.662273
-43.491867
-43.346703
-43.280785
-43.326366
-43.320759
-43.174896
-42.857925
-42.495373
-42.043056
-41.435062
-40.868443
-40.359325
-39.849510
-39.242916
-38.515007
-38.006592
-37.334782
-36.540955
-35.702946
-35.072510
-34.390884
-33.676998
-32.923141
-32.187519
-31.585133
-30.935764
-30.426647
-29.989761
-29.231697
-28.311642
-27.685413
-27.033941
-26.563395
-26.042356
-25.330576
-24.836185
-24.273773
-23.559887
-22.902103
-22.374754
-21.744320
-21.109678
-20.398598
-19.873352
-19.355820
-18.656662
-17.903507
-17.314445
-16.848106
-16.254839
-15.774474
-15.236606
-14.817251
-14.368443
-13.788499
-13.123703
-12.498878
-11.914726
-11.371248
-10.888079
-10.548668
-10.098457
-9.511500
-9.017111
-8.604769
-8.111781
-7.625105
-7.097054
-6.660168
-6.212763
-5.679804
-5.073212
-4.841795
-4.580925
-3.869846
-3.330575
-3.150351
-3.005189
-2.829173
-2.428752
-2.126508
-2.017812
-1.752735
-1.430154
-1.328471
-1.193829
-0.812342
-0.390182
-0.003787
0.415568
0.914165
1.209397
1.346844
1.616830
1.821599
2.074053
2.353857
2.734642
3.151192
3.583170
3.842637
3.964656
4.297756
4.799159
5.384713
5.898738
6.343338
6.731837
6.982188
7.346844
7.659607
7.966760
8.276718
8.627349
8.938008
9.277419
9.586676
9.998317
10.412763
10.663815
10.783030
11.115428
11.487798
11.775315
11.867882
12.118934
12.572651
12.887518
13.145582
13.250772
13.466761
13.804769
14.077559
14.534081
14.909958
15.120337
15.270407
15.297054
15.427489
15.795652
16.067041
16.355259
16.513744
16.740252
16.968864
17.242355
17.391024
17.580364
17.602804
17.841234
18.050911
18.358767
18.580364
18.623842
18.586676
18.761992
18.879103
18.999018
19.178541
19.327209
19.538288
19.533381
19.635063
19.839130
19.998318
20.095091
20.226227
20.426086
20.660309
20.771109
20.802666
20.949930
21.123842
21.231838
21.113323
20.984993
21.049509
21.311781
21.566339
21.488499
21.539692
21.738850
21.872089
21.934502
21.905750
21.982187
22.288639
22.576157
22.841936
22.888920
22.947826
22.986395
23.027769
23.164516
23.415567
23.601402
23.459747
23.392426
23.400841
23.580364
23.686255
23.635063
23.661011
23.923283
24.046003
24.039692
23.985695
24.193268
24.353857
24.497616
24.652596
24.700981
24.778822
24.866480
24.867182
24.764095
24.632959
24.466059
24.358767
24.200281
24.105610
24.186956
24.400841
24.461149
24.614727
24.631557
24.700281
24.696774
24.740953
24.823702
25.124544
25.098597
25.100700
25.139271
25.241655
25.212202
25.072651
25.008135
24.931698
24.665216
23.902245
22.993408
22.141375
21.459747
20.937307
20.515848
20.435204
20.456942
20.524263
20.500422
20.634361
20.889622
21.081066
21.204489
21.459747
21.760590
21.867882
21.877701
21.913464
22.097897
22.135063
22.146284
22.236044
22.367182
22.564236
22.759186
22.737448
22.611219
22.577560
22.546703
22.592987
22.623842
22.643478
22.712904
22.746563
22.822300
22.960449
22.993408
23.091585
23.195372
23.416971
23.510239
23.671528
23.799860
23.967461
24.189762
24.380505
24.438709
24.546703
24.755680
24.865078
24.878401
24.804770
24.762693
24.912062
25.135063
25.240953
25.212904
25.149088
24.938709
24.966059
25.048807
25.100000
24.942917
24.976578
25.018654
25.083170
25.067041
24.924685
24.851051
24.936605
24.984291
25.038288
25.121038
25.166620
25.189762
25.251472
25.358767
25.503225
25.506031
25.410660
25.484291
25.619635
25.502525
25.383310
25.625946
25.839130
25.855259
25.912062
25.787939
25.655399
25.581768
25.559326
25.752174
25.905750
25.918373
25.794950
25.720617
25.860168
25.822300
25.818794
25.828611
25.733942
