-0.052421
-0.145544
-0.115458
-0.048840
0.014198
-0.008725
-0.061017
-0.079642
-0.100415
-0.141963
-0.152708
-0.148410
-0.116175
-0.092536
-0.025201
0.095860
0.173940
0.045000
-0.056003
-0.002278
-0.005143
0.034971
-0.012307
-0.031648
0.037837
0.159613
0.106605
-0.032364
-0.117607
-0.116891
-0.200702
-0.138381
-0.037378
-0.023768
0.047149
0.115917
0.171791
0.060043
0.012049
0.067206
0.139556
0.165344
0.190415
0.280673
0.224083
0.173223
-0.033080
-0.074628
-0.078209
-0.066032
-0.031648
-0.097550
-0.088954
-0.061017
-0.009441
-0.043825
-0.050272
-0.065315
-0.071046
-0.689957
-5.273768
-28.681360
-121.259438
-309.130493
-519.872620
-714.792419
-881.008728
-1012.164185
-1105.832520
-1166.290283
-1201.323853
-1216.302368
-1215.057495
-1201.229370
-1178.706421
-1149.720703
-1117.015137
-1082.312500
-1046.699951
-1011.056030
-976.314575
-942.343262
-909.035217
-876.728638
-845.235779
-814.562439
-784.120483
-753.743652
-724.129761
-695.289551
-666.548096
-637.967163
-609.702148
-581.682800
-554.078918
-526.628357
-499.621185
-473.356140
-447.361877
-421.761597
-396.773041
-372.172058
-347.852570
-323.770172
-299.744385
-276.311737
-253.357574
-230.987228
-209.120468
-187.680649
-166.449265
-145.818893
-125.674911
-105.770187
-86.073196
-66.919182
-48.163452
-29.827494
-11.820330
5.661762
22.842995
39.522076
55.716202
71.456177
86.920357
101.980530
116.561478
130.567200
144.279236
157.453308
170.387405
183.206894
195.844421
208.028519
219.728378
231.159607
242.457611
253.582245
264.105164
274.211182
284.063629
293.890991
303.365906
312.481232
321.105896
329.522064
337.515625
345.178223
352.365906
359.279236
366.263489
373.049286
379.466919
385.439697
391.194702
396.696136
401.773499
406.315063
410.759888
415.043579
419.219055
423.380951
427.254883
430.858765
434.263489
437.541412
440.696136
443.603729
446.100861
448.309326
450.307892
452.052887
453.742706
455.350861
456.529236
457.263489
457.556458
457.891693
458.330109
458.578674
458.840851
459.058624
459.371643
459.469055
459.414642
459.054321
458.539276
457.908905
457.353729
456.648163
455.639557
454.300018
453.153870
451.726227
450.236969
448.633820
446.764191
444.868073
442.784973
440.603729
438.645996
436.742004
434.462616
432.019226
429.595154
427.300720
424.895996
422.293579
419.404602
416.546448
413.748444
410.816498
407.712616
404.692566
401.757751
398.747711
395.590118
392.490570
389.393127
386.130951
382.875244
379.405304
375.886688
372.373077
368.733398
365.163910
361.377380
357.612335
353.718353
350.224792
346.459045
342.659607
338.895294
335.077942
331.196869
327.140259
323.058624
318.925385
314.817200
310.594421
306.474091
302.327240
298.043579
293.975525
290.260620
286.433258
282.499878
278.368073
274.236969
270.132385
265.933960
261.754883
257.552155
253.466919
249.406754
245.476944
241.523514
237.562912
233.476227
229.607315
225.663193
221.787842
217.933975
214.281387
210.623795
206.980530
203.258469
199.532104
195.775665
192.096573
188.623077
185.088699
181.545715
177.989120
174.477661
170.814346
167.140991
163.412476
159.659607
155.812912
152.033539
148.140991
144.416779
140.949722
137.442566
133.739838
130.113052
126.671074
123.414627
120.113770
116.815056
113.691132
110.529961
107.394569
104.227661
100.887405
97.360901
93.898865
90.454025
87.190414
83.986259
80.739128
77.350876
74.085831
71.000587
68.115204
65.343712
62.337265
59.397434
56.584400
53.782104
50.972649
48.050014
45.254169
42.662479
39.908897
36.835831
34.051449
31.308611
28.432535
25.535688
22.741991
20.063625
17.400301
14.857321
12.348725
9.544284
6.734112
4.403166
2.119498
-0.554570
-2.966461
-5.139097
-7.177779
-9.474341
-11.675631
-13.672049
-15.536662
-17.528782
-19.434942
-21.427063
-23.861160
-26.285229
-28.429213
-30.270903
-32.197838
-34.300274
-36.237953
-38.065315
-39.856861
-41.714314
-43.554569
-45.435658
-47.364025
-49.054569
-50.624054
-52.223625
-53.625488
-55.036663
-56.573196
-58.187092
-59.833939
-61.357578
-62.597549
-63.917034
-65.285233
-66.647690
-67.840385
-69.179214
-70.578926
-72.034515
-73.359726
-74.359726
-75.244400
-76.596832
-77.821762
-78.960732
-80.117607
-81.307434
-82.408440
-83.362595
-84.210732
-85.219330
-86.362595
-87.474342
-88.279495
-89.138382
-90.211449
-91.306000
-92.145546
-92.861877
-93.791679
-94.697838
-95.592537
-96.405571
-97.292389
-98.259438
-98.986519
-99.788811
-100.614738
-101.336090
-101.930641
-102.634796
-103.413452
-104.070328
-104.482224
-105.216461
-105.866173
-106.563881
-107.116890
-107.691391
-108.183510
-108.689957
-109.180641
-109.919182
-110.543823
-111.052422
-111.417747
-112.148407
-112.841103
-113.278069
-113.618324
-113.877640
-114.128349
-114.385513
-114.727203
-115.114029
-115.298836
-115.151993
-115.048836
-115.340385
-115.593971
-115.608292
-115.611877
-115.747978
-115.965744
-116.107582
-116.287376
-116.412018
-116.295975
-116.300987
-116.369041
-116.419182
-116.422050
-116.493683
-116.686378
-116.790245
-116.838242
-116.788094
-116.917747
-117.020187
-116.862595
-116.742966
-116.789528
-116.832504
-116.699272
-116.455002
-116.119759
-115.728638
-115.500130
-115.537376
-115.522339
-115.326057
-115.107582
-114.825340
-114.715027
-114.739388
-114.747261
-114.560303
-114.393394
-113.941391
-113.503708
-113.133369
-112.889099
-112.824631
-112.620476
-112.414886
-112.134796
-111.900558
-111.599701
-111.334656
-111.112595
-110.828926
-110.463593
-110.183510
-109.843971
-109.579643
-109.159874
-108.644112
-108.407005
-108.361877
-107.968613
-107.539528
-107.163452
-106.762306
-106.333939
-105.907005
-105.684227
-105.421333
-104.946404
-104.535942
-104.122620
-103.653427
-103.255142
-102.902710
-102.593254
-102.331078
-101.959297
-101.455002
-101.214310
-100.771622
-100.174194
-99.648407
-99.214310
-98.811737
-98.470039
-97.985085
-97.588951
-97.239388
-96.908440
-96.713593
-96.626205
-96.687088
-96.498695
-96.130501
-95.795975
-95.461449
-95.089668
-94.657005
-94.148407
-93.919899
-93.549553
-93.117607
-92.743683
-92.565315
-92.118324
-91.668465
-91.077492
-90.542389
-90.128349
-89.644112
-89.016602
-88.381218
-87.787376
-87.377640
-86.818184
-86.294540
-85.543106
-84.835373
-84.296692
-83.912735
-83.235802
-82.621902
-82.154854
-81.771622
-81.142677
-80.284515
-79.656288
-79.207863
-78.687805
-78.034515
-77.347549
-76.533798
-75.898407
-75.257294
-74.725777
-74.369041
-73.929214
-73.457863
-72.950699
-72.464310
-71.812447
-71.202133
-70.705002
-70.130501
-69.564598
-69.126205
-68.604713
-68.065315
-67.444252
-66.983650
-66.693542
-66.242966
-65.598984
-65.039528
-64.598267
-63.986519
-63.447121
-62.953568
-62.509441
-62.030216
-61.589672
-60.969326
-60.351131
-59.835373
-59.175629
-58.709297
-58.236519
-57.502995
-56.981503
-56.389812
-55.817463
-55.299557
-54.963596
-54.656288
-54.115459
-53.654858
-53.053139
-52.627636
-52.270901
-51.700703
-51.157005
-50.539528
-50.112595
-49.652706
-49.112595
-48.628353
-48.188526
-47.650558
-47.179928
-46.721478
-46.129070
-45.660587
-45.045258
-44.452133
-44.071045
-43.818897
-43.488667
-43.222191
-42.762306
-42.482220
-42.208580
-41.849701
-41.361160
-40.722191
-40.154858
-39.755142
-39.396259
-38.849701
-38.377636
-37.828926
-37.400558
-36.886230
-36.486519
-36.129070
-35.842537
-35.502277
-35.076775
-34.667751
-34.376919
-34.286663
-33.985802
-33.640530
-33.484371
-33.351131
-33.043110
-32.625488
-32.221478
-31.797407
-31.339670
-30.823912
-30.438524
-30.059584
-29.761591
-29.626921
-29.235086
-28.784513
-28.430645
-27.964312
-27.469326
-27.046690
-26.581791
-26.270903
-25.949986
-25.856863
-25.689241
-25.257292
-24.877636
-24.564598
-24.452135
-24.160587
-23.668467
-23.356863
-23.054571
-22.850416
-22.752995
-22.525917
-22.302422
-21.957150
-21.672049
-21.273767
-20.810301
-20.371906
-20.046690
-19.779499
-19.427780
-18.951418
-18.543108
-18.205000
-17.811018
-17.493683
-17.202135
-16.840387
-16.399126
-15.969327
-15.605430
-15.164886
-14.736519
-14.441390
-14.055286
-13.682794
-13.360444
-13.105430
-12.760158
-12.307436
-11.958582
-11.564599
-11.068897
-10.694971
-10.518037
-10.241533
-10.028066
-9.645544
-9.166318
-8.719327
-8.384799
-8.269470
-8.138381
-7.838238
-7.364026
-7.159155
-7.045258
-6.855430
-6.546690
-6.415602
-6.383367
-6.275200
-6.159871
-5.953568
-5.848983
-5.800989
-5.683510
-5.427779
-5.317464
-5.124771
-4.789527
-4.499413
-4.250129
-4.065315
-3.612593
-3.390530
-3.136948
-2.847550
-2.559585
-2.368324
-2.210014
-1.879785
-1.513023
-1.173481
-0.827493
-0.553138
-0.270186
0.045716
0.491275
0.723367
0.898868
1.088696
1.219069
1.538553
1.684685
1.916060
2.237693
2.322221
2.575802
2.827951
3.030673
3.118782
3.363768
3.732679
3.928954
4.100874
4.362335
4.469785
4.610903
4.791419
4.939699
5.211189
5.429670
5.388840
5.460473
5.400301
5.418925
5.395287
5.340845
5.486977
5.545716
5.718352
5.773510
5.845143
5.911046
6.085114
6.191848
6.345143
6.219069
6.201160
6.209040
6.342994
6.514198
6.644570
6.690415
6.979814
7.057894
7.234828
7.451877
7.715487
7.991275
8.190415
8.396719
8.563624
8.657464
8.779957
9.059326
9.415344
9.703309
9.755602
9.896719
9.991991
10.100158
10.398151
10.513481
10.735544
10.853023
10.766347
10.885974
11.034255
11.153166
11.216920
11.285687
11.487694
11.613768
11.661762
11.700444
11.887407
12.170358
12.210473
12.189699
12.188267
12.328668
12.514915
12.674656
12.744857
12.700444
12.669641
12.984112
13.145287
13.174656
13.296432
13.384542
13.480530
13.516347
13.570788
13.658896
13.633109
13.545000
13.585114
13.592995
13.735544
13.926805
14.098725
14.156032
14.247722
14.300731
14.433252
14.487694
14.557894
14.577235
14.522078
14.441132
14.494141
14.678238
14.863051
14.950444
14.967636
14.896003
15.023510
15.096576
15.176805
15.134542
15.032106
14.956891
14.928238
15.005602
15.056461
14.922507
14.838696
14.906032
14.815058
14.808610
14.920358
14.985544
14.859470
14.816490
14.946862
15.188267
15.255602
15.253452
15.389556
15.563624
15.497722
15.354456
15.194714
14.992708
15.016347
15.100158
15.141705
15.317923
15.403883
15.332250
15.020645
14.762049
14.508467
14.443997
14.257034
14.123796
14.140988
14.060760
14.047149
14.079384
14.136690
14.269928
14.312908
14.144570
14.117350
14.067206
14.128095
14.100158
14.030673
14.148151
14.284971
14.413911
14.307894
14.261333
14.289269
14.436117
14.377378
14.363051
14.424656
14.476949
14.580816
14.542134
14.412478
14.535687
14.797865
14.747005
14.772078
14.877378
14.907464
14.800014
14.914627
14.933969
14.876662
14.898869
14.965487
14.940415
15.035687
15.105888
15.176089
15.143854
15.219785
15.192564
15.115917
14.956891
15.000587
14.926089
14.920358
14.789986
14.784971
14.850874
14.869498
14.877378
14.966204
14.864484
14.650301
14.559326
14.518496
14.496289
14.438983
14.330100
14.277808
14.291418
14.295000
14.130243
14.151017
14.156032
14.170358
14.128095
14.103739
14.192564
14.089413
14.032823
14.067206
14.140272
14.159614
14.148151
14.095143
14.037837
14.009900
13.923223
13.930387
13.969069
13.974083
14.072937
14.085831
14.068639
13.961905
13.832250
13.747005
13.740559
13.762765
13.757034
13.623796
13.612335
13.523510
13.633109
