-0.008989
0.098854
0.082262
0.015897
-0.115324
-0.069321
0.006094
0.083017
0.086787
-0.051976
-0.227692
-0.268416
-0.138703
-0.053484
0.049080
0.030980
0.017406
0.104887
0.216501
0.264012
0.297195
0.342443
0.194630
0.084525
0.021931
0.155415
0.236863
0.070196
0.042293
-0.134178
-0.340814
-0.245038
-0.149261
-0.034630
0.026456
-0.060271
-0.207330
-0.303107
-0.243529
-0.205068
-0.089683
0.119970
0.160694
0.107903
0.046063
0.086033
0.058884
-0.024827
-0.064042
-0.071584
0.089804
0.113937
-0.072338
-0.174902
-0.251825
-0.171131
-0.247300
-0.156048
-0.288024
-1.986365
-10.235234
-35.088928
-93.448654
-197.209595
-292.049713
-362.297089
-418.950928
-462.867218
-490.488617
-504.887573
-510.717896
-508.957703
-501.189972
-491.419250
-478.677917
-464.020294
-449.624359
-434.803864
-419.670380
-405.301605
-391.192261
-377.567810
-364.153046
-350.812164
-337.909454
-325.435089
-312.779724
-299.960724
-287.451660
-275.094971
-263.038391
-250.846848
-238.788025
-227.161331
-215.716385
-204.171890
-192.680176
-181.558014
-170.572342
-159.968262
-149.777466
-139.480331
-128.936584
-118.945641
-109.092697
-99.533119
-90.146248
-80.749565
-71.481087
-62.470528
-53.578369
-44.955444
-36.759365
-28.711855
-20.929050
-13.231463
-5.579879
1.954811
9.199909
16.616199
23.764011
30.532488
37.045311
43.539276
50.042294
56.319065
62.389202
68.441238
74.243652
79.659943
84.868088
90.098099
95.245155
100.470650
105.097343
109.267029
113.310013
117.303230
121.446518
125.384674
128.972916
132.787384
136.563416
139.897491
143.030228
146.155411
149.241394
152.098099
154.613190
157.345459
159.786636
162.161453
164.759491
167.080750
169.172760
171.223282
173.193878
175.067932
176.768539
178.714996
180.483475
181.781357
183.193878
184.645615
185.665222
186.401260
187.086029
187.911072
188.569443
189.202927
189.980453
190.760239
191.174271
191.646362
192.137314
192.600357
192.870346
193.150131
193.251190
193.304733
193.451035
193.632797
193.543808
193.233093
192.961594
192.732330
192.490250
192.145615
191.705948
191.180298
190.660690
190.177292
189.545303
188.591309
187.474426
186.695389
185.762497
184.822083
183.986481
182.960083
181.930679
180.824341
179.807755
178.788147
177.747421
176.386932
174.957825
173.728561
172.639572
171.422379
169.900513
168.403534
167.012131
165.807755
164.538528
163.060394
161.428421
159.951797
158.416351
156.874878
155.384674
153.922379
152.293427
150.670502
149.089798
147.665222
146.245911
144.567932
142.977432
141.446518
139.782104
138.065674
136.564163
134.930679
133.030228
131.076981
129.225555
127.601868
125.813034
124.162201
122.695381
121.213486
119.826607
118.510620
116.982712
115.541542
113.989502
112.259491
110.558128
108.877892
107.113182
105.387695
103.862808
102.281357
100.693878
99.026459
97.267029
95.665970
94.087540
92.540787
90.948021
89.514389
87.932190
86.217255
84.502319
82.868088
81.138069
79.530228
77.911827
76.469894
74.805489
73.139580
71.600365
70.116951
68.391464
66.633545
65.067932
63.609413
62.182564
60.630527
59.232338
57.880150
56.616955
55.218761
53.609413
52.135052
50.650890
49.141087
47.690861
46.119968
44.677284
43.178795
41.802475
40.560390
39.357525
38.054359
36.843952
35.576984
34.280602
32.958584
31.773815
30.472157
29.215746
28.009865
26.813786
25.697647
24.532488
23.322081
22.018913
20.926908
19.837164
18.681810
17.641840
16.472912
15.356772
14.117707
12.794178
11.594329
10.616199
9.660694
8.598854
7.325098
6.239125
5.367331
4.285882
3.235354
2.298703
1.205943
0.138069
-0.935083
-2.157557
-3.528597
-4.745792
-5.627391
-6.526335
-7.438854
-8.410196
-9.316682
-10.384555
-11.513515
-12.617587
-13.414721
-14.392097
-15.450166
-16.332520
-17.245037
-17.931313
-18.692247
-19.504465
-20.381538
-21.128899
-21.873243
-22.386063
-22.754841
-23.337044
-23.935083
-24.514269
-25.011251
-25.553484
-25.924524
-26.443378
-26.996923
-27.689230
-28.219397
-28.577618
-28.951674
-29.490891
-30.005219
-30.754087
-31.306124
-31.662081
-32.015022
-32.567059
-33.182442
-33.671886
-33.994659
-34.481838
-34.877014
-35.275204
-35.750317
-36.022564
-36.225430
-36.569321
-36.963741
-37.282745
-37.487118
-37.824223
-38.268417
-38.646999
-39.082142
-39.628143
-40.466759
-41.376259
-42.279728
-43.103256
-43.518795
-43.700542
-43.941872
-44.432819
-45.051975
-45.531612
-45.737495
-45.924526
-46.101749
-46.462986
-46.571583
-46.698280
-46.800846
-46.916985
-47.027088
-47.011253
-47.027843
-46.929806
-46.992397
-47.174900
-47.316681
-47.269169
-47.270679
-47.362686
-47.439610
-47.419998
-47.272186
-47.423771
-47.532368
-47.622868
-47.670376
-47.796318
-47.794056
-47.797073
-47.867966
-47.723167
-47.572338
-47.485611
-47.589684
-47.681690
-47.918491
-47.797829
-47.588177
-47.561028
-47.759365
-47.868717
-47.848354
-47.471283
-47.420753
-47.465248
-47.358158
-47.277466
-47.114571
-46.950165
-46.852127
-46.818192
-46.849110
-47.050468
-47.018040
-46.699787
-46.604767
-46.815174
-47.058762
-46.901901
-46.660572
-46.530861
-46.576862
-46.558762
-46.394360
-46.220150
-46.223923
-45.991646
-45.964497
-46.171886
-46.220150
-45.987118
-45.894360
-45.875504
-45.727692
-45.773697
-45.743530
-45.657558
-45.486366
-45.383045
-45.276711
-45.260876
-45.174900
-45.042171
-44.824978
-44.606274
-44.642475
-44.382294
-44.116077
-44.082142
-43.984104
-43.782745
-43.456955
-43.398129
-43.325733
-43.063290
-42.867966
-42.817436
-42.863438
-42.601749
-42.395866
-42.296318
-42.233727
-42.163589
-42.045944
-41.869473
-41.533875
-41.294056
-41.116833
-41.082897
-41.028599
-40.898884
-40.569321
-40.223923
-40.072338
-40.065552
-39.867210
-39.521057
-39.295567
-39.203560
-39.166607
-38.990135
-38.791042
-38.477314
-38.350620
-38.129654
-38.099487
-37.914722
-37.638702
-37.403408
-37.215626
-37.008991
-36.784252
-36.794811
-36.739006
-36.602505
-36.364948
-36.129654
-35.930557
-35.677917
-35.475052
-35.275204
-35.028599
-34.949413
-34.821205
-34.462231
-34.139458
-33.966759
-33.882294
-33.935837
-33.873241
-33.540665
-33.406425
-33.380032
-33.226185
-33.001450
-32.784252
-32.408688
-32.168869
-32.160572
-32.012760
-31.741266
-31.382292
-31.258612
-31.247301
-31.225430
-31.222414
-31.112309
-31.128145
-31.084404
-30.847601
-30.742775
-30.667360
-30.554237
-30.383801
-30.223167
-30.014269
-29.800091
-29.662836
-29.487120
-29.207331
-28.928295
-28.659819
-28.420753
-28.078371
-27.729200
-27.550468
-27.550468
-27.406425
-27.150768
-26.912458
-26.749563
-26.421509
-26.249563
-26.061779
-25.873997
-25.671131
-25.462233
-25.284254
-25.141720
-24.886818
-24.616833
-24.313665
-24.119095
-23.950167
-23.806124
-23.617586
-23.438854
-23.258612
-23.036139
-22.721659
-22.600996
-22.507481
-22.314419
-22.182444
-21.951674
-21.688477
-21.205069
-20.906425
-20.819698
-20.723167
-20.415476
-20.189985
-20.079880
-19.870981
-19.685459
-19.606274
-19.638702
-19.321960
-18.978069
-18.723921
-18.409441
-18.162081
-17.981840
-17.866455
-17.827240
-17.665852
-17.522564
-17.304615
-17.192247
-16.850618
-16.631916
-16.448658
-16.236742
-16.143982
-16.158310
-16.203560
-16.134932
-15.926787
-15.673393
-15.406425
-15.294811
-15.246546
-15.174902
-14.923017
-14.867209
-14.766908
-14.659819
-14.386064
-14.181689
-13.965249
-13.743529
-13.583650
-13.527089
-13.345340
-13.352880
-13.257858
-13.132669
-12.956953
-12.770679
-12.543680
-12.328748
-12.219397
-11.953182
-11.708838
-11.448658
-11.296320
-11.232971
-11.140965
-11.079880
-10.937346
-10.860422
-10.757104
-10.529351
-10.333273
-10.259367
-10.169623
-10.179427
-10.080633
-9.952429
-9.837798
-9.561780
-9.377768
-9.146998
-8.880031
-8.637195
-8.491644
-8.581388
-8.599487
-8.714871
-8.505219
-8.343077
-8.245038
-8.001448
-7.834027
-7.699035
-7.495415
-7.174902
-6.838552
-6.778220
-6.652277
-6.676410
-6.750317
-6.626637
-6.319698
-6.240513
-6.394359
-6.374751
-6.172639
-6.026335
-5.931312
-5.801599
-5.686968
-5.554238
-5.429050
-5.339306
-5.360422
-5.425279
-5.233726
-4.937346
-4.771433
-4.682444
-4.606275
-4.611554
-4.533122
-4.395867
-4.403409
-4.498431
-4.414721
-4.116833
-3.883047
-3.831011
-3.646998
-3.383801
-3.186968
-3.165098
-3.168869
-3.038401
-2.923017
-2.820452
-2.735988
-2.711855
-2.646998
-2.426033
-2.307632
-2.222413
-2.058763
-2.141719
-2.050467
-1.916229
-1.913967
-1.844585
-1.905671
-1.676410
-1.439608
-1.466003
-1.429050
-1.300845
-1.300091
-1.121357
-0.999940
-0.913967
-0.877014
-1.030860
-0.970528
-0.827240
-0.824977
-0.735234
-0.600995
-0.533122
-0.266908
-0.138703
-0.012006
-0.026335
0.054359
0.140332
0.115445
0.179548
0.211222
0.334148
0.592821
0.776833
0.761750
0.828869
0.871855
0.934449
1.099608
1.143348
1.009110
1.051342
1.224796
1.257225
1.245158
1.249683
1.384676
1.453303
1.588296
1.817557
1.861297
1.921629
1.892971
1.997044
2.155415
2.205943
2.202172
2.199909
2.313032
2.414842
2.450287
2.401267
2.453303
2.592066
2.626757
2.705189
2.653907
2.679548
2.808507
2.959336
3.087542
3.181056
3.214993
3.263258
3.303228
3.270045
3.264766
3.165973
3.202926
3.247421
3.109412
3.000814
3.000814
3.195385
3.368839
3.515143
3.654661
3.696893
3.803228
3.825098
3.825852
3.825098
3.846214
3.744404
3.682564
3.701418
3.656923
3.708205
3.834902
3.941991
4.061146
3.980453
3.932187
3.874872
3.933695
3.993273
4.169744
4.190860
4.096591
4.028718
4.161448
4.128265
4.103379
4.051342
4.183318
4.228567
4.291915
4.423137
4.448024
4.402775
4.322835
4.179547
3.766274
3.482715
3.210468
3.055113
2.948024
2.787391
2.851493
2.955566
2.955566
2.981961
3.011373
3.021177
3.159940
3.327360
3.413333
3.495535
3.623741
3.827360
3.863559
3.862051
3.909563
3.950287
3.975173
4.037768
4.199910
4.349231
4.475173
4.525702
4.463107
4.420875
4.492519
4.659940
4.727813
4.760995
4.714993
4.755716
4.785128
4.892972
5.001569
5.167481
5.211222
5.183318
5.127512
5.108658
5.126757
5.064917
5.062654
5.153906
5.260995
5.271554
5.353755
5.450286
5.492519
5.464615
5.446516
5.620724
5.699910
5.725551
5.684826
5.811523
5.807753
5.896742
5.825852
5.836410
5.861297
5.895988
6.024193
6.029472
5.859789
5.555867
5.525702
5.668235
5.754962
5.896742
5.892972
5.824344
5.825098
5.879397
5.878643
5.893725
5.870347
6.021176
6.027964
6.127512
6.110166
6.081508
6.162956
6.186335
6.243650
6.380151
6.342443
6.180302
6.159940
6.144103
6.143348
6.093575
6.126003
6.077737
5.985732
6.058130
5.961599
5.936712
5.723288
5.762504
5.846214
5.871855
5.902775
5.934450
5.998552
6.158432
6.115445
6.156169
6.122232
6.190105
6.172760
6.199910
6.144103
6.143348
6.051342
6.099608
6.292670
6.239879
6.139578
6.059638
6.011373
5.965370
5.994027
6.048326
6.117707
6.289653
6.196139
6.282866
6.181810
6.000061
5.817556
5.848476
5.782112
5.823590
5.730830
5.667481
5.697647
5.637315
5.565671
5.399759
5.208205
