0.154398
0.210989
0.044083
-0.122106
-0.139298
-0.156490
-0.038295
-0.112077
-0.182994
-0.032564
0.024742
-0.021103
0.002536
0.074169
0.193080
0.073453
0.013281
0.075602
-0.009642
-0.122106
-0.133567
-0.026834
0.048381
-0.009642
0.039069
0.032622
0.046232
0.083481
0.088496
-0.079126
-0.167951
-0.043309
-0.001762
0.069871
-0.099900
-0.105630
-0.055487
-0.067665
-0.008926
0.071304
0.100673
0.069155
0.016862
-0.079842
-0.074112
-0.113510
-0.029699
0.085630
0.123596
0.291934
0.281189
0.130759
-0.027550
-0.286146
-0.283997
-0.074112
0.000387
-0.092736
-0.650043
-3.298324
-12.361362
-36.248898
-89.821960
-182.622101
-273.452332
-350.112091
-418.022522
-470.088440
-505.638580
-528.768250
-541.509644
-544.470947
-540.756042
-532.445190
-519.501770
-503.806915
-487.406494
-469.667938
-450.591309
-432.765381
-415.616364
-399.152893
-383.397186
-368.101318
-353.296906
-339.117798
-325.605621
-312.452332
-299.430115
-286.435852
-273.742462
-261.203766
-248.821960
-236.872101
-225.090591
-213.210220
-201.635712
-190.275406
-178.887863
-167.690872
-156.697327
-145.496033
-134.552628
-124.043312
-113.607063
-103.210930
-93.290443
-83.812653
-74.286148
-64.747467
-55.500328
-46.290443
-37.329842
-29.016806
-21.002478
-13.012507
-5.494599
1.948811
9.488926
17.044800
24.425888
31.412277
38.180187
44.743938
51.048382
57.404400
63.473167
69.265427
75.212418
81.118584
86.683052
92.029037
97.364281
102.611420
107.503250
112.228180
116.866432
121.465286
125.857834
129.992508
134.126465
138.221024
142.175888
145.752533
148.903687
152.025452
155.322739
158.478897
161.347092
164.291214
166.991791
169.511139
172.034058
174.517578
176.986053
179.241791
181.467438
183.776169
185.821304
187.802673
189.728897
191.351395
192.648666
194.092789
195.526886
196.680908
197.688065
198.813431
199.712418
200.633621
201.142944
201.705261
202.059845
202.241074
202.453827
202.776169
202.968872
203.245377
203.679474
203.860703
203.678757
203.434479
203.130035
202.684479
202.266861
201.898666
201.652252
201.112854
200.461700
200.044083
199.649384
199.153687
198.582047
197.895798
196.910126
195.814850
194.792648
193.875748
192.657257
191.224594
190.168732
189.050537
187.800537
186.700241
185.704544
184.444519
183.275452
182.097092
180.761139
179.451675
178.231049
177.024033
175.571304
174.186630
172.883621
171.530472
170.183762
168.680908
167.238922
165.818436
164.333481
162.609985
161.038345
159.492508
157.897949
156.302673
154.688782
153.140076
151.698807
150.132904
148.566284
147.151535
145.708847
144.220306
142.556259
140.873596
139.246811
137.501816
135.774033
134.001816
132.228897
130.510422
128.763992
127.015427
125.348526
123.662277
122.046234
120.354973
118.554825
116.792648
114.978180
113.311989
111.671593
109.849960
107.769012
105.595657
103.556976
101.591362
99.569870
97.608551
95.668007
93.726746
91.915863
90.188065
88.406548
86.602821
84.870018
83.323456
81.423737
79.700958
78.075600
76.473167
74.881477
73.254684
71.635773
70.114281
68.779755
67.798378
66.612854
65.188782
63.691647
62.135056
60.506832
58.872879
57.326317
55.940929
54.342793
52.757549
51.263996
49.849239
48.246803
46.568439
45.038353
43.481045
42.085629
40.811275
39.385056
37.835629
36.548382
35.333481
34.114285
32.735344
31.225315
29.976748
28.882193
27.765430
26.433767
24.844942
23.473166
22.272593
20.938782
19.698095
18.695946
17.702393
16.503969
15.155831
13.731046
12.392220
10.981046
9.508266
8.252536
6.969584
5.632908
4.329184
3.002536
1.743224
0.633625
-0.427264
-1.578410
-2.794026
-3.695888
-4.544026
-5.564083
-6.645745
-7.478123
-8.263940
-9.206634
-10.066232
-10.929413
-11.630702
-12.382851
-13.197321
-13.983137
-14.858496
-15.634284
-16.273252
-17.006777
-17.668667
-18.352764
-19.106346
-19.978123
-20.721676
-21.549040
-22.278267
-22.868525
-23.493883
-24.206633
-24.755344
-25.435143
-26.122822
-27.001762
-27.554054
-27.960215
-28.329126
-28.896461
-29.488869
-29.867807
-30.379269
-30.821962
-31.299040
-31.909355
-32.511074
-32.936577
-33.550472
-34.133568
-34.731705
-35.197319
-35.728123
-36.200188
-36.666519
-37.112793
-37.539726
-37.853481
-38.213795
-38.453053
-38.803337
-39.298325
-39.704483
-40.134285
-40.554771
-41.041878
-41.571964
-42.070530
-42.522537
-42.932995
-43.374256
-43.760357
-44.187294
-44.506062
-44.552620
-44.776119
-45.190159
-45.493881
-45.701618
-45.892879
-46.122105
-46.460217
-46.602764
-46.842022
-47.080559
-47.296173
-47.496746
-47.708065
-47.997463
-48.231705
-48.602047
-48.785431
-48.925114
-49.109928
-49.326260
-49.584858
-49.895027
-49.939442
-50.018955
-50.046173
-50.182278
-50.383568
-50.449471
-50.643597
-50.723110
-50.740299
-50.799755
-50.715946
-50.831993
-50.930847
-50.958782
-51.012508
-51.054054
-51.034714
-51.036144
-50.969528
-50.999615
-51.104916
-51.170818
-51.184425
-51.186577
-51.271820
-51.279697
-51.195889
-51.212364
-51.251762
-51.191589
-50.980988
-50.831276
-50.992451
-51.077694
-51.081276
-51.152908
-51.058353
-50.886433
-50.743168
-50.834858
-50.820530
-50.824112
-50.753910
-50.606346
-50.438725
-50.309071
-50.089153
-49.864227
-49.817665
-50.025402
-50.056919
-50.001045
-49.914371
-49.890732
-49.688725
-49.682278
-49.617809
-49.457348
-49.336288
-49.290443
-49.253197
-49.168667
-49.086288
-48.928696
-48.707348
-48.523968
-48.477406
-48.360645
-48.253197
-48.129269
-47.918667
-47.892162
-47.841305
-47.600616
-47.294025
-47.089870
-46.973824
-46.792595
-46.714512
-46.566231
-46.327694
-46.052620
-45.903625
-45.774685
-45.656490
-45.336288
-45.081993
-45.002480
-44.915802
-44.628551
-44.304054
-44.137150
-44.148609
-43.893597
-43.687294
-43.536861
-43.468811
-43.340588
-43.217377
-43.163654
-43.048325
-43.025402
-43.115658
-42.973824
-42.765373
-42.623539
-42.563366
-42.387867
-41.988152
-41.560501
-41.370674
-41.268238
-40.850616
-40.458782
-40.349899
-40.241734
-39.912220
-39.640015
-39.450188
-39.226692
-38.944454
-38.677979
-38.490299
-38.080559
-37.919384
-37.941589
-37.986721
-37.747463
-37.448753
-37.267521
-37.061218
-36.716663
-36.239586
-36.104198
-35.970245
-35.659355
-35.329842
-35.028984
-34.778267
-34.680847
-34.752480
-34.517521
-34.273968
-34.071964
-33.896461
-33.649326
-33.399326
-33.180130
-32.950901
-32.727406
-32.422249
-32.134285
-32.099182
-31.998898
-31.799757
-31.640015
-31.509642
-31.349184
-31.079842
-30.816948
-30.597752
-30.101332
-29.637150
-29.545458
-29.614943
-29.506777
-29.210932
-29.099184
-28.907206
-28.874254
-28.731705
-28.541161
-28.176548
-27.790443
-27.292593
-27.013939
-26.868525
-26.849184
-26.937292
-26.947321
-26.792593
-26.556919
-26.273252
-26.083424
-25.887150
-25.842020
-25.741016
-25.494598
-25.277550
-24.887150
-24.701618
-24.578409
-24.427980
-24.150043
-23.892879
-23.645744
-23.483854
-23.306204
-23.023252
-22.738869
-22.475258
-22.371389
-22.231705
-21.995316
-21.751045
-21.648611
-21.498898
-21.299757
-20.923681
-20.757492
-20.645744
-20.372107
-20.140015
-20.132851
-20.031132
-19.720243
-19.508209
-19.400759
-19.021820
-18.669384
-18.463079
-18.208782
-17.928696
-17.888582
-17.915087
-17.692307
-17.314800
-17.053339
-17.033281
-16.747465
-16.492451
-16.352764
-16.413652
-16.263939
-16.127836
-16.076262
-16.268238
-16.556919
-17.054771
-17.471676
-17.917234
-18.315516
-18.361361
-18.500330
-18.573395
-18.480989
-18.091303
-17.712364
-17.328409
-17.031849
-16.914370
-16.652191
-16.301905
-16.185143
-15.910071
-15.501762
-15.219527
-14.971676
-14.799040
-14.538295
-14.305487
-13.935860
-13.591304
-13.585573
-13.474542
-13.318381
-13.083424
-12.988152
-12.883568
-12.599899
-12.311934
-11.970960
-11.528983
-11.333424
-11.146461
-10.878553
-10.526117
-10.354914
-10.107063
-9.931561
-9.744598
-9.458782
-9.271103
-8.998180
-8.594169
-8.188725
-7.971676
-7.879269
-7.706633
-7.547607
-7.260358
-7.089871
-6.996748
-6.803338
-6.675115
-6.576977
-6.345602
-6.107063
-6.036146
-5.940874
-5.592020
-5.344169
-5.201619
-5.014656
-4.829126
-4.622822
-4.415802
-4.168668
-3.985286
-3.968095
-3.844169
-3.765373
-3.764656
-3.627120
-3.309785
-3.188725
-3.122106
-3.026118
-2.872822
-2.785430
-2.603481
-2.383567
-2.145745
-2.004627
-1.945172
-1.756060
-1.732421
-1.580559
-1.422249
-1.277550
-1.294742
-1.261075
-1.291877
-1.407923
-1.576261
-1.411504
-1.350616
-1.170817
-0.959499
-0.745315
-0.768954
-0.701619
-0.635716
-0.494599
-0.306203
-0.091304
0.147951
0.473883
0.621447
0.647235
0.832049
0.991791
1.011848
1.069155
1.168725
1.251103
1.444513
1.534054
1.632908
1.722450
1.986776
2.132192
2.135774
2.116433
2.098524
2.020444
1.922307
1.911562
1.920874
1.961705
1.930186
1.886490
1.955258
2.041934
2.322020
2.540501
2.626461
2.696662
2.875029
2.992507
2.824885
2.976032
3.162994
3.160845
3.162994
3.144370
3.082049
3.112135
3.248954
3.635057
3.873596
3.892221
3.829183
4.019011
4.072736
4.232479
4.511132
4.599957
4.501820
4.589928
4.700243
4.821304
4.812708
4.869298
4.910845
4.863567
4.769011
4.700960
4.897235
5.021877
5.294799
5.382192
5.484628
5.477464
5.452393
5.468152
5.367866
5.404398
5.493224
5.580616
5.604255
5.637923
5.636490
5.682335
5.861418
5.989642
6.012565
6.059843
5.976748
5.882908
5.950960
6.069155
6.210272
6.325602
6.430186
6.303395
6.263281
6.072736
5.934484
5.993224
6.062708
6.137206
6.204542
6.349957
6.486060
6.559126
6.508266
6.577034
6.538352
6.528324
6.538352
6.642937
6.830616
6.952393
6.908696
6.932335
6.908696
6.959556
7.022593
7.019011
6.983911
6.880759
6.942364
6.987493
6.995372
6.999671
7.050530
7.137923
7.058410
6.951676
6.842793
6.849957
6.785487
6.742507
6.716719
6.682335
6.686633
6.801247
6.787636
6.718152
6.754685
6.805544
6.682335
6.671590
6.781189
6.875029
6.984628
7.029757
7.061275
7.076318
7.074169
7.178753
7.273309
7.436633
7.560559
7.471017
7.343510
7.336347
7.206690
7.195229
7.166576
7.269011
7.410129
7.495372
7.286920
7.022593
7.084198
7.264713
7.165143
7.008266
6.964570
7.067006
7.082049
7.008983
6.990358
7.107837
7.115716
7.049814
6.983911
6.907980
7.031189
7.072020
7.103539
7.193080
7.292650
7.434484
7.452393
7.432335
7.503252
7.382192
7.400816
7.299814
7.183052
7.056261
7.034771
7.054828
6.961705
6.916576
6.908696
6.949527
6.858553
6.706690
6.738925
6.865000
7.203825
7.326318
7.268295
7.163711
7.049098
7.064140
7.178037
7.155831
7.154398
7.261132
7.286920
7.095659
6.996805
6.963138
6.958839
6.998954
6.866433
6.494656
6.233911
6.019011
5.901533
5.834198
5.909412
5.924456
5.866433
5.745372
5.515430
5.557693
5.790502
5.871447
5.857121
5.811275
5.820587
5.851390
5.748238
5.731762
5.882908
5.903682
5.925172
5.844226
5.665860
5.492507
5.531906
5.539785
5.456690
5.358553
5.463854
5.592793
5.610702
5.694513
5.531906
5.448094
5.530473
5.531906
5.551963
5.660129
5.664427
5.551247
