0.153897
0.171846
0.110308
0.091077
-0.155077
-0.047385
-0.021744
0.079538
0.233385
0.246205
0.193641
0.221846
0.250051
0.215436
0.237231
0.038513
-0.078154
-0.252513
-0.066615
-0.026872
0.057744
0.073128
0.129538
0.269282
0.162872
0.033385
0.126974
0.365436
0.370564
0.264154
0.133385
0.103897
0.170564
0.191077
-0.044821
-0.032000
-0.001231
-0.006359
-0.157641
-0.370462
-0.444821
-0.482000
-0.443538
-0.475590
-0.424308
-0.388410
-0.253795
-0.189692
-0.128154
-0.203795
-0.287128
-0.165333
-0.206359
-0.147385
-0.180718
-0.114051
-0.048667
0.068000
0.062872
-0.898667
-7.606359
-31.749949
-103.006355
-235.457642
-370.043549
-500.179443
-616.629456
-705.806335
-768.173035
-809.714050
-832.907654
-840.371765
-836.324280
-821.935852
-799.878174
-774.461487
-744.701233
-712.155090
-681.805054
-651.957642
-622.838440
-595.855103
-569.629456
-544.725586
-521.121765
-498.271729
-476.261475
-455.610199
-435.949951
-416.567902
-398.110199
-380.056366
-362.289703
-344.944824
-327.588409
-310.273041
-293.046112
-276.125580
-259.356354
-242.451233
-225.680725
-209.570465
-193.515335
-177.584564
-162.158920
-146.714050
-131.847382
-117.692253
-103.739693
-90.039696
-76.951233
-63.985847
-51.144821
-38.540974
-26.292257
-14.008924
-2.208923
9.659025
21.205179
32.369282
43.239796
53.721848
64.041077
74.405182
84.246208
94.192360
103.635948
112.493645
121.182106
129.592361
137.659027
145.191071
152.726974
159.885956
166.774414
173.478256
179.982101
186.123123
192.071854
197.803894
203.459030
208.914154
214.148773
219.110306
223.885956
228.520569
233.244919
237.933380
241.937225
246.014160
250.483383
254.470566
258.032104
261.359039
264.628265
267.473114
270.107758
272.596191
275.071838
277.279541
279.300049
281.562866
283.580811
285.488525
287.137238
288.430817
289.848755
291.107758
291.930817
292.700043
292.803894
292.683380
293.130829
293.480835
293.323120
293.523132
293.914154
293.928253
293.875702
293.630829
293.480835
293.215424
293.166718
292.817993
292.693634
292.762878
292.302612
291.615448
290.742371
289.889801
289.102631
288.451324
287.419281
286.365448
285.201324
283.941071
282.484680
280.980835
279.461578
277.578247
276.088501
274.739807
273.270569
271.815430
270.467987
269.148773
267.473114
265.683380
263.978271
262.303894
260.484680
258.720551
256.576965
254.535950
252.344925
250.005173
247.817993
245.397491
243.160309
240.980820
238.679535
236.302612
233.794922
231.487228
229.443634
227.371841
224.921844
222.584671
220.209030
217.803894
215.370560
212.770569
210.218002
207.801331
205.256454
202.629532
199.833389
197.048767
194.328262
191.812866
189.347488
186.768005
184.309021
181.905182
179.378250
176.647491
174.053894
171.561584
169.144928
166.596207
164.065430
161.625687
159.166718
156.743637
154.183380
151.882095
149.361588
146.502609
143.614151
140.594925
137.638519
134.896210
132.342361
129.521851
126.778259
124.360306
121.917999
119.430824
117.051331
114.459023
112.156464
109.710304
107.373131
105.148766
102.748772
100.321846
98.196205
96.034668
93.657745
91.357742
89.079536
87.011589
84.637230
82.229538
79.785950
77.324409
75.032104
72.638512
70.187233
67.715439
65.235947
62.924412
60.565437
58.318001
56.139793
53.919281
51.878258
49.848770
47.880821
45.829540
43.902615
42.028255
40.042358
38.103897
36.407745
34.678257
32.860306
30.974411
29.278255
27.891077
26.383385
24.544924
22.779539
21.009026
19.416718
18.064154
16.491077
14.809026
13.192359
11.633385
10.065436
8.553898
7.119282
5.629539
4.075692
2.412872
0.868000
-0.521744
-2.212769
-3.944820
-5.308923
-6.638410
-7.766615
-8.966616
-10.455077
-11.871743
-13.164051
-14.478154
-15.940974
-17.365334
-18.624308
-19.947384
-21.049950
-22.379436
-23.621744
-24.742256
-25.751230
-26.816616
-27.984564
-29.147385
-30.306358
-31.411488
-32.362770
-33.155075
-34.066616
-34.997383
-35.807640
-36.719181
-37.630718
-38.481998
-39.452515
-40.397385
-41.514050
-42.499950
-43.425591
-44.220463
-45.123024
-46.008923
-46.856358
-48.055077
-49.208923
-50.230717
-51.102512
-51.949947
-52.805077
-53.744820
-54.915333
-55.793537
-56.502514
-57.108925
-57.756359
-58.297386
-58.935844
-59.425591
-59.799950
-60.283283
-60.962769
-61.653793
-62.324306
-62.873024
-63.323025
-63.652512
-64.061485
-64.610207
-64.730721
-64.812767
-65.110207
-65.607643
-66.188408
-66.365334
-66.483284
-66.761490
-67.044823
-67.221741
-67.508926
-68.040977
-68.480721
-68.917900
-69.246101
-69.639694
-70.024307
-70.526871
-71.047386
-71.556358
-71.975586
-72.317894
-72.511490
-72.688408
-72.960205
-73.244820
-73.599945
-73.666618
-73.592255
-73.589691
-73.635849
-73.884567
-74.212769
-74.356361
-74.374306
-74.281998
-74.146103
-74.124306
-74.110207
-74.255074
-74.361488
-74.329437
-74.392258
-74.515335
-74.458923
-74.744820
-75.057640
-75.194824
-75.196106
-75.194824
-75.276871
-75.101234
-75.174309
-75.303795
-75.369179
-75.415337
-75.347382
-75.234566
-75.167900
-75.179436
-75.082001
-74.793541
-74.852516
-74.817894
-74.760208
-74.660202
-74.460205
-74.406357
-74.462769
-74.314049
-74.190971
-74.283279
-74.256355
-74.048668
-73.933281
-74.015335
-74.094818
-73.742256
-73.439690
-73.307640
-73.001228
-72.789696
-72.826874
-72.765335
-72.526871
-72.326874
-72.083282
-72.049950
-72.015335
-71.910202
-71.680717
-71.399948
-71.006355
-70.879433
-70.676872
-70.485847
-70.143539
-69.721741
-69.369179
-69.299950
-69.107643
-68.751228
-68.240974
-67.983284
-67.657639
-67.429436
-67.293541
-67.385849
-67.394821
-67.107643
-66.656357
-66.320465
-66.088409
-65.792259
-65.681999
-65.382004
-64.875587
-64.667900
-64.670464
-64.728157
-64.392258
-64.070465
-63.576870
-63.158924
-63.061485
-62.543537
-62.285847
-62.012768
-61.743538
-61.346104
-61.062771
-60.829437
-60.532001
-60.156361
-59.948666
-59.480717
-59.278152
-58.867897
-58.485847
-58.087128
-57.838409
-57.606358
-57.164051
-56.774307
-56.306358
-56.043537
-55.908924
-55.620461
-55.306358
-54.990974
-54.546104
-54.137127
-53.865334
-53.511486
-53.193539
-52.710205
-52.347385
-52.020462
-51.444820
-51.097385
-50.828156
-50.565334
-50.310204
-49.985847
-49.616615
-49.252514
-49.042255
-48.623024
-48.261486
-48.188412
-48.011486
-47.589691
-47.414051
-46.838409
-46.407642
-46.071743
-45.782001
-45.431999
-44.975590
-44.497383
-44.251232
-43.952515
-43.655075
-43.220463
-42.767899
-42.521744
-42.208923
-42.008923
-41.734566
-41.456360
-41.075588
-40.779434
-40.534565
-40.149948
-39.767899
-39.269180
-38.931999
-38.551231
-38.171745
-37.801231
-37.734566
-37.515335
-37.384563
-37.088409
-36.957642
-36.706360
-36.516617
-36.361488
-35.889694
-35.485847
-35.287128
-35.058922
-34.553795
-34.223026
-33.978153
-33.690975
-33.328156
-32.876873
-32.448666
-32.134563
-31.865334
-31.476871
-31.366615
-31.069180
-30.837128
-30.607641
-30.353794
-30.335846
-30.374308
-30.746103
-31.301231
-31.855078
-32.596104
-33.023026
-33.070461
-32.971745
-32.714050
-32.594822
-32.484566
-32.134563
-31.917898
-31.652514
-31.198668
-30.632000
-30.160206
-29.788410
-29.465334
-28.983282
-28.483282
-27.958923
-27.547384
-27.066616
-26.514051
-25.984564
-25.564051
-25.299950
-24.901230
-24.487127
-24.035847
-23.740974
-23.352512
-23.087128
-22.811487
-22.501230
-22.270462
-21.820461
-21.370462
-21.025589
-20.582001
-20.184565
-19.903795
-19.507641
-19.024307
-18.657640
-18.324308
-18.024307
-17.611486
-17.297384
-17.037128
-16.844820
-16.643538
-16.349949
-16.088409
-15.810205
-15.502513
-15.205077
-14.938410
-14.438410
-13.983282
-13.676872
-13.379436
-13.052513
-12.696102
-12.362769
-12.188410
-12.026872
-11.726871
-11.525590
-11.342257
-10.988410
-10.697385
-10.416615
-10.158923
-10.012770
-9.564052
-9.229436
-8.952513
-8.943539
-8.815333
-8.538410
-8.257641
-8.249949
-8.094821
-7.824308
-7.812769
-7.634564
-7.505077
-7.246102
-7.024308
-6.678154
-6.367898
-6.106359
-5.908923
-5.869179
-5.537128
-5.242257
-4.901231
-4.757641
-4.708923
-4.652513
-4.469180
-4.317897
-4.094820
-3.974308
-3.632000
-3.452513
-3.301231
-3.002513
-2.805077
-2.644820
-2.403795
-2.196103
-2.064051
-2.065333
-2.017897
-1.920462
-1.719180
-1.553795
-1.382000
-1.285846
-1.193538
-0.978154
-0.957641
-1.025590
-0.956359
-0.807641
-0.535846
-0.283282
-0.070462
0.191077
0.439795
0.647487
0.839795
1.085949
1.119282
1.280820
1.405180
1.443641
1.523128
1.462872
1.485949
1.496205
1.478256
1.707744
2.051333
2.232103
2.355180
2.634667
2.826974
2.956461
3.105180
3.288513
3.483385
3.602615
3.606462
3.691077
3.612872
3.356462
3.219282
3.274410
3.248769
3.294923
3.339795
3.434667
3.378256
3.391077
3.435949
3.502615
3.546205
3.739795
3.902615
3.860308
3.957744
3.983385
4.112872
4.338513
4.484667
4.574410
4.647487
4.709026
4.697487
4.802615
4.676974
4.610308
4.812872
5.100051
5.288513
5.210308
5.383385
5.625692
5.738513
5.860308
5.934667
6.001333
6.073128
6.148769
6.171846
6.160308
6.409026
6.392359
6.474410
6.646205
6.821846
6.856462
6.811590
6.874410
6.764154
6.843641
7.085949
7.248769
7.248769
7.426974
7.470564
7.459026
7.493641
7.668000
7.788513
7.803897
7.844923
7.650051
7.598769
7.541077
7.738513
7.818000
7.888513
8.092359
8.209025
8.269282
8.418000
8.574410
8.523129
8.601334
8.685948
8.678256
8.714154
8.730821
8.723128
8.711590
8.553898
8.438513
8.380820
8.400051
8.555180
8.353897
8.420564
8.714154
8.879539
8.952616
9.144923
9.226974
9.232102
9.169282
9.296206
9.248769
9.232102
9.256461
9.210308
9.210308
9.203897
9.359026
9.394923
9.476974
9.423128
9.292359
9.123128
8.976974
9.034667
8.868000
8.739795
8.696205
8.855180
8.794923
8.842359
8.996205
8.876974
8.988513
9.141077
9.111589
9.129539
9.166718
9.310308
9.270564
9.278256
9.423128
9.452616
9.305180
9.314154
9.232102
9.170564
9.068000
9.079538
9.011590
8.966718
9.103897
9.216718
9.287230
9.219282
9.269282
9.400051
9.387231
9.350051
9.350051
9.265436
9.283384
9.301333
9.215436
9.170564
9.100051
8.943641
8.879539
8.961590
9.097487
9.176974
9.279538
9.170564
9.085949
9.119282
9.193641
8.923128
8.888513
8.798769
8.614154
8.489795
8.537230
8.528256
8.571846
8.584666
8.474410
8.368000
8.574410
8.710308
8.751333
8.869282
9.016718
8.952616
8.918000
8.868000
8.802615
8.771846
8.728256
8.820564
8.855180
8.739795
8.791077
8.752615
8.596205
8.624411
8.856462
8.892359
8.803898
8.982102
9.188513
9.192359
9.142359
9.112872
9.023129
9.074410
9.011590
9.042359
8.991076
9.146205
9.044923
9.056461
8.905179
8.951333
9.071846
9.269282
9.279538
9.253898
9.218000
9.235949
9.369282
9.302615
9.300052
8.652616
6.864154
4.469282
2.007744
-0.256359
-1.333282
-1.190974
-1.311487
-1.555077
-1.474308
-1.490974
-1.402513
-1.476872
-1.360205
-1.330718
-1.466615
-1.542256
-1.438410
-1.521744
-1.547385
-1.240974
-1.056359
-0.576872
-0.258923
-0.117897
0.060308
