-0.291762
-0.243052
-0.139183
-0.076862
-0.055372
0.079298
0.111533
0.124427
0.100788
0.072851
0.033453
0.076433
0.117980
0.125143
0.069986
0.025573
-0.070415
0.014828
0.168840
0.181017
0.149499
0.032020
0.021275
0.032736
0.016977
0.071418
0.097206
0.050645
-0.081877
-0.132736
-0.132020
-0.062536
0.002650
0.153797
0.059957
0.095057
0.173854
0.169556
0.004799
-0.044628
-0.133453
-0.228725
-0.218696
-0.142765
-0.047493
-0.099785
-0.085458
-0.079728
-0.066117
-0.000931
-0.047493
0.010530
-0.005946
0.016261
0.125143
0.241189
0.297063
0.128725
-0.043911
-1.036031
-7.465115
-31.551075
-105.190041
-243.765976
-390.192902
-532.058228
-659.391357
-760.595459
-834.467957
-885.839783
-916.612671
-929.810364
-929.633423
-919.296753
-898.877014
-872.141357
-842.370544
-810.989441
-779.092651
-747.144897
-716.062561
-686.008789
-657.113403
-629.803223
-603.614807
-578.369812
-554.897766
-532.239441
-510.026733
-488.797485
-468.373413
-448.437897
-428.873413
-409.465118
-390.566132
-371.882751
-353.079010
-334.308960
-316.005951
-297.751648
-279.830444
-262.286743
-244.857666
-227.605515
-210.841904
-194.212250
-177.651367
-161.694336
-146.015259
-130.620560
-115.591904
-100.827576
-86.422852
-72.210098
-58.142765
-44.333309
-30.608381
-17.227293
-4.032450
8.943194
21.473280
33.537033
45.406662
56.939613
68.229012
79.246201
89.964684
100.267693
110.266975
119.870132
129.106522
138.082886
147.108673
155.727585
164.221848
172.619415
180.873001
188.829300
196.314255
203.474716
210.542053
217.710388
224.730438
231.489044
237.910248
244.194626
250.236893
255.926712
261.318542
266.452515
271.394470
275.994049
280.469696
284.846497
288.954651
292.859375
296.511963
299.850067
303.282745
306.400208
309.342194
312.227570
315.119415
317.550659
319.771271
321.991913
324.112976
326.146637
328.234039
329.932465
331.456818
332.933167
334.159515
335.402374
336.500488
337.431030
338.065674
338.690338
339.238312
339.750488
340.083588
340.229736
340.152374
340.181732
339.964691
339.648773
339.351501
338.861542
338.222565
337.721863
337.161682
336.566406
335.980438
335.186035
334.399506
333.477570
332.332153
331.230438
329.819977
328.089325
326.321411
324.605072
322.710388
320.824280
319.067841
317.212524
315.305664
313.398071
311.294189
309.282013
307.203949
305.216827
303.123718
300.897339
298.704651
296.470428
294.067841
291.644470
289.078583
286.383026
283.803497
281.218994
278.717560
276.345062
273.947479
271.453949
268.867249
266.126587
263.531311
260.804932
257.895203
255.138748
252.201080
249.098633
245.739761
242.346497
239.084305
235.971130
232.552078
229.277725
226.125854
223.062103
220.068558
216.999786
214.014832
211.158096
208.317841
205.259811
202.148788
199.294907
196.352936
193.244766
190.261246
187.423859
184.644485
181.729004
178.807098
175.906662
172.919556
169.822845
166.955368
164.383026
161.638031
158.794907
155.989044
153.544907
151.181732
148.542053
145.671707
142.830734
140.170273
137.525574
134.759811
131.990479
129.274139
126.652367
124.062820
121.236176
118.310677
115.617981
113.055656
110.410957
107.713966
104.769127
102.092194
99.545631
97.168121
94.426720
91.751221
89.140182
86.823570
84.494774
82.130157
79.545631
77.019127
74.565689
72.400215
70.080734
67.844337
65.433167
63.218983
61.089325
59.035603
56.916691
54.867981
52.879440
50.673855
48.393051
46.117981
43.962536
41.898067
39.897350
37.791332
35.680302
33.092194
30.049212
26.828581
23.851503
20.953224
18.238323
16.118696
14.141619
12.268410
10.373711
8.277722
6.176719
4.141619
2.013395
0.034169
-1.735172
-3.313968
-5.010243
-6.555373
-8.092622
-9.412823
-10.988753
-12.365544
-13.500215
-14.803940
-16.241619
-17.669270
-19.052507
-20.584742
-22.089756
-23.591188
-24.917120
-26.064684
-27.315401
-28.438610
-29.757378
-31.265259
-32.553940
-33.504513
-34.573280
-35.808952
-37.099068
-38.212250
-39.326145
-40.384171
-41.273136
-42.436462
-43.543911
-44.697922
-45.655659
-46.533882
-47.386318
-48.377724
-49.224426
-49.935745
-50.727291
-51.508095
-52.202938
-53.011677
-53.819698
-54.573997
-55.268841
-56.043194
-56.856232
-57.510242
-58.109814
-58.945774
-59.736603
-60.363396
-61.122707
-61.887753
-62.533165
-63.086891
-63.816116
-64.546059
-65.204369
-65.677147
-66.212250
-66.749496
-67.349068
-68.023140
-68.598351
-68.989471
-69.553940
-70.182877
-70.904945
-71.495201
-72.066833
-72.744484
-73.273857
-73.669983
-74.028152
-74.544624
-74.882736
-75.227295
-75.724426
-76.772423
-77.919266
-78.935745
-79.976578
-80.965118
-81.711533
-82.234459
-82.700073
-83.073997
-83.306808
-83.640617
-83.859818
-83.964401
-83.908524
-84.140617
-84.210098
-84.143478
-84.179298
-84.222275
-84.409241
-84.304657
-84.369843
-84.404228
-84.505226
-84.707954
-84.654945
-84.607666
-84.714401
-84.628441
-84.489471
-84.446487
-84.329727
-84.303940
-84.209381
-84.234459
-84.116974
-83.842621
-83.568268
-83.523857
-83.432877
-83.295341
-83.180733
-83.180016
-83.202217
-83.073280
-83.024567
-82.990906
-82.670700
-82.408524
-82.482307
-82.634171
-82.611244
-82.250931
-82.042480
-82.000214
-81.943626
-81.765259
-81.676430
-81.650642
-81.384171
-81.014542
-80.864830
-80.920700
-80.846207
-80.559669
-80.353363
-80.329727
-80.303223
-80.236603
-80.227295
-80.254517
-80.106949
-79.901360
-79.846207
-79.703651
-79.606232
-79.370560
-79.191475
-78.973709
-78.730156
-78.611244
-78.427864
-78.137032
-77.835457
-77.449356
-77.171417
-76.990906
-76.930016
-76.627007
-76.215118
-75.782448
-75.457954
-75.137032
-74.827576
-74.679298
-74.475861
-74.176430
-73.922852
-73.712967
-73.702217
-73.498062
-73.162109
-72.701508
-72.230873
-71.706520
-71.334740
-71.064682
-70.738754
-70.610527
-70.265259
-70.066116
-70.172852
-70.380585
-70.393478
-70.276718
-70.339760
-70.161392
-69.889183
-69.725143
-69.716545
-69.681450
-69.522423
-69.365547
-69.387032
-69.160675
-68.571129
-68.261673
-67.988754
-67.617691
-67.152794
-66.710815
-66.432877
-66.154228
-65.854797
-65.560387
-65.194344
-64.778152
-64.310387
-63.902794
-63.596920
-63.094055
-62.495201
-62.097637
-61.736603
-61.563969
-61.192192
-60.839039
-60.248783
-59.768841
-59.517406
-59.314686
-59.016689
-58.690044
-58.343338
-58.139900
-57.825428
-57.511677
-57.196491
-56.821850
-56.526718
-56.272423
-55.919270
-55.574715
-55.222996
-54.728008
-54.265976
-53.793194
-53.461533
-53.023136
-52.622707
-52.194340
-51.732307
-51.119125
-50.610531
-50.180016
-49.823997
-49.536030
-49.238754
-48.904228
-48.647778
-48.379154
-47.929298
-47.461533
-47.124142
-46.743053
-46.223709
-45.764542
-45.447922
-44.927864
-44.474426
-44.103367
-43.860531
-43.528870
-43.178581
-42.947922
-42.638466
-42.222279
-41.899929
-41.430016
-40.952221
-40.439327
-39.950073
-39.464397
-39.235889
-38.995201
-38.823997
-38.467979
-38.101219
-37.724426
-37.464397
-37.126289
-36.735889
-36.354084
-35.902077
-35.572563
-35.088326
-34.872707
-34.642048
-34.296776
-33.821850
-33.531734
-33.281734
-32.763107
-32.303223
-31.951504
-31.710100
-31.430731
-31.209383
-30.988037
-30.586891
-30.240187
-29.975143
-29.581160
-29.364828
-29.039614
-28.700071
-28.310387
-28.031017
-27.841906
-27.778152
-27.523853
-27.288181
-27.285315
-27.329012
-27.190042
-27.022421
-26.819698
-26.725859
-26.532450
-26.190042
-25.964397
-25.856949
-25.781017
-25.374857
-24.993052
-24.803223
-24.677149
-24.314684
-23.988754
-23.733023
-23.469412
-23.258095
-22.856949
-22.469412
-22.311819
-22.026003
-21.727293
-21.462965
-21.109814
-20.765259
-20.495201
-20.216547
-19.884169
-19.627007
-19.556805
-19.461533
-19.354084
-19.022421
-18.807522
-18.538897
-18.276003
-17.921419
-17.573997
-17.337608
-17.087608
-16.839756
-16.495916
-16.114111
-15.882736
-15.643481
-15.476576
-15.200071
-14.879155
-14.647063
-14.419986
-14.273854
-14.080444
-13.652078
-13.157092
-12.941476
-12.813969
-12.500931
-12.181447
-11.947923
-11.717263
-11.374857
-11.046777
-10.861962
-10.741619
-10.551074
-10.118410
-10.072564
-9.925716
-9.693624
-9.509527
-9.482306
-9.288897
-8.819699
-8.336175
-8.026719
-7.925000
-7.741619
-7.419270
-7.158525
-7.041762
-7.015258
-6.851218
-6.962249
-7.161390
-7.285315
-7.280301
-7.201504
-7.184312
-6.904943
-6.614112
-6.433596
-6.326146
-6.213682
-6.034599
-5.763109
-5.321132
-4.990902
-4.654226
-4.406375
-4.167120
-3.941476
-3.715115
-3.606948
-3.543195
-3.438610
-3.326146
-3.292479
-3.119126
-2.765258
-2.543195
-2.531734
-2.439327
-2.225860
-1.849069
-1.686461
-1.488754
-1.290329
-1.125573
-0.976576
-0.800358
-0.552507
-0.373424
-0.244484
-0.231590
-0.038897
0.125860
0.261246
0.402364
0.678152
0.812106
0.748352
0.788467
0.787751
0.733309
0.766977
0.799928
0.764828
0.597923
0.642335
0.671705
0.605802
0.605802
0.712536
0.855086
0.848639
0.957521
1.042049
1.076433
1.214685
1.330731
1.523424
1.576433
1.655229
1.888754
2.115115
2.145917
2.358668
2.621562
2.832163
3.098639
3.270559
3.547779
3.826433
3.946060
4.185315
4.540616
4.643768
4.685315
4.756232
4.986891
5.261246
5.554943
5.558524
5.758381
5.864398
6.037751
6.122994
6.294914
6.511963
6.887321
7.024857
6.994771
7.084312
7.195344
7.262679
7.344341
7.326433
7.310673
7.384456
7.578582
7.878725
8.080730
8.150931
8.173854
8.238324
8.239757
8.178868
8.196776
8.261247
8.432450
8.549929
8.709670
8.872278
9.001218
9.031303
8.980444
9.039184
9.134456
9.143768
9.244055
9.431017
9.539184
9.542765
9.599356
9.517694
9.565688
9.645201
9.843625
9.892335
9.899499
9.838611
10.005516
10.183167
10.109384
10.102937
10.330730
10.462536
10.422421
10.572135
10.521276
10.638038
10.826432
10.970415
11.064971
11.008381
10.924570
10.801361
10.731876
10.706805
10.625859
10.597206
10.708954
10.638038
10.688897
10.649499
10.623711
10.614398
10.741189
10.717550
10.809957
10.797063
10.801361
10.880874
10.978295
11.052794
10.979012
10.849356
10.929585
10.856519
10.779155
10.728295
10.844341
10.749785
10.775573
10.595774
10.335029
10.131590
10.143768
10.219699
10.302794
10.229728
10.051361
10.208954
10.188897
10.313539
10.459670
10.353653
10.404513
10.388754
10.312106
10.274140
10.245487
10.354369
10.298495
10.420988
10.681733
10.759813
10.697493
10.690330
10.851504
10.813539
10.755516
10.822135
10.851504
10.962536
10.938897
10.994055
10.899499
11.054226
11.131590
11.115114
11.115831
11.229012
11.346490
11.255516
11.342908
11.429585
11.488324
11.529155
11.668839
11.666691
11.523424
11.418839
11.525573
11.562106
11.562106
11.749069
11.840043
11.697493
11.693194
11.720415
11.592192
11.564971
11.557092
11.645201
11.665257
11.562106
11.479728
11.414541
11.238324
11.232594
11.303510
11.276289
11.252650
11.248352
11.126575
11.073567
10.940330
10.921705
10.918123
11.022708
10.932450
11.025573
11.058524
10.820702
10.664541
10.635888
10.655230
10.612966
10.672421
10.588611
10.616548
10.661676
10.755516
10.768410
10.760530
10.686031
10.634456
10.514828
10.489040
10.466834
10.382307
10.332163
10.338611
10.437464
10.594341
10.766261
10.785602
10.836461
