-0.225648
0.003652
-0.034565
-0.087643
0.122548
0.258429
0.207473
-0.110998
-0.132229
0.056730
0.179873
-0.064289
-0.314820
-0.253248
0.097070
0.143779
0.092824
-0.072781
-0.043057
0.298769
0.447389
0.165011
0.150149
0.114055
0.063100
-0.083397
-0.040934
-0.127983
-0.268110
-0.113121
-0.064289
-0.123737
-0.104628
-0.174692
-0.219278
-0.115244
-0.070658
-0.011210
0.154395
0.145902
0.075839
0.014268
-0.174692
0.014268
0.097070
0.116178
0.154395
0.060977
-0.049427
-0.153461
0.007898
-0.057919
-0.070658
0.088577
0.207473
0.082208
0.054607
-0.181062
-0.860467
-3.801019
-13.418854
-37.036690
-85.308449
-165.094009
-239.641785
-297.444336
-346.338165
-383.153473
-406.397614
-420.839233
-428.062164
-426.917786
-420.745819
-411.514404
-399.098267
-384.794647
-370.263855
-354.590820
-338.728821
-324.121613
-310.391266
-297.830750
-285.834991
-273.864716
-262.461304
-251.142838
-239.801025
-228.854095
-218.565353
-208.431595
-198.440079
-188.359406
-178.522888
-168.747940
-159.028198
-149.187424
-139.801025
-130.832870
-121.996346
-113.002716
-104.178940
-95.747940
-87.998474
-79.680000
-71.331802
-63.452824
-55.864712
-48.463440
-41.134354
-34.038811
-27.244757
-20.463440
-13.618429
-6.641783
0.029130
6.213843
12.105562
18.073715
24.035500
29.570530
34.521698
39.615116
44.706413
49.884754
54.449512
59.116177
63.502590
67.765862
72.165009
76.353973
80.192612
84.171379
88.158638
91.910233
95.474991
98.736137
101.810448
104.596008
107.283905
109.861404
112.407051
115.088577
117.572655
119.840172
121.750999
123.621483
125.744629
128.024887
129.867767
131.460129
133.222336
135.347595
137.192612
138.893250
140.271164
142.218094
143.649094
144.729767
145.523819
146.366714
147.343353
148.668198
149.789215
150.528061
151.447388
152.080078
152.468613
153.020630
153.683060
153.935715
154.181992
154.612991
155.005768
154.827438
154.638474
154.935715
154.914474
154.334869
154.054611
154.190491
154.169250
153.973923
153.612991
153.328491
153.014267
152.555664
152.252060
152.241440
151.729767
150.922974
150.551422
150.022766
149.309387
148.746750
147.859283
146.823181
146.192612
145.606628
145.012146
144.186249
143.596008
142.863525
141.629974
140.710663
139.872025
139.065216
137.971802
136.838043
135.738266
134.583267
133.375198
132.303009
131.056732
129.814697
128.767990
127.976051
126.952698
125.604500
123.636345
121.857155
119.956940
118.417664
116.827431
115.400681
114.421913
113.122551
111.710655
110.241447
108.651207
107.322121
106.237198
104.905991
103.591759
101.967560
100.224457
98.925095
97.511086
96.256310
94.995163
93.668198
92.012146
90.528069
88.910233
87.290276
85.889000
84.530190
83.455879
82.101318
80.680931
78.961189
77.502594
76.122551
75.067345
73.867767
72.763741
71.861404
71.237198
70.334862
69.313629
68.184120
66.874138
65.787094
64.706413
63.430405
62.150150
61.111931
59.933590
58.655457
57.262676
56.043991
55.131039
54.107685
52.956944
51.504715
50.107685
48.956944
48.054607
46.629978
45.334862
43.995159
42.568409
41.313629
40.135288
39.239319
38.362461
36.912357
35.311508
34.152271
33.296646
32.160763
31.179873
29.944204
28.759491
27.610870
26.436773
25.353970
24.513206
23.889002
22.952696
21.455881
19.986666
18.925095
18.063099
16.825308
15.765860
14.990913
14.343354
13.404925
12.385818
11.334862
10.491975
9.695796
8.806200
8.075839
7.165010
6.481359
5.538683
4.576900
3.687304
2.513206
1.203227
-0.325435
-1.705478
-2.985733
-4.108875
-5.168323
-5.885945
-6.437962
-7.168323
-7.905053
-8.363652
-9.342421
-9.977240
-10.688493
-11.297834
-11.773418
-12.378513
-13.130106
-13.845605
-14.106751
-14.573843
-14.960255
-15.117368
-15.450701
-15.811635
-16.709724
-17.609936
-17.985733
-18.251125
-18.663015
-19.314819
-20.149214
-20.752188
-21.227770
-21.641783
-22.102505
-22.626921
-22.820127
-23.236263
-23.936901
-24.412483
-24.737326
-24.873205
-25.068535
-25.225647
-25.467686
-26.147091
-26.711847
-27.153461
-27.758556
-28.242632
-28.414608
-28.756433
-29.384884
-29.849852
-30.198048
-30.512272
-30.767048
-31.225647
-31.639660
-31.939024
-32.070660
-32.270233
-32.463440
-32.503780
-32.626923
-33.062164
-33.263863
-33.401867
-33.520763
-33.728832
-34.174690
-34.316944
-34.609936
-34.983608
-35.323311
-35.635414
-35.631168
-35.873207
-35.839237
-35.648151
-35.643906
-35.813759
-36.047302
-36.359406
-36.686371
-36.739449
-37.013332
-37.060043
-37.191677
-37.359406
-37.454948
-37.512272
-37.754311
-38.125858
-38.170444
-38.238388
-38.340298
-38.626923
-39.066410
-39.072781
-38.913548
-38.756432
-38.716095
-38.629044
-38.881699
-39.043056
-39.100384
-39.013332
-39.191677
-39.295712
-39.013332
-39.083397
-39.943268
-41.232018
-42.794651
-44.520763
-46.253250
-47.476177
-48.206539
-48.722462
-49.164078
-49.060043
-48.705479
-48.034565
-47.639660
-47.077026
-46.580212
-46.378513
-46.096134
-45.420979
-45.036690
-44.705479
-44.465561
-43.868961
-43.312695
-42.907177
-42.747940
-42.573841
-42.336052
-42.166199
-41.979362
-41.792526
-41.614182
-41.671509
-41.811634
-41.696983
-41.325436
-40.675755
-40.488918
-40.149216
-39.830742
-39.537750
-39.280849
-38.922039
-38.775543
-38.552612
-38.450699
-38.510147
-38.391254
-38.261742
-37.786156
-37.219276
-37.002716
-37.043056
-36.896561
-36.531380
-36.420979
-36.251125
-35.771294
-35.357281
-34.883823
-34.845604
-34.771294
-34.739449
-34.382759
-34.121613
-33.970871
-33.873207
-33.516518
-33.011211
-32.862591
-32.758556
-32.730957
-32.567474
-32.459194
-32.234138
-32.036690
-31.847729
-31.556858
-31.193800
-30.936901
-30.588705
-30.497410
-30.280849
-29.949638
-29.788280
-29.764925
-29.495287
-29.399746
-29.049427
-29.026072
-28.743694
-28.639660
-28.548365
-28.480425
-28.450701
-28.403992
-27.981485
-27.629045
-27.038811
-26.707602
-26.380636
-26.429470
-26.588705
-26.582335
-26.699108
-26.588705
-26.353037
-26.164076
-25.919914
-25.539873
-25.374268
-25.089766
-24.779787
-24.711847
-24.690617
-24.469809
-24.047304
-23.843481
-23.818005
-23.752188
-23.512272
-23.316942
-23.155584
-22.981485
-22.781910
-22.677877
-22.941147
-23.331804
-23.756433
-24.208662
-24.467686
-24.682123
-24.936901
-25.130106
-24.964500
-24.699108
-24.350912
-23.949638
-23.340298
-22.924162
-23.053673
-23.017580
-22.699108
-22.459192
-21.994225
-21.531380
-21.110998
-20.873205
-20.803143
-20.801020
-20.849852
-20.718216
-20.465563
-20.221401
-20.329681
-20.189554
-19.875330
-19.319065
-19.219278
-19.100382
-18.947515
-18.673630
-18.127983
-17.807388
-17.970871
-17.972994
-17.826496
-17.089766
-16.837112
-16.550488
-16.338175
-16.327559
-16.053673
-16.098259
-16.023949
-15.987856
-15.832867
-15.701231
-15.444331
-14.962378
-14.767049
-14.682123
-14.567473
-14.531380
-14.607813
-14.658769
-14.673631
-14.597198
-14.276603
-14.168323
-14.106751
-14.172569
-14.068535
-13.792526
-13.612060
-13.370021
-12.941147
-12.471932
-12.051550
-12.040935
-11.985732
-11.854097
-11.548366
-11.363652
-11.374268
-11.074904
-10.845605
-10.609937
-10.391253
-10.518641
-10.463440
-10.614182
-10.395499
-10.187431
-10.028195
-9.696985
-9.624799
-9.423100
-9.370021
-9.263865
-9.350913
-9.478301
-9.512272
-9.183185
-9.028195
-9.026073
-8.905053
-8.488917
-8.115244
-8.081274
-7.915669
-7.894437
-7.917792
-8.172569
-8.446454
-8.431592
-8.106751
-7.860467
-7.622675
-7.701231
-7.437962
-7.193800
-7.066412
-7.060042
-6.962378
-6.815881
-6.525011
-6.690616
-6.956008
-6.813758
-6.633291
-6.440085
-6.208663
-6.032442
-6.040934
-5.934777
-5.584459
-5.474055
-5.225647
-5.249002
-4.943270
-4.686369
-4.601444
-4.471932
-4.459193
-4.389130
-4.446455
-4.285096
-4.325435
-4.302081
-4.017580
-3.834989
-3.745817
-3.414607
-3.263864
-3.297834
-3.336051
-3.223524
-2.888068
-2.677877
-2.813758
-2.879575
-2.764926
-2.739448
-2.758556
-2.637537
-2.414607
-2.223524
-2.032442
-1.877452
-2.060042
-2.244756
-2.202293
-1.813758
-1.696985
-1.671507
-1.760679
-1.535626
-1.491040
-2.106752
-2.563227
-3.174692
-3.491040
-3.550488
-3.890191
-4.032442
-3.994225
-3.832866
-3.745817
-3.711847
-3.752187
-3.905053
-3.790403
-3.461316
-2.898684
-2.529257
-2.011210
-2.019703
-2.142845
-1.966624
-2.004841
-1.932654
-1.525011
-1.282972
-1.454947
-1.556858
-1.497410
-1.293588
-1.183185
-1.000594
-0.578089
-0.518641
-0.730955
-0.514395
-0.370021
-0.215032
0.080085
0.421911
0.685180
0.776476
0.821062
0.959066
1.090701
0.884756
0.804076
0.914480
0.874140
0.791338
0.759490
0.993036
1.356093
1.460127
1.366709
1.636348
1.780722
1.483482
1.564161
1.748875
1.969682
2.266922
2.347601
2.464374
2.748875
2.823185
2.746752
2.863524
2.855032
2.787091
2.920849
2.874140
2.666072
2.784968
3.018514
3.071592
3.271168
3.286030
3.381571
3.714905
3.838047
3.765860
3.891125
3.965435
3.920849
3.946327
3.708535
3.638471
3.710658
3.714905
3.702166
3.651210
3.899618
4.241444
4.143779
4.063100
3.931465
3.925096
4.373078
4.506836
4.525945
4.572654
4.538683
4.294522
3.986667
3.918726
4.126794
4.010021
3.963312
4.160764
4.311507
4.432527
4.481359
4.487728
4.464374
4.358217
4.472866
4.407049
4.320000
4.160764
4.099193
4.305138
4.336985
4.101316
3.823185
3.736136
3.971805
4.029130
3.908110
3.776476
3.717028
3.755244
3.714905
3.780722
3.757367
3.918726
4.035499
4.033376
4.007898
4.114055
4.364586
4.513206
4.619363
4.859278
4.816815
4.604501
4.249936
4.116179
4.082208
4.198981
4.411295
4.326369
4.288153
4.326369
4.417665
4.525945
4.765860
4.863524
4.925096
4.746752
4.572654
4.428280
4.585393
4.483482
4.530191
4.640594
4.362463
4.082208
3.908110
4.016391
4.538683
4.776475
4.914480
4.876263
5.012145
4.838047
4.581147
4.288153
4.196858
4.065223
4.097070
4.073716
4.086454
3.997282
3.882633
3.903864
3.814692
3.846539
3.886879
4.175626
4.303015
4.404926
4.343355
4.464374
4.542930
4.576900
4.672441
4.625732
4.797707
4.939958
5.022760
4.889002
4.574777
4.298769
4.173503
3.995159
4.037622
4.249936
4.663949
4.753121
4.640594
4.453758
4.356093
4.090701
3.986667
4.356093
4.534437
4.511083
4.534437
4.922972
5.054607
5.300892
5.048238
4.999405
4.956943
4.903864
5.048238
4.878386
4.708535
4.774353
4.903864
4.767983
4.668195
4.547176
4.581147
4.625732
4.570531
4.553545
4.659703
4.653333
4.606624
4.305138
4.039745
4.186242
4.080085
4.186242
4.409172
4.615117
4.910233
4.889002
4.721274
4.572654
4.419788
4.538683
4.479236
4.358217
4.224459
4.031253
3.814692
3.908110
3.912357
3.763737
3.661826
3.865648
3.993036
4.120425
4.269044
4.330616
4.404926
4.570531
4.481359
4.288153
4.438896
4.536561
4.366709
4.494098
4.668195
4.496221
4.292399
4.012145
3.746752
3.581146
3.869894
4.101316
4.162888
3.899618
3.683057
3.693673
3.744628
3.806200
3.912357
4.137410
4.162888
4.464374
