-0.107261
0.064713
0.145393
0.200594
0.135839
0.100807
0.054098
-0.002166
-0.007473
-0.178386
-0.192187
-0.270743
-0.282420
-0.158217
-0.094522
0.107176
0.142208
0.100807
0.077452
0.097622
0.243057
0.340722
0.365138
0.223949
0.140085
0.189979
0.168747
0.170870
0.135839
0.136900
0.103992
0.274904
0.284459
-0.008535
-0.239958
-0.246327
-0.266497
-0.039321
-0.043567
-0.200679
-0.341868
-0.259066
-0.087091
-0.060552
-0.105138
-0.242081
-0.264374
-0.139108
-0.110446
-0.057367
-0.053121
0.076391
-0.024459
-0.038259
-0.095584
-0.066921
-0.186879
-0.239958
-0.357792
-0.956518
-5.916178
-30.098768
-114.358856
-270.509583
-433.571167
-585.330200
-716.058411
-817.323792
-887.977722
-933.839722
-959.543579
-968.905579
-965.696411
-952.801514
-931.692200
-905.214478
-875.945923
-845.593445
-815.113647
-784.317444
-754.247375
-724.879028
-696.359924
-669.086060
-642.679443
-616.486267
-591.315308
-567.035095
-543.203857
-519.922546
-497.134857
-474.833374
-452.776062
-430.899200
-409.318512
-388.338684
-367.444855
-346.660339
-326.132751
-305.819580
-285.819580
-266.720856
-248.098770
-229.586029
-211.488373
-193.694305
-176.188995
-159.086029
-142.110443
-125.640167
-109.571167
-93.681572
-77.966072
-62.668831
-47.584969
-32.838684
-18.521275
-4.483057
9.232442
22.640085
35.641148
48.060467
59.944756
71.874695
83.468109
94.908661
106.006325
116.688919
127.114609
137.350281
147.058350
156.546661
165.541351
174.404419
183.109299
191.560471
199.890610
207.728195
215.303574
222.720764
229.929901
236.841782
243.553040
249.899109
256.230316
262.283386
267.883179
273.206970
278.197418
283.026489
288.018005
292.829041
297.393799
301.654938
305.738800
309.795074
313.697418
317.311005
320.838593
323.985107
327.152832
329.955383
332.395935
334.516937
336.480835
338.368317
340.222900
341.607178
342.838593
344.108246
345.354523
346.446869
347.536041
348.616730
349.372559
350.068970
350.541351
351.151764
351.704834
351.795074
351.818420
351.716522
351.521179
351.177246
350.843903
350.399109
349.975555
349.570007
348.913971
348.299316
347.608246
346.795074
345.685730
344.478729
343.467041
342.342834
340.992523
339.336487
337.663452
336.019073
334.216522
332.464935
330.550903
328.713348
326.694214
324.887421
323.077454
321.408661
319.408661
317.401245
315.139038
312.721832
310.183624
307.515869
304.841797
302.426697
299.837524
296.824799
294.129456
291.464935
288.596558
285.459625
282.452179
279.804626
276.703766
273.434143
270.505280
267.535004
264.562592
261.633728
259.029694
256.264282
253.515884
250.591248
247.701660
244.852402
242.043488
238.856644
235.516937
232.480850
229.607178
226.800385
223.937332
220.973419
218.023315
214.602936
211.533920
208.703781
205.884247
203.127350
200.394867
197.812057
195.049850
192.510574
189.822678
186.880005
184.203781
181.564713
178.907608
175.980850
173.010574
170.008453
166.995712
163.935196
160.978729
158.402298
155.433075
152.529678
149.715454
146.952194
144.082764
141.183609
138.416092
135.814178
132.965988
130.023315
127.319489
124.568962
121.951126
119.239876
116.585945
114.128410
111.514816
108.732445
106.188919
103.597626
101.043480
98.284462
95.583824
92.913971
89.954308
87.323738
84.916092
82.383186
79.996773
77.739876
75.531807
72.951126
70.413971
68.124161
65.959618
63.579575
61.235626
59.119915
56.950062
54.622040
52.103992
49.451126
46.871506
44.503143
42.228195
40.058346
38.060467
35.990402
33.827984
31.533928
29.281275
27.263227
25.434139
23.402292
21.413971
19.619915
17.952187
16.070021
14.139024
12.137961
9.997834
8.036051
6.501019
4.740934
2.921401
1.474480
-0.079660
-1.635924
-3.502166
-5.356730
-6.980934
-8.641232
-10.049936
-11.139109
-12.403440
-13.716603
-15.222973
-16.729342
-18.053122
-19.583906
-20.978811
-22.161402
-23.558430
-25.266497
-26.640169
-27.884331
-29.279236
-30.698557
-31.991550
-33.315331
-34.802589
-35.931042
-36.742081
-37.884331
-39.097706
-40.187939
-41.148663
-42.421486
-43.803650
-44.772865
-45.769680
-47.091339
-48.286667
-49.416180
-50.424671
-51.632740
-52.755882
-53.655033
-54.375839
-55.209171
-56.179447
-57.175201
-58.078598
-58.972443
-59.528706
-60.148663
-60.951210
-62.035076
-63.053120
-63.782421
-64.594521
-65.195374
-65.821701
-66.381149
-67.071167
-67.514908
-68.082848
-68.986244
-69.687943
-70.596649
-71.334435
-71.863098
-72.368408
-72.733589
-73.396011
-74.260124
-75.123184
-75.703865
-76.362038
-76.887512
-77.459702
-78.053123
-78.450150
-78.711296
-79.000046
-79.297279
-79.649727
-80.039322
-80.514908
-81.099831
-81.507477
-81.825943
-82.308960
-82.852486
-83.330193
-83.746330
-84.121063
-84.394943
-84.570107
-85.006409
-85.303650
-85.476685
-85.527641
-85.531891
-85.630615
-85.479874
-85.566925
-85.986244
-86.436348
-86.692184
-86.881149
-87.054184
-87.265434
-87.249512
-87.459702
-87.734650
-87.579659
-87.307899
-87.217667
-87.187943
-87.300468
-87.303650
-87.249512
-87.286667
-87.229340
-87.318512
-87.468193
-87.709175
-87.735710
-87.508537
-87.365219
-87.120003
-86.925735
-86.640167
-86.444839
-86.394943
-86.399193
-86.436348
-86.390701
-86.198555
-86.030830
-85.918304
-85.875839
-85.815331
-85.960762
-85.811081
-85.432098
-85.451210
-85.410873
-85.183693
-84.953331
-84.711296
-84.399193
-84.202805
-84.268623
-83.926796
-83.359917
-82.991547
-82.771805
-82.539322
-82.079659
-82.063736
-82.153969
-81.945900
-81.588150
-81.393883
-81.512779
-81.550995
-81.329132
-81.131676
-80.815331
-80.341866
-80.140167
-80.233589
-80.145477
-79.817451
-79.425735
-79.224037
-79.087090
-78.791977
-78.421486
-78.110443
-78.006409
-77.553123
-77.010658
-76.697495
-76.505348
-76.000046
-75.542503
-75.388580
-75.141228
-74.852486
-74.392822
-74.204926
-73.958641
-73.714478
-73.372650
-73.096649
-72.768623
-72.343994
-72.069046
-71.683693
-71.320641
-71.305779
-71.412994
-71.360977
-70.993675
-70.690063
-70.487305
-70.324883
-70.099831
-69.817451
-69.472443
-69.098770
-68.550995
-68.008537
-67.754822
-67.442719
-66.790916
-66.661400
-66.336563
-65.974564
-65.755882
-65.540382
-65.149727
-64.477753
-63.814266
-63.649723
-63.414055
-63.090275
-62.630615
-62.234650
-61.509598
-60.736774
-60.536137
-60.115753
-59.774990
-59.525520
-59.200680
-58.916180
-58.590275
-58.244205
-57.851421
-57.520214
-57.105137
-56.570107
-56.249512
-55.827007
-55.445904
-55.143356
-54.803650
-54.312145
-53.865223
-53.531891
-53.151848
-52.457581
-52.100891
-51.747387
-51.459702
-51.233589
-51.138046
-50.769680
-50.250572
-49.836559
-49.619999
-49.302589
-48.850361
-48.297283
-47.901318
-47.453335
-46.873714
-46.511719
-46.280296
-45.910870
-45.410870
-44.874779
-44.530827
-44.042507
-43.732525
-43.485180
-43.264374
-42.737835
-42.250572
-41.887516
-41.507473
-41.231464
-40.873714
-40.643356
-40.144417
-39.617878
-39.173080
-38.858852
-38.693249
-38.596645
-38.410870
-38.148663
-37.697495
-37.152908
-36.854607
-36.662464
-36.258003
-35.875839
-35.434223
-35.079659
-34.832314
-34.510658
-34.281361
-34.003227
-33.425732
-33.087090
-32.748451
-32.540382
-32.349300
-32.043568
-31.832314
-31.503227
-31.245266
-30.945902
-30.546751
-30.087091
-29.707048
-29.250574
-28.903439
-28.539320
-28.403439
-28.306837
-28.095583
-27.783482
-27.342930
-27.104076
-26.827007
-26.437410
-26.044628
-25.474566
-24.959703
-24.729342
-24.554182
-24.313206
-24.144417
-24.059490
-23.749512
-23.582846
-23.370531
-23.286667
-23.099831
-22.553122
-21.897070
-21.445902
-21.056305
-20.774990
-20.544628
-20.381147
-20.115753
-19.847176
-19.727219
-19.484119
-19.268620
-18.581783
-18.156094
-17.932102
-17.799406
-17.905563
-17.681572
-17.278173
-16.898132
-16.495796
-16.290913
-16.109385
-15.959702
-15.357792
-14.996858
-14.890700
-14.889639
-14.810021
-14.612569
-14.290913
-13.901317
-13.758004
-13.386455
-12.996858
-12.761189
-12.553121
-12.396008
-12.161402
-11.767558
-11.475626
-11.392824
-11.213418
-11.115754
-10.975626
-10.869470
-10.777113
-10.453333
-10.210234
-9.980934
-9.748450
-9.714479
-9.689002
-9.969257
-9.901317
-9.948026
-9.936348
-9.729342
-9.573291
-9.522335
-9.525520
-9.247389
-8.977750
-8.681571
-8.386455
-8.072229
-7.873715
-7.890701
-7.810021
-7.399193
-7.130616
-6.813206
-6.346115
-6.101954
-5.872654
-5.683694
-5.465011
-4.998981
-4.536136
-4.390701
-4.221911
-4.086030
-4.122123
-4.031889
-3.656093
-3.403440
-3.201741
-3.110446
-2.974565
-2.730403
-2.369469
-2.086030
-2.083907
-2.247389
-2.334437
-2.299406
-2.182633
-2.037197
-1.916178
-1.622123
-1.213418
-1.155032
-1.067983
-1.091338
-0.745265
-0.433163
-0.357792
-0.212357
0.103992
0.303567
0.320552
0.306752
0.507389
0.637962
0.917155
1.088068
1.321614
1.490403
1.653885
1.798259
2.127346
2.394862
2.637962
2.765350
2.796136
2.768535
2.877877
3.075329
3.265350
3.427771
3.595499
3.885308
3.935202
3.953249
4.031805
4.130531
4.375754
4.463864
4.633716
4.755796
4.808875
4.791890
4.795074
4.903355
5.127346
5.107176
5.115669
5.081698
5.219703
5.395924
5.519066
5.521189
5.529682
5.754735
5.960680
6.116730
6.267474
6.539236
6.625223
6.689979
6.753673
6.829045
6.941571
7.263227
7.474480
7.639023
7.674055
7.659193
7.657070
7.720764
7.587007
7.539236
7.925648
8.258981
8.423525
8.530743
8.584884
8.633716
8.723949
8.796136
8.804628
8.603992
8.597622
8.669809
8.917155
9.030743
9.085945
9.034989
9.103992
9.049851
9.006327
9.093376
8.965987
9.009512
9.015882
8.894862
8.900170
8.932017
8.722887
8.808875
8.844968
8.824799
8.949002
9.131593
9.227134
9.230318
8.949002
8.798259
8.499957
8.404416
8.341784
8.449002
8.398046
8.220764
7.821614
7.698472
7.652824
7.727134
7.622038
7.610361
7.699533
7.860892
7.910786
8.010573
8.312059
8.618854
8.538174
8.598683
8.859830
8.833291
8.942633
8.956433
9.184670
9.266412
9.134777
9.176178
9.298259
9.316306
9.525435
9.694225
9.913970
10.042420
10.177240
10.330106
10.371508
10.353460
10.441571
10.606114
10.658132
10.700595
10.761104
10.722887
10.647516
10.694225
10.555160
10.579576
10.598683
10.525435
10.274904
10.048790
9.843906
9.674055
9.206964
9.093376
9.130530
9.151762
9.334352
9.652823
9.816306
9.562591
9.529681
9.527558
9.692101
9.886370
10.118854
10.111423
10.212272
10.219703
10.275966
10.373631
10.489342
10.580637
10.632654
10.799320
10.900170
10.935202
11.007388
11.097622
11.235626
11.195287
11.091252
11.298259
11.335414
11.388493
11.665563
11.678302
11.730318
11.964926
11.919278
12.044543
12.070022
12.125223
11.989342
11.998896
12.074267
12.087007
12.168747
12.330106
12.344968
12.194225
12.196348
12.611423
12.781274
12.661316
12.539236
12.572145
12.713333
12.733503
12.804628
12.836475
12.735626
12.994650
13.034989
13.045605
12.824799
12.564713
12.405478
12.440510
12.516943
12.536051
12.559405
12.384246
12.455372
12.420340
12.371508
12.386370
12.468110
12.531805
12.460679
12.560467
12.736688
12.821613
12.668747
12.798259
12.779151
12.558344
12.556221
12.317368
12.245180
12.110361
12.136900
12.387431
12.343906
