-0.030467
-0.182272
-0.116454
-0.119639
0.039597
0.001380
-0.136624
-0.182272
-0.151486
0.003503
0.122399
0.185032
0.048089
-0.054883
0.015180
-0.010297
0.009873
0.099045
-0.100531
-0.145117
-0.027282
0.121338
0.078875
0.016242
0.062951
-0.065499
-0.050637
-0.045329
-0.144055
-0.076115
0.044904
0.086306
0.016242
0.003503
-0.062314
-0.013482
0.037473
0.100106
0.332590
0.292251
0.249788
0.195648
0.148938
-0.015605
-0.087792
-0.110085
-0.079299
-0.096285
-0.127070
-0.080361
0.051274
0.288004
0.337898
0.281635
0.086306
-0.230042
-0.295860
-0.283121
-0.905202
-3.966773
-13.997559
-37.200317
-83.287369
-161.310715
-235.516663
-293.830902
-343.924316
-381.226868
-405.175903
-420.200317
-427.345764
-426.852112
-420.910522
-411.778870
-399.397766
-385.119629
-371.154663
-356.186523
-340.025146
-325.331940
-311.570801
-297.833008
-284.726868
-272.639801
-260.822388
-249.435989
-238.303284
-227.518784
-217.014542
-207.118576
-197.756577
-188.073990
-178.257645
-169.145111
-160.138748
-150.765076
-141.460403
-132.958282
-124.554886
-116.260826
-108.380783
-100.390343
-92.110085
-84.009239
-76.377602
-68.631317
-60.976326
-53.759766
-46.725796
-39.572929
-32.543205
-25.801168
-19.000744
-12.573992
-6.496497
-0.466773
5.576752
11.359130
16.842144
22.437685
27.531103
32.469532
37.388855
42.483334
47.472717
52.155308
56.656368
61.316666
65.581001
69.738113
73.884605
77.607536
81.267838
84.836838
88.362312
91.900528
94.954674
98.231743
101.489700
104.404778
107.396286
110.471657
113.041718
115.378235
117.346390
119.671234
122.227493
124.283760
126.342148
128.557648
130.470596
132.365494
134.437683
136.367615
137.889908
139.654251
141.625580
143.641510
145.094803
146.166992
147.087372
148.108597
149.015182
149.777390
150.752975
151.984390
153.109665
153.982269
154.556580
155.166992
155.644699
155.836838
156.120270
156.502441
156.737045
156.829407
156.876114
156.907959
156.990768
157.173355
157.198837
156.837891
156.365494
156.172287
155.865494
155.160614
154.463165
153.881424
153.306046
152.717941
152.219009
151.611786
150.782700
150.006683
149.353821
148.643631
147.883545
147.234924
146.715820
146.040665
145.141510
144.315598
143.507751
142.747665
141.695648
140.691406
139.812424
138.959976
138.022614
136.841080
135.630890
134.540665
133.378235
132.414337
131.178665
129.778458
128.445114
127.226433
126.022614
124.488640
123.133018
121.696709
120.215820
118.648941
117.205200
115.821976
114.481209
113.134079
111.862312
110.384605
108.962105
107.508812
106.140450
104.827286
103.606476
102.272079
101.139381
100.037476
98.636200
97.106476
95.827286
94.352760
92.742355
91.001381
89.383545
88.005623
86.622398
85.288002
84.179726
82.918579
81.459976
79.986519
78.616028
77.241295
75.995010
74.797562
73.306053
72.016243
70.687157
69.245544
67.948303
66.479088
65.057640
63.617092
62.348515
61.188217
60.043842
58.622398
57.207325
55.854885
54.281635
52.618153
51.143631
49.940872
48.609661
47.414330
46.435562
45.501381
44.480148
43.590553
42.573566
41.471657
40.533226
39.349575
38.047028
36.763588
35.577812
34.619213
33.777390
32.681847
31.324099
30.258280
29.194586
28.033228
27.164862
26.418577
25.757219
24.926008
23.875053
22.986519
22.191401
21.316668
20.343206
19.422823
18.418577
17.628769
16.739172
15.775266
14.564013
13.505627
12.672293
11.790128
11.001380
10.164862
9.274204
8.210509
7.415393
6.523673
5.481210
4.378238
3.345329
2.358068
1.633015
0.799682
0.026858
-0.854246
-1.852123
-2.705626
-3.483758
-4.365923
-4.956157
-5.656794
-6.251274
-7.015605
-7.690764
-8.449788
-9.234289
-9.999681
-10.720489
-11.150425
-11.687579
-12.437049
-13.109023
-13.773567
-14.356369
-15.075053
-15.663163
-16.446604
-17.365923
-18.043205
-18.690763
-19.408386
-19.939173
-20.371231
-20.866985
-21.432802
-21.858492
-22.213057
-22.550636
-22.993313
-23.491188
-23.859554
-24.271444
-24.777813
-25.072929
-25.500744
-26.018789
-26.519852
-26.917940
-27.357431
-27.855309
-28.118578
-28.381847
-28.879725
-29.337261
-29.827707
-30.294798
-30.599470
-30.858492
-30.966772
-31.459341
-31.670595
-31.925371
-32.243843
-32.578239
-32.501804
-32.599468
-32.844692
-33.200317
-33.392464
-33.715179
-34.180149
-34.619640
-34.695011
-34.972080
-35.213058
-35.302231
-35.463589
-35.846817
-36.035774
-36.329830
-36.679089
-36.956158
-37.223675
-37.278873
-37.065498
-37.321339
-37.868046
-38.068684
-38.273567
-38.504990
-38.653610
-38.894585
-39.095222
-39.227921
-39.333015
-39.835136
-40.241718
-40.740658
-41.141933
-41.727921
-42.234287
-42.742783
-42.986942
-43.131317
-43.165287
-43.033653
-42.752335
-42.579300
-42.551697
-42.511360
-42.494373
-42.558067
-42.518791
-42.472080
-42.486942
-42.306477
-42.234287
-42.151485
-42.063377
-41.922188
-41.820274
-41.638748
-41.481636
-41.427494
-41.462528
-41.410511
-41.374416
-41.362740
-41.185455
-40.941296
-40.647240
-40.495434
-40.292675
-40.021973
-39.710934
-39.512421
-39.402016
-39.348938
-39.069744
-38.835136
-38.666348
-38.731106
-38.692886
-38.663162
-38.689701
-38.673779
-38.708813
-38.669533
-38.385033
-38.118576
-37.831955
-37.851063
-37.792675
-37.544266
-37.258705
-36.920063
-36.670593
-36.330891
-36.199257
-36.199257
-36.058067
-35.900955
-35.745968
-35.698196
-35.517727
-35.399895
-35.408386
-35.395649
-35.137684
-35.075054
-34.973141
-34.866985
-34.707748
-34.474205
-34.203503
-34.123886
-34.003929
-33.780998
-33.583546
-33.437050
-33.497559
-33.182270
-32.806477
-32.552761
-32.403080
-32.190765
-32.068684
-32.033653
-31.824522
-31.650425
-31.577177
-31.587791
-31.395647
-31.123886
-30.824522
-30.631317
-30.450850
-30.530468
-30.386093
-30.030468
-29.913694
-29.985882
-30.066561
-29.814968
-29.317091
-28.804352
-28.548513
-28.444479
-28.468897
-28.657856
-28.529406
-28.317091
-27.973143
-27.621761
-27.411572
-27.387156
-27.313906
-27.362740
-27.276752
-27.197134
-27.142994
-27.055944
-26.840446
-26.800106
-26.686518
-26.396709
-26.156794
-26.011358
-25.789490
-25.537899
-25.250212
-25.173779
-25.115393
-25.015606
-24.772505
-24.512421
-24.444479
-24.410509
-24.254459
-24.092039
-23.904140
-23.792675
-23.661041
-23.555944
-23.269321
-23.241720
-23.128132
-23.131317
-23.011358
-22.913694
-22.836199
-22.628132
-22.240658
-22.198195
-21.963589
-21.615393
-21.590977
-21.324522
-21.051699
-20.682272
-20.471020
-20.432802
-20.266136
-20.305414
-20.311783
-20.295860
-20.121761
-19.714119
-19.410509
-19.127069
-18.909449
-18.831953
-18.749151
-18.682272
-18.639809
-18.772505
-18.481634
-18.219427
-17.991188
-17.959341
-17.971020
-17.566561
-17.348938
-17.340446
-17.446604
-17.270382
-16.835138
-16.644054
-16.480574
-16.286306
-16.147240
-16.105839
-15.979511
-15.909448
-15.821338
-15.743843
-15.419003
-15.304353
-15.337261
-15.238535
-15.053822
-14.900955
-14.844692
-14.620701
-14.262951
-14.055944
-14.079299
-14.100531
-13.800106
-13.754458
-13.838323
-13.761889
-13.475266
-13.234289
-13.113270
-12.961465
-12.855308
-12.857431
-12.599469
-12.506051
-12.358493
-12.141932
-11.948726
-11.811784
-11.730042
-11.594161
-11.409448
-11.379724
-11.302229
-11.065499
-10.795860
-10.641932
-10.471019
-10.409448
-10.236412
-9.992250
-9.762951
-9.685456
-9.646178
-9.619639
-9.758705
-9.535775
-9.493312
-9.299045
-9.165287
-9.020913
-8.955095
-8.960403
-8.820276
-8.615393
-8.294798
-8.117516
-7.915817
-7.785244
-7.778875
-7.601593
-7.322399
-7.157856
-7.180149
-7.250212
-7.178025
-7.169533
-7.226858
-7.178025
-7.082484
-6.881847
-6.602654
-6.515605
-6.514544
-6.468896
-6.383970
-6.122824
-5.938110
-5.880785
-5.821338
-5.772505
-5.785244
-5.773567
-5.579299
-5.485881
-5.394586
-5.249151
-5.059130
-4.800106
-4.580361
-4.457219
-4.387155
-4.471019
-4.438110
-4.359554
-4.205626
-4.231104
-4.114331
-3.941295
-3.768259
-3.747028
-3.717304
-3.634501
-3.652548
-3.917941
-3.919002
-3.925372
-4.033652
-4.172718
-4.254458
-4.187580
-4.007113
-4.059130
-3.927495
-3.831953
-3.623885
-3.517728
-3.420064
-3.262951
-3.350000
-3.354246
-3.211996
-3.142994
-2.973142
-2.821337
-2.536837
-2.490127
-2.327707
-2.207749
-2.075053
-2.088854
-2.044267
-2.046391
-2.052760
-1.830892
-1.828769
-1.711996
-1.586730
-1.497558
-1.455096
-1.541083
-1.616454
-1.394586
-1.207749
-1.179087
-1.018790
-0.996497
-0.968896
-0.662102
-0.345754
-0.347877
-0.521975
-0.451911
-0.276752
-0.157856
-0.179087
-0.210934
-0.142994
0.031104
0.221125
0.258280
0.297558
0.520488
0.638323
0.686093
0.817728
0.780573
0.872930
0.776327
0.825159
0.855945
1.049151
1.137261
1.331529
1.268896
1.230679
1.382484
1.518365
1.622399
1.622399
1.719002
1.777389
1.796497
1.865499
1.709448
1.868684
2.020488
2.150000
2.212633
2.254034
2.456794
2.575690
2.643631
2.609660
2.406900
2.273142
2.168047
2.109660
2.059767
1.985456
2.042781
2.239172
2.205202
2.062951
2.013057
1.932378
2.004565
2.205202
2.169108
2.087367
2.077813
2.262527
2.229618
2.294374
2.311359
2.337898
2.331529
2.490764
2.561890
2.559767
2.675478
2.907962
3.122399
3.247664
3.263588
3.128769
3.079936
2.967410
2.909023
3.145754
3.321975
3.304989
3.252972
3.267834
3.470594
3.471656
3.555520
3.602229
3.602229
3.497134
3.697771
3.788004
3.705202
3.612845
3.765711
4.108599
4.148939
3.848514
3.766773
3.847452
3.854883
3.976964
4.022612
3.807112
3.789066
3.871868
3.910085
3.665924
3.388854
3.109660
2.810297
2.941932
2.962102
2.991826
3.008811
3.093737
3.176539
3.129830
2.982272
2.849575
2.860191
2.944055
3.118153
3.155308
3.161677
3.289066
3.437686
3.370807
3.304989
3.367622
3.539597
3.799681
3.895223
3.904777
3.922824
3.930255
3.789066
3.672293
3.776327
4.163800
4.390976
4.346391
4.299682
4.338960
4.402654
4.424947
4.503503
4.515181
4.442994
4.484395
4.520488
4.614968
4.655308
4.573567
4.559766
4.575690
4.597983
4.808174
5.001380
4.817728
4.688217
4.564013
4.316667
4.246603
4.157431
4.110722
4.074628
4.075690
4.039597
4.035350
4.125584
4.186093
4.065074
3.873991
3.937686
4.030043
4.229618
4.315605
4.269958
4.279511
4.234926
4.244480
4.332590
4.286942
4.259342
4.274204
4.260404
4.423885
4.419639
4.619215
4.720064
4.811359
4.726433
4.611784
4.588429
4.536412
4.650000
4.677601
4.713694
4.880361
4.862314
4.817728
4.756157
4.665924
4.803928
4.972718
5.076752
5.127707
5.141508
5.069321
4.924947
4.848514
4.933439
5.131953
5.368684
5.437686
5.415393
5.415393
5.487580
5.504565
5.533227
5.602229
5.590552
5.591614
5.486518
5.330467
5.234926
5.147877
5.172293
5.291189
5.420701
5.450425
5.515181
5.635138
5.693524
5.648939
5.636199
5.738111
5.599045
5.452548
5.517303
5.639384
5.617091
5.479087
5.458917
5.348514
5.328344
5.325159
5.240233
5.153185
4.894161
4.860191
4.876115
5.070382
4.892038
5.036412
5.234926
5.206263
