-0.376175
-0.343223
-0.317436
-0.173453
-0.159126
-0.012278
0.082278
0.166089
0.250616
0.244169
0.224112
0.231991
0.198324
0.019957
-0.078181
-0.109699
0.021390
0.094456
0.000616
-0.051676
0.048610
-0.019441
-0.028037
-0.022307
-0.005115
0.022822
0.030702
0.024971
0.118811
0.107350
0.146748
-0.041648
-0.134054
-0.230043
-0.151963
-0.097521
-0.086777
-0.042364
0.017092
-0.042364
0.044312
-0.011562
-0.022307
0.004198
0.181132
0.205487
0.153195
0.054341
-0.065287
-0.071734
-0.113281
-0.026605
-0.019441
0.033567
0.057923
0.037865
0.088009
0.090158
-0.383338
-2.660559
-11.447808
-35.237206
-88.853966
-186.452820
-279.430603
-343.187073
-392.851105
-432.081055
-455.676331
-465.563141
-468.422729
-465.817444
-457.977173
-447.300232
-435.042358
-421.646240
-409.102539
-395.860413
-381.444946
-367.861847
-355.631195
-343.843231
-332.081055
-320.495087
-309.434906
-298.338928
-287.207123
-276.351807
-265.398376
-254.292358
-243.507263
-233.382629
-223.195663
-212.819580
-202.408417
-192.290222
-182.300247
-172.327469
-162.834625
-153.538788
-144.090363
-134.208557
-124.507263
-115.534485
-106.676315
-97.669868
-88.785202
-80.298096
-72.158409
-63.838924
-55.442078
-47.641933
-40.156261
-32.778755
-25.355402
-17.886204
-10.583195
-3.672020
3.018524
9.767808
16.166805
22.079412
27.941877
33.974827
39.794312
45.365231
50.955486
56.325832
61.382420
66.322968
71.173256
75.883850
80.494171
85.268524
89.819382
94.268524
98.557922
102.784286
107.057205
111.080849
114.774971
118.337296
121.788582
125.237007
128.690445
131.871674
134.865234
137.693314
140.312943
142.752762
145.608780
148.277832
150.633850
152.896744
155.318665
157.505630
159.489151
161.502045
163.408920
165.229843
166.770676
168.095886
169.224823
170.378128
171.407486
172.135284
172.744171
173.523544
174.461929
175.439728
176.172531
176.764221
177.173965
177.556488
178.003479
178.238434
178.617371
179.153915
179.764221
180.021393
180.130280
180.171097
180.256348
180.314377
180.057922
179.692596
179.428268
179.272827
179.024979
178.517807
178.013504
177.317230
176.613083
175.992020
175.517090
174.874542
174.115234
173.361649
172.601624
171.853775
171.155350
170.269241
169.300766
168.272827
167.163223
166.150330
165.150330
164.274261
163.194748
162.265656
161.183273
160.158203
159.037872
158.078690
156.976257
155.711212
154.433273
153.138153
151.757065
150.239868
148.752762
147.285004
145.856628
144.527115
143.145309
141.764938
140.519241
139.359497
138.080841
136.666809
135.335861
133.945465
132.607346
131.157486
129.627411
128.093018
126.560791
124.970528
123.312218
121.522102
120.039299
118.758499
117.377403
115.883141
114.466232
112.906059
111.323685
109.730560
108.050041
106.449043
104.907494
103.370956
101.711937
99.481995
96.791451
93.977692
91.358780
88.988441
86.952621
85.030701
83.563652
82.026405
80.509209
79.178986
77.736290
76.259926
74.820816
73.524971
72.290733
70.847321
69.615944
68.303627
66.826546
65.398178
63.966949
62.742020
61.506348
60.179699
58.734856
57.321533
55.971962
54.736290
53.380272
52.012794
50.628841
49.466949
48.145317
46.757065
45.441162
44.230560
43.126690
41.912506
40.620960
39.340157
38.143166
37.112366
35.906776
34.781418
33.655342
32.494884
31.252048
30.167522
29.040014
27.936146
26.974112
26.145315
25.142450
24.237722
23.350185
22.494884
21.440445
20.245602
19.030703
17.800758
16.704054
15.671103
14.713367
13.744169
12.663939
11.350903
9.953338
8.669670
7.548610
6.479126
5.186862
4.067235
3.128123
2.164656
1.196175
0.312221
-0.616862
-1.352536
-2.123309
-2.849670
-3.511562
-4.321733
-5.098954
-5.893367
-6.539498
-7.213567
-7.965716
-8.827464
-9.687779
-10.486490
-11.182049
-11.968581
-12.789498
-13.630473
-14.421304
-15.023739
-15.571017
-16.167006
-16.796661
-17.183481
-17.599670
-18.078897
-18.765142
-19.564569
-20.225744
-20.773024
-21.308840
-21.714283
-22.235058
-22.644083
-23.200674
-23.762278
-24.142651
-24.573166
-25.124025
-25.797379
-26.414856
-26.885487
-27.346088
-27.793079
-28.314569
-28.881189
-29.419870
-29.871878
-30.219297
-30.596806
-30.990788
-31.353252
-31.594656
-31.966433
-32.305260
-32.597523
-32.966434
-33.318153
-33.712852
-34.183483
-34.534485
-34.875458
-35.172020
-35.637634
-36.123310
-36.433483
-36.709270
-37.139069
-37.633339
-38.177036
-38.488640
-38.675602
-38.937061
-39.285202
-39.497952
-39.503681
-39.667721
-40.021591
-40.386204
-40.588211
-40.768726
-41.123310
-41.396950
-41.753681
-41.920586
-41.919155
-42.040932
-42.232910
-42.430614
-42.728611
-42.820301
-42.795944
-42.992935
-43.133339
-43.222881
-43.173454
-43.145515
-43.241505
-43.365429
-43.502251
-43.702106
-43.769440
-43.764427
-43.965717
-44.378323
-44.514427
-44.617580
-44.719299
-44.953537
-45.037350
-45.174885
-45.316719
-45.429184
-45.539497
-45.580330
-45.605400
-45.599670
-45.635487
-45.638351
-45.624027
-45.518009
-45.427036
-45.309555
-45.266575
-45.230042
-45.336060
-45.282333
-45.294514
-45.266575
-45.320301
-45.400532
-45.555260
-45.667007
-45.659126
-45.587494
-45.515144
-45.227177
-45.120445
-45.095371
-45.025173
-44.832478
-44.876892
-44.889069
-45.020874
-44.950672
-44.734341
-44.561707
-44.542362
-44.374741
-44.269440
-44.149815
-44.055973
-44.040932
-43.902679
-43.956406
-43.976460
-43.866863
-43.552391
-43.494370
-43.384056
-43.124741
-42.963566
-42.871876
-43.045231
-43.104683
-43.196377
-42.907692
-42.697807
-42.492222
-42.220730
-42.093224
-41.970013
-41.701389
-41.544514
-41.545231
-41.566002
-41.435631
-41.175602
-41.101105
-41.182766
-41.165573
-40.760128
-40.401245
-40.141933
-40.018009
-39.995087
-39.940643
-40.030186
-40.058125
-39.918438
-39.818867
-39.802391
-39.569584
-39.348236
-39.287350
-39.384056
-39.144798
-38.709270
-38.423454
-38.386204
-38.260845
-38.130474
-37.959984
-37.877609
-37.687061
-37.511562
-37.395515
-37.203537
-37.033768
-36.935631
-36.860416
-36.537350
-36.378323
-36.213566
-35.912708
-35.785915
-35.505116
-35.240070
-35.036633
-34.914856
-34.777321
-34.680614
-34.624027
-34.497234
-34.085342
-33.809555
-33.730042
-33.644085
-33.518726
-33.314571
-33.051678
-32.760128
-32.600388
-32.489357
-32.199959
-31.810989
-31.601103
-31.472879
-31.306690
-31.122593
-31.001534
-30.695660
-30.420588
-30.306690
-30.073166
-29.746519
-29.543079
-29.518009
-29.477179
-29.347521
-29.337492
-29.246519
-28.853252
-28.429184
-28.274456
-28.131905
-27.891933
-27.576031
-27.341791
-27.129040
-26.974312
-26.666290
-26.441360
-26.340359
-26.096088
-25.987206
-25.915573
-25.734341
-25.821016
-25.830330
-25.783052
-25.613281
-25.341074
-25.086060
-24.862564
-24.757980
-24.588926
-24.497952
-24.192793
-23.932049
-23.831762
-23.679184
-23.579613
-23.335344
-23.073166
-22.770157
-22.434198
-22.352535
-22.338926
-22.224312
-22.005116
-21.719297
-21.537350
-21.308840
-21.305258
-21.062422
-20.828180
-20.758696
-20.663424
-20.406261
-20.255831
-20.011562
-19.791647
-19.659842
-19.603968
-19.433481
-19.341791
-19.127607
-18.638353
-18.190645
-18.088209
-18.052393
-18.048094
-18.002966
-17.783052
-17.518724
-17.385487
-17.210703
-17.066719
-17.012278
-16.985773
-16.758696
-16.464283
-16.212851
-16.062422
-15.886204
-15.853969
-15.762994
-15.661991
-15.808124
-16.482908
-17.257980
-17.995087
-18.548094
-18.854685
-19.025171
-19.073883
-18.906261
-18.611849
-18.494370
-18.106834
-17.752249
-17.501534
-17.166290
-16.948524
-16.836777
-16.540932
-16.247952
-16.071016
-15.924169
-15.650530
-15.451389
-15.304542
-14.953539
-14.802393
-14.777321
-14.381906
-14.128324
-13.881906
-13.626175
-13.333195
-13.149097
-12.991505
-12.755115
-12.364714
-12.189212
-11.993653
-11.947092
-11.600387
-11.350387
-10.962851
-10.563138
-10.270158
-9.937779
-9.649814
-9.293080
-9.122593
-9.033051
-8.967865
-8.816003
-8.764427
-8.595372
-8.295229
-8.014427
-7.829613
-7.632622
-7.383338
-7.146232
-7.054542
-6.927751
-6.902679
-6.667722
-6.401963
-6.124026
-5.856834
-5.735774
-5.419871
-5.364714
-5.371161
-5.257264
-4.973596
-4.715716
-4.475745
-4.441361
-4.475745
-4.285201
-4.027321
-3.808123
-3.817436
-3.754398
-3.699957
-3.647665
-3.520874
-3.310272
-3.167006
-2.888352
-2.699957
-2.545946
-2.379040
-2.361848
-2.336060
-2.300960
-2.198524
-2.159842
-2.056690
-1.874742
-1.621877
-1.443510
-1.440645
-1.556691
-1.568868
-1.358266
-1.249384
-1.366862
-1.357550
-1.225745
-0.947092
-0.785201
-0.553825
-0.294513
-0.159842
-0.177034
-0.124026
0.065086
0.414656
0.693309
0.744885
0.693309
0.691160
0.937579
1.199040
1.237722
1.415372
1.502049
1.580129
1.604484
1.658926
1.558639
1.690444
1.762794
1.726977
1.692593
1.932564
2.189012
2.302192
2.238438
2.324398
2.492020
2.633137
2.631705
2.534284
2.386003
2.322249
2.377407
2.580845
2.772106
2.769957
2.704771
2.831562
2.810072
2.984140
3.068668
3.246318
3.378123
3.527120
3.622393
3.628123
3.585143
3.658209
3.951189
4.028553
4.051476
4.151046
4.190444
3.988438
3.946175
3.917521
3.939012
3.937579
3.977693
4.166805
4.350186
4.407493
4.484140
4.610931
4.537865
4.524255
4.600903
4.596604
4.504198
4.504914
4.523539
4.639585
4.565086
4.565802
4.652479
4.626690
4.527837
4.557206
4.650330
4.707636
4.761361
4.862364
4.875974
4.987722
5.235573
5.398897
5.560071
5.527120
5.384570
5.305774
5.260645
5.259928
5.241304
5.162507
5.116662
5.067951
5.252048
5.397464
5.530702
5.605201
5.472679
5.502765
5.575831
5.679699
5.729842
5.594456
5.416089
5.397464
5.247035
5.325831
5.549326
5.787865
5.851619
5.800043
5.701905
5.660358
5.758496
5.817951
5.886003
5.805774
5.679699
5.589441
5.562221
5.631705
5.605201
5.658209
5.662507
5.575115
5.552192
5.747751
5.903195
5.988439
6.093023
6.133854
6.017092
5.897464
5.981991
5.998467
6.001332
6.083711
5.987006
6.013510
5.995602
6.085143
6.065086
6.081562
6.034284
5.967665
5.860931
5.892450
5.896031
5.846604
5.941877
6.018524
6.047894
6.071533
6.080845
6.028553
5.906060
5.792880
5.896748
5.838725
5.862364
5.806490
5.745602
5.865945
5.931848
5.897464
5.795745
5.676834
5.867378
5.900330
5.980559
6.067951
6.131705
6.184713
6.113080
6.016376
6.138152
6.368094
6.359499
6.223395
6.180416
6.116662
6.171820
6.029986
5.903911
6.032135
5.961218
5.886719
5.919671
6.084427
6.012077
5.944026
5.964799
5.976261
5.994169
6.040730
6.103052
6.287865
6.552192
6.609499
6.544312
6.210502
6.061504
6.023539
6.058639
6.006347
5.959069
5.841590
5.834427
5.643166
5.404627
5.345172
5.353768
5.315086
5.437579
5.438295
5.428267
5.242020
5.145315
5.178267
5.331562
5.283567
5.241304
5.309355
5.487722
5.532851
5.467665
5.548610
5.618811
5.689012
5.598753
5.630272
5.545029
5.504914
5.504198
5.450473
5.367378
5.292880
5.209785
5.194742
5.191161
5.180416
5.035000
5.037149
5.259928
5.320817
5.244169
5.322249
5.419671
5.459785
5.301476
