0.038769
0.004798
-0.132144
-0.063142
-0.054650
0.112017
0.132187
0.132187
0.207558
0.326454
0.281868
0.333885
0.250021
0.194820
0.154480
0.172527
-0.037665
-0.148068
-0.105605
-0.154437
-0.080127
0.093970
0.103524
-0.040849
-0.099236
0.005860
-0.051465
-0.121529
-0.086497
-0.091805
-0.188408
-0.130021
0.018599
0.030276
-0.130021
-0.038726
0.098217
0.130064
0.161911
0.134310
0.106709
-0.018556
-0.039788
-0.061019
-0.040849
-0.168238
-0.303057
-0.416645
-0.348705
-0.073758
-0.040849
-0.050403
-0.034480
0.168280
0.221359
0.174650
-0.011125
-0.091805
-0.216008
-1.394352
-8.466539
-32.643822
-102.270149
-230.223434
-358.596039
-481.808380
-591.486694
-674.973999
-732.904968
-771.408142
-792.745728
-799.317932
-794.875244
-780.768005
-759.140625
-735.020691
-706.379517
-674.431519
-644.952759
-616.741516
-589.030212
-562.941040
-537.778625
-514.293518
-492.338104
-471.138519
-450.702209
-431.443176
-413.057831
-394.643829
-376.342346
-358.265900
-340.660797
-323.433624
-306.571625
-289.926208
-273.705383
-257.964417
-242.386917
-226.892227
-211.600296
-196.485641
-181.523865
-166.672485
-151.972916
-137.545090
-123.356133
-109.503693
-95.630020
-82.138512
-69.221313
-56.499447
-44.320042
-32.486710
-21.139576
-9.835966
1.377410
12.317962
22.829639
33.057877
43.120510
53.228790
62.996307
72.533463
81.558937
90.507980
99.366791
107.833885
115.819023
123.672523
131.367859
138.728790
145.822205
152.535583
159.167221
165.562119
171.665100
177.708618
183.512222
188.807343
194.125824
199.315842
204.253204
208.736221
213.482498
218.165100
222.462341
226.962341
231.152359
235.063187
238.724548
242.046204
245.321152
248.420929
251.307343
254.186325
256.771240
259.101410
261.722412
263.942169
265.957031
267.893341
269.883789
271.358307
272.673584
274.298859
275.496307
276.639618
277.776550
278.641754
279.575928
280.622620
281.335999
281.805237
282.307343
282.761688
282.587616
282.641754
282.435791
282.011169
281.763824
281.350861
280.411377
279.806274
279.485687
278.635376
277.379547
276.766998
276.064240
274.972961
273.693756
272.488861
271.329651
270.521790
269.928375
268.873169
267.496307
266.614136
265.437927
263.869965
262.520721
261.118378
259.417755
257.782928
256.156616
254.270187
252.275497
250.267014
248.354050
246.281876
244.409256
242.615204
240.642807
238.606705
236.744720
234.763824
232.747894
230.760635
228.988876
227.090790
224.994186
223.071671
220.927307
218.488876
216.135376
213.796738
211.040894
208.644928
206.168274
203.559998
200.792480
198.250015
195.997360
193.494186
191.154480
188.709686
186.187393
183.862549
181.709686
179.554688
177.270187
174.879532
172.382721
169.636429
166.946411
164.507980
162.082291
159.668274
157.066376
154.482498
152.078049
149.528152
146.916687
144.576981
142.105652
139.621567
137.081238
134.756393
132.384842
129.890152
127.580170
125.338135
123.012230
120.955963
118.826454
116.484627
114.139618
111.917747
109.675713
107.257454
104.744713
102.084419
99.811592
97.785049
95.683144
93.409256
91.394394
89.319023
87.230911
84.803101
82.489937
80.209679
77.900764
75.682083
73.660851
71.369980
69.116264
67.112015
65.032402
62.882717
60.823269
58.987812
57.389088
55.632187
53.859364
52.085476
50.168282
48.252144
46.486752
44.651295
43.017536
41.254269
39.652355
37.930489
36.034523
34.097157
32.242592
30.354055
28.430489
26.558939
24.846624
22.990997
21.125818
19.462336
17.884840
16.243652
14.775499
13.450658
11.907134
10.237283
8.471889
6.884841
5.552569
4.192697
2.788238
1.469766
0.140679
-1.364628
-2.809427
-4.104544
-5.426199
-6.768025
-7.982463
-9.283949
-10.663992
-11.781826
-13.035542
-14.348705
-15.718132
-16.988832
-18.147007
-19.206455
-20.298811
-21.469725
-22.634268
-23.762718
-24.815796
-25.818981
-26.894352
-28.056772
-29.399660
-30.736177
-32.186283
-33.355076
-34.537666
-35.473969
-36.497326
-37.435753
-38.463356
-39.311550
-40.114098
-40.850826
-41.534481
-42.355076
-43.237240
-44.079067
-44.866753
-45.431507
-46.057835
-46.562080
-47.178852
-47.860382
-48.620468
-49.358257
-50.099236
-50.689468
-51.259533
-51.881615
-52.481400
-53.092865
-53.758472
-54.279701
-54.912399
-55.747856
-56.459106
-56.865688
-57.247856
-57.772270
-58.355076
-58.656559
-59.054649
-59.499447
-59.857197
-60.109852
-60.583313
-61.114098
-61.437878
-61.677792
-62.019619
-62.466537
-63.158684
-63.616222
-64.072693
-64.532356
-65.016434
-65.341270
-65.369934
-65.465477
-65.717072
-66.157623
-66.699020
-67.367813
-67.863564
-68.339149
-68.895416
-69.201149
-69.265900
-69.703270
-70.534477
-71.354012
-72.072693
-72.781822
-73.238304
-73.775459
-73.993080
-73.875244
-73.812614
-73.949554
-73.995201
-73.933632
-74.187347
-74.175667
-74.240425
-74.156563
-74.256348
-73.979279
-73.726624
-73.687347
-73.785011
-73.778641
-73.611977
-73.343399
-73.096054
-73.059959
-73.052528
-72.779701
-72.535538
-72.501572
-72.347641
-71.965477
-71.609848
-71.406029
-71.257408
-71.050400
-70.729813
-70.469727
-70.369934
-70.070572
-69.701149
-69.465477
-69.364632
-69.311546
-69.327477
-69.151253
-69.092865
-69.062080
-68.908150
-68.792442
-68.831718
-68.599236
-68.453804
-68.289253
-68.035538
-67.835968
-67.734055
-67.529175
-67.180977
-66.979279
-66.732994
-66.541908
-66.382675
-66.244675
-65.902847
-65.696899
-65.482460
-65.202209
-64.720253
-64.252106
-63.935753
-63.874184
-63.722378
-63.384800
-63.201145
-62.964417
-62.675671
-62.271210
-62.000511
-61.846581
-61.550404
-61.256348
-60.865688
-60.719193
-60.473969
-60.081188
-59.702209
-59.213886
-58.924076
-58.795628
-58.730869
-58.488831
-58.201145
-58.029171
-57.727684
-57.596050
-57.465477
-57.378429
-57.119404
-56.825352
-56.408154
-56.098175
-55.688408
-55.382675
-55.024925
-54.800934
-54.596050
-54.248917
-53.900723
-53.710701
-53.548279
-53.579067
-53.545097
-53.617283
-53.648067
-53.585434
-53.450615
-53.094990
-52.794563
-52.492016
-52.147007
-51.717072
-51.401783
-50.980339
-50.427261
-49.958046
-49.689468
-49.453800
-49.189468
-48.827473
-48.392231
-47.942123
-47.643822
-47.392231
-47.111973
-46.859322
-46.686283
-46.428322
-46.006878
-45.634266
-45.328533
-45.152313
-44.835964
-44.465477
-44.232994
-43.885860
-43.531296
-43.272270
-42.920891
-42.446369
-42.128960
-41.983524
-41.553589
-41.045097
-40.862507
-40.563141
-40.344460
-39.850826
-39.513248
-39.370998
-39.229809
-38.850826
-38.547218
-38.134266
-37.929386
-37.494141
-37.339149
-37.122589
-36.742546
-36.257408
-35.887981
-35.642761
-35.346581
-34.937878
-34.594990
-34.323227
-34.143822
-34.004757
-33.846581
-33.640636
-33.340214
-33.086498
-32.718132
-32.318981
-31.903906
-31.572697
-31.484587
-31.416645
-31.162930
-30.883738
-30.603481
-30.383738
-30.168238
-29.920891
-29.571634
-29.391169
-28.983524
-28.647007
-28.308365
-27.815796
-27.637453
-27.536602
-27.412399
-27.204330
-26.884798
-26.607729
-26.366751
-26.076942
-25.703270
-25.582251
-25.286072
-24.973970
-24.689468
-24.480339
-24.305180
-24.078005
-23.737240
-23.441061
-23.290318
-22.989893
-22.700085
-22.484587
-22.261656
-22.032356
-21.886921
-21.659746
-21.493078
-21.431507
-21.238302
-21.015371
-20.668238
-20.437878
-20.048281
-19.837029
-19.506880
-19.227686
-19.027048
-18.856136
-18.507940
-18.348705
-18.019617
-17.774395
-17.385860
-17.253164
-17.050404
-16.732994
-16.364628
-16.157621
-16.166115
-16.109852
-15.975032
-15.623652
-15.276518
-15.042973
-14.727686
-14.340212
-14.248918
-14.017495
-13.848705
-13.720255
-13.514310
-13.171423
-12.900722
-12.792441
-12.727686
-12.564204
-12.380552
-12.209639
-12.058896
-11.862505
-11.678853
-11.475032
-11.310489
-11.135329
-10.915584
-10.909214
-10.887983
-10.666115
-10.385859
-10.127898
-9.826412
-9.549342
-9.120467
-8.913461
-8.818981
-8.571635
-8.527049
-8.547218
-8.445308
-8.151253
-7.815796
-7.796688
-7.641698
-7.369936
-7.113036
-6.959108
-6.897537
-6.929384
-6.775456
-6.667176
-6.518556
-6.451677
-6.964416
-7.586497
-8.293503
-8.966539
-9.328535
-9.628960
-10.002633
-10.023864
-9.824288
-9.399660
-9.116220
-8.975032
-8.722378
-8.444246
-8.028111
-7.697962
-7.357197
-7.005817
-6.748917
-6.529172
-6.152314
-5.879490
-5.703269
-5.423015
-5.242548
-5.218132
-5.073758
-4.791380
-4.381614
-4.172484
-3.808365
-3.486709
-3.296688
-3.116221
-2.895414
-2.650191
-2.509002
-2.334904
-2.309427
-2.251040
-1.999448
-1.785011
-1.803057
-1.870998
-1.772272
-1.434692
-1.096051
-0.930446
-0.775456
-0.703270
-0.601359
-0.260594
-0.106667
-0.010064
0.155541
0.325393
0.576985
0.757452
1.044076
1.183142
1.192696
1.347686
1.603524
1.969766
2.093970
2.117325
2.350870
2.505860
2.753206
2.878471
2.924119
3.005860
3.165096
3.331762
3.523906
3.761698
3.735159
3.685265
3.743652
3.970828
4.269129
4.233036
4.238344
4.306284
4.497367
4.740467
4.728790
4.756391
4.832824
4.941104
5.035584
4.976136
4.833885
4.714989
4.712866
4.666157
4.617325
4.562123
4.675711
4.955966
5.150234
5.143864
5.162972
5.338131
5.466582
5.383779
5.499490
5.613079
5.769129
5.803100
5.925180
6.189512
6.393333
6.468705
6.561061
6.599278
6.619448
6.681019
6.890149
6.919873
7.062123
7.070616
7.131125
7.305223
7.415627
7.306284
7.403949
7.536645
7.586539
7.578047
7.514352
7.598217
7.706497
7.693758
7.616263
7.778684
7.959151
8.036646
8.203312
8.459150
8.492060
8.449596
8.291423
8.196942
8.292484
8.274437
8.170403
8.049384
7.942165
7.953843
8.157664
8.306285
8.340255
8.214990
8.165095
8.075924
8.079108
8.194819
8.212866
8.167218
8.013290
7.851932
7.778684
7.867856
8.100340
8.338132
8.390148
8.482505
8.401826
8.350870
8.317962
8.401826
8.409257
8.560000
8.573800
8.355117
8.402887
8.384841
8.426242
8.530276
8.568493
8.669342
8.863609
8.961274
8.948535
8.918811
8.960213
8.874225
8.861486
8.811592
8.787176
8.925180
8.797791
8.709682
8.722421
8.871040
8.957027
9.154480
9.202250
9.130064
9.261699
9.124756
9.104586
9.143864
9.189511
9.243651
9.390148
9.429427
9.379533
9.369979
9.165095
8.910318
8.572739
8.246837
7.959151
7.727728
7.630064
7.566370
7.621571
7.642803
7.726666
7.836009
7.962336
8.238344
8.432611
8.706497
8.921996
8.688450
8.504798
8.477198
8.626879
8.658726
8.631125
8.600340
8.555754
8.367856
8.296730
8.372102
8.560000
8.698005
8.658726
8.637495
8.592909
8.813716
9.003736
9.050446
9.034522
9.020721
8.947474
8.915627
9.039830
9.082293
9.063185
9.046200
9.039830
9.087601
9.114141
9.175712
9.143864
9.114141
9.074862
9.044076
9.242590
9.376348
9.441104
9.494183
9.589724
9.643864
9.464458
9.391211
9.214990
9.142802
9.189511
9.149172
9.140679
9.120509
8.942165
8.913504
9.062123
9.120509
9.306285
9.289299
9.196942
9.153419
9.074862
8.955966
9.015414
9.056815
9.120509
9.250021
9.252145
9.145988
8.860425
8.881656
9.021784
9.020721
8.834947
8.744714
8.554692
8.527091
8.576985
8.645988
8.743651
8.709682
