0.220936
0.176907
0.124623
-0.010765
0.084997
0.122972
0.185162
0.093253
0.017854
-0.023974
-0.034430
-0.001959
0.008498
0.038767
-0.119736
-0.213847
-0.115883
0.026659
0.048123
-0.075157
-0.222102
-0.190732
-0.158811
-0.043236
0.018954
0.023908
0.084997
0.044271
-0.014618
-0.107078
-0.167617
-0.126340
-0.042135
-0.025074
-0.050391
-0.046538
-0.143952
-0.143952
-0.067452
0.026659
0.081695
-0.017920
-0.034430
0.012900
0.087749
0.204425
0.181860
0.157094
0.125724
-0.000859
-0.012416
0.045371
0.122972
0.043720
-0.111480
-0.130193
0.025008
0.013451
-0.053143
-0.455454
-4.599097
-27.684402
-122.109833
-312.938110
-527.874817
-733.890808
-909.300232
-1046.812622
-1143.753784
-1208.218750
-1246.743286
-1265.890747
-1269.291992
-1258.736084
-1238.483521
-1212.046509
-1179.495117
-1144.950195
-1109.506592
-1073.877563
-1039.055908
-1004.859985
-971.177002
-938.449951
-905.890259
-873.746582
-842.699280
-812.197327
-782.177551
-752.445557
-723.226501
-694.443359
-666.399292
-638.690430
-611.395447
-584.144531
-556.933716
-530.025635
-503.510498
-477.291443
-451.682739
-426.584778
-402.012421
-377.982697
-354.235870
-330.667877
-307.475281
-284.466461
-261.929871
-239.493423
-217.249069
-195.347580
-174.082306
-153.294754
-132.828049
-112.656883
-93.026726
-73.788422
-54.797226
-36.088917
-17.654133
0.490611
18.253407
35.351921
52.208279
68.521980
84.344765
99.857697
114.928146
129.542892
143.856598
157.652420
170.936401
183.964462
196.620499
208.978226
221.339813
233.585266
245.368988
256.868164
267.918793
278.592438
288.983734
298.860443
308.475739
318.165894
327.541809
336.423462
345.108124
353.824127
362.054718
369.754791
377.209381
384.242401
391.033813
397.694244
404.006836
409.894012
415.659576
421.258911
426.495575
431.501617
436.133972
440.523621
444.626556
448.466949
452.065735
455.987579
459.720673
462.780090
465.430084
468.182404
470.853851
473.211029
475.351379
477.155457
478.752594
480.220947
482.434479
485.230835
487.951813
490.259460
492.072327
492.868164
493.356873
493.578125
493.691498
493.436127
493.010712
492.572601
492.043182
491.206085
490.325500
489.140594
487.923737
486.525269
484.984833
483.378876
481.554993
479.626007
477.721222
475.960602
474.082245
471.988129
469.755890
467.529694
465.234680
462.909424
460.613342
458.061340
455.464203
452.814209
450.061340
447.198914
444.250641
441.405304
438.445496
435.364594
432.189575
429.022797
425.609497
422.108673
418.430084
414.581970
410.749817
407.076752
403.326599
399.475189
395.677734
392.024445
388.641968
385.197266
381.869263
378.356873
374.689850
370.966125
367.293030
363.398163
359.253967
355.110870
351.010712
346.909973
342.783386
338.689301
334.693146
330.678833
326.511536
322.400909
318.536285
314.570404
310.503265
306.346405
302.213226
297.871460
293.479065
289.074005
284.646912
280.256165
275.897339
271.756439
267.587463
263.430634
259.209381
255.028854
251.016754
247.204971
243.389343
239.443832
235.272675
231.369537
227.596283
223.840637
219.945206
216.032166
212.067932
207.954010
203.798264
199.614441
195.750381
191.693695
187.547302
183.410812
179.290833
175.318344
171.493362
167.898972
164.307343
160.618301
156.908890
153.075638
149.504913
146.076736
142.438324
138.688736
135.131775
131.452087
127.744324
124.097107
120.863205
117.769646
114.342567
110.934196
107.711853
104.497215
101.366783
98.000793
94.803215
91.730568
88.529686
85.081146
81.856049
78.851646
75.719559
72.379990
69.098206
66.014000
62.935299
59.727264
56.567661
53.782299
51.070686
48.073990
45.026108
42.310093
39.823029
36.941353
33.999691
31.240198
28.626549
25.847242
22.808718
20.077843
17.651316
15.074540
12.491161
9.820826
7.264414
4.746527
2.137281
-0.463159
-2.995905
-5.459307
-8.198987
-10.672845
-12.878129
-14.966737
-17.173120
-19.371799
-21.369047
-23.334375
-25.508289
-27.697611
-29.765305
-31.694860
-33.660187
-35.717976
-37.651382
-39.463711
-41.427387
-43.448849
-45.560020
-47.561123
-49.280991
-50.960133
-52.776863
-54.563873
-56.097172
-57.686604
-59.457104
-61.015167
-62.374550
-63.887486
-65.479668
-67.028374
-68.528099
-69.998108
-71.610657
-73.249619
-74.944725
-76.704765
-78.292000
-79.661835
-80.963432
-82.258980
-83.347031
-84.542412
-85.760902
-87.011864
-88.299706
-89.738335
-90.817589
-91.769157
-92.674500
-93.544060
-94.361893
-95.386108
-96.428490
-97.721825
-98.758148
-99.780716
-100.859413
-101.913902
-103.122490
-104.176422
-105.169815
-105.994255
-107.068001
-107.898491
-108.573784
-109.207794
-109.785667
-110.416931
-110.926010
-111.271088
-111.781815
-112.453255
-113.121384
-113.648079
-114.134598
-114.684402
-115.157158
-115.562775
-116.017372
-116.715225
-117.318962
-117.814835
-118.205040
-118.697609
-119.008560
-119.394363
-119.664040
-119.807686
-120.045990
-120.359695
-120.686607
-120.991501
-121.217148
-121.521500
-121.736687
-121.950775
-122.030029
-122.174774
-122.207245
-122.405373
-122.499481
-122.731735
-122.851158
-122.864372
-122.989853
-123.167618
-123.314011
-123.459305
-123.670097
-123.598000
-123.499481
-123.696510
-123.959030
-124.269432
-124.363541
-124.247971
-124.146156
-124.053139
-123.961235
-123.850060
-123.892990
-123.866020
-123.667892
-123.562225
-123.575432
-123.581490
-123.659637
-123.747696
-123.586441
-123.279892
-122.998657
-122.873177
-122.681099
-122.392166
-122.120834
-121.878677
-121.529755
-121.211647
-121.116982
-120.950775
-120.651932
-120.362442
-120.024521
-119.793373
-119.586441
-119.320068
-118.967285
-118.585335
-118.309059
-118.027275
-117.735039
-117.554520
-117.509941
-117.108727
-116.611206
-116.203941
-116.104874
-115.862167
-115.636520
-115.457657
-115.480217
-115.465363
-115.318962
-115.129639
-115.129089
-114.941422
-114.450500
-114.086166
-113.659088
-113.371803
-113.048737
-112.728981
-112.397667
-111.881432
-111.279343
-110.600197
-110.127991
-109.786217
-109.310707
-108.837402
-108.404823
-107.986000
-107.323372
-106.641472
-106.042137
-105.569931
-105.019020
-104.527000
-103.941422
-103.376755
-102.837402
-102.471413
-101.853363
-101.298599
-100.747147
-100.392166
-99.925461
-99.289795
-98.576530
-98.086166
-97.767509
-97.325020
-96.794472
-96.199539
-95.627167
-95.032227
-94.545166
-94.202843
-93.744392
-93.206139
-92.703667
-92.066353
-91.480774
-91.131294
-90.813736
-90.219902
-89.643677
-89.090569
-88.422432
-87.893539
-87.534157
-87.126892
-86.517647
-85.935364
-85.143402
-84.437843
-83.918854
-83.596344
-83.079010
-82.455452
-81.798874
-81.211647
-80.598549
-80.053696
-79.364647
-78.727333
-78.408676
-77.956833
-77.365196
-76.796127
-76.378952
-75.801079
-75.105980
-74.480774
-73.887482
-73.555069
-73.171471
-72.600197
-72.057549
-71.544609
-71.081764
-70.479668
-70.057549
-69.596344
-68.807686
-68.151657
-67.609550
-67.176422
-66.707520
-66.232559
-65.638176
-65.138451
-64.631569
-64.262833
-63.723476
-63.145054
-62.569378
-61.906197
-61.367397
-60.918304
-60.646980
-60.166515
-59.605701
-58.983799
-58.349785
-57.874828
-57.680550
-57.468113
-57.120838
-56.741089
-56.143951
-55.705868
-55.454903
-55.101025
-54.547363
-54.047638
-53.560574
-53.043785
-52.578735
-52.148903
-51.508289
-50.846760
-50.475266
-50.277687
-49.884731
-49.313461
-48.847309
-48.364094
-47.818691
-47.158260
-46.643127
-46.223202
-45.776314
-45.283192
-44.826397
-44.316212
-43.652481
-42.962883
-42.647530
-42.342632
-41.950775
-41.385010
-40.832451
-40.504436
-40.458206
-40.338226
-39.941422
-39.582588
-39.028927
-38.478569
-37.938118
-37.404819
-36.878128
-36.361343
-35.881981
-35.383358
-34.870422
-34.524250
-34.207794
-33.809334
-33.296951
-32.813736
-32.321167
-31.850611
-31.287045
-30.693758
-30.168167
-29.727331
-29.235312
-28.773010
-28.369047
-27.919956
-27.409775
-26.880880
-26.461508
-26.003611
-25.708618
-25.185780
-24.682753
-24.228157
-23.704216
-23.315662
-22.964535
-22.569929
-22.186329
-21.776863
-21.440044
-21.109829
-20.782917
-20.435640
-19.901794
-19.378954
-18.998657
-18.614508
-18.277138
-17.968937
-17.609003
-17.197887
-16.689907
-16.206692
-15.863269
-15.531404
-15.189081
-14.900694
-14.587540
-14.271084
-13.917204
-13.433990
-13.047639
-12.763104
-12.470314
-12.153858
-11.797776
-11.496731
-11.277138
-10.978845
-10.632119
-10.387210
-10.045438
-9.655785
-9.323918
-9.031128
-8.638723
-8.283192
-8.052042
-7.990952
-7.591393
-7.200638
-6.861068
-6.580385
-6.203390
-5.742190
-5.430138
-5.116434
-4.900693
-4.806582
-4.600749
-4.378404
-4.168167
-3.984348
-3.773010
-3.671745
-3.495080
-3.268883
-3.056445
-2.843456
-2.603500
-2.348685
-2.061398
-1.829147
-1.673396
-1.452152
-1.298602
-1.066901
-0.789521
-0.547364
-0.294199
-0.039934
0.138382
0.236896
0.499967
0.627650
0.684887
0.827980
1.059130
1.149389
1.358525
1.736621
2.154342
2.420165
2.592978
2.869257
2.991987
2.830182
2.645812
2.598481
2.514827
2.464744
2.514827
2.597380
2.634805
2.643060
2.674430
2.843940
2.894023
3.159296
3.352471
3.449334
3.687088
3.966670
4.142785
4.291381
4.364579
4.464194
4.782851
5.142234
5.355223
5.408057
5.695894
5.943555
6.189015
6.359626
6.629301
6.899527
7.238547
7.470798
7.607287
7.794408
7.970523
8.044271
8.200022
8.427870
8.727815
8.812571
8.808718
8.958415
9.133429
9.329356
9.493362
9.687089
9.939703
10.240748
10.415762
10.558855
10.783401
10.952361
11.132878
11.322752
11.435575
11.461992
11.513176
11.758084
11.979879
12.038217
12.104810
12.128475
12.212130
12.460341
12.564359
12.681585
12.794409
12.801563
12.855498
12.943005
13.166451
13.430622
13.437226
13.508773
13.595729
13.588574
13.577567
13.755883
13.900627
13.965569
13.915487
13.822476
13.901177
14.082246
14.170853
14.245152
14.410809
14.455938
14.553351
14.634254
14.816422
14.971623
15.093803
15.202774
15.298536
15.375587
15.386043
15.479053
15.540693
15.610589
15.704149
15.790006
15.706902
15.583071
15.620496
15.808167
15.851095
15.788905
15.859900
16.047022
16.139482
16.198921
16.129026
16.167551
16.200022
16.314497
16.200022
15.880815
15.674981
15.378888
15.193418
15.152141
15.158195
15.164799
15.209929
15.269917
15.334860
15.502719
15.530787
15.377237
15.537942
15.493913
15.464744
15.523082
15.748729
15.785603
15.678833
15.570963
15.537942
15.630402
15.662873
15.691491
15.602884
15.592427
15.577567
15.562708
15.368431
15.251205
15.226439
15.394849
15.488409
15.459241
15.386593
15.444931
15.487859
15.563808
15.788905
15.700848
15.600682
15.655718
15.763038
15.878613
15.909433
15.999142
15.898976
15.921541
16.006296
16.129576
16.021706
16.027760
16.089399
16.044271
16.036015
16.108664
16.185162
16.247904
16.294683
16.260561
16.353022
16.392097
16.277073
16.174706
16.217634
16.118568
16.067936
16.134529
16.196169
16.208277
16.140583
16.094353
16.170853
16.250105
16.353022
16.326054
16.283127
16.228642
16.301838
16.526934
16.617744
16.565460
16.499416
16.479603
16.468046
16.473000
16.446583
16.317799
16.273769
16.241299
16.171953
16.087198
16.017303
16.170853
16.290831
16.269917
15.939153
15.587474
15.258910
15.010699
14.606186
14.198371
14.139482
13.918239
13.592978
13.348068
13.342565
13.322202
13.368981
13.518128
13.564909
13.640308
13.683786
13.749279
13.881365
13.880264
13.706902
13.558305
