0.181364
0.096653
0.037769
-0.092397
0.008843
0.156570
0.140041
0.114215
-0.033512
-0.127521
-0.134752
0.009876
0.161736
0.195826
0.242314
0.021240
-0.163678
-0.094463
0.069793
0.229917
0.258843
0.191694
0.174132
0.172066
0.153471
0.131777
-0.021116
-0.092397
0.108017
0.080124
0.131777
-0.078967
-0.352727
-0.389917
-0.244256
-0.333099
-0.293843
-0.155413
0.014008
0.018140
-0.100661
-0.273182
-0.262851
-0.195702
-0.163678
0.059463
0.215455
0.170000
0.035702
0.023306
0.036736
0.074959
0.028471
0.034669
-0.032479
0.130744
0.052231
-0.178140
-0.304174
-0.777314
-5.264917
-28.326900
-120.419876
-304.995300
-509.500458
-701.528320
-862.982910
-983.194641
-1064.718384
-1115.527344
-1143.471558
-1154.218384
-1150.594482
-1134.359985
-1109.315552
-1079.548950
-1044.856812
-1008.951904
-973.452942
-937.864075
-903.202942
-869.544861
-836.753540
-805.510803
-774.878540
-744.833069
-715.518005
-686.924011
-659.145081
-632.126465
-605.665771
-579.867188
-554.389893
-529.096558
-503.775238
-478.668854
-453.682281
-429.182281
-404.725647
-380.155426
-356.363068
-333.124420
-310.164703
-287.828979
-265.838257
-244.086197
-223.028351
-202.353760
-182.000458
-162.216370
-142.469467
-122.825867
-103.654381
-84.900246
-66.590332
-48.741158
-31.260786
-14.148182
2.601818
18.985083
34.713387
50.027439
64.925163
79.548096
94.100784
108.257812
121.815659
134.660706
147.412766
159.791901
171.937561
183.453064
194.758850
205.722687
216.216492
226.094589
235.957184
245.802231
255.557404
264.928253
274.028473
283.032593
291.442719
298.899353
305.979919
313.062561
320.063599
326.804291
333.151398
339.349762
345.445831
351.265045
356.822906
362.238190
367.467529
372.404510
377.064636
381.793976
386.255737
390.399353
394.240234
397.635895
400.976807
404.070831
407.050171
409.677246
412.125580
414.248505
416.145203
417.851807
419.510895
420.854919
422.134888
423.190674
424.056366
424.463379
424.911743
425.359039
425.775360
425.970612
426.261932
426.414825
426.359039
426.211334
426.045013
425.408630
424.828064
424.066681
423.391083
422.361115
421.171021
420.226807
419.214417
417.802246
416.139008
414.223724
412.296021
410.725800
408.961334
406.746460
404.685486
402.443756
399.917938
397.088379
394.897278
392.445831
389.745422
387.077026
384.541901
381.957184
379.416901
376.610077
373.412781
370.291901
367.511932
364.530548
361.599762
358.631775
355.517120
352.383850
349.196869
345.946869
342.657593
339.588379
336.234039
332.618347
329.359039
326.209259
322.892120
319.481995
316.230957
312.927246
309.346649
305.489227
301.656555
298.026398
294.511932
290.937561
287.315674
283.346649
279.439636
275.874542
272.585297
269.185486
265.640045
262.077026
258.811523
255.491287
251.744385
247.744385
243.663803
239.738174
235.925171
232.132812
228.366287
224.710297
221.074951
217.396240
213.908630
210.262970
206.558426
202.861115
199.327026
196.017105
192.714417
189.124542
185.371445
181.957184
178.531570
174.825989
171.204086
167.834259
164.329086
160.722687
157.283630
153.677231
150.450989
147.235077
143.839417
140.581161
137.539841
134.131775
130.518143
127.453056
124.531570
121.390038
118.035706
114.936531
111.991280
109.321861
106.417931
103.563599
100.688599
97.815659
94.689629
91.458221
88.164833
84.915871
81.711319
79.025375
76.491280
73.689629
70.648308
68.034668
65.377647
62.336323
59.455124
56.873512
54.439629
52.068760
49.459255
46.859051
44.315662
41.594585
38.907604
36.284668
33.946861
31.396240
28.894173
26.243347
23.839422
21.880743
19.823925
17.227852
14.785703
12.773306
10.630744
8.368347
5.984050
3.457190
1.064628
-1.080000
-3.156446
-4.930207
-6.632686
-8.391983
-10.235991
-12.219462
-14.132686
-15.970496
-17.752522
-19.371323
-21.039711
-22.770082
-24.389917
-26.007687
-27.657480
-29.295910
-30.637852
-31.990124
-33.708099
-35.533512
-37.263885
-38.879585
-40.563473
-42.078968
-43.640949
-45.167809
-46.787643
-48.449833
-49.969463
-51.312439
-52.542809
-53.803139
-54.915745
-56.178139
-57.565536
-58.846527
-60.029381
-61.115124
-62.465332
-63.703968
-64.847565
-65.953964
-67.052109
-67.982895
-69.123390
-70.164711
-71.391983
-72.353760
-73.304176
-74.367188
-75.333099
-76.144051
-76.848595
-77.524216
-78.183304
-79.073799
-80.043846
-81.114090
-82.238060
-83.314507
-84.350662
-85.330002
-86.372353
-87.325867
-88.132683
-88.754585
-89.509750
-90.457069
-91.310371
-91.905411
-92.223595
-92.707069
-93.462234
-94.101692
-94.663681
-95.153351
-95.846527
-96.575867
-97.208099
-97.632683
-98.230827
-98.678139
-99.276283
-100.027313
-100.376488
-100.689507
-101.089294
-101.362022
-101.728760
-102.140953
-102.689507
-103.054176
-103.249420
-103.324837
-103.283516
-103.535576
-103.864090
-104.007683
-104.114090
-104.295906
-104.318634
-104.476692
-104.899216
-105.126488
-105.282478
-105.442604
-105.484962
-105.614090
-105.846527
-105.910576
-105.832069
-105.819672
-106.138885
-106.288681
-106.277313
-106.286613
-106.243225
-106.255623
-106.318634
-106.422974
-106.539711
-106.419876
-106.145081
-105.866158
-105.914711
-105.888885
-105.853760
-105.928139
-106.002518
-105.875458
-105.483925
-105.221527
-105.136818
-105.180206
-105.314507
-105.067604
-104.563469
-104.354790
-104.251488
-103.865128
-103.475662
-103.602730
-103.753555
-103.477730
-103.086197
-102.895081
-102.941566
-102.575867
-102.080002
-101.610992
-101.127518
-100.730827
-100.656448
-100.707069
-100.772148
-100.389915
-99.909546
-99.485992
-99.155411
-98.963264
-98.589294
-98.258720
-98.210167
-98.214294
-98.092400
-97.729790
-97.065536
-96.694672
-96.399216
-95.971527
-95.515953
-95.112022
-94.725662
-94.336197
-93.730827
-93.280411
-93.095497
-93.005623
-92.800041
-92.337234
-91.863060
-91.424011
-90.977730
-90.639915
-90.297974
-90.208099
-90.210167
-89.897148
-89.373390
-88.982895
-88.852730
-88.473595
-87.958099
-87.477730
-87.113060
-86.719460
-86.061401
-85.531448
-85.034546
-84.649216
-84.172974
-83.716362
-83.263885
-82.883720
-82.354790
-82.064507
-81.755623
-81.245293
-80.703964
-80.123390
-79.574837
-78.976692
-78.530411
-78.225662
-77.901283
-76.998390
-76.179176
-75.784546
-75.558304
-75.345497
-74.790741
-74.050041
-73.667809
-73.377518
-72.852730
-72.180206
-71.888885
-71.644051
-71.317604
-70.683304
-70.107895
-69.894051
-69.711197
-69.514915
-69.215332
-69.059341
-69.240128
-69.292809
-69.022148
-68.602730
-68.067604
-67.631653
-67.450867
-67.415741
-66.930206
-66.491158
-65.852730
-65.070702
-64.304176
-63.662643
-63.105827
-62.713264
-62.237026
-61.599628
-60.821735
-59.952934
-59.100662
-58.431240
-57.796944
-57.273182
-56.876488
-56.362026
-56.054173
-55.643017
-55.193638
-54.458099
-53.839298
-53.572769
-53.131653
-52.350662
-51.496323
-50.953968
-50.505619
-49.989090
-49.644051
-49.367191
-48.931240
-48.185371
-47.544876
-46.976696
-46.542809
-46.183308
-45.857891
-45.556240
-45.123390
-44.814503
-44.450867
-44.145084
-43.696735
-43.295910
-42.721527
-42.188473
-41.737026
-41.192604
-41.077934
-41.326900
-41.647148
-41.830002
-41.958099
-41.758720
-41.337231
-40.893017
-40.216362
-39.633720
-39.108925
-38.477726
-38.105827
-37.813473
-37.258720
-36.641983
-36.005619
-35.429173
-34.831032
-34.485992
-34.156445
-33.746323
-33.188473
-32.703968
-32.081032
-31.395082
-31.052107
-30.632687
-30.053141
-29.583099
-29.107893
-28.692604
-28.190536
-27.659546
-27.124422
-26.744257
-26.380619
-26.078966
-25.677107
-25.300041
-24.751488
-24.207066
-23.966364
-23.511818
-23.240124
-22.895082
-22.458099
-21.924007
-21.350660
-20.997355
-20.527313
-20.082066
-19.742189
-19.367189
-19.005619
-18.610992
-18.091364
-17.845495
-17.535578
-16.963264
-16.239090
-15.932273
-15.990124
-15.878553
-15.403347
-15.163677
-14.893017
-14.741157
-14.519050
-14.167809
-13.904380
-13.564504
-13.129587
-12.883719
-12.508719
-12.171942
-11.772149
-11.411612
-11.076900
-10.926074
-10.925041
-10.843430
-10.657479
-10.399215
-10.032479
-9.664711
-9.400248
-9.342397
-9.261818
-8.976694
-8.554173
-8.251488
-8.036612
-7.802107
-7.651281
-7.514917
-7.202934
-6.831033
-6.469463
-6.062438
-5.760785
-5.593430
-5.428141
-5.577934
-5.629587
-5.510785
-5.412645
-5.091363
-4.926075
-4.877521
-4.945703
-4.946735
-4.761818
-4.617190
-4.387851
-4.344463
-4.247355
-3.906446
-3.398182
-3.066570
-2.913678
-2.835165
-2.554173
-2.424008
-2.230826
-1.998388
-1.842397
-1.609959
-1.196736
-1.102727
-0.897149
-0.592397
-0.276281
0.012975
0.208223
0.392107
0.592521
0.841488
1.072893
1.187562
1.346653
1.665868
1.913802
2.161736
2.282603
2.445827
2.882810
3.130744
3.381777
3.665868
3.967521
4.264008
4.365248
4.574959
4.643140
4.786736
5.039834
5.198925
5.399339
5.477851
5.509876
5.550165
5.863182
6.028471
6.200992
6.306364
6.435496
6.631777
6.997479
7.285703
7.412768
7.562562
7.599752
7.643140
7.689628
7.748512
8.030538
8.094586
8.183430
8.472686
8.567727
8.599752
8.625579
8.806364
9.100785
9.355950
9.371447
9.444794
9.644174
9.924132
10.021239
10.043967
9.974752
9.798100
9.843554
10.043967
10.354918
10.666901
10.672066
10.577024
10.720620
10.829091
10.911736
10.987148
10.980950
11.230950
11.189628
11.116281
11.191694
11.464421
11.457191
11.517107
11.423100
11.532603
11.640041
11.856983
12.059463
12.051198
12.073926
12.122479
12.218554
12.075992
12.198926
12.223719
12.140041
12.075992
12.197892
12.351818
12.444794
12.375579
12.392107
12.600785
12.771239
12.767107
12.746447
12.836323
12.795000
12.626612
12.759876
12.775372
12.880744
12.917933
12.970620
13.051198
13.166901
13.181364
13.099752
13.142107
13.134876
13.103885
13.118347
13.126612
13.258843
13.382810
13.228885
12.948926
12.850785
12.967521
13.157603
13.373512
13.356983
13.195827
13.168967
13.240248
13.260909
13.278471
13.367314
13.405538
13.321859
13.376612
13.382810
13.418967
13.390041
13.352851
13.480950
13.577024
13.234050
13.022273
12.772273
12.590454
12.490248
12.474752
12.304297
12.538801
12.510909
12.443760
12.322892
12.369380
12.426198
12.450992
12.464421
12.374545
12.127645
12.002645
12.102851
12.321859
12.569794
12.472686
12.394174
12.608017
12.861115
12.918967
12.996447
12.825992
12.753677
12.901405
12.916901
13.017107
13.348719
13.434463
13.321859
13.280538
13.275372
13.328058
13.257810
13.262975
13.105950
12.980950
12.986115
13.222686
13.429297
13.409670
13.189628
13.059463
12.877645
12.805330
12.743347
12.692727
12.575992
12.654504
12.807397
13.068760
13.233017
13.075992
12.909670
12.925165
12.942727
13.140041
13.300165
13.256777
13.286736
13.443760
13.446859
13.199959
13.112148
13.193760
13.067727
12.898306
12.809463
12.808430
12.712356
12.690661
12.709256
12.627645
12.524339
12.545000
12.542933
12.632810
12.664835
12.786736
12.599752
12.599752
12.550165
12.414835
12.308430
12.420000
12.621447
12.730950
12.491281
12.459256
12.580124
12.481983
12.333223
12.233017
12.057397
12.130744
12.047066
11.897273
11.749545
11.786736
11.578058
11.322892
11.059463
10.948926
10.823926
10.674132
10.725785
10.833223
10.783636
10.688595
10.686529
10.629711
10.412768
10.449959
10.605950
10.634876
10.523306
10.432397
