0.098655
-0.004359
-0.118584
-0.274856
-0.231409
-0.169741
-0.043602
0.008255
-0.005760
0.015964
0.056608
0.076931
0.074828
0.165228
0.167330
0.225494
0.209376
0.163125
0.087442
0.087442
-0.001556
0.020168
0.039089
0.018767
0.068521
0.040491
-0.024681
0.036286
-0.042901
-0.056216
0.036987
0.149811
0.227596
0.238809
0.239509
0.165929
0.067821
-0.088451
-0.147316
-0.190063
-0.268549
-0.255936
-0.229306
-0.192866
-0.252432
-0.175347
-0.102467
0.069923
0.044695
-0.024681
0.038388
0.071324
0.124583
0.069923
0.102859
0.253525
0.214982
0.138598
0.018066
-1.087751
-7.714941
-31.579691
-100.310593
-226.888733
-349.764709
-454.795532
-543.505432
-612.965820
-661.943420
-693.366638
-710.519409
-714.751404
-709.327393
-697.734558
-679.796204
-658.152222
-635.159241
-611.682007
-588.218811
-564.569153
-541.641357
-519.733887
-498.447937
-478.215302
-458.600708
-439.342133
-421.285370
-403.546051
-385.608429
-368.478790
-352.377869
-336.024689
-319.625946
-303.764008
-288.164825
-272.611938
-257.234222
-242.211090
-227.494904
-212.885223
-198.509613
-184.571289
-170.632950
-156.950394
-143.737366
-130.895737
-118.264343
-105.867004
-93.665886
-81.649071
-69.855797
-58.435333
-47.166237
-36.260139
-25.356846
-14.684807
-4.461261
5.726545
15.798724
25.587793
35.163124
44.374760
53.186951
61.781204
70.131592
78.528931
86.699219
94.591995
102.508606
109.901741
117.016663
123.720238
130.404190
137.022964
143.312393
149.337616
155.376160
161.284363
167.182755
172.740555
177.859695
182.726547
187.584290
192.205872
196.597610
200.966202
205.352341
209.621429
213.569580
217.509308
221.373352
224.842178
228.121078
231.316589
234.522614
237.339722
239.846375
242.191162
244.324310
246.274551
248.184845
249.908051
251.538742
253.118271
254.563965
256.015961
257.114777
257.973206
258.935364
259.968323
260.718842
261.443420
261.920654
262.309601
262.718842
262.987244
263.131592
263.179932
263.069214
263.149811
262.954285
262.838654
262.689392
262.297668
262.037689
261.755280
261.193970
260.524719
259.976013
259.156128
258.219177
257.278046
256.077637
254.782608
253.496689
252.256332
251.123886
249.889130
248.500900
247.325699
246.084641
244.620728
243.102859
241.669083
240.202362
238.386673
236.478470
234.511414
232.590591
230.740555
228.889130
227.145599
225.371948
223.378967
221.380371
219.341827
217.563965
215.646652
213.611618
211.580780
209.484085
207.181351
205.010361
202.899643
200.737762
198.483383
196.220581
193.980225
191.815536
189.629837
187.458145
185.165924
182.946594
180.745468
178.555557
176.281555
173.873001
171.540848
169.268936
166.778397
164.445541
162.101456
159.884216
157.591995
155.296967
153.085342
150.783310
148.402084
146.264038
144.173630
141.862488
139.549255
137.312393
135.083237
133.077637
131.008255
128.821152
126.673988
124.732155
122.853386
120.733551
118.369850
116.166626
114.102859
112.124580
109.940277
107.673286
105.245819
102.753876
100.444832
98.112671
95.954994
93.802933
91.765785
89.694313
87.406296
85.240211
83.156120
81.034187
78.836563
76.801529
74.874405
72.861794
70.741264
68.705521
66.761581
64.792419
62.670483
60.798023
58.976021
57.069923
55.111969
53.114071
51.209377
49.292767
47.230400
45.580784
44.027176
42.306782
40.519115
38.806435
37.063618
35.310989
33.566769
31.881416
30.105661
28.453245
26.901737
25.442734
23.959202
22.428017
20.978823
19.392277
17.821150
16.285059
14.887022
13.486181
12.029278
10.655767
9.339019
8.004751
6.711829
5.465858
4.239510
2.989334
1.665578
0.486882
-0.841780
-2.446545
-3.860000
-4.909054
-6.176048
-7.606321
-8.909755
-10.148017
-11.424821
-12.620337
-13.834071
-14.827064
-15.732460
-16.859299
-18.197071
-19.628746
-20.972824
-22.259439
-23.396790
-24.508213
-25.664484
-26.794828
-27.909754
-28.860701
-29.660980
-30.481585
-31.380672
-32.286770
-33.119286
-33.991745
-34.848087
-35.841080
-36.801136
-37.534142
-38.052010
-38.800434
-39.574085
-40.487892
-41.239117
-41.887329
-42.582497
-43.334423
-43.979832
-44.733162
-45.587399
-46.265747
-46.822159
-47.381374
-47.988239
-48.446545
-48.976330
-49.679199
-50.509613
-51.119286
-51.579693
-52.119987
-52.592304
-53.110874
-53.684807
-54.314800
-54.672894
-54.986137
-55.548157
-56.162731
-56.705830
-57.084248
-57.440239
-57.768898
-58.000153
-58.310596
-58.827766
-59.344933
-59.609123
-59.923771
-60.241920
-60.661682
-61.017673
-61.269951
-61.693916
-61.968620
-62.069530
-62.405201
-62.624542
-62.663082
-62.829868
-63.019775
-63.359650
-63.649769
-63.924473
-64.063225
-64.054115
-64.215294
-64.529938
-64.812347
-64.858597
-64.871910
-65.078644
-65.285370
-65.297981
-65.280464
-65.140305
-65.049210
-65.335121
-65.640656
-65.839676
-65.918861
-66.007164
-66.282562
-66.501205
-66.682007
-66.799736
-66.770302
-66.852989
-67.080742
-67.345634
-67.442337
-67.563576
-67.653976
-67.728256
-67.719849
-67.719849
-67.561470
-67.472473
-67.141708
-67.004356
-66.963013
-66.996651
-66.874718
-66.700226
-66.640656
-66.725449
-66.714241
-66.454254
-66.379272
-66.378571
-66.461960
-66.244026
-66.092659
-65.879623
-65.684807
-65.415009
-65.288872
-65.138206
-64.918861
-64.761192
-64.515221
-64.468971
-64.262939
-64.175346
-64.124191
-63.975628
-63.718445
-63.396790
-63.204781
-62.967918
-62.867008
-62.695320
-62.320408
-61.946194
-61.543251
-61.421318
-61.349838
-61.239117
-60.946194
-60.678501
-60.419216
-60.330215
-60.129795
-59.897141
-59.593006
-59.488590
-59.249630
-59.093357
-58.972824
-58.759789
-58.553764
-58.457058
-58.240520
-58.120686
-57.806042
-57.337223
-57.010666
-56.644161
-56.460560
-56.262943
-56.052010
-55.703026
-55.241219
-54.995247
-54.820755
-54.680603
-54.610527
-54.126293
-53.606319
-53.374367
-53.457756
-53.431129
-53.083546
-52.834774
-52.550961
-52.202679
-51.848087
-51.532742
-51.080742
-50.624542
-50.344234
-50.170441
-49.993145
-49.775208
-49.674995
-49.457058
-49.017673
-48.697422
-48.592304
-48.313400
-47.885929
-47.583195
-47.119286
-46.758389
-46.618233
-46.427624
-46.040096
-45.537647
-45.201977
-44.890835
-44.803940
-44.557968
-44.160629
-43.901344
-43.766796
-43.506111
-43.234211
-42.923771
-42.680603
-42.361752
-42.030289
-41.754883
-41.475979
-41.249630
-41.101765
-41.007862
-41.066727
-41.042900
-40.845284
-40.491394
-40.249630
-40.016273
-39.694618
-39.434631
-39.178150
-38.913258
-38.607723
-38.309895
-38.129097
-38.084946
-37.671494
-37.283966
-37.028187
-36.840378
-36.638557
-36.384876
-36.003658
-35.745773
-35.509613
-35.111576
-34.780113
-34.426922
-34.162731
-33.855797
-33.557266
-33.403099
-33.175346
-32.667290
-32.290974
-32.082844
-31.743671
-31.354744
-31.028185
-30.559370
-30.223000
-29.979132
-29.749279
-29.550961
-29.260841
-29.028185
-28.715641
-28.471071
-28.147316
-27.888031
-27.654675
-27.322508
-27.007862
-26.738066
-26.532040
-26.138906
-25.758389
-25.377169
-25.191465
-24.906952
-24.492796
-24.252432
-23.946196
-23.663784
-23.412207
-23.180252
-22.851591
-22.469671
-22.151520
-22.080042
-22.030287
-21.762592
-21.430428
-21.293076
-21.161331
-21.105270
-20.800434
-20.399593
-20.075136
-20.127695
-20.483686
-20.935684
-21.379972
-21.649769
-21.816553
-21.799734
-21.650469
-21.504009
-21.358248
-21.154324
-20.893637
-20.791325
-20.536945
-20.267849
-20.033091
-19.705130
-19.219496
-18.735262
-18.384878
-18.052011
-17.841780
-17.656776
-17.410105
-17.008564
-16.498402
-15.995249
-15.618935
-15.271353
-15.146615
-14.697421
-14.332319
-14.094758
-13.858599
-13.649068
-13.560771
-13.417112
-13.276958
-13.012768
-12.716342
-12.474576
-12.070932
-11.766797
-11.480883
-11.259439
-11.137506
-10.883826
-10.695319
-10.652572
-10.501906
-10.284667
-10.098262
-9.777309
-9.471072
-9.226503
-9.190063
-9.073034
-8.974926
-8.846685
-8.628746
-8.367358
-8.080743
-7.767498
-7.611227
-7.444443
-7.122088
-6.634352
-6.403798
-6.215991
-5.991044
-5.742270
-5.385578
-5.026783
-4.701626
-4.445144
-4.274156
-3.944793
-3.611226
-3.380673
-3.192866
-3.082845
-2.895739
-2.761892
-2.627344
-2.537645
-2.416412
-2.189362
-1.917463
-1.724050
-1.610526
-1.358248
-1.210385
-0.994548
-0.603518
-0.407302
-0.211787
-0.150820
-0.056917
0.118977
0.246517
0.377561
0.498795
0.698514
0.899636
0.948690
1.014562
1.167330
1.398584
1.568171
1.793118
1.896832
1.856889
2.025074
2.142102
2.201668
2.040491
1.988634
2.064317
2.135095
2.036286
2.180645
2.294870
2.312390
2.425915
2.727246
2.916454
3.011058
2.993539
2.909446
2.790315
2.798725
2.725844
2.909446
2.802228
2.692908
2.849180
3.002649
2.888423
2.994941
3.202368
3.369152
3.523322
3.598304
3.873707
3.944485
4.067821
4.192558
4.248620
4.376861
4.682396
4.780505
4.873006
5.008956
5.069923
5.248620
5.426615
5.408395
5.321500
5.120378
4.923462
4.841472
4.964107
4.983728
5.011759
4.931170
5.016665
5.158220
5.288563
5.339720
5.478472
5.549951
5.609517
5.774899
5.936777
6.041892
6.119678
6.192558
6.323602
6.349531
6.369853
6.416104
6.606713
6.751773
6.753174
6.693609
6.655066
6.787512
6.928367
7.026475
7.022271
7.104261
7.077631
7.155417
7.360042
7.510708
7.610217
7.663476
7.633343
7.746868
7.690806
7.617926
7.647358
7.794520
7.877912
7.973217
7.888423
7.888423
7.828157
7.942383
7.940280
7.925564
7.945887
7.854085
7.994240
8.140000
8.118276
8.145606
8.254226
8.369152
8.363546
8.477772
8.595501
8.591296
8.681696
8.521920
8.496693
8.438528
8.334814
8.281556
8.341122
8.355838
8.343224
8.369853
8.348829
8.465158
8.472165
8.493189
8.343925
8.221991
8.062915
8.088843
7.940280
7.935375
7.979524
7.975319
7.948689
7.921360
8.072025
8.075529
8.006153
8.097954
8.165929
8.309587
8.284359
8.313791
8.162425
8.129488
8.145606
8.111969
8.121780
8.079033
8.117576
8.157519
8.191857
8.295571
8.384569
8.490385
8.556258
8.671885
8.664177
8.516314
8.055907
7.374057
6.571675
5.919257
5.520519
5.341822
5.102859
4.953595
4.824653
4.849180
4.829558
4.807134
4.857589
4.864597
4.994240
5.148409
5.193259
5.349531
5.666279
5.763686
5.944485
6.001948
5.962705
5.782607
5.720939
5.786111
5.965508
6.026475
6.131591
6.012460
5.786111
5.635445
5.495291
5.306083
5.057309
4.882817
4.999846
4.953595
5.008255
4.873006
4.783308
4.786811
4.802929
4.938178
5.126685
5.239510
5.336916
5.535235
5.820448
6.144205
6.201668
6.209376
6.189054
6.360743
6.481276
6.634043
6.692207
6.618627
6.510007
6.221990
5.643854
5.016665
4.391577
3.899636
3.572376
3.412600
3.311689
3.336216
3.449040
3.549951
3.573076
3.651563
3.820448
4.170133
4.246517
4.383167
4.553455
4.781205
5.049601
5.346026
5.460252
5.570974
5.706223
5.896832
6.107064
6.381065
6.472866
6.545045
6.861794
6.991436
7.116875
7.404891
7.522621
7.555557
7.566770
7.630539
7.826055
8.085340
8.199566
8.236707
8.358641
8.500196
8.552053
8.377562
8.308185
8.361444
8.465158
8.539439
