-0.087749
0.051316
0.084225
0.140488
0.189321
0.223291
0.067240
0.084225
0.003546
-0.001762
0.035393
-0.037856
-0.054841
0.018408
0.102272
0.155350
-0.065456
-0.214076
-0.149321
-0.117473
-0.066518
-0.185414
-0.297941
-0.111104
0.140488
0.179766
0.017346
-0.104735
0.007792
0.060870
-0.222569
-0.257601
-0.220446
-0.123843
-0.043163
0.053439
0.022654
-0.194968
-0.215138
-0.084565
0.198875
0.246645
0.199936
0.103333
0.126688
0.068301
0.058747
0.099087
0.140488
-0.022994
-0.211953
-0.218323
-0.248047
-0.207707
-0.322357
-0.306433
-0.314926
-0.090934
0.068301
-0.485839
-6.018747
-30.362696
-113.063332
-266.913666
-426.976288
-575.423218
-707.300049
-812.446533
-887.922119
-938.772461
-968.769287
-981.204529
-979.568665
-967.651428
-947.512390
-921.049561
-891.183289
-859.844666
-828.283081
-796.524048
-765.636597
-735.497498
-706.113220
-678.133423
-651.349976
-624.857361
-599.289429
-574.836182
-551.165222
-528.082458
-505.214081
-482.629150
-460.854218
-439.449738
-418.101562
-397.386047
-376.960358
-356.598358
-336.779907
-317.199219
-297.589874
-278.124908
-258.844635
-239.932755
-221.500702
-203.627029
-186.033615
-168.558029
-151.458237
-134.873306
-118.979469
-103.404099
-87.907280
-73.124901
-58.481594
-44.141891
-30.309618
-16.858450
-3.697091
9.542824
22.681890
35.195690
47.207367
59.308216
70.993988
82.342186
93.454712
104.165962
114.759384
125.157471
135.176575
144.997177
154.438797
163.516281
172.426056
180.865540
189.066177
196.915436
204.434540
211.654282
218.485504
225.161713
231.854919
238.573608
245.168091
251.633057
257.699951
263.462158
269.315643
274.884644
280.139435
284.940918
289.505676
293.680817
297.750885
301.558746
305.567230
309.472748
313.091644
316.668091
319.995056
323.109711
326.098022
328.843262
331.533264
333.794403
335.996124
338.308228
340.280609
342.217987
344.109711
345.809265
346.988678
347.826263
348.699951
349.841125
351.079987
351.547058
352.159607
352.956848
353.051331
353.056610
353.111816
352.916504
352.197815
351.512024
351.101196
350.628815
349.720093
348.690369
347.954712
347.395264
346.638367
345.886780
345.000366
343.901642
342.544952
341.200989
339.933472
338.736023
337.073608
335.269989
333.575745
331.863403
330.109711
328.344299
326.206299
324.348541
322.485504
320.517334
318.540710
316.367676
314.236023
312.226471
309.883575
307.184021
304.712677
302.296539
299.841125
297.313538
294.901642
292.293365
289.540710
286.884644
284.600159
282.353851
279.854919
277.057678
274.358124
271.861298
269.139435
266.391022
263.581055
260.938782
258.376160
255.551315
252.766815
249.905884
246.859177
243.992935
241.111832
238.196747
234.967453
231.753021
228.956833
226.111832
222.933487
219.786987
216.675522
213.628815
210.539642
207.422867
204.341125
201.383591
198.353867
195.328384
192.279556
189.486557
186.466385
183.609695
180.715866
177.807159
174.840057
171.991867
169.001419
166.103333
163.142609
160.179764
157.188263
153.964264
150.919678
148.134125
145.375092
142.565109
139.687195
137.036453
134.120316
131.228592
128.514160
125.802910
123.143677
120.584229
118.012039
115.331573
112.609703
110.009918
107.436668
104.933479
102.375099
99.894203
97.273186
94.945160
92.327324
89.673393
87.146858
84.746643
82.272125
79.905884
77.539642
75.367668
73.326263
71.222229
68.794418
66.595901
64.455772
62.335819
60.329449
58.355988
56.140488
53.682953
51.119255
48.540699
46.208427
43.921806
42.003544
40.100147
37.864479
35.879341
33.837940
31.517345
29.416496
27.380404
25.487621
23.621380
21.596964
19.774246
18.006731
16.128811
14.266815
12.573609
10.935605
9.229660
7.559809
5.846433
4.197813
2.571486
0.884650
-0.728938
-2.167367
-3.820234
-5.366943
-6.785202
-8.304310
-9.877559
-11.452929
-13.034671
-14.483715
-15.793694
-17.056963
-18.207706
-19.388174
-20.748047
-22.238493
-23.623842
-25.054840
-26.590935
-28.118534
-29.421083
-30.507071
-31.883928
-33.292633
-34.521931
-35.600487
-36.860573
-38.224693
-39.611103
-40.736370
-41.805370
-43.078194
-44.248047
-45.207706
-46.269279
-47.090935
-47.899853
-48.877560
-49.983715
-51.055901
-52.099426
-52.972038
-53.947620
-54.821297
-55.682228
-56.353142
-57.328728
-58.243801
-58.920021
-59.728939
-60.449745
-61.268215
-62.127029
-62.828728
-63.538918
-64.381805
-65.066521
-65.905159
-66.765030
-67.427452
-67.932762
-68.313866
-69.073952
-69.755478
-70.304314
-70.878616
-71.589874
-72.156754
-72.653564
-73.166306
-73.640831
-74.174797
-74.663124
-75.237434
-75.959297
-76.860573
-77.868004
-78.767159
-79.614288
-80.387115
-81.060150
-81.584564
-81.968857
-82.578194
-83.270340
-83.809616
-84.213013
-84.441254
-84.602608
-84.787323
-85.319176
-85.613228
-85.884987
-86.151443
-86.434883
-86.711952
-86.926392
-87.342529
-87.759727
-87.926392
-88.006012
-88.183289
-88.358452
-88.437004
-88.342529
-88.259727
-88.282021
-88.334038
-88.269279
-88.324478
-88.243797
-88.311745
-88.559090
-88.656754
-88.629150
-88.311745
-88.232124
-88.232124
-88.158875
-87.911530
-87.869064
-87.834038
-87.965668
-87.800064
-87.793694
-87.863754
-87.673737
-87.551659
-87.556961
-87.475220
-87.296883
-87.124901
-87.190720
-87.171616
-86.937004
-86.986900
-87.127029
-87.204521
-87.183289
-87.246986
-87.328728
-87.290512
-87.110039
-86.821297
-86.531487
-86.171616
-86.027237
-85.787323
-85.560150
-85.479469
-85.451866
-85.388176
-85.289452
-85.227875
-84.889236
-84.645073
-84.472038
-84.391357
-84.460358
-84.119598
-83.698151
-83.458237
-83.302185
-82.852081
-82.434883
-82.199211
-81.875435
-81.689659
-81.425331
-81.209831
-80.935944
-80.534668
-80.055901
-79.680107
-79.351021
-78.951866
-78.651443
-78.255478
-77.968857
-77.849960
-77.553780
-77.070763
-76.685417
-76.146133
-75.812805
-75.493271
-75.103676
-75.007072
-74.873314
-74.499641
-74.256538
-74.216202
-74.108978
-73.835098
-73.430634
-72.950806
-72.726814
-72.444435
-72.056961
-71.650383
-71.284142
-71.008133
-70.651443
-70.217262
-69.727875
-69.352081
-68.866943
-68.445496
-67.990082
-67.448685
-67.132332
-66.955055
-66.890297
-66.520874
-65.877556
-65.327667
-64.946564
-64.601547
-64.079254
-63.640827
-63.170551
-62.830849
-62.563332
-62.181168
-61.909405
-61.655689
-61.175861
-60.743801
-60.226814
-59.951870
-59.507069
-59.148258
-58.913651
-58.552719
-58.093056
-57.642952
-57.105797
-56.736370
-56.570763
-56.259724
-56.016624
-55.734245
-55.449745
-55.055901
-54.467793
-54.103672
-53.840405
-53.449745
-52.978409
-52.545288
-52.318111
-51.856327
-51.347836
-51.131275
-51.050594
-50.693905
-50.246986
-49.991146
-49.710892
-49.280956
-48.830849
-48.624905
-48.516624
-48.426392
-47.928513
-47.479469
-47.166306
-46.686474
-46.289448
-46.087749
-45.677982
-45.210892
-44.948685
-44.452930
-44.089874
-43.641891
-43.151443
-42.806435
-42.662060
-42.440189
-42.009193
-41.544224
-41.318111
-40.998577
-40.655689
-40.330849
-40.113228
-39.706646
-39.568642
-39.351021
-39.172676
-38.832973
-38.378620
-37.845711
-37.461422
-36.889236
-36.480530
-36.108982
-35.779892
-35.606857
-35.193905
-34.908344
-34.701336
-34.425327
-34.050594
-33.820232
-33.680107
-33.451870
-33.078194
-32.852081
-32.559086
-32.249107
-31.813864
-31.447622
-31.139767
-30.717260
-30.101549
-29.847834
-29.754416
-29.589872
-29.325541
-28.961422
-28.731062
-28.411530
-28.106857
-27.780956
-27.486900
-26.952930
-26.485838
-26.129150
-25.755478
-25.390297
-25.004948
-24.812803
-24.453991
-24.248047
-24.015562
-23.739553
-23.273525
-23.018747
-22.870127
-22.656752
-22.379681
-22.173737
-22.095181
-21.874374
-21.401974
-20.987963
-20.749107
-20.620659
-20.455053
-20.227877
-19.965670
-19.456114
-18.870127
-18.710892
-18.555902
-18.235308
-18.025116
-17.836157
-17.579256
-17.360573
-17.167368
-17.031487
-16.884989
-16.675859
-16.300064
-15.921082
-15.624905
-15.334034
-15.139767
-14.963546
-14.984777
-14.918960
-14.585627
-14.280955
-14.305371
-13.990085
-13.843588
-13.573949
-13.222569
-13.011316
-12.724692
-12.842526
-12.886051
-13.000701
-13.047410
-13.159936
-13.132336
-13.021932
-12.870128
-12.807495
-12.702399
-12.594119
-12.254416
-12.098365
-11.704522
-11.429575
-10.965669
-10.730000
-10.657813
-10.491146
-10.324480
-9.993270
-9.848896
-9.529363
-8.997516
-8.550594
-8.457176
-8.381804
-8.239554
-7.876497
-7.604734
-7.372251
-7.192845
-6.901975
-6.655690
-6.451869
-6.093057
-5.638705
-5.495393
-5.389235
-5.319172
-5.362696
-5.479469
-5.250170
-4.877558
-4.831911
-4.681168
-4.427452
-4.335095
-4.321295
-4.176921
-3.998578
-3.777771
-3.597304
-3.492208
-3.217261
-2.653567
-2.289448
-2.165244
-2.221508
-2.141890
-1.934883
-1.931699
-1.789448
-1.640828
-1.380743
-1.210892
-0.969915
-0.683291
-0.428514
-0.319172
-0.364820
-0.134459
0.112887
0.365541
0.488684
0.656412
0.928174
1.232845
1.596964
1.846433
1.627749
1.637304
1.710552
1.977006
2.046009
2.007792
2.249830
2.707367
2.900573
2.882527
2.958960
3.179766
3.100149
3.222229
3.491868
3.740276
3.861295
3.931359
4.064055
4.196752
4.294416
4.261508
4.291232
4.270000
4.401635
4.525839
4.730722
4.921805
5.056624
5.139427
5.241338
5.399512
5.423928
5.524777
5.674459
5.734968
6.079979
6.394204
6.507792
6.654289
6.582102
6.776370
6.958960
7.019469
7.192505
7.288047
7.295478
7.227537
7.324140
7.639427
7.671274
7.542824
7.555562
7.527962
7.706306
7.922866
8.113949
8.099087
8.042824
8.066178
8.281677
8.365541
8.361295
8.318832
8.309278
8.434544
8.424990
8.362357
8.450467
8.529023
8.670213
8.747707
8.766815
8.823078
8.825202
8.839002
8.808216
8.413312
8.085287
7.723291
7.462144
7.273185
6.945159
6.859172
6.674459
6.456837
6.137304
5.865541
5.643673
5.467452
5.414374
5.497176
5.440913
5.637304
5.845372
6.150043
6.354926
6.521592
6.812463
7.223291
7.365541
7.249830
7.435605
7.680828
7.910127
7.865541
8.072548
8.172336
8.419682
8.411189
8.571486
8.912251
9.129872
9.031146
8.859172
8.758323
8.822017
8.678705
8.699936
8.634119
8.757261
8.837940
9.113949
9.323078
9.332633
9.378281
9.457898
9.763631
9.952590
9.966391
9.937728
9.605456
9.308216
9.193567
9.059809
8.896327
8.705244
8.807155
9.133058
9.155351
9.099087
9.207367
9.347495
9.565117
9.728599
9.920743
10.115010
10.370850
10.366603
10.566178
10.883588
10.918620
10.931358
10.878281
10.801847
10.807155
10.740276
10.796539
10.911189
10.818832
10.865541
11.057686
11.195690
11.242399
11.216922
11.223290
11.392080
11.549193
11.743461
11.945159
12.055563
12.198874
12.403758
12.462144
12.384649
12.228599
12.228599
12.256200
12.180828
12.131996
12.204183
12.379342
12.408004
12.393143
12.556624
12.595902
12.636242
12.654288
12.694629
12.783800
12.858110
12.740276
12.627749
12.670213
12.824141
12.901635
12.864480
12.854926
12.853864
12.755138
12.713737
13.020531
13.032208
12.744522
12.593780
12.618196
12.562994
12.431358
12.412251
12.505669
12.601211
12.456837
12.411189
12.343248
12.424990
12.371911
12.314586
12.337940
12.533270
12.501423
12.582102
12.709491
12.611826
12.538577
