-0.255881
-0.268620
-0.330191
-0.255881
-0.045690
0.122038
0.179363
0.168747
0.058344
-0.054183
0.077452
-0.260127
-0.151847
0.228195
0.368323
0.200594
0.060467
0.090191
0.238811
0.296136
0.327983
0.189979
0.149639
0.368323
0.257919
0.145393
0.045605
-0.090276
-0.170955
-0.387516
-0.540382
-0.567983
-0.627431
-0.608323
-0.525520
-0.502166
-0.204926
-0.094522
-0.003227
0.064713
0.202718
0.172994
0.315244
0.370446
0.187856
0.206964
0.338599
0.160255
0.132654
0.219703
0.011635
-0.047813
0.011635
0.041359
0.122038
0.115669
0.117792
-0.024459
-0.750573
-3.665648
-13.402378
-37.285606
-83.731468
-160.512787
-235.379028
-293.192200
-340.550995
-377.359924
-401.162476
-414.168823
-419.491547
-418.255890
-411.623199
-401.194305
-388.260132
-374.398132
-360.332306
-345.948029
-330.877960
-316.759064
-303.644409
-291.370544
-279.158203
-267.790924
-257.032959
-246.374771
-235.873718
-225.782425
-215.534012
-205.376907
-195.863098
-186.325943
-176.780304
-167.567978
-158.756943
-149.761185
-141.018082
-132.436356
-124.060555
-115.814270
-107.230400
-98.756943
-90.342934
-82.207047
-74.253761
-66.353546
-58.771805
-51.977749
-45.279236
-38.372654
-31.368408
-24.771805
-18.258005
-11.635923
-5.141232
0.850276
6.943694
12.858768
18.674055
23.892738
28.926708
34.134777
39.317368
44.066837
48.839661
53.453247
57.850277
62.136902
66.238808
70.491463
74.680428
78.901230
82.752609
86.185730
89.461739
92.480850
95.818428
98.818428
101.344971
103.521187
106.406540
108.952187
111.213333
113.463867
115.916092
118.245178
120.502083
122.984032
125.181488
127.166626
129.172989
131.068954
132.710144
134.519058
136.122040
137.595505
139.238815
140.771713
142.340729
143.529678
144.829041
146.291885
147.393799
148.223953
149.039230
149.877884
150.880005
151.816299
152.510574
152.994644
153.642212
153.930954
154.113541
154.395920
154.778091
155.306747
155.654953
155.678299
155.499954
155.376816
155.465988
155.432022
155.219696
154.888489
154.648575
154.374695
154.109299
153.699539
152.733505
151.519058
150.659195
149.894867
149.213333
148.427765
147.548782
146.415039
145.446884
144.701660
144.102936
143.079575
142.032867
141.098679
140.311005
139.376816
138.109299
137.219696
136.219696
135.336472
134.251556
132.990402
131.782333
130.686798
129.436264
128.268539
126.941574
125.928833
124.646454
123.334351
122.073204
120.797195
119.370445
117.879997
116.406540
115.274902
114.215454
112.947937
111.801445
110.682549
109.372566
108.223946
107.194221
106.200592
105.143272
104.096558
103.200592
102.049850
100.629471
98.969170
97.296135
95.548790
93.578514
91.733505
90.160255
88.720764
87.398048
86.028618
84.763229
83.315247
81.939445
80.533928
79.096558
77.521187
76.179359
74.860893
73.614609
72.627350
71.404419
70.189980
69.005264
67.863014
66.476601
65.043480
63.620975
62.323738
61.028622
59.729256
58.546665
57.421402
56.306751
55.068958
54.105053
53.270657
52.164501
50.947941
49.716518
48.548790
47.351337
46.098682
44.729256
43.780212
42.833290
41.625221
40.482971
39.550915
38.533928
37.727135
36.909725
35.833290
34.913971
34.007389
32.735626
31.756857
30.703779
29.945818
29.168747
28.175117
26.852400
25.850277
24.703779
23.616730
22.440510
20.920340
19.654947
18.756857
17.816305
16.468111
15.323737
14.402293
13.440510
12.315244
11.427771
10.442633
9.657070
8.748365
7.752612
6.869384
6.075329
4.933079
3.559406
2.374692
1.440510
0.512696
-0.396008
-1.485180
-2.565860
-3.676263
-4.472442
-5.156094
-6.015966
-7.028705
-7.627431
-8.211295
-8.742081
-9.601954
-10.145477
-10.517028
-10.829129
-11.181571
-11.822760
-12.387516
-12.837622
-12.958641
-13.531890
-14.338684
-14.756943
-15.321698
-16.215542
-17.281359
-18.266497
-18.810020
-19.385393
-20.164585
-20.782421
-20.884331
-21.158216
-21.570107
-22.221910
-22.631678
-22.937410
-22.969257
-23.032951
-23.221910
-23.500042
-23.858854
-24.383270
-25.058430
-25.517027
-25.799406
-26.047813
-26.527643
-27.100891
-27.086029
-27.126369
-27.446964
-27.933163
-28.444841
-28.748449
-29.143354
-29.672016
-30.253757
-30.593460
-30.612570
-30.701740
-30.618938
-30.661402
-30.988365
-31.440594
-31.820637
-32.039322
-32.109383
-32.143356
-32.221912
-32.285606
-32.680508
-33.028706
-33.124245
-33.177326
-33.565861
-33.990490
-34.047813
-34.336559
-34.627430
-34.767559
-34.765434
-34.924671
-35.249512
-35.606201
-35.971378
-36.425732
-36.931042
-37.274990
-37.633801
-37.587090
-37.784542
-37.555244
-37.381145
-37.534012
-37.631676
-37.661400
-37.739956
-37.903439
-38.194309
-38.470318
-38.703865
-38.952271
-39.073292
-38.998981
-39.092400
-39.015965
-39.037197
-39.007473
-39.100891
-39.192188
-39.410870
-39.400253
-39.391762
-39.655033
-40.168831
-40.833374
-41.162464
-41.559490
-41.648663
-41.759068
-41.773930
-41.829128
-41.703865
-41.618938
-41.672016
-41.419365
-41.160339
-41.039322
-41.005352
-40.786667
-40.769680
-40.697495
-40.803650
-40.703865
-40.672016
-40.695370
-40.393887
-40.236774
-40.243141
-40.141232
-40.007473
-39.894947
-39.931042
-39.990490
-39.655033
-39.323822
-38.818512
-38.604076
-38.506413
-38.381145
-38.234650
-38.100891
-38.035076
-37.824883
-37.389641
-37.351421
-37.442719
-37.410870
-37.069046
-36.750572
-36.629555
-36.289852
-36.088154
-35.911934
-35.682632
-35.410870
-35.124245
-35.168831
-35.005352
-34.805775
-34.865223
-34.795158
-34.767559
-34.393887
-34.160339
-33.960766
-33.901318
-33.540382
-33.440594
-33.432102
-33.321697
-32.965012
-32.739956
-32.296223
-32.113632
-32.107262
-32.058430
-32.011719
-32.049938
-32.302589
-32.534012
-32.822762
-32.824883
-33.270744
-33.436348
-33.228279
-32.863098
-32.453335
-32.096645
-31.892824
-31.786667
-31.767559
-31.657154
-31.461826
-31.308960
-30.996859
-30.765436
-30.557367
-30.249512
-29.984119
-30.035074
-30.122124
-29.981997
-29.393885
-29.107262
-28.911932
-28.793036
-28.737835
-28.627432
-28.362038
-28.092400
-28.058430
-28.022335
-27.655031
-27.260128
-26.837622
-26.446964
-26.187941
-25.956518
-25.890701
-25.644417
-25.693249
-25.841867
-25.508535
-25.353546
-25.472441
-25.742081
-26.069044
-26.355669
-26.457581
-26.722973
-27.032951
-26.810020
-26.466072
-26.030828
-25.837622
-25.472441
-25.083906
-24.708111
-24.419363
-24.018089
-23.875839
-23.744204
-23.342930
-23.054182
-22.914055
-22.470318
-21.952272
-21.612570
-21.793036
-21.871592
-21.880085
-21.973503
-21.729342
-21.493673
-21.483057
-21.444841
-21.168833
-20.886454
-20.782421
-20.771805
-20.387516
-20.052059
-19.669893
-19.559490
-19.446964
-19.052059
-18.476688
-18.130615
-17.863100
-17.591337
-17.599831
-17.510658
-17.389639
-16.960764
-16.841867
-16.699617
-16.659279
-16.502165
-16.251635
-16.045691
-15.705987
-15.752696
-15.695372
-15.718726
-15.502166
-15.381146
-15.412993
-15.270743
-15.013843
-14.616816
-14.389639
-14.359915
-14.334437
-14.262251
-14.003227
-13.517028
-13.247389
-13.362039
-13.289851
-13.024459
-12.746327
-12.820637
-12.818514
-12.438472
-12.113630
-12.147601
-12.028705
-11.967134
-11.750573
-11.614692
-11.534013
-11.480934
-11.389639
-11.251635
-11.003227
-10.820637
-10.463949
-10.211295
-9.890700
-9.803652
-9.610446
-9.483057
-9.158216
-8.920424
-8.928917
-8.852484
-8.553121
-8.417240
-8.266497
-8.020212
-7.812144
-7.841868
-7.599830
-7.788790
-7.697495
-7.429979
-7.423609
-7.274990
-7.200679
-7.325945
-7.255881
-7.066921
-6.880085
-6.890701
-6.829130
-6.657155
-6.466072
-6.317452
-6.234650
-6.035074
-5.933164
-5.965011
-5.829130
-5.786667
-5.665648
-5.652909
-5.442718
-5.153970
-5.128492
-5.124246
-5.064798
-4.939533
-4.665648
-4.351422
-4.255881
-4.073291
-3.763312
-3.642293
-3.703864
-3.843992
-3.797282
-3.606200
-3.455456
-3.270743
-3.232527
-3.260127
-3.166709
-2.956518
-2.812144
-2.640170
-2.733588
-2.449087
-2.213418
-2.062675
-1.863100
-1.843992
-1.899193
-2.011720
-1.820637
-1.773928
-1.833376
-1.926794
-1.846115
-1.816391
-1.567983
-1.725096
-2.018089
-2.748450
-3.497919
-4.536136
-5.389639
-5.988365
-6.476688
-6.623185
-6.952272
-7.241019
-7.081783
-6.858853
-6.517027
-6.047813
-5.610446
-5.187941
-4.642293
-4.381146
-4.425733
-4.243142
-3.907686
-3.372654
-3.156093
-3.132739
-3.020212
-2.534013
-2.187941
-2.060552
-1.869469
-1.727219
-1.837622
-1.833376
-1.812144
-1.754820
-1.429979
-0.928917
-0.612569
-0.497919
-0.491550
-0.296221
-0.124246
-0.177325
-0.241019
0.034989
0.349214
0.166624
0.164501
0.196348
0.255796
0.415032
0.580637
0.756858
1.192102
1.737749
1.856645
1.920340
1.926709
1.905478
1.818429
1.863015
2.209087
2.570021
2.654947
2.826921
2.935202
2.977664
3.255796
3.342845
3.294013
3.355584
3.449002
3.540297
3.578514
3.444756
3.589129
3.903355
3.739873
3.930955
4.003142
3.956433
3.937325
4.009511
4.075329
4.525435
4.648578
4.725010
4.570021
4.461741
4.395924
4.351337
4.519066
4.780212
4.731380
4.637962
4.697410
4.612484
4.478726
4.570021
4.482973
4.417155
4.548790
4.398046
4.512696
4.756858
4.856646
4.744119
4.693163
4.725010
4.750488
4.882123
4.761104
5.109299
5.162378
5.366199
5.323737
5.283397
5.240934
5.158132
5.338599
5.156009
4.967049
4.837537
4.816306
4.826921
4.795074
4.627346
4.682548
4.761104
4.809937
4.905478
4.998896
5.219703
5.298259
5.177240
4.623100
4.650701
4.727134
5.034989
4.975542
4.860892
4.843906
4.659193
4.601868
4.582760
4.803567
5.015881
5.289766
5.453249
5.497834
5.374692
5.257919
5.136900
4.775966
4.801444
4.924586
5.034989
5.139023
4.975542
4.843906
4.829045
4.882123
4.941571
4.984034
5.340722
5.440509
5.336475
5.340722
5.300382
5.298259
5.538174
5.782335
5.992527
6.077452
6.117792
6.015881
5.754735
5.865138
5.933079
5.856646
5.820552
5.495711
5.251550
5.206964
5.398046
5.355584
5.366199
5.421402
5.533928
5.502081
5.058344
5.054098
5.181486
5.298259
5.368323
5.315244
5.213333
5.272781
5.143270
5.045605
5.090191
5.177240
4.977664
4.977664
5.028620
4.962802
4.873631
4.788705
4.875754
4.960680
5.081698
5.151762
4.956433
4.875754
4.913970
5.051974
5.049851
5.009511
4.928832
4.935202
4.971295
4.890616
4.833291
4.880000
5.081698
5.236688
4.939448
4.652824
4.606115
4.669809
4.599745
4.523312
4.671932
4.737750
4.449002
4.117792
4.081698
4.039236
3.831168
3.782336
3.952187
4.013758
4.034989
4.289766
4.378938
4.570021
4.582760
4.761104
4.542420
4.440509
4.310998
4.200594
4.088068
4.083822
4.183609
4.156009
4.136900
4.020127
4.213333
4.185732
4.298259
4.385308
4.313121
3.998896
3.926709
3.860892
3.839660
3.973418
3.896985
4.060467
3.871507
3.814183
3.894862
4.088068
4.100807
3.903355
3.926709
3.865138
3.701656
3.841784
3.911847
3.771720
3.750488
3.665563
3.654947
3.591253
3.603992
3.599745
3.682548
3.710149
3.712272
3.792951
3.695287
3.640085
3.567898
