-0.009308
0.057359
0.100949
0.247103
0.108641
0.017615
0.030436
-0.032385
-0.109308
-0.154179
-0.058026
-0.008026
-0.115718
-0.208026
-0.296487
-0.156744
-0.090077
0.076590
-0.045205
-0.242641
-0.304179
-0.323410
-0.132385
0.038128
0.067615
0.081718
0.030436
0.012487
-0.004179
0.115051
0.141974
0.377872
0.293256
0.153513
-0.022128
-0.072128
-0.018282
0.076590
0.218897
0.117615
0.229154
0.176590
0.127872
-0.000333
0.067615
0.108641
0.124026
-0.155462
-0.220846
-0.418282
-0.487513
-0.525974
-0.543923
-0.475974
-0.242641
0.017615
0.131718
0.013769
-0.531103
-2.755461
-11.765718
-35.604179
-85.608025
-173.570847
-256.006744
-309.350342
-349.883667
-381.799042
-399.702911
-405.713165
-406.088806
-401.914429
-393.125977
-382.282379
-370.659302
-357.834961
-345.768280
-334.074707
-320.914429
-308.556732
-297.368286
-286.725983
-275.979828
-265.592651
-255.529816
-245.638794
-235.670853
-225.842636
-215.936234
-206.137512
-196.932388
-187.933670
-178.617004
-169.460587
-160.708023
-152.073410
-143.132385
-134.266998
-125.691360
-117.518280
-109.372131
-101.014435
-92.940079
-85.211868
-77.752899
-70.169563
-62.622128
-55.608025
-48.983665
-42.223412
-35.204178
-28.569565
-22.455462
-16.456743
-10.486231
-4.597769
1.074026
6.720180
12.391974
17.853514
23.152231
28.350948
33.694538
39.185566
44.313770
49.195820
53.667614
58.139412
62.539410
66.686844
70.920181
74.748383
78.318901
81.557358
84.938126
88.706078
92.216331
95.291977
98.290695
101.544540
104.622742
107.121460
109.706078
112.317612
114.561203
116.750946
119.067612
121.686844
124.225311
126.385567
128.407364
130.102234
131.552231
133.200943
134.754791
136.145813
137.244537
138.267609
139.539413
140.882996
141.975311
142.922745
143.804794
144.613770
145.140686
145.803513
146.775314
147.490692
148.062485
148.716339
149.082993
149.106079
149.452225
149.591980
149.657364
149.721466
149.780441
149.863770
149.822739
149.759918
149.477875
149.458633
149.311203
149.279160
149.088135
148.761200
148.134277
147.667618
147.588135
147.334290
147.007355
146.320175
145.771469
145.454788
145.181717
144.352234
143.499664
142.481720
141.803513
141.181717
140.743256
140.166336
139.243256
138.716339
138.117615
137.198380
136.474030
135.540695
134.284286
133.020172
132.170181
131.130432
129.991974
128.966339
127.836845
126.539413
125.220177
124.029152
123.149666
121.840691
120.566330
119.402229
118.547104
117.775307
116.871460
115.758644
114.475311
113.266335
112.217613
111.044540
109.682999
108.165054
106.811203
105.427872
103.943260
102.491974
101.172745
100.125305
99.268898
98.006081
96.549667
95.090691
93.526588
92.186844
91.085564
90.175308
88.999664
87.621460
86.108643
84.608643
83.174026
81.818901
80.454796
79.233002
77.658638
76.035561
74.641975
73.300949
72.056076
70.995819
69.786842
68.493256
67.353516
66.295822
65.253510
64.167618
63.043255
61.894539
60.681717
59.641975
58.450951
57.327873
56.195820
55.027870
53.758640
52.441975
51.154797
49.972744
48.717617
47.525307
46.003513
44.747101
43.708641
42.630436
41.526588
40.389412
39.156078
37.847103
36.506077
35.386845
34.490692
33.718899
32.580437
31.512487
30.561205
29.474026
28.308641
27.107359
26.018898
24.789410
23.607359
22.409924
21.416334
20.643257
19.833000
18.809923
17.858641
16.780436
15.684282
14.890693
14.129154
13.004795
12.058641
11.240692
10.594539
9.641974
8.709923
7.665051
6.768898
6.086846
5.529154
4.879154
4.106077
3.303513
2.321461
1.267615
0.468897
-0.155462
-0.799051
-1.460590
-2.375974
-3.273410
-3.881103
-4.524693
-5.209308
-5.874692
-6.859308
-7.841359
-8.695205
-9.367000
-9.923410
-10.604179
-11.231103
-11.995205
-12.705462
-13.592641
-14.396487
-15.043923
-15.465718
-15.996488
-16.509308
-16.982384
-17.351616
-17.737513
-18.125975
-18.731102
-19.554180
-20.142641
-20.545206
-21.040077
-21.542641
-22.143923
-22.711872
-23.146486
-23.659307
-24.204180
-24.788795
-25.281103
-25.787514
-26.138794
-26.632385
-27.247768
-27.692640
-28.219564
-28.597769
-28.858027
-29.181103
-29.555462
-30.215717
-30.555462
-30.933666
-31.219564
-31.587513
-31.654179
-31.833666
-32.256744
-32.697769
-32.878540
-33.088795
-33.449051
-33.727257
-34.019566
-34.236229
-34.655460
-34.855461
-35.204178
-35.490078
-35.534950
-35.640076
-35.927258
-36.052898
-36.109306
-36.125973
-36.215717
-36.419563
-36.528538
-36.701614
-36.854179
-36.754181
-36.751614
-36.881104
-37.001614
-36.936230
-37.009308
-37.228539
-37.197769
-37.291359
-37.367001
-37.587513
-37.918282
-38.092640
-38.040077
-37.995205
-37.768284
-37.851616
-38.101616
-38.358025
-38.411873
-38.334949
-38.369564
-38.354179
-38.423409
-38.434948
-38.600334
-38.770847
-39.036232
-38.997768
-38.863155
-38.746487
-38.651615
-38.449051
-38.486229
-38.466999
-38.288795
-38.455463
-38.686230
-38.640076
-38.511871
-38.599052
-38.860588
-38.964436
-39.114437
-38.992641
-38.675976
-38.523411
-38.665718
-38.936230
-38.819565
-38.518284
-38.438793
-38.432384
-38.529819
-38.175976
-37.982384
-38.141357
-38.369564
-38.477257
-38.308025
-38.256744
-37.991360
-37.591358
-37.356743
-37.388794
-37.591358
-37.528538
-37.297768
-37.356743
-37.401615
-37.531101
-37.884949
-37.975975
-37.875973
-37.654179
-37.465717
-37.356743
-37.238796
-36.995205
-36.995205
-36.946487
-36.837513
-36.433666
-36.249050
-36.078537
-36.011871
-36.069565
-35.961872
-35.752899
-35.619564
-35.381104
-35.152897
-35.010590
-34.896488
-34.696487
-34.608025
-34.501614
-34.536232
-34.423409
-34.195206
-34.022129
-33.743923
-33.737514
-33.820847
-33.492641
-33.015717
-32.759308
-32.622128
-32.693924
-32.640076
-32.534950
-32.456745
-32.387512
-32.151615
-31.905462
-31.625975
-31.495205
-31.327257
-31.264437
-31.222128
-31.264437
-31.060589
-30.681103
-30.393923
-30.024693
-29.708025
-29.499052
-29.481102
-29.288795
-29.324692
-29.040077
-28.904179
-28.872128
-28.790077
-28.755461
-28.634949
-28.396486
-28.078539
-27.867001
-27.417000
-27.350334
-27.388794
-27.263153
-26.808025
-26.382385
-26.137512
-26.181103
-26.301615
-26.213154
-26.205462
-25.978539
-25.901615
-25.792641
-25.742641
-25.654179
-25.320847
-24.955462
-24.506744
-24.269564
-24.136230
-23.624693
-23.342642
-23.227257
-23.228539
-23.428539
-23.451616
-23.592642
-23.705462
-23.377256
-23.092642
-22.852898
-22.554180
-22.265718
-21.968283
-21.882385
-21.755461
-21.547770
-21.340076
-21.495205
-21.345205
-21.036230
-20.734949
-20.552896
-20.454180
-20.277256
-20.029821
-19.792641
-19.572128
-19.549051
-19.483667
-19.404179
-19.249052
-19.316999
-19.363153
-19.099051
-18.802896
-18.558025
-18.393923
-18.450333
-18.438795
-18.431103
-18.208025
-17.949051
-17.602898
-17.283667
-17.569565
-17.650333
-17.319565
-16.911871
-16.643923
-16.423410
-16.093924
-15.946487
-16.182384
-16.592642
-17.001616
-17.451616
-17.686232
-17.833666
-17.961872
-18.134949
-17.968283
-17.875975
-17.615719
-17.333666
-17.023411
-16.747768
-16.402897
-16.309307
-16.047770
-15.777256
-15.617000
-15.495205
-15.436231
-15.324693
-15.074693
-14.758025
-14.547770
-14.243923
-13.945205
-13.758025
-13.515718
-13.401615
-13.319564
-13.175974
-12.895205
-12.599051
-12.325974
-12.284948
-12.178538
-12.059308
-11.758025
-11.506743
-11.295205
-11.050333
-10.610590
-10.279820
-10.269564
-10.384949
-10.478539
-10.155461
-9.975974
-9.784948
-9.583667
-9.343923
-9.119564
-8.936231
-8.956743
-8.851615
-8.674692
-8.556744
-8.467000
-8.236231
-7.973410
-7.831102
-7.743923
-7.615718
-7.428538
-7.172128
-6.972128
-6.769564
-6.710590
-6.567000
-6.408026
-6.167000
-5.928538
-5.983667
-5.738795
-5.425974
-5.225975
-5.213154
-5.038795
-4.974692
-4.891359
-4.828538
-4.700333
-4.440077
-4.351615
-4.447769
-4.341359
-4.149051
-3.822128
-3.619564
-3.567000
-3.558026
-3.491359
-3.291359
-3.220846
-3.142641
-3.145205
-3.138795
-3.287513
-3.519564
-3.570846
-3.481102
-2.967000
-2.622128
-2.461872
-2.472128
-2.552897
-2.338795
-2.341359
-2.363154
-2.223410
-1.969564
-1.592641
-1.490077
-1.488795
-1.365718
-1.365718
-1.279821
-1.410590
-1.560590
-1.667000
-1.545205
-1.568282
-1.511872
-1.495205
-1.464436
-1.297769
-0.850333
-0.823410
-0.738795
-0.763154
-0.645205
-0.325974
-0.287513
-0.300333
-0.227256
-0.322128
-0.220846
-0.250333
-0.155462
-0.373410
-0.355462
-0.160590
-0.083667
0.081718
0.125308
0.152231
0.365051
0.398385
0.575308
0.675308
0.750949
0.902231
0.975308
1.074026
1.247103
1.249667
1.225308
0.853513
0.527872
0.321462
0.411205
0.526590
0.391974
0.263769
0.418897
0.577872
0.507359
0.559923
0.666333
0.817615
0.954795
0.944538
0.977872
1.175308
1.318897
1.238128
1.158641
1.312487
1.286846
1.145820
1.100949
1.261205
1.429154
1.272744
1.161205
1.239410
1.548385
1.945821
2.116333
1.877872
1.694538
1.845821
1.994538
2.231718
2.288128
2.308641
2.304795
2.421462
2.575308
2.407359
2.366333
2.549667
2.636846
2.586846
2.716333
2.843256
2.858641
3.012487
3.167615
3.283000
3.352231
3.343256
3.281718
3.267615
3.350949
3.474026
3.433000
3.509923
3.424026
3.333000
3.472744
3.521461
3.413769
3.302231
3.380436
3.594538
3.753513
3.917615
3.907359
3.683000
3.597103
3.620179
3.581718
3.607359
3.747102
3.844538
4.008641
4.038128
4.127872
4.250949
4.290692
4.129154
4.117615
4.147102
4.121461
4.354795
4.480436
4.220180
4.227872
4.330436
4.326590
4.352231
4.443256
4.397102
4.434282
4.429154
4.243257
4.200949
4.285564
4.448385
4.647102
4.685564
4.763769
4.883000
4.734282
4.597103
4.512487
4.568897
4.721462
4.668898
4.753513
4.502231
4.398385
4.452231
4.504795
4.583000
4.613769
4.633000
4.679154
4.562487
4.393256
4.377872
4.629154
4.709923
4.743257
4.652231
4.733000
4.708641
4.835564
4.867615
4.912487
4.772744
4.675308
4.572743
4.570179
4.539410
4.591974
4.759923
4.748384
4.731718
4.793256
4.962487
4.922744
4.808641
4.647102
4.653513
4.622744
4.444539
4.497103
4.503513
4.294538
4.203513
4.326590
4.490692
4.493257
4.645821
4.789410
4.756077
4.802231
4.759923
4.881718
4.767615
4.549667
4.517615
4.471462
4.600949
4.656077
4.693256
4.654795
4.748384
4.891974
4.841974
4.904795
4.929154
5.015051
5.121461
5.004795
4.700949
4.617615
4.535564
4.462487
4.499667
4.572743
4.613769
4.527872
4.470180
4.495821
4.761205
4.724026
4.544538
4.463769
4.484282
4.694539
4.685564
4.515051
4.638128
4.702231
4.741974
5.035564
4.841974
4.740692
4.798385
4.622744
4.630436
4.590693
4.648385
4.699667
4.908641
4.985564
5.067616
4.965051
4.894538
4.835564
4.866333
4.998384
5.052231
5.072743
5.079154
4.872744
4.744538
4.447103
4.206077
4.135564
4.299667
4.448385
4.468897
4.249667
4.176590
4.276590
4.312487
4.293256
4.213769
4.245821
4.449667
4.472744
4.263769
3.993256
3.920180
4.009923
4.017615
4.079154
4.083000
