0.047931
0.174920
0.165370
0.113017
0.167138
0.109480
-0.016449
-0.178811
-0.165016
-0.124337
-0.047223
-0.114786
-0.171029
-0.162186
-0.194022
-0.089317
0.050053
0.061726
0.099222
0.167846
0.198267
0.171737
0.073753
0.054298
-0.029890
-0.096392
-0.110187
-0.009728
0.054652
0.014680
-0.077290
-0.148744
-0.193314
-0.121861
-0.047577
-0.028829
-0.055713
0.011850
0.083658
0.080120
0.088964
0.043332
0.021047
0.051468
0.040149
0.008313
0.082243
0.055359
-0.004068
-0.103820
-0.115493
-0.127874
-0.084365
-0.057481
0.042271
0.169261
0.197206
0.063141
-0.444110
-2.653520
-11.497524
-35.666962
-88.094269
-180.313232
-266.618866
-323.583466
-366.788300
-400.736298
-420.311829
-427.432800
-428.188019
-424.041565
-415.328094
-404.662018
-392.855133
-379.773438
-367.597626
-355.384674
-341.888397
-329.112671
-317.481262
-306.172791
-295.143799
-284.365234
-273.853027
-263.383636
-253.075516
-243.158295
-233.067383
-222.738419
-212.875656
-203.384323
-193.649628
-183.782272
-174.252380
-164.939331
-155.678284
-146.420761
-137.407318
-128.712234
-120.225502
-111.706581
-103.443405
-95.467453
-87.660591
-79.723557
-71.834984
-64.157585
-56.816944
-49.674389
-42.398125
-35.373718
-28.738062
-22.174921
-15.660594
-9.162539
-2.804563
3.240715
9.213831
15.053237
20.791828
26.418642
31.912806
37.359215
42.827908
48.005836
52.968697
57.685001
62.429253
66.933319
71.281746
75.636543
79.869652
83.914925
87.976830
91.931908
95.651047
98.999115
102.134949
105.273254
108.351082
111.292358
114.000534
116.608948
119.402725
122.000175
124.403076
126.688538
128.920227
131.131409
133.106293
135.052887
136.988861
138.942871
140.747971
142.507782
144.210648
145.774857
147.192963
148.459320
149.691010
150.825073
151.665894
152.645737
153.645386
154.521927
155.271484
155.990982
156.722504
157.470291
157.972946
158.503189
158.957016
159.479477
159.894409
160.212769
160.436325
160.561905
160.723557
160.845596
161.008316
160.976837
161.079773
160.976471
160.739471
160.431732
159.967285
159.407669
158.977539
158.667664
158.354263
157.706940
157.052887
156.506714
156.067032
155.400604
154.821548
154.127869
153.507782
152.764236
151.766708
150.701981
149.850906
149.094620
148.058182
146.908203
145.841354
144.787582
143.789352
142.753265
141.733109
140.675812
139.456848
138.304382
137.190125
136.048279
134.915985
133.784393
132.649979
131.515213
130.382919
129.241074
127.948883
126.667313
125.412628
124.152283
122.889107
121.654938
120.358864
118.988503
117.525467
116.242126
114.908562
113.689247
112.558716
111.478065
110.256279
108.967636
107.593384
106.146973
104.663422
103.285286
101.877434
100.399544
98.959854
97.610367
96.204636
94.845596
93.447647
92.076584
90.552704
89.092857
87.701981
86.391403
85.078705
83.690308
82.276085
80.845596
79.408386
78.076233
76.830742
75.554825
74.113373
72.721436
71.417229
70.080124
68.768486
67.395653
65.964806
64.556244
63.100636
61.790768
60.471703
59.208527
57.888042
56.518394
55.172798
53.897949
52.672974
51.461796
50.247787
48.994518
47.743366
46.401310
44.956314
43.690662
42.473824
41.325256
40.150867
39.033783
37.967987
36.848427
35.597630
34.379379
33.181286
32.033428
30.863283
29.750443
28.593739
27.470287
26.394941
25.353556
24.460382
23.565794
22.482668
21.431730
20.350725
19.287762
18.197205
17.108772
16.076584
15.047223
14.037672
13.073046
12.187654
11.392819
10.576760
9.748673
8.847364
7.910683
7.010081
6.105589
5.177043
4.125044
2.971171
1.931199
1.005129
0.311815
-0.357446
-1.131765
-1.892289
-2.670499
-3.516979
-4.371595
-5.294836
-6.102759
-6.826141
-7.530067
-8.322427
-8.991334
-9.550938
-10.273258
-10.985320
-11.684648
-12.338698
-13.024231
-13.635125
-14.283870
-14.880261
-15.451893
-16.029182
-16.624866
-17.178812
-17.858330
-18.525822
-19.038027
-19.508842
-19.990625
-20.478777
-20.932261
-21.468164
-22.037319
-22.620270
-23.093916
-23.506721
-23.857977
-24.275381
-24.764946
-25.349310
-25.954899
-26.530775
-27.066324
-27.504951
-27.834984
-28.295897
-28.685001
-29.100990
-29.500353
-29.838167
-30.241776
-30.597630
-30.926247
-31.127167
-31.348249
-31.794659
-32.284225
-32.704456
-33.058544
-33.352493
-33.563671
-33.815174
-34.201096
-34.572868
-34.925186
-35.286346
-35.614254
-35.917759
-36.054298
-36.150158
-36.367702
-36.559074
-36.758579
-37.054298
-37.303680
-37.565796
-37.831093
-38.045807
-38.226917
-38.523346
-38.806332
-39.011848
-39.147327
-39.361336
-39.530067
-39.672268
-39.763176
-39.883091
-40.010082
-40.169968
-40.232933
-40.454723
-40.573578
-40.772373
-40.953838
-41.114784
-41.241421
-41.254158
-41.212418
-41.210293
-41.066326
-41.050053
-41.144146
-41.423946
-41.593033
-41.624866
-41.598690
-41.747257
-41.961620
-42.149452
-42.086842
-41.987442
-41.919525
-41.923065
-42.043686
-42.113724
-42.202156
-42.260525
-42.326317
-42.289528
-42.147327
-42.141315
-42.117615
-42.128937
-42.119385
-42.105942
-42.227982
-42.174568
-42.090733
-42.024586
-42.046162
-42.057129
-42.092503
-41.939690
-41.866821
-41.928368
-41.969048
-41.931908
-41.742661
-41.615669
-41.581711
-41.530773
-41.499645
-41.483376
-41.400600
-41.250618
-41.173504
-41.128582
-41.131763
-41.180580
-40.997349
-40.845596
-40.689247
-40.639370
-40.560135
-40.495754
-40.496815
-40.387512
-40.210648
-39.988503
-39.800671
-39.576054
-39.448002
-39.276440
-39.189068
-39.132118
-39.063141
-38.909977
-38.758224
-38.671558
-38.624512
-38.501770
-38.299080
-38.134243
-37.851257
-37.601166
-37.308632
-37.135303
-37.087196
-37.028122
-36.933674
-36.811993
-36.534313
-36.388573
-36.294128
-36.212063
-36.154758
-35.959145
-35.673328
-35.352848
-35.131413
-35.027061
-35.001240
-34.907497
-34.793243
-34.578880
-34.451183
-34.349312
-34.153698
-33.980721
-33.804562
-33.675449
-33.484436
-33.224796
-32.902195
-32.657410
-32.433853
-32.294834
-32.272198
-32.212769
-32.088963
-31.798903
-31.415104
-31.227980
-31.011496
-30.855146
-30.665194
-30.462151
-30.228687
-30.168200
-30.101345
-29.954191
-29.956667
-29.765299
-29.617792
-29.488680
-29.389282
-29.112663
-28.883799
-28.755394
-28.735586
-28.752918
-28.693138
-28.475592
-28.243191
-28.110188
-27.921648
-27.698090
-27.582066
-27.411568
-27.175982
-26.897594
-26.618147
-26.347542
-26.165016
-25.896179
-25.749027
-25.672621
-25.481253
-25.302971
-25.168200
-25.073753
-24.897949
-24.688185
-24.398479
-24.167492
-23.976124
-23.776619
-23.655996
-23.546339
-23.586311
-23.675451
-23.623098
-23.509550
-23.485497
-23.472763
-23.380085
-23.247435
-22.979660
-22.740891
-22.527237
-22.389990
-22.279272
-22.052528
-21.778032
-21.560135
-21.346834
-21.213478
-21.063496
-20.833923
-20.546339
-20.274319
-20.074461
-19.889105
-19.713654
-19.545631
-19.334099
-19.129642
-18.908207
-18.645031
-18.449770
-18.346479
-18.167492
-17.855501
-17.697029
-17.570745
-17.513088
-17.378317
-17.203573
-17.029537
-16.856562
-16.683941
-16.537849
-16.253448
-16.040503
-15.722143
-15.503537
-15.315352
-15.134949
-14.994164
-14.887337
-14.652812
-14.404139
-14.255925
-14.150867
-14.023523
-13.870358
-13.747258
-13.670853
-13.574991
-13.465334
-13.319950
-13.123983
-12.920234
-12.714361
-12.457906
-12.320304
-12.308985
-12.331977
-12.336222
-12.125751
-11.886983
-11.721437
-11.523700
-11.293775
-11.113017
-10.905376
-10.800319
-10.819066
-10.808101
-10.608950
-10.443757
-10.325256
-10.160418
-10.069155
-9.900424
-9.715069
-9.545985
-9.424655
-9.347542
-9.149098
-9.010081
-8.934382
-8.861514
-8.813053
-8.745844
-8.612841
-8.510965
-8.421472
-8.329855
-8.215600
-8.085780
-7.865405
-7.721436
-7.563672
-7.435267
-7.298727
-7.162186
-7.054652
-6.925186
-6.788291
-6.619915
-6.467103
-6.361691
-6.225150
-6.114432
-6.198620
-6.205695
-6.142024
-5.963035
-5.839582
-5.782632
-5.609303
-5.397418
-5.088964
-5.013618
-4.962681
-4.821542
-4.641139
-4.489742
-4.468164
-4.328794
-4.245313
-4.104174
-4.057127
-3.949239
-3.788291
-3.770605
-3.727096
-3.575699
-3.422533
-3.292713
-3.063848
-2.827556
-2.785108
-2.819066
-2.849841
-2.725681
-2.710470
-2.681464
-2.742306
-2.679342
-2.595861
-2.426070
-2.310400
-2.096038
-2.023523
-1.966219
-1.930138
-1.843120
-1.858684
-1.886983
-1.724973
-1.412274
-1.344004
-1.407322
-1.187655
-0.949947
-0.774142
-0.774496
-0.759285
-0.669791
-0.671206
-0.591263
-0.462858
-0.330562
-0.173505
-0.001592
0.071984
0.144499
0.286346
0.270428
0.335868
0.453661
0.525822
0.516625
0.494340
0.524408
0.598691
0.711178
0.905023
0.993810
0.983551
1.116201
1.302264
1.297665
1.110188
1.059958
1.123276
1.311107
1.306509
1.280333
1.227980
1.184471
1.168200
1.174920
1.185179
1.228334
1.325256
1.337637
1.293774
1.214538
1.111602
1.137779
1.088964
1.127167
1.166785
1.135302
1.135302
1.232579
1.361691
1.409798
1.506367
1.618854
1.747612
1.853024
1.935798
2.099576
2.238238
2.252034
2.323842
2.341882
2.391404
2.371242
2.440573
2.520870
2.660948
2.809869
2.842059
2.977184
3.075168
3.075876
3.131765
3.178458
3.157234
3.198974
3.152635
3.111956
3.078705
3.019632
3.037673
3.053590
3.091086
3.143438
3.150159
3.225858
3.359922
3.325964
3.304740
3.339052
3.404846
3.506367
3.572161
3.679342
3.783693
3.797135
3.759993
3.767775
3.759285
3.813053
3.838875
3.925186
4.025999
4.073400
4.094623
4.157588
4.137425
4.117616
4.168907
4.303325
4.354262
4.386098
4.462504
4.396357
4.406969
4.382915
4.357446
4.374072
4.436682
4.483728
4.569685
4.575699
4.691015
4.759285
4.802087
4.814467
4.868235
4.924478
4.966926
4.928016
4.935444
5.017510
5.073046
5.064202
4.970109
4.962327
5.077644
5.083658
5.036258
4.960913
4.902193
4.842766
4.756809
4.834984
4.889459
4.974708
5.056067
5.097099
5.168907
5.165016
5.189424
5.081889
5.036258
5.112664
5.208879
5.317121
5.385745
5.348957
5.334807
5.348957
5.314998
5.380085
5.420410
5.578882
5.729572
5.681111
5.575699
5.551999
5.507075
5.466749
5.334454
5.016095
4.515918
3.932614
3.543863
3.264061
3.147329
3.174567
3.197913
3.203219
3.247435
3.341528
3.227980
3.212770
3.287053
3.285992
3.269721
3.402370
3.539972
3.585603
3.604351
3.619915
3.623099
3.652105
3.703396
3.871065
3.961266
3.918465
3.839936
3.913159
3.920587
3.937566
3.952423
3.946410
3.861868
3.882384
3.983552
4.149806
4.378316
4.476654
4.533958
4.548461
4.612487
4.684648
4.722497
4.737354
4.775203
4.812699
4.748320
4.807747
4.853024
4.895826
4.892289
4.854793
4.621330
4.296604
4.049345
3.870003
3.706933
3.763530
3.850548
3.945349
4.075522
4.099222
4.045101
4.035904
4.124337
4.214185
4.305094
4.397064
4.462858
4.456491
4.564379
4.603997
4.624514
4.777326
4.822604
4.804209
4.905377
5.005129
4.992748
4.984259
5.059604
5.182703
5.215953
5.130704
5.207110
5.413336
5.477361
5.408383
5.310753
5.221967
5.126105
5.068093
5.017510
