0.035567
-0.061726
-0.016887
-0.109949
-0.115871
0.005110
0.007648
0.016108
0.163316
0.086328
-0.075262
-0.092183
-0.087107
-0.055804
-0.002504
-0.043959
0.024569
0.110863
0.069408
-0.095567
-0.031269
0.033029
0.070254
0.033875
0.061794
0.099019
0.056717
0.112555
0.113401
0.198003
0.174315
0.178545
0.128629
0.225076
0.120169
0.033029
-0.066802
-0.202166
-0.186937
-0.189475
-0.238545
-0.297767
-0.407750
-0.228393
-0.069340
0.060948
0.172623
0.038105
0.092250
0.154010
0.217462
0.093096
0.121015
0.209848
0.128629
0.045719
-0.091337
-0.042267
-0.172555
-0.389137
-2.872216
-23.960203
-152.362061
-474.878143
-903.744446
-1335.426392
-1702.539673
-1979.954224
-2167.180908
-2287.941650
-2358.516113
-2390.595459
-2392.329102
-2369.840820
-2330.412842
-2278.540527
-2216.785156
-2150.517822
-2082.562500
-2013.654785
-1945.906860
-1879.401855
-1813.844238
-1750.634521
-1689.662354
-1629.902710
-1571.807129
-1515.015991
-1459.085449
-1404.804565
-1351.526245
-1298.466064
-1246.328247
-1195.124390
-1144.444092
-1094.576050
-1045.723267
-997.428894
-949.969482
-903.197937
-856.922974
-811.425537
-766.873047
-722.805359
-679.274048
-636.184387
-593.942444
-552.198792
-511.154785
-470.570190
-430.831604
-391.494049
-352.738556
-314.433136
-276.462738
-239.203018
-202.707245
-166.730087
-131.855301
-97.723320
-64.326530
-31.733469
-0.153942
32.410355
64.134552
94.408661
124.076180
152.724228
180.707306
208.018646
234.754684
260.681915
285.972961
310.594788
334.757233
358.083801
380.686157
402.558411
423.703094
444.601562
464.843506
484.458588
503.414581
521.693787
539.191223
556.082947
572.401917
588.367188
603.976318
619.429810
634.110840
648.392578
664.275818
680.135376
694.877380
708.405273
721.269043
733.292786
744.710693
755.336731
765.082092
774.153137
782.791931
790.928101
798.626099
806.031311
813.332520
820.275818
826.831665
833.136230
839.039795
844.687866
850.037231
854.923889
859.084656
863.074463
866.904419
870.285156
873.184448
876.027100
878.785156
880.866333
882.420532
883.615967
884.565186
885.168396
885.697998
886.312195
886.471252
886.059265
885.357056
884.621887
883.540649
882.173462
880.677673
878.897644
877.250427
875.566040
873.582947
871.164185
868.233521
865.104065
862.082092
859.018677
855.659058
851.956909
847.803772
843.748779
839.721680
835.595642
830.979736
826.131165
821.448425
816.692932
811.932373
806.945068
801.742859
796.176880
790.328308
784.629456
778.723389
772.800354
767.027100
761.291931
755.172607
748.996643
742.915405
736.828308
730.533875
724.239441
717.849426
711.286865
704.642151
697.711548
690.950134
684.252136
677.261475
670.148071
663.016968
655.967896
648.737793
641.711548
634.549927
627.247070
619.950989
612.679382
605.448425
598.326599
591.506775
584.505127
577.322388
569.952637
562.507629
555.154846
547.846069
540.593933
533.275818
525.673462
518.243713
511.213226
504.085480
496.819824
489.680237
482.684479
475.456055
468.025421
460.637085
453.522888
446.412048
439.224243
432.139618
424.870605
417.536407
410.445892
403.542328
396.344360
389.063477
382.132019
375.493256
368.643005
361.562653
354.998352
348.822357
342.381592
335.746216
329.070251
322.648102
316.255524
309.889191
303.297821
296.737762
290.381592
284.000031
277.601562
271.258911
264.779236
258.311371
251.958572
245.634552
239.494965
233.586334
227.350281
221.234375
215.368057
209.698853
203.944199
198.067719
192.411194
186.961960
181.455200
175.959427
170.267380
164.614243
159.233536
154.000885
148.555023
143.359589
138.255539
133.192932
127.981422
122.917969
118.124397
113.184464
108.308830
103.320679
98.120171
93.066872
88.313911
83.333366
78.349442
73.321526
68.523720
63.804604
59.118477
54.457733
50.115093
45.683620
41.170086
36.741150
32.553333
28.508493
24.332521
20.245380
16.141319
11.976345
7.959424
3.982267
0.176007
-3.756311
-7.468663
-11.163249
-14.844297
-18.703012
-22.384062
-25.846836
-29.495735
-33.230930
-36.892521
-40.230083
-43.424671
-46.811302
-50.370525
-53.753773
-56.969509
-60.240238
-63.571877
-66.713165
-69.712318
-72.828224
-76.014351
-79.068497
-82.087952
-85.101486
-87.933975
-90.769005
-93.394211
-95.971199
-98.553268
-101.322304
-104.115028
-106.834145
-109.442436
-112.110794
-114.732620
-117.401825
-119.917053
-122.462738
-124.956818
-127.477966
-129.990662
-132.392517
-134.622635
-137.017731
-139.229233
-141.315536
-143.510971
-145.678482
-147.837524
-149.906052
-152.060883
-153.927216
-155.716553
-157.433136
-159.071884
-160.792694
-162.545654
-164.555801
-166.686096
-168.574417
-170.395065
-172.098953
-173.451736
-174.654785
-176.220779
-177.708084
-178.981354
-180.172562
-181.583725
-183.039734
-184.491501
-185.723312
-187.096420
-188.497421
-189.733475
-190.890823
-191.867981
-193.109955
-194.496582
-195.657333
-196.811310
-197.678482
-198.455124
-199.326538
-200.247009
-201.048187
-201.658173
-202.424667
-203.174240
-203.867981
-204.647171
-205.410294
-206.026199
-206.511810
-207.042267
-207.739395
-208.388290
-209.112488
-209.593033
-210.049881
-210.497421
-210.984741
-211.367981
-211.788467
-212.222473
-212.395065
-212.700470
-212.971207
-213.285919
-213.796921
-214.307068
-214.654785
-214.870529
-214.922134
-215.126877
-215.444977
-215.984741
-216.627716
-217.313843
-217.840912
-218.061722
-218.144638
-218.265625
-218.290146
-218.255463
-218.304535
-218.279999
-218.340073
-218.313843
-218.079498
-217.848526
-217.523651
-217.134491
-216.821457
-216.461044
-216.233475
-215.970352
-215.605713
-215.255463
-214.626877
-213.991501
-213.603180
-213.186096
-212.941589
-212.763077
-212.370529
-211.902679
-211.595566
-211.225861
-210.955124
-210.698776
-210.212311
-209.661560
-209.141251
-208.707245
-208.166626
-207.582031
-206.896744
-206.130249
-205.450058
-204.452591
-203.667480
-203.115021
-202.698776
-202.188629
-201.472046
-200.836685
-200.428894
-199.935669
-199.344299
-198.812988
-198.333298
-197.764771
-197.245316
-196.780853
-196.162399
-195.459351
-194.728394
-194.058334
-193.501663
-193.164093
-192.814682
-192.285080
-191.688629
-190.966125
-190.103180
-189.221619
-188.321457
-187.560883
-186.616714
-185.733475
-184.868835
-184.073563
-183.363754
-182.769852
-181.914520
-181.166626
-180.561722
-179.675095
-178.556656
-177.466125
-176.750397
-176.060028
-175.350220
-174.642105
-173.786774
-172.829910
-171.972900
-171.055801
-170.004196
-169.076950
-168.235153
-167.169174
-166.207245
-165.417053
-164.618408
-163.603180
-162.744461
-161.812988
-161.010971
-160.185242
-159.254623
-158.307068
-157.181015
-156.211472
-155.490662
-154.704697
-153.817230
-152.862915
-151.691162
-150.812149
-150.114182
-149.220779
-148.302841
-147.388290
-146.555801
-145.670868
-144.643784
-143.752075
-142.954285
-142.135330
-141.011810
-139.967819
-138.906906
-137.905212
-136.999969
-136.344299
-135.567642
-134.564270
-133.426361
-132.297760
-131.351059
-130.240234
-129.128555
-128.179321
-127.461052
-126.621796
-125.659019
-124.732620
-123.890831
-123.039726
-122.271538
-121.506737
-120.577797
-119.540573
-118.563416
-117.686935
-116.873062
-115.869682
-114.913673
-114.078644
-113.345146
-112.517731
-111.615028
-110.786766
-109.845993
-108.709778
-107.749542
-106.972893
-106.042267
-105.005890
-103.950050
-103.074417
-102.197937
-101.384064
-100.510117
-99.661560
-98.675941
-97.684402
-96.771538
-96.014351
-95.230087
-94.181015
-93.257156
-92.584572
-91.758850
-91.043114
-90.319763
-89.524498
-88.558342
-87.581184
-86.957664
-86.098106
-85.107414
-84.262230
-83.373062
-82.527885
-81.725853
-81.111641
-80.293533
-79.329071
-78.410286
-77.718239
-76.911133
-76.019424
-75.115868
-74.252930
-73.554955
-72.942436
-72.193703
-71.483047
-70.744469
-69.743622
-68.760544
-67.945824
-67.315536
-66.582031
-65.712318
-64.799461
-64.140404
-63.426361
-62.575264
-61.917900
-61.193707
-60.348530
-59.626869
-58.919594
-58.109951
-57.290154
-56.494045
-55.812149
-55.175938
-54.703857
-53.920441
-53.255466
-52.763081
-52.331608
-51.667480
-50.986431
-50.349373
-49.656479
-49.049881
-48.377293
-47.534653
-46.752926
-46.230930
-45.843452
-45.239391
-44.477123
-43.963589
-43.453434
-42.742775
-42.287613
-41.990662
-41.583721
-41.027039
-40.403519
-39.747852
-38.793537
-38.107410
-37.489815
-36.819763
-36.164093
-35.547344
-34.996582
-34.214855
-33.590492
-33.158173
-32.500813
-31.868832
-31.323147
-30.908596
-30.214010
-29.370525
-28.729239
-28.453434
-28.022808
-27.498274
-27.182707
-26.722471
-26.111641
-25.764772
-25.385754
-24.954281
-24.475431
-23.912827
-23.352758
-22.826530
-22.322302
-21.762234
-21.181862
-20.715702
-20.264772
-19.677631
-19.014349
-18.670862
-18.450050
-18.697090
-19.198782
-19.713163
-20.177631
-20.214857
-19.936514
-19.598104
-19.248697
-18.712318
-18.065956
-17.543959
-17.048189
-16.626869
-16.122639
-15.340068
-14.510118
-13.799459
-13.142944
-12.353604
-11.615871
-10.994890
-10.403520
-9.775770
-9.130254
-8.629408
-8.247005
-7.476277
-6.740237
-6.326531
-5.888291
-5.159019
-4.521117
-4.141252
-3.620948
-3.201320
-2.719086
-2.309611
-1.845990
-1.439052
-1.035499
-0.756311
-0.143790
0.459425
0.929814
1.406125
1.591404
1.842673
2.120169
2.725076
3.001726
3.336751
3.749611
4.184467
4.503418
4.780067
5.176853
5.827445
6.238613
6.549103
6.874822
7.300372
7.763147
7.961963
8.255533
8.412047
8.591404
8.752149
8.932352
9.514417
9.980576
10.542335
10.847750
11.146396
11.394280
11.779222
12.178545
12.555871
13.090558
13.792758
14.129476
14.401049
14.661624
14.868900
15.154856
15.407817
15.604940
15.876514
16.351980
16.817293
17.056717
17.344366
17.727613
18.205618
18.541489
18.697157
18.998343
19.352825
19.594788
19.645550
19.855364
20.213232
20.493265
20.570253
20.588020
20.536413
20.422199
20.304602
20.283451
20.170084
20.372284
20.506802
20.594788
20.633705
20.824907
21.137936
21.243689
21.709002
21.958578
22.205618
22.414585
22.380745
22.426430
22.571100
22.914585
23.192081
23.527107
23.774992
23.985651
24.284298
24.622707
24.816446
24.978037
25.210693
25.405279
25.623554
25.813063
26.049103
26.285990
26.431505
26.496651
26.834213
27.262300
27.444197
27.569408
27.824907
28.103249
28.215771
28.225077
28.360439
28.588020
28.822369
28.943350
28.963655
29.307140
29.415432
29.393435
29.402740
29.770761
30.188698
30.284298
30.154856
30.362131
30.616785
30.990728
31.031336
31.096481
31.154856
31.315601
31.286837
31.183620
31.100710
31.134552
31.032183
31.096481
31.119324
31.346058
31.503418
31.604940
31.753841
31.829138
31.882437
31.868053
31.769070
31.775837
31.760609
31.821524
31.533030
31.522030
31.544027
31.691235
31.710693
31.707310
31.581253
31.511879
31.510185
31.508493
31.665855
31.836752
31.870592
31.924738
31.933197
31.884975
31.895973
32.141319
32.181931
32.177700
32.313908
32.153164
32.193771
31.924738
31.862978
32.071098
32.269917
32.161625
31.979729
32.049103
32.296143
32.360439
32.258919
32.159088
32.219154
32.408665
32.462811
32.228458
32.066868
32.028797
32.031338
31.945889
31.950964
32.003418
31.984806
31.874823
31.898512
31.947580
32.013569
31.966192
32.001724
32.007648
31.983114
31.909510
31.838444
31.842674
31.933197
31.863825
31.667547
31.673470
31.934891
32.058411
31.995804
31.812216
31.685312
31.640474
31.556717
31.582098
31.431505
31.356211
31.377361
31.408663
31.445042
31.432352
31.340136
31.177698
31.219999
31.196312
31.197157
31.265686
31.280914
31.214924
