-0.045530
0.060487
-0.023324
-0.025473
0.090573
0.071232
-0.005415
0.045444
0.138567
0.121375
0.116361
0.162923
0.139284
0.108481
0.122808
0.130688
-0.026189
-0.044097
-0.120745
-0.148682
-0.183782
-0.233926
-0.251834
-0.308424
-0.316304
-0.132923
-0.002550
0.046160
0.097736
0.037564
-0.009713
0.090573
0.191576
0.152178
0.124957
0.136418
0.228825
0.274670
0.088424
-0.038367
-0.069885
-0.101404
-0.116447
-0.155845
-0.133639
-0.156562
-0.123610
0.012493
0.026103
-0.041232
-0.014728
0.084842
0.149312
0.089140
0.063352
0.097736
0.142149
0.152894
-0.005415
-0.966017
-7.137221
-31.362865
-105.084930
-250.592087
-404.623596
-545.919434
-668.286194
-761.489685
-825.691650
-866.851379
-888.655151
-894.380066
-889.333496
-875.914429
-855.346375
-831.412292
-805.551270
-776.632935
-748.174500
-721.087769
-694.212463
-668.377930
-643.814148
-619.647949
-596.279785
-573.757568
-551.774780
-530.398682
-509.425903
-488.713867
-468.402252
-448.309845
-428.154419
-408.320587
-388.965302
-369.724609
-350.559143
-331.622192
-312.859283
-294.564880
-276.692383
-258.932343
-241.468170
-224.306274
-207.262573
-190.372177
-173.844955
-157.575623
-141.725327
-126.245384
-110.845673
-95.653694
-80.609283
-66.074898
-52.056992
-38.378624
-25.092093
-12.043381
0.825530
13.356333
25.584126
37.637852
49.450172
60.675816
71.884270
83.019653
93.729538
104.104897
114.286850
124.127823
133.596298
142.905762
151.484558
159.853470
168.137131
176.250320
184.011063
191.419373
198.452316
205.357758
211.987427
218.240997
224.400742
230.290436
236.107056
241.841293
247.230972
252.308334
257.397888
262.170074
266.562622
270.863495
275.128540
279.198730
283.087006
286.755341
290.214508
293.662201
297.077667
300.182983
303.127808
306.066223
308.773956
311.067657
313.364197
315.525391
317.454468
319.454468
321.368500
322.929413
324.301178
325.520386
326.435120
327.073395
327.576233
327.830536
327.919373
328.149323
328.508209
328.740295
328.947296
329.057617
329.100616
328.886414
328.511047
328.033264
327.412933
326.559784
325.910767
325.418640
324.708038
323.959473
323.167206
322.441589
321.472382
320.256042
319.063354
317.797607
316.405029
315.023956
313.324799
311.472382
309.662933
307.804749
305.919373
304.368500
302.649323
300.498169
298.384277
296.444427
294.318359
291.933685
289.602020
287.339142
285.142151
283.069794
280.665802
278.134979
275.627808
273.329102
270.948029
268.675110
266.210907
263.587708
260.973083
258.382111
255.789719
253.341293
250.716644
248.023956
245.337708
242.799026
240.350601
237.539719
234.947311
232.546158
229.851318
227.016785
224.304764
221.657196
219.049744
216.647873
214.094864
211.447311
208.573380
205.729538
202.937271
200.099884
197.304764
194.384262
191.349884
188.367798
185.366364
181.756760
177.723099
173.361343
169.346298
165.742432
162.874237
159.816223
156.695160
154.059052
151.413635
148.758911
145.884979
142.988861
140.466644
137.821945
135.015366
132.274673
129.404327
126.660057
124.021088
121.585556
119.167221
116.662209
114.137848
111.763924
109.696587
107.408623
105.006042
102.556190
100.006760
97.532547
95.069801
92.799026
90.570518
88.117790
85.921516
83.511780
80.951607
78.516075
76.377823
74.334839
72.103470
69.667221
67.510345
65.657188
63.750317
61.730976
59.661491
57.566219
55.685844
53.400745
51.094872
49.031116
46.922234
44.903610
42.900745
40.947308
39.006763
37.234554
35.452320
33.532551
31.643581
29.652178
27.735989
25.806906
23.699455
21.566217
19.349886
17.176533
14.954470
12.896447
11.006046
9.228826
7.499599
5.652894
4.001031
2.458052
0.986705
-0.508281
-2.248968
-3.861433
-5.271891
-6.515444
-7.806275
-8.945244
-10.162292
-11.488940
-12.898682
-14.329198
-15.628625
-17.231777
-18.743954
-20.139370
-21.578482
-22.526905
-23.493954
-24.579197
-25.708855
-26.907993
-27.992521
-29.111433
-30.226763
-31.214584
-32.229626
-33.374325
-34.508999
-35.572750
-36.543381
-37.504700
-38.469601
-39.425903
-40.463150
-41.440945
-42.562004
-43.695244
-44.652981
-45.480343
-46.177334
-46.854271
-47.791233
-48.732494
-49.504700
-50.337078
-51.232494
-52.056992
-52.827766
-53.608566
-54.429485
-55.087078
-55.639370
-56.284786
-56.948826
-57.629341
-58.391518
-58.975330
-59.357136
-59.789082
-60.367165
-60.999683
-61.765446
-62.642235
-63.412292
-64.164444
-64.703842
-65.420891
-66.015442
-66.458855
-67.057709
-67.664444
-68.075615
-68.301262
-68.711006
-69.258995
-69.629341
-69.969597
-70.228195
-70.500404
-70.873611
-71.344238
-71.740372
-72.159424
-72.614296
-72.992523
-73.305557
-73.695244
-74.089226
-74.348541
-74.566307
-74.840660
-75.256134
-75.446678
-75.625763
-75.984642
-76.184502
-76.529053
-76.943810
-77.473900
-77.746819
-77.799828
-77.968880
-77.994667
-77.988937
-78.390083
-78.938797
-79.410858
-79.524757
-79.404411
-79.522606
-79.626472
-79.640083
-79.620743
-79.824898
-79.756851
-79.794815
-79.992523
-80.207420
-80.299110
-80.406563
-80.569168
-80.582779
-80.554840
-80.428055
-80.347107
-80.097107
-80.073463
-80.217453
-80.284065
-80.317734
-80.194527
-80.069168
-80.016876
-80.110001
-80.263298
-80.329201
-80.362152
-80.185928
-79.922318
-79.670174
-79.556992
-79.655846
-79.669456
-79.531921
-79.361435
-79.042664
-78.815590
-78.835648
-78.640083
-78.226044
-78.110718
-78.144386
-77.981773
-77.642952
-77.306274
-77.323463
-77.456703
-77.387222
-77.387939
-77.373611
-77.100685
-76.738937
-76.394386
-76.362152
-76.248253
-76.061287
-75.909424
-75.601402
-75.342094
-75.130775
-74.938797
-74.652260
-74.602837
-74.616447
-74.241806
-73.725327
-73.163010
-72.785500
-72.541946
-72.309860
-72.052696
-71.936646
-71.841377
-71.778336
-71.711006
-71.465302
-71.151550
-70.937363
-70.781921
-70.685928
-70.617165
-70.592094
-70.587791
-70.392952
-70.231064
-69.851402
-69.363579
-69.029053
-68.958138
-68.712433
-68.287651
-67.783356
-67.396530
-67.072754
-66.854271
-66.708138
-66.529770
-66.069885
-65.579201
-65.145103
-64.932350
-64.485359
-64.194527
-63.786934
-63.347824
-63.098537
-62.984642
-62.543381
-62.128624
-61.922321
-61.638653
-61.096390
-60.558426
-60.268311
-60.000401
-59.626476
-59.074184
-58.519024
-58.110718
-57.708138
-57.634354
-57.402981
-57.172321
-56.969601
-56.688797
-56.204556
-55.619312
-55.342808
-55.185932
-55.001835
-54.611431
-54.163727
-53.637936
-53.268311
-52.983208
-52.741806
-52.559139
-52.267593
-51.933781
-51.487507
-51.147964
-50.865730
-50.763294
-50.472466
-49.939514
-49.372894
-48.977478
-48.565586
-48.154411
-47.738941
-47.622894
-47.369312
-46.875759
-46.423038
-46.017593
-45.645100
-45.314873
-45.228912
-45.094242
-44.631489
-44.335644
-44.237507
-43.791950
-43.304844
-42.991806
-42.645817
-42.266159
-41.887936
-41.456703
-41.059856
-40.685932
-40.389370
-40.031204
-39.731777
-39.554844
-39.292664
-38.940228
-38.501118
-38.127193
-37.796246
-37.543381
-37.113583
-36.741089
-36.439514
-36.163727
-35.607136
-35.075615
-34.738941
-34.748970
-34.633640
-34.387222
-33.888653
-33.395817
-33.154411
-33.039082
-32.751118
-32.128624
-31.546246
-31.175903
-30.771891
-30.301260
-30.010429
-29.828482
-29.592093
-29.265444
-29.064156
-28.750401
-28.389370
-28.169456
-28.075617
-27.928051
-27.631491
-27.484642
-27.250401
-26.979628
-26.852837
-26.594240
-26.378624
-26.656561
-27.552694
-28.637220
-29.487507
-30.319170
-30.242521
-30.069170
-29.961002
-29.739656
-29.312721
-29.023323
-28.620745
-28.191662
-28.070602
-28.004700
-27.699541
-27.363583
-27.114298
-26.887220
-26.354269
-25.746103
-25.363583
-25.115015
-24.761147
-24.236792
-23.654413
-23.162292
-22.944527
-22.832064
-22.594240
-22.377192
-22.163725
-21.625759
-21.074900
-20.444527
-20.044098
-19.871462
-19.690229
-19.375044
-19.092808
-18.632923
-18.238939
-17.979628
-17.536219
-17.070602
-16.743238
-16.319170
-15.943094
-15.553410
-15.269742
-14.999685
-14.749685
-14.532636
-14.152980
-13.658710
-13.205273
-12.800545
-12.401547
-11.983926
-11.570601
-11.200974
-11.004699
-10.681633
-10.360716
-10.062722
-9.770458
-9.598538
-9.181633
-8.834929
-8.599972
-8.468166
-8.385072
-8.258997
-7.999685
-7.802693
-7.663725
-7.430917
-7.139369
-6.887937
-6.740373
-6.350688
-5.900115
-5.549828
-5.266877
-5.040516
-4.787651
-4.510430
-4.203840
-3.768309
-3.514011
-3.352120
-3.091375
-2.896533
-2.892951
-2.953123
-3.020458
-2.824183
-2.746103
-2.681633
-2.546247
-2.330630
-2.076332
-2.060573
-1.827049
-1.617880
-1.277622
-0.910143
-0.513295
-0.314871
-0.240372
-0.124327
0.001748
0.319083
0.447307
0.749599
0.964499
1.220229
1.382120
1.594871
1.804756
2.044011
2.137851
2.266791
2.405759
2.668653
2.978825
3.216648
3.267507
3.253181
3.382837
3.453037
3.470946
3.594871
3.715931
3.830544
3.980258
4.111347
4.158625
4.212349
4.450172
4.513926
4.569799
4.631404
4.666504
4.758911
5.054040
5.287564
5.546160
5.672235
5.582694
5.683696
5.836991
5.991719
6.248882
6.483840
6.667221
6.900029
7.065501
7.150745
7.309771
7.475960
7.617077
7.682263
7.779685
7.867077
7.879972
7.912206
8.058338
8.224527
8.463066
8.508911
8.580544
8.633553
8.820516
8.908625
8.847020
8.829112
8.989571
9.086275
9.028253
8.897163
8.877822
8.894298
8.884986
8.869226
8.854183
9.000315
8.962350
8.932980
8.757479
8.870659
9.011060
9.067651
9.079828
9.080544
9.084126
9.177965
9.301175
9.297593
9.285416
9.475960
9.537564
9.753181
9.876390
9.949455
9.977392
10.008911
9.933697
9.920086
9.978826
9.983123
10.016074
10.153610
10.188710
10.151462
10.117078
10.316934
10.538280
10.647880
10.660773
10.679399
10.685845
10.723095
10.862063
11.054040
11.174384
11.254613
11.092006
10.921518
10.882120
10.887135
10.836275
10.758195
10.640000
10.602751
10.602751
10.574098
10.609914
10.752464
10.734556
10.800459
10.919370
11.008195
11.090573
11.243868
11.446590
11.455186
11.200171
10.888567
10.798309
10.859198
10.953753
11.098453
11.167221
11.232407
11.191576
11.215215
11.206619
11.235989
11.277535
11.139284
11.189427
11.356333
11.483840
11.424384
11.473811
11.450889
11.410773
11.112063
10.950171
11.018224
10.991003
11.027535
11.027535
10.966647
10.913639
11.051175
11.197307
11.159341
11.124957
11.278969
11.185845
11.204470
11.281117
11.311203
11.266074
11.352035
11.361346
11.308338
11.186562
11.182263
11.152178
11.102035
11.085559
11.084126
11.056906
11.019656
10.811203
10.737421
10.774671
10.983123
11.075530
11.190144
11.243868
11.145731
11.021805
10.988137
10.995301
10.955186
10.839857
10.911490
10.758195
10.728826
10.914355
10.930831
10.798309
10.768940
10.861346
10.877822
10.834126
10.843438
10.741003
10.591290
10.566217
10.422952
10.191576
10.041862
9.906476
9.901462
9.854899
9.658625
9.550459
9.387851
9.177249
9.102035
8.968081
9.099169
9.271089
9.259627
9.155043
9.042579
9.136418
9.271805
9.148596
9.205903
9.020372
8.744584
8.485989
8.457335
8.314785
8.220945
8.115644
8.236705
8.241003
8.219513
8.319083
8.453753
8.429399
8.317651
8.240287
8.208768
8.354899
8.451605
8.533266
8.660773
