0.374692
0.291890
0.043482
-0.003227
0.136900
0.039236
-0.066921
-0.113631
-0.098769
-0.071168
0.039236
-0.007473
-0.054183
-0.001104
-0.009597
0.064713
-0.024459
-0.194310
0.051975
0.223949
0.319490
0.393800
0.364076
0.179363
0.124161
0.062590
0.034989
0.153885
0.321614
0.202718
-0.120000
-0.241019
0.024374
0.041359
0.022251
-0.054183
0.113546
0.141146
0.262166
0.111423
-0.052059
-0.083907
-0.185817
-0.368408
-0.606200
-0.570106
-0.404501
-0.313206
-0.204926
-0.289851
-0.120000
-0.030828
-0.115754
0.051975
0.071083
0.192102
0.347091
0.355584
0.071083
-1.139108
-8.160339
-32.869469
-106.419365
-238.705994
-371.141235
-499.364166
-612.355652
-697.362061
-755.584961
-793.077515
-812.661377
-817.389648
-811.219788
-795.308960
-772.147583
-746.960754
-717.379028
-685.219788
-655.485168
-626.395996
-598.459717
-572.049927
-546.406616
-522.185791
-499.646545
-477.854614
-456.894958
-436.884338
-417.782410
-398.725098
-379.914062
-361.810028
-343.801514
-326.349304
-309.069031
-292.041443
-274.748444
-258.015961
-241.657150
-225.415115
-209.400253
-194.047806
-179.393890
-164.761185
-150.253754
-136.005356
-122.162460
-108.340805
-94.790916
-81.822762
-69.529770
-57.550999
-45.555244
-33.570107
-21.655031
-10.132739
1.315244
12.684670
23.867262
34.383186
44.894863
55.485096
65.340721
74.771721
84.096558
93.149635
101.640083
110.011635
118.389557
126.599747
134.440506
142.449005
150.047729
157.032867
163.357712
169.990402
176.778091
183.007385
188.814178
194.393799
199.722885
204.826920
210.051971
215.336472
220.502075
225.325867
230.160248
234.935196
239.098679
243.149643
246.807816
249.992523
252.640091
255.028625
257.610352
260.234558
262.843903
265.340729
267.536041
269.814178
272.043488
274.015869
275.907593
278.005280
279.841797
281.213348
282.561523
284.115662
285.238800
286.177246
286.650696
287.323730
288.204834
288.351349
288.536041
288.841797
289.459625
289.807800
289.531799
289.485107
289.446869
288.860901
288.374695
288.073212
287.419281
286.937317
286.134766
285.230316
284.578522
283.529694
281.909729
280.347076
278.986145
277.039246
275.081696
273.731384
272.321625
270.737762
269.359833
267.722900
265.875763
264.357697
262.920349
261.408661
259.824799
258.508453
257.045593
255.425644
253.410782
251.446884
249.646454
247.398041
245.136902
243.026489
240.848160
238.954315
237.412903
235.160248
232.663437
230.941574
229.147522
226.712265
224.255798
222.234558
220.039230
217.567902
215.387436
212.998901
210.495712
208.327988
206.054092
203.529678
200.540298
197.574265
194.659195
191.587006
188.459625
185.323730
182.060471
178.850281
175.873627
172.763229
169.854523
167.423523
165.075333
162.366196
159.801437
157.270660
154.924591
152.576385
150.177246
147.937332
145.361954
142.956436
140.835419
138.398041
136.020126
133.799316
131.614609
129.202713
126.739876
124.417152
122.243057
120.079575
117.877876
115.268532
112.631592
110.402290
107.788704
105.217583
102.979790
100.631592
98.313118
96.355583
94.436264
92.671928
90.667686
88.663437
86.510574
84.304626
82.361954
80.264290
77.716515
75.519066
73.631592
71.722885
69.533928
67.584885
65.831169
64.018005
61.971294
59.865139
57.913971
56.183609
54.315243
52.181488
50.005264
47.962803
46.410786
44.553036
42.425648
40.234566
38.139023
36.028622
33.795074
31.765350
30.332230
28.869385
27.455372
25.727135
24.045605
22.404417
20.769596
19.192102
17.986156
16.514820
15.149639
13.640085
12.113545
10.446879
8.839661
6.877877
4.952187
3.026497
1.281274
-0.478811
-2.402378
-3.897070
-4.846115
-6.147601
-7.731465
-9.100892
-10.264374
-11.531890
-12.846115
-14.194310
-15.650785
-16.748449
-17.903439
-19.340807
-20.814268
-21.616816
-22.147600
-23.103014
-24.153971
-25.128492
-25.776051
-26.640169
-27.527643
-28.612570
-29.542505
-30.308960
-31.251635
-32.209171
-33.230404
-34.139107
-35.238895
-36.334438
-37.391762
-38.529766
-39.839745
-40.737835
-41.396008
-42.389641
-43.353546
-44.018089
-44.797283
-45.529766
-46.202801
-46.561615
-47.003227
-47.812145
-48.589214
-49.487305
-49.996857
-50.396008
-50.697495
-51.364162
-52.459702
-53.245266
-53.820637
-54.425732
-55.215542
-55.652908
-56.302589
-56.979874
-57.818512
-58.393887
-58.744205
-59.100891
-59.737835
-60.005352
-60.376900
-60.712357
-61.353546
-61.814266
-62.591339
-63.009598
-63.001102
-62.824883
-63.119999
-63.546753
-63.846115
-63.856731
-64.045692
-64.268623
-64.466072
-64.969254
-65.230400
-65.502167
-65.977753
-66.635925
-67.098770
-67.364159
-67.797279
-68.497917
-69.056305
-69.062675
-69.268623
-69.531891
-69.863098
-70.279236
-70.370529
-70.457581
-70.342934
-70.349297
-70.478813
-70.438469
-70.858856
-71.088150
-71.136986
-71.039322
-70.977753
-71.170952
-71.368408
-71.574356
-71.818512
-72.901314
-75.207047
-78.315331
-81.820641
-85.018089
-87.606201
-89.179451
-89.313210
-89.141228
-89.168831
-89.311081
-89.160339
-88.996857
-88.803650
-88.674141
-87.909805
-87.122124
-86.251633
-85.580719
-85.156090
-84.769684
-84.241020
-83.557365
-83.094521
-82.689003
-82.117874
-81.440598
-80.882210
-80.024460
-79.436348
-79.281357
-78.799408
-78.090279
-77.521271
-77.049934
-76.739960
-76.461823
-75.984116
-75.408745
-74.939529
-74.362038
-73.780296
-73.136986
-72.818512
-72.406624
-71.839745
-71.387512
-71.166710
-70.863098
-70.703865
-70.597710
-70.153969
-69.663521
-69.105141
-68.618935
-68.183693
-67.669891
-67.228279
-66.776054
-66.432098
-65.890701
-65.372650
-64.914055
-64.506409
-64.088150
-63.502167
-63.234650
-62.848236
-62.485180
-61.894947
-61.406624
-60.548874
-59.897072
-59.347176
-58.988365
-58.500042
-57.969257
-57.406624
-57.094521
-56.967133
-56.187939
-55.491550
-55.103016
-54.973503
-54.638046
-54.328068
-53.877960
-53.266499
-52.818512
-52.211296
-51.563736
-51.194309
-51.088154
-50.793037
-50.387516
-50.130615
-50.190063
-50.132740
-49.444839
-49.022335
-48.578598
-47.979874
-47.485180
-46.722973
-46.385391
-45.914055
-45.570107
-44.928917
-44.863098
-44.468197
-44.096645
-43.869469
-43.463947
-43.408749
-43.449085
-43.090275
-42.788792
-42.340805
-42.103016
-41.926796
-41.633801
-41.279236
-41.270744
-41.597706
-41.313206
-41.175201
-41.062675
-40.618938
-40.423611
-40.209171
-40.007473
-39.686878
-39.342930
-38.773930
-38.476688
-38.179447
-37.833374
-37.761189
-37.703865
-37.563736
-37.474564
-36.945904
-36.595585
-36.162464
-35.767559
-35.166710
-34.669895
-34.432102
-34.224033
-33.928917
-33.674141
-33.752697
-33.657154
-33.483059
-33.279236
-33.115753
-32.909809
-32.534012
-32.264374
-32.162464
-32.024460
-31.606199
-31.153971
-30.971380
-30.814268
-30.432102
-29.911932
-29.542505
-29.075415
-28.795158
-28.396009
-27.958641
-27.672016
-27.453333
-27.245266
-26.892824
-26.892824
-26.807898
-26.427856
-26.156094
-25.843992
-25.374777
-25.234650
-25.429979
-25.485180
-25.249512
-25.071167
-24.739958
-24.578598
-24.459703
-24.306837
-24.270742
-23.739958
-23.190063
-22.835499
-22.604076
-22.143354
-21.977749
-21.746326
-21.584969
-21.412994
-21.113630
-20.682632
-20.289852
-20.181572
-20.032951
-19.935287
-19.563736
-19.472441
-19.455456
-18.950150
-18.782421
-18.599831
-18.412994
-18.540382
-18.657154
-18.578598
-18.304714
-18.024458
-17.559490
-17.289852
-16.691126
-16.009596
-15.523397
-15.325945
-15.372654
-15.404501
-15.334437
-15.593461
-15.453333
-15.325945
-15.432102
-15.497919
-15.158216
-14.916179
-14.992612
-15.100892
-15.128492
-14.829129
-14.500043
-14.158216
-13.782420
-13.559490
-13.349299
-13.179448
-12.837622
-12.616816
-12.289851
-11.890700
-11.669894
-11.712357
-11.595584
-11.313206
-10.971380
-10.969257
-10.843991
-10.610446
-10.255881
-10.022335
-9.725096
-9.404501
-9.153971
-8.814267
-8.359915
-8.170956
-8.315330
-8.226157
-8.066921
-7.629554
-7.442718
-7.368408
-7.434225
-7.251635
-7.024458
-6.629554
-6.285605
-5.948026
-5.665648
-5.455456
-5.136985
-4.903440
-4.795159
-4.544629
-4.459703
-4.207049
-4.179448
-4.253758
-4.207049
-3.967134
-3.807898
-3.610446
-3.296221
-2.933163
-2.918302
-3.120000
-3.037197
-3.007473
-3.230403
-3.497919
-3.574353
-3.720849
-3.761189
-3.563737
-3.776051
-3.803652
-3.550998
-3.459703
-3.262250
-2.986242
-2.536136
-2.281359
-2.198556
-2.128493
-1.710234
-1.478811
-1.313206
-1.315329
-1.347176
-1.389639
-1.196433
-0.873716
-0.493673
-0.485180
-0.655032
-0.574352
-0.347176
-0.028705
0.085945
0.209087
0.251550
0.364076
0.417155
0.538174
0.682548
1.153885
1.361953
1.512696
1.737749
1.680425
1.610361
1.788705
2.168747
2.364076
2.342845
2.283397
2.491465
2.525435
2.470233
2.741996
2.775966
2.988280
3.213333
3.423524
3.406539
3.372569
3.211210
3.232442
3.472357
3.580637
3.899108
4.274904
4.480849
4.623100
4.582760
4.744119
4.797197
4.909724
4.969172
4.916093
5.056221
5.049851
5.092314
5.306752
5.340722
5.451125
5.446879
5.476603
5.338599
5.442633
5.298259
5.576391
5.860892
5.952187
5.992527
6.302505
6.332229
6.211210
6.402293
6.389554
6.393800
6.506327
6.786582
6.703779
6.835414
6.863015
6.657070
6.809937
6.950064
7.083822
7.177240
6.992527
6.884246
6.922463
7.253673
7.291890
7.344968
7.478726
7.578514
7.482973
7.782335
7.778089
7.680425
7.349215
7.485096
7.516943
7.421402
7.423524
7.570021
7.415032
7.234565
7.281274
7.264289
7.196348
6.930955
6.627346
6.703779
6.945817
7.151762
7.595499
7.449002
7.376815
7.289766
7.387431
7.710149
7.686794
7.674055
7.659193
7.472357
7.364077
7.200594
7.147516
7.081698
6.998896
7.098684
7.279151
7.196348
7.296136
7.463864
7.355584
7.438386
7.446879
7.128407
6.918217
7.272781
7.302505
7.406539
7.283397
7.308875
7.372569
7.514820
7.580637
7.633716
7.737750
7.924586
7.933079
7.916093
7.867261
7.852399
7.926709
8.066836
7.945817
7.731380
7.587007
7.718641
7.809937
7.665563
7.744119
7.850276
7.858768
8.030743
8.109300
8.054098
8.098683
7.941571
7.846030
7.769597
7.637962
7.417155
7.151762
7.096560
7.389554
7.510573
7.635839
7.652824
7.548790
7.527558
7.531805
7.775966
7.924586
7.875754
8.011635
8.185733
8.240934
8.300383
8.366199
8.132654
8.039236
8.018004
7.901231
7.714395
7.705902
7.807813
7.846030
7.778089
7.939448
8.211210
8.349215
8.342845
8.489342
8.540298
8.540298
8.497834
8.550913
8.512696
8.457495
8.395924
8.444756
8.470234
8.508451
8.574267
8.665563
8.754735
8.765350
8.809937
8.795074
8.671932
8.778090
8.523313
8.546667
8.510573
8.463864
8.353460
8.593376
8.561528
8.495711
8.606114
8.716518
8.521189
8.542420
8.470234
8.366199
8.349215
8.338598
8.185733
8.206964
8.236688
8.177240
8.139024
7.981911
7.996773
8.043482
8.332230
8.485096
8.557282
8.417155
8.034989
8.064713
8.268535
8.071083
8.009512
8.045605
7.950064
7.894862
7.812059
7.854522
8.098683
8.107176
8.079576
7.937325
7.667686
7.557282
7.404416
7.364077
7.334352
7.310998
7.045605
6.939448
