-0.021453
-0.110061
-0.162345
-0.054474
0.030281
-0.027507
-0.146935
-0.151337
-0.075388
-0.118316
-0.069884
0.088619
0.124942
0.074860
-0.011547
-0.193165
-0.176103
-0.054474
-0.029158
-0.123269
-0.176654
-0.184909
-0.251502
-0.171701
-0.115014
-0.076489
0.010468
0.160715
0.093572
0.132097
0.217402
0.286747
0.164568
0.178327
0.033583
0.019274
0.056147
0.079263
0.009917
-0.013198
-0.004942
-0.063280
-0.085845
-0.033010
0.020925
0.184381
0.165669
0.164018
0.201442
0.204744
0.266384
0.210248
0.229510
0.199791
0.279593
0.309312
0.265834
0.228960
0.243819
-0.699494
-7.014298
-30.884964
-107.762787
-254.847534
-411.903687
-570.934509
-714.760559
-828.300476
-910.586121
-967.245422
-1002.137024
-1018.700623
-1021.072632
-1010.584473
-990.128784
-964.765015
-933.266907
-898.367065
-864.875610
-831.758362
-799.132080
-767.834351
-737.761658
-709.196472
-682.090820
-655.873413
-630.728088
-606.437500
-582.936707
-560.111694
-537.564636
-515.548706
-493.806274
-472.496948
-451.401215
-430.428162
-409.592163
-388.968628
-368.728119
-348.595490
-328.818359
-309.603180
-290.476593
-271.310944
-252.443024
-233.697845
-215.237198
-197.310394
-179.917435
-162.812866
-146.155746
-129.886063
-113.795258
-97.879463
-82.141983
-66.736366
-51.730865
-37.115013
-22.843687
-8.987330
4.618613
18.090820
31.289499
44.162365
56.685757
69.224556
81.286194
92.915810
104.313164
115.505791
126.279045
136.727036
146.863525
156.698959
166.395172
175.905350
185.249878
194.476624
203.314270
211.945526
220.011566
227.916901
235.563034
242.861328
249.939468
256.778778
263.232269
269.693451
275.832153
281.739685
287.585602
293.172272
298.683014
304.045135
309.168427
313.996155
318.565216
322.951569
326.995056
330.873444
334.625763
338.045135
341.242157
344.240509
347.157410
350.018738
352.514038
354.987915
357.262543
359.207489
360.994507
362.725372
364.242706
365.653839
366.989014
368.168427
369.188232
370.130432
370.881134
371.443054
372.106781
372.821136
373.414429
373.839844
374.113373
374.404510
374.312622
374.386902
374.477173
374.236664
373.687408
373.085876
372.605408
371.837646
370.900940
369.844818
368.772156
367.585602
366.532745
365.368195
364.183838
362.837646
361.478821
360.175018
358.757294
357.046234
355.291687
353.417175
351.458466
349.424347
347.313171
345.082550
342.963135
341.065491
338.856903
336.654388
334.565216
332.230072
329.803528
327.455170
324.997803
322.085876
319.193726
316.528351
314.048981
311.289490
308.410034
305.619171
302.815643
300.171722
297.150269
294.109528
291.299957
288.347290
285.190430
281.899292
278.639526
275.602661
272.550934
269.321960
266.097961
262.922974
259.876740
256.709961
253.417175
250.278488
247.286743
244.127701
240.888290
237.495880
234.239410
230.960938
227.742447
224.498077
221.330780
218.003860
214.606506
211.383606
208.066605
204.623016
201.225113
197.977997
194.843704
191.510193
188.208054
184.902054
181.671997
178.588898
175.748505
172.792526
169.656036
166.620819
163.712173
160.640076
157.504135
154.467270
151.491486
148.324722
145.157410
142.093018
139.157410
136.343430
133.451309
130.547623
127.483772
124.618065
121.864624
119.165672
116.342880
113.466713
110.634026
107.767761
104.959282
102.267487
99.583389
96.862419
94.043488
91.379761
88.698418
85.900398
83.241066
80.641731
78.204742
75.637878
73.160713
70.712723
68.336281
65.946625
63.520100
61.031380
58.585590
56.160164
53.674751
51.304909
49.022026
46.630722
44.446903
42.463413
40.328026
38.089718
35.837654
33.539360
31.238316
28.918558
26.776016
24.842609
22.866825
20.974695
19.092470
16.981850
14.766660
12.679703
10.603203
8.464513
6.347287
4.258129
2.283996
0.397369
-1.418811
-3.356621
-5.138679
-6.854694
-8.701695
-10.542091
-12.227286
-13.845889
-15.552548
-17.421562
-19.211876
-20.806263
-22.342312
-23.905327
-25.394596
-27.034111
-28.615290
-30.158491
-31.554750
-32.822773
-34.223434
-35.602081
-36.837635
-38.252602
-39.716557
-41.101807
-42.380836
-43.730865
-45.321949
-46.683533
-47.959263
-49.350018
-50.685184
-51.981827
-53.225086
-54.405052
-55.600979
-56.807365
-59.889366
-63.255905
-64.088043
-64.903679
-65.810669
-66.831032
-68.050621
-69.312592
-70.461739
-71.627945
-72.855247
-73.954857
-74.708847
-75.789200
-77.118866
-78.271866
-79.111160
-79.960915
-80.794708
-81.498062
-82.134827
-82.788101
-83.628494
-84.512924
-85.273514
-85.914131
-86.525581
-87.025307
-87.774895
-88.458984
-89.029709
-89.508522
-90.018150
-90.504120
-90.932846
-91.496964
-92.159592
-92.646660
-93.091896
-93.559700
-94.072083
-94.420464
-94.796356
-95.315346
-95.718208
-96.018150
-96.412209
-96.791954
-97.073189
-97.468895
-97.898720
-98.281769
-98.588318
-98.946053
-99.134277
-99.309288
-99.447983
-99.663170
-99.767738
-99.982376
-100.179405
-100.206924
-100.268013
-100.508522
-100.748474
-100.848091
-100.977425
-101.248199
-101.444130
-101.565758
-101.596024
-101.726463
-101.757278
-101.757835
-101.725914
-101.608688
-101.631798
-101.741875
-101.676926
-101.687935
-101.700592
-101.865700
-101.902023
-101.807365
-101.837082
-101.751778
-101.661522
-101.605934
-101.506317
-101.456787
-101.395699
-101.391846
-101.461739
-101.532188
-101.542091
-101.554199
-101.436974
-101.407806
-101.433670
-101.384689
-101.293877
-101.102905
-100.852493
-100.644455
-100.614738
-100.468895
-100.245445
-100.001091
-99.697845
-99.419365
-99.336258
-99.040718
-98.853592
-98.657669
-98.422661
-98.169502
-97.850845
-97.518974
-97.171150
-96.966415
-96.768288
-96.252602
-95.765533
-95.436974
-95.023651
-94.697845
-94.347267
-93.988434
-93.522827
-93.239944
-92.953209
-92.678032
-92.458984
-92.217377
-91.774345
-91.451836
-91.225639
-90.965866
-90.717659
-90.294434
-89.991180
-89.757835
-89.243248
-88.944954
-88.603729
-88.042366
-87.503014
-87.069336
-86.603180
-86.167847
-85.771591
-85.223434
-84.848640
-84.378082
-83.849190
-83.349464
-82.769943
-82.294434
-81.748474
-81.319748
-80.911385
-80.473846
-80.150238
-79.707748
-79.261963
-78.855797
-78.444130
-78.083092
-77.679131
-77.279572
-76.780396
-76.332954
-75.832130
-75.502464
-75.197014
-74.855797
-74.377533
-73.872307
-73.456238
-73.137032
-72.609787
-72.053925
-71.505219
-71.045120
-70.418808
-69.955414
-69.601532
-69.298836
-68.987885
-68.587769
-67.964218
-67.423218
-67.025307
-66.654366
-66.225082
-65.817818
-65.342308
-64.837631
-64.295532
-63.821674
-63.425415
-63.006592
-62.558052
-62.165646
-61.641705
-61.140331
-60.671425
-60.227837
-59.896523
-59.383038
-59.032459
-58.793053
-58.445229
-58.194817
-57.855244
-57.276817
-56.723709
-56.251503
-55.927891
-55.594376
-55.169498
-54.753979
-54.290577
-53.760582
-53.229488
-52.785900
-52.307640
-51.834881
-51.290577
-50.766636
-50.287827
-49.819473
-49.422112
-49.094101
-48.729214
-48.408356
-47.900375
-47.363777
-46.836533
-46.432018
-45.906979
-45.517326
-45.217381
-44.822773
-44.457336
-44.219032
-44.020901
-43.813969
-43.563557
-43.443577
-43.111160
-42.659317
-42.241596
-41.729214
-41.318645
-40.766636
-40.271866
-39.881111
-39.425415
-39.080891
-38.631248
-38.076488
-37.608685
-37.315895
-36.935596
-36.613636
-36.364326
-35.969170
-35.318645
-33.852493
-32.672527
-32.389091
-32.097954
-31.533836
-30.921288
-30.561905
-30.194815
-29.804062
-29.479351
-29.359373
-29.195366
-28.914684
-28.812317
-28.620792
-28.311491
-27.959263
-27.718206
-27.461739
-27.055025
-26.549797
-26.030809
-25.507420
-25.060528
-24.723709
-24.347265
-24.001640
-23.740221
-23.384689
-22.999439
-22.558052
-22.122719
-21.689037
-21.220682
-20.943302
-20.727562
-20.356070
-19.901476
-19.457336
-19.028057
-18.637302
-18.295530
-17.892118
-17.484854
-17.290577
-16.897623
-16.602081
-16.117765
-15.704447
-15.417710
-15.183808
-14.883863
-14.506318
-13.990083
-13.644458
-13.449080
-13.061629
-12.668123
-12.367078
-11.948256
-11.508519
-10.980176
-10.700044
-10.465041
-10.210776
-9.835432
-9.370379
-8.972471
-8.622993
-8.440275
-8.287827
-7.955410
-7.713803
-7.560253
-7.208024
-6.799659
-6.458987
-5.959813
-5.660969
-5.413858
-5.262510
-5.054474
-4.806813
-4.540440
-4.327452
-4.125471
-3.933946
-3.775993
-3.438624
-3.049521
-2.660418
-2.395146
-2.232240
-1.975223
-1.696192
-1.484304
-1.347815
-1.118866
-0.765537
-0.448531
-0.232790
-0.277920
-0.243797
-0.140881
0.072658
0.347837
0.613660
0.959835
1.344535
1.615861
1.791425
2.047892
2.277942
2.472218
2.613660
2.626868
2.661541
2.829951
2.898745
3.027529
3.161816
3.331877
3.485977
3.677501
3.786472
3.837656
4.007165
4.179978
4.290050
4.236115
4.170072
4.177776
4.232262
4.425437
4.473319
4.364348
4.386362
4.474420
4.578987
4.688509
4.670897
4.490380
4.203093
3.966990
3.841508
3.703368
3.542113
3.489829
3.525603
3.541013
3.585041
3.720429
3.941123
4.083665
4.216301
4.236665
4.459009
4.602102
4.741343
4.880033
5.026428
5.140352
5.283996
5.561376
5.599350
5.818944
6.012669
6.123841
6.203643
6.380308
6.657689
6.759505
6.849763
6.947727
7.093572
7.222355
7.323071
7.422686
7.489830
7.511293
7.576786
7.563027
7.610908
7.756203
7.926263
8.041839
8.137050
8.238866
8.345635
8.660440
8.768311
8.818393
8.907551
8.935619
8.996709
8.958184
9.048443
9.234464
9.373704
9.496984
9.756753
9.928465
10.012670
10.193187
10.296654
10.396269
10.525052
10.724833
10.860220
10.950479
11.041839
11.233363
11.439197
11.615311
11.679703
11.571282
11.444700
11.391866
11.396269
11.242168
11.204194
11.248773
11.256477
11.198690
11.223456
11.166769
11.238316
11.323622
11.510743
11.565779
11.618063
11.621365
11.524502
11.504139
11.634574
11.751800
11.962036
12.009917
12.125492
12.178327
12.177776
12.165668
12.302157
12.492031
12.581739
12.658790
12.646682
12.531656
12.436444
12.432042
12.552020
12.656037
12.675300
12.710523
12.787023
12.737491
12.750149
12.736390
12.814541
12.735839
12.612009
12.409477
12.198140
12.117787
12.074309
12.023126
12.080363
12.076510
12.063302
12.149709
12.257579
12.351689
12.318668
12.191536
12.145306
12.142003
12.197590
12.291150
12.230611
12.232812
12.239967
12.187683
12.082564
12.025328
11.931216
11.992856
12.040737
11.984051
11.868476
11.815641
11.709972
11.674199
11.530556
11.481574
11.432042
11.370401
11.430942
11.354442
11.399020
11.381959
11.469466
11.577336
11.642829
11.838757
11.910853
12.017622
12.101828
12.104029
12.116137
12.169521
12.203644
12.210248
12.287848
12.370401
12.446351
12.504139
12.421585
12.394067
12.337380
12.128795
12.087518
12.048993
12.029180
12.062201
12.000562
12.004414
12.039637
11.982400
12.031382
12.036885
12.038536
12.035233
11.990105
11.946627
11.840958
11.836004
11.973043
12.067705
12.212999
12.247122
12.170622
12.221254
12.206395
12.124942
12.061101
12.014320
11.938371
11.874530
11.892141
11.818943
11.771062
11.790325
11.636225
11.586693
11.628520
11.692911
11.659340
11.440847
11.119438
10.741893
10.461761
10.088618
9.629070
9.423786
9.309862
9.136499
9.051744
8.986802
8.953781
8.913054
8.925162
9.034133
9.177776
9.236115
9.320869
9.342334
9.272988
9.128244
8.863523
