-0.005279
-0.081421
-0.205787
-0.172792
-0.100034
0.003181
0.070863
0.083553
0.200305
0.240914
0.113164
0.207919
0.190998
0.221455
0.226531
0.245144
0.251066
0.190998
0.096244
0.047174
-0.056887
-0.101726
0.006565
0.048866
0.181692
0.040406
-0.141489
-0.083959
-0.128799
-0.111032
-0.154179
-0.265008
-0.271777
-0.364839
-0.295465
-0.178714
-0.006125
0.101320
0.077631
0.182538
0.206227
0.114010
-0.128799
-0.103418
-0.026430
-0.173638
-0.155871
-0.046734
0.035330
-0.023892
-0.046734
-0.075499
-0.017124
0.032792
0.147005
0.138545
0.082707
0.048866
0.133469
0.069171
-1.341997
-15.557733
-101.153336
-331.800537
-617.339478
-877.798828
-1081.325073
-1220.243042
-1304.133057
-1352.374146
-1379.028076
-1389.520508
-1388.751465
-1380.785278
-1368.321655
-1353.662598
-1337.242188
-1319.542480
-1301.231201
-1282.407959
-1262.399536
-1241.204102
-1219.358032
-1196.414795
-1173.168579
-1149.828491
-1125.413940
-1100.351318
-1075.539062
-1051.010376
-1026.006958
-999.983276
-973.417297
-947.030640
-920.556030
-894.049255
-867.576355
-841.073792
-814.581421
-788.259949
-761.775146
-735.332703
-709.206604
-682.847046
-656.454529
-629.985840
-603.897827
-577.882629
-551.822510
-525.897827
-500.312378
-474.812378
-449.467194
-424.342834
-399.577179
-374.940125
-350.328461
-326.029816
-302.154175
-278.693085
-255.478210
-232.329300
-209.255707
-186.568726
-164.391068
-142.559418
-120.940132
-99.938446
-79.198174
-58.671101
-38.284466
-18.281082
1.601320
21.335669
40.734993
59.938038
79.028564
97.684227
115.957497
134.084396
151.956650
169.139389
186.020950
202.743454
218.883896
234.619934
249.938034
265.095398
280.447357
295.695221
310.348358
324.591156
338.645325
352.301819
365.594543
378.800140
391.592865
403.965118
415.972717
427.607239
439.026855
450.114014
460.699463
471.063263
481.192688
491.019257
500.676605
510.176605
519.513306
528.415222
536.899963
545.144470
553.134338
560.789978
568.268005
575.527710
582.207947
588.707947
594.829773
600.756958
606.505737
612.039551
617.172363
621.961731
626.401672
630.602173
634.514160
638.448181
641.939758
645.202820
648.255310
651.438049
654.387268
656.897400
659.330566
661.303528
662.782349
664.202820
665.491333
666.756958
667.552246
668.180847
668.887268
669.457520
669.657166
669.608948
669.404175
669.268005
669.151245
668.696045
667.740906
666.626709
665.370361
663.938904
662.128418
660.497253
658.899109
657.128418
655.280701
652.949890
650.653748
648.306885
645.782349
643.178284
640.317078
637.399963
634.500671
631.251038
628.066650
624.764587
621.547180
618.367798
614.949036
611.514160
607.847534
604.273071
600.261230
596.274780
592.370361
588.416016
584.493042
580.204529
575.635132
571.012512
566.505737
561.778992
556.684204
551.534485
546.608948
541.702820
536.506592
531.274780
526.046326
520.787415
515.345825
509.967651
504.700317
499.461731
494.176605
488.609772
483.236694
477.852600
472.651245
467.257843
461.832275
456.205383
450.597931
445.026031
439.372040
433.861053
428.153778
422.465118
416.927887
411.377960
405.868652
400.525177
395.295898
389.819580
384.040405
378.449036
373.037018
367.696075
362.417725
356.871216
351.377136
346.059021
340.758667
335.362732
329.916046
324.366974
318.606384
313.070862
307.253601
301.662231
296.296753
291.056488
285.844116
280.642761
275.465118
269.905029
264.223145
258.646149
253.376282
248.075943
242.557327
236.927887
231.648697
226.432968
221.047180
215.869507
210.822128
205.883896
200.811981
195.861053
191.013336
186.081009
180.984573
175.848358
170.729065
165.844131
160.817062
155.960876
151.151230
146.424500
141.635162
136.942261
132.423660
127.888969
123.306900
118.687614
114.058174
109.340744
104.739220
100.513336
96.067482
91.680000
87.459190
83.267990
78.987953
74.661385
70.414345
66.401657
62.546329
58.679153
54.739223
50.830593
46.569172
42.514179
38.405888
34.502335
30.771370
27.215532
23.585245
19.851744
16.064941
12.286599
8.683384
5.074247
1.652081
-1.736244
-4.948596
-8.357225
-11.649949
-14.580575
-17.791235
-20.959595
-24.067039
-27.373299
-30.601727
-33.918983
-37.023891
-39.969746
-42.766701
-45.623722
-48.680405
-51.549271
-54.566193
-57.487514
-60.320847
-63.212555
-65.961288
-68.796310
-71.672791
-74.203247
-76.679558
-79.325920
-82.138107
-84.658409
-87.123726
-89.408829
-91.706635
-94.040810
-96.405449
-98.806465
-100.996819
-103.006126
-105.066193
-107.288696
-109.598343
-111.745552
-113.819153
-115.775162
-117.645721
-119.509506
-121.363144
-123.208328
-125.118645
-127.311539
-129.282776
-130.892761
-132.562805
-134.185486
-135.880066
-137.573807
-139.210861
-140.679565
-142.056885
-143.445206
-144.905441
-146.370758
-147.858078
-148.996826
-150.161789
-151.697327
-153.187180
-154.524734
-155.743851
-156.944366
-158.118652
-159.362305
-160.724396
-162.100037
-163.386841
-164.400375
-165.398682
-166.424911
-167.581421
-168.383453
-169.210861
-170.005280
-170.902908
-171.935059
-172.719330
-173.511200
-174.366531
-175.179565
-175.825928
-176.419830
-177.071274
-177.673645
-178.513733
-179.226089
-179.812393
-180.461288
-181.116959
-181.731171
-182.157562
-182.687180
-183.204941
-183.533203
-183.715088
-183.918137
-184.091568
-184.534042
-185.006973
-185.374985
-185.827621
-186.523895
-187.129639
-187.510361
-187.855530
-188.157562
-188.308151
-188.230316
-188.177017
-188.330994
-188.458755
-188.594955
-188.693100
-188.957062
-189.116104
-188.807312
-188.552658
-188.495132
-188.395294
-188.098343
-188.140640
-188.235397
-188.111038
-187.946060
-187.690552
-187.632187
-187.538269
-187.459595
-187.271774
-186.965515
-186.825073
-186.628799
-186.324234
-185.876678
-185.671951
-185.314072
-184.967209
-184.795471
-184.767548
-184.416443
-183.939285
-183.706635
-183.414749
-182.940979
-182.463821
-182.067032
-181.670258
-181.181259
-180.970596
-180.503586
-179.929138
-179.271774
-178.535736
-177.977356
-177.649948
-177.468903
-176.929138
-176.396988
-176.026428
-175.404602
-174.778549
-174.295471
-173.945206
-173.584808
-172.957901
-172.364838
-171.891907
-171.454514
-170.890213
-170.248932
-169.634720
-168.957901
-168.344528
-167.671951
-166.929977
-166.415604
-165.913910
-165.296310
-164.567032
-163.962982
-163.411377
-162.603424
-161.756546
-161.012054
-160.259079
-159.552658
-158.905441
-158.083954
-157.435898
-156.693939
-155.776001
-154.945206
-154.269241
-153.619492
-152.900375
-152.191406
-151.488358
-150.751465
-150.018814
-149.224396
-148.353836
-147.478210
-146.783615
-146.133026
-145.350464
-144.261627
-143.380066
-142.674484
-141.943512
-141.117798
-140.352997
-139.647415
-138.864838
-138.235397
-137.509506
-136.709167
-136.076340
-135.287857
-134.339462
-133.284470
-132.393600
-131.670258
-130.889374
-129.937592
-129.183792
-128.594116
-127.878372
-127.033195
-126.121185
-125.188019
-124.296310
-123.628799
-123.029816
-122.110184
-120.962975
-120.242165
-119.674484
-119.103416
-118.123726
-117.232010
-116.501053
-115.646568
-114.623726
-113.748932
-113.004433
-112.226936
-111.366531
-110.451134
-109.511200
-108.792931
-107.955360
-106.899529
-106.090729
-105.312386
-104.470589
-103.468903
-102.582268
-101.972282
-101.380066
-100.539124
-99.660950
-99.039963
-98.403755
-97.562805
-96.746399
-95.843689
-95.125412
-94.261627
-93.309845
-92.387680
-91.649948
-90.855530
-90.010353
-89.142334
-88.559425
-87.953674
-87.053505
-86.173637
-85.307312
-84.641487
-83.988358
-83.169411
-82.364838
-81.690559
-81.210014
-80.566193
-79.759087
-78.957901
-78.220169
-77.384300
-76.694786
-76.085655
-75.303925
-74.502739
-73.635567
-72.882607
-72.244705
-71.401215
-70.737938
-69.949440
-69.194786
-68.320847
-67.779388
-67.140640
-66.215096
-65.367378
-64.587341
-64.160950
-63.527275
-62.858917
-62.145718
-61.352150
-60.695633
-60.004433
-59.212555
-58.524738
-57.917294
-57.281929
-56.591572
-55.857224
-55.285313
-54.680405
-53.907139
-53.248936
-52.612724
-52.053501
-51.385143
-50.765854
-50.123722
-49.393604
-48.813232
-48.112724
-47.501896
-46.904602
-46.237091
-45.475670
-44.956211
-44.696480
-44.221016
-43.377529
-42.789543
-42.269238
-41.696480
-41.289543
-40.835228
-40.371609
-39.705788
-39.068729
-38.440983
-37.838612
-37.348766
-36.808155
-36.292080
-35.801388
-35.352150
-34.820847
-34.309002
-33.489204
-32.681252
-32.174484
-31.737089
-31.172792
-30.616108
-30.221861
-29.759087
-29.254009
-28.601727
-28.072962
-27.870762
-27.686329
-27.118647
-26.494282
-26.010355
-25.715094
-25.455364
-25.015432
-24.594112
-24.177868
-23.605110
-23.075499
-22.610186
-22.162640
-21.753164
-21.303926
-20.840305
-20.329306
-19.924061
-19.524738
-18.907141
-18.456209
-18.197327
-18.129644
-18.208324
-18.222708
-17.946058
-17.528967
-17.248934
-16.830153
-16.537428
-16.188866
-15.473130
-14.705787
-14.028122
-13.487513
-13.290389
-12.959594
-12.385990
-11.988358
-11.618647
-11.265009
-10.852149
-10.457902
-9.894450
-9.314924
-8.690558
-8.418139
-7.874146
-7.471438
-7.086497
-6.666870
-6.050964
-5.587344
-5.127107
-4.869915
-4.472284
-4.205787
-4.056887
-3.686328
-3.161793
-2.701557
-2.248088
-1.838613
-1.340305
-0.902064
-0.740474
-0.581421
-0.396988
-0.144027
0.219763
0.740068
1.328900
1.609780
1.944805
2.219763
2.735837
3.100474
3.324670
3.599628
4.042098
4.398274
4.635161
4.952420
5.278985
5.731607
6.114856
6.383046
6.680846
6.883892
7.093706
7.448190
7.882200
8.401658
8.652927
9.021793
9.208765
9.414349
9.629238
10.009103
10.153773
10.338206
10.828900
11.119932
11.136853
11.286599
11.699458
12.050558
12.254450
12.555634
12.883892
13.198612
13.401658
13.617394
13.710457
13.940576
14.210457
14.312826
14.541252
14.765449
14.955804
14.979492
14.960033
15.031100
15.270525
15.676616
15.915195
15.946498
16.037868
16.190998
16.253605
16.151236
16.125854
16.377123
16.727377
16.992184
17.180845
17.466803
17.631777
17.731607
17.996412
18.019255
18.150389
18.504873
18.642775
18.821285
19.058172
19.262911
19.382200
19.606396
19.775600
20.061556
20.271370
20.329746
20.416887
20.648697
20.867817
21.191845
21.342436
21.487953
21.774755
21.999798
22.163925
22.303520
22.461725
22.518410
22.667309
22.752758
22.933807
23.042099
23.177462
23.374586
23.537022
23.837360
24.246836
24.363586
24.330593
24.327208
24.335669
24.297598
24.446497
24.697767
24.782370
24.925346
24.911810
25.055635
25.156311
25.373739
25.602165
25.703690
25.682539
25.633469
25.678308
25.632622
25.737530
25.967648
26.096243
26.311979
26.422810
26.546328
26.540405
26.564095
26.523485
26.469339
26.400812
26.393198
26.632622
26.676617
26.764603
26.697767
26.737530
26.889814
27.039560
27.191845
27.190153
27.326363
27.254450
27.169847
27.081861
27.011641
27.057327
27.181692
27.092859
27.268833
27.526024
27.827208
27.971033
27.940575
27.666464
27.635160
27.852589
27.961725
27.866972
27.758680
27.806057
27.986261
28.053942
28.003181
28.147005
28.167309
28.037868
27.972725
28.081861
28.081861
28.089476
28.021793
28.136852
28.222301
28.401659
28.411810
28.372047
28.289137
28.157158
28.097937
28.004026
27.856819
27.867817
27.935499
28.049713
28.070017
28.010796
27.991337
28.070017
28.163925
28.194382
28.159695
28.261219
28.266294
28.127546
27.965956
27.828054
28.103012
28.115702
28.161388
28.093706
28.026024
27.967648
27.718071
27.555635
27.593706
27.487953
27.405043
27.399120
27.570864
27.705381
27.745144
27.780676
27.768833
27.834822
27.864433
