0.110828
0.242463
0.323142
0.412314
0.306157
0.102335
0.206369
0.295541
0.344374
0.038641
0.051380
0.095966
0.242463
0.354989
0.166030
0.263694
0.244586
0.208493
0.308280
0.384713
0.282803
0.081104
-0.025053
-0.298938
-0.481529
-0.439066
-0.445435
-0.545223
-0.362633
-0.226752
-0.116348
-0.205520
-0.082378
-0.035669
0.015287
0.074735
-0.008068
-0.061146
-0.171550
-0.107856
0.021656
-0.048408
-0.205520
-0.039915
-0.122718
-0.237367
-0.165180
-0.107856
-0.243737
-0.394480
-0.324416
-0.160934
-0.150318
-0.216136
-0.158811
0.057749
0.151168
0.310403
0.240340
-0.305308
-4.857325
-28.105732
-117.538857
-288.084503
-479.037781
-668.740540
-838.608887
-971.464539
-1067.439087
-1132.638672
-1172.948608
-1192.294678
-1193.846680
-1180.330811
-1154.746948
-1120.411499
-1080.997437
-1039.203369
-997.192810
-955.109985
-913.891296
-874.173645
-835.596191
-799.192810
-764.887024
-731.783020
-700.585571
-671.008057
-642.190674
-615.020813
-587.600403
-560.893433
-535.033569
-509.959229
-484.572815
-460.273468
-436.507019
-412.797882
-389.453918
-366.239502
-343.458160
-320.681091
-298.292572
-276.451813
-255.156693
-234.228882
-213.273468
-192.706589
-172.447556
-152.536728
-133.203400
-114.498512
-95.744797
-77.332909
-59.012314
-41.082378
-23.528238
-6.511253
10.019533
26.197876
41.824203
57.049255
71.771126
86.478134
100.571548
114.745651
128.274307
141.023773
153.768997
166.267944
178.548203
190.272186
201.492996
212.308273
222.346497
231.722290
241.017410
249.393204
257.715912
266.110840
274.382599
282.293427
290.140564
297.720184
304.994049
311.722290
318.422943
325.030151
331.346497
337.586426
343.278564
349.106567
354.599152
360.070496
365.004669
369.284912
373.104462
376.866669
380.860291
384.503601
387.760498
390.735046
393.732910
396.524841
399.117188
401.180878
402.989807
404.860291
406.531219
408.098083
409.335876
410.560944
411.446289
412.490875
413.346497
414.095978
414.849670
415.410187
415.667084
415.998291
416.297668
416.677704
416.563049
416.518463
416.442047
415.794495
415.327393
414.418671
413.429291
412.338013
411.304047
410.087463
408.815704
407.497253
405.868805
404.055634
402.560944
401.127808
399.512115
397.524841
395.388947
393.246704
391.051392
388.754150
386.338013
383.836945
381.115082
378.694702
376.166016
373.639496
371.238220
368.796600
366.238220
363.601288
361.074738
358.365601
355.664978
352.887909
349.983429
346.957947
343.862427
340.781738
337.497253
333.940979
330.030151
326.444153
323.346497
320.068359
316.947357
313.773254
310.580048
307.119324
303.662842
300.329498
296.779633
292.943085
289.422943
285.866669
282.032257
278.028015
274.059875
270.418671
266.395325
262.482391
258.696808
254.866669
251.357117
247.798721
244.178772
240.813583
237.076859
233.261566
229.923996
226.739273
223.550323
220.129944
216.650101
213.002548
209.605515
206.255203
202.909134
199.788116
196.399582
193.121445
189.785980
186.645859
183.654358
180.295547
176.845428
173.573669
170.106583
166.611893
163.272186
160.195755
156.968582
153.981323
150.813583
147.768997
144.792358
141.609772
138.210617
134.815704
131.478134
128.306152
125.017410
121.707428
118.078979
114.709557
111.261574
108.119324
105.032272
101.923988
98.713799
95.707428
92.790230
89.955841
87.004669
84.117195
81.189384
78.015289
74.737152
71.490868
68.529083
65.533333
62.949471
60.388958
58.210617
55.718048
52.737156
50.021656
47.688324
45.229725
42.442039
39.977070
37.800850
35.624630
33.206371
30.796602
28.582165
26.212738
23.558811
21.055626
18.567303
16.115074
13.647983
11.442039
9.603397
7.573673
5.520595
3.442038
1.732909
-0.146072
-2.326539
-4.513376
-6.358387
-8.156688
-10.188535
-12.022930
-13.878556
-15.432696
-17.188536
-19.044161
-20.829723
-22.621656
-24.449682
-26.487898
-28.349894
-29.825478
-31.347771
-33.092995
-34.676857
-35.874310
-37.207642
-38.846710
-40.203396
-41.587685
-43.311676
-44.933758
-46.366879
-47.804245
-49.235245
-50.487900
-51.407219
-52.642887
-54.046284
-55.294693
-56.080254
-57.146072
-58.332909
-59.400848
-60.589809
-61.664120
-62.944374
-64.086624
-65.005943
-66.260719
-67.634392
-68.400848
-68.995331
-69.744797
-70.447556
-71.600426
-72.971977
-73.874313
-74.797874
-75.880676
-76.685349
-77.753288
-78.806366
-79.392357
-79.916771
-80.738426
-81.636520
-82.661995
-83.566452
-84.366882
-84.780891
-85.672615
-86.545219
-87.275581
-87.957115
-88.632271
-89.059021
-89.596176
-90.160934
-90.897667
-91.672615
-92.349892
-92.874313
-93.073883
-93.303185
-94.095116
-94.570702
-94.776642
-94.944374
-95.199150
-95.638641
-95.783012
-95.980469
-96.549469
-96.929512
-96.982590
-97.150322
-97.708702
-98.088745
-98.396606
-98.766029
-99.099365
-99.292572
-99.390236
-99.481529
-99.725693
-100.001701
-100.092995
-100.496391
-100.695969
-100.625900
-100.661995
-100.689598
-100.768150
-100.780891
-101.084503
-101.698090
-102.362633
-102.819107
-102.861572
-103.046288
-103.173676
-103.296814
-103.298935
-103.139702
-102.991081
-103.260719
-103.209770
-103.324417
-103.632271
-103.462418
-103.347771
-103.039917
-102.948624
-102.940125
-102.683228
-102.581314
-102.492142
-102.812737
-102.783012
-102.625900
-102.551590
-102.806366
-102.795753
-102.613167
-102.738426
-102.906158
-102.594055
-101.935883
-101.887047
-102.214012
-102.084503
-101.498512
-100.974098
-100.995331
-100.785141
-100.362633
-100.186409
-100.063271
-99.621658
-99.116348
-98.536728
-98.434822
-98.413589
-98.129089
-97.795753
-97.547348
-97.182167
-96.649254
-96.517624
-96.207642
-95.842461
-95.394478
-95.037788
-94.547348
-94.228874
-93.878555
-93.294693
-92.742676
-92.464546
-92.390236
-92.141823
-91.759659
-91.112099
-90.681107
-90.150322
-89.978340
-89.630150
-89.405098
-89.449684
-89.025055
-88.591934
-88.341400
-88.122719
-87.500633
-86.840340
-86.613167
-86.332909
-85.708702
-85.277710
-85.022926
-84.587685
-84.220383
-83.870064
-83.347771
-82.931633
-82.766029
-82.375374
-81.957115
-81.492142
-80.895538
-80.500633
-80.296814
-79.853081
-79.479408
-79.281952
-79.088745
-78.284073
-77.364754
-76.993202
-77.071762
-76.587685
-76.428452
-76.281952
-75.647133
-75.052650
-74.294693
-74.078133
-73.806366
-73.398727
-73.139702
-72.636520
-72.080254
-71.436943
-70.995331
-70.475159
-69.691719
-69.309555
-69.031425
-68.800003
-68.443314
-67.963486
-67.447556
-67.039917
-66.967728
-66.870064
-66.409340
-65.876434
-65.364754
-64.923141
-64.413589
-63.959236
-63.349895
-63.063271
-62.625904
-62.207642
-61.732059
-61.097240
-60.468788
-59.942249
-59.349895
-58.715073
-58.258598
-58.146072
-57.901913
-57.831848
-57.670486
-57.275585
-57.099361
-56.789383
-56.288322
-56.078133
-55.721443
-55.591930
-55.538853
-55.290447
-54.653503
-54.097240
-53.710827
-53.163055
-52.710827
-52.341400
-51.870064
-51.214012
-50.844585
-50.492146
-50.054775
-49.823353
-49.436943
-49.027176
-48.436943
-47.604671
-47.042038
-46.466667
-46.082378
-45.519745
-45.118473
-44.831848
-44.574947
-44.209766
-43.589809
-42.999577
-42.870064
-42.519745
-42.158810
-41.755413
-41.479404
-41.031422
-40.349895
-39.865818
-39.301060
-39.003822
-38.632271
-38.088749
-37.678982
-37.173672
-36.487900
-36.031422
-35.651379
-35.050529
-34.591930
-34.275585
-34.165180
-34.101486
-33.615288
-32.746922
-32.422081
-32.120594
-31.819109
-31.594055
-31.256475
-30.532484
-30.413588
-30.377495
-30.046284
-30.073885
-30.303185
-30.577070
-30.732059
-30.793631
-30.874310
-30.946497
-30.901911
-30.526115
-30.171551
-29.948620
-29.373249
-28.661995
-28.173674
-27.776646
-27.160934
-26.651381
-26.020807
-25.394480
-24.884926
-24.502760
-24.235245
-24.044161
-23.657749
-23.354139
-23.449682
-23.479406
-23.394480
-23.120594
-22.880680
-22.594055
-22.315924
-22.001699
-21.523991
-20.704458
-20.211889
-19.878557
-19.555840
-19.022930
-18.645010
-18.373249
-18.160934
-17.481529
-17.245859
-16.853079
-16.487898
-16.207644
-15.861571
-15.689596
-15.012314
-14.468790
-14.165180
-13.874310
-13.405095
-12.967729
-12.838217
-12.538854
-12.190659
-11.802123
-11.498514
-11.092994
-10.880679
-10.360510
-9.831847
-9.538854
-8.971974
-8.458174
-8.090871
-7.906157
-7.583439
-7.243737
-7.046285
-6.933758
-6.859448
-6.630148
-6.430573
-6.279830
-5.963482
-5.517622
-5.288323
-5.146072
-4.952866
-4.553716
-4.169427
-3.751168
-3.507006
-3.313800
-3.330786
-3.143949
-2.670488
-2.441189
-2.027176
-1.540977
-1.209767
-0.906157
-0.729936
-0.277707
0.061996
0.346497
0.357113
0.233970
0.410191
0.641614
1.051380
1.263694
1.425053
1.597028
1.769002
1.894268
2.015287
2.563057
2.985563
3.246709
3.291295
3.465393
3.645860
3.599151
3.548195
3.577919
3.870913
4.219108
4.588535
4.802972
4.909130
5.049257
5.081104
5.146922
5.299788
5.401699
5.705308
5.652229
5.873036
6.129936
6.091720
6.250956
6.571550
6.573673
6.785987
7.112951
7.620382
7.705308
7.747771
7.892144
7.858174
8.059873
8.350743
8.227601
8.335881
8.518472
8.650106
8.873036
9.151168
9.246709
9.365605
9.467516
9.495117
9.737155
10.030149
10.049257
10.327389
10.259448
10.295542
10.318896
10.259448
10.333758
10.350743
10.414437
10.442039
10.524840
10.221231
10.344374
10.484501
10.327389
10.159660
10.049257
10.006794
10.354989
10.543949
10.495117
10.769002
10.839066
11.214862
11.219109
11.340127
11.526964
11.563057
11.410192
11.214862
11.376221
11.690446
11.611890
11.645860
11.843312
11.947346
11.832696
11.514225
11.318896
10.974947
11.274310
11.132059
11.231847
11.248833
11.442039
11.431422
11.507855
11.703185
11.911253
12.070488
12.032271
12.129936
12.272187
12.108705
11.979193
12.068365
12.219109
12.185138
11.843312
11.505733
11.709554
11.554564
11.197877
11.202123
11.282803
11.365605
11.401698
11.526964
11.722293
11.558811
11.554564
11.597028
11.698938
11.792356
11.822081
12.102336
12.327389
12.233971
12.386836
12.399575
12.473886
12.414437
12.327389
12.586411
12.480255
12.684076
12.777494
12.758387
12.703185
12.739278
12.919745
13.233971
13.452654
13.393206
13.420807
13.108705
12.437792
11.505733
10.282803
9.008917
7.940977
7.132060
6.832696
6.524841
6.259448
6.066242
6.028026
6.204247
6.503609
6.966455
7.253078
7.671338
7.758387
7.875159
8.110828
8.465393
8.556688
8.684076
8.628875
8.819958
9.085350
9.444161
9.597028
9.785987
9.873036
9.985562
10.106582
10.157537
10.408068
10.558811
10.522717
10.594905
10.622505
10.552442
10.762632
11.045011
11.032271
11.299788
11.567304
11.645860
11.703185
11.658599
11.904883
11.983439
11.904883
12.115074
12.405945
12.822081
12.907006
12.798726
12.580043
12.633121
13.028026
13.231847
13.284925
13.546072
13.592781
13.422930
13.331635
13.439915
13.473886
13.488748
13.452654
13.673461
13.800849
13.811465
13.943100
14.206369
14.295542
14.068365
13.843312
13.932484
13.909129
13.907006
13.894267
14.155414
14.066242
13.987686
14.318896
14.509978
14.535457
14.274310
14.344374
14.348620
14.250956
14.308280
14.446284
14.338004
14.321019
14.546072
14.586411
14.550319
14.456901
14.467516
14.563057
14.758387
14.673461
14.516348
14.225478
14.136306
14.125690
14.146921
13.943100
14.183015
14.204247
