-0.158682
-0.107489
0.086760
0.148471
0.110603
0.113408
0.203170
0.216494
0.144264
0.093072
0.194053
0.172314
0.116914
-0.101879
-0.160084
-0.226704
-0.181823
-0.069621
0.053100
0.060813
0.088163
0.048892
0.095877
0.067826
-0.045778
-0.135540
-0.164292
-0.155175
-0.174109
0.015933
0.124628
-0.066816
-0.079439
-0.077335
0.090968
0.018738
-0.102581
-0.181823
-0.188135
-0.163590
-0.053492
-0.090659
-0.014923
-0.083647
-0.031052
0.135147
0.191248
0.116914
0.082553
0.024348
-0.003703
-0.036662
0.018036
0.029257
-0.022637
0.033464
0.015231
0.043983
0.067125
0.227013
-1.179018
-15.232314
-100.660088
-328.169891
-606.604675
-865.642578
-1078.939209
-1230.169922
-1320.422363
-1366.122192
-1386.966553
-1394.545044
-1393.284912
-1383.607544
-1368.606079
-1350.954590
-1331.432861
-1311.435669
-1291.080811
-1270.212036
-1248.843872
-1227.014282
-1204.263184
-1180.439209
-1156.442017
-1132.090698
-1106.981323
-1081.140503
-1054.845947
-1028.510010
-1002.493896
-976.143250
-949.723206
-923.497375
-897.019836
-870.084351
-843.089966
-816.018433
-789.061218
-762.270203
-735.143982
-707.981934
-681.107483
-654.258240
-627.251953
-600.594849
-574.075928
-547.660095
-521.378906
-495.420959
-469.763184
-444.438477
-419.284912
-394.571716
-369.892212
-345.230927
-320.750549
-296.672699
-272.679016
-249.195847
-226.093460
-203.008606
-180.306641
-157.997391
-135.878174
-113.864853
-92.167801
-70.736519
-49.518429
-28.799635
-8.447601
11.476662
30.990686
50.173717
69.271194
88.018036
106.183533
123.916351
141.488586
158.744537
175.402328
191.580444
207.424072
223.225616
238.673019
253.938095
269.115509
283.952118
298.839905
313.352539
327.327301
341.017334
354.358856
367.256470
379.867279
392.100098
404.062927
415.506805
426.798553
437.823792
448.609894
458.964752
469.062927
478.759979
487.975952
496.834320
505.489288
513.917053
522.209473
530.158997
537.886169
545.408630
552.785889
560.054504
566.822388
573.275391
579.264160
584.981567
590.501892
595.752258
600.650574
605.486450
610.075562
614.375000
618.475281
622.075562
625.569946
628.556580
631.400208
633.931091
636.207397
638.551025
640.729126
642.776123
644.331482
645.719299
646.784546
647.711609
648.462646
649.015259
649.503296
649.538391
649.525757
649.419128
649.159668
648.681458
647.970337
647.133057
646.142883
644.795715
643.470337
642.008240
640.267700
638.459106
636.426147
634.231934
632.097961
629.852539
627.410034
624.957031
622.621826
620.163879
617.524353
614.649170
611.824463
608.750183
605.637268
602.477356
599.217896
595.752930
592.222778
588.656189
584.888306
581.112000
577.242432
573.356018
569.319580
565.290100
561.233337
556.923340
552.522949
548.119019
543.543274
538.865173
534.210205
529.501892
524.843445
519.989258
514.975952
510.131653
505.219299
500.281006
495.271179
490.079041
485.055908
480.034882
474.804138
469.642853
464.487183
459.121124
453.760681
448.403015
443.092377
437.687042
432.288025
426.788025
421.126740
415.525055
409.809753
404.191254
398.655487
393.161804
387.571320
381.994904
376.476654
371.088867
365.678619
360.195465
354.670898
349.139343
343.620422
338.175110
332.664612
327.288025
322.053101
316.728424
311.163208
305.512421
299.924774
294.695465
289.512421
284.287323
278.985779
273.817474
268.561523
263.293640
258.032074
252.661789
247.365158
242.332901
237.419861
232.400925
227.255768
222.250153
217.374985
212.520844
207.680725
202.922668
197.994186
193.053802
188.239639
183.398117
178.435287
173.485077
168.727707
164.108505
159.381287
154.651978
149.908646
145.405136
140.907242
136.371475
131.896713
127.522942
123.153381
118.910744
114.453522
110.019440
105.817474
101.773994
97.485779
93.133743
89.008919
84.929680
80.858147
76.844124
73.058708
69.120422
65.107094
61.275398
57.544685
53.869370
50.134445
46.351135
42.590267
38.720001
34.907238
31.273996
27.654783
24.202469
20.870070
17.534166
14.239635
10.868668
7.392510
3.944404
0.806255
-2.303843
-5.566115
-8.702861
-11.660084
-14.639047
-17.676914
-20.681824
-23.572426
-26.530350
-29.618710
-32.514221
-35.360645
-38.047180
-40.935680
-43.789116
-46.521233
-49.150265
-51.736523
-54.119411
-56.693745
-59.074532
-61.667095
-64.339607
-66.866959
-69.349426
-71.907631
-74.141151
-76.443398
-78.583649
-80.707069
-82.784210
-85.206367
-87.556999
-89.707069
-91.699356
-93.899216
-96.077332
-98.005806
-99.934982
-101.746338
-103.703560
-105.664993
-107.486168
-109.280701
-111.075233
-112.792625
-114.533859
-116.249146
-117.826988
-119.492485
-121.125023
-122.787010
-124.323479
-125.733017
-127.125023
-128.731613
-129.955322
-131.078033
-132.338913
-133.857132
-135.224594
-136.649567
-138.121521
-139.402023
-140.540161
-141.844513
-143.272293
-144.425156
-145.538773
-146.825577
-148.170609
-149.299637
-150.305252
-151.387299
-152.407623
-153.402023
-154.282104
-155.100479
-155.955322
-157.067520
-158.210571
-159.151672
-159.975647
-160.663589
-161.354340
-162.206360
-162.779297
-163.376770
-164.055603
-164.758957
-165.420258
-166.081543
-166.646759
-167.470749
-168.064011
-168.453217
-168.688141
-169.264572
-169.894302
-170.340302
-170.688843
-171.226700
-171.775085
-172.164291
-172.230911
-172.537369
-173.049286
-173.318573
-173.221802
-173.585754
-174.237228
-174.480560
-174.584351
-174.700760
-174.869064
-174.991074
-175.209869
-175.510010
-175.662888
-175.704269
-175.501602
-175.366959
-175.480560
-175.584351
-175.451111
-175.453918
-175.756851
-175.813660
-175.676910
-175.401321
-175.198654
-175.061203
-174.917450
-174.730209
-174.484772
-174.453217
-174.101883
-173.810150
-173.650269
-173.512817
-173.322083
-172.986176
-172.608887
-172.486176
-172.280701
-172.044373
-171.599075
-171.234421
-170.939194
-170.615204
-170.480560
-170.224594
-169.897110
-169.453217
-168.966537
-168.520538
-168.310150
-167.939194
-167.470047
-167.089951
-166.816467
-166.409027
-165.835403
-165.458817
-165.084351
-164.513519
-163.956024
-163.549286
-163.132034
-162.591354
-162.008606
-161.610291
-161.319275
-160.848724
-160.322784
-159.665695
-158.969345
-158.315765
-157.714783
-157.375366
-156.873962
-156.174805
-155.472153
-155.078735
-154.524734
-153.910431
-153.249847
-152.650269
-151.937790
-151.423752
-150.771591
-150.031052
-149.406235
-148.902023
-148.246338
-147.500900
-146.613800
-145.822784
-145.148865
-144.603287
-144.051392
-143.380981
-142.690231
-142.079437
-141.453918
-140.732315
-139.915344
-139.174805
-138.528946
-137.845917
-137.254059
-136.895004
-136.404831
-135.988983
-135.564011
-135.038071
-134.319977
-133.493179
-132.748444
-132.005112
-131.247742
-130.436386
-129.793320
-129.209869
-128.573120
-128.093460
-127.510712
-126.826286
-126.155876
-125.324883
-124.408333
-123.679016
-123.000900
-122.371864
-121.619408
-120.895706
-120.153069
-119.261063
-118.352928
-117.664993
-117.021233
-116.202858
-115.329086
-114.305244
-113.518433
-112.937782
-112.207771
-111.495987
-110.611694
-109.714081
-108.984772
-108.270180
-107.566818
-106.726707
-105.956017
-105.230911
-104.510017
-103.916046
-103.256859
-102.376076
-101.560501
-100.744934
-99.899918
-98.932175
-98.242134
-97.622917
-96.819969
-95.920250
-94.973549
-94.127129
-93.428665
-92.571022
-91.799637
-91.038063
-90.148865
-89.350830
-88.730209
-87.964432
-87.010712
-86.256859
-85.873268
-85.172707
-84.409035
-83.729507
-83.139748
-82.655174
-82.101883
-81.359245
-80.598373
-79.786308
-79.033157
-78.387291
-77.764572
-77.195847
-76.460228
-75.645355
-75.160782
-74.665695
-73.930771
-73.172005
-72.546478
-71.815063
-71.191643
-70.434280
-69.663589
-68.893608
-68.169197
-67.319267
-66.586449
-66.123619
-65.496689
-64.733719
-63.921654
-63.256859
-62.576633
-61.949005
-61.254753
-60.650265
-60.019833
-59.310154
-58.554893
-58.068920
-57.325581
-56.845219
-56.754055
-56.679020
-56.301739
-55.798935
-55.235119
-54.805946
-54.479858
-54.045780
-53.764572
-53.565414
-53.290520
-52.731613
-51.923058
-51.111698
-50.660084
-50.004402
-49.324181
-48.684628
-48.170605
-47.606087
-47.013519
-46.525440
-46.190239
-45.552792
-44.894306
-44.275089
-43.699356
-43.134838
-42.505806
-41.913940
-41.320675
-40.587852
-39.947601
-39.376774
-38.797531
-38.238625
-37.429367
-36.721794
-36.323479
-35.760365
-35.119411
-34.477055
-33.975651
-33.294025
-32.601177
-31.925161
-31.451109
-30.975653
-30.220392
-29.392202
-28.897110
-28.384487
-27.822075
-27.265274
-26.620813
-26.167097
-25.769482
-25.355736
-24.791220
-24.096270
-23.427967
-22.744936
-22.209173
-21.666395
-21.197250
-20.724600
-20.289818
-19.802441
-19.155176
-18.556999
-18.050688
-17.674109
-17.206367
-16.584349
-16.186031
-15.852931
-15.499496
-15.128528
-14.694446
-14.261767
-13.736522
-13.272987
-12.968639
-12.860645
-12.624320
-12.129930
-11.678317
-11.389397
-11.104685
-10.587854
-10.125722
-9.542974
-9.114502
-8.680421
-8.278598
-7.868359
-7.648864
-7.162188
-6.627826
-6.338205
-6.174109
-5.674811
-4.954614
-4.547181
-4.221094
-3.833997
-3.247041
-2.777195
-2.364853
-2.065414
-1.720393
-1.344516
-1.017728
-0.521935
-0.168499
0.247349
0.879888
1.118317
1.398822
1.685638
2.133745
2.607798
3.069229
3.265582
3.482272
3.727013
4.022244
4.366564
4.582552
5.121122
5.599383
5.957026
6.161795
6.339215
6.605694
6.877784
7.099383
7.367265
7.661795
7.899523
8.206676
8.585358
9.092370
9.303451
9.492090
9.806956
10.090266
10.114109
10.368668
10.555904
10.906536
11.293633
11.495596
11.743142
12.094474
12.322384
12.461935
12.679327
12.940196
13.013127
13.271894
13.433184
13.726312
13.889706
14.113408
14.353941
14.508920
14.572034
14.806255
15.098681
15.324488
15.564320
15.736831
15.999804
16.140057
16.230518
16.351135
16.495596
16.567825
16.543282
16.616213
16.858850
17.113409
17.567825
17.929678
18.210182
18.211584
18.095175
18.201065
18.328695
18.412146
18.610603
18.803450
18.968948
18.967546
19.140757
19.392511
19.614811
19.750856
19.847630
20.038374
20.159691
20.258570
20.365862
20.387602
20.433184
20.457727
20.757868
20.889004
21.200365
21.418457
21.543983
21.649874
21.785919
21.762075
21.652679
21.547489
21.532063
21.572033
21.698961
21.860954
22.161095
22.307657
22.392511
22.275400
22.292231
22.366564
22.520842
22.569229
22.688444
22.727715
22.790127
22.905132
22.968948
23.108500
23.229116
23.158289
23.008921
22.697559
22.229818
21.749453
21.294334
20.817476
20.592371
20.433886
20.532763
20.583956
20.560814
20.558710
20.426872
20.479467
20.608500
20.694054
20.846228
20.866564
20.947910
21.034866
21.057306
21.065722
21.091669
21.125330
21.268387
21.398823
21.520140
21.661795
21.649874
21.559410
21.438793
21.349733
21.348331
21.389004
21.257168
21.174417
21.269789
21.405132
21.353239
21.482973
21.752258
21.994194
22.031361
21.950716
21.966845
21.985779
22.067825
22.269789
22.450716
22.499102
22.507517
22.592371
22.673717
22.704573
22.810463
22.871473
22.963339
23.238234
23.476662
23.414249
23.344824
23.282412
23.132341
23.055202
23.161795
23.171614
23.353941
23.360954
23.381290
23.388304
23.496298
23.462637
23.498402
23.726311
23.782412
23.924768
23.895315
23.960533
23.901627
23.902328
24.052399
23.987883
23.886900
23.893211
23.750856
23.809761
24.013828
24.023647
24.143562
24.354643
24.496298
24.595877
24.520842
24.677925
24.626732
24.483675
24.389706
24.398121
24.444405
24.405834
24.382692
24.410042
24.439495
24.415651
24.417755
24.407236
