0.116256
0.027795
-0.028615
-0.142718
0.159846
0.347026
0.389333
0.440615
0.275231
0.209846
0.177795
0.013692
0.127795
0.118821
0.240615
0.285487
0.054718
0.040615
0.113692
0.167538
0.135487
0.049590
0.006000
-0.183744
-0.351692
-0.187590
-0.283744
-0.232462
-0.276051
-0.114513
0.077795
-0.020923
0.068821
-0.000410
-0.154256
-0.126051
0.035487
0.039333
0.020103
0.038051
0.027795
-0.138872
-0.227333
-0.164513
-0.169641
-0.136308
-0.273487
-0.250410
-0.195282
-0.146564
-0.051692
0.052154
0.185487
0.173949
-0.009385
-0.096564
-0.026051
0.035487
0.030359
-0.346564
-5.427333
-29.563231
-115.474770
-276.046570
-445.465790
-604.332458
-741.402954
-847.945312
-923.763245
-973.876038
-1002.042725
-1013.150391
-1010.565796
-997.868347
-976.119629
-948.883728
-918.593994
-886.874756
-855.209412
-823.046570
-791.465820
-760.252991
-729.960693
-701.051697
-672.776062
-644.838867
-617.867065
-591.722229
-565.693970
-540.226074
-515.723511
-491.614502
-468.464508
-445.622192
-423.219635
-401.673492
-380.527344
-359.458099
-339.131165
-319.009399
-299.276062
-280.011963
-261.015808
-242.031174
-223.305542
-204.835022
-186.569641
-168.508102
-150.427338
-132.611954
-115.470924
-98.677330
-82.209381
-66.297844
-50.586308
-35.460667
-20.751692
-6.223487
7.852154
21.681641
34.927795
47.616257
60.523949
73.421387
85.726509
97.639336
109.458565
120.622665
131.311127
141.662415
151.925232
162.056000
171.634201
180.963699
190.034210
199.106003
207.972672
216.723953
224.977798
233.021378
240.771378
248.089340
254.952148
261.623962
268.203430
274.499603
280.407288
285.964966
291.632935
297.134216
302.675232
307.831635
312.782928
317.039337
321.264984
325.500885
329.245758
332.464966
335.627808
338.570099
341.377808
343.881653
346.393188
348.995758
351.067535
353.030365
354.634216
356.209839
357.685486
359.153442
360.557281
361.897034
363.105988
364.038055
364.986755
365.955994
366.789337
367.527802
367.891907
368.226501
368.204712
367.870117
367.806000
367.593170
367.113678
366.704712
366.003448
365.186768
364.154724
363.285492
362.561127
361.716248
360.732910
359.522675
358.188049
357.058563
355.743195
354.257294
352.418823
350.502167
348.577789
346.532928
344.538055
342.803436
341.094452
338.836761
336.553436
334.245758
331.935486
329.557281
327.504730
325.249603
322.690613
320.067535
317.285492
314.509857
311.729065
308.986755
306.291901
303.795746
301.412415
298.979065
296.097015
293.027802
290.385498
287.714966
284.793182
281.889343
278.727783
275.540619
272.532928
269.609833
266.830353
263.971375
260.852142
257.677795
254.476517
251.613693
248.914978
246.085480
243.211121
239.752151
236.203430
233.062408
230.031647
226.945740
223.753433
220.711121
217.639328
214.702148
211.667542
208.575226
205.197021
201.879074
198.718826
195.794464
192.714981
189.597031
186.389328
183.179077
180.125229
177.252151
174.091904
170.779083
167.680359
164.693176
161.672668
158.509842
155.304718
152.112411
149.179077
146.403442
143.740616
140.735489
137.744461
134.732925
131.911133
128.762405
125.563690
122.599586
119.902153
117.153435
114.699593
112.432922
110.004715
107.385490
104.697029
101.923950
99.416260
97.135490
94.826515
92.021385
89.459846
86.918823
84.295746
81.836769
79.317535
76.829079
74.479080
72.111130
69.526512
66.943176
64.435486
62.423950
59.904716
57.507282
55.350872
53.116257
50.504719
47.949589
45.998306
43.745743
40.981640
38.618820
36.602154
34.557281
32.220104
30.104717
28.172667
26.277796
23.889334
21.677795
20.079077
18.347025
15.930359
13.618820
11.835487
10.089334
8.021384
6.126513
4.452154
2.963692
1.204718
-0.431179
-2.313231
-4.190154
-5.864513
-7.428616
-9.082461
-10.733744
-12.402974
-14.152974
-15.663231
-17.331179
-18.749128
-20.272205
-21.786308
-23.351692
-24.892717
-26.702974
-28.314512
-29.860666
-31.229897
-32.641438
-34.036308
-35.654255
-37.265797
-39.309383
-41.182461
-42.978615
-44.558102
-46.001694
-47.497845
-48.911949
-50.076050
-51.074768
-52.041435
-53.229897
-54.349129
-55.341434
-56.272205
-56.774769
-57.345284
-58.359386
-59.504257
-60.474770
-61.473488
-62.419640
-63.359386
-64.268356
-65.387589
-66.383743
-67.079895
-67.756821
-68.736305
-69.713234
-70.360664
-70.878616
-71.565796
-72.331177
-72.750412
-73.419640
-74.222206
-75.043999
-75.628616
-76.087593
-76.604256
-76.969643
-77.263229
-77.764511
-78.240150
-78.613228
-79.050407
-79.437592
-79.878616
-80.364510
-81.182465
-81.892715
-82.411949
-82.659386
-82.886307
-83.279900
-83.658104
-83.911949
-84.552971
-85.355537
-85.767075
-86.245285
-86.527336
-86.865791
-87.290154
-87.658104
-88.002975
-88.094002
-88.097847
-88.351692
-88.481178
-88.842720
-88.900414
-89.008102
-89.208099
-89.586311
-89.779900
-90.038872
-90.286308
-90.411949
-90.465797
-90.635025
-90.826050
-90.994003
-90.983742
-90.936310
-90.891434
-90.832458
-90.996567
-91.002975
-90.999130
-91.219643
-91.263229
-91.231178
-91.111946
-91.077332
-90.855537
-90.624771
-90.549126
-90.485023
-90.500412
-90.440155
-90.428612
-90.313232
-90.181183
-89.935028
-89.846565
-89.755539
-89.663231
-89.306824
-89.367081
-89.433746
-89.164513
-88.960670
-88.983742
-88.835022
-88.679901
-88.449127
-88.347847
-88.415794
-88.292717
-88.050407
-87.827332
-87.497849
-87.524773
-87.231178
-87.100410
-86.626053
-86.429901
-86.069641
-85.941437
-85.901695
-85.782463
-85.406822
-85.277336
-85.067078
-84.800407
-84.531181
-84.151695
-83.923485
-83.779900
-83.559387
-83.340157
-82.961952
-82.609383
-82.244003
-81.969643
-81.729897
-81.223488
-80.850410
-80.496567
-80.009384
-79.600410
-79.315796
-79.109383
-78.890152
-78.605537
-78.406822
-78.110664
-77.864510
-77.556824
-77.146561
-76.565796
-76.154259
-75.746567
-75.597847
-75.386307
-75.120926
-74.952972
-74.478615
-73.977333
-73.355537
-72.891434
-72.578613
-72.368362
-72.140152
-72.047844
-71.760666
-71.486305
-71.054253
-70.888870
-70.545280
-70.186310
-70.081177
-69.942719
-69.517075
-69.258102
-68.858101
-68.514511
-68.072205
-67.900414
-67.690155
-67.215797
-66.528618
-65.888870
-65.582458
-65.554253
-65.337593
-64.723488
-64.340157
-63.910667
-63.614513
-63.217075
-62.949127
-62.445282
-62.069641
-61.804256
-61.517078
-60.990154
-60.497845
-60.188873
-60.129898
-59.747845
-59.290154
-58.900410
-58.422207
-58.150410
-57.618359
-57.292717
-56.854256
-56.481178
-56.319641
-56.042717
-55.554256
-55.122204
-54.678616
-54.213230
-54.049129
-54.067078
-54.001694
-53.586308
-53.031181
-52.696564
-52.560665
-52.305538
-51.863232
-51.511948
-51.028614
-50.645283
-50.135025
-49.835026
-49.483742
-48.926052
-48.617077
-48.124771
-47.667076
-47.237591
-47.114513
-46.651691
-46.196564
-45.672207
-45.110668
-44.722206
-44.427334
-43.999126
-43.508102
-43.168358
-42.972206
-42.776051
-42.364513
-41.881180
-41.449127
-41.063232
-40.797848
-40.663231
-40.269642
-39.865795
-39.622204
-39.333744
-38.763229
-38.536308
-38.251694
-37.872204
-37.400410
-36.931179
-36.735027
-36.646564
-36.360668
-36.029896
-35.577332
-35.168358
-34.849129
-34.422207
-34.337589
-34.046566
-33.758102
-33.358101
-33.124771
-32.776051
-32.258102
-31.756821
-31.549128
-31.402975
-31.126051
-30.935026
-30.632462
-30.232462
-29.914513
-29.729897
-29.442719
-29.096563
-28.647846
-28.323486
-27.785027
-27.435026
-27.251692
-26.895283
-26.479897
-26.015795
-25.536308
-25.318359
-25.023487
-24.645283
-24.151691
-23.814512
-23.619640
-23.542719
-23.294001
-22.813231
-22.294001
-22.044001
-21.555538
-21.229897
-21.078615
-20.750410
-20.538872
-20.233744
-19.964512
-19.928616
-19.731180
-19.340155
-19.355539
-19.142717
-18.591436
-18.151691
-17.842718
-17.572205
-17.354256
-17.044001
-16.722204
-16.381180
-16.186308
-16.120924
-15.852974
-15.473487
-15.255538
-15.173487
-14.646564
-14.305538
-14.149128
-14.169641
-13.972205
-13.718359
-13.273487
-13.073487
-12.792718
-12.578615
-12.286307
-12.042718
-11.801692
-11.474770
-11.327333
-11.082461
-10.749128
-10.646564
-10.606820
-10.558103
-10.252975
-9.886308
-9.591435
-9.310667
-9.092718
-8.979897
-8.744000
-8.411949
-8.222205
-8.260667
-8.026052
-7.763231
-7.514513
-7.292718
-7.131179
-6.837590
-6.559385
-6.214513
-5.960667
-5.887590
-5.651692
-5.468359
-5.155539
-4.859385
-4.522205
-4.260667
-4.123487
-4.132462
-3.778615
-3.618359
-3.546564
-3.447846
-3.250410
-3.032462
-2.915795
-2.899128
-2.615795
-2.318359
-1.981179
-1.802974
-1.624769
-1.585026
-1.258103
-0.859385
-0.732462
-0.806821
-0.811949
-0.827333
-0.502974
-0.241436
-0.255538
-0.120923
-0.031179
0.061128
-0.165795
-0.413231
-0.187590
0.120103
0.212410
0.163692
0.167538
0.356000
0.639333
0.808564
0.904718
1.039333
1.080359
1.107282
1.370103
1.498308
1.541897
1.608564
1.821385
2.077795
2.477795
2.777795
2.697026
2.590615
2.806000
2.879077
3.161128
3.382923
3.767539
4.054718
4.036769
4.027795
4.089334
4.244462
4.320103
4.552154
4.868821
5.116256
5.263692
5.107282
5.249590
5.516256
5.712410
6.025231
6.254718
6.162410
6.118821
6.384205
6.397026
6.281641
6.352154
6.394462
6.493179
6.704718
6.862410
6.776513
6.756000
6.923949
7.099590
7.345744
7.391897
7.539333
7.743179
7.975231
8.132923
8.059846
8.121385
8.372666
8.576513
8.498307
8.654718
8.590615
8.390615
8.206000
8.156000
8.207282
7.997025
7.876513
7.848308
7.993179
7.957282
7.970103
8.125231
8.102154
8.095743
8.248307
8.349589
8.516256
8.511128
8.641897
9.044461
9.388051
9.584205
9.940616
10.057282
9.972667
9.940616
10.006000
10.114974
10.197025
10.094461
10.032923
10.047026
9.936769
9.893180
9.949590
9.976513
10.232924
10.306000
10.520103
10.749590
10.806000
10.867538
10.820103
10.894462
10.827795
10.907282
10.735487
10.967539
11.173948
11.212410
11.330359
11.468821
11.539333
11.543180
11.304718
11.281641
11.193179
11.157282
11.079077
11.108564
11.252153
11.261128
11.391897
11.357282
11.335487
11.504718
11.580359
11.858564
12.068821
12.003436
12.011128
11.761128
11.616257
11.841897
11.888051
11.841897
11.821384
11.785487
11.941897
11.889334
11.812410
11.844461
11.863692
12.039333
12.216256
12.166256
12.104718
12.094461
11.970102
12.081641
12.197025
12.212410
12.458564
12.638051
12.556000
12.420102
12.327795
12.104718
12.118820
12.040615
11.911128
11.897026
11.991898
11.827795
11.780359
11.798307
11.918820
11.967539
11.934205
12.011128
11.957282
11.902154
12.013692
12.094461
12.000872
12.038052
12.013692
11.779077
11.971385
11.975231
12.125231
12.203436
12.298307
12.248307
12.044461
11.957282
11.809846
11.661128
11.504718
11.667539
11.766256
11.817538
11.789333
11.984205
12.145743
12.327795
12.295744
12.276513
12.354718
12.318821
12.394462
12.532923
12.509846
12.485487
12.608564
12.440616
12.408565
12.111128
12.073949
12.209846
12.382923
12.421385
11.880359
11.330359
10.875231
10.516256
10.317538
10.066257
9.953436
9.749590
9.479077
9.413692
9.562410
9.722667
9.717539
9.897026
10.193179
10.443179
10.291898
10.207282
10.114974
10.209846
10.429077
10.504718
10.681641
10.713693
