-0.133597
-0.000594
0.036548
0.058125
-0.033491
-0.009438
0.006480
0.156816
0.126749
0.064139
-0.022526
-0.081953
-0.119448
-0.096102
-0.045872
0.037609
-0.012621
-0.094687
-0.044103
0.005773
-0.026063
-0.011914
0.058479
0.150096
0.008956
-0.028539
-0.039505
0.041146
0.103403
0.003651
0.048221
0.110478
0.070860
-0.020403
-0.079123
-0.081245
-0.026063
0.003297
-0.020050
0.035486
0.010725
0.043976
-0.002717
0.065554
-0.026770
-0.103884
-0.060375
0.029119
0.003651
-0.058253
-0.118741
-0.103884
-0.107775
-0.093979
0.081825
0.163537
0.107294
0.086070
-0.062851
-1.181705
-8.048348
-32.597694
-104.343361
-236.595566
-372.555237
-501.532257
-615.123352
-703.329895
-766.112000
-808.405273
-832.241150
-840.067078
-836.199768
-823.701721
-802.293823
-775.526611
-746.708740
-716.924866
-687.034912
-657.455139
-628.693542
-600.895874
-574.532593
-550.044434
-526.364929
-503.511749
-481.960632
-461.356110
-441.093262
-421.653931
-403.067810
-384.783051
-366.676208
-348.636261
-330.766418
-313.261658
-296.021118
-279.056824
-262.390045
-245.823730
-229.517044
-213.630585
-197.884216
-182.479553
-167.481323
-152.652176
-138.218491
-124.031013
-110.097519
-96.399956
-82.945412
-69.716194
-56.788002
-44.207527
-32.010143
-20.189487
-8.409509
3.156816
14.560071
25.578819
36.249847
46.761345
57.180870
67.154343
76.765945
86.175919
95.293007
103.942101
112.387093
120.725616
128.804138
136.645676
144.398773
151.973938
159.442627
166.649216
173.719604
180.615250
187.180511
193.514084
199.652039
205.560776
211.072983
216.306091
221.414337
226.480484
231.202805
235.558655
239.939621
244.221542
248.139481
251.807678
255.496399
258.977478
262.362335
265.544495
268.646729
271.753906
274.680328
277.386047
279.996918
282.384277
284.606049
286.605713
288.487213
290.013916
291.365509
292.667969
293.681396
294.537445
295.436279
296.429535
297.283813
297.975708
298.658752
299.323425
299.829620
300.213776
300.487549
300.531769
300.395935
300.239227
300.155762
299.768066
299.166382
298.461365
297.844116
297.242065
296.528229
295.762390
294.716766
293.654877
292.453247
291.149750
289.711121
288.361969
287.152557
285.786804
284.450409
282.943176
281.477295
280.023468
278.473419
276.815826
275.105530
273.223663
271.289124
269.316010
267.332275
265.273895
263.208801
261.140198
259.086060
257.017456
254.844116
252.655228
250.496399
248.316696
246.085724
243.900360
241.810867
239.689529
237.539902
235.206345
232.799194
230.452896
228.143372
225.896820
223.543793
221.122147
218.627640
216.152222
213.833145
211.375076
208.848007
206.380722
204.022400
201.595795
199.015320
196.392395
193.820770
191.259399
188.597916
185.937500
183.278152
180.659119
177.747910
174.971100
172.290878
169.676804
167.105179
164.566086
161.967209
159.301132
156.650620
153.871002
151.028412
148.423523
145.875244
143.383911
140.793884
138.215530
135.683517
133.363403
130.994095
128.526108
126.158936
123.828552
121.454308
118.949883
116.410088
113.810516
111.346062
108.960495
106.594383
104.352432
102.057770
99.706161
97.370468
94.988792
92.602875
90.338280
88.125336
85.831383
83.606056
81.448647
79.371178
77.284157
75.161415
73.117195
71.024872
68.870644
66.637894
64.481186
62.313168
60.149742
58.036900
56.008247
53.887981
51.747196
49.702625
47.723495
45.658760
43.566086
41.656639
39.812634
37.938564
36.032303
34.192543
32.354908
30.511610
28.779030
27.067322
25.362335
23.641430
21.907789
20.158232
18.507719
16.908142
15.374715
13.703686
11.995161
10.304676
8.618437
6.829261
5.012494
3.297248
1.594383
-0.032784
-1.638019
-3.239010
-4.748384
-6.242547
-7.781281
-9.249268
-10.610782
-11.972296
-13.333102
-14.633421
-15.964160
-17.234764
-18.531546
-19.827265
-21.137135
-22.368475
-23.515982
-24.649338
-25.756872
-26.826559
-27.833633
-28.889875
-29.918175
-30.911808
-31.919943
-33.044102
-34.174629
-35.219555
-36.272259
-37.310463
-38.277565
-39.160126
-40.064266
-40.948948
-41.792248
-42.715485
-43.622456
-44.447357
-45.351849
-46.147747
-46.878910
-47.659950
-48.440636
-49.206467
-49.928787
-50.765007
-51.593449
-52.397480
-53.069927
-53.726097
-54.377319
-55.109898
-55.871128
-56.581421
-57.249622
-57.807457
-58.340176
-59.010853
-59.566566
-60.055424
-60.641556
-61.320370
-61.803566
-62.212479
-62.735649
-63.319305
-63.755814
-64.094688
-64.549942
-65.068512
-65.543221
-65.998474
-66.563736
-67.166138
-67.605827
-68.057190
-68.471054
-68.903320
-69.354683
-69.762886
-70.174629
-70.549232
-70.904732
-71.349373
-71.701340
-71.943291
-72.253510
-72.655708
-72.978661
-73.291359
-73.617500
-73.821251
-73.896950
-74.009438
-74.200455
-74.254570
-74.307632
-74.407387
-74.511383
-74.615379
-74.720436
-74.808517
-74.896240
-75.032074
-75.174629
-75.247498
-75.365646
-75.461151
-75.387932
-75.289238
-75.346901
-75.517044
-75.686836
-75.890938
-76.073814
-76.273323
-76.481667
-76.637314
-76.722916
-76.748383
-76.713013
-76.687897
-76.747322
-76.803215
-76.719376
-76.638374
-76.509262
-76.335579
-76.055420
-75.766068
-75.587433
-75.439575
-75.409859
-75.421532
-75.429672
-75.392532
-75.318954
-75.293488
-75.268372
-75.070633
-74.947891
-74.872543
-74.564087
-74.266953
-74.002716
-73.835754
-73.862991
-73.952843
-73.961685
-73.845657
-73.600876
-73.395004
-73.244316
-72.946472
-72.728928
-72.530487
-72.304092
-72.040916
-71.778450
-71.544632
-71.344772
-71.109894
-70.858391
-70.684357
-70.596634
-70.700279
-70.756516
-70.609367
-70.442757
-70.061081
-69.899780
-69.680115
-69.444527
-69.146332
-68.788353
-68.426132
-68.068153
-67.777740
-67.510674
-67.299850
-67.070282
-66.824432
-66.682236
-66.534378
-66.192673
-65.817719
-65.425423
-65.064262
-64.760414
-64.356804
-63.919590
-63.546047
-63.202930
-62.891293
-62.393589
-62.020756
-61.759350
-61.572224
-61.274738
-60.888817
-60.526241
-60.087967
-59.725746
-59.372719
-59.026772
-58.604061
-58.237595
-58.041275
-57.807102
-57.472828
-57.158005
-56.870068
-56.530838
-56.130413
-55.725037
-55.380501
-54.981491
-54.667732
-54.360695
-53.868652
-53.437454
-53.267662
-53.206112
-53.281105
-53.619625
-53.958500
-54.137844
-54.332748
-54.397835
-54.329563
-54.135365
-53.965576
-53.712658
-53.427902
-53.095394
-52.739895
-52.424717
-52.121925
-51.720791
-51.268723
-50.835049
-50.359280
-49.726452
-49.213539
-48.749443
-48.301266
-47.903671
-47.537560
-47.003426
-46.385807
-45.878910
-45.525887
-45.148102
-44.760056
-44.341591
-43.917114
-43.370953
-42.926311
-42.506432
-42.043041
-41.563026
-41.029602
-40.760410
-40.537560
-40.305866
-39.849552
-39.416229
-39.135719
-38.777390
-38.532959
-38.124401
-37.658890
-37.243961
-36.877850
-36.518105
-36.106361
-35.640850
-35.272259
-34.827267
-34.512798
-34.255280
-33.941166
-33.450893
-33.010498
-32.682941
-32.370953
-31.985029
-31.555246
-31.207882
-30.819130
-30.547110
-30.304804
-29.941875
-29.710888
-29.460800
-29.190548
-28.924541
-28.590265
-28.342653
-28.158360
-27.882801
-27.556307
-27.329210
-26.994934
-26.581776
-26.196207
-25.821606
-25.320368
-24.847075
-24.506432
-24.246084
-23.877142
-23.587435
-23.385101
-23.168262
-22.853441
-22.638727
-22.393591
-22.125814
-21.937984
-21.578238
-21.247852
-20.821960
-20.538975
-20.262356
-19.997410
-19.560553
-19.187012
-18.976540
-18.634481
-18.385101
-18.212126
-18.059668
-17.794722
-17.570456
-17.404556
-17.185949
-17.028185
-16.749445
-16.526239
-16.349020
-16.175692
-16.055069
-15.722915
-15.482377
-15.161542
-14.791892
-14.498295
-14.278627
-14.067803
-13.887047
-13.670563
-13.514566
-13.362108
-13.225214
-12.985738
-12.786941
-12.673392
-12.438515
-12.237948
-11.954255
-11.710180
-11.354680
-11.078769
-10.808871
-10.566566
-10.286763
-10.090442
-9.908624
-9.679052
-9.492282
-9.320722
-9.052947
-8.849197
-8.801797
-8.963099
-9.111312
-9.079123
-9.093272
-9.194086
-9.307633
-9.437807
-9.405618
-9.265185
-9.027124
-8.817361
-8.681528
-8.476717
-8.312940
-8.005547
-7.721500
-7.579653
-7.509614
-7.331334
-7.149515
-7.011914
-6.852027
-6.669855
-6.459384
-6.214956
-6.006961
-5.917114
-5.704167
-5.430025
-5.156236
-4.950011
-4.772437
-4.582483
-4.360693
-4.194086
-3.937984
-3.700276
-3.552416
-3.364231
-3.276859
-3.120156
-2.930555
-2.776682
-2.499356
-2.426134
-2.276505
-2.014744
-1.767839
-1.500417
-1.196562
-0.943290
-0.769961
-0.527655
-0.349728
-0.189487
-0.110251
-0.148100
-0.056484
-0.025356
0.005773
0.165660
0.320594
0.492154
0.629048
0.862158
1.058125
1.165306
1.402306
1.633647
1.815111
1.889041
2.006480
2.156109
2.228978
2.314934
2.367640
2.442986
2.359151
2.303615
2.326254
2.453951
2.584832
2.600750
2.543799
2.624804
2.641783
2.677863
2.778323
2.936441
3.094560
3.177333
3.250202
3.357736
3.509133
3.497460
3.556180
3.658408
3.850838
3.954128
4.045037
4.145143
4.271072
4.407966
4.516562
4.720311
4.777616
4.829615
4.872416
4.996222
5.190421
5.346416
5.563962
5.738352
5.819003
5.874538
5.956604
5.996222
6.022045
6.046806
6.057772
6.137007
6.266473
6.490032
6.617729
6.757807
6.803438
6.908497
6.916633
6.923000
6.960142
7.030534
7.009664
6.966509
6.878783
6.779031
6.712529
6.618790
6.536017
6.468808
6.451121
6.410089
6.409381
6.488263
6.682816
6.856498
6.960849
7.010371
7.093145
7.084655
7.231454
7.283453
7.105879
6.596859
5.794949
5.013555
4.621974
4.635062
4.610301
4.684231
4.775140
4.776555
4.856852
4.925476
4.925476
5.001528
5.162476
5.161768
5.104110
5.013555
4.988794
4.954835
4.945992
4.970400
5.146558
5.261875
5.338634
5.461380
5.478359
5.412918
5.386388
5.433081
5.464917
5.668313
5.744365
5.786459
5.949530
5.967216
6.071567
6.189713
6.331206
6.550520
6.630817
6.559010
6.631171
6.669374
6.659470
6.770541
6.920170
7.063077
7.086424
7.201386
7.317764
7.303969
7.387450
7.422469
7.086424
6.686353
6.172380
5.649565
5.246311
5.069798
5.226501
5.338281
5.332975
5.420347
5.625511
5.722080
5.761344
5.825016
5.799901
5.781507
5.841995
5.819003
5.944223
6.102695
6.279562
6.442632
6.570329
6.699087
6.879491
6.942101
6.917340
7.036548
7.272840
7.419285
7.640014
7.759575
7.822540
7.947407
8.130994
8.254800
8.229331
8.260460
8.271071
8.239236
8.111893
8.111893
8.192897
8.304676
8.258337
8.358797
8.497460
8.584832
8.590491
8.634001
8.731277
8.938564
9.120736
9.409381
9.638953
9.680694
9.619851
9.742243
10.055295
10.212706
10.312105
10.364457
10.390280
10.476944
10.582002
10.682462
10.819002
10.914864
10.950945
10.935026
10.987379
11.069445
11.161061
11.272840
11.446877
11.579526
11.647797
11.696611
11.770895
11.789289
11.732338
11.781507
11.795656
11.819356
11.866756
11.943516
11.937503
11.922292
11.978182
11.944223
11.984196
11.963326
11.954482
12.037963
12.084301
12.100926
12.163891
12.266120
12.227917
12.160707
12.155401
12.210584
12.155401
12.216598
12.271425
12.318826
12.348539
12.218719
12.098451
12.103403
12.066969
12.012848
11.979951
12.010017
11.997991
