0.045106
0.056940
-0.124801
-0.127337
-0.228774
-0.250752
-0.266813
-0.060558
0.115266
0.097515
0.166830
0.241217
0.104277
0.122029
0.165139
0.029890
-0.105359
-0.122265
-0.090144
-0.065630
0.007912
0.183736
0.297008
0.307151
0.227692
0.094134
-0.017447
-0.036044
0.032426
0.068774
-0.014066
-0.129873
-0.211023
-0.194962
-0.162840
-0.054641
-0.025900
-0.013221
-0.073238
-0.019138
-0.058867
-0.008994
-0.026746
0.033271
0.201488
0.132172
0.055249
-0.082536
-0.136636
-0.076619
-0.025900
0.082299
0.179510
0.122029
0.062857
0.036653
0.067084
-0.179746
-0.989552
-3.917701
-13.379239
-36.830635
-84.428268
-166.042801
-248.751175
-315.172150
-371.041962
-415.318390
-445.181427
-462.601562
-470.894867
-471.577881
-466.096893
-456.342041
-443.140869
-428.156921
-412.982788
-396.958282
-379.854309
-363.719055
-348.653961
-334.241455
-320.200043
-307.233856
-295.037720
-282.857697
-270.929535
-259.578735
-248.628601
-237.820496
-227.233841
-216.719055
-206.278641
-195.999695
-185.795975
-175.760468
-166.076614
-156.404602
-147.085068
-137.948975
-128.654816
-119.719902
-111.141708
-102.605782
-94.117195
-85.872055
-77.847542
-69.711449
-61.645512
-53.932915
-46.323448
-38.894878
-31.635368
-24.534777
-17.706373
-10.943905
-4.162840
2.638512
9.256433
15.731496
21.942823
28.040033
34.116112
39.980019
45.242908
50.450008
55.775452
60.781368
65.724731
70.683311
75.404366
79.746712
84.209938
88.664719
92.802505
96.699371
100.783905
104.863365
108.582726
112.091599
115.576805
119.018059
122.291939
125.417885
128.616531
131.735718
134.636826
137.303772
139.930145
142.506638
145.007065
147.368011
149.510864
151.444092
153.208252
154.971558
156.580185
158.213318
159.796585
161.348572
163.004532
164.365479
165.505798
166.489731
167.603851
168.694305
169.743332
170.538773
171.173599
171.672318
172.154144
172.565811
172.818558
173.001999
173.300385
173.693451
174.055252
174.200638
174.199799
174.184586
174.257278
174.270798
174.471146
174.495651
174.264893
173.768692
173.485504
173.337585
172.883652
172.481277
172.017212
171.474518
170.890411
170.298691
169.450851
168.474518
167.729813
167.107666
166.294464
165.242065
164.132172
163.077225
162.082306
160.980011
159.850677
158.748398
157.833786
156.998611
156.276718
155.317291
154.298691
153.384918
152.474518
151.121185
149.869278
148.754318
147.617386
146.452545
145.284332
144.151611
142.828705
141.368011
139.904785
138.395065
136.901398
135.334198
133.790665
132.187119
130.848999
129.622452
128.208252
126.553978
124.947899
123.638512
122.309685
120.738258
119.262352
117.723892
116.302078
114.695145
113.113579
111.481285
109.785599
108.160065
106.365479
104.531158
102.976639
101.215012
99.480438
97.932678
96.512558
95.063705
93.537079
91.925919
90.430565
88.832932
87.251358
85.725578
84.078072
82.408585
80.880272
79.416199
77.914925
76.424652
74.997765
73.685005
72.485512
71.072159
69.611465
68.019745
66.627525
65.430565
64.005379
62.562435
61.233608
60.023972
58.669788
57.063702
55.800812
54.505798
53.165985
51.727268
50.337582
48.973255
47.715435
46.172749
44.267422
42.340118
40.547218
38.941978
37.440708
35.837158
34.324059
32.981709
31.908165
30.697683
29.351954
28.094133
26.851530
25.827862
24.767845
23.639357
22.401825
21.398445
20.548065
19.579340
18.489738
17.387455
16.436483
15.675706
14.900558
14.038343
13.078073
12.151614
11.191344
10.128791
9.078918
7.972409
7.087371
6.144852
5.094133
4.091598
3.328284
2.385765
1.404362
0.519324
-0.279493
-1.251598
-2.125647
-2.827253
-3.604937
-4.313305
-4.967574
-5.813728
-6.705528
-7.493356
-8.282874
-9.008994
-9.705528
-10.330212
-11.003922
-11.826407
-12.596483
-13.200879
-13.715672
-14.321758
-14.927844
-15.624379
-16.244835
-17.000542
-17.716516
-18.352190
-18.960812
-19.646357
-20.255825
-20.920237
-21.581268
-22.192427
-22.855993
-23.287947
-23.627760
-24.060558
-24.436720
-24.901640
-25.560980
-26.211868
-26.639595
-27.063093
-27.579576
-28.096907
-28.566898
-29.093525
-29.702147
-29.992088
-30.296398
-30.696230
-31.063940
-31.724125
-32.475605
-33.285412
-33.769772
-33.936298
-34.452782
-35.030128
-35.486595
-35.767235
-36.009838
-36.365715
-36.768925
-37.016602
-37.243145
-37.402061
-37.557598
-37.644665
-37.848385
-38.242298
-38.642975
-39.039425
-39.234692
-39.420658
-39.852612
-41.235538
-43.562672
-46.213558
-47.533932
-47.864445
-48.116348
-48.281185
-48.315842
-48.506882
-48.773151
-49.030128
-49.226238
-49.533085
-49.708065
-49.901638
-50.070702
-50.049568
-50.138325
-50.424885
-50.604092
-50.580421
-50.703838
-50.687778
-50.400372
-50.298088
-50.567741
-50.904175
-51.071548
-51.184818
-51.222012
-51.319221
-51.310768
-51.254135
-51.168758
-51.080002
-50.926998
-50.755402
-50.562672
-50.295555
-49.983635
-49.702148
-49.451935
-49.187355
-49.184818
-49.177212
-48.897415
-48.725815
-48.427422
-48.184818
-48.002232
-47.883041
-47.876282
-47.792595
-47.591412
-47.387691
-47.052952
-46.794285
-46.604939
-46.489128
-46.273575
-45.921928
-45.561825
-45.373322
-45.329365
-45.293018
-45.287102
-45.211021
-45.162842
-44.900795
-44.754555
-44.604092
-44.190735
-43.947285
-43.861065
-43.692848
-43.407978
-43.032661
-42.602402
-42.404598
-42.398682
-42.063938
-41.560135
-41.418125
-41.175518
-40.912628
-40.563515
-40.394455
-40.137482
-40.023365
-39.644665
-39.100288
-38.736805
-38.558445
-38.275265
-38.059711
-37.816265
-37.572815
-37.267658
-37.063095
-36.839088
-36.439255
-36.243145
-36.060558
-35.764698
-35.626915
-35.470531
-35.238918
-34.991241
-34.769772
-34.611698
-34.308235
-34.140018
-33.982788
-33.743568
-33.420658
-33.177212
-33.136635
-33.204262
-33.152695
-32.937141
-32.731731
-32.694538
-32.711445
-32.565208
-32.600712
-32.565208
-32.401218
-32.200035
-31.959967
-31.778225
-31.596483
-31.372477
-31.128183
-30.866982
-30.577042
-30.211023
-30.039425
-29.773998
-29.430803
-29.155233
-28.990396
-28.836552
-28.653965
-28.451935
-28.314150
-28.181437
-27.916855
-27.736805
-27.622688
-27.386002
-27.232155
-27.047033
-27.014067
-26.666645
-26.190735
-25.938833
-25.678478
-25.446863
-25.322603
-25.172983
-25.003077
-24.793440
-24.673407
-24.564362
-24.536467
-24.433338
-24.357262
-24.301472
-24.151007
-23.980253
-23.854303
-23.763010
-23.595638
-23.431648
-23.272730
-23.081690
-22.963346
-22.732578
-22.354725
-22.085917
-21.912628
-21.841623
-21.798512
-21.620152
-21.374166
-21.189890
-21.101978
-20.819645
-20.445173
-20.090988
-19.879662
-19.846695
-19.736805
-19.663263
-19.599865
-19.343737
-19.417278
-19.393610
-19.259205
-19.019983
-18.961657
-18.992933
-18.768082
-18.446018
-18.166222
-18.064785
-17.905022
-17.893187
-17.991243
-18.003077
-17.886425
-17.654810
-17.239763
-16.789213
-16.710600
-16.805275
-16.762163
-16.573660
-16.232155
-15.952358
-15.830634
-15.830634
-15.910938
-15.908402
-15.739341
-15.571124
-15.382621
-15.172984
-15.041116
-14.857684
-14.779070
-14.746103
-14.691158
-14.532240
-14.287101
-14.107050
-14.059712
-13.778225
-13.592257
-13.473068
-13.331902
-13.101978
-12.815418
-12.753711
-12.573660
-12.431648
-12.336128
-12.192426
-12.085072
-11.926154
-12.003077
-11.976872
-11.702147
-11.478140
-11.344582
-11.141707
-10.927844
-10.970110
-10.877126
-10.763009
-10.593947
-10.529704
-10.510262
-10.546610
-10.336128
-10.196652
-10.156923
-10.078309
-9.832325
-9.538157
-9.373322
-9.327676
-9.205951
-9.135791
-9.052105
-9.061403
-9.092680
-9.051259
-8.858529
-8.637903
-8.330212
-8.211868
-8.081691
-8.019983
-7.891496
-7.671716
-7.650583
-7.694539
-7.659882
-7.433339
-7.328521
-7.155232
-7.271885
-7.172984
-7.097752
-7.015757
-6.990397
-6.908402
-6.765545
-6.650583
-6.427422
-6.481522
-6.509417
-6.548301
-6.344582
-6.117194
-6.012375
-6.017447
-6.120575
-6.022519
-5.816264
-5.921927
-6.140017
-6.268504
-6.166222
-6.028436
-5.895723
-5.645512
-5.552527
-5.502654
-5.431648
-5.313305
-5.178056
-5.126492
-5.243990
-5.181437
-4.917701
-4.569434
-4.481522
-4.496737
-4.506881
-4.314996
-4.194962
-4.200879
-4.268504
-4.254134
-4.120575
-4.107050
-4.183973
-4.088453
-3.928690
-3.649738
-3.630296
-3.731733
-3.769772
-3.688622
-3.676788
-3.534776
-3.403753
-3.149315
-3.059713
-2.980254
-2.747794
-2.563516
-2.697921
-2.761319
-2.775689
-2.670871
-2.737650
-2.803584
-2.698766
-2.577041
-2.573660
-2.539848
-2.466306
-2.203415
-1.988707
-2.025900
-1.959966
-1.870363
-1.766391
-1.590566
-1.570279
-1.556754
-1.424886
-1.226238
-1.230465
-1.179746
-1.117194
-1.059713
-0.933762
-0.729197
-0.441792
-0.324294
-0.217785
-0.106205
-0.037735
-0.037735
0.027354
-0.177210
-0.254134
-0.139172
0.026509
0.051868
0.088216
0.167675
0.244598
0.433948
0.735723
0.772071
0.426340
0.062857
-0.014911
-0.187354
-0.179746
-0.215249
-0.194962
-0.142553
0.025664
0.221775
0.384074
0.395909
0.527777
0.500727
0.431412
0.317295
0.205714
0.161758
-0.003922
-0.103669
-0.155232
-0.133254
-0.131564
-0.091834
-0.055486
0.158377
0.259814
0.362942
0.556517
0.751784
0.849839
1.029890
1.335892
1.363787
1.420423
1.604700
1.743330
1.713745
1.786441
1.864210
1.905630
2.016365
2.174438
2.329975
2.382384
2.376467
2.424649
2.490583
2.405207
2.352798
2.374776
2.426340
2.659645
2.980017
3.258123
3.372240
3.457616
3.463533
3.420423
3.608927
3.708673
3.701910
3.642739
3.610617
3.531158
3.418732
3.411970
3.532849
3.702756
3.807574
3.892105
3.943669
4.067929
4.127946
3.935215
3.904784
4.109349
4.149079
4.234455
4.303770
4.242063
4.235300
4.483821
4.566661
4.729805
4.840541
4.832088
4.766154
4.657109
4.887878
5.027354
5.091598
4.969028
4.845613
4.883652
5.092443
5.141471
5.105968
5.220085
5.300389
5.441556
5.510026
5.486357
5.524395
5.588639
5.571733
5.551445
5.594556
5.695148
5.828707
5.879425
5.959730
5.982553
6.001995
6.058630
6.181201
6.094133
5.925072
5.969028
6.042570
5.852376
5.659645
5.835469
5.843922
5.951276
6.163449
6.267422
6.182045
6.058630
6.122874
6.241217
6.193880
6.101741
6.012984
5.920000
5.838005
5.843922
5.859983
6.007067
6.050178
5.881116
5.997768
5.881116
5.963111
6.037498
6.230228
6.131327
6.178664
6.273339
6.232764
6.053559
5.878580
5.953812
6.016365
5.978326
5.974945
5.901403
5.863364
5.788977
5.760237
5.898022
5.940288
5.859138
5.864210
5.788132
5.705292
5.788132
5.836315
5.779679
5.694303
5.745021
5.812646
5.770380
5.691767
5.787287
5.972409
6.065393
5.917464
5.754320
5.746712
5.828707
5.686695
5.668943
5.592865
5.572578
5.690921
5.668098
5.529468
5.507489
5.597938
5.581031
5.655418
5.806729
5.840541
5.852376
5.766999
5.688385
5.752629
5.715436
5.790668
5.743330
5.639358
5.520169
5.529468
5.548064
5.591175
5.702756
5.571733
5.398445
5.297853
5.288555
5.340964
5.380693
5.384920
5.330820
5.430566
5.333356
5.302925
5.455081
5.608926
5.541302
5.560744
5.559898
