0.070401
0.294613
0.215817
0.137020
0.072550
0.086160
0.020258
0.026705
0.081146
0.073266
-0.013410
-0.014842
-0.064986
-0.110831
-0.053524
-0.009828
-0.171719
-0.203954
-0.186762
-0.093639
-0.067135
0.010946
-0.061404
0.011662
0.090458
0.075415
0.200774
0.209370
0.146332
0.106934
0.021691
-0.028453
-0.054241
0.075415
0.108367
-0.004814
-0.058539
-0.073582
-0.108682
-0.007679
-0.085043
-0.166705
-0.187479
-0.153811
-0.132321
0.018825
-0.039198
0.024556
0.037450
-0.063553
-0.070000
-0.085759
-0.160258
-0.208252
-0.117994
0.074699
0.215817
0.203639
0.026705
-0.827163
-7.438911
-31.473295
-97.459686
-221.884476
-352.307098
-470.778442
-573.143799
-653.734070
-711.335022
-749.883057
-771.977600
-779.671692
-777.390198
-768.132324
-750.994080
-729.798523
-706.800659
-682.255554
-657.399536
-632.942505
-608.789185
-585.506226
-563.485474
-542.380188
-522.253357
-502.936768
-483.870850
-465.456818
-447.598663
-430.001953
-412.523438
-395.178162
-377.832886
-360.678894
-343.655243
-326.742645
-310.210388
-293.995514
-277.975433
-262.204681
-247.075729
-232.151657
-217.468994
-202.926010
-188.560684
-174.591492
-160.568573
-146.467560
-132.596512
-119.113693
-105.522720
-92.128021
-79.155243
-66.422432
-54.081463
-42.172436
-30.608683
-19.231174
-7.851519
3.078997
13.715100
24.227278
34.434299
44.559658
54.407795
64.151344
73.464386
82.594040
91.632004
100.423553
109.093323
117.529572
125.484444
132.900635
140.282440
147.798187
154.956497
161.894180
168.757370
175.179993
181.445038
187.478714
193.417099
199.109802
204.786011
210.230148
215.106934
219.993759
224.850494
229.453644
233.872696
238.119827
242.187164
246.039597
249.652786
253.124847
256.341888
259.609070
262.599060
265.460815
268.131287
270.534576
272.977997
275.445770
277.486603
279.519531
281.673553
283.506653
285.444336
287.058228
288.531006
289.857635
291.139893
292.236603
293.113373
294.250214
295.015259
295.537445
296.197906
296.491608
296.462250
296.356232
296.071838
295.688599
295.398468
294.993042
294.291748
293.727997
293.130585
292.538879
291.855499
291.066101
290.097626
289.021698
287.870544
286.806061
285.720825
284.473694
283.179291
281.836884
280.723694
279.551056
278.156372
276.769531
275.413513
273.981567
272.528137
270.901337
269.152069
267.401337
265.730133
263.979431
262.117676
260.349060
258.437164
256.336884
254.014526
251.664963
249.466537
247.341171
245.033875
242.662094
240.266678
237.856216
235.545334
233.149200
230.869110
228.625565
226.397049
224.179291
222.073990
219.909943
217.225128
214.292465
211.292465
208.307510
205.158508
202.152069
199.238022
196.311096
193.404922
190.558945
187.887741
185.152786
182.584732
180.033875
177.465820
174.900635
172.442902
169.814667
167.193604
164.821838
162.341171
159.854065
157.329712
154.782440
152.358368
150.123413
147.836884
145.496613
143.195038
140.996613
138.760223
136.319687
133.767395
131.250916
128.750916
126.351204
124.143471
121.725128
119.185730
116.762375
114.525269
112.366966
110.212952
107.861946
105.470833
103.263809
101.099770
98.861229
96.256645
93.749481
91.354782
89.207939
87.311806
85.380569
83.422836
81.033867
78.832581
76.696472
74.805359
72.947189
71.061806
69.116966
67.274559
65.455788
63.650631
62.048912
60.299629
58.384872
56.370544
54.525990
52.892750
51.151348
49.101921
47.071835
45.056076
43.046761
41.102634
39.288883
37.703640
36.024555
34.490173
32.789600
30.841890
28.571835
26.352636
24.220114
22.084728
19.937162
17.879141
16.031002
14.247335
12.354785
10.565387
9.010229
7.467249
5.838309
4.269542
2.809656
1.396332
-0.004097
-1.294212
-2.648797
-3.900229
-5.178883
-6.525588
-7.824298
-9.140917
-10.484040
-11.939628
-13.262693
-14.636619
-15.984040
-17.244785
-18.382320
-19.569284
-20.597221
-21.713984
-22.663124
-23.686762
-24.870859
-26.061403
-27.341490
-28.414557
-29.393782
-30.217564
-31.021290
-31.970430
-32.912407
-33.782036
-34.469715
-35.361546
-36.203239
-37.062836
-37.958252
-38.942493
-39.834328
-40.665272
-41.413124
-42.213982
-43.080746
-43.826447
-44.313553
-44.764843
-45.410973
-46.141632
-46.782036
-47.404526
-48.033466
-48.777737
-49.256962
-49.797794
-50.544930
-51.196075
-51.751232
-52.365128
-52.980457
-53.547794
-54.059254
-54.628021
-55.409542
-56.052807
-56.511261
-57.019855
-57.621574
-58.218998
-58.773438
-59.493351
-60.098652
-60.578594
-61.016991
-61.479027
-61.943211
-62.384468
-62.842922
-63.065701
-63.489056
-63.891632
-64.428879
-65.228310
-66.184616
-67.365845
-68.408829
-69.378738
-70.282753
-70.958969
-71.410255
-71.883034
-72.256248
-72.400230
-72.494781
-72.581459
-72.753380
-72.889481
-72.990486
-72.913124
-73.181747
-73.193924
-73.029884
-73.044930
-73.010544
-73.270576
-73.566422
-73.480461
-73.456100
-73.472580
-73.606529
-73.441780
-73.205383
-73.290634
-73.322151
-73.267708
-73.281319
-73.108681
-73.211121
-73.125160
-73.092209
-72.839340
-72.588623
-72.347221
-72.223297
-72.287048
-72.281319
-72.220428
-72.246216
-72.197510
-72.086479
-72.236908
-72.173866
-72.006966
-71.883034
-71.751945
-71.395218
-71.080032
-70.792778
-70.764839
-70.465416
-70.034897
-69.726158
-69.696075
-69.650948
-69.600082
-69.519859
-69.424583
-69.342209
-69.388054
-69.617996
-70.156677
-70.599373
-70.549225
-70.313553
-70.065704
-69.928169
-69.645218
-69.414558
-69.211830
-69.143784
-68.996216
-68.735474
-68.537048
-68.180313
-68.013412
-67.795647
-67.625877
-67.185333
-66.961121
-66.831459
-66.591492
-66.360115
-66.073578
-65.816422
-65.557823
-65.370857
-65.148796
-65.030602
-64.878021
-64.626587
-64.282753
-64.012695
-63.695358
-63.367992
-63.150230
-62.869427
-62.590057
-62.378738
-62.247650
-62.054958
-61.849369
-61.757679
-61.752666
-61.678165
-61.549942
-61.349369
-61.246220
-61.228310
-61.077881
-60.760544
-60.580029
-60.564987
-60.575729
-60.585758
-60.528454
-60.530602
-60.267708
-59.929600
-59.683182
-59.611546
-59.328594
-59.169571
-59.093639
-58.956104
-58.653095
-58.179600
-57.815701
-57.439629
-57.060688
-56.650230
-56.307106
-55.776302
-55.267708
-55.017708
-54.860832
-54.504814
-53.913841
-53.429600
-53.190342
-52.719715
-52.274155
-52.036331
-51.785618
-51.350086
-50.945358
-50.643066
-50.416706
-50.182465
-49.709686
-49.306389
-49.128738
-48.799942
-48.400944
-48.026302
-47.618710
-47.390919
-47.077881
-46.727592
-46.261261
-45.941776
-45.683182
-45.403095
-45.077164
-44.718281
-44.395214
-44.122292
-43.744068
-43.385902
-43.116562
-42.749084
-42.379456
-42.081463
-41.869427
-41.565701
-41.153812
-40.529167
-40.333611
-40.174583
-39.711117
-39.337193
-39.253380
-39.148079
-38.725445
-38.327881
-37.927448
-37.662407
-37.471146
-37.343639
-36.860115
-36.295643
-35.962551
-35.763409
-35.543495
-35.247650
-34.712551
-34.441776
-34.030602
-33.861546
-33.659542
-33.635902
-33.485474
-33.081463
-32.758396
-32.581463
-32.309971
-31.950373
-31.576447
-31.206102
-30.899513
-30.544928
-30.066418
-29.729025
-29.533466
-29.293495
-28.982607
-28.628023
-28.478310
-28.239054
-28.030602
-27.645931
-27.400946
-27.292063
-27.048510
-26.749083
-26.331461
-26.029169
-25.787766
-25.595072
-25.372292
-25.357965
-25.378023
-25.342922
-25.219713
-24.955387
-24.823582
-24.707537
-24.505529
-24.325014
-24.262693
-24.241920
-24.158110
-24.272005
-24.274155
-24.097221
-23.865845
-23.668854
-23.362980
-23.017708
-22.597221
-22.324299
-22.154528
-21.810688
-21.556389
-21.344355
-21.327879
-21.103668
-20.857965
-20.729742
-20.638767
-20.345072
-19.982607
-19.692493
-19.297794
-18.958969
-18.795645
-18.734039
-18.584326
-18.383038
-18.224012
-17.968281
-17.826447
-17.692493
-17.521290
-17.292780
-16.960402
-16.655243
-16.512693
-16.355816
-16.007679
-15.784184
-15.469713
-15.119427
-14.811404
-14.561404
-14.460402
-14.324298
-13.979742
-13.549943
-13.387335
-13.290630
-12.867994
-12.534184
-12.213983
-11.871576
-11.640917
-11.427450
-11.315702
-10.923152
-10.774155
-10.554240
-10.292779
-10.011261
-9.588625
-9.331461
-9.292779
-9.192492
-8.999800
-8.815702
-8.514842
-8.229026
-8.051375
-7.749083
-7.454670
-7.261261
-7.201089
-7.055673
-6.817851
-6.643066
-6.751232
-6.853668
-6.934613
-7.151662
-7.413839
-7.424584
-7.330029
-7.133037
-6.832178
-6.581461
-6.374441
-6.210401
-6.113696
-5.928166
-5.602952
-5.268424
-5.052808
-4.759828
-4.475444
-4.336476
-4.201089
-4.076447
-3.875874
-3.749799
-3.529169
-3.253381
-3.173868
-3.123008
-2.831461
-2.580745
-2.396647
-2.188911
-2.032751
-1.728310
-1.510544
-1.323582
-1.202521
-1.137335
-0.817135
-0.412407
-0.377307
-0.387335
-0.201089
-0.017708
0.053926
0.181433
0.348338
0.375559
0.180716
0.038166
0.157794
0.023123
-0.231891
-0.359398
-0.532751
-0.797794
-0.731175
-0.575014
-0.351519
-0.255530
-0.133037
-0.228309
-0.298510
-0.294928
-0.224728
-0.299226
-0.327880
-0.235473
-0.054241
0.087593
0.317536
0.526705
0.691461
0.879140
1.033152
1.264527
1.584011
1.552493
1.667106
1.943610
2.195043
2.369828
2.649198
2.773839
2.854069
2.975845
3.129140
3.412808
3.548195
3.774556
4.096905
4.268109
4.282435
4.447192
4.658510
4.912808
4.950774
5.124126
5.074699
4.972980
5.042464
5.231576
5.420688
5.561805
5.778138
6.038166
6.048195
6.201490
6.258797
6.241605
6.400630
6.503066
6.478711
6.555358
6.717249
6.844040
6.882722
6.977994
7.056791
7.217249
7.292464
7.528138
7.767393
7.866246
7.866246
7.884871
8.064671
8.028137
7.967249
8.078280
8.132006
8.310372
8.473697
8.448625
8.516676
8.495186
8.432865
8.457937
8.618396
8.665673
8.828997
8.966533
9.124126
9.244470
9.338309
9.396333
9.464384
9.558940
9.619828
9.652780
9.476562
9.427851
9.397049
9.341175
9.294613
9.015244
9.014527
9.182149
9.234441
9.358367
9.384871
9.440745
9.454355
9.605501
9.674986
9.621261
9.680000
9.752350
9.806074
9.841891
9.826132
9.776705
9.647765
9.527421
9.483008
9.542464
9.626275
9.587593
9.414957
9.381289
9.369112
9.329714
9.283868
9.093324
8.911375
8.840459
8.867679
8.804642
9.007364
8.962952
9.007364
8.842607
8.831146
8.782435
8.800344
8.746619
8.724413
8.830430
8.923553
9.013095
8.884871
8.974413
9.154212
9.180717
9.202207
9.167106
9.243753
9.518109
9.700773
9.811089
9.781003
9.827564
9.841891
9.916389
9.957937
9.925702
9.892035
9.973697
9.976562
10.033868
10.023840
9.858367
9.647765
9.763811
9.960802
10.081146
10.017392
10.045329
10.033152
9.937163
9.980860
9.952923
9.904212
9.894899
9.791748
9.844756
9.714384
9.699341
9.741605
9.882722
9.859083
9.866246
9.806074
9.727994
9.808940
9.933581
9.935731
9.906361
9.904212
9.929284
9.980144
9.983725
9.962234
9.949341
10.000916
10.000916
9.945760
9.849054
9.788882
9.721547
9.698625
9.556074
9.467249
9.417822
9.470831
9.529571
9.502350
9.392035
9.466533
9.494470
9.407794
9.427135
9.526705
9.586161
9.581146
9.610516
9.513811
9.463668
9.508797
9.455788
9.337593
9.244470
9.185731
9.436447
9.532435
9.563238
9.520258
9.499484
