0.042249
0.095258
0.100989
0.094542
0.132507
0.031504
0.050845
0.148266
0.234943
0.306576
0.285086
0.287235
0.229212
0.140387
0.242106
0.186232
0.010731
-0.052307
-0.042278
-0.040845
-0.017923
0.027923
-0.100301
-0.199155
-0.046576
-0.053023
-0.095287
-0.050874
-0.048009
-0.058037
0.002135
0.130358
0.019327
-0.063052
-0.073797
-0.047292
-0.062335
-0.143997
-0.141848
-0.016490
0.043682
0.076633
0.047264
-0.052307
-0.215630
-0.276519
-0.244284
-0.219212
-0.275802
-0.328811
-0.340272
-0.245000
-0.207751
-0.165487
-0.106032
-0.014341
0.031504
-0.038696
-0.221361
-0.492851
-4.297292
-27.351017
-126.815918
-327.420502
-568.714172
-819.639709
-1051.971313
-1242.815918
-1385.508667
-1486.083862
-1551.682007
-1588.742188
-1601.998535
-1594.094604
-1569.363892
-1532.064453
-1486.873901
-1436.876099
-1384.140381
-1330.368896
-1277.471313
-1226.274414
-1176.454834
-1129.099609
-1083.894653
-1040.507935
-999.092407
-959.165466
-920.986389
-884.123962
-848.064514
-812.577393
-778.428406
-745.093140
-712.027222
-679.475647
-647.269348
-615.398315
-583.904053
-552.689819
-522.230652
-492.413330
-462.909760
-433.977814
-405.490692
-377.384674
-349.765045
-322.499298
-295.628235
-269.078094
-242.914047
-217.141846
-192.038696
-167.130386
-142.734970
-118.724945
-95.175514
-72.060905
-49.585976
-27.686260
-6.348152
14.585229
35.089527
55.106720
74.546547
93.636803
112.179070
130.262878
147.956284
164.911880
181.237808
196.994247
212.314453
227.438385
242.305145
256.830933
270.785797
284.569458
298.310883
311.757141
324.772919
337.507141
349.979919
362.116760
373.810150
385.181946
396.209167
406.769318
416.984955
426.634644
435.684082
444.306580
452.578064
460.221344
467.499268
474.358154
480.979218
487.470612
493.707001
499.922607
506.016449
511.918335
517.545837
522.682678
527.614624
532.169067
536.452698
540.576660
544.455566
547.995667
551.373901
554.399719
557.227051
559.718445
561.868896
563.989929
566.003540
567.798706
569.325195
570.580200
571.427612
572.047974
572.532227
572.823792
572.988525
573.007874
572.823792
572.496399
571.784363
570.957703
569.992798
569.132507
568.076660
566.787964
565.302979
563.797974
562.009277
559.951294
557.721313
555.365295
552.913330
550.305847
547.916870
545.601013
542.943420
540.318054
537.913330
535.614624
532.902588
529.943420
526.873169
523.795105
520.419739
517.166870
513.728516
509.988525
506.265015
502.513611
498.575928
494.630371
490.399689
486.229919
482.400421
478.482788
474.669037
470.799408
466.935516
463.179077
459.431946
455.317322
451.092407
446.687653
442.373901
438.018616
433.469177
428.901855
424.133942
419.376770
414.755005
410.237793
405.625336
400.815887
396.089539
391.213440
386.574493
381.921204
377.225616
372.596680
367.964172
363.148987
358.183380
353.350281
348.699829
343.979919
339.381805
334.721344
330.063019
325.228485
320.278625
315.345245
310.662598
305.977783
301.219910
296.592407
292.029358
287.300842
282.499268
277.588806
272.822327
268.246399
263.603149
258.963440
254.280792
249.684082
245.098129
240.533661
235.875351
231.285797
226.805862
222.064453
217.411163
212.966324
208.620331
204.166885
199.634659
195.496399
191.233505
186.731354
182.218460
177.907578
173.685516
169.469894
165.439819
161.568039
157.665451
153.501419
149.255005
145.464172
141.652557
137.478500
133.496399
129.730652
125.826630
121.787949
117.931221
114.070183
110.069473
106.346687
102.708435
99.181931
95.584511
91.924774
88.570900
85.126778
81.620331
78.292252
74.860298
71.188377
67.779358
64.292252
60.770760
57.239243
53.731361
50.398983
47.182652
43.835228
40.383942
36.787952
33.258583
29.802994
26.543682
23.558008
20.727779
17.901133
15.196977
12.381791
9.605287
6.918324
4.371046
1.889670
-0.912622
-3.896146
-6.757894
-9.607464
-12.716347
-15.631104
-18.202021
-20.991419
-23.761477
-26.374657
-28.878954
-31.285114
-33.783684
-36.109612
-38.337406
-40.633968
-42.971359
-45.058754
-47.060902
-49.003597
-50.891132
-52.851734
-54.744282
-56.893997
-59.025803
-60.777233
-62.539413
-64.562332
-66.409760
-68.132538
-69.681244
-71.314484
-73.019356
-74.671219
-76.065201
-77.441277
-79.027954
-80.702736
-82.146866
-83.501450
-84.997147
-86.481392
-87.915489
-89.423370
-91.063049
-92.589554
-93.969215
-95.451302
-96.907608
-98.123940
-99.326660
-100.586693
-102.022934
-103.287262
-104.603882
-105.886833
-107.098869
-108.183395
-109.176231
-110.093140
-111.090271
-112.147575
-113.161903
-113.969215
-114.941277
-115.940559
-116.823082
-117.654022
-118.681961
-119.819496
-120.750015
-121.763626
-122.909760
-123.916924
-124.790848
-125.817352
-126.654739
-127.497147
-128.541565
-129.482819
-130.207748
-130.969925
-131.552307
-132.187698
-132.673370
-133.194855
-133.799438
-134.296570
-134.611053
-134.928375
-135.326660
-135.922653
-136.274368
-136.545853
-136.921219
-137.303741
-137.675522
-137.923370
-138.405457
-138.914047
-139.351730
-139.744995
-140.107468
-140.469208
-140.760040
-140.901871
-141.064484
-141.217773
-141.306610
-141.409760
-141.613190
-141.922653
-141.925522
-141.744278
-141.816635
-142.010040
-142.136124
-142.119644
-142.154739
-142.145432
-142.159760
-142.146149
-142.093857
-142.058746
-141.858185
-141.709183
-141.587402
-141.464920
-141.443420
-141.261475
-141.260757
-141.106750
-140.968491
-140.762192
-140.576660
-140.424088
-140.277954
-140.191986
-140.122513
-140.154739
-140.241425
-139.972076
-139.699875
-139.286545
-139.022934
-138.973511
-138.737122
-138.548721
-138.344574
-138.097443
-137.720642
-137.344574
-137.132538
-136.856750
-136.418350
-136.051590
-135.640411
-135.240707
-134.925522
-134.564484
-134.326660
-134.130386
-133.809464
-133.386841
-132.959183
-132.487839
-131.973511
-131.505035
-131.073074
-130.703445
-130.318069
-129.729950
-129.150452
-128.777954
-128.334549
-127.739273
-127.325943
-126.821648
-126.397575
-126.074516
-125.833107
-125.718498
-125.757896
-125.640419
-125.472076
-125.380386
-125.315201
-124.891846
-124.477089
-124.063766
-123.881821
-123.733536
-123.371071
-122.875374
-122.391846
-121.885399
-121.148293
-120.406174
-119.917633
-119.421936
-118.727089
-118.052307
-117.444138
-116.860329
-116.207748
-115.666924
-115.172653
-114.638985
-113.995720
-113.346718
-112.637550
-112.009323
-111.203453
-110.551590
-110.049438
-109.351730
-108.723511
-108.128952
-107.432678
-106.644714
-105.992851
-105.305168
-104.745003
-104.073799
-103.382538
-102.836693
-102.149727
-101.511475
-100.942711
-100.396866
-99.886833
-99.094574
-98.414772
-97.767921
-97.229958
-96.511475
-95.852448
-95.247864
-94.606750
-93.820213
-93.159042
-92.477806
-91.916924
-91.473511
-90.840988
-90.159760
-89.392563
-88.653313
-87.944138
-87.203453
-86.735687
-86.182678
-85.429817
-84.911186
-84.369644
-83.694138
-83.201302
-82.571648
-82.012909
-81.535118
-80.738556
-80.051590
-79.596718
-79.083107
-78.351730
-77.770073
-77.172653
-76.651161
-75.854599
-75.159760
-74.576660
-73.957031
-73.356750
-72.681244
-71.984253
-71.336693
-70.825226
-70.261475
-69.487122
-69.011475
-68.467781
-67.788696
-67.272224
-66.888985
-66.317352
-65.717781
-65.083107
-64.467781
-63.931248
-63.306606
-62.825947
-62.214912
-61.689842
-61.289413
-60.630386
-59.919785
-59.457035
-59.015057
-58.417637
-57.881104
-57.410473
-56.802307
-56.332394
-55.776520
-55.287979
-54.843853
-54.273655
-53.670502
-53.186977
-52.762909
-52.414772
-51.964199
-51.631821
-51.295860
-50.949871
-50.393997
-50.153309
-49.933395
-49.566635
-48.984257
-48.288696
-47.717781
-47.204884
-46.772938
-46.394714
-45.979240
-45.257179
-44.688408
-44.157608
-43.594570
-43.086689
-42.662621
-42.099583
-41.340271
-40.806606
-40.274368
-39.784397
-39.290131
-38.866058
-38.437695
-37.833824
-37.520786
-37.310902
-36.822365
-36.324512
-36.071648
-35.641850
-35.291561
-34.982105
-34.627522
-34.333107
-33.999298
-33.532967
-33.113911
-32.645432
-32.110329
-31.548008
-30.974226
-30.543711
-30.189842
-29.636833
-28.974943
-28.484255
-28.011477
-27.453453
-27.020788
-26.422651
-25.810902
-25.179098
-24.858181
-24.525803
-24.292278
-23.858181
-23.375372
-22.848867
-22.167637
-21.778667
-21.426949
-20.855314
-20.441275
-20.080244
-19.673367
-19.268639
-18.837406
-18.352449
-17.916203
-17.419785
-16.874657
-16.383968
-16.034399
-15.710616
-15.450587
-15.197722
-14.854599
-14.467779
-14.137550
-13.912621
-13.505745
-13.082393
-12.895430
-12.934828
-12.771504
-12.537264
-12.351017
-12.090272
-11.746432
-11.358897
-10.951303
-10.406175
-9.997866
-9.689842
-9.391849
-9.161189
-8.791562
-8.368209
-7.956318
-7.598868
-7.333109
-7.200587
-6.984255
-6.653309
-6.303739
-5.943424
-5.539412
-5.156175
-4.778667
-4.284398
-3.760759
-3.515774
-3.409040
-3.149728
-2.702736
-2.295143
-2.030817
-1.816633
-1.547292
-1.184828
-0.973510
-0.633252
-0.219212
0.154713
0.378926
0.672622
1.016461
1.189097
1.401848
1.642536
1.843109
1.979212
2.050129
1.982077
1.830931
1.860301
2.040100
2.244971
2.429069
2.596691
2.954140
3.186949
3.252135
3.217751
3.471332
3.614599
3.679785
3.725630
3.783653
4.012163
4.276490
4.537951
4.941247
5.254284
5.687665
6.055860
6.227779
6.413310
6.661160
6.954857
7.095258
7.288668
7.590243
7.815172
8.042250
8.358869
8.611733
8.915459
9.179785
9.366748
9.646833
9.935515
10.246404
10.434799
10.538668
10.661877
10.732078
10.841676
10.964170
11.112450
11.346690
11.542250
11.652564
11.921189
12.114599
12.334513
12.427636
12.585229
12.904714
12.999986
13.270043
13.401132
13.582364
13.770043
13.893969
14.033653
14.153281
14.063023
14.042250
14.231361
14.407578
14.498553
14.636806
14.791533
14.877493
15.002134
15.103854
15.224914
15.264313
15.398267
15.584513
15.854570
15.873911
16.169041
16.225630
16.169756
16.321619
16.409012
16.467035
16.521475
16.614599
16.798697
16.914026
16.871761
16.949842
17.068037
17.230644
17.441246
17.548697
17.683367
17.896833
18.040817
18.037235
18.030788
17.965601
17.850988
17.768610
17.787235
17.880358
17.889671
18.027924
18.134657
18.174770
18.116032
18.136089
18.167608
18.332363
18.402565
18.490673
18.633940
18.641819
18.752134
18.823051
18.860300
18.912594
18.808008
18.717035
18.541533
18.577349
18.667608
18.685516
18.735659
18.557293
18.436232
18.076633
18.058008
18.141104
17.946978
17.891104
17.921906
18.063740
18.186232
18.231361
18.219183
18.241390
18.257866
18.366747
18.541533
18.615314
18.640387
18.574484
18.645401
18.845974
18.970615
19.093824
19.145401
19.339527
19.399698
19.489958
19.747120
19.854570
19.785803
19.816605
19.911877
19.818754
19.727062
19.780071
19.815172
19.686232
19.611734
19.606720
19.520042
19.409727
19.541533
19.688381
19.771475
19.623196
19.601706
19.599556
19.807293
19.727779
19.791533
19.926203
19.957006
19.861017
19.811590
19.789385
19.826633
19.824484
19.661877
19.691963
19.672623
19.558725
19.422623
19.465601
19.486376
19.437664
19.222048
19.164026
19.027206
19.065887
19.006433
19.013596
19.003567
18.981361
18.722765
18.696978
18.661877
18.829498
18.833797
18.858868
18.842392
18.881790
18.808008
18.958439
19.042965
19.132507
19.150415
19.107435
19.136805
19.236376
19.138237
19.093109
19.200560
19.161877
19.056576
18.909727
18.850988
18.797264
18.911877
18.940531
18.796547
18.683367
18.635372
18.522909
18.470615
18.603853
