0.075718
0.134606
0.168178
0.168178
0.125250
0.166527
0.118096
-0.066824
-0.093242
-0.129565
-0.110303
-0.082234
-0.105349
-0.042058
0.078470
0.070215
0.153319
0.093880
0.114243
0.112042
0.033341
-0.012339
-0.120209
-0.216522
-0.187353
-0.149928
-0.313935
-0.285316
-0.162036
0.009675
0.080671
0.122499
0.169279
0.189642
0.053154
-0.029950
0.041596
-0.044260
-0.016742
0.030039
0.031690
-0.010688
0.017931
-0.002983
0.021233
0.072966
0.045449
0.004172
-0.125713
-0.194507
-0.223676
-0.216522
-0.165338
-0.218723
-0.130666
-0.013990
0.078470
0.148365
0.127452
-0.777887
-7.157083
-32.011787
-106.070129
-250.676071
-402.557739
-541.925903
-663.759155
-756.222595
-820.558289
-863.231384
-887.004089
-894.802124
-892.184631
-881.295227
-863.016174
-840.897339
-816.578125
-788.816406
-761.549500
-735.643616
-709.670593
-684.692017
-661.042603
-637.469666
-614.429504
-592.269897
-570.624329
-549.295776
-528.522522
-508.050323
-487.774597
-467.661224
-447.633698
-427.953461
-408.418518
-389.008484
-369.984833
-351.608368
-333.566010
-316.093231
-298.682129
-281.209381
-263.964996
-246.867050
-229.700836
-212.777344
-196.086090
-179.556641
-163.360168
-147.476288
-131.835678
-116.541229
-101.628738
-86.995827
-72.624886
-58.552238
-44.841179
-31.463081
-18.459230
-5.972713
6.184689
18.167627
29.785679
41.270546
52.546825
63.666252
74.560036
85.037193
95.294762
105.268890
114.779625
124.297516
133.579849
142.662949
151.445007
160.049301
168.328339
176.338791
184.066360
191.611221
198.986008
205.994263
212.874283
219.496735
225.955734
232.153320
238.216064
243.990417
249.530319
254.596359
259.351990
264.067474
268.656891
273.227631
277.551239
281.848419
286.157715
290.245239
294.019592
297.579285
300.885284
304.212219
307.404846
310.267242
312.938690
315.327240
317.686066
320.060852
322.105988
323.987122
325.723480
327.416931
328.968964
330.292023
331.396576
332.618378
333.781281
334.538574
335.225403
335.800537
336.379517
336.760376
336.931519
336.960144
336.882538
336.725677
336.489044
336.030029
335.515991
335.130219
334.651947
334.054810
333.195709
332.410889
331.680573
330.801086
329.733398
328.535278
327.404297
326.323944
325.109833
323.892456
322.613403
321.026184
319.373474
317.692657
315.881439
314.030579
312.351990
310.639282
308.642578
306.714691
304.867126
303.010223
301.046539
298.924377
296.747162
294.498383
292.288147
290.183594
287.916107
285.539124
283.195160
280.784027
278.241364
275.773560
273.375671
270.884735
268.330536
265.890259
263.418579
260.738892
257.962891
255.438400
253.046005
250.581497
248.049301
245.325027
242.398773
239.493439
236.537476
233.521515
230.522064
227.557831
224.678360
221.859985
219.015182
216.227615
213.494537
210.614517
207.685516
204.795029
202.036087
199.331635
196.506653
193.682205
190.846222
187.864929
184.962891
182.001968
179.150009
176.404831
173.657990
170.935379
168.318420
165.692673
163.058655
160.328888
157.518753
154.873734
152.316223
149.757614
147.106537
144.396027
141.610123
138.718536
135.754303
132.919418
130.210556
127.530312
124.768066
121.944733
119.117546
116.405930
113.841263
111.092232
108.440605
106.048203
103.604065
100.967300
98.302467
95.789536
93.220459
90.682762
88.363007
85.955742
83.586998
80.965645
78.343742
75.919968
73.541870
71.085075
68.715233
66.558380
64.377312
62.042145
59.764767
57.787880
55.896301
53.943634
51.749905
49.632130
47.568287
45.524261
43.189091
40.881443
38.825855
36.847870
34.777424
32.628277
30.658546
28.851723
27.090578
25.346495
23.196796
21.201750
19.485184
17.662951
15.808245
14.179186
12.495641
10.722939
8.843468
7.028388
5.448861
3.678910
1.954089
0.239725
-1.349158
-3.019494
-4.596269
-6.214870
-7.817513
-9.457579
-10.917128
-12.344205
-13.846682
-15.454276
-16.934738
-18.542885
-20.141672
-21.664513
-23.010689
-24.339251
-25.592966
-26.781189
-28.236334
-29.716246
-31.143324
-32.544537
-34.058018
-35.439968
-36.590763
-37.732208
-39.012890
-40.215420
-41.147175
-41.953449
-42.867046
-43.983719
-45.157635
-46.077282
-46.952900
-47.885757
-48.945194
-49.873100
-50.937489
-52.597370
-54.862091
-57.623238
-58.871449
-59.634792
-60.566547
-61.676620
-62.583611
-63.334297
-64.175797
-65.133965
-66.094894
-66.923180
-67.945747
-68.946846
-69.650200
-70.415199
-71.040955
-71.507111
-71.956200
-72.501060
-73.162033
-73.796051
-74.492798
-74.986473
-75.572052
-76.291367
-76.773483
-77.237434
-77.824120
-78.467484
-79.118011
-79.646904
-80.143326
-80.732758
-81.224777
-81.646904
-81.946846
-82.349159
-82.706894
-83.173042
-83.654053
-84.015091
-84.138374
-84.509315
-84.909424
-85.174698
-85.599022
-86.065170
-86.293022
-86.268806
-86.248444
-86.251198
-86.332649
-86.507660
-86.597366
-86.606178
-86.561043
-86.530777
-86.628189
-86.995277
-87.208817
-87.337051
-87.558296
-87.628189
-87.518120
-87.497208
-87.465286
-87.537933
-87.580307
-87.452621
-87.383278
-87.336502
-87.299629
-86.977119
-86.655159
-86.685974
-86.605072
-86.520866
-86.491150
-86.542336
-86.409698
-86.225876
-86.187904
-86.103149
-86.089943
-86.087189
-86.110855
-85.942993
-85.691483
-85.510414
-85.339249
-85.177994
-84.945747
-84.678268
-84.362915
-84.138374
-83.885757
-83.572052
-83.450974
-83.216522
-82.869797
-82.635895
-82.437218
-82.338150
-82.216522
-82.087738
-81.953453
-81.794945
-81.333199
-81.038757
-80.849434
-80.741013
-80.608376
-80.239639
-79.908325
-79.618835
-79.241837
-78.978767
-78.733856
-78.460884
-78.193954
-78.009590
-77.753670
-77.457031
-77.159836
-77.109749
-76.962807
-77.035454
-77.011787
-76.785042
-76.676071
-76.575356
-76.506561
-76.268257
-75.965561
-75.701385
-75.348061
-75.058022
-74.804855
-74.564896
-74.347504
-73.880257
-73.453728
-72.984818
-72.692581
-72.554993
-72.193954
-71.675522
-71.312836
-71.011787
-70.707443
-70.419601
-70.050316
-69.610031
-69.189552
-68.973816
-68.575356
-67.982620
-67.676071
-67.364571
-67.026649
-66.645248
-66.203316
-65.956200
-65.889610
-65.750916
-65.306229
-64.871994
-64.541229
-64.147728
-63.984272
-64.033806
-63.803204
-63.511513
-63.082787
-62.706890
-62.347507
-62.131767
-61.849983
-61.451523
-60.922630
-60.450424
-60.054718
-59.702488
-59.419052
-59.239086
-59.108101
-58.758072
-58.180199
-57.589664
-57.517017
-57.351360
-57.073978
-56.690380
-56.374474
-56.092690
-55.568752
-55.158733
-54.978218
-54.771832
-54.374474
-53.761925
-53.299625
-52.951248
-52.719547
-52.468037
-52.043159
-51.592415
-51.347507
-51.230282
-50.898964
-50.395390
-49.980968
-49.664513
-49.371723
-48.955650
-48.571503
-48.295223
-48.128464
-47.803204
-47.244041
-46.860439
-46.643047
-46.303478
-45.825768
-45.455929
-45.180748
-44.993626
-44.649101
-44.238537
-43.928684
-43.757523
-43.491150
-43.064625
-42.773483
-42.510414
-42.103149
-41.641949
-41.248444
-41.004086
-41.040958
-40.999130
-40.752018
-40.414650
-40.273209
-40.179096
-40.026649
-39.816410
-39.558292
-39.452625
-39.210468
-38.999130
-38.582508
-38.132317
-37.623238
-37.245689
-36.851635
-36.390984
-35.997478
-35.680473
-35.350807
-34.989223
-34.575905
-34.291920
-34.198910
-33.950699
-33.578655
-33.054165
-32.687077
-32.306229
-31.835123
-31.376125
-31.213219
-31.060221
-30.749268
-30.442169
-30.288069
-30.163687
-29.941343
-29.770733
-29.546186
-29.271557
-28.990875
-28.473539
-28.075630
-27.638096
-27.296324
-27.175245
-27.189554
-27.513165
-27.974915
-28.294672
-28.515366
-28.532427
-28.302927
-28.087738
-27.810907
-27.484547
-27.072878
-26.524172
-26.099846
-25.819714
-25.570402
-25.212669
-24.686527
-24.191755
-23.673868
-23.160385
-22.661211
-22.318338
-21.955652
-21.684326
-21.295773
-20.768530
-20.393738
-20.138371
-19.821915
-19.405294
-19.138371
-18.699186
-18.361816
-18.026098
-17.731657
-17.267706
-16.830721
-16.461981
-16.086637
-15.795498
-15.667815
-15.439967
-15.082234
-14.682674
-14.195608
-13.725603
-13.251744
-12.899516
-12.447672
-12.195058
-12.036004
-11.744315
-11.303478
-10.901167
-10.565449
-10.436665
-10.279263
-9.908872
-9.631492
-9.374475
-8.961706
-8.643049
-8.525823
-8.310082
-7.946296
-7.738261
-7.569851
-7.363467
-7.117457
-6.823566
-6.563797
-6.355212
-6.125713
-5.739912
-5.372273
-5.274859
-5.012889
-4.897865
-4.709092
-4.501607
-4.414100
-4.264953
-4.058569
-3.873099
-3.683225
-3.392636
-3.204414
-3.083885
-2.796048
-2.458679
-2.323291
-2.185702
-2.082785
-1.927034
-1.599571
-1.381079
-1.274309
-1.203313
-1.173043
-1.104799
-0.882455
-0.648553
-0.433913
-0.273209
-0.110853
-0.112504
-0.042058
0.071315
0.195146
0.309070
0.425195
0.608464
0.825305
0.901805
0.868784
0.948035
1.057556
1.177534
1.352548
1.296412
1.014629
0.549026
0.077369
-0.208817
-0.492251
-0.424007
-0.372823
-0.378877
-0.364568
-0.353010
-0.260000
-0.097644
0.146164
0.343192
0.552878
0.687716
0.898503
1.128002
1.261739
1.588652
1.875938
2.115344
2.333286
2.551778
2.692119
2.880341
2.990963
3.081222
3.183588
3.381717
3.573792
3.705328
3.820352
3.874838
4.103786
4.424645
4.673407
4.683313
4.632680
4.790633
5.019032
5.288707
5.405933
5.497843
5.589202
5.632130
5.749907
5.726791
5.845669
6.035542
6.261189
6.392174
6.439505
6.515454
6.587551
6.795586
7.011877
7.101585
7.163775
7.245228
7.404282
7.452713
7.324480
7.467573
7.613968
7.815399
8.091679
8.266142
8.435102
8.399879
8.360804
8.424094
8.642036
8.808245
8.960693
8.814299
8.644788
8.588652
8.572691
8.611767
8.752658
8.900704
9.074067
9.097733
9.041596
8.839615
8.993715
9.233671
9.287606
9.310170
9.359153
9.372361
9.573241
9.826406
9.969500
9.980506
10.000870
9.982708
9.963996
9.922719
9.962894
10.058657
10.116445
10.142311
10.255135
10.382267
10.551228
10.595806
10.495641
10.501695
10.503897
10.429048
10.504997
10.693770
10.847320
10.868784
10.830809
10.947485
11.007474
10.886395
10.694871
10.517105
10.336038
10.225965
10.229818
10.168729
10.139009
10.025636
10.109290
10.229268
10.267793
10.170380
10.255685
10.509400
10.538569
10.490138
10.522609
10.429598
10.404832
10.460419
10.489037
10.588652
10.485185
10.442257
10.495090
10.572141
10.507198
10.241926
10.117545
9.913363
9.754310
9.569940
9.399879
9.369609
9.326681
9.315124
9.213858
9.201750
9.256786
9.446659
9.637083
9.702025
9.814849
9.852823
9.952438
9.981607
9.927672
9.979405
10.009675
10.076268
10.204502
10.190192
10.108740
10.186891
10.267793
10.213858
10.284304
10.377315
10.330534
10.278250
10.288707
10.339890
10.343742
10.329984
10.315124
10.339890
10.573241
10.749907
10.820353
10.840165
10.864381
10.902355
10.849522
10.749907
10.751557
10.867132
11.038844
11.044898
11.047100
11.164326
11.274397
11.350897
11.253484
11.113693
10.976654
10.940331
10.905658
10.862730
10.873186
10.941431
10.838514
10.907309
10.998668
11.031139
10.889697
10.682763
10.290908
9.911161
9.506098
9.152218
8.904557
8.633230
8.415289
8.318976
8.225415
8.164326
8.104887
8.104887
8.161574
8.265041
8.454915
8.671756
8.877589
9.039394
8.873737
8.516555
8.044348
7.622223
