0.013806
-0.006982
0.026710
0.115599
0.315599
0.254667
0.173663
0.113448
0.095527
-0.059312
-0.108774
-0.043541
-0.070781
-0.136014
-0.244258
-0.186194
-0.166122
-0.179025
-0.151068
-0.017735
0.031728
0.044631
0.066136
0.112014
0.151441
0.219541
0.124918
0.063269
0.109147
0.046781
-0.042108
-0.134581
-0.078667
-0.146050
-0.154652
-0.052143
-0.012717
0.026710
-0.060029
-0.138882
-0.029921
0.072588
0.049649
0.157892
0.256100
0.223125
0.009505
-0.221319
-0.249993
-0.183326
-0.166122
-0.095871
0.015240
-0.034939
-0.076516
-0.105190
-0.045692
0.034595
0.150724
0.227427
-1.777591
-22.606266
-155.538162
-487.774719
-942.904480
-1426.712402
-1851.348877
-2175.310303
-2401.018555
-2550.222656
-2644.520264
-2698.577637
-2719.050781
-2707.600586
-2670.508057
-2615.548096
-2549.092285
-2477.227051
-2402.087891
-2325.832764
-2250.961182
-2178.658691
-2107.943115
-2038.284424
-1969.805542
-1902.902344
-1837.783325
-1774.361816
-1711.708740
-1650.459351
-1590.839233
-1531.660767
-1473.226318
-1415.756104
-1358.604126
-1302.128174
-1246.332397
-1190.449219
-1135.516602
-1081.817017
-1028.665771
-975.469360
-922.855713
-870.980469
-820.009155
-769.797668
-719.842102
-670.579041
-622.190491
-573.991211
-526.281555
-479.693726
-434.015594
-389.366852
-345.488708
-301.751068
-258.768982
-217.160385
-176.605545
-136.880814
-98.154655
-60.330280
-23.384760
12.854667
48.320618
82.885490
116.756462
149.652512
181.813812
213.313446
244.109863
274.066132
303.390869
332.263275
360.408783
388.010925
414.817383
441.015961
466.562195
491.368652
516.977234
541.626709
565.242493
587.960022
609.788025
630.852539
651.033875
670.575073
689.537842
707.676147
725.402344
742.575073
759.076904
774.922058
790.208801
805.060425
819.561462
833.418823
846.425293
858.784424
870.503418
881.685486
892.846069
902.870422
912.173645
921.342102
930.116333
938.385864
946.567200
955.352844
964.228882
972.601624
980.261108
987.544250
994.387268
1000.248962
1005.012390
1009.058228
1012.560730
1015.484802
1017.913452
1019.804504
1021.151428
1022.173645
1023.172241
1023.876160
1024.282593
1024.341431
1023.986572
1023.570068
1022.839600
1022.008057
1021.023132
1019.623840
1018.186584
1016.552185
1014.767944
1012.727051
1010.554321
1008.134216
1005.347168
1002.304138
999.071899
995.659668
992.109131
988.137817
983.808777
979.286926
974.442505
969.317749
964.101257
958.823120
953.286194
947.382263
941.331360
935.128479
929.058960
922.873291
916.516296
910.123474
903.633179
896.867554
890.024536
883.200928
876.226013
869.308411
862.463989
855.322754
848.105591
840.927795
833.532104
825.985840
818.387268
811.012390
803.562195
795.681885
787.572937
779.597290
771.299133
762.851074
754.373657
745.767944
737.279785
728.852539
720.257507
711.576538
703.156433
694.861816
686.544983
678.384399
669.954285
661.159302
652.422424
643.762939
635.070435
626.272583
617.455383
608.744263
600.215942
591.713440
582.813782
573.786560
565.377991
556.982239
548.456116
540.121338
531.883362
523.574402
515.016663
506.813812
498.827423
490.833160
482.652527
474.559326
466.275452
458.088348
450.145691
442.658264
435.053955
427.417389
419.916321
412.588715
405.071869
397.215942
389.544281
381.977966
374.355743
366.415955
358.313446
350.965057
344.256805
337.165070
329.938538
323.090515
316.385864
309.094818
301.317047
294.051086
287.194458
280.152863
272.649658
265.689087
259.036743
251.836029
244.188004
237.579391
231.392303
224.639618
217.590866
211.014526
204.971512
198.761475
192.391586
186.539261
181.033875
175.185135
168.962189
163.091232
157.159332
150.919189
144.741409
138.775101
132.112015
124.668289
116.855385
109.021690
103.001617
97.346420
91.635315
86.020973
80.532089
74.990150
69.581551
64.647499
59.377247
54.182983
49.447498
44.736385
39.919182
35.058250
30.294094
25.457535
20.343555
15.213090
10.318466
5.712731
0.726351
-4.374007
-9.058595
-13.459311
-17.862179
-21.969706
-26.339598
-30.883684
-35.362537
-39.802681
-43.837807
-47.625622
-51.588345
-55.280102
-58.718094
-62.379742
-66.173294
-69.677948
-73.252861
-76.987625
-80.641388
-83.972572
-87.153221
-90.339600
-93.433502
-96.822037
-100.069351
-103.376877
-106.204117
-109.197662
-112.135300
-114.997665
-117.870781
-120.758957
-123.639236
-126.353218
-129.079376
-131.834229
-134.733856
-137.434219
-140.135300
-142.523834
-145.102325
-147.579742
-150.258591
-152.684402
-154.991211
-157.570419
-159.943893
-162.120239
-164.477951
-166.960388
-169.543182
-171.874359
-173.896591
-175.823471
-178.026337
-180.263611
-182.216309
-184.084396
-185.908768
-187.543182
-189.039963
-190.795517
-192.815582
-194.586197
-196.079376
-197.796234
-199.753220
-201.672928
-203.343903
-204.955368
-206.587631
-208.068634
-209.376877
-210.738876
-212.035660
-213.097305
-214.286545
-215.443542
-216.330994
-217.199097
-218.430634
-219.794083
-220.856445
-221.652145
-222.595520
-223.380463
-224.305908
-225.510208
-226.573288
-227.391922
-228.023468
-228.624908
-229.346771
-230.278671
-231.250000
-231.758240
-232.265762
-232.983322
-233.699448
-234.346054
-234.887985
-235.363251
-235.730286
-236.147491
-236.663620
-237.021317
-237.443542
-237.976868
-238.272934
-238.546768
-239.003403
-239.472214
-239.886551
-240.015579
-240.161819
-240.408417
-240.605545
-240.702316
-240.660034
-240.730286
-240.805542
-240.717377
-240.803391
-240.862900
-240.943176
-241.096588
-241.119522
-241.080811
-241.148193
-241.424896
-241.422760
-241.316666
-241.177597
-241.079376
-240.858597
-240.524551
-240.310928
-239.923828
-239.594086
-239.189774
-238.872925
-238.630630
-238.420609
-238.184036
-237.662186
-237.229919
-236.938889
-236.627060
-236.298737
-236.007706
-235.744614
-235.498734
-235.019165
-234.675079
-234.199814
-233.660034
-233.211288
-232.643539
-232.050705
-231.390488
-230.774719
-230.287979
-229.799820
-229.538162
-228.824188
-227.948196
-227.148911
-226.515945
-225.876511
-224.912354
-224.016296
-223.429199
-223.401245
-223.310928
-223.195511
-223.110931
-222.809845
-222.619888
-222.295868
-221.526703
-220.773285
-220.121674
-219.245697
-218.476517
-217.894440
-217.250000
-216.308777
-215.444260
-214.601242
-213.577591
-212.550354
-211.462891
-210.566833
-209.941742
-209.210571
-208.250000
-207.067200
-205.976151
-205.057159
-204.163971
-203.049271
-201.931717
-200.928131
-199.871506
-198.939606
-197.981171
-197.001251
-195.984039
-194.998383
-194.115936
-193.048553
-192.086548
-191.245697
-190.402679
-189.456451
-188.429199
-187.120239
-185.844971
-184.733856
-183.652863
-182.781174
-181.647125
-180.396942
-179.358948
-178.328842
-177.439240
-176.452148
-175.234940
-174.091568
-173.159668
-172.186188
-171.090851
-170.193359
-169.174728
-168.091568
-167.036377
-166.042831
-165.087265
-164.142471
-162.995514
-161.953217
-160.888702
-159.588348
-158.254288
-156.958237
-155.781891
-154.743179
-153.750351
-152.708054
-151.769699
-150.801254
-149.638519
-148.548203
-147.560394
-146.561111
-145.452866
-144.338882
-143.325256
-142.434937
-141.373291
-140.198380
-139.084396
-138.239960
-137.153214
-136.082245
-134.993362
-133.888702
-132.886551
-131.690857
-130.667191
-129.682251
-128.416306
-127.185478
-126.054291
-125.087982
-124.071495
-122.794083
-121.767555
-120.941750
-119.951782
-118.776878
-117.649994
-116.515945
-115.498741
-114.677231
-113.966125
-112.823471
-111.511642
-110.521675
-109.504471
-108.374725
-107.238525
-106.149635
-105.091568
-104.103760
-103.196945
-102.303040
-101.374008
-100.319527
-99.282249
-98.580460
-97.705910
-96.666481
-95.561104
-94.695152
-94.006981
-93.346046
-92.698738
-91.763252
-90.681534
-89.875801
-89.125977
-88.452141
-87.766121
-87.014153
-86.157516
-85.441391
-84.578308
-83.801964
-83.004829
-82.149635
-81.247841
-80.175438
-79.370422
-78.475082
-77.551788
-76.774727
-76.271500
-75.528847
-74.594078
-73.672218
-72.778305
-72.060028
-71.333145
-70.492287
-69.690140
-69.232788
-68.791214
-68.490135
-68.282249
-67.999817
-67.465050
-66.908058
-66.105186
-65.515228
-64.774010
-63.727413
-62.769707
-61.824188
-60.874367
-59.836372
-59.155369
-58.214149
-57.086552
-55.827053
-54.817734
-54.065048
-53.232071
-52.275082
-51.333862
-50.480099
-49.439957
-48.613434
-47.880100
-47.194080
-46.394077
-45.318092
-44.272930
-43.493004
-42.661461
-41.968273
-41.113075
-40.341747
-39.731712
-38.867199
-38.014149
-37.236374
-36.482967
-35.905907
-35.374008
-35.056446
-35.017735
-35.088703
-34.904472
-34.438522
-33.894436
-33.433506
-32.885834
-32.332432
-31.617735
-30.809849
-30.138882
-29.488703
-28.829922
-28.185476
-27.627771
-26.840673
-26.034222
-25.196230
-24.695871
-24.018452
-23.263613
-22.378307
-21.581892
-20.814867
-20.227770
-19.624186
-18.993362
-18.356802
-17.620602
-16.949635
-16.490137
-16.034222
-15.465047
-14.533147
-13.614151
-13.125978
-12.629205
-11.993362
-11.240674
-10.784043
-10.110925
-9.285118
-8.427053
-7.858595
-7.368272
-6.651426
-6.075082
-5.598380
-5.114509
-4.444975
-3.789778
-3.078667
-2.533864
-1.993362
-1.510208
-0.996946
-0.365405
0.183699
0.817391
1.391584
1.707713
2.006638
2.153591
2.256817
2.537104
2.977964
3.662552
4.265419
4.683341
5.024559
5.347857
5.673305
5.856101
5.951441
6.253950
6.520617
6.912731
7.461835
8.044631
8.506280
9.018107
9.413807
9.724917
10.227427
10.719899
11.181548
11.537104
11.867570
12.394451
13.037462
13.265419
13.388000
13.685491
14.186566
14.620258
15.004487
15.555025
16.040329
16.394451
16.640329
16.924917
17.380831
17.874022
18.299110
18.605204
18.896961
19.251799
19.731369
20.106279
20.413807
20.662552
20.904129
21.050365
21.247498
21.437462
21.628143
21.876171
22.208071
22.428860
22.658251
22.843197
23.144272
23.308430
23.370079
23.671871
23.937820
24.278322
24.563627
24.810223
25.020975
25.229576
25.360043
25.577965
25.972229
26.217390
26.430294
26.679039
27.076889
27.367212
27.620258
27.620975
27.817390
28.159327
28.326351
28.180115
28.314165
28.544271
28.703413
28.808788
29.025993
29.288359
29.415956
29.238180
29.555742
29.907713
30.117748
30.155743
30.355742
30.567211
30.533520
30.509863
30.496960
30.655384
30.798752
30.882624
30.778681
30.774380
31.072588
31.208071
31.181549
31.217390
31.289793
31.378681
31.350008
31.315599
31.352158
31.501978
31.761477
31.708429
31.970797
32.288357
32.322052
32.337105
32.482624
32.636028
32.698395
32.632446
32.557892
32.661118
32.770081
32.795887
32.847500
32.940689
32.947140
33.026711
33.070438
33.110580
33.195168
33.136387
33.134953
33.129936
33.274021
33.314163
33.328503
33.306995
33.380116
33.451084
33.344273
33.408073
33.484058
33.594452
33.841045
34.100544
34.190868
34.284058
34.322052
34.468288
34.552158
34.633877
34.638897
34.618107
34.562912
34.486206
34.506996
34.526352
34.488358
34.560043
34.649651
34.714165
34.654667
34.666138
34.599468
34.557892
34.642479
34.693375
34.559326
34.462551
34.489075
34.538536
34.577965
34.509148
34.586567
34.704128
34.625992
34.625275
34.666138
34.656818
34.507713
34.319183
34.412373
34.597321
34.500546
34.481907
34.529217
34.319901
33.918465
33.517033
33.325634
33.314880
33.333519
33.202335
33.104130
32.977249
32.920616
32.950726
33.007355
32.914165
32.702694
32.765778
32.824558
32.709866
32.696960
32.761478
32.712013
32.609505
32.575096
32.389435
32.193016
32.186565
32.103413
32.054668
31.918467
31.960760
31.804487
31.928501
32.028145
32.031010
32.126350
32.178680
32.026711
31.975098
32.053951
32.165779
32.080475
31.906996
