0.093073
0.193844
0.269835
0.182830
0.183932
0.047368
-0.050099
-0.010452
-0.048998
-0.069923
-0.048998
0.013778
0.078756
0.071046
0.084262
0.036355
0.028095
-0.126090
-0.150319
-0.078733
-0.038535
0.024791
-0.020363
-0.138756
-0.058910
-0.121685
-0.023117
-0.036883
-0.062764
-0.074879
-0.143711
-0.120584
-0.061112
-0.019813
-0.037434
0.044064
0.117852
0.088667
0.100782
0.073249
0.029196
0.011024
0.137126
0.087015
-0.053954
-0.093601
-0.191068
-0.155275
-0.050099
0.089218
0.069945
0.067742
0.115650
0.018733
0.016531
0.038007
0.013227
-0.002742
0.003315
-0.024769
-1.334791
-15.082588
-104.093605
-350.569366
-664.013184
-964.811646
-1222.001587
-1410.881592
-1530.898682
-1598.616699
-1635.574341
-1655.616699
-1664.443848
-1662.651367
-1654.243408
-1642.085938
-1626.840820
-1609.503296
-1591.463623
-1572.362915
-1551.856323
-1530.589722
-1508.079834
-1484.019775
-1459.333130
-1433.814941
-1406.766479
-1378.993896
-1350.732910
-1322.238403
-1293.645874
-1264.243896
-1234.645386
-1205.023682
-1174.601807
-1143.718018
-1113.012085
-1082.158081
-1051.256592
-1020.454834
-989.434998
-958.484558
-927.602417
-896.439392
-865.325989
-834.499451
-803.856812
-773.143738
-742.606262
-712.224670
-682.022034
-652.181702
-622.143738
-592.287415
-562.602417
-533.224121
-504.433899
-475.736786
-447.132690
-418.803955
-390.983459
-363.247223
-335.581482
-308.113434
-280.787994
-254.004395
-227.680054
-201.549545
-175.955383
-150.479065
-125.203186
-100.313866
-75.848007
-51.563866
-27.556707
-3.807808
19.607941
42.476883
65.094177
87.611794
109.799019
131.625565
153.105194
174.139877
195.049026
215.471375
235.467529
255.069946
274.383820
293.525330
312.251648
330.697693
349.414093
367.697693
385.354095
402.357941
419.118408
435.579865
451.339783
466.712555
481.837006
496.520935
510.793518
524.846924
538.463135
551.805603
564.743408
577.106262
589.151978
600.963684
612.337585
623.513794
634.214783
644.561157
654.628845
664.382141
673.998901
683.376099
692.541321
701.330383
709.521484
717.387146
724.886597
732.142090
739.175110
745.715881
751.722473
757.438904
763.004395
768.519836
773.712036
778.650879
783.319946
787.720276
791.801758
795.475769
798.776428
801.984619
804.771484
807.273132
809.839233
812.101318
814.035278
815.835938
817.232361
818.291870
819.149231
819.721375
820.203186
820.382690
820.191650
819.888245
819.467529
818.935608
818.000549
816.804504
815.398682
814.094727
812.696594
811.138794
809.286926
807.351318
805.092529
802.553406
799.734070
796.902527
794.023682
790.739563
787.432251
783.938904
780.346924
776.886047
773.311707
769.609070
765.862366
761.867859
757.700989
753.471924
749.116760
744.723022
740.108521
735.317200
730.560059
725.755493
720.727417
715.578735
710.144836
704.742859
699.198792
693.438904
687.587585
681.987915
676.265991
670.429504
664.539673
658.727966
652.789124
646.669617
640.513794
634.437256
628.409180
622.291870
616.052856
609.849670
603.607361
597.381592
591.232361
584.954834
578.555603
572.034729
565.557800
559.238464
553.075439
546.601868
539.840332
533.194946
526.346924
519.698242
513.098572
506.545166
500.256073
494.059479
487.504425
480.755524
474.000549
467.252777
460.596924
453.809479
447.111237
440.519287
434.104095
427.633820
420.946045
414.257172
407.725769
401.229645
394.801788
388.093628
381.375000
374.865112
368.434479
361.986786
355.640442
349.219177
342.661346
336.107391
329.640442
323.216980
316.765442
310.486237
304.471375
298.432281
292.364563
286.125549
279.811676
273.690002
267.356293
261.197693
255.213120
249.116196
242.831512
236.870605
231.038010
225.232391
219.326553
213.422363
207.807281
201.875015
195.969727
190.282501
184.753311
179.286911
173.737900
168.181732
162.857941
157.578751
152.165207
146.446045
140.984589
135.615646
130.290756
125.090874
120.021484
114.982391
110.111794
105.236794
100.340874
95.543510
90.819946
86.053429
81.417961
76.736794
71.927872
67.166313
62.636574
58.115650
53.640430
49.185585
44.892082
40.543514
36.118404
31.523689
27.157499
22.963118
18.797918
14.720275
10.858491
6.971376
2.964218
-0.857368
-4.549549
-8.432258
-12.463095
-16.175098
-19.855717
-23.705385
-27.494482
-31.087543
-34.703735
-38.222454
-41.767609
-45.172897
-48.649220
-52.049549
-55.284679
-58.520916
-62.104614
-65.563866
-68.813316
-72.042389
-75.360672
-78.362877
-81.316620
-84.292389
-87.311661
-90.367828
-93.477966
-96.452629
-99.495583
-102.367828
-105.168488
-107.980713
-110.693825
-113.529175
-116.475212
-119.316620
-122.149216
-124.780823
-127.382149
-129.856812
-132.230164
-134.469147
-136.789642
-138.973007
-141.104614
-143.393158
-145.785782
-148.083145
-150.142059
-152.235672
-154.410782
-156.386002
-158.327637
-160.374435
-162.392609
-164.357925
-166.153076
-167.906372
-169.703186
-171.443268
-173.142059
-174.889313
-176.621689
-178.230713
-179.805603
-181.345261
-182.775864
-184.236771
-185.547348
-187.005493
-188.513748
-189.887100
-191.147568
-192.475754
-193.733475
-195.037430
-196.314423
-197.507141
-198.637100
-199.753845
-200.591949
-201.769257
-202.894806
-203.992279
-204.889313
-205.877747
-206.833145
-207.708145
-208.495026
-209.301193
-210.107361
-210.958145
-211.773666
-212.503845
-213.205933
-213.904175
-214.496689
-215.251083
-215.979065
-216.600204
-217.120590
-217.560562
-218.022568
-218.682816
-219.171799
-219.624435
-220.072678
-220.607361
-220.928406
-221.327087
-221.645920
-221.879395
-222.086990
-222.253296
-222.438858
-222.563858
-222.653625
-222.875534
-223.093048
-223.246689
-223.236221
-223.352417
-223.441620
-223.637650
-223.805603
-223.987320
-224.079834
-224.041290
-224.006042
-223.940521
-223.926758
-224.010452
-224.083145
-224.219696
-224.375534
-224.395370
-224.328735
-224.333694
-224.234024
-224.061661
-223.790741
-223.527527
-223.239532
-222.824875
-222.468048
-222.173996
-221.905273
-221.443817
-221.040741
-220.790741
-220.459793
-220.002747
-219.579834
-219.207031
-218.683365
-218.053955
-217.796249
-217.433365
-216.899765
-216.221909
-215.760452
-215.307251
-214.761551
-214.232925
-213.690521
-213.034683
-212.363419
-211.830933
-211.164093
-210.595810
-209.919586
-209.119476
-208.405273
-207.882706
-207.217499
-206.593597
-205.908035
-205.338638
-204.660782
-203.897018
-203.059464
-202.363419
-201.718597
-201.055603
-200.306702
-199.730164
-199.080383
-198.417389
-197.751083
-196.924545
-195.936111
-195.073776
-194.349655
-193.687210
-193.037979
-192.403076
-191.595261
-190.643158
-189.855164
-189.040741
-188.166840
-187.269806
-186.308914
-185.431702
-184.578186
-183.818268
-183.089203
-182.294037
-181.367828
-180.422348
-179.449875
-178.611771
-177.797348
-176.851303
-175.910233
-175.034134
-174.113419
-173.200424
-172.354614
-171.384354
-170.428955
-169.401978
-168.552856
-167.925095
-167.223557
-166.293488
-165.291840
-164.328186
-163.584244
-162.515961
-161.457031
-160.590851
-159.636551
-158.584793
-157.554504
-156.626083
-155.691071
-154.775864
-153.982361
-153.059464
-152.015411
-151.022018
-150.129395
-149.147018
-148.161880
-147.265961
-146.437759
-145.542389
-144.629944
-143.742279
-143.017059
-142.305054
-141.596909
-140.647018
-139.696030
-138.801193
-138.029175
-137.271469
-136.338638
-135.312210
-134.380493
-133.327637
-132.248337
-131.208694
-130.155823
-129.189972
-128.245026
-127.223557
-126.120583
-125.243378
-124.449883
-123.806160
-123.183357
-122.482918
-121.788536
-121.004395
-120.196022
-119.259903
-118.214195
-117.270363
-116.425652
-115.439415
-114.455933
-113.527519
-112.834244
-112.107918
-111.613976
-111.312210
-111.011551
-110.530823
-109.732368
-108.920692
-108.039635
-106.844154
-105.824883
-104.916290
-104.193825
-103.328186
-102.346909
-101.452629
-100.327629
-99.248886
-98.338097
-97.402519
-96.397018
-95.439415
-94.493378
-93.431160
-92.438866
-91.465851
-90.500542
-89.382149
-88.240631
-87.259354
-86.306709
-85.341949
-84.395363
-83.496681
-82.654724
-81.669594
-80.700432
-79.705383
-78.786880
-77.952629
-77.090851
-76.126091
-75.292389
-74.234016
-73.201530
-72.387100
-71.551750
-70.696022
-69.895912
-69.053406
-68.102409
-67.204834
-66.404175
-65.497787
-64.575432
-63.821026
-62.899220
-61.997787
-61.032478
-60.156376
-59.272015
-58.465847
-57.606815
-56.763206
-55.810562
-54.981266
-54.078182
-53.264858
-52.493382
-51.822678
-50.912434
-50.013756
-49.252743
-48.634350
-48.069374
-47.414085
-46.553955
-45.698776
-44.922344
-44.167942
-43.390957
-42.647015
-41.978512
-41.396465
-40.774220
-40.088097
-39.331486
-38.382698
-37.520363
-36.889858
-36.258801
-35.643162
-34.906929
-34.168491
-33.421795
-32.674549
-32.068272
-31.552301
-31.128843
-30.678953
-30.107918
-29.664085
-29.154724
-28.598007
-28.104063
-27.503843
-26.836994
-26.109570
-25.529175
-24.975210
-24.474659
-23.877192
-23.430605
-22.851311
-22.146465
-21.487324
-20.890408
-20.444372
-19.836443
-19.321575
-18.893160
-18.485121
-18.045694
-17.659681
-17.190517
-16.560011
-16.001640
-15.406377
-14.781377
-14.255496
-13.791840
-13.449328
-13.092500
-12.883249
-12.686112
-12.675650
-12.270914
-11.899218
-11.414637
-10.984020
-10.313315
-9.717500
-9.401421
-9.081487
-8.615627
-8.086993
-7.702632
-7.257148
-6.892059
-6.759350
-6.323778
-5.830936
-5.548998
-5.147566
-4.731266
-4.364526
-3.901971
-3.367280
-2.857919
-2.371134
-2.040738
-1.560011
-1.067170
-0.718601
-0.308910
0.122808
0.570496
0.958711
1.467522
1.945496
2.465870
2.886575
3.311685
3.545716
3.835363
4.103535
4.623359
5.142632
5.697147
6.130517
6.443293
6.759923
7.174020
7.802324
8.171817
8.453205
8.770936
9.101333
9.453755
9.773689
10.029747
10.411905
10.724130
11.080958
11.572699
11.991200
12.363997
12.706509
12.974681
13.241751
13.463668
13.702104
13.931729
14.289108
14.680628
15.025892
15.263778
15.628865
15.819945
16.051773
16.180077
16.241199
16.430077
16.698250
16.980186
17.277544
17.649790
17.914108
18.232941
18.531950
18.619505
18.755518
19.084263
19.394283
19.583160
19.754967
19.970276
20.196047
20.493402
20.873360
21.160254
21.352985
21.524240
21.649790
21.742302
22.163006
22.385473
22.415209
22.498909
22.644283
22.856840
23.063337
23.368954
23.590319
23.756618
23.892632
23.903095
24.201002
24.514879
24.654747
24.687235
24.778095
24.757170
24.526443
24.597479
24.618954
24.892082
25.071047
25.175121
25.250011
25.399790
25.493402
25.482941
25.487347
25.652544
25.863998
26.056179
26.241751
26.475231
26.779196
26.914660
27.030848
27.121708
27.165760
27.069395
27.049570
27.307831
27.574350
27.749460
27.916311
28.007721
28.043512
28.136576
28.204857
28.186134
28.304527
28.376663
28.395386
28.363447
28.321047
28.460915
28.455408
28.408602
28.507170
28.777544
28.915760
29.079857
29.230738
29.368402
29.462566
29.473028
29.447699
29.474680
29.486244
29.460363
29.561686
29.648689
29.704306
29.675121
29.634922
29.652544
29.682280
29.698250
29.780298
29.822147
29.879416
29.909151
29.957060
30.050121
30.173470
30.230738
30.289108
30.307280
30.297367
30.547918
30.647589
30.845825
30.970276
30.964218
30.789660
30.756618
30.882170
31.155298
31.292963
31.304527
31.394835
31.338667
31.427324
31.442192
31.424570
31.424021
31.400341
31.426773
31.513227
31.460363
31.435583
31.364548
31.317192
31.330408
31.228535
31.011024
30.748909
30.545166
30.174021
29.567741
29.076002
28.627214
28.198799
27.856289
27.737896
27.613998
27.509922
27.551222
27.566090
27.617853
27.758821
27.809483
27.716421
27.562235
27.478535
