-0.224119
-0.022420
-0.037282
-0.058514
0.092229
0.336391
0.230234
0.066752
0.007304
-0.033036
-0.033036
-0.211380
-0.213503
-0.245350
-0.302675
-0.243227
-0.557452
-0.432187
-0.262335
0.005180
-0.054268
-0.158301
-0.117962
-0.033036
0.251465
0.671847
0.593291
0.542335
0.586921
0.525350
0.408578
0.289682
0.232357
-0.160425
-0.209257
-0.232611
-0.202887
-0.272951
-0.277197
-0.321783
-0.111592
-0.071253
0.094352
0.028535
0.017919
-0.088238
-0.137070
-0.020297
0.141062
0.223864
0.308790
0.136815
0.104968
-0.009682
0.062505
0.111338
0.194140
0.064628
-0.081868
-0.011805
-2.839830
-24.226242
-143.226242
-429.054260
-792.497986
-1151.444946
-1462.368530
-1697.033081
-1859.621094
-1962.376953
-2019.687012
-2042.391846
-2037.572266
-2011.128540
-1970.328125
-1918.924805
-1859.623291
-1797.117920
-1733.858887
-1670.635986
-1608.512817
-1548.139160
-1489.682739
-1433.750610
-1379.500122
-1326.005493
-1274.379150
-1224.171021
-1174.691162
-1126.542603
-1079.020264
-1031.219849
-984.591431
-939.077637
-893.686951
-849.481018
-806.219849
-763.030884
-721.166809
-680.205017
-640.030884
-600.436462
-561.686951
-523.077637
-485.485260
-448.544708
-412.255951
-376.912018
-341.901398
-307.470398
-273.907776
-241.222000
-209.230484
-177.929001
-146.914139
-116.283569
-85.841957
-56.292061
-27.984203
-0.181656
27.085859
53.788620
79.623016
104.981827
129.852310
153.569931
176.627258
198.729172
219.837448
240.436172
260.663361
280.363983
299.332153
317.340637
334.782257
352.202637
369.332153
385.841705
401.862915
417.083740
432.096466
446.913879
461.406464
475.431946
488.293915
500.211121
512.232361
523.457397
533.905396
544.257812
554.389465
564.397949
574.380981
583.782227
593.077393
602.226013
612.274841
624.814087
638.389465
650.380981
660.828979
670.497742
679.062500
686.548706
692.937256
698.610291
703.215393
707.034912
710.372498
713.285461
715.656982
717.533813
719.062500
719.916016
720.752502
721.684570
722.468018
723.037048
723.618774
723.867188
723.935120
723.894775
723.633606
723.238708
722.918152
722.300293
721.045532
719.865051
718.516846
716.682434
714.884155
713.196289
711.226013
709.017944
706.926636
704.722778
702.376709
699.850220
697.211121
694.419189
691.094360
687.355469
683.397949
679.457397
675.625122
671.535950
667.453186
663.230225
659.045532
654.319397
649.565674
644.814087
640.349121
635.969116
631.850220
627.756775
623.336365
618.722778
614.172913
609.321533
604.391602
599.633606
594.964844
590.041260
584.597534
579.404358
574.669739
569.665466
564.291809
558.852295
553.710083
548.364014
542.956360
537.656982
531.794983
525.852295
520.272705
514.291809
507.678223
500.720673
493.047638
485.366119
478.321533
471.633636
465.238739
459.100708
452.801361
446.805603
441.612396
436.240845
430.739777
425.514740
420.083740
414.342773
408.213257
401.837463
395.937225
390.561432
384.786499
378.986084
373.501984
367.841705
362.009430
356.327911
350.875671
345.533844
339.733429
333.686707
328.211121
323.003052
317.202637
311.349121
305.625153
300.143188
294.576294
288.567810
282.839569
278.253601
273.285431
267.349121
261.423431
256.578430
251.894775
246.440430
241.181396
236.761017
232.202637
226.856567
221.623016
216.610275
211.735535
206.049759
200.474396
195.357620
190.414948
185.102844
179.521103
174.045517
169.234482
164.531723
159.342758
154.595413
149.835327
145.017914
140.034897
135.221741
130.839569
126.735542
122.542336
118.211128
113.892654
109.508362
104.958473
100.480766
96.132568
92.051888
87.627258
83.151680
78.799232
74.022163
69.045517
64.054016
59.177155
54.913887
50.990318
47.022167
43.240849
39.990318
36.546581
33.117706
29.816221
26.372484
23.287558
20.544458
17.627260
14.572060
11.695202
8.597537
5.380977
2.325775
-0.727304
-3.861062
-6.710319
-9.523482
-12.347261
-15.629639
-18.706072
-21.631762
-24.703949
-27.582930
-30.548960
-33.111591
-35.691212
-38.508621
-41.173164
-43.999065
-46.822845
-49.466156
-51.557453
-54.105225
-56.663609
-59.430065
-61.916264
-64.400337
-67.181656
-69.912018
-71.990570
-73.606285
-75.642380
-78.247475
-80.950233
-83.054268
-84.971466
-87.221992
-89.211380
-91.192268
-92.962975
-94.869553
-96.646622
-98.576561
-100.553207
-102.264458
-103.950233
-105.844078
-107.720932
-109.546837
-111.585052
-113.421570
-115.355751
-117.141319
-118.565948
-119.784630
-121.151932
-122.714561
-124.495880
-126.224121
-127.631760
-128.674225
-129.945984
-131.440674
-132.769760
-134.302673
-135.419449
-136.440674
-137.423691
-138.771896
-139.865311
-141.326035
-142.716690
-143.912018
-144.852570
-145.931122
-147.304794
-148.693329
-149.954483
-151.026672
-151.943863
-152.920517
-154.262329
-155.362122
-156.109467
-156.349380
-156.918381
-157.657242
-158.440674
-159.205017
-160.130707
-160.984207
-161.665726
-162.370621
-162.761276
-163.300552
-163.835587
-164.491638
-165.381226
-165.971466
-166.162552
-166.419449
-167.185898
-171.646622
-183.774017
-184.712448
-185.173157
-185.502243
-185.878052
-186.198639
-186.740036
-187.071259
-187.196518
-187.043655
-186.848328
-187.062759
-187.653000
-188.071259
-188.162552
-188.311172
-188.419449
-188.708191
-188.797363
-188.737915
-188.763397
-188.750656
-188.992691
-189.362122
-189.682724
-189.684845
-189.502243
-189.863190
-190.056396
-189.941742
-189.937500
-190.022415
-189.858932
-189.793121
-189.466156
-189.432190
-189.701828
-189.481018
-189.092484
-189.122208
-189.185898
-188.763397
-188.517105
-188.580811
-188.525604
-188.100983
-187.861069
-187.697586
-187.366364
-187.340897
-187.315414
-187.262329
-186.627518
-185.708191
-185.230484
-184.882294
-184.461914
-184.444931
-184.385483
-184.033035
-183.580811
-183.094604
-182.884415
-182.761276
-182.604156
-182.047897
-181.351501
-181.050018
-180.776138
-180.213501
-179.769760
-179.120087
-178.517105
-177.865311
-177.381226
-176.875931
-176.536224
-176.306915
-175.850449
-175.103104
-174.317535
-173.387604
-172.765518
-172.260208
-172.030914
-171.699707
-170.837708
-170.086121
-169.546829
-168.827087
-168.100983
-167.491638
-166.897156
-166.134949
-165.689087
-165.419449
-164.990570
-164.391846
-163.820724
-162.863190
-161.958725
-161.393967
-160.931122
-160.402466
-159.519241
-158.396088
-157.786758
-157.058517
-156.733673
-156.268707
-155.527725
-154.858932
-154.173157
-153.616898
-152.767639
-151.865311
-150.926880
-149.733673
-148.723053
-147.937500
-147.020294
-146.264465
-145.391846
-144.519241
-143.459793
-142.374863
-140.213501
-136.822845
-134.703949
-133.740036
-132.587173
-131.075500
-129.708191
-128.597794
-126.729424
-121.181656
-113.236855
-105.718811
-102.379105
-101.512863
-100.867432
-100.330276
-99.521362
-98.555328
-97.487389
-96.979958
-96.563820
-96.003311
-95.398216
-94.897156
-94.901398
-94.816475
-94.081871
-93.391846
-93.117958
-92.595665
-91.878044
-91.298431
-90.568069
-89.289940
-87.892906
-87.115837
-86.506500
-85.733673
-84.852570
-84.260216
-83.510742
-82.595665
-81.895035
-81.381233
-80.650871
-79.614777
-78.848320
-78.047897
-76.994820
-75.805862
-74.979958
-74.372742
-73.727303
-73.221992
-72.294182
-71.629639
-70.933250
-70.309044
-69.347260
-68.525604
-67.661484
-66.619026
-65.472527
-64.763397
-64.166794
-63.674225
-63.016052
-62.139194
-61.374863
-60.740044
-60.058514
-59.391846
-58.455540
-57.440678
-56.657242
-56.120087
-55.353630
-54.389725
-53.298428
-52.476772
-51.878048
-51.028790
-50.262337
-49.612656
-48.744289
-47.986328
-47.045776
-46.243229
-45.572315
-44.678471
-43.948109
-43.614777
-43.185902
-42.387600
-41.718811
-41.504375
-41.829216
-41.895031
-41.965096
-42.062759
-41.727303
-41.444927
-41.060638
-40.546837
-40.033035
-39.194393
-38.124332
-37.196518
-36.841953
-36.054268
-35.536221
-35.060638
-34.565945
-34.126453
-33.667854
-33.262337
-32.920509
-32.268703
-31.725180
-31.589300
-31.572313
-31.330276
-30.867432
-30.228365
-29.744289
-29.247473
-28.880169
-28.636009
-28.298429
-27.814352
-27.039406
-26.470404
-26.013927
-25.283567
-24.718811
-24.323906
-23.797367
-23.166794
-22.631762
-22.179533
-21.311169
-20.546837
-19.844076
-19.151932
-18.761274
-18.298429
-17.491634
-16.854692
-16.659363
-16.434311
-15.814352
-15.202888
-14.695457
-14.268704
-13.657240
-13.156178
-12.652993
-11.950233
-11.504374
-10.797367
-10.171041
-9.795244
-9.317537
-8.996943
-8.737919
-8.353631
-8.272951
-8.120085
-7.979958
-7.882293
-8.113715
-7.962972
-7.833461
-7.689087
-7.538344
-7.574437
-7.440680
-7.362123
-7.007558
-6.565945
-6.028790
-5.449172
-5.018174
-4.695457
-4.143439
-3.391847
-2.712442
-2.145563
-1.943864
-1.757028
-1.487388
-1.296306
-0.814352
-0.238981
0.147431
0.321529
0.763142
1.109214
1.567813
2.081614
2.368238
2.576306
2.786497
3.404331
3.640000
3.852314
4.355499
4.833206
5.287559
5.457410
5.722803
5.780128
6.075244
6.257834
6.385223
6.667601
6.949979
7.557198
7.988195
8.353375
8.340637
8.788620
8.990318
9.124077
9.529596
9.839576
9.884161
9.998811
10.347007
10.837452
10.969087
11.051889
11.330021
11.739788
12.070998
12.100722
12.310913
12.595414
12.790743
12.710064
12.882038
12.962718
13.121953
13.213248
13.459533
13.512611
13.773758
14.049767
14.247219
14.160170
14.315159
14.542336
14.771635
14.907516
15.200510
15.451040
15.431932
15.389469
15.514734
15.608152
15.911762
15.559320
15.724926
16.126200
16.599661
16.724926
16.811974
16.969088
17.047644
17.155924
17.304544
17.306667
17.410700
17.361868
17.518980
17.695202
17.465902
17.090107
16.867176
16.964840
17.170786
17.315159
17.421316
17.639999
17.969088
18.257833
18.508366
18.408577
18.393715
18.436178
18.200510
17.913885
17.807728
17.673971
17.504118
17.149553
16.809851
16.801359
16.633631
16.569937
16.559320
16.818344
17.051889
17.179277
17.538090
17.729172
17.733418
17.797113
17.773758
17.487133
17.359745
17.453163
17.701571
17.686708
17.614523
17.529596
17.835329
18.308790
18.419193
18.493504
18.612400
18.979702
18.935118
18.920256
18.693079
18.576305
18.427687
18.351254
18.251465
18.268450
18.472271
18.423439
18.529596
18.729172
19.047644
18.969088
18.639999
18.582676
18.663355
18.786497
18.786497
18.848068
19.100721
19.196262
19.274820
19.202633
19.291805
19.457409
19.338514
19.264204
19.512611
19.529596
19.476519
19.240849
18.986073
19.034904
19.032782
18.801359
18.754650
18.654861
18.508366
18.637877
18.716433
18.820467
18.975456
19.149553
19.238726
19.009426
18.928747
18.964840
18.659109
18.557198
18.623014
18.682463
18.801359
18.807728
18.635754
18.867176
19.187771
19.429810
19.378853
19.141062
19.325775
19.164415
19.145308
19.192017
19.470148
19.279066
19.007303
19.028536
19.020042
18.932993
18.888407
18.901146
19.172909
19.300297
19.128323
19.054012
19.228111
19.204756
18.975456
18.892654
18.739788
18.444672
18.461657
18.425562
18.380976
18.266327
18.217495
18.185648
18.296051
18.699448
18.824713
18.673971
18.429810
18.323652
18.115583
18.043398
17.983950
17.822590
17.574183
17.727049
17.614523
17.644247
17.580551
17.811974
17.960594
17.911762
17.888407
17.665478
17.801359
17.888407
18.070997
18.037027
18.075245
18.215372
18.115583
17.975456
17.669724
17.442547
17.408577
17.353376
17.533842
17.438301
17.249342
17.228111
17.245096
17.455286
17.782251
17.833206
17.676094
17.608152
17.476519
17.315159
16.896900
16.733418
16.567814
16.659109
