0.066041
0.172558
0.309208
0.294492
0.132614
-0.005438
-0.107050
-0.074814
-0.022256
-0.006840
0.045718
0.005074
0.003672
0.019790
0.145929
0.218108
0.196384
0.110890
-0.032067
0.026097
0.084961
0.059734
-0.028563
-0.130175
-0.083924
0.052025
0.041514
0.112292
0.087765
0.041514
-0.022957
-0.111254
-0.058697
0.038010
-0.030666
-0.131577
-0.084625
-0.094436
-0.088830
-0.069208
-0.194646
-0.167316
-0.112656
-0.155403
-0.196748
-0.099341
-0.072712
-0.094436
-0.055893
0.068143
-0.031367
0.194982
0.101780
-0.037673
0.004373
0.226517
0.342144
0.166952
-0.066405
-1.149096
-8.057996
-31.905928
-91.046082
-198.638931
-306.783997
-399.704102
-477.372650
-536.705505
-578.081116
-604.716736
-618.525391
-620.713928
-615.182007
-605.086731
-588.855469
-569.919250
-550.206543
-529.494568
-508.643829
-488.591980
-468.919952
-449.795197
-431.830933
-414.775574
-398.400665
-382.526123
-367.043274
-351.909424
-337.250000
-322.670471
-308.402771
-294.563263
-280.705505
-267.091644
-253.655060
-240.161011
-227.012451
-214.024353
-201.169418
-188.639633
-176.339005
-164.116867
-151.975311
-140.190445
-128.496674
-117.057999
-105.894714
-94.636131
-83.847763
-73.514900
-63.438515
-53.495277
-43.664162
-34.090931
-24.752460
-15.586377
-6.622817
2.062537
10.523644
18.811661
27.047119
35.143124
43.191479
51.090569
58.788536
66.019791
72.812363
79.647682
86.433945
92.794846
99.178162
105.281876
111.104584
116.799049
122.438148
127.797646
132.924484
137.927292
142.822876
147.602127
152.131210
156.445160
160.539764
164.495621
168.503326
172.110886
175.641373
179.059036
182.504028
185.870529
188.897858
191.713547
194.398911
197.007172
199.486496
201.913971
204.029602
206.220215
208.332336
210.144531
211.867722
213.640671
215.291687
216.590210
217.950409
219.096878
220.119995
221.040115
222.103882
223.219513
224.003677
224.693924
225.363174
226.207596
227.056931
227.687622
228.048523
228.342148
228.490005
228.529953
228.682724
228.707245
228.447266
228.227219
227.925888
227.619644
227.091263
226.541870
225.900665
225.242630
224.662399
224.143829
223.511734
222.616150
221.938507
221.366669
220.689728
219.791336
218.713547
217.675705
216.520844
215.225113
213.986160
212.630859
211.096878
209.333740
207.855103
206.321823
204.618256
202.949707
201.438858
199.938507
198.242630
196.603531
194.805359
192.925186
191.087769
189.336533
187.611237
185.940598
184.274170
182.379990
180.333038
178.359665
176.474594
174.643478
172.719162
170.690430
168.685516
166.740891
164.796951
162.953217
161.072342
159.134018
157.329529
155.519440
153.755600
151.916077
149.974945
147.992462
146.213196
144.466187
142.518738
140.502625
138.503326
136.508224
134.792740
133.020493
131.291687
129.256653
127.204796
125.169052
123.354759
121.373680
119.194283
117.049225
115.021889
113.189377
111.225815
109.178864
107.222313
105.290985
103.292389
101.330231
99.316917
97.453568
95.754898
94.004372
92.112289
90.051323
88.004372
86.163445
84.406616
82.491409
80.595825
78.843193
77.028900
75.154335
73.101082
71.117897
69.134018
67.398911
65.659592
63.815166
61.981949
60.333736
58.705143
57.215305
55.595825
54.064640
52.518738
51.049923
49.546768
47.835487
46.151535
44.567093
43.075150
41.571999
39.956722
38.405914
37.084259
35.799046
34.360363
32.751396
31.190779
29.717758
28.293791
27.016987
25.682018
24.127708
22.536259
21.077953
19.807457
18.464079
17.229321
15.992459
14.628759
13.309208
12.055529
10.993160
9.679916
8.390497
7.205494
5.936398
4.622453
3.271367
2.125606
0.879636
-0.346013
-1.562551
-2.698500
-3.925550
-4.734240
-5.631927
-6.605298
-7.439215
-8.390862
-9.331997
-10.493175
-11.642439
-12.767176
-13.861780
-14.945171
-15.988620
-16.841457
-17.669067
-18.550638
-19.419594
-20.353722
-21.447624
-22.439917
-23.022257
-23.730036
-24.664162
-25.629124
-26.223377
-26.842159
-27.760868
-28.594786
-29.402775
-30.372643
-31.151197
-31.765774
-32.221977
-33.018753
-33.696400
-34.313778
-35.084625
-35.688690
-36.322887
-36.968296
-37.617912
-38.171520
-38.660660
-39.027863
-39.526810
-39.906628
-40.424500
-41.046783
-41.500881
-41.853371
-42.305367
-42.710415
-43.294857
-43.917141
-44.296257
-44.719524
-45.114056
-45.357224
-45.713215
-45.983013
-46.216370
-46.479858
-46.958485
-47.517700
-47.961990
-48.460239
-48.898220
-49.297661
-49.572361
-49.758064
-49.983715
-50.300461
-50.613708
-50.957787
-51.212166
-51.534519
-51.896118
-52.145592
-52.367035
-52.585678
-52.761570
-52.847065
-52.971802
-53.315880
-53.463741
-53.566757
-53.725830
-53.994225
-54.122467
-54.214970
-54.388058
-54.652950
-54.922047
-55.151897
-55.129475
-55.088829
-55.124569
-55.568157
-55.826042
-55.788898
-55.856876
-55.999832
-56.266125
-56.480560
-56.529613
-56.580070
-56.740547
-57.008942
-57.172924
-57.401375
-57.544331
-57.563953
-57.600391
-57.722328
-57.840057
-57.873692
-57.869488
-57.814129
-57.772079
-57.816231
-57.868088
-57.791000
-57.671871
-57.534519
-57.376846
-57.357925
-57.547836
-57.548534
-57.546432
-57.519104
-57.254913
-56.804317
-56.769978
-56.830948
-56.741947
-56.650146
-56.598991
-56.721626
-56.861778
-56.862480
-56.807819
-56.460239
-56.190441
-55.973202
-55.709713
-55.550636
-55.461639
-55.465145
-55.359325
-55.291351
-55.110554
-54.810623
-54.575165
-54.295559
-54.113358
-53.929054
-53.722328
-53.521908
-53.401375
-53.306770
-53.070610
-52.836552
-52.833748
-52.711815
-52.452530
-52.130875
-51.867386
-51.605999
-51.431507
-51.404877
-51.175026
-50.907330
-50.642437
-50.324989
-50.214970
-50.103546
-49.885605
-49.645943
-49.501583
-49.287849
-49.077618
-48.755264
-48.498081
-48.364231
-48.372643
-48.280140
-48.107048
-47.707611
-47.525410
-47.416790
-47.292053
-47.152599
-47.020855
-46.782593
-46.616508
-46.336903
-46.054493
-45.756664
-45.521206
-45.284344
-45.010342
-44.690792
-44.399971
-44.359325
-44.150497
-44.002636
-43.674675
-43.449024
-43.236691
-43.111256
-42.856876
-42.594086
-42.373344
-42.177826
-41.926952
-41.643841
-41.273132
-40.893314
-40.593384
-40.257015
-40.044682
-39.775585
-39.481262
-39.120365
-38.966896
-38.812725
-38.766476
-38.504387
-38.113358
-37.968296
-37.905228
-37.720222
-37.472851
-37.343208
-37.103546
-36.839355
-36.584976
-36.536621
-36.393665
-36.191841
-36.113358
-35.793106
-35.549938
-35.267525
-35.319382
-35.916439
-36.915039
-37.933258
-38.677479
-39.092335
-38.978809
-38.805019
-38.707611
-38.531017
-38.350216
-38.147694
-37.870190
-37.457436
-37.323589
-37.240196
-37.091633
-36.634731
-36.217072
-35.964794
-35.404877
-34.760868
-34.287148
-33.897518
-33.681683
-33.383152
-32.904526
-32.449726
-31.896818
-31.431507
-30.947975
-30.524710
-30.284346
-29.955683
-29.376846
-29.043980
-28.755262
-28.439215
-28.184135
-27.863182
-27.565353
-27.186937
-26.744051
-26.445522
-26.130877
-25.737743
-25.320786
-24.940266
-24.551338
-24.238094
-23.968998
-23.624920
-23.347414
-23.220575
-22.990723
-22.498781
-22.219873
-21.997028
-21.798710
-21.531717
-21.264023
-21.068508
-20.868788
-20.505087
-20.144190
-19.874393
-19.652950
-19.484766
-19.331297
-18.872292
-18.753160
-18.808521
-18.996328
-18.990021
-18.951479
-18.686586
-18.409082
-18.219173
-18.048185
-17.798010
-17.226181
-16.983013
-16.889811
-16.671871
-16.372643
-15.877197
-15.617911
-15.342508
-15.072011
-14.863181
-14.798010
-14.550637
-14.280841
-14.025060
-13.744751
-13.424499
-13.190441
-12.861079
-12.530315
-12.223378
-11.916440
-11.664163
-11.367737
-11.255613
-11.146994
-11.025060
-11.053090
-11.007541
-10.811324
-10.748255
-10.697099
-10.425900
-10.069909
-9.871591
-9.697800
-9.530315
-9.407681
-9.447624
-9.321486
-9.241598
-9.171520
-8.952179
-8.554142
-8.237393
-7.893315
-7.642439
-7.420294
-7.448325
-7.303967
-7.198851
-6.929054
-6.673974
-6.547134
-6.478458
-6.266125
-5.981612
-5.702004
-5.606699
-5.633328
-5.430806
-5.029264
-4.636132
-4.434310
-4.263322
-4.001234
-3.674674
-3.556244
-3.400673
-3.336903
-3.264723
-3.080420
-2.814828
-2.613707
-2.401374
-2.390862
-2.298360
-2.207260
-2.095837
-1.988619
-1.945872
-1.767877
-1.507190
-1.402775
-1.244401
-0.972502
-0.891913
-0.682383
-0.610203
-0.553441
-0.431507
-0.248605
-0.154702
0.007877
0.148732
0.225116
0.353357
0.593020
0.790638
0.795543
0.764709
0.703041
0.682719
0.788535
0.942705
1.068844
1.079355
1.173959
1.272768
1.221612
1.165550
1.180967
1.153637
1.267863
1.314113
1.340743
1.412922
1.614744
1.629460
1.599327
1.563588
1.447260
1.435347
1.482999
1.433245
1.460575
1.606335
1.657491
1.711451
1.698136
1.767512
1.923083
2.073048
2.278374
2.361065
2.389096
2.544667
2.719860
2.947610
3.091268
3.182369
3.264359
3.356160
3.332334
3.459173
3.656790
3.661696
3.636468
3.740883
3.813062
3.836889
3.979145
4.056931
4.127007
4.191479
4.385592
4.382789
4.318318
4.256650
4.384191
4.326026
4.393301
4.603532
4.734576
4.818668
4.932193
4.993861
5.150133
5.209699
5.110890
5.082859
5.080757
4.998766
5.186573
5.267162
5.461276
5.675011
5.673609
5.653286
5.634366
5.591619
5.511731
5.505424
5.588816
5.645578
5.677814
5.733875
5.692530
5.714954
5.809558
5.771016
5.853707
5.854408
6.008577
6.177463
6.213903
6.159243
6.114394
6.087064
6.150834
6.040813
5.954618
5.950413
6.063238
6.187975
6.241233
6.361766
6.445858
6.436749
6.473188
6.458472
6.394001
6.325326
6.319019
6.321121
6.396804
6.525746
6.445158
6.367372
6.232824
6.247540
6.321121
6.316916
6.359663
6.447961
6.480897
6.424835
6.496314
6.414324
6.268563
6.113693
5.850904
5.786433
5.762607
5.848101
5.820070
5.752796
5.659594
5.560785
5.441654
5.462677
5.501920
5.570596
5.710049
5.744387
5.717057
5.799748
5.888045
5.888746
5.852305
5.974240
6.056230
6.095473
6.173959
6.275571
6.443756
6.440252
6.490708
6.431142
6.497715
6.426938
6.235627
5.906265
5.570596
5.148732
4.686924
4.336538
4.325326
4.286784
4.213202
4.062537
3.968633
3.939201
3.879636
3.893651
4.001570
4.082159
4.199187
4.239131
4.262257
4.365270
4.463378
4.571997
4.676412
4.721262
4.796945
4.901360
5.027498
4.936398
4.560084
4.105284
3.576903
3.132614
2.673609
2.341444
2.063238
1.792039
1.539762
1.614744
1.622453
1.518739
1.651885
1.746489
1.827078
1.926587
2.080056
2.165550
2.316917
2.554478
2.871226
3.126307
3.269965
3.443756
3.712852
3.842495
3.827779
3.880336
4.032403
4.104583
4.311310
4.448661
4.468283
4.317617
4.024695
3.637870
3.222312
2.849503
2.699538
2.698136
2.817968
2.733875
2.978444
3.259453
3.491409
3.632263
3.965130
4.167653
4.459173
4.698136
4.668003
4.809558
4.963728
5.012782
5.050624
5.073048
5.268563
5.355459
5.601429
5.780827
5.834786
5.866321
5.977744
6.154338
6.091269
6.219510
6.385592
6.412922
6.280477
6.288886
6.408017
6.680617
6.859313
7.035207
7.213202
7.198486
7.082159
7.054828
6.992460
7.091269
7.265059
