-0.131910
-0.112647
-0.148420
-0.196302
-0.297567
-0.204557
-0.123654
-0.047155
0.095388
0.112449
0.073924
-0.021838
-0.038899
0.059615
0.051359
-0.037248
-0.011381
0.104744
0.175740
0.223621
0.195003
0.097039
0.109697
0.043654
0.100341
0.044205
0.053010
0.033748
0.076125
-0.005878
-0.065867
0.008431
0.018888
0.065669
-0.037248
-0.103291
-0.133561
-0.168784
-0.164931
-0.207859
-0.216114
-0.148971
-0.091734
-0.011381
-0.046604
0.048057
0.277556
0.326538
0.197204
0.181794
0.164733
0.190050
0.102543
0.061266
0.004579
-0.062565
-0.181442
-0.387276
-1.118151
-3.820407
-13.124755
-37.008629
-87.425804
-173.865540
-261.906799
-334.623932
-397.139069
-446.966248
-481.852325
-503.609070
-515.433533
-519.065857
-515.867188
-507.417542
-495.291504
-481.063660
-466.245270
-450.070282
-433.029541
-416.844086
-401.578796
-386.660248
-372.195190
-358.424164
-345.347107
-332.532562
-320.171539
-308.352051
-296.585968
-285.134125
-273.961304
-262.691620
-251.558990
-240.592010
-229.573853
-218.715836
-207.954697
-197.279953
-186.904617
-176.702637
-166.507797
-156.410934
-146.531464
-136.940933
-127.556786
-118.038345
-108.710884
-99.521011
-90.371864
-81.314079
-72.307472
-63.541927
-55.115948
-46.692173
-38.312428
-30.354254
-22.685570
-15.212262
-7.713088
-0.165482
7.099791
14.175190
21.270952
28.185097
34.985867
41.607220
47.901661
54.089333
60.132263
66.147125
71.761871
77.088783
82.527420
87.643547
92.487793
97.379372
102.143272
106.748116
111.415695
115.847725
120.183998
124.439362
128.391479
132.164185
135.808655
139.340302
142.689224
145.946243
149.266006
152.509811
155.209869
157.939636
160.477341
162.748657
164.854889
167.091537
169.263794
171.519165
173.865341
176.158127
178.148773
179.918167
181.663361
183.240677
184.552734
186.004028
187.612167
188.937439
190.072266
191.153732
192.223068
193.054108
193.859283
194.698578
195.325439
195.823517
196.488342
197.142715
197.521362
197.885696
198.131714
198.365067
198.330948
198.182343
198.052460
198.091537
198.137222
198.004028
197.568695
197.138321
196.662262
196.251144
195.619873
194.853775
194.276459
193.706833
193.109695
192.423401
191.814713
191.437714
191.051910
190.618774
189.928085
189.281403
188.483383
187.614929
186.673813
185.813599
184.853226
183.946793
182.902206
181.902756
180.993576
179.958344
178.797089
177.532928
176.213715
174.785538
173.246185
171.805344
170.424500
168.997421
167.380478
165.776184
164.237381
162.684265
161.097595
159.542831
157.888458
156.198853
154.396988
152.749207
151.039246
149.504852
148.078873
146.680420
145.105850
143.468536
141.821304
140.108047
138.399734
136.706284
135.052460
133.387634
131.622635
129.890106
128.254990
126.644646
125.074478
123.398636
121.760773
120.130058
118.603920
117.131165
115.541176
113.921478
112.040352
110.323235
108.753067
107.105293
105.433861
103.767372
102.218117
100.603920
98.827362
97.209312
95.648499
94.157028
92.522469
90.848831
89.181244
87.537323
85.912117
84.329292
82.747009
81.059067
79.410194
77.848831
76.117950
74.389282
72.727196
71.180145
69.593460
68.080528
66.642998
65.052460
63.507607
61.943489
60.565945
59.099239
57.740406
56.218117
54.676567
53.141068
51.728298
50.345249
48.979263
47.521915
46.144371
44.667210
43.187298
41.674366
40.204357
38.709038
37.271503
35.926979
34.434959
33.065117
31.853781
30.663908
29.196104
27.723347
26.451469
25.249489
23.909367
22.592911
21.353506
20.209862
18.911018
17.595663
16.447617
15.423951
14.304523
13.144370
11.838371
10.564293
9.437160
8.363962
7.013935
5.753066
4.614926
3.641893
2.470182
1.237931
0.139967
-0.917270
-1.955245
-3.053209
-4.177039
-5.307474
-6.440660
-7.497347
-8.579350
-9.672912
-10.412592
-11.194100
-12.169334
-13.051558
-13.727397
-14.528718
-15.239779
-16.035597
-16.832516
-17.664656
-18.463224
-19.215014
-19.961298
-20.766472
-21.488541
-22.222719
-22.961298
-23.822609
-24.593660
-25.226572
-25.891403
-26.702080
-27.415894
-28.161629
-28.861685
-29.604116
-30.241982
-30.869389
-31.379021
-32.103840
-32.702629
-33.074673
-33.603565
-34.292614
-35.134663
-36.093384
-37.049908
-38.048805
-38.890854
-39.547981
-40.058163
-40.594761
-41.008080
-41.467079
-41.967354
-42.496796
-42.991016
-43.420296
-43.816006
-44.122002
-44.416443
-44.697678
-45.062565
-45.310226
-45.496796
-45.791790
-45.949192
-46.232075
-46.568344
-46.910667
-47.184746
-47.583752
-47.935982
-48.175388
-48.270050
-48.458820
-48.567242
-48.570545
-48.695477
-48.934883
-48.985516
-49.229874
-49.367462
-49.409840
-49.460472
-49.682819
-49.950291
-50.115948
-50.335541
-50.561741
-50.675663
-50.818756
-50.828114
-50.851776
-50.753265
-50.785736
-50.867737
-50.967354
-51.141815
-51.343246
-51.403236
-51.544128
-51.594761
-51.789036
-52.004227
-52.327286
-52.408741
-52.490742
-52.574398
-52.535873
-52.511105
-52.639889
-52.762070
-52.724094
-52.648144
-52.649796
-52.729050
-52.651997
-52.603565
-52.566143
-52.514408
-52.456070
-52.505051
-52.447815
-52.337193
-52.249687
-52.170433
-51.964050
-51.769222
-51.633286
-51.660252
-51.814903
-52.019085
-52.188595
-52.062565
-52.069168
-52.032295
-52.064217
-51.962399
-51.719692
-51.599712
-51.649796
-51.516060
-51.331139
-51.091183
-51.009178
-50.986614
-51.040550
-50.940937
-50.859482
-50.786285
-50.670712
-50.392227
-50.165482
-50.020737
-49.949741
-49.906815
-49.756016
-49.708683
-49.598064
-49.387276
-49.278305
-49.104393
-48.767574
-48.543579
-48.492943
-48.399933
-48.146217
-48.092285
-48.064217
-48.047707
-47.878197
-47.715839
-47.596413
-47.397182
-47.124756
-46.905712
-46.791237
-46.837467
-46.878197
-46.675114
-46.388378
-46.100540
-46.000923
-45.762619
-45.381771
-45.210609
-45.254089
-45.033947
-44.724094
-44.414242
-44.297016
-44.306923
-44.330040
-44.069168
-43.884800
-43.728497
-43.563389
-43.317379
-42.944790
-42.706482
-42.547428
-42.437908
-42.229324
-41.985516
-41.818207
-41.631084
-41.507256
-41.377918
-41.134109
-40.801697
-40.596962
-40.439560
-40.206757
-39.899109
-39.611271
-39.379570
-39.303623
-38.988815
-38.756016
-38.517159
-38.317932
-38.106045
-37.918369
-37.737854
-37.473682
-37.161079
-36.895805
-36.699329
-36.445065
-36.203457
-36.026791
-35.814354
-35.577698
-35.279408
-35.050457
-34.784084
-34.741158
-34.587605
-34.372417
-34.114300
-33.797291
-33.576050
-33.383972
-33.170433
-32.968452
-32.733452
-32.545227
-32.247486
-31.910116
-31.794540
-31.562290
-31.369114
-31.278305
-31.017435
-30.701530
-30.627783
-30.439560
-30.101089
-29.781881
-29.656401
-29.368013
-29.101641
-28.920572
-28.866087
-28.789038
-28.510555
-28.248585
-27.981112
-27.735653
-27.729048
-27.620628
-27.353153
-26.975609
-26.803896
-26.661354
-26.418097
-26.091734
-25.900209
-25.817656
-25.644293
-25.430754
-25.204006
-25.028994
-25.005327
-25.080727
-24.968454
-24.780781
-24.580452
-24.431305
-24.327837
-24.203457
-24.108795
-23.984964
-23.664656
-23.416994
-23.203457
-22.982212
-22.727396
-22.349852
-22.195200
-22.095587
-21.852327
-21.485239
-21.414244
-21.344898
-21.108244
-20.821508
-20.585955
-20.350952
-20.162180
-19.872692
-19.629984
-19.492393
-19.269499
-19.039450
-18.819307
-18.620628
-18.420298
-18.405437
-18.273903
-18.110996
-18.093384
-18.099989
-17.969004
-17.738955
-17.491293
-17.349300
-17.073021
-16.761518
-16.622278
-16.436258
-16.122553
-16.071371
-16.096687
-16.142366
-16.272251
-16.337744
-16.368013
-16.085680
-15.902411
-15.669609
-15.533120
-15.460473
-15.347650
-15.071920
-14.915619
-14.711436
-14.452768
-14.002576
-13.690523
-13.437908
-13.289312
-12.984964
-12.604667
-12.226021
-12.059813
-11.957446
-11.811051
-11.565042
-11.321233
-11.060363
-10.883148
-10.570545
-10.374067
-10.184744
-9.986065
-9.817656
-9.633286
-9.552383
-9.354255
-9.142917
-9.009730
-8.776379
-8.592559
-8.382322
-8.189147
-7.910666
-7.732901
-7.604116
-7.372416
-7.262895
-7.094485
-6.928277
-6.636588
-6.529819
-6.499549
-6.372416
-6.119252
-5.805548
-5.651998
-5.426351
-5.205107
-5.055960
-4.905162
-4.786836
-4.599714
-4.461574
-4.425251
-4.320132
-4.163830
-3.977259
-3.988266
-3.957997
-3.932130
-3.874893
-3.795091
-3.589807
-3.408740
-3.347650
-3.146219
-3.000374
-2.907914
-2.677865
-2.417545
-2.271150
-2.225471
-2.182543
-1.970105
-1.886450
-1.796192
-1.538624
-1.375168
-1.214463
-1.249136
-1.127507
-0.968453
-0.756015
-0.643192
-0.616225
-0.560088
-0.354805
-0.124755
-0.028993
0.027694
0.166935
0.327089
0.395333
0.342499
0.349103
0.200506
0.150974
0.226373
0.376070
0.399185
0.496599
0.762972
1.024942
1.032647
0.996324
0.975960
0.711789
0.052460
-0.803346
-1.444513
-2.053759
-2.440660
-2.625030
-2.743357
-2.622829
-2.546880
-2.485790
-2.478635
-2.537524
-2.544128
-2.429653
-2.302521
-2.103842
-1.917821
-1.717490
-1.549081
-1.250237
-1.115399
-1.022939
-0.874342
-0.719141
-0.387276
-0.214463
-0.180892
-0.257942
-0.282157
-0.446714
-0.667408
-0.839119
-0.880947
-0.944788
-0.800594
-0.499549
-0.226571
-0.164381
-0.097788
0.067870
0.260495
0.349653
0.512009
0.644645
0.852680
0.929730
1.137215
1.275355
1.481739
1.596764
1.768476
1.869741
1.927529
2.035399
2.263247
2.551635
2.711238
2.685922
2.860385
2.991370
3.023841
3.146571
3.394232
3.650699
3.677666
3.738756
3.753066
3.938536
3.982565
4.124557
4.294067
4.525768
4.733253
4.837270
4.975960
5.035949
5.087132
5.156478
5.059064
4.991921
4.919273
4.940737
4.980914
5.026043
5.027694
5.148773
5.274805
5.446516
5.684821
5.944040
6.051359
6.140517
6.192801
6.251689
6.264898
6.266549
6.333143
6.413495
6.439912
6.568696
6.731051
6.868090
6.908817
7.039802
7.114100
7.199956
7.289114
7.385977
7.398085
7.513110
7.513660
7.481189
7.591811
7.766274
7.884601
7.919273
7.984766
7.934683
7.991921
7.962202
7.939637
7.937435
7.937435
7.858184
7.636940
7.602818
7.698030
7.824062
7.879097
7.868640
7.895058
7.973208
8.001827
8.001277
8.133913
8.199406
8.341398
8.305075
8.443214
8.537875
8.412945
8.336445
8.320484
8.390380
8.322135
8.315531
8.185097
8.067320
7.935234
7.938536
7.872493
7.683170
7.731051
7.770127
7.602818
7.475685
7.523566
7.563743
7.489995
7.559340
7.646846
7.731051
7.943489
8.026593
8.052460
8.076675
7.980914
7.984766
7.935784
7.934683
7.972108
7.859835
7.896709
8.021090
8.100891
8.207110
8.187298
8.215366
8.376070
8.459174
8.546681
8.525767
8.478988
8.413495
8.329841
8.185647
8.088783
8.198305
8.213164
8.221420
8.330941
8.389830
8.421750
8.404139
8.371668
8.350754
8.336995
8.305625
8.277556
8.290215
8.330941
8.372218
8.335344
8.275355
8.264898
8.109697
7.919273
7.782235
7.690325
7.659505
7.706835
7.711789
7.637490
7.576401
7.563743
7.381574
7.201056
7.001827
6.784986
6.550534
6.393132
6.175190
5.975410
5.865889
5.736555
5.516412
5.422851
5.410192
5.397534
5.418448
5.399736
5.542829
5.831767
6.038701
6.137215
6.059615
5.865889
5.662807
