0.050468
0.021056
0.072338
0.041418
-0.010618
-0.098854
-0.104133
-0.003831
0.070075
0.002202
0.011252
0.005219
-0.052097
0.090437
0.087421
0.054992
0.050468
0.064042
0.048959
0.140965
0.107029
0.152278
0.093454
0.115324
0.047451
-0.006094
-0.258733
-0.190860
-0.230075
-0.329623
-0.233846
-0.063409
-0.015897
-0.061146
-0.215747
-0.223288
-0.126757
-0.116199
-0.135807
0.063288
0.116833
0.156802
0.056501
-0.029472
0.063288
0.158311
0.207330
0.149261
0.153032
0.054992
0.017285
-0.057376
0.033122
0.122866
-0.058130
-0.344706
-0.408808
-0.487240
-0.862805
-3.545309
-13.141086
-37.190861
-85.427666
-166.658432
-241.552094
-289.225555
-323.330383
-350.311523
-365.918610
-370.917114
-370.374878
-366.081512
-357.964630
-347.760986
-336.701416
-325.146362
-314.297180
-303.513641
-291.989502
-280.840942
-270.257233
-260.171997
-250.630524
-241.022690
-231.772308
-222.541534
-213.266281
-204.275330
-195.645615
-186.994781
-178.327362
-169.739120
-161.341690
-153.070190
-144.937469
-136.819824
-128.601868
-120.553604
-112.873367
-105.540787
-98.301720
-91.066429
-84.021179
-77.156921
-70.626755
-63.874870
-57.020424
-50.372608
-43.969139
-37.749683
-31.441992
-25.384676
-19.592066
-14.012127
-8.402021
-2.636561
2.910196
7.929050
12.915475
17.997677
23.101749
27.921509
32.422264
37.005219
41.609291
45.937344
50.036892
53.907181
57.598732
61.295567
65.078369
68.608536
72.036140
75.444885
78.763138
81.955444
84.919243
87.644737
90.380028
92.995415
95.308388
97.677917
100.132668
102.522568
104.696770
106.781235
108.886063
110.718643
112.570076
114.585159
116.490135
118.104767
119.755592
121.386063
122.794060
123.927544
125.221657
126.640213
127.935081
129.116074
130.165848
130.962234
131.576111
132.237503
132.972031
133.702057
134.254837
134.613815
134.926041
135.330261
135.977310
136.492401
136.946396
137.220901
137.282745
137.321960
137.288773
137.371735
137.201294
136.995422
136.956192
136.758606
136.548203
136.507477
136.499191
136.437347
136.138702
135.695267
135.186966
134.726181
134.452423
134.021805
133.384552
132.609299
131.896622
131.322708
130.788773
130.152283
129.479584
128.797073
128.248810
127.453186
126.464493
125.562531
124.873245
123.953186
123.086670
122.364944
121.509743
120.511253
119.723167
118.926788
117.947906
117.030106
116.152275
115.096474
114.060272
113.238251
112.178673
110.902657
109.705070
108.721657
107.788025
106.500694
105.256348
104.082138
102.974297
102.061783
100.879272
99.880783
98.956200
98.047447
96.966759
95.668114
94.404160
93.387573
92.393608
91.167358
89.827240
88.426788
87.328751
86.373245
85.264648
83.941116
82.696014
81.583649
80.303108
78.957710
77.639458
76.639458
75.725433
74.523315
73.386063
72.195267
71.081390
70.011253
68.637192
67.283501
65.902657
64.846092
63.761627
62.550468
61.469021
60.391342
59.334782
58.086666
56.969772
55.806122
54.573093
53.399639
52.148506
50.901901
49.539909
48.321960
47.250317
46.303860
45.165096
44.215626
43.137196
42.154541
41.116077
40.005219
38.852127
37.920753
36.864948
35.749561
34.599487
33.490135
32.577618
31.504465
30.145491
29.077618
28.125883
27.285007
26.171131
25.249563
24.469774
23.567814
22.447149
21.432821
20.406425
19.513514
18.763891
17.939608
17.168869
16.303862
15.429804
14.568567
13.631162
12.721659
11.908688
11.177918
10.401146
9.481840
8.530860
7.783499
6.883047
6.243529
5.440362
4.752579
4.043680
3.376259
2.643228
2.081388
1.434329
0.523318
-0.399759
-1.211222
-1.991011
-2.668235
-3.280603
-3.852247
-4.482715
-5.202172
-5.969894
-6.643348
-7.248175
-8.077738
-8.894480
-9.672760
-10.340935
-10.840181
-11.420120
-12.174269
-12.691614
-13.220271
-13.661448
-14.194631
-14.751945
-15.455565
-16.043047
-16.426153
-16.755716
-17.180302
-17.845461
-18.420120
-18.882414
-19.333393
-19.868084
-20.253454
-20.512880
-20.817556
-21.263258
-21.653906
-22.130527
-22.616199
-22.976683
-23.318310
-23.723288
-23.911072
-24.171251
-24.516651
-24.794178
-25.199156
-25.618462
-26.061146
-26.430679
-26.745159
-26.957073
-26.994781
-27.155415
-27.337919
-27.717255
-28.272308
-28.770800
-29.163710
-29.521931
-29.656923
-29.834902
-29.871855
-30.224043
-30.550589
-30.880152
-31.154661
-31.362051
-31.415596
-31.460844
-31.498552
-31.705942
-31.969894
-32.201416
-32.303226
-32.466877
-32.633545
-32.654659
-32.762505
-32.951042
-33.271553
-33.471401
-33.566425
-33.645611
-33.770798
-33.850739
-33.935959
-34.092819
-34.276077
-34.402775
-34.525700
-34.658432
-34.825100
-34.987240
-35.118462
-35.085278
-34.966125
-35.042294
-35.141087
-35.183319
-35.112427
-35.017406
-35.067181
-34.967632
-35.008354
-35.088295
-35.345459
-35.534752
-35.627510
-35.672760
-35.736862
-35.832638
-35.698402
-35.684071
-35.569443
-35.467632
-35.383167
-35.335655
-35.292671
-35.346214
-35.490257
-35.455566
-35.266273
-35.203682
-35.177284
-35.107151
-35.079247
-35.311523
-35.457829
-35.276077
-35.334904
-35.527966
-35.538521
-35.398251
-35.179546
-35.058128
-35.042294
-35.098854
-34.913334
-34.851494
-34.818310
-34.975929
-35.068687
-35.015144
-34.770798
-34.736107
-34.691612
-34.562656
-34.489502
-34.408810
-34.374870
-34.239880
-34.175022
-34.026455
-33.872608
-33.878643
-33.953304
-34.052097
-34.115444
-34.125248
-34.054359
-34.067932
-34.095837
-33.946514
-33.805489
-33.698402
-33.463108
-33.318310
-33.208206
-33.058884
-32.965370
-32.681057
-32.436710
-32.341690
-32.323589
-32.276833
-32.213486
-32.110165
-32.074722
-32.037014
-31.939728
-31.810015
-31.603378
-31.533243
-31.374872
-31.207451
-30.959337
-30.898251
-30.620724
-30.388447
-30.181810
-30.036259
-29.845461
-29.764767
-29.669744
-29.590559
-29.518913
-29.421629
-29.219517
-29.026455
-28.721025
-28.650890
-28.546062
-28.408054
-28.270044
-27.992519
-27.752699
-27.454058
-27.113937
-27.070950
-27.141087
-27.036259
-26.820574
-26.580000
-26.537014
-26.570950
-26.552851
-26.463106
-26.334902
-26.128265
-26.027964
-26.086033
-25.938974
-26.071705
-26.219517
-26.162956
-25.957829
-25.684072
-25.451796
-25.283621
-25.196138
-24.972912
-24.868084
-24.803982
-24.762505
-24.518913
-24.295687
-24.060392
-23.760996
-23.374872
-23.034752
-22.842443
-22.640331
-22.478945
-22.206697
-21.933695
-21.849232
-21.742142
-21.494028
-21.266275
-21.135054
-20.874117
-20.736862
-20.503077
-20.251192
-20.068687
-19.957073
-19.850739
-19.700665
-19.410316
-19.273062
-19.237617
-19.315294
-19.161448
-19.032488
-18.708960
-18.515898
-18.155415
-18.107903
-17.982716
-17.786636
-17.380905
-17.095083
-17.022684
-17.198400
-17.032488
-16.684072
-16.526455
-16.463106
-16.213484
-15.937466
-15.645611
-15.450287
-15.251191
-15.136561
-15.031734
-14.909563
-14.710467
-14.651644
-14.730829
-14.679547
-14.530227
-14.316049
-14.033243
-13.741387
-13.654660
-13.430678
-13.298703
-13.149382
-13.008356
-12.828869
-12.641086
-12.589804
-12.501569
-12.248175
-12.088296
-11.908054
-11.952549
-11.982715
-11.932941
-11.767783
-11.491011
-11.190105
-11.093575
-11.103378
-11.085279
-11.022685
-10.977436
-10.931433
-10.644102
-10.285882
-9.900513
-9.616199
-9.702172
-9.721780
-9.674269
-9.529472
-9.464616
-9.411071
-9.337165
-9.202926
-9.031734
-8.988749
-8.765520
-8.551342
-8.415596
-8.402021
-8.377134
-8.240633
-8.204434
-8.340935
-8.387692
-8.300211
-8.111674
-8.011373
-7.769291
-7.545309
-7.274570
-7.186335
-7.091312
-7.033997
-6.996290
-6.816048
-6.630528
-6.579246
-6.512881
-6.431433
-6.316803
-6.085279
-5.979698
-5.954812
-5.887692
-5.759487
-5.610166
-5.694631
-5.787391
-5.774570
-5.745158
-5.770799
-5.589804
-5.479698
-5.366576
-5.264766
-5.040030
-5.137315
-5.105641
-4.971403
-5.006848
-4.902021
-4.757979
-4.733846
-4.772308
-4.650890
-4.575475
-4.478190
-4.298703
-4.275324
-4.305490
-4.153906
-4.030226
-4.071704
-4.167481
-4.267029
-4.301720
-4.153152
-3.923137
-3.809261
-3.728567
-3.672760
-3.561146
-3.499306
-3.563409
-3.576229
-3.503077
-3.485732
-3.450287
-3.528718
-3.485732
-3.263258
-2.990256
-2.713484
-2.653152
-2.574721
-2.411071
-2.235354
-2.337164
-2.420875
-2.360543
-2.267783
-2.311523
-2.151644
-1.929170
-1.613183
-1.363560
-1.286636
-1.296440
-1.151644
-1.009110
-1.018914
-1.022685
-1.107149
-1.113183
-0.941991
-0.856018
-0.923137
-0.952549
-0.964615
-1.007602
-0.950287
-0.922383
-0.811523
-0.837164
-0.892971
-0.871855
-0.942745
-0.981207
-1.043801
-0.955566
-0.796440
-0.578492
-0.357526
-0.359035
-0.210468
-0.184827
-0.145611
0.024827
0.114570
0.090437
0.079879
0.042926
0.134932
0.105520
0.251825
0.543680
0.722413
0.720905
0.823469
0.861176
0.913967
0.858914
0.913213
1.027089
1.293303
1.438854
1.642474
1.775958
1.797828
1.735988
1.674902
1.710347
1.895867
1.873997
1.702051
1.576109
1.601750
1.768416
1.683952
1.681689
1.797074
1.887572
1.879276
2.066305
2.214872
2.383047
2.463741
2.437346
2.437346
2.529351
2.522564
2.584404
2.637949
2.659819
2.650769
2.801599
2.674902
2.561780
2.705068
2.963741
3.028597
3.017285
3.039155
2.991644
2.944887
2.901901
3.021056
3.075354
3.066305
3.103258
2.996923
2.970528
2.970528
2.894359
3.008989
3.146998
3.190739
3.305370
3.337044
3.332519
3.345339
3.388326
3.309140
3.457707
3.561780
3.548205
3.537647
3.425279
3.339306
3.360422
3.402655
3.322715
3.470528
3.562534
3.718642
3.752579
3.700543
3.757104
3.821207
3.886063
3.968266
3.852881
3.723167
3.548959
3.377768
3.454691
3.653786
3.815173
3.763137
3.745038
3.739759
3.785007
3.785007
3.710347
3.660573
3.731463
3.873997
3.923771
3.958462
3.980332
3.935837
3.882293
3.781237
3.742775
3.732217
3.887572
3.953937
3.898884
3.868718
3.975807
3.969774
3.885309
3.906425
3.847602
3.810649
3.888326
4.125882
4.337044
4.398884
4.494661
4.432820
4.328748
4.163590
4.202051
4.301599
4.212609
4.177165
4.150769
4.127391
4.202051
4.322715
4.214872
4.036139
3.932821
3.947149
3.984857
4.142474
4.199035
4.177918
4.214118
4.209593
4.048959
3.928296
3.776712
3.716380
3.701297
3.739005
3.784253
3.771433
3.755596
3.748054
3.803861
3.818190
3.815928
3.801599
3.769171
3.748054
3.762383
3.796320
3.821207
3.913213
3.985611
4.051222
3.993906
4.052730
4.220151
4.242021
4.300090
4.201297
4.048205
3.977315
4.090437
4.054993
4.038401
4.173394
4.285007
4.318944
4.358160
4.357406
4.311403
4.360422
4.223922
4.107783
4.083650
4.154540
4.114570
4.104012
4.162081
4.198280
4.235988
4.113816
4.166606
4.177165
4.105520
4.070076
3.975053
3.898130
3.943379
3.965249
4.078371
4.113062
4.042926
3.898884
3.850618
3.696018
3.707330
3.870226
4.159819
4.285007
4.254087
4.097979
4.051976
4.068567
4.017285
3.901901
3.801599
3.793303
3.636441
3.370226
3.117587
2.740513
2.441870
2.402655
2.342323
2.235234
2.128145
2.128899
2.128899
2.200543
