-0.130888
-0.042455
0.007421
-0.015925
0.006714
0.061542
0.025462
-0.012388
-0.082427
-0.050591
0.045978
0.036781
0.026877
0.052699
0.066848
0.044563
-0.036088
-0.097991
-0.079243
-0.016632
0.096208
0.047039
-0.047053
-0.129827
-0.146098
-0.087379
-0.073583
-0.067924
-0.091977
-0.025830
0.020509
0.131935
0.163417
0.138302
0.128398
0.154220
0.123799
0.050577
-0.094453
-0.151051
-0.001068
0.044917
0.007775
-0.016279
0.031121
0.065433
0.033951
-0.014156
-0.093746
-0.007435
-0.036795
-0.165907
-0.129119
-0.090916
-0.059080
-0.050591
-0.034319
-0.070753
-0.065094
-0.743198
-6.328270
-30.136547
-113.673157
-275.066864
-442.814667
-592.869141
-718.816772
-817.780334
-887.754150
-932.714539
-957.750610
-966.638489
-962.438965
-947.985474
-926.201294
-901.027222
-871.647339
-839.927124
-808.675293
-777.512573
-746.693298
-716.918640
-688.111084
-660.426636
-634.158813
-608.578735
-583.630737
-559.459167
-535.960388
-512.955078
-490.519287
-468.246918
-446.317291
-424.698639
-403.347382
-382.255402
-361.375305
-340.874786
-321.036438
-301.375305
-281.744965
-262.493805
-243.803329
-225.366470
-207.328979
-189.677048
-172.324387
-155.317307
-138.589676
-122.261772
-106.425545
-90.993996
-75.736473
-60.843304
-46.382393
-32.160603
-18.174044
-4.608072
8.637064
21.545801
34.394405
46.947289
59.103283
71.094437
82.657578
93.737526
104.352661
114.973465
125.613007
135.542969
144.992920
154.204453
163.319412
172.037491
180.490265
188.772537
196.700729
204.257507
211.735046
218.914383
225.959671
232.707458
239.115662
245.374954
251.436859
257.306335
262.931732
268.208344
273.268127
278.163055
283.015900
287.669250
292.150696
296.495911
300.696503
304.596039
308.290039
311.861694
315.110016
318.133698
320.933136
323.670654
325.979828
328.354797
330.645905
332.550049
334.271301
335.883606
337.386963
338.616180
339.872650
340.804718
341.718414
342.565979
343.413147
344.234528
344.947632
345.519623
346.006714
346.319763
346.571991
346.588959
346.567017
346.343811
345.956482
345.471527
345.033966
344.488495
343.786682
343.016632
342.102936
341.118500
339.954376
338.770081
337.499817
336.078888
334.721619
333.386261
331.798004
330.019104
328.197021
326.344879
324.440735
322.679169
320.905548
319.059784
317.192078
315.082764
313.210815
311.366821
309.305267
307.287933
305.085602
302.792358
300.530243
298.442871
296.200195
293.808990
291.270599
288.715240
286.174042
283.566315
280.987610
278.451355
275.856720
273.181091
270.452423
267.768646
265.039246
262.217529
259.452759
256.727264
253.989731
251.187119
248.373184
245.541916
242.719482
239.871948
236.831268
233.751312
230.753448
227.794830
224.733276
221.616196
218.736816
215.798721
212.899887
210.026169
207.120255
204.175446
201.280151
198.414917
195.685883
192.768295
189.937378
187.150330
184.320480
181.367874
178.369995
175.484253
172.692596
170.023697
167.381317
164.564194
161.703217
158.893173
156.177216
153.435440
150.673141
147.934204
145.241943
142.496277
139.622559
136.687286
133.807205
130.945877
128.079590
125.206215
122.511139
119.709579
116.951530
114.212234
111.549690
108.904839
106.095497
103.315872
100.615135
98.082764
95.538017
92.811806
90.160233
87.589661
85.152100
82.708870
80.253616
77.817818
75.359032
72.976997
70.558533
68.220367
65.781387
63.479301
61.246544
58.993980
56.639893
54.341698
52.185349
49.872650
47.606998
45.388390
43.220367
41.168724
39.174030
37.101868
35.074986
33.125214
31.131580
29.089840
27.065079
25.134411
23.110710
21.077459
19.115664
17.223906
15.361506
13.458076
11.533774
9.617609
7.832678
6.197021
4.525285
2.775727
1.127690
-0.434036
-2.100821
-3.654411
-5.170152
-6.727280
-8.367181
-9.997177
-11.602766
-13.060142
-14.601705
-16.314829
-17.991163
-19.503721
-20.847902
-22.334637
-23.839413
-25.230993
-26.524239
-27.892826
-29.252218
-30.575174
-31.893887
-33.189960
-34.663609
-36.007790
-37.194912
-38.396187
-39.509380
-40.710300
-41.847549
-42.983734
-44.089855
-45.222149
-46.232056
-47.223919
-48.192436
-49.268135
-50.333576
-51.356216
-52.307755
-53.234531
-54.077122
-55.065800
-56.081718
-57.094807
-57.904499
-58.713837
-59.405029
-60.061558
-60.997532
-61.891766
-62.721619
-63.434391
-64.332870
-65.185364
-65.859573
-66.456322
-67.123810
-67.845428
-68.541573
-69.215782
-70.090561
-70.816772
-71.363998
-71.954727
-72.603470
-73.172981
-73.710304
-74.262123
-74.845779
-75.345604
-75.809700
-76.332512
-76.914757
-77.545815
-78.054832
-78.639198
-79.221092
-79.777153
-80.304924
-80.787415
-81.168381
-81.627525
-81.993637
-82.249390
-82.509384
-82.859932
-83.274147
-83.448891
-83.654411
-83.945175
-84.275566
-84.523529
-84.701454
-84.862053
-85.184303
-85.409271
-85.681297
-85.911926
-86.139732
-86.319077
-86.371071
-86.526711
-86.828445
-87.051300
-87.137962
-87.291840
-87.579422
-87.768669
-87.886108
-87.928200
-88.016983
-88.011681
-87.956146
-88.005310
-88.154945
-88.237007
-88.209419
-88.318718
-88.475067
-88.447830
-88.411751
-88.384865
-88.502304
-88.471886
-88.296082
-88.270615
-88.254692
-88.125938
-87.954025
-87.862053
-87.858162
-87.904503
-87.912987
-88.026184
-88.028305
-87.831276
-87.707474
-87.655121
-87.402557
-87.092331
-86.817131
-86.670685
-86.684830
-86.742844
-86.736832
-86.756996
-86.748154
-86.789894
-86.666435
-86.485680
-86.308464
-86.229935
-86.112495
-85.865234
-85.503365
-85.145744
-84.807579
-84.607368
-84.362579
-84.170509
-83.962868
-83.746735
-83.617622
-83.294312
-82.835876
-82.412102
-82.266365
-82.032906
-81.765480
-81.228165
-80.948006
-80.830566
-80.672806
-80.374962
-80.037857
-79.744263
-79.459862
-79.343124
-79.064384
-78.795906
-78.527420
-78.207649
-77.929611
-77.654060
-77.379562
-77.079948
-76.695091
-76.306694
-75.886108
-75.512566
-75.220734
-74.840828
-74.488861
-74.118507
-73.747795
-73.390526
-72.991165
-72.721977
-72.354797
-71.915466
-71.551125
-71.206589
-70.851089
-70.422714
-70.021584
-69.641319
-69.310226
-69.016281
-68.670685
-68.324730
-68.007439
-67.639908
-67.297493
-66.856392
-66.486389
-65.964630
-65.482147
-65.151054
-64.881157
-64.604179
-64.397598
-64.263184
-63.955791
-63.563503
-63.222149
-62.826679
-62.411751
-62.194912
-62.037857
-61.884338
-61.644508
-61.318718
-60.989040
-60.650520
-60.232410
-59.855686
-59.426960
-59.099758
-58.746380
-58.389820
-57.867359
-57.354092
-56.923248
-56.464458
-56.026890
-55.710300
-55.303509
-54.875847
-54.586849
-54.363998
-54.030781
-53.605595
-53.124168
-52.581898
-52.141853
-51.827385
-51.778217
-51.941288
-51.925724
-51.900963
-51.714546
-51.447124
-51.138672
-50.779633
-50.307045
-49.791660
-49.356922
-48.940578
-48.456322
-47.999653
-47.511856
-47.024414
-46.559612
-46.161663
-45.731525
-45.266369
-44.880447
-44.265305
-43.693676
-43.219322
-42.838352
-42.391235
-41.917942
-41.495232
-41.133366
-40.824203
-40.313766
-39.780693
-39.269905
-38.932446
-38.567394
-38.197037
-37.896362
-37.567745
-37.076767
-36.533787
-36.110725
-35.766544
-35.332870
-34.863113
-34.512917
-34.094101
-33.749565
-33.416351
-32.983734
-32.523529
-32.148930
-31.804394
-31.440403
-30.997885
-30.758408
-30.486742
-30.151758
-29.795197
-29.516809
-29.291483
-29.014864
-28.619038
-28.335344
-28.105066
-27.873018
-27.654057
-27.204819
-26.821373
-26.603121
-26.357277
-26.050591
-25.646982
-25.286177
-25.026184
-24.662546
-24.418825
-24.096930
-23.783169
-23.450308
-23.206940
-22.965342
-22.676342
-22.348787
-22.038565
-21.753456
-21.351971
-20.956144
-20.623636
-20.427315
-20.114616
-19.819958
-19.563501
-19.284761
-19.083134
-18.840473
-18.645214
-18.373549
-18.020523
-17.708885
-17.481083
-17.316597
-17.067570
-16.946239
-16.827740
-16.720205
-16.579773
-16.389112
-16.096930
-15.669975
-15.326502
-15.045285
-14.764775
-14.594276
-14.273442
-13.993994
-13.703226
-13.446771
-13.200219
-12.906976
-12.628589
-12.520347
-12.409629
-12.235593
-12.035734
-11.792366
-11.558196
-11.364705
-11.045992
-10.761946
-10.468701
-10.170152
-9.818896
-9.459859
-9.176519
-8.931383
-8.734001
-8.395125
-8.133364
-7.912282
-7.623990
-7.321903
-6.989749
-6.637078
-6.407506
-6.131595
-6.052713
-5.880799
-5.850025
-5.773619
-5.532727
-5.360814
-5.249034
-5.238776
-5.025476
-4.644153
-4.386636
-4.216491
-3.970647
-3.644506
-3.333576
-3.100821
-2.936689
-2.704995
-2.446063
-2.264952
-2.020877
-1.718083
-1.506551
-1.247266
-1.127704
-1.004606
-0.791305
-0.626466
-0.419179
-0.233116
-0.049530
0.050930
0.155281
0.316229
0.451709
0.713824
1.012374
1.202328
1.467273
1.631404
1.770421
1.823481
1.872296
2.037488
2.090548
2.277319
2.487789
2.582589
2.636357
2.800134
2.912975
3.094086
3.296420
3.464797
3.552522
3.618316
3.556413
3.511489
3.530944
3.477885
3.486021
3.501231
3.486021
3.540495
3.584712
3.732572
3.865929
3.944811
4.179335
4.360445
4.397234
4.549692
4.730449
4.871234
4.977708
5.148207
5.300665
5.389805
5.496279
5.644139
5.821004
5.984782
6.016972
6.119555
6.233102
6.361507
6.489912
6.650859
6.656166
6.768652
6.939858
7.194899
7.228858
7.290407
7.383085
7.604521
7.739646
7.854255
7.927478
7.926417
7.862745
7.782448
7.604167
7.432253
7.310569
7.198790
7.140071
7.160587
7.222844
7.325426
7.495571
7.673145
7.700382
7.752027
7.727619
7.941627
8.032537
8.151390
8.249727
8.320120
8.353371
8.461613
8.598861
8.806855
8.944103
8.949409
8.929954
8.850365
8.961082
9.187117
9.293237
9.327195
9.364337
9.460552
9.584358
9.545447
9.614072
9.730803
9.880785
9.961082
10.036427
10.038549
10.097623
10.123092
10.115310
10.178981
10.270597
10.397588
10.350895
10.283332
10.271305
10.399356
10.513612
10.481069
10.341698
10.300665
10.303494
10.340636
10.409968
10.435437
10.464089
10.430839
10.458783
10.455954
10.451709
10.507952
10.422349
10.454185
10.487435
10.575515
10.787046
10.874064
10.830202
10.825957
10.860269
10.814637
10.908023
10.973817
11.092317
11.264585
11.372827
11.481422
11.613364
11.763347
11.761578
11.696137
11.662887
11.687648
11.723374
11.759102
11.648383
11.596031
11.576930
11.527407
11.539081
11.523870
11.547570
11.651214
11.714531
11.749551
11.775727
11.744245
11.703566
11.720545
11.766530
11.657580
11.594970
11.563488
11.613010
11.683403
11.651567
11.632112
11.675621
11.798366
11.853548
11.832324
11.785631
11.693661
11.588603
11.375302
11.185702
11.236993
11.171553
11.126983
11.088779
11.103991
11.060481
11.051284
11.213293
11.314461
11.304202
11.318706
11.360446
11.348065
11.371058
11.451355
11.511489
11.599922
11.635649
11.692600
11.820297
11.881493
11.837630
11.790584
11.705335
11.728327
11.839752
11.906254
11.834800
11.560658
11.219307
10.896703
10.611595
10.398295
10.227443
10.163417
10.044563
10.044917
10.061543
10.192423
10.235579
10.241945
10.203742
10.166600
10.208694
10.256095
10.274842
10.297835
10.424471
10.434730
10.446403
10.438974
10.336392
10.359385
10.590371
10.720191
10.712055
10.676682
10.680220
10.577283
10.549692
10.444987
10.423410
10.369642
10.278027
10.172614
10.082413
9.974878
9.974878
