0.370573
0.338726
0.066964
-0.064671
-0.172951
-0.243015
-0.194183
-0.119873
-0.313079
-0.423482
-0.274862
0.060594
0.047856
0.211338
0.156136
-0.024331
-0.230276
0.009639
0.349342
0.024501
-0.198429
-0.408620
-0.476561
-0.529639
-0.519023
-0.113503
0.168875
0.115796
-0.041316
0.086072
0.336603
0.470361
0.336603
0.444883
0.353588
0.073333
0.054225
0.094565
0.134904
0.075456
0.132781
0.037240
0.032994
-0.030701
-0.253631
0.281401
0.196476
-0.039193
-0.175074
-0.215414
-0.189936
-0.334310
-0.355541
-0.064671
0.115796
0.086072
0.113673
-0.047686
-0.470191
-1.385265
-6.279108
-29.735584
-112.175072
-265.633667
-423.845978
-569.223877
-693.022217
-787.846008
-854.593323
-898.289734
-922.285461
-930.119873
-925.699463
-912.370422
-890.988220
-864.529663
-835.582703
-805.459595
-775.196289
-744.676147
-714.966980
-686.209045
-658.383118
-632.253601
-607.238770
-582.463806
-558.816284
-535.818359
-513.166565
-491.158081
-469.332184
-447.482941
-426.219666
-405.648529
-385.238770
-365.499908
-346.034943
-326.973389
-308.493561
-290.368286
-272.378906
-254.720718
-237.011597
-219.778046
-202.083786
-184.945770
-168.489304
-152.128372
-135.920303
-119.933037
-104.340683
-89.162338
-74.088028
-59.359787
-44.599701
-30.236645
-16.438343
-2.795032
10.472484
23.077579
35.493717
47.996899
60.309002
71.776093
83.126411
94.381187
105.230446
115.714523
125.737877
135.039368
144.302628
153.209213
161.740005
169.905609
177.765472
185.366333
192.916214
200.228317
207.120041
214.081833
220.767593
227.158264
233.396057
239.746368
245.965057
251.676300
257.047852
262.599884
267.591370
272.109436
276.652954
281.022369
285.035126
289.166748
293.427887
297.342987
300.652954
303.710266
306.769714
309.723022
312.574402
315.009644
317.158264
319.398163
321.699646
323.899231
325.557404
326.977783
328.519196
330.430023
332.115784
333.164642
333.903473
334.767609
335.510712
335.820679
336.069092
336.308990
336.321747
336.421539
336.574402
336.548920
336.037231
335.149780
334.604126
333.924713
333.049988
331.901367
331.109436
330.595612
329.463989
328.056335
326.597748
324.899231
323.621094
322.228333
320.807953
319.423645
318.137024
316.850403
315.733643
314.629608
313.359955
312.011749
310.472473
309.128540
307.629608
305.890747
303.975677
301.886505
299.595612
297.126404
294.846161
292.604126
290.321747
288.247437
285.786713
283.398163
281.249542
279.039368
276.727264
274.470367
272.283539
270.156128
267.655060
264.621094
261.514954
258.614746
255.950195
253.529816
251.009644
247.992661
244.909851
241.890747
238.831299
236.117920
233.313248
230.425781
227.381195
224.275024
221.154007
218.139145
215.037247
212.032990
209.338730
206.790955
204.330231
201.474609
199.062714
196.451248
193.638092
190.663574
187.837662
185.364197
182.508575
179.400299
176.402420
173.835541
171.151886
168.100937
165.018127
162.383316
159.780334
157.137024
154.771851
152.572266
150.100937
147.389679
144.799454
142.421524
139.731506
136.990524
134.423645
131.731506
128.892868
125.880127
122.835541
119.994774
117.058472
114.319618
112.018135
109.892868
107.585014
105.419403
103.187981
100.599876
98.313248
95.468239
92.831299
90.304756
87.948067
85.393929
82.578644
80.217705
77.865265
75.410912
72.731506
70.255920
68.022377
65.398170
62.916222
60.493717
58.024502
55.676304
53.657196
51.340851
48.869511
46.587135
43.933205
41.657196
39.652950
37.623226
35.463993
33.710278
31.627474
29.727261
28.124289
26.648705
24.565903
22.194353
19.973545
18.277155
16.534056
14.459745
12.268662
10.480977
8.926837
7.018132
4.975669
3.137028
1.534055
-0.221783
-1.973376
-3.695244
-5.304586
-6.489299
-7.916051
-9.011592
-10.251508
-11.671889
-13.276985
-14.767431
-16.192059
-17.385265
-18.765308
-20.463821
-21.741953
-23.085903
-24.998854
-26.512653
-27.754692
-28.884203
-30.017962
-31.340679
-32.465946
-33.561485
-34.627304
-35.829002
-36.578472
-37.546623
-38.727093
-39.718597
-40.631550
-41.714352
-42.907558
-43.752567
-44.561485
-45.298218
-46.105011
-47.381020
-48.778046
-49.879959
-50.729214
-51.612442
-52.746201
-53.680382
-54.735584
-55.364033
-55.869343
-56.750446
-57.856602
-58.720722
-59.510532
-60.663399
-61.429852
-62.056179
-62.576347
-63.317326
-64.230278
-64.890572
-65.340683
-65.947899
-66.565735
-67.272736
-67.964882
-68.786537
-69.436218
-69.703735
-70.746201
-71.353416
-71.217537
-71.514778
-72.219658
-72.894821
-73.302460
-73.790787
-74.576347
-74.873589
-75.381020
-76.047684
-76.735580
-77.009468
-77.162338
-77.597580
-77.744080
-77.707985
-77.894821
-78.448959
-78.610321
-78.633675
-78.845985
-79.147476
-79.257874
-79.521149
-79.795029
-80.221786
-80.364037
-80.809891
-81.211166
-81.340683
-81.674011
-81.990364
-82.262123
-82.603951
-82.690994
-82.879959
-83.349174
-83.703735
-83.797157
-83.710106
-83.788666
-83.862976
-83.875710
-84.049812
-84.287598
-84.444710
-84.536011
-84.805649
-85.109261
-85.081657
-84.701614
-84.763184
-85.213287
-85.610321
-85.480804
-85.306709
-85.448959
-85.376770
-85.187813
-85.107132
-85.281235
-85.276985
-84.884201
-84.977623
-85.119873
-85.315201
-84.913925
-84.578468
-84.349174
-84.196304
-84.287598
-84.476562
-84.285477
-83.890572
-83.533882
-83.196304
-82.933037
-82.707985
-82.332184
-82.047684
-81.790787
-81.451080
-81.185692
-80.992485
-80.986115
-80.952141
-80.654907
-80.175072
-79.816261
-79.497795
-79.226028
-79.141106
-79.183563
-79.000977
-78.718597
-78.523270
-78.255753
-77.933037
-77.597580
-77.459572
-77.281235
-76.962761
-76.933037
-76.637917
-76.172951
-75.667641
-75.364037
-75.181442
-75.151718
-74.981865
-74.850235
-74.922417
-74.578468
-74.168701
-73.737709
-73.266373
-72.782295
-72.315201
-72.147476
-72.049812
-71.701614
-71.387390
-70.988235
-70.799278
-70.533882
-70.056175
-69.852356
-69.589088
-69.389511
-69.351295
-69.308830
-68.633675
-68.034950
-67.514778
-67.276985
-67.121994
-66.841743
-66.514778
-66.177200
-65.491425
-64.788666
-64.455330
-64.149597
-63.956390
-63.886326
-63.665520
-63.514778
-63.181442
-62.718597
-62.219662
-61.754692
-61.395882
-61.245136
-61.119873
-60.582718
-59.990360
-59.550869
-59.502037
-59.219662
-58.690998
-58.330063
-57.841740
-57.383141
-57.100765
-56.625179
-56.436222
-56.219662
-55.865097
-55.576347
-55.206921
-54.884205
-54.572102
-54.262123
-53.786541
-53.457451
-53.153843
-52.856602
-52.470192
-51.952145
-51.332188
-51.243015
-51.283356
-51.243015
-50.916050
-50.143227
-49.327942
-48.943653
-48.769554
-48.769554
-48.563610
-48.351295
-48.155968
-48.325817
-48.580593
-48.767429
-48.578472
-48.758938
-48.618813
-48.370403
-48.105011
-47.671890
-47.153843
-46.835373
-46.890572
-46.302464
-45.780170
-45.412865
-45.283356
-44.996731
-44.750446
-44.459576
-44.531761
-44.574226
-44.298218
-43.729214
-43.213291
-42.731339
-41.835373
-41.247261
-40.710106
-40.259998
-39.945774
-39.633675
-38.933037
-38.383141
-38.368279
-38.319447
-37.820511
-37.164459
-36.603951
-36.149597
-35.854481
-35.425606
-35.183567
-34.682507
-34.060425
-33.729214
-33.279110
-32.729214
-32.349171
-31.754692
-31.319448
-30.871466
-30.502039
-29.850233
-29.410744
-29.364035
-29.187813
-28.631550
-28.336433
-27.879957
-27.510530
-27.153843
-26.975498
-26.612442
-26.183567
-25.693121
-25.302464
-25.283354
-24.756815
-24.650658
-24.877834
-24.937283
-24.913927
-24.820509
-24.780170
-24.771677
-24.453205
-24.113503
-23.845987
-23.703737
-23.644289
-23.425606
-23.058302
-22.737707
-22.359787
-21.967007
-21.697367
-21.597580
-21.364035
-21.071041
-20.712229
-20.221783
-19.729214
-19.478683
-18.845987
-19.217537
-19.434097
-19.569979
-19.336433
-18.829002
-18.476561
-18.221783
-17.903313
-17.678259
-17.315201
-16.892696
-16.211168
-15.684628
-15.525393
-15.228153
-14.894819
-14.385265
-13.703736
-13.663397
-13.623057
-13.289724
-12.954268
-12.274862
-11.714353
-11.531762
-11.393758
-10.875711
-10.546624
-10.461699
-10.060425
-9.684628
-9.493546
-8.986115
-8.440467
-7.962760
-7.892696
-8.064671
-8.068917
-7.816263
-7.676136
-7.296093
-6.761062
-6.389512
-6.066794
-6.192060
-6.134735
-5.939405
-5.678259
-5.451083
-5.266369
-5.162335
-4.833249
-4.601826
-4.574225
-4.291847
-3.981868
-3.572102
-3.468068
-3.378896
-3.215414
-2.877834
-2.720722
-2.733461
-2.495669
-1.947898
-1.529639
-1.209045
-0.903312
-0.650658
-0.249384
0.279278
0.406667
0.296263
0.667813
0.924713
1.045732
1.200722
1.069087
1.190106
1.606242
1.693291
1.799448
1.835541
2.037240
2.419405
2.795202
2.754862
2.703907
2.897113
2.837665
2.861019
2.894989
3.224077
3.156136
3.105181
3.026624
3.387558
3.612612
3.901359
3.907728
3.916221
3.729384
3.744246
3.984161
4.351465
4.563779
4.723015
4.703907
4.790956
4.973546
5.020255
5.143397
5.451252
5.585011
5.572272
5.580764
5.867389
6.325987
6.342972
6.351465
6.430021
6.848280
6.933206
6.960807
6.979915
7.081826
6.952314
7.005393
7.179491
7.362081
7.275032
7.514947
7.837665
8.009639
7.759108
7.737877
7.742123
7.918344
8.260170
8.578641
8.867389
8.850404
8.869512
8.984161
8.941698
8.820680
8.822803
9.120043
9.417282
9.311125
9.105181
9.073334
9.030870
9.075457
9.173121
9.245308
9.457623
9.546794
9.627474
9.648705
9.803695
10.001146
10.117919
10.090319
10.020255
10.024501
10.009639
10.001146
9.865266
9.754862
9.795201
9.470361
9.217707
9.302632
9.421529
9.529809
9.640212
9.756985
9.909851
10.001146
9.941698
9.884374
9.920467
9.767601
9.646582
9.665690
9.309002
9.476730
9.362081
9.695414
9.786709
9.447006
8.979915
8.801571
8.478853
8.292017
8.226199
8.383312
8.317494
8.470361
8.555286
8.780339
8.837665
8.557410
8.534055
8.884374
8.982038
9.047855
8.780339
8.795201
8.863142
8.737877
8.786709
9.030870
9.398174
9.447006
9.508577
9.784586
9.756985
9.778216
9.529809
9.546794
9.848280
9.988408
9.931083
9.956560
10.035117
9.776093
9.270785
8.920467
8.334480
7.294140
6.614735
6.111550
5.415159
5.164629
5.056348
5.037240
4.897112
5.073333
5.215584
5.090319
5.130658
5.568026
5.873758
6.355711
6.601996
6.878004
6.899236
7.147643
7.300509
7.555286
7.833418
7.873758
7.954437
8.016008
8.130658
8.376943
8.924713
8.920467
9.077579
9.177367
9.198599
8.979915
8.797325
9.032993
9.253800
9.166752
9.134905
9.241061
9.427898
9.557410
9.810063
9.856772
10.009639
10.066964
10.264416
10.595626
10.606242
10.434267
10.525562
10.691168
10.952314
11.289894
11.519194
11.404544
11.262293
11.451253
11.684798
11.950191
11.943822
11.918344
12.037240
11.982038
12.151890
12.255923
12.204968
12.402420
12.682675
12.729384
12.725138
12.701783
12.644459
12.553164
12.158259
11.971422
12.204968
12.234693
12.262293
12.103057
11.905605
11.756985
11.756985
11.920467
12.300509
12.491592
12.487346
12.325987
12.540424
12.610488
12.621104
12.657197
12.572271
12.508577
12.559533
12.527686
12.585011
12.434267
12.300509
12.381189
12.279278
11.926837
11.795201
11.801571
11.744246
11.856772
11.890743
11.937452
