-0.163015
-0.066412
0.111932
0.118301
-0.133291
-0.250064
-0.131168
-0.075966
-0.272357
-0.154522
0.024883
0.228705
0.274352
0.252059
0.211720
0.217028
0.215966
0.142718
0.166072
0.296645
0.228705
0.066285
0.042930
0.124671
0.201104
0.048238
0.139533
0.138471
0.227643
0.124671
-0.005902
-0.134352
-0.081274
-0.199108
-0.090828
-0.032442
-0.074904
-0.034565
-0.022887
-0.058981
-0.155584
-0.193800
-0.159830
-0.156645
-0.049427
0.029130
-0.092951
-0.213970
-0.359406
-0.268110
-0.155584
0.092824
0.258429
0.263737
0.158641
0.152272
-0.001656
-0.047304
-0.133291
-0.933716
-6.363652
-30.478302
-115.733078
-290.274475
-480.411407
-638.828613
-759.077026
-844.510132
-901.301025
-934.132202
-949.131165
-950.917786
-942.028198
-925.473022
-903.493164
-879.505920
-852.689575
-824.538818
-796.857300
-769.795715
-743.493164
-717.910339
-692.454956
-667.992126
-644.418823
-621.133301
-597.949646
-575.163025
-552.570679
-530.108887
-507.848785
-485.922028
-463.998474
-442.442200
-420.797821
-399.681061
-378.801025
-358.288269
-338.311646
-318.460266
-298.381683
-278.822266
-259.529266
-240.531387
-221.976181
-203.710785
-185.494232
-167.561111
-149.665131
-131.773422
-114.844543
-98.661957
-82.651337
-66.837112
-51.251125
-36.002716
-21.439024
-7.263864
6.694735
20.677750
34.105564
47.145901
59.624672
71.919785
83.916603
95.180931
106.149086
116.835922
127.395370
137.582214
147.612991
157.374146
166.939957
176.162888
184.949509
193.735077
202.124664
210.459061
218.217026
225.704285
233.069473
240.119370
246.762680
253.346542
259.882629
266.060974
271.746765
277.293457
282.455872
287.177734
291.920837
296.464386
300.775421
305.102386
309.207458
313.212769
316.979248
320.431458
323.493042
326.548248
329.458008
332.299835
334.921906
337.272217
339.520630
341.648010
343.320007
344.990906
346.600250
348.013214
349.330627
350.460114
351.798767
352.890076
353.713837
354.473938
355.588593
356.426147
356.937836
357.451630
357.833801
358.261627
358.563110
358.452698
358.192596
357.703217
357.175629
356.474976
355.886871
355.204285
354.277527
353.249939
352.196869
351.050354
349.894318
348.542938
347.236145
345.787079
344.412354
342.824249
341.272217
339.784973
337.936768
335.987732
333.952698
331.849731
329.751007
327.756317
325.429352
322.841217
320.408112
318.163940
315.458008
312.939972
310.476044
307.995148
305.297699
302.568420
299.896423
297.168182
294.301941
291.579010
288.771179
285.817871
282.835938
279.791351
276.627869
273.438904
270.387939
267.660767
264.852905
261.732941
258.698975
255.524887
252.269043
249.099197
245.891129
242.797714
239.734009
236.591766
233.310440
230.226578
227.100250
223.973923
220.856094
217.789215
214.795578
211.851852
208.649094
205.449509
202.261612
199.030197
195.790283
192.615112
189.553543
186.428284
183.350784
180.615112
177.773285
174.864594
171.921906
168.989853
165.835922
162.849731
159.977112
157.133163
154.395370
151.607681
148.790283
146.028061
143.193680
140.339111
137.381577
134.299835
131.414474
128.760559
126.290276
123.812569
120.944206
118.141655
115.365646
112.435715
109.287094
106.598129
103.927216
100.967560
98.052483
95.493034
93.205353
90.804077
88.322121
85.706413
83.350784
80.990913
78.211723
75.536560
73.329552
70.881569
68.192612
65.535500
62.977112
60.571594
58.275414
56.091763
53.920849
51.701103
49.230827
47.025944
44.755245
42.391125
39.646965
37.298767
35.073715
32.990913
31.063099
29.484543
27.649088
25.565224
23.384756
21.311508
19.221273
17.221273
15.135286
13.231890
11.439958
9.674564
7.953758
6.192612
4.250998
2.297707
0.611932
-1.160892
-2.824374
-4.393376
-6.026072
-7.464501
-9.053673
-10.822250
-12.327559
-13.948578
-15.411423
-17.054735
-18.668324
-20.350912
-21.895498
-23.515457
-24.815882
-26.135414
-27.672569
-29.229895
-30.865774
-32.407177
-33.705479
-34.821190
-36.054733
-37.165138
-38.484673
-39.701233
-41.109936
-42.322250
-43.307388
-44.344543
-45.454948
-46.604630
-47.659832
-48.821190
-49.870022
-50.957069
-51.809513
-52.682121
-53.582336
-54.543056
-55.525009
-56.313759
-57.140720
-58.025009
-58.776604
-59.583397
-60.420979
-61.451763
-62.391254
-63.201233
-64.025009
-64.617371
-65.345604
-66.079147
-66.899742
-67.624802
-68.350914
-69.247940
-70.126923
-70.572784
-71.098259
-71.739449
-72.396561
-73.087646
-73.737328
-74.363655
-74.947517
-75.410362
-75.883820
-76.633293
-77.175751
-77.944328
-78.633293
-79.275543
-79.720337
-80.008026
-80.358345
-80.720337
-81.277664
-82.006966
-82.841362
-83.411423
-84.185310
-84.708664
-85.158768
-85.534561
-85.786156
-86.095078
-86.539871
-87.194862
-87.684250
-88.070656
-88.330742
-88.444328
-88.529259
-88.536690
-88.518639
-88.446457
-88.782974
-89.023949
-89.068535
-89.035629
-89.097198
-89.052612
-88.812698
-88.698044
-88.836052
-89.060043
-89.154526
-89.001656
-89.105690
-89.215034
-89.268112
-89.236259
-89.204414
-89.164078
-88.880638
-88.647095
-88.375328
-88.277664
-88.332863
-88.293587
-88.267052
-88.245819
-88.127983
-87.810570
-87.828621
-87.910362
-87.813759
-87.552612
-87.422035
-87.158768
-86.782974
-86.672569
-86.692741
-86.746880
-86.579147
-86.527130
-86.229897
-86.154526
-86.045181
-85.989975
-85.976181
-85.761742
-85.536690
-85.306328
-85.113121
-84.854095
-84.627983
-84.338173
-83.997406
-83.887009
-83.626923
-83.301018
-83.156647
-83.206543
-82.856224
-82.417793
-82.172569
-82.037750
-81.793587
-81.486794
-81.161957
-80.870018
-80.479362
-80.161957
-80.019699
-79.804207
-79.549423
-79.413544
-78.893379
-78.497406
-78.157707
-77.908241
-77.521828
-77.303139
-76.979362
-76.555794
-76.339233
-76.117371
-75.875328
-75.410362
-74.934776
-74.381699
-74.052612
-73.901871
-73.598259
-73.130104
-72.759621
-72.330742
-72.064285
-71.844543
-71.666199
-71.153458
-70.723526
-70.459190
-70.279785
-70.337112
-70.277664
-69.994225
-69.849854
-69.847725
-69.777664
-69.441147
-68.949638
-68.420975
-67.956009
-67.668320
-67.031380
-66.546242
-66.366837
-66.232018
-65.565353
-64.979362
-64.631165
-64.480423
-64.072784
-63.582336
-63.208664
-62.785095
-62.113121
-61.430531
-60.912483
-60.395500
-59.994225
-59.671509
-59.249001
-58.961315
-58.688492
-58.502716
-58.153461
-57.768112
-57.232018
-56.876392
-56.505901
-55.951763
-55.472992
-55.037750
-54.816944
-54.457069
-53.963440
-53.687431
-53.256432
-52.659832
-52.178940
-51.871082
-51.498470
-51.077026
-50.700169
-50.446453
-50.178940
-49.892315
-49.385944
-49.115246
-48.539871
-47.995285
-47.433716
-47.011211
-46.700169
-46.275543
-46.035625
-45.619492
-45.363651
-44.998470
-44.661953
-44.443268
-44.167263
-43.885944
-43.529259
-42.809513
-42.313759
-41.878513
-41.666199
-41.494225
-41.190617
-40.782974
-40.382759
-40.003780
-39.715031
-39.397621
-39.074905
-38.635414
-37.995285
-37.468746
-37.168324
-36.866837
-36.506966
-36.054733
-35.836052
-35.702293
-35.344543
-34.790405
-34.393375
-34.065350
-33.826496
-33.530319
-33.252186
-32.999535
-32.547302
-32.124798
-31.804203
-31.590828
-31.420977
-31.044119
-30.459192
-30.025011
-29.777664
-29.280849
-28.890192
-28.654522
-28.389130
-27.964500
-27.677877
-27.383821
-27.304203
-27.138599
-26.906115
-26.496347
-26.187431
-25.880636
-25.474054
-25.112059
-25.000595
-24.899746
-24.671507
-24.456009
-24.324373
-24.221401
-24.101444
-23.894438
-23.494225
-22.972994
-22.779787
-22.551550
-22.181061
-21.920977
-21.578089
-21.329681
-20.981485
-20.768110
-20.553673
-20.198048
-19.768110
-19.442207
-19.277664
-19.014395
-18.693800
-18.243694
-17.962378
-17.733078
-17.464500
-16.957069
-16.489979
-16.393375
-16.199108
-15.882760
-15.516518
-15.309512
-15.062165
-14.738386
-14.424161
-14.204416
-14.020764
-13.693800
-13.441147
-13.282972
-13.153461
-12.776603
-12.365775
-12.244756
-12.109937
-11.969809
-11.520764
-11.183185
-10.985732
-10.768110
-10.639660
-10.500594
-10.336051
-10.228832
-9.997410
-9.683185
-9.454947
-9.168323
-8.875329
-8.858344
-8.570658
-8.156646
-7.860467
-8.223524
-8.561104
-8.643907
-8.701231
-8.756433
-8.934777
-9.159830
-9.156646
-8.896561
-8.644968
-8.612060
-8.271296
-7.908238
-7.595074
-7.134352
-6.757495
-6.535626
-6.313758
-6.047304
-5.574904
-5.476178
-5.447516
-5.105690
-4.724586
-4.531380
-4.537749
-4.342421
-4.147091
-3.948577
-3.503779
-3.289342
-3.204416
-2.883822
-2.448577
-2.110998
-1.953885
-1.691677
-1.482548
-1.499533
-1.566412
-1.410361
-1.073843
-0.865775
-0.646030
-0.504841
-0.560042
-0.448577
-0.376391
-0.008025
0.380510
0.546115
0.752059
0.831677
0.989851
1.225520
1.425096
1.745690
2.017452
2.031253
2.077962
2.209597
2.370955
2.574777
2.634225
2.759490
2.934650
2.872017
3.056730
3.389002
3.813631
3.965435
3.822123
3.902802
4.266922
4.498344
4.619363
4.619363
4.629979
4.770106
4.973928
5.048238
5.183057
5.418726
5.424034
5.291337
5.330616
5.642718
5.857155
5.774353
5.930403
6.180934
6.163949
6.097070
6.060977
6.148026
6.405987
6.555669
6.668195
6.756306
6.749936
6.855032
6.912357
6.885818
6.861401
6.872017
7.075839
7.317877
7.642718
7.772229
7.680934
7.722335
7.776475
7.787091
7.949512
8.159702
8.234013
8.127855
8.188365
8.280722
8.444203
8.605562
8.763737
8.764798
8.945266
9.062038
9.104501
9.333800
9.454820
9.428280
9.326369
9.254183
9.254183
9.396433
9.280722
9.272229
9.421911
9.675627
9.747813
9.738259
9.668196
9.698981
9.694735
9.916603
9.951634
10.001529
9.959065
9.964374
9.960128
10.117240
10.186242
10.173503
10.257367
10.304076
10.353971
10.312569
10.339108
10.333800
10.109809
9.938896
9.727643
9.743567
9.805138
9.861402
9.848662
9.628917
9.533376
9.412356
9.395371
9.324246
9.351847
9.439958
9.398557
9.529130
9.752059
9.989851
10.103439
10.054607
10.185181
10.221273
10.186242
10.149087
10.188365
10.273291
10.485605
10.527006
10.513206
10.479236
10.514268
10.608747
10.643779
10.767983
10.719151
10.782845
10.926157
11.041868
10.983482
10.944203
11.021699
11.027006
11.050361
11.007898
10.922973
11.105562
11.256306
11.193673
11.098131
11.023822
11.074777
11.125732
10.761614
10.527006
10.231890
9.809384
9.458004
9.256306
9.070531
9.227643
9.286030
9.334862
9.465435
9.648026
9.671380
9.576900
9.566284
9.594947
9.708535
9.961189
10.274352
10.389002
10.397494
10.322124
10.353971
10.438896
10.434649
10.541868
10.436773
10.401741
10.579023
10.576900
10.499406
10.476051
10.590701
10.756306
11.053546
11.282845
11.250998
11.093885
10.909172
10.777537
11.007898
10.965435
10.970743
10.833800
10.783907
10.734013
10.786030
11.006837
11.229767
11.363524
11.267983
11.100255
11.114056
11.212781
11.309384
11.436773
11.532314
11.558853
11.368833
11.320000
11.257367
11.275414
11.310446
11.257367
11.408111
11.439958
11.614056
11.594947
11.641656
11.658641
11.715966
11.551422
11.418726
11.334862
11.382632
11.506837
11.356093
11.300892
11.320000
11.308323
11.326369
11.248875
11.214905
11.305138
11.385818
11.502590
11.472866
11.474989
11.510021
11.419787
11.289214
11.223397
11.085393
10.813630
