0.399363
0.348408
0.291083
0.244374
0.093631
-0.095329
-0.190870
-0.265180
-0.237580
-0.178132
-0.199363
-0.263057
-0.456263
-0.458386
-0.333121
-0.156900
0.091507
0.346285
0.197665
0.144586
0.102123
0.095754
-0.116561
-0.031635
-0.288535
-0.314013
-0.411677
-0.435032
-0.407431
-0.277919
-0.152654
0.123355
0.265605
0.108493
0.063907
0.382378
0.276221
0.097877
0.254989
0.429087
0.136093
0.078769
0.044798
-0.018896
0.187049
0.072399
-0.057113
0.178556
0.178556
0.112739
0.244374
0.314437
0.250743
0.089384
-0.271550
-0.246072
-0.154777
-0.390446
-0.539066
-0.532696
-2.870276
-23.471125
-143.454147
-429.626129
-802.214233
-1187.916992
-1526.352173
-1782.430786
-1959.551758
-2072.337402
-2137.294922
-2169.381836
-2173.923340
-2153.048584
-2112.386230
-2057.895752
-1993.972168
-1925.488159
-1855.173828
-1784.778931
-1716.500854
-1650.001953
-1585.430786
-1522.292725
-1461.857544
-1403.651611
-1347.226929
-1292.566650
-1238.303345
-1185.566650
-1134.691895
-1084.691895
-1035.456299
-987.386169
-939.691956
-892.808716
-846.683411
-800.732300
-755.900024
-712.551819
-669.744995
-626.651611
-583.944580
-541.980652
-500.789612
-460.577271
-421.214233
-382.212097
-344.464752
-307.647339
-271.324615
-235.747131
-200.806580
-166.734390
-133.466873
-101.016769
-69.095329
-37.944588
-7.239703
22.987473
52.401485
80.898300
108.278343
134.921661
161.348404
186.868576
211.514008
235.221024
258.507629
281.429077
303.702972
325.038422
345.796387
366.199799
386.095764
405.254974
423.556488
441.488525
458.807007
475.380249
491.000214
506.346283
521.282593
535.813354
549.966248
563.866455
577.649902
590.743286
603.172180
614.749695
625.654114
636.571350
647.051147
657.189148
666.838867
676.157349
684.813354
692.970459
700.798523
708.448181
715.514038
722.261353
728.768799
734.932251
740.787903
745.934387
750.719971
755.070251
758.433350
761.463074
764.426941
767.110596
769.339905
771.407837
773.524658
775.397217
776.923767
777.796387
778.155212
778.142456
777.877075
777.443970
776.938660
776.473694
775.278320
773.734802
772.227417
770.376038
768.106384
765.904663
763.429077
761.085144
758.388733
755.930176
753.853699
751.804871
749.373901
746.798523
743.955627
740.749695
737.333557
733.562866
729.698730
725.702942
720.934387
715.709351
710.365417
705.407837
699.845215
694.080872
688.390869
682.658386
676.983215
670.949280
665.159424
659.068176
653.021423
647.242249
641.632935
635.732666
630.042664
624.838867
619.501282
614.233765
609.201904
604.023560
598.201904
592.378113
586.178528
579.775146
573.061768
566.159424
559.242249
552.429077
545.647766
538.800659
531.609558
521.635010
507.310181
493.849457
487.201904
480.363281
473.460938
466.405731
459.463043
453.153076
446.851593
440.308075
433.847351
427.702972
421.847351
415.618042
408.605316
401.537354
394.947144
388.545868
381.832489
375.274109
369.361145
362.747559
356.106384
349.656250
343.329285
337.288971
331.244385
324.632904
318.204041
312.254974
306.318695
299.877075
293.063904
286.832489
281.231628
275.159454
269.038422
263.558594
258.218903
252.197662
245.985352
240.624420
235.739059
230.157318
223.879196
218.197662
212.492783
206.732697
201.129730
195.556473
190.000214
184.407852
178.541611
172.849472
167.787903
162.857956
158.063904
153.477921
148.830368
143.802765
138.976852
134.811249
130.601059
125.985352
121.089386
116.660507
112.490662
108.403610
104.261360
100.303825
96.613800
92.830360
88.747559
84.586197
80.862206
77.078766
73.221016
69.409981
65.773033
61.989597
58.172188
54.206158
50.036304
45.734821
41.915287
38.342037
34.775158
31.189173
27.868578
24.709341
21.329300
17.624416
14.265605
11.310191
8.601062
5.437580
1.719958
-1.311890
-4.235456
-6.908493
-10.159023
-13.394692
-16.481741
-19.377707
-22.137793
-24.630362
-27.347982
-30.122931
-33.324627
-36.218472
-38.630360
-41.093204
-43.857536
-46.522079
-48.838428
-51.403183
-54.052868
-56.600636
-58.963696
-61.248196
-63.530575
-66.116562
-68.326752
-70.573036
-72.989174
-75.547562
-77.163269
-78.681313
-80.868156
-83.333122
-85.534821
-87.660088
-89.704674
-91.560295
-93.435028
-95.260933
-97.165390
-99.150528
-101.067726
-102.938217
-104.424416
-106.167519
-107.808708
-109.205734
-110.598511
-112.097450
-113.560295
-114.887260
-116.222717
-117.668579
-119.377708
-121.042252
-122.570915
-124.203606
-125.759872
-127.464752
-128.683441
-129.870270
-131.176010
-132.666458
-134.250320
-135.592148
-136.464752
-137.502975
-138.832062
-139.946716
-140.664337
-141.681320
-142.564545
-143.526321
-144.481735
-145.536942
-146.314011
-147.137787
-148.173889
-149.105942
-149.984924
-151.144165
-152.120804
-152.895752
-153.623993
-154.318253
-155.316132
-156.105942
-156.759872
-157.906372
-158.963699
-159.721649
-160.335251
-161.256683
-162.398941
-163.377701
-163.849045
-164.180252
-164.585770
-165.209976
-165.844803
-166.307648
-166.702545
-167.307648
-167.757751
-168.768372
-170.568787
-172.596390
-174.146286
-175.384079
-176.764114
-177.509338
-178.161148
-178.594269
-179.150528
-179.507217
-179.454147
-179.018890
-178.989166
-179.129303
-178.933975
-179.021027
-179.131424
-179.269424
-179.129303
-178.687683
-178.643097
-178.861786
-178.367096
-177.704666
-177.785355
-177.590027
-177.067734
-176.570908
-176.301270
-176.277924
-176.305527
-175.859665
-175.579407
-175.657959
-175.384079
-174.734390
-174.473251
-174.511459
-174.105942
-173.524200
-173.142044
-173.156906
-172.895752
-172.596390
-172.551804
-172.522079
-172.059235
-171.352234
-170.938217
-170.379837
-169.995544
-169.462631
-169.108063
-168.681320
-168.218475
-167.539062
-167.054993
-166.492355
-165.530579
-164.662201
-164.243942
-163.836304
-163.307648
-162.691925
-162.526321
-162.337372
-161.819321
-161.150528
-160.761993
-160.246078
-159.294907
-158.700424
-158.502975
-157.708923
-156.984924
-156.324631
-155.452011
-154.611252
-153.358597
-152.668579
-152.666458
-152.337372
-151.456268
-150.488113
-149.781097
-149.016769
-148.218475
-147.838425
-147.509338
-146.613373
-145.466873
-144.759872
-144.337372
-143.876648
-143.025269
-142.110184
-141.842682
-141.615494
-140.700424
-139.666458
-138.806580
-138.052872
-137.074097
-136.063477
-135.314011
-134.745010
-133.895752
-132.993423
-132.256683
-131.691925
-130.761993
-129.711044
-129.201492
-129.054993
-128.515717
-127.596390
-126.413803
-125.662209
-124.891510
-124.428665
-123.700424
-123.303398
-122.638855
-121.791718
-121.025269
-120.897881
-120.316139
-119.388321
-118.447769
-117.432907
-116.664330
-116.004036
-115.258812
-114.454140
-113.982803
-113.386200
-112.651596
-111.789597
-111.008278
-110.080467
-109.347984
-108.933968
-108.214226
-107.029510
-105.755623
-104.933968
-104.492355
-104.246071
-103.668579
-102.931847
-102.424416
-102.139915
-101.413803
-100.343735
-99.963692
-99.653717
-99.118683
-98.409554
-98.016769
-97.742889
-96.866028
-96.035881
-95.176010
-94.231209
-93.248192
-92.167519
-91.469002
-90.587898
-89.581528
-88.910614
-88.356476
-87.604881
-86.955200
-86.545433
-85.812950
-84.778984
-83.885139
-83.511467
-83.125053
-82.662209
-82.216347
-81.418045
-80.655838
-79.878769
-79.301277
-78.649467
-77.889381
-76.976433
-76.207855
-75.666458
-74.749260
-73.997665
-73.190872
-72.677071
-71.556053
-70.689812
-70.163269
-69.821442
-69.260933
-68.515709
-67.827812
-67.373459
-66.974312
-66.033760
-65.373459
-64.997665
-64.530571
-63.668579
-62.700424
-61.774734
-61.180256
-60.866028
-60.301273
-59.335243
-58.817196
-58.243950
-57.494480
-56.857536
-56.159023
-55.832058
-55.553928
-55.341614
-55.577282
-55.685562
-56.050743
-56.292782
-56.685562
-56.825691
-56.736519
-56.275795
-55.250317
-54.246071
-53.668579
-53.065605
-52.443523
-51.808704
-50.793842
-49.897877
-49.528450
-48.991295
-48.226963
-47.460510
-46.806583
-46.237579
-45.294903
-44.263058
-43.808704
-43.307644
-42.883015
-42.258812
-41.481743
-40.838428
-40.558174
-40.099575
-39.481743
-38.931847
-38.040127
-36.916985
-36.428661
-36.110191
-35.214226
-34.500851
-33.655838
-32.900002
-32.218472
-31.717409
-31.205732
-30.683439
-30.097452
-29.309767
-28.553928
-27.832060
-27.214226
-26.524204
-26.014650
-25.536943
-25.008280
-24.377707
-23.704672
-23.418047
-23.042250
-22.519957
-22.091084
-21.590021
-20.706795
-19.861784
-19.190870
-18.817198
-18.392569
-17.819321
-17.375584
-16.880892
-16.524204
-16.125053
-15.515711
-14.827813
-14.632484
-14.895754
-14.672824
-14.594268
-14.407431
-14.171762
-13.815074
-13.199363
-12.587898
-11.770489
-11.197240
-10.560297
-10.254564
-10.403185
-10.095329
-9.415923
-8.721656
-8.250319
-7.849045
-7.386199
-7.023142
-7.033758
-6.747134
-6.420170
-5.838429
-4.795966
-4.133546
-3.677070
-3.184501
-2.734395
-2.407431
-1.944586
-1.483864
-1.139915
-0.719533
-0.611253
-0.426539
0.110616
0.609554
1.004459
1.320807
1.350531
1.573461
2.023567
2.522505
2.807006
2.787898
2.966242
3.348408
3.817622
4.299575
4.908917
5.136094
5.284713
5.197665
5.492781
5.883440
6.223142
6.475796
6.707219
6.879193
7.100000
7.881316
8.460935
8.675371
8.535244
8.397240
8.378132
8.817622
9.603185
9.838854
9.868578
10.004458
10.252866
10.535244
10.528874
10.900425
11.356900
11.917410
12.346285
12.586200
12.645648
12.702972
12.851592
12.993843
13.008705
13.068152
13.350531
13.577707
14.182802
14.796391
14.785775
14.792145
15.074522
15.193419
15.371762
15.480042
15.528874
15.630786
15.845222
16.061783
16.148832
16.471550
16.499151
16.537367
16.813375
17.257113
17.696604
17.696604
17.588324
17.571337
17.796391
18.097878
18.501274
18.972612
18.932272
18.420595
18.365393
18.535244
18.777283
18.870701
19.004459
19.189173
18.983227
18.503397
18.322929
18.359024
18.588324
18.569214
18.552229
18.607431
18.711466
18.649895
18.749681
19.221020
19.607431
19.764544
19.581953
19.639278
19.851593
19.896179
20.138216
20.212526
20.182802
19.904671
20.012951
20.310190
20.248619
20.344162
20.397240
20.662632
21.074522
21.100000
21.025690
21.093630
21.250744
21.293205
21.218897
21.429087
21.639278
21.688110
21.887686
21.807007
21.911041
21.913164
21.896179
21.864330
21.995966
21.923779
22.074522
22.528875
22.798513
22.796391
22.764544
22.637156
22.758175
22.853716
22.802759
22.928026
23.388748
23.441826
23.036306
22.719957
22.469427
22.172186
21.928026
21.802759
21.787899
21.966242
22.346285
22.280468
22.259235
22.662632
22.972612
22.921656
22.891932
22.995966
22.885563
22.660509
22.656263
23.034184
23.335669
23.267729
23.080893
23.223143
23.420595
23.607431
23.435457
23.426964
23.524628
23.900425
24.127602
24.061783
24.110615
24.110615
24.371761
24.469427
24.373886
24.514013
24.547983
24.458811
24.751804
24.936518
25.108492
24.917410
24.902548
24.652018
24.637156
24.698727
24.628662
24.454565
24.382378
24.490658
24.622293
24.828238
24.777283
24.864330
24.390871
24.032059
24.080893
24.426964
24.685987
24.505520
24.488535
24.607431
24.337791
24.125477
24.337791
24.564968
24.598938
24.373886
24.076645
23.968365
23.836731
23.679617
23.760298
23.813375
23.870701
23.847345
23.942888
23.898302
23.917410
24.046921
24.231634
24.229511
24.184925
23.985350
23.809130
23.605309
23.535244
23.656263
23.779406
23.889809
24.008705
23.957750
23.870701
23.564968
23.365393
23.274097
23.480043
23.288960
22.894054
22.862207
22.787899
22.535244
22.524628
22.471550
22.460934
