-0.109653
-0.228531
-0.145977
-0.059020
-0.145427
-0.116258
-0.147078
-0.077182
-0.113506
-0.083786
-0.052966
-0.007837
0.116544
0.049950
0.067012
0.018030
0.063159
0.070864
0.101684
0.169378
0.222212
0.130853
-0.016643
-0.037556
0.037292
0.149565
0.117094
0.081871
-0.049114
-0.013341
0.118195
0.165526
0.022433
-0.011690
-0.076081
-0.133319
-0.081585
0.024084
0.110490
0.138558
0.101134
-0.067276
-0.131117
-0.085988
-0.109653
-0.147628
0.004821
0.077468
0.095080
-0.005085
0.092328
0.156170
0.210105
0.229917
0.160572
0.116544
0.018030
0.093979
0.153418
-0.451425
-5.436016
-28.661112
-119.941795
-318.988037
-544.437134
-739.574158
-892.049683
-1004.659485
-1082.609375
-1131.358398
-1158.879639
-1169.724976
-1167.212036
-1154.435425
-1134.283569
-1110.264282
-1082.304443
-1052.165283
-1021.992981
-991.807495
-961.838318
-932.516357
-903.576904
-875.049133
-847.210388
-819.700745
-792.481140
-765.778870
-739.413452
-713.158630
-687.088745
-660.878479
-634.701294
-609.071655
-583.340271
-557.574158
-531.923645
-506.636353
-481.781647
-457.287964
-433.149841
-409.650116
-386.553253
-364.149292
-341.813568
-319.830078
-298.018829
-276.468475
-255.180099
-234.104156
-213.305588
-192.973160
-172.782745
-153.067276
-133.734314
-114.691383
-95.877403
-77.538933
-59.631393
-42.054066
-24.897215
-8.131117
8.369708
24.425295
39.890896
54.778072
69.496292
84.047195
98.221664
111.768715
124.840263
137.654800
150.233215
162.615723
174.907410
186.754959
198.365311
209.741196
220.874390
231.735153
242.552979
252.973999
262.919525
272.488586
281.794586
290.755524
300.303680
309.900818
318.984467
327.856232
336.287720
344.303680
351.907959
359.079681
365.952545
372.399414
378.713135
384.809448
390.632782
396.119843
401.332825
406.350433
411.298157
415.927765
420.111053
423.999878
427.610779
431.105530
434.560669
437.880432
440.955292
443.767059
446.247528
448.487488
450.705963
452.953644
454.772583
456.322388
457.614075
458.953644
459.889252
460.709839
461.466583
462.053802
462.387878
462.562347
462.538666
462.436859
462.357056
462.203491
461.882629
461.666901
461.279449
460.600311
459.769806
458.739563
457.582153
456.356506
455.113800
453.551331
452.001526
450.444000
448.637177
446.731293
444.948120
443.183685
441.473175
439.768158
437.922821
435.595367
433.263489
430.919525
428.501251
425.928864
423.255798
420.487488
417.867218
415.211761
412.519958
409.609650
406.559570
403.441254
400.338898
397.174316
394.025726
390.812195
387.521606
384.137451
380.730743
377.334473
373.647644
369.977295
366.269531
362.623413
359.053253
355.492432
351.822113
347.948120
344.272308
340.496826
336.679016
332.582703
328.578308
324.609100
320.621765
316.645996
312.772034
308.967957
305.339447
301.741760
297.971252
294.230469
290.440704
286.163330
281.452820
276.457214
271.494080
266.843567
263.266235
259.734039
256.048859
252.570587
249.048843
245.407135
241.773666
238.096176
234.257980
230.302017
226.305313
222.253036
218.231567
214.431900
210.597549
206.669098
202.802292
198.854568
194.852371
191.139664
187.368057
183.589294
179.996017
176.339996
172.778625
169.232117
165.581589
161.783585
158.206253
154.769821
151.295959
147.747803
144.271194
141.057098
137.834763
134.415939
130.893646
127.521057
124.268990
120.799538
117.429146
114.139656
111.158371
108.145164
104.948135
101.803391
98.899704
96.153419
93.205704
90.175980
87.210106
84.368057
81.385666
78.347145
75.357597
72.168274
68.925568
65.703773
62.740650
60.004272
57.333935
54.654243
52.071415
49.478130
46.920067
44.541969
42.014175
39.347145
36.768166
34.174332
31.545822
28.843016
26.251381
23.993814
21.684513
19.370810
16.951437
14.665251
12.440154
10.132504
7.930523
5.894750
3.720286
1.390622
-0.742014
-2.841629
-4.799252
-6.836125
-9.086538
-11.152581
-13.148728
-15.170193
-17.298977
-19.327045
-21.182852
-22.984722
-24.737612
-26.486649
-28.183952
-30.056269
-32.018295
-33.956654
-35.842178
-37.593418
-39.425007
-41.095345
-42.742565
-44.308331
-46.001232
-47.534531
-49.147079
-50.772835
-52.204315
-53.587364
-54.945095
-56.386482
-57.869148
-59.454178
-60.882355
-62.164139
-63.377678
-64.794296
-66.386482
-67.965462
-69.572502
-71.019394
-72.354561
-73.612129
-75.059570
-76.383179
-77.486099
-78.380432
-79.395287
-80.567001
-81.657257
-82.572502
-83.480591
-84.355659
-85.177895
-85.907120
-86.755226
-87.685326
-88.721649
-89.587364
-90.316040
-91.102501
-92.123962
-93.249443
-94.205414
-95.163040
-96.333649
-97.384285
-98.131119
-98.902718
-99.733757
-100.504257
-101.175148
-101.897766
-102.550491
-102.962158
-103.327599
-103.814659
-104.329796
-104.958855
-105.574707
-106.110756
-106.570854
-107.149826
-107.854836
-108.615982
-109.273659
-109.439316
-109.681473
-110.181747
-110.587914
-110.839981
-111.111305
-111.578560
-111.918678
-112.004532
-112.193855
-112.498207
-112.772285
-112.912628
-113.051865
-113.269806
-113.565346
-113.526276
-113.636894
-113.797600
-114.087639
-114.421158
-114.640198
-114.768982
-114.766228
-114.917580
-115.098648
-115.148178
-115.118462
-115.215324
-115.263206
-115.111855
-115.087090
-115.024345
-115.155334
-115.216423
-115.112404
-115.073326
-115.104698
-115.011688
-115.146530
-115.281364
-115.089844
-114.892265
-114.946198
-114.925285
-114.965462
-114.935738
-114.899963
-114.820717
-114.718903
-114.585159
-114.650658
-114.583511
-114.432159
-114.313835
-114.190002
-114.054070
-113.805305
-113.686432
-113.436569
-113.275864
-113.253845
-113.223579
-112.981422
-112.841629
-112.798698
-112.666061
-112.425011
-112.309433
-112.186707
-112.049667
-111.687531
-111.639099
-112.541130
-114.170189
-114.776138
-114.210365
-113.822914
-113.537285
-113.224129
-112.904922
-112.563148
-112.399139
-112.309982
-112.064522
-111.511963
-111.099747
-110.802551
-110.306129
-109.892265
-109.515816
-109.145973
-108.802551
-108.400795
-108.090393
-107.776138
-107.516365
-107.209816
-106.790443
-106.444267
-106.044708
-105.679825
-105.174599
-104.575806
-103.960503
-103.429962
-103.046364
-102.770630
-102.449226
-102.049110
-101.622040
-101.217522
-100.803101
-100.382080
-99.956657
-99.603325
-99.137718
-98.592865
-98.137718
-97.552689
-97.105804
-96.707344
-96.079933
-95.613228
-95.008385
-94.320442
-93.503159
-92.760178
-92.144875
-91.642403
-91.007286
-90.309982
-89.656158
-89.133865
-88.496552
-87.697433
-86.837227
-86.235138
-85.771187
-85.255501
-84.672668
-84.008385
-83.333099
-82.644051
-81.925835
-81.285767
-80.610481
-79.844383
-79.233482
-78.716698
-78.352913
-77.970963
-77.262650
-76.447571
-75.822365
-75.270905
-74.790993
-74.353462
-73.825119
-73.166344
-72.498756
-71.777786
-71.138275
-70.689178
-70.070030
-69.354561
-68.943443
-68.433266
-67.906021
-67.463531
-67.044159
-66.488297
-65.787697
-65.237335
-64.532875
-63.936840
-63.250546
-62.642948
-62.226330
-61.655056
-61.063972
-60.360615
-59.726055
-59.105251
-58.604977
-58.214771
-57.896114
-57.328697
-56.710644
-56.235134
-55.805305
-55.442619
-55.050213
-54.584061
-54.141575
-53.756325
-53.350712
-52.936840
-52.399143
-51.760727
-51.242290
-50.717800
-50.091492
-49.444271
-49.150379
-48.893364
-48.289619
-47.799252
-47.496555
-46.956104
-46.252747
-45.591766
-45.021595
-44.555443
-44.216423
-43.945648
-43.469585
-43.029850
-42.590668
-42.104149
-41.618732
-41.182850
-40.782192
-40.380428
-39.770634
-39.184502
-38.824017
-38.521320
-38.271458
-38.068928
-37.901066
-37.577457
-37.065075
-36.615433
-36.255497
-35.820717
-35.382080
-34.995178
-34.637997
-34.095894
-33.589016
-33.280815
-32.897217
-32.536732
-32.107452
-31.697987
-31.343555
-31.040859
-30.533428
-30.078833
-29.639648
-29.076082
-28.673769
-28.152580
-27.668266
-27.255499
-26.831722
-26.374926
-25.966009
-25.486649
-25.108002
-24.795399
-24.277512
-23.789896
-23.280264
-22.858139
-22.456928
-22.120661
-21.857038
-21.529026
-21.117908
-20.652306
-20.300627
-20.180099
-19.827320
-19.352911
-18.872450
-18.517467
-18.167440
-17.682575
-17.344105
-17.122311
-16.797600
-16.488850
-16.007837
-15.630842
-15.356764
-14.986923
-14.602774
-14.218074
-13.935190
-13.652857
-13.337502
-13.090941
-12.846032
-12.564799
-12.291821
-11.983071
-11.615432
-11.311635
-10.851536
-10.466285
-10.196059
-9.930237
-9.578008
-9.313286
-9.035905
-8.826219
-8.615982
-8.431613
-8.117908
-7.886208
-7.514166
-7.166891
-6.852086
-6.660562
-6.555994
-6.286318
-5.872449
-5.587914
-5.199912
-4.974816
-4.836125
-4.631392
-4.332548
-3.981420
-3.582411
-3.463533
-3.273660
-3.177898
-3.110754
-3.049664
-2.808608
-2.493803
-2.199362
-1.986923
-1.815762
-1.522972
-1.142675
-0.980319
-0.837226
-0.669367
-0.417854
-0.173495
0.042245
0.088476
0.160572
0.306417
0.515003
0.734595
0.985008
1.254133
1.486935
1.671855
1.809994
1.932174
2.002069
1.928872
1.581596
1.068663
0.668553
0.395575
0.237072
0.024084
0.076368
0.282752
0.516654
0.772020
0.997666
1.231018
1.444007
1.573341
1.860077
2.172680
2.397777
2.546923
2.708729
2.886494
3.122598
3.263489
3.428046
3.567837
3.690567
3.905206
4.237072
4.511701
4.716984
4.901904
5.069763
5.327331
5.543071
5.749455
5.858976
6.128101
6.425294
6.617919
6.734045
6.871634
7.073065
7.174331
7.375762
7.619571
7.746153
7.996016
8.224414
8.313022
8.369158
8.466021
8.698272
9.013627
9.242576
9.203501
9.200748
9.237622
9.366406
9.483632
9.585448
9.775872
9.923919
9.998217
10.123148
10.380715
10.561783
10.735146
10.984458
11.127001
11.090127
11.157821
11.322377
11.450061
11.478128
11.558481
11.662498
11.669103
11.805041
12.007573
12.097832
12.282752
12.437403
12.482532
12.418690
12.482532
12.556830
12.734045
12.871084
12.974001
13.184237
13.195245
13.163875
13.198547
13.162774
13.260187
13.282202
13.380715
13.519956
13.590402
13.727441
13.808894
13.975101
14.073066
14.182036
14.075817
14.061508
14.188641
14.206802
14.222763
14.306417
14.437953
14.434650
14.513351
14.479780
14.765965
14.907958
14.998767
15.111590
15.080220
14.770919
14.441255
14.275598
14.235971
14.108289
13.925019
13.959692
13.986109
14.026835
13.943181
14.120397
14.317975
14.336687
14.353748
14.370809
14.397226
14.412636
14.451712
14.600859
14.740099
14.701574
14.500693
14.457215
14.469323
14.537567
14.627275
14.712582
14.756610
14.821002
14.792933
14.865030
14.911811
14.946484
14.943181
14.936577
14.872735
14.861728
14.942631
14.817149
14.759912
14.765415
14.899703
14.872735
14.717534
14.803391
14.888696
14.880991
14.865581
14.919516
15.042796
15.106637
15.208453
15.304766
15.334485
15.273946
15.247529
15.180936
15.188641
15.215609
15.257986
15.402180
15.541970
15.543071
15.493539
15.447859
15.444557
15.490787
15.499593
15.638833
15.681211
15.762664
15.760463
15.688365
15.726340
15.783577
15.795135
15.781926
15.710380
15.649840
15.598106
15.474277
15.522158
15.550776
15.457215
15.486384
15.538668
15.522158
15.542521
15.556830
15.612967
15.571690
15.526560
15.492989
15.510050
15.434100
15.343842
15.238173
15.173781
15.058206
14.763764
14.488035
14.009224
13.566736
13.055454
12.692218
12.516654
12.347143
12.336137
12.381266
12.547474
12.621772
12.702125
12.723038
12.723038
12.726340
12.641035
12.666902
12.724138
12.798987
