0.251762
0.179575
0.145605
0.277240
0.137113
0.022463
-0.109172
-0.211083
-0.245053
-0.172866
-0.011507
0.047941
0.081911
0.090403
0.001231
-0.225945
-0.242930
-0.096433
-0.115541
-0.164374
-0.094310
-0.100679
-0.200467
-0.141019
-0.145265
0.011847
-0.272654
-0.287516
-0.092187
-0.041231
-0.030616
-0.073079
-0.028493
0.147728
0.436476
0.483185
0.300594
0.340934
0.190191
0.219915
0.118004
0.092527
-0.003015
-0.036985
-0.255669
-0.096433
0.047941
0.130743
-0.053970
-0.206837
-0.366072
-0.155881
-0.030616
-0.036985
-0.017877
-0.030616
-0.162251
-0.064586
-0.085817
-1.253546
-8.572017
-32.595371
-90.370316
-194.966919
-299.856506
-389.098541
-463.563538
-520.281128
-559.646301
-585.121887
-598.338501
-600.470093
-595.079468
-585.529541
-570.707886
-552.860779
-534.068848
-514.465881
-494.727020
-475.988159
-456.820435
-438.724884
-421.308746
-404.877747
-389.334229
-374.036987
-358.811920
-344.298126
-330.102814
-316.262024
-302.476471
-289.028503
-275.654816
-262.463745
-249.578384
-236.928711
-224.066711
-211.064590
-198.179230
-185.661194
-173.451004
-161.807678
-149.956299
-138.463730
-126.871384
-115.992401
-105.474350
-94.765221
-84.185608
-74.410660
-64.930824
-55.015755
-45.007259
-35.279022
-25.956306
-16.644203
-6.939321
2.841996
12.287856
21.421614
30.139236
38.512909
46.459831
53.905689
61.158344
67.992737
74.604202
80.935417
87.517159
93.905693
100.194435
106.020340
111.801659
117.491676
122.718857
127.774055
132.470444
136.861099
141.047943
145.453461
149.808029
153.950272
157.873840
161.559616
165.402512
169.347305
172.984253
176.326065
179.470444
182.561737
185.614822
188.529892
191.334564
193.837753
196.536270
198.670029
200.729462
203.196564
205.256012
206.943909
208.468323
210.421616
211.878082
213.154099
214.379150
215.551132
216.555374
217.381271
218.088287
219.179581
220.094650
220.676392
221.478943
222.177460
222.735840
223.202927
223.638168
223.963013
224.162598
223.820770
223.808029
223.771927
223.500168
223.355789
222.884460
222.623306
222.423737
222.196564
221.810150
221.026703
220.226288
219.765564
219.192322
218.510788
217.818634
216.948151
215.937531
214.791046
213.629684
212.415237
211.115875
209.587219
208.118011
206.589340
205.145599
203.398254
201.447098
199.691254
198.211426
196.640305
194.799530
193.113754
191.568115
189.958771
188.334564
186.391891
184.540512
183.005478
181.398254
179.642426
177.937531
176.109512
174.396133
172.406754
170.438599
168.538391
166.670029
164.833496
162.871719
160.784668
158.661530
156.222031
154.037323
152.054306
149.996979
148.026703
146.013977
144.317581
142.512909
140.723099
138.854736
136.699753
134.856857
133.408875
131.812271
130.120132
128.088287
125.922676
124.050064
122.304840
120.162590
117.982124
116.050064
113.973633
112.217789
110.608452
108.706116
106.869598
104.725220
102.691254
100.555374
98.795288
97.340935
95.351547
93.183823
91.205055
89.568108
87.918427
86.236900
84.491676
82.882332
81.328194
79.750702
77.903564
75.827133
74.020340
72.432228
70.718857
68.971504
67.434349
65.878090
64.315460
62.570232
61.098896
59.599957
57.952400
56.368534
54.763439
53.338810
51.905689
50.678513
49.120129
47.383396
46.058556
44.292103
42.644543
40.946030
39.355797
37.918430
36.555370
35.047939
33.461952
32.058556
30.663652
29.118004
27.733715
26.449215
25.236900
24.190191
23.196560
21.735838
20.251762
18.723101
17.292103
16.111635
14.810148
13.468323
12.258132
10.733715
9.196561
7.839873
6.508662
4.999108
3.665775
2.472569
1.408875
0.691253
-0.153758
-1.107049
-1.949936
-2.930828
-3.769469
-4.465860
-5.574140
-6.960552
-7.956306
-8.894734
-10.020000
-11.191975
-12.198344
-13.155881
-14.087940
-14.926581
-15.693036
-16.393673
-17.138895
-18.085817
-18.824671
-19.228067
-20.073078
-20.973291
-21.771593
-22.625095
-23.563524
-24.406412
-24.990276
-25.905350
-26.506199
-26.935074
-27.599617
-28.406412
-29.172867
-29.680298
-30.355457
-31.336348
-32.215328
-32.716393
-33.174988
-33.852272
-34.499828
-35.087940
-35.682419
-36.287518
-36.777962
-37.194099
-37.926582
-38.659065
-39.200466
-39.665436
-39.809811
-40.058216
-40.501953
-41.440384
-42.096432
-42.429768
-42.582634
-42.937199
-43.136772
-43.355457
-43.682419
-44.223824
-44.480721
-44.765224
-45.204712
-45.569893
-45.714268
-45.907475
-46.291763
-47.030617
-47.688789
-47.969044
-47.958427
-48.128281
-48.255669
-49.090065
-49.491337
-49.724884
-49.801315
-50.247177
-50.718513
-51.321487
-51.782207
-52.081570
-52.117664
-52.036983
-51.771591
-51.990276
-52.378811
-52.852272
-53.569893
-53.620850
-53.569893
-53.531677
-53.404289
-53.565647
-53.705776
-53.572018
-53.516815
-53.580509
-53.676052
-53.862888
-54.104927
-53.875626
-54.049725
-54.170742
-54.247177
-54.332104
-54.346966
-54.419151
-54.731251
-55.073078
-55.111294
-55.183483
-55.491337
-55.843781
-55.873505
-56.056095
-55.871380
-55.521061
-55.690914
-55.949936
-55.928703
-55.901104
-55.994522
-55.971169
-55.905350
-55.493462
-55.644203
-55.414906
-55.272655
-55.321487
-55.219574
-55.357578
-55.839535
-56.185604
-56.255669
-56.079449
-55.410660
-54.905350
-55.007259
-55.149513
-55.092186
-54.727005
-54.618725
-54.567772
-54.412781
-53.826794
-53.497707
-53.542294
-53.521061
-53.484966
-53.427643
-53.262039
-53.264160
-53.225945
-53.376686
-53.287518
-52.867134
-52.589001
-52.391548
-52.268406
-51.826794
-51.705776
-51.427643
-51.062462
-50.614479
-50.329979
-50.427643
-50.754608
-50.712143
-50.642082
-50.542294
-50.353333
-50.637833
-50.370319
-49.695160
-49.070957
-48.786453
-48.633587
-48.332104
-48.011509
-47.618725
-47.213207
-47.026371
-47.015755
-47.240807
-47.228069
-47.340595
-47.323608
-46.964798
-46.591125
-46.340595
-46.130402
-45.824673
-45.574139
-45.329979
-44.803440
-44.406410
-44.228069
-44.202591
-43.958427
-43.510445
-43.145264
-43.143143
-43.162251
-42.731251
-42.459492
-42.521061
-42.616604
-42.472229
-42.191975
-41.784332
-41.336349
-40.988152
-40.769470
-40.535923
-39.988152
-39.824673
-39.771591
-39.495583
-39.304501
-39.060341
-39.047600
-38.930828
-38.926582
-38.580509
-38.497707
-37.990276
-38.003014
-37.718513
-37.270531
-36.531677
-36.319363
-36.310871
-36.234436
-36.179237
-36.017876
-35.582634
-35.317242
-35.368195
-35.527431
-35.431889
-34.848026
-34.442505
-34.516815
-34.298130
-33.737621
-33.493462
-33.608109
-33.465858
-33.327854
-32.964798
-32.686668
-32.495583
-32.242931
-32.259914
-32.000893
-31.799192
-31.966921
-33.170742
-35.198345
-37.620850
-39.947815
-41.457367
-42.011509
-42.370319
-42.807686
-42.828918
-42.344841
-41.714268
-40.903229
-40.242931
-39.797070
-39.332104
-38.597496
-38.113419
-38.007259
-38.030617
-38.107048
-38.349087
-38.444630
-38.287518
-38.032738
-37.777962
-37.491337
-36.720638
-35.803440
-35.015755
-34.514690
-33.960552
-33.417027
-32.633587
-31.801317
-31.215328
-30.856518
-30.406412
-29.939322
-29.489214
-28.839533
-28.007261
-27.385180
-26.671804
-26.113419
-25.508324
-24.952059
-24.355457
-24.066710
-23.533800
-23.085817
-22.450998
-21.909597
-21.431890
-21.064587
-20.601742
-19.865011
-19.251423
-18.879873
-18.397919
-18.017878
-17.353333
-16.756731
-15.901104
-15.574141
-15.283270
-15.240807
-15.223822
-14.828918
-14.300255
-13.924459
-13.512569
-13.257792
-13.070955
-12.907474
-12.782208
-12.656942
-12.402165
-12.272654
-11.875627
-11.472229
-11.041231
-10.786454
-10.603864
-10.444629
-10.032739
-9.563524
-8.973290
-8.525308
-8.225945
-8.051847
-7.873503
-7.688790
-7.603864
-7.703652
-7.625095
-7.281147
-7.166497
-7.291762
-7.346964
-7.467983
-7.497707
-7.262038
-7.113418
-7.047601
-6.862887
-6.542293
-5.943567
-5.372442
-4.915966
-4.678174
-4.508323
-4.274777
-4.083694
-3.720637
-3.586879
-3.374565
-3.062463
-2.945690
-2.990276
-2.837410
-2.378811
-2.079448
-1.748238
-1.586879
-1.782208
-1.898981
-2.036985
-1.686667
-1.535924
-1.559278
-1.576263
-1.663312
-1.395796
-1.070955
-0.828917
-0.667558
-0.497707
-0.255669
0.336688
0.317580
0.253885
0.158344
-0.007261
0.179575
0.289979
0.192314
0.270870
0.436476
0.559618
0.718853
0.689130
0.644544
0.899321
0.935414
1.421614
1.735839
1.878089
1.907813
1.939660
2.200807
2.289979
2.387643
2.585096
2.791040
2.969384
3.168960
3.141359
3.213546
3.168960
3.134990
3.438599
3.455584
3.599957
3.565987
3.655159
3.861104
4.033079
4.154098
4.166837
4.188068
4.081911
4.084034
4.069172
4.143482
4.415244
4.245393
4.018217
4.251762
4.449214
4.538386
4.629682
4.621189
4.504416
4.629682
4.750700
4.982123
4.943907
4.892951
4.833503
4.952399
4.990616
5.113758
5.149851
5.311210
5.372781
5.493801
5.748578
5.810149
5.880212
5.899321
5.746454
5.716731
5.616943
5.323949
5.050064
5.143482
5.168960
5.043694
4.890828
4.869596
4.884459
5.079788
5.298471
5.389766
5.440722
5.417367
5.440722
5.385520
5.385520
5.529894
5.353673
5.459830
5.551125
5.712484
5.831380
5.835626
5.954522
6.084034
6.253885
6.406752
6.285732
6.353673
6.122251
5.950276
5.895074
5.805902
6.183822
6.260255
6.062802
6.130743
6.256009
6.366412
6.272994
6.064926
6.092526
6.410998
6.287856
6.185945
6.351550
6.551125
6.767686
6.653036
6.616943
6.527771
6.563864
6.737962
6.742208
6.593588
6.389766
6.105266
5.871720
5.948153
6.105266
5.642420
5.328195
5.485308
5.508662
5.383397
5.398259
5.706115
5.657282
5.631804
5.538386
5.495924
5.319703
5.332442
5.563864
5.506539
5.088280
4.754947
4.614820
4.434352
4.058556
3.735839
3.871720
3.939660
4.064926
3.992739
4.047941
4.222038
4.232654
4.188068
4.120127
4.251762
4.478939
4.546879
4.752824
4.765563
4.608450
4.585095
4.710361
4.801656
4.922675
5.126497
5.374905
5.833503
6.024586
6.215669
6.260255
6.011847
5.833503
5.814395
5.487431
4.693376
4.177452
4.039448
3.585096
2.958769
2.689130
2.599957
2.389766
1.999108
1.982123
1.963015
2.037325
2.226285
2.232654
2.396136
2.506539
2.570234
2.504416
2.818641
3.228408
3.442845
3.633928
3.880212
3.909936
4.098896
4.213546
4.304841
4.217792
4.559618
4.752824
4.980000
5.013970
5.020339
5.054310
4.994862
4.929045
5.262378
5.529894
5.555372
5.491677
5.636051
5.614820
5.595711
5.468323
5.599957
5.733716
5.765563
5.992739
6.118004
6.026709
6.130743
6.338811
6.553248
6.625435
6.708238
6.538386
6.568110
6.464077
6.364289
6.574480
6.636051
6.808025
7.109512
7.230531
7.360043
7.275117
7.326072
7.377028
7.366412
7.234777
7.060679
6.892951
6.892951
7.075541
7.166837
7.181698
7.304841
7.353673
6.967261
6.858981
6.977877
7.118004
7.166837
6.980000
6.882336
6.780425
6.960892
7.245393
7.256009
6.977877
6.799533
6.848365
6.982123
7.287856
7.387643
7.551125
7.875966
7.667898
7.349427
7.130743
7.289979
7.168960
7.166837
6.929045
6.782548
6.812272
6.597835
6.404628
6.417367
6.404628
6.703991
6.867474
