-0.097028
-0.116636
-0.050588
0.034035
0.095955
-0.020660
0.055707
0.173354
0.265201
0.200186
0.096987
0.083571
0.045387
-0.179587
-0.226027
-0.143467
-0.152755
-0.174427
-0.121796
-0.132116
0.064995
0.132074
0.310609
0.216698
0.106275
0.039195
-0.071228
0.007203
0.020619
-0.120764
-0.141404
-0.244603
-0.077420
-0.040268
-0.135212
-0.095996
0.010299
0.057771
0.116594
0.186770
0.042291
0.051579
0.057771
-0.080516
-0.171331
-0.083612
-0.002085
-0.046460
0.119690
0.135170
0.173354
0.072219
0.035067
0.002043
-0.019628
0.055707
0.119690
0.230114
0.250753
-0.444809
-5.191971
-28.506729
-118.210548
-296.528412
-489.776093
-662.023743
-805.035095
-914.938110
-989.249756
-1035.179565
-1059.094971
-1066.186768
-1059.852417
-1043.276611
-1019.939148
-991.535645
-960.362244
-928.239441
-896.037170
-863.910217
-832.477844
-801.392151
-770.912292
-741.699707
-713.541809
-685.983521
-658.820435
-632.017578
-605.740967
-580.093933
-554.456177
-529.195068
-504.296204
-479.667725
-455.499512
-431.396301
-407.615082
-384.079498
-361.138306
-338.396301
-316.192993
-294.618195
-273.594452
-253.395279
-233.239441
-213.518082
-194.224991
-175.051620
-156.131088
-137.525299
-119.089806
-101.074326
-83.625404
-66.262146
-49.367409
-32.809101
-16.597544
-0.707967
14.876141
30.001011
44.786358
59.010300
72.843117
86.485016
99.956635
112.758492
125.036102
137.125885
149.002045
160.569641
171.752304
182.508759
192.867889
202.862732
212.693481
222.364273
231.623306
240.437546
249.079437
257.524231
265.437531
273.350861
281.021637
288.630524
295.976257
303.094910
309.716187
315.963867
321.936005
327.801849
333.159943
338.271393
342.934967
347.447876
351.878204
355.925690
359.914337
363.616089
366.901947
369.950439
372.740936
375.356018
378.011322
380.528351
382.760559
385.015472
386.931854
388.641876
390.253845
391.626404
392.928772
393.825562
394.505646
395.163025
395.738892
396.362213
396.890594
397.282745
397.494293
397.752289
397.761597
397.661499
397.307526
396.941162
396.151672
395.327118
394.462311
393.591309
392.447876
391.358093
390.072205
388.506683
386.667664
385.136200
383.440643
381.717224
379.981415
378.082550
375.993774
373.722382
371.462311
368.997925
366.611938
363.824554
361.363251
359.066040
356.580994
354.295135
351.849304
349.447876
346.867889
344.146515
341.482941
338.576874
335.310608
332.019592
328.983459
326.029907
322.729584
319.347748
315.996887
312.870972
309.591309
306.514954
303.250763
300.095947
296.834869
293.352936
289.668701
286.161987
282.731659
279.265198
275.770874
272.232178
268.889557
265.611938
262.061890
258.566528
255.144455
251.702759
248.132080
244.811127
241.543839
238.055710
234.436508
230.820419
227.562408
224.523193
221.034042
217.305450
213.654266
210.442703
207.289963
203.739914
200.190903
196.688324
193.359116
190.095947
186.747147
183.394196
180.137238
176.950439
173.619171
170.251785
167.002045
163.844147
160.664581
157.416901
153.948380
150.531448
147.328156
144.142395
141.013397
137.990692
134.986557
131.723404
128.982437
126.329185
123.405556
120.081505
116.806999
113.822479
110.747139
107.700699
104.978310
102.311638
99.233208
96.008232
92.899879
89.928772
86.773972
83.833832
80.909164
78.099052
75.379753
72.512878
69.859627
67.271393
64.711021
62.132072
59.837955
57.363239
54.783260
52.347759
49.902973
47.175419
44.601631
42.378719
40.141361
37.706894
35.431351
33.073250
30.651167
28.456120
26.491207
24.316801
21.752302
19.150650
16.822477
14.762621
12.395232
10.175418
8.165098
6.169226
4.180578
2.098019
-0.030980
-2.153787
-4.032012
-5.827678
-7.633664
-9.633663
-11.654304
-13.470609
-15.175459
-16.706936
-18.457193
-20.233252
-21.714159
-23.199196
-25.107347
-26.818390
-28.394241
-30.143467
-31.834902
-33.445843
-34.936039
-36.587223
-37.935005
-39.317875
-40.774014
-41.893726
-43.173397
-44.519112
-46.072262
-47.484024
-48.970093
-50.491249
-52.048523
-53.308586
-54.548008
-55.844189
-57.069164
-58.270401
-59.381859
-60.517048
-61.485058
-62.388050
-63.360188
-64.534592
-65.533562
-66.467514
-67.638824
-68.807037
-69.800850
-70.759567
-71.693520
-72.642952
-73.694550
-74.444809
-75.163078
-76.156883
-76.887535
-77.608894
-78.432426
-79.172363
-79.986603
-80.745117
-81.444809
-82.163078
-83.080513
-83.810135
-84.745117
-85.445839
-86.057816
-86.499504
-87.055748
-87.782272
-88.519112
-89.066071
-89.501572
-89.910240
-90.330261
-90.833870
-91.439651
-91.876183
-92.103218
-92.454094
-93.087738
-93.609924
-94.054718
-94.480927
-95.036140
-95.552139
-95.987640
-96.470612
-96.808067
-97.145531
-97.454094
-97.541817
-97.905075
-98.103218
-98.362251
-98.696617
-98.709000
-98.724480
-98.634697
-98.658432
-98.913330
-99.204353
-99.408691
-99.320969
-99.353996
-99.575874
-99.832840
-99.787430
-99.808067
-99.836967
-99.793625
-99.717255
-99.953583
-100.235313
-100.189911
-99.948418
-99.946358
-99.893723
-99.825615
-99.759567
-99.742020
-99.684235
-99.664627
-99.623344
-99.388046
-99.316841
-99.365349
-99.180618
-98.875153
-98.526337
-98.543877
-98.429329
-98.185776
-97.949455
-97.772980
-97.465446
-97.348831
-97.211578
-97.029945
-96.896820
-96.539749
-96.514984
-96.331291
-96.095993
-95.772980
-95.443779
-95.236343
-95.179588
-95.015503
-94.673912
-94.161011
-93.733765
-93.395271
-93.213646
-93.067101
-92.804977
-92.387016
-92.103218
-91.656364
-91.277626
-91.054718
-90.785370
-90.591354
-90.382889
-90.277626
-90.077423
-89.591354
-89.131081
-88.788460
-88.484024
-88.281754
-88.122826
-87.766792
-87.446877
-87.066071
-86.860703
-86.431396
-86.037170
-85.625404
-85.247696
-85.023758
-84.657402
-84.427269
-84.079483
-83.587227
-83.062973
-82.542847
-82.342644
-81.904045
-81.682167
-81.620247
-81.337479
-81.024788
-80.528397
-80.083611
-79.583099
-78.913330
-78.500534
-78.352959
-77.916428
-77.305489
-76.895790
-76.466484
-75.714157
-75.199196
-74.782272
-74.649147
-74.224998
-73.787430
-73.451004
-73.068130
-72.403526
-71.775047
-71.530464
-71.310654
-70.862762
-70.454094
-69.715195
-69.221901
-68.726540
-68.492279
-68.134178
-67.610962
-67.052650
-66.837997
-66.486092
-65.953583
-65.576904
-65.157913
-64.583099
-64.219833
-63.767822
-63.460289
-63.000019
-62.315811
-61.783302
-61.481960
-61.268337
-61.153786
-61.095997
-60.799816
-60.279690
-59.896820
-59.646046
-59.368443
-59.083611
-58.886501
-58.514984
-58.102188
-57.709000
-57.362251
-56.853477
-56.212612
-55.657398
-55.219833
-54.759567
-53.948421
-53.465450
-52.969059
-52.360188
-51.731701
-51.084644
-50.616119
-50.242538
-49.715191
-49.122829
-48.624374
-48.330257
-47.949451
-47.518082
-46.987637
-46.531498
-46.094963
-45.690422
-45.065037
-44.276596
-43.439648
-42.937069
-42.739960
-42.385986
-42.097027
-42.265244
-42.628502
-42.930878
-43.232220
-43.698681
-44.188873
-44.667721
-44.868958
-44.660496
-44.294140
-43.920559
-43.463387
-43.091869
-42.527367
-41.797749
-41.158947
-40.621281
-40.028915
-39.520145
-39.162045
-38.784336
-38.211578
-37.819424
-37.367409
-36.696613
-35.891663
-35.424168
-34.766792
-34.081547
-33.552135
-32.990734
-32.490215
-31.746151
-30.883406
-30.372570
-29.895790
-29.325098
-28.878246
-28.329226
-27.806005
-27.213642
-26.774014
-26.433456
-25.893726
-25.291042
-24.767822
-24.277626
-23.954613
-23.474737
-23.168236
-22.760599
-22.148628
-21.554201
-21.066069
-20.749247
-20.377729
-19.893726
-19.407658
-19.122828
-18.706936
-18.301363
-17.911270
-17.764727
-17.721382
-17.402498
-16.965965
-16.568647
-16.193003
-15.769886
-15.464417
-15.113540
-14.697647
-14.208483
-13.763695
-13.494345
-13.118700
-12.665655
-12.460289
-12.207451
-11.858638
-11.428297
-11.230155
-10.986605
-10.778142
-10.347802
-9.961837
-9.660496
-9.261114
-8.758534
-8.303426
-8.005180
-7.748215
-7.263178
-6.907141
-6.581032
-6.364314
-6.288978
-6.539752
-6.857606
-6.923653
-6.652239
-6.219835
-6.109412
-5.992797
-5.795686
-5.703839
-5.558328
-5.235315
-4.935005
-4.715191
-4.461321
-3.988669
-3.732735
-3.531496
-3.443777
-3.371538
-3.201259
-2.941197
-2.824582
-2.683199
-2.587224
-2.557296
-2.621280
-2.409721
-2.259051
-2.023757
-1.716223
-1.334386
-1.125924
-1.137276
-1.171331
-0.865862
-0.664623
-0.369474
-0.303426
-0.070196
-0.067100
0.013395
0.077379
0.233209
0.564479
0.562415
0.683158
0.801837
0.985531
1.256945
1.485016
1.746109
1.957668
2.160970
2.244561
2.599566
2.945284
3.119690
3.428256
3.769845
3.895748
4.019587
4.166130
4.319897
4.626399
4.818349
4.925676
5.037131
5.178514
5.390072
5.482952
5.589247
5.589247
5.618143
5.715149
5.822477
6.010299
6.382848
6.749206
6.803901
6.672838
6.550031
6.539711
6.559319
6.798741
7.047451
7.166130
7.397296
7.424128
7.514943
7.546935
7.695542
7.971084
8.156842
8.274489
8.312673
8.546935
8.602662
8.732694
8.857565
8.974179
9.049515
9.044355
9.126914
9.356016
9.462312
9.462312
9.336409
9.461280
9.568606
9.570671
9.588215
9.865821
10.056739
9.832797
9.706894
9.619174
9.574799
9.642910
9.587183
9.606791
9.842085
10.068090
10.212569
10.367369
10.601630
10.513911
10.616078
10.745077
10.022683
7.675934
4.622271
2.247657
2.228050
2.369432
2.310609
2.256945
2.448896
2.359113
2.289969
2.385944
2.550031
2.872012
3.157874
3.206378
3.262105
3.296161
3.498431
3.602663
3.620206
3.623302
3.668710
3.689350
3.595438
3.462312
3.499463
3.560351
3.766749
3.934964
3.882332
3.917420
3.858597
4.049515
4.373560
4.633622
4.963860
5.103179
5.381816
5.847245
6.241466
6.651166
7.007203
7.236305
7.413808
7.611950
7.840021
7.975212
8.142394
8.315769
8.695541
8.970052
9.282745
9.344665
9.537647
9.698638
9.816285
10.029907
10.326089
10.574799
10.654263
10.539711
10.620207
10.656326
10.277585
9.527328
8.653230
7.856533
7.376657
6.985531
6.876140
6.856533
6.960763
7.117626
7.232178
7.528359
7.914324
8.186769
8.348793
8.695541
8.915356
9.170258
9.375625
9.674902
9.984500
10.366337
10.635686
10.838988
11.150650
11.481919
11.776037
12.176450
12.342601
12.306481
12.637751
12.918452
13.158906
13.411744
13.666646
13.937028
14.157874
14.501528
14.649102
14.833829
14.902972
14.914324
15.010300
15.141362
15.195025
15.332281
15.544871
15.796677
15.948380
16.086666
16.246626
16.243530
16.166130
16.234241
16.397297
16.713085
16.851372
17.011332
17.070154
17.299257
17.363241
17.346729
17.286873
17.373560
17.556223
17.751270
17.956636
18.170258
18.085634
18.114531
18.040228
18.043324
18.138266
18.169226
18.287905
18.240433
18.236305
18.143427
18.042292
17.930836
17.931868
17.872013
17.915356
17.857565
17.937027
17.937027
17.870981
17.701735
17.547968
17.451992
17.363241
17.385944
17.383881
17.277586
17.156841
17.042292
17.073252
17.014427
16.884396
16.898844
16.847244
16.895748
16.952507
16.897812
16.823509
16.706894
16.504623
16.348793
15.999979
15.614015
15.130011
14.757462
14.684190
14.575830
14.521135
14.398328
14.318865
14.277585
14.177482
14.179546
14.301321
14.185738
14.092858
13.922580
13.728565
13.536615
