0.104093
0.038921
0.074660
-0.016440
-0.165004
-0.054982
0.197996
0.205003
0.082369
-0.006629
0.018598
-0.019944
-0.113847
-0.149587
-0.057786
0.031913
0.018598
0.030512
0.205704
0.272978
0.097786
0.048031
0.008788
0.036819
0.008788
0.097786
0.180477
-0.008732
-0.176216
-0.191633
-0.052179
0.131423
0.174170
0.081668
0.152446
0.045228
0.061345
-0.067596
-0.090021
-0.190932
-0.081612
0.068353
-0.020645
-0.117351
-0.132067
-0.211254
-0.211254
-0.162901
-0.092123
-0.083714
-0.231577
-0.150988
-0.001023
0.010189
0.028409
0.097085
0.261766
0.223224
0.007386
-1.169208
-8.504176
-33.235081
-101.410271
-224.029755
-346.052185
-459.093536
-557.497864
-633.054993
-686.521667
-722.530090
-742.206360
-747.399048
-742.475464
-730.430603
-710.498596
-685.873474
-659.448120
-632.320557
-605.306580
-578.721436
-553.090027
-528.846863
-505.914124
-484.292542
-463.640839
-443.576355
-424.874176
-406.862274
-389.009430
-371.827240
-355.496460
-339.274323
-323.434814
-307.827240
-292.464233
-277.498566
-262.616302
-247.626114
-232.750854
-217.902222
-203.419388
-189.014343
-174.612091
-160.516083
-146.735428
-133.050781
-119.621208
-106.611397
-93.982803
-81.565147
-69.553932
-57.717213
-46.076004
-34.773972
-23.846153
-13.080211
-2.656945
7.309418
17.236538
26.887554
36.362679
45.559593
54.555389
63.560993
72.354965
80.748802
88.982857
96.942215
104.921890
112.746002
120.267372
127.535767
134.463593
141.136322
147.723572
154.085175
160.075363
165.943619
171.677322
177.219025
182.490921
187.558197
192.329041
196.810471
201.318527
205.514740
209.367584
213.204300
216.987061
220.705353
224.183975
227.415939
230.371780
233.277176
236.153854
238.942917
241.557495
244.086578
246.565903
248.849716
250.820984
252.630371
254.479706
256.333252
258.114594
259.863037
261.294006
262.571503
263.881256
264.914185
265.654907
266.348663
266.854614
267.276489
267.772614
268.201508
268.483215
268.652100
268.618469
268.603729
268.589722
268.670319
268.392120
267.899475
267.565186
267.218323
266.703247
266.019989
265.583405
265.073975
264.439758
263.574310
262.545593
261.435547
260.323425
259.116699
257.919800
256.667511
255.389313
253.965347
252.575012
250.953430
249.246353
247.425049
245.583420
243.895264
242.154541
240.593231
238.974457
237.287689
235.521057
233.722168
231.873535
229.940811
227.765625
225.593933
223.468491
221.375992
219.301010
217.170670
215.097092
212.881241
210.618454
208.359177
206.112503
203.953430
201.860931
199.671021
197.648590
195.568008
193.225327
190.841309
188.544876
186.214111
183.797150
181.494415
179.120911
176.649994
174.415939
172.186783
169.879150
167.397720
164.935913
162.381592
159.950623
157.696243
155.516144
152.982162
150.453781
147.900162
145.575012
143.070450
140.536469
138.148941
135.806259
133.509842
131.246353
129.184677
127.037521
124.696243
122.338852
120.212715
118.229530
115.989868
113.897362
111.792252
109.689240
107.461487
105.294701
103.113205
101.039619
98.905777
96.555389
94.418739
92.422241
90.326241
88.365479
86.208504
84.213409
82.144737
79.968140
77.975853
75.928902
73.753708
71.577110
69.422241
67.222527
65.141235
63.258263
61.429249
59.507034
57.522453
55.502831
53.726376
51.953426
50.148941
48.213413
46.407528
44.644386
42.857422
40.752304
38.639481
36.610050
34.716568
32.865131
31.153847
29.442564
27.747400
26.073259
24.548382
23.006685
21.387905
19.675220
18.097084
16.361275
14.638781
12.917687
11.381598
9.835697
8.392109
7.113203
5.716566
4.445368
3.030512
1.722172
0.574310
-0.481051
-1.516791
-2.704597
-3.985606
-5.246293
-6.463532
-7.639425
-8.869979
-10.194436
-11.617702
-12.953371
-14.104036
-15.532908
-16.836342
-18.005928
-19.110344
-20.199341
-21.306559
-22.387148
-23.479650
-24.748045
-25.787289
-26.820925
-27.898010
-28.781681
-29.833538
-31.029055
-32.141178
-33.146084
-34.143982
-35.043068
-35.736134
-36.475445
-37.203545
-37.987709
-38.803406
-39.410275
-40.057083
-40.763462
-41.456524
-42.140476
-42.724220
-43.272923
-43.830734
-44.535011
-45.322678
-45.917633
-46.655544
-47.402565
-48.160099
-48.775375
-49.284134
-50.027653
-50.656242
-51.108242
-51.592472
-52.099133
-52.701092
-53.123657
-53.549728
-54.057785
-54.538513
-54.937954
-55.357014
-55.727722
-55.909222
-56.263111
-56.645733
-56.953369
-57.338093
-57.723518
-58.036762
-58.392754
-58.854561
-59.297451
-59.734028
-60.039566
-60.420784
-60.817421
-61.230175
-61.583363
-61.934448
-62.046574
-62.153790
-62.533607
-62.757854
-62.915527
-63.141178
-63.355614
-63.504879
-63.682171
-63.909222
-64.214760
-64.432701
-64.484558
-64.554634
-64.695488
-64.779579
-64.933052
-65.156593
-65.326881
-65.390656
-65.360519
-65.509781
-65.752953
-66.159401
-66.541321
-66.930946
-67.269417
-67.305161
-67.484558
-67.689178
-67.939354
-67.954773
-67.972290
-68.050781
-67.853859
-67.788689
-67.883995
-67.878387
-67.799202
-67.781685
-67.773972
-67.806206
-67.837044
-67.823029
-67.888199
-67.823029
-67.812515
-67.580559
-67.524498
-67.392754
-67.100533
-66.832138
-66.666756
-66.602287
-66.601585
-66.615601
-66.362617
-66.077408
-65.930244
-65.888901
-65.923241
-65.633118
-65.476845
-65.478249
-65.384346
-65.168510
-65.085815
-64.939354
-64.665352
-64.289742
-64.202843
-64.113846
-63.883293
-63.614197
-63.380138
-62.982803
-62.694084
-62.424988
-62.243488
-62.094227
-61.867878
-61.535011
-61.244190
-61.116650
-61.127861
-61.039566
-60.865776
-60.685677
-60.373833
-60.097729
-59.907822
-59.673763
-59.393456
-59.049377
-58.804806
-58.725620
-58.647133
-58.408173
-58.254002
-58.047276
-57.546223
-57.303055
-57.241386
-57.181824
-56.881893
-56.593876
-56.410275
-56.220364
-55.906418
-55.637321
-55.223167
-54.923237
-54.771870
-54.506981
-54.066196
-53.600182
-53.392754
-53.237183
-53.221767
-53.232979
-53.043770
-52.677265
-52.465633
-52.360519
-52.001724
-51.512585
-51.188129
-50.910625
-50.639427
-50.303055
-50.049377
-49.890301
-49.559536
-49.141876
-48.973694
-48.730526
-48.461430
-48.191631
-47.961079
-47.724918
-47.463531
-47.159397
-46.790791
-46.308662
-45.992615
-45.780281
-45.564442
-45.336693
-45.038864
-44.755051
-44.375935
-44.170609
-44.038162
-43.664654
-43.262409
-42.899410
-42.619102
-42.407471
-42.321274
-42.269417
-42.170609
-41.939354
-41.715107
-41.550426
-41.113846
-40.697590
-40.416580
-40.134869
-39.927441
-39.860870
-39.792892
-39.687077
-39.673061
-39.733330
-39.530807
-39.307259
-38.987709
-38.511185
-38.202145
-38.178318
-37.902916
-37.523800
-37.069698
-36.827934
-36.643631
-36.380840
-35.916229
-35.620506
-35.452320
-35.006630
-34.682171
-34.354912
-34.106140
-33.853161
-33.369629
-32.832840
-32.321274
-32.021347
-31.774673
-31.481050
-31.348606
-31.024849
-30.809713
-30.532207
-30.259607
-29.916931
-29.502775
-29.243490
-29.012936
-28.783083
-28.312166
-28.036062
-27.788689
-27.561640
-27.165003
-26.796398
-26.573553
-26.339495
-26.106840
-25.862270
-25.546923
-25.160099
-24.992615
-24.659046
-24.202845
-23.918333
-23.710203
-23.584064
-23.307261
-23.141878
-23.031857
-22.843349
-22.595276
-22.188829
-21.869278
-21.560940
-21.357716
-21.261709
-21.145382
-21.073904
-21.114548
-21.083714
-20.879789
-20.663952
-20.408171
-20.167807
-19.802706
-19.558836
-19.254002
-19.031857
-18.818823
-18.683575
-18.313566
-18.072502
-17.758556
-17.559538
-17.293245
-17.066195
-16.771872
-16.417280
-16.221066
-15.996819
-15.852460
-15.620504
-15.534309
-15.282733
-14.916230
-14.673763
-14.401864
-14.040967
-13.819524
-13.640827
-13.542719
-13.512586
-13.437603
-13.408872
-13.230876
-13.153090
-13.146083
-12.912025
-12.727722
-12.537813
-12.391353
-12.246994
-11.953371
-11.628914
-11.415879
-11.121555
-10.880490
-10.668157
-10.447414
-10.368227
-10.245592
-10.033258
-9.830736
-9.632418
-9.485956
-9.357716
-8.988409
-8.667457
-8.401163
-8.099832
-7.739635
-7.429895
-7.251198
-7.097730
-6.935151
-6.752249
-6.563041
-6.378738
-6.203546
-6.165003
-6.004527
-5.734730
-5.467036
-5.298851
-5.006629
-4.710203
-4.504878
-4.399061
-4.192334
-3.983504
-3.877687
-3.602985
-3.325480
-3.234380
-3.224569
-3.102635
-3.066195
-2.859468
-2.651339
-2.421486
-2.258907
-2.066195
-1.776076
-1.476146
-1.177617
-0.938655
-0.748045
-0.664653
-0.558136
-0.529404
-0.405368
-0.238584
-0.144681
0.016496
0.188185
0.404723
0.614954
0.690638
0.773329
0.776132
0.767022
0.630371
0.708157
0.778234
0.722172
0.591829
0.738290
0.808367
0.791549
0.767022
1.066952
1.287694
1.366181
1.423644
1.523153
1.484611
1.505634
1.528059
1.487414
1.593931
1.769825
1.888956
2.055038
2.158753
2.425746
2.713062
3.012291
3.108297
3.209208
3.378795
3.506335
3.600238
3.657701
3.635277
3.712362
3.881247
3.914184
4.066952
4.153146
4.223924
4.427148
4.483210
4.600939
4.703251
4.767022
4.857421
5.158752
5.158052
5.059243
5.099187
5.332544
5.426447
5.373188
5.324835
5.404022
5.501430
5.460785
5.444667
5.511240
5.550484
5.652796
5.708157
5.798556
5.719369
5.686433
5.806966
6.091479
6.347961
6.336048
6.422943
6.530862
6.419439
6.507737
6.563097
6.654898
6.628269
6.606545
6.644387
6.582018
6.638080
6.755809
6.700449
6.708157
6.767723
6.809769
6.966742
7.066251
7.161556
7.205004
7.167162
7.290498
7.183980
7.296103
7.396314
7.289096
7.260365
7.484611
7.638080
7.762116
7.736188
7.751605
7.705354
7.749503
7.878444
7.923995
7.931703
7.982859
8.071157
8.221121
8.302411
8.315024
8.350063
8.258963
8.041724
8.017898
7.972348
8.079565
8.020700
8.032614
8.128619
8.230231
8.274380
8.258963
8.212011
8.176972
8.066251
7.873539
7.863728
7.877744
7.832894
7.773329
7.849012
7.846209
7.827288
7.873539
7.747400
7.716566
7.741794
7.663308
7.660504
7.720070
7.805564
7.889657
8.035417
8.228829
8.291899
8.179776
8.316426
8.443266
8.279285
8.212712
8.235837
8.241444
8.370385
8.323434
8.034717
7.361275
6.650694
6.174170
5.760014
5.497225
5.273679
5.027008
4.926097
4.860224
4.759313
4.756510
4.747400
4.771226
4.738290
4.772628
4.853217
5.132824
5.227428
5.246349
5.237940
5.343756
5.453076
5.572908
5.659804
5.685732
5.664709
5.764919
5.713763
5.403322
5.056440
4.782439
4.566601
4.260365
4.044527
4.034015
3.857421
3.774730
3.907176
4.053637
3.998276
3.974450
4.045228
4.286994
4.411030
4.516146
4.739692
4.861626
5.011591
5.181878
5.197996
5.388606
5.738991
5.994772
6.119510
6.186783
6.136328
6.138430
6.120911
6.207106
6.188185
6.037519
5.689236
5.316426
4.861626
4.460785
4.412432
4.418038
4.379496
4.398416
4.535067
4.604443
4.765620
4.968143
5.137029
5.230231
5.524555
5.761415
5.745298
5.973749
6.242845
6.337449
6.375291
6.418038
6.592530
6.757211
6.957632
7.127919
7.214114
7.280687
7.344457
7.447470
7.524555
7.668213
7.722172
7.661906
7.707456
7.830091
7.890357
7.836398
8.013693
8.099888
8.202901
8.406825
8.553988
8.600238
8.642284
8.856020
8.913483
