-0.718553
0.120703
-0.175117
-0.006266
0.065151
-0.046989
-0.063795
-0.014366
0.071943
-0.156504
0.155903
-0.149302
0.000716
0.015381
-0.025370
-0.026742
-0.022603
-0.034709
0.001868
0.007588
-0.091007
0.051872
-0.060981
-0.021284
0.021211
-0.058099
-0.017871
-0.000462
-0.016802
-0.041309
-0.004241
-0.034856
-0.011139
-0.017943
-0.026786
-0.012940
-0.032468
0.000092
-0.034054
-0.014213
-0.026800
-0.010765
-0.025351
-0.016902
-0.034517
-0.000382
-0.040966
-0.013321
-0.005729
-0.046783
0.014743
-0.055655
0.007762
-0.017097
-0.086154
0.012478
0.139672
-0.251410
-0.220145
0.751309
-0.123956
-2.257655
3.040599
3.327123
3.784902
1.217178
0.743235
0.335161
0.635122
0.030975
0.199814
0.319153
0.283737
0.658099
0.308736
0.136498
0.297903
0.456295
0.309482
0.241790
0.267897
0.157284
0.306583
0.230612
0.287722
0.181971
0.251237
0.284458
0.217774
0.173283
0.236332
0.300792
0.211356
0.203051
0.145623
0.254442
0.285370
0.171283
0.194248
0.176178
0.249385
0.213043
0.172263
0.161758
0.239386
0.176090
0.196585
0.163859
0.175547
0.225736
0.155572
0.172984
0.170472
0.139510
0.198894
0.171823
0.158318
0.144832
0.177094
0.174496
0.163012
0.131399
0.155276
0.172243
0.159644
0.129268
0.144083
0.146641
0.166798
0.126074
0.142133
0.155417
0.121869
0.130690
0.149430
0.125839
0.123935
0.117462
0.145953
0.144966
0.116396
0.064210
0.199775
0.108113
0.060677
0.095930
0.136428
0.125726
0.093067
0.097943
0.114459
0.142446
0.093570
0.124099
0.093634
0.095399
0.135338
0.064960
0.101046
0.113569
0.087791
0.083430
0.129016
0.072310
0.094905
0.107046
0.041892
0.130256
0.065730
0.106418
0.095477
0.063919
0.118182
0.070983
0.005330
0.068739
0.086106
0.011956
0.126935
0.093525
0.070421
0.068470
0.079687
0.067347
0.075359
0.047987
0.095143
0.077827
0.057446
0.048387
0.073723
0.098922
0.042243
0.037256
0.096477
0.071683
0.049163
0.052491
0.078046
0.051102
0.067360
0.037888
0.078782
0.051572
0.074361
0.035082
0.054484
0.078802
0.053627
0.029871
0.074974
0.056068
0.047157
0.047741
0.036147
0.070930
0.046445
0.038230
0.057740
0.047959
0.055885
0.032944
0.055907
0.070898
0.028783
0.017458
0.098995
0.029549
0.025472
0.044940
0.053026
0.035106
0.037357
0.026665
0.080933
0.027340
0.049312
0.028790
0.031177
0.055514
0.053207
0.001685
0.061471
0.032209
0.040902
0.011191
0.066140
0.033183
0.031522
0.004441
0.077988
0.032450
0.021422
0.020699
0.040426
0.077260
-0.006912
0.009105
0.070652
0.048715
0.002725
0.023748
0.050968
0.036031
0.024353
0.019392
0.022597
0.059494
0.019992
-0.003058
0.032556
0.043138
0.054459
-0.023412
0.049569
0.017558
0.058801
-0.002942
0.019733
0.038087
0.037523
0.001450
0.044630
0.024204
0.032828
0.002026
0.013902
0.051960
0.012806
0.008942
0.041221
0.021940
0.003651
0.027208
0.016042
0.028120
0.019064
-0.000186
0.046781
0.018585
0.015538
0.011585
0.007885
0.053884
0.004783
0.006370
0.020672
0.045396
-0.006026
0.015603
0.012164
0.033682
0.000354
0.004602
0.026223
0.022232
0.031797
-0.037685
0.041096
0.043219
-0.010127
-0.010509
0.041802
0.022034
0.006708
-0.002449
0.010236
0.031760
0.004252
0.003770
0.025759
0.002034
0.022906
0.002382
-0.004930
0.035393
0.014020
-0.017063
0.036636
0.008187
0.010281
-0.008771
0.030545
0.011343
0.010069
-0.017119
0.032717
0.028980
-0.019265
-0.000083
0.017491
0.028434
0.012774
-0.035397
0.037085
0.011024
0.011801
-0.006505
0.020287
-0.004964
0.021059
-0.004214
0.015127
0.001131
0.021836
-0.016006
0.013194
0.022899
-0.004239
-0.021078
0.040719
0.010304
-0.008411
-0.010617
0.030192
0.039734
0.000958
-0.025524
0.023125
0.030260
-0.007658
-0.007404
0.004850
0.022334
0.005978
-0.027911
0.040882
-0.003651
-0.010559
0.026060
-0.005957
-0.003881
0.019965
-0.005252
0.010570
-0.002595
0.017588
-0.003708
-0.021927
0.038026
0.008839
-0.026438
0.014187
0.008039
-0.001884
0.006485
-0.006307
0.012526
-0.005931
0.008574
0.007629
0.003111
-0.012058
-0.001471
0.015692
0.005814
-0.000642
-0.027717
0.041572
-0.005229
-0.011929
-0.003761
0.007587
0.021188
-0.011322
-0.015609
0.006336
0.035296
-0.034050
-0.000652
0.006670
0.017934
-0.012385
-0.020430
0.035050
-0.001219
-0.028268
0.020398
-0.008824
0.004804
0.001503
-0.002915
-0.008221
0.019032
-0.001903
-0.005022
-0.032371
0.036548
0.001751
-0.033935
0.025884
-0.002453
0.000138
-0.023207
0.009978
0.019282
-0.013975
-0.032475
0.030068
-0.003409
0.009307
-0.029942
0.002030
0.021424
-0.006613
-0.024200
0.022309
-0.002237
-0.012952
0.002196
-0.003886
0.004349
0.005891
-0.017504
-0.000040
0.015821
-0.008511
-0.013127
-0.022491
0.050165
-0.030851
-0.018161
0.017186
-0.003072
-0.004641
-0.006595
-0.003349
0.003071
-0.008465
-0.000471
-0.014305
0.029585
-0.029794
-0.004797
-0.012313
0.040305
-0.032576
-0.009454
-0.004968
0.020045
-0.026509
0.001426
0.000014
-0.003506
0.006819
-0.034355
0.016166
-0.000391
-0.007783
-0.004487
-0.004016
0.010093
-0.016864
-0.010425
0.002256
0.014499
-0.024601
-0.004793
-0.014589
0.017666
0.002305
-0.036058
0.020634
-0.004995
0.003264
-0.040892
0.014304
0.011481
-0.011332
-0.030242
0.032457
-0.027280
0.004415
0.001912
-0.014264
-0.009677
0.010379
-0.024776
0.008175
0.000714
-0.003302
-0.022466
-0.005751
0.022168
-0.004683
-0.045930
0.032070
-0.004714
-0.020908
-0.001379
-0.010981
0.003327
-0.001538
-0.018772
-0.003013
0.015250
-0.023473
-0.010600
-0.010553
0.039900
-0.032957
-0.032921
0.022441
0.014841
-0.041047
0.000193
0.001889
0.000163
0.000298
-0.026933
-0.003497
0.015484
-0.014539
-0.018936
0.005639
-0.001825
-0.003131
-0.029543
0.032617
-0.024437
-0.011027
-0.005935
-0.007758
0.010110
-0.007355
-0.020426
-0.003231
0.020110
-0.035825
0.007664
-0.011692
-0.003061
0.004963
-0.022374
-0.001723
0.004980
-0.022842
0.016714
-0.024284
-0.001813
-0.012439
-0.005453
-0.006145
0.020244
-0.024711
-0.010226
-0.018882
0.031718
-0.019027
-0.029880
0.005108
0.014040
-0.013572
-0.032677
0.017885
-0.012794
-0.005203
-0.014806
-0.006330
0.016183
-0.015073
-0.023480
0.000915
0.005013
-0.014402
-0.030822
0.036119
-0.001477
-0.035361
0.021861
-0.020155
0.004373
-0.005132
-0.014773
-0.002106
-0.004923
0.003884
-0.033531
0.001940
0.017925
-0.018052
-0.024832
0.004239
0.020352
-0.027561
-0.004705
-0.026663
0.026206
-0.023995
-0.007845
-0.013191
0.026569
-0.026737
-0.012374
-0.009218
0.008942
0.000092
-0.035075
0.007138
0.010343
-0.022824
-0.006279
-0.007133
0.001847
-0.023407
0.004937
-0.009953
-0.000102
-0.001598
-0.032722
0.014475
-0.001622
-0.018553
-0.020764
0.008055
0.004536
-0.024359
-0.002514
-0.007218
-0.006188
-0.004149
-0.012295
0.001739
-0.005160
-0.003500
-0.027445
-0.013855
0.022449
-0.010117
-0.041387
0.025352
-0.005203
-0.019277
-0.018878
0.001975
-0.000170
-0.005663
-0.022148
0.008315
-0.011826
-0.002493
-0.033488
0.008543
0.003954
-0.009824
-0.025886
0.007964
0.005464
-0.034815
0.006688
-0.017275
0.003246
-0.022624
-0.003566
-0.009085
0.017039
-0.035775
0.004212
-0.031630
0.039151
-0.026103
-0.039945
0.024419
-0.008487
-0.023646
-0.002743
-0.002773
-0.000125
-0.016661
-0.019990
0.002127
0.003515
-0.017609
-0.022405
-0.008024
0.031523
-0.032827
-0.031525
0.010793
0.008136
-0.024998
0.002896
-0.029859
0.000059
-0.003113
-0.012469
-0.007464
0.001766
-0.006580
-0.028305
-0.007936
0.014298
-0.025893
-0.011244
-0.000331
0.003180
-0.031002
-0.005697
-0.010156
0.019101
-0.049045
0.020141
-0.014488
-0.015062
0.000847
-0.019879
-0.005776
0.001699
-0.019238
-0.029711
0.023516
-0.000970
-0.029996
-0.017738
0.001319
0.007556
-0.021467
-0.024036
0.004279
0.007368
-0.019427
-0.020501
-0.036182
0.057304
-0.031309
-0.034782
0.014236
0.006481
-0.030089
-0.025317
0.014834
-0.013395
0.003018
-0.047149
0.019864
0.003563
-0.026290
-0.021581
-0.018976
0.037481
-0.028315
-0.029392
-0.003215
0.008731
-0.021618
-0.010477
-0.015252
-0.002277
0.001623
-0.033240
0.005121
-0.015912
0.001428
-0.021238
-0.013863
0.001536
-0.000851
-0.050835
0.026312
-0.006453
-0.018638
-0.025758
0.003606
-0.018773
0.017528
-0.045380
-0.006197
0.016960
-0.027203
-0.014355
-0.020553
0.020039
-0.024423
-0.024814
0.006702
-0.001277
-0.021581
-0.021498
-0.008616
0.003901
-0.026487
-0.010546
-0.002178
-0.009807
-0.006055
-0.020068
-0.030582
0.042398
-0.045128
-0.026821
0.011948
-0.001864
-0.021681
-0.017615
-0.006248
-0.003101
-0.012385
-0.031463
0.012087
-0.003477
-0.038866
-0.007956
-0.016866
0.021527
-0.024019
-0.035992
0.011112
-0.010576
-0.017039
-0.019673
-0.000259
-0.015543
-0.004681
-0.026662
-0.001527
-0.023907
0.012433
-0.034393
-0.016688
0.022615
-0.029617
-0.036309
0.014747
-0.003338
-0.032787
0.007773
-0.056488
0.056286
-0.079183
0.052633
-0.135307
0.180943
-0.180822
0.062341
-0.042957
0.016001
-0.012659
-0.050813
0.023130
-0.007710
-0.021657
-0.040378
0.030873
-0.040286
0.000955
-0.025053
-0.002998
-0.016414
-0.001269
-0.030193
-0.013685
0.007743
-0.023367
-0.020318
-0.017514
0.014679
-0.029458
-0.030952
0.008771
-0.011141
-0.036324
-0.010633
0.005030
-0.010174
-0.021597
-0.025434
0.000598
-0.006360
-0.032885
-0.014916
0.005194
-0.011857
-0.028317
-0.016412
-0.001345
-0.010021
-0.020141
-0.021904
-0.008904
-0.001618
-0.017033
-0.048149
0.014123
-0.005442
-0.022131
-0.034293
0.005084
-0.003047
-0.010800
-0.059435
0.016722
0.015983
-0.022744
-0.133754
0.171414
-0.124001
0.037161
-0.127498
0.018971
0.006999
0.003203
-0.067234
0.016462
-0.015009
-0.029380
0.008112
-0.051028
-0.020297
0.004746
-0.018605
-0.031919
-0.020612
0.004338
-0.047455
-0.001275
-0.025859
-0.003062
-0.057308
0.021390
-0.013088
-0.060030
0.005445
-0.021416
-0.015485
-0.036238
-0.017512
-0.008135
-0.004859
-0.042769
-0.015598
-0.027099
-0.006007
-0.016372
-0.057614
0.011836
-0.018282
-0.034222
-0.031137
0.004793
-0.023157
-0.005371
-0.021257
-0.015406
-0.014533
-0.028322
-0.026982
-0.009553
-0.029137
-0.009497
-0.035284
-0.014254
-0.009364
-0.046878
-0.009217
-0.024615
0.001007
-0.094453
0.105791
-0.195588
0.123300
-0.211665
0.649409
-1.531856
1.693677
