-0.162932
0.031956
-0.032010
0.000157
0.021047
-0.005195
-0.007074
0.003319
0.015501
-0.027509
0.041223
-0.027575
-0.003527
0.019869
-0.003670
-0.001904
-0.000772
-0.005136
0.019914
-0.003963
-0.017266
0.017774
-0.004625
-0.000505
0.011096
-0.019871
0.019853
-0.003150
-0.000850
0.003085
-0.006695
0.011724
0.001937
-0.002594
-0.010214
0.019130
-0.014667
0.014091
-0.010990
0.008499
0.000854
-0.004578
0.003365
0.009585
-0.010902
0.012101
-0.008120
0.001945
0.008370
-0.010812
0.011823
-0.001733
-0.000244
0.000928
0.003701
-0.016222
0.048976
-0.050854
-0.010321
0.057907
0.210845
-0.443712
1.028939
0.958573
0.164578
0.128681
0.191520
0.227020
0.056623
-0.007234
0.066596
0.108530
0.040066
0.120359
0.003012
0.028316
0.133605
0.063912
0.012252
0.039862
0.087467
0.047715
0.053789
0.040371
0.068683
0.040074
0.045566
0.077079
0.018611
0.040648
0.074869
0.060243
0.022219
0.037320
0.054391
0.045400
0.056993
0.025849
0.037930
0.038785
0.061402
0.032870
0.030445
0.036446
0.063242
0.021796
0.040232
0.037109
0.039929
0.032465
0.029332
0.037841
0.037433
0.031501
0.037100
0.032726
0.029255
0.036138
0.025983
0.030267
0.034571
0.024396
0.034200
0.024842
0.031616
0.035611
0.017374
0.036298
0.027056
0.018369
0.039220
0.024328
0.010214
0.037794
0.027555
0.023869
0.015643
0.021344
0.035567
0.019988
0.015806
0.025135
0.017798
0.037101
0.015046
0.011879
0.039221
0.020624
0.013363
0.014177
0.027282
0.019538
0.024484
0.004814
0.034154
0.009829
0.019944
0.021482
0.012122
0.024077
0.012127
0.019129
0.016830
0.019489
0.010035
0.025749
0.009103
0.017649
0.020299
0.006970
0.024396
0.014474
0.014989
0.016861
0.003589
0.036003
-0.007496
0.013685
0.024615
0.015240
0.005896
0.011054
0.019841
0.013105
0.009416
0.007269
0.030106
0.004054
0.004049
0.019506
0.011315
0.016104
0.007854
0.000086
0.028238
0.015137
-0.004390
0.019247
0.007273
0.009753
0.009326
0.009770
0.011396
0.013742
0.000207
0.015913
0.007994
0.014495
0.004165
0.005771
0.018169
0.003439
0.001374
0.007733
0.015581
0.008156
0.006074
-0.000996
0.021363
0.004762
0.011175
0.001699
0.009808
0.013697
0.004244
-0.001739
0.015722
0.006262
0.002216
0.009656
0.006362
0.007313
0.008539
-0.004846
0.012486
0.006391
0.008310
0.002426
0.006628
0.005647
0.015207
-0.010673
0.016005
0.005351
-0.002164
0.009058
0.016514
-0.003769
0.008165
-0.000481
0.014472
-0.002146
0.007511
0.003478
-0.000978
0.027652
-0.017501
0.009021
0.006574
0.013981
-0.008202
0.005987
0.005072
0.006269
0.007398
-0.001918
0.006308
0.007509
-0.000577
0.002318
-0.000350
0.013328
0.004571
-0.008161
0.010125
0.005914
-0.003314
0.006794
0.004634
-0.000842
0.006668
0.004619
0.000522
0.008794
-0.009086
0.014261
0.001903
0.004841
-0.003821
0.005666
0.013237
-0.004589
-0.003354
0.002510
0.008851
0.000571
0.006863
-0.008720
0.010280
0.002622
0.005724
-0.004034
0.000935
0.006724
0.009113
-0.012679
0.008901
0.002754
0.001879
0.006942
-0.002347
-0.002807
0.009522
-0.003587
0.006474
-0.005172
0.004610
0.001810
0.000922
0.005144
-0.001668
-0.005042
0.017352
-0.001533
-0.010351
0.010196
0.003038
0.000159
-0.004695
0.003632
0.004838
0.004283
-0.006528
0.005498
-0.007621
0.012396
0.003842
-0.015988
0.013311
0.004663
-0.004140
0.003589
-0.003457
0.005879
-0.004604
0.003485
0.005705
-0.001156
-0.005559
0.009656
-0.007399
0.010615
-0.006795
-0.003413
0.012298
-0.004039
-0.001017
0.002949
-0.003299
0.001949
0.008562
-0.012250
0.007427
0.004719
-0.007511
0.001088
-0.004916
0.016638
-0.004161
-0.017575
0.017119
0.005035
-0.018085
0.011419
-0.000057
0.003372
-0.007168
0.006085
-0.001361
0.002409
-0.006650
0.004342
0.001940
-0.004429
0.007384
-0.013799
0.010552
-0.001717
-0.000179
0.000298
-0.002314
-0.001055
0.007121
-0.003928
-0.001067
0.008431
-0.011131
0.005425
-0.005363
0.016441
-0.012357
-0.006029
0.011741
-0.000479
-0.006569
-0.002053
0.004932
0.004267
-0.003434
-0.006627
0.013293
-0.009175
0.000588
0.002377
-0.004810
0.008601
-0.003345
-0.013110
0.012325
-0.000336
-0.003687
-0.000578
0.002836
-0.003170
0.000535
0.000884
0.006588
-0.012220
0.005642
-0.004676
0.002774
-0.001305
0.000757
-0.006508
0.013612
-0.008569
-0.003015
0.008369
-0.001152
-0.001329
-0.004647
-0.003568
0.009169
-0.005502
-0.001728
0.003081
-0.015789
0.024752
-0.012060
-0.005508
0.004431
0.007722
-0.014153
-0.000697
0.007819
0.002723
-0.011799
0.001529
0.002588
0.004765
-0.008944
0.003379
-0.002829
0.003394
0.001915
-0.016448
0.021257
-0.010202
-0.002403
0.004893
-0.006517
0.002839
0.002282
-0.007371
0.004385
-0.003394
-0.000574
0.000508
-0.002202
0.008865
-0.006889
-0.005220
0.005833
0.001951
-0.005193
0.003318
-0.003798
0.000315
0.001575
-0.012669
0.017035
-0.010907
0.002543
-0.003866
0.003006
0.008616
-0.012770
-0.006585
0.015741
-0.003570
-0.011250
0.005066
0.004399
-0.008381
0.002413
-0.002560
0.007835
-0.009067
0.006523
-0.005675
0.001327
0.002262
-0.003138
-0.004239
0.006120
0.000747
-0.007844
0.003380
-0.000432
0.000473
-0.001653
-0.002662
-0.000603
0.012197
-0.015383
0.001844
-0.000075
0.003648
-0.004475
-0.005916
0.015158
-0.008364
-0.010902
0.011329
-0.008073
0.010280
-0.010507
-0.000629
-0.000102
0.005156
-0.000219
-0.006655
-0.004798
0.013935
-0.004555
-0.014275
0.005577
0.008352
-0.006023
-0.002526
0.000772
-0.002152
0.011020
-0.017276
0.010520
-0.002927
-0.003396
0.005598
-0.008261
0.008485
-0.000274
-0.009071
0.004464
0.009377
-0.013731
-0.001626
0.008618
-0.005066
0.000763
-0.003844
-0.000736
0.004002
-0.003568
-0.001817
-0.002503
0.007774
-0.000726
-0.010097
0.014405
-0.006951
-0.001616
-0.000604
0.003457
-0.001101
-0.000992
-0.012398
0.015409
0.003356
-0.012517
0.001936
-0.001585
0.008443
-0.003973
-0.008483
0.006466
0.001457
-0.007051
0.008050
-0.003994
-0.005971
0.007582
-0.004343
0.006682
-0.001594
-0.007267
0.008876
-0.011539
0.016067
-0.017704
-0.001276
0.006849
0.004610
-0.009451
0.002614
-0.001839
0.003982
-0.002052
-0.008192
0.015667
-0.006889
-0.003038
-0.000447
0.000443
0.007800
-0.007737
-0.009658
0.017778
-0.007449
-0.011128
0.007260
0.005213
-0.009797
0.005773
-0.006148
0.012988
-0.014596
0.008767
-0.007948
-0.003377
0.013454
-0.003222
-0.018282
0.015709
0.009275
-0.013114
-0.003117
0.006263
0.002075
0.000144
-0.009073
0.009551
-0.001764
-0.004065
0.001773
-0.004171
0.006852
0.003253
-0.017169
0.016165
-0.003614
-0.001702
-0.002777
0.003195
0.002468
-0.003168
-0.004250
0.011027
-0.007804
-0.000335
0.001165
0.002935
-0.005466
0.002785
-0.006916
0.008896
-0.004087
0.000630
0.003298
-0.003748
-0.002224
0.000943
0.000483
0.004452
-0.006756
0.003900
0.001120
-0.004173
0.013422
-0.012541
-0.006249
0.018013
-0.005495
-0.007594
0.000035
0.010708
-0.006793
-0.001655
-0.002713
0.008310
0.001037
-0.005322
0.003461
-0.010387
0.015179
-0.000580
-0.013789
0.014183
-0.005106
0.004357
-0.006436
0.002393
0.002254
-0.001928
-0.001878
0.005392
-0.003100
-0.000619
0.004410
-0.004863
0.001603
0.004968
-0.013384
0.015335
-0.005167
-0.003827
0.002345
-0.002572
0.007011
-0.010273
0.002532
0.008181
-0.002102
-0.002538
0.004473
-0.004239
0.011799
-0.009135
-0.007028
0.014298
-0.004283
-0.003305
0.002562
-0.000974
0.002562
0.000479
-0.003831
0.003791
0.003397
-0.008378
0.003155
-0.000966
0.007480
-0.003523
-0.006975
0.003380
0.015842
-0.020328
0.011759
-0.006009
0.009672
-0.010846
0.011042
-0.007125
0.000523
-0.002932
0.005806
-0.004456
0.008550
-0.007104
-0.003630
0.012016
-0.004122
-0.004210
-0.002907
0.010225
-0.001884
-0.001895
-0.005516
0.011714
-0.000684
-0.006256
-0.000547
0.000025
0.011894
-0.000729
-0.016971
0.010146
0.008860
-0.011804
0.000335
0.008194
0.004976
-0.004423
-0.003698
0.010951
-0.000836
-0.005765
0.005533
-0.000835
0.005905
-0.003265
-0.003321
0.011891
-0.006069
-0.000077
0.008729
-0.006470
0.005272
-0.003491
-0.000054
0.006121
0.001683
-0.009898
0.012373
-0.014594
0.013039
0.003361
-0.017854
0.021667
-0.005544
-0.001004
-0.004886
0.008241
-0.005817
0.008794
-0.007688
0.006551
-0.000105
-0.000311
-0.001648
-0.006198
0.019094
-0.009385
-0.005879
0.005360
0.011303
-0.015005
0.008698
0.002199
-0.000764
0.002448
-0.005103
0.009447
-0.004768
0.000799
-0.001063
0.003979
0.002115
-0.000568
-0.006566
0.011224
-0.005287
0.001007
0.001255
0.001885
0.000199
0.001147
-0.002915
0.007733
-0.001029
-0.001878
-0.000129
0.000803
0.005450
-0.002878
-0.005063
0.013055
-0.003488
-0.002437
-0.002262
0.006223
-0.004455
0.009862
-0.010725
0.012741
-0.007217
-0.000013
0.010213
-0.014014
0.018043
-0.008401
-0.006972
0.016669
-0.007007
-0.003634
0.009033
-0.004988
0.009610
-0.010718
0.011991
-0.020628
0.042297
-0.039112
0.014183
-0.002913
0.014512
-0.008364
-0.000734
0.000278
0.014081
-0.012628
0.005331
0.005060
-0.003216
-0.002824
0.002846
0.003993
0.003583
-0.005734
-0.000529
0.002447
0.003644
0.003901
-0.007854
0.007293
0.005863
-0.013915
0.011222
-0.002525
0.005721
-0.008133
0.005575
-0.000963
0.010218
-0.012946
0.005899
-0.002263
0.014516
-0.010357
-0.004426
0.008758
0.007396
-0.007979
0.007509
-0.002931
0.003549
0.002566
-0.003019
0.004206
-0.006176
0.014623
-0.011011
0.004320
0.003167
0.002633
-0.007644
0.009953
-0.002314
0.001297
-0.009263
0.016405
-0.002160
0.010837
-0.039931
0.056471
-0.017424
-0.022486
0.012744
-0.004056
0.011157
-0.004382
-0.005083
0.009890
0.001562
-0.010762
0.014603
-0.013357
0.003128
0.010751
-0.013568
0.007793
0.001465
-0.001369
0.005037
-0.005115
-0.001897
0.008391
-0.012483
0.012382
-0.000261
-0.009400
0.012691
0.001517
-0.006273
0.005744
-0.002804
0.004823
-0.006172
0.002901
-0.000440
0.001970
-0.002371
0.001994
-0.003894
0.006309
0.002965
-0.007859
0.001673
0.004085
-0.001736
-0.001683
-0.002108
0.008858
-0.006141
0.000220
-0.002742
0.003915
-0.002951
0.007637
-0.008733
0.001365
0.001595
-0.010921
0.017837
-0.006334
-0.004709
-0.010307
0.036523
-0.043879
0.031824
-0.045918
0.162702
-0.352164
0.400501
