-0.926665
0.178130
-0.224914
0.008533
0.087215
-0.043374
-0.057831
-0.012215
0.078161
-0.160147
0.200341
-0.163145
-0.016759
0.055810
-0.018801
-0.038453
-0.004222
-0.024366
0.001062
0.024457
-0.093088
0.070010
-0.057141
-0.032637
0.053398
-0.061186
-0.009498
0.003261
-0.002379
-0.043191
0.014416
-0.036316
0.008027
-0.011077
-0.029386
0.004592
-0.047617
0.030154
-0.031570
-0.015408
-0.021098
0.004367
-0.007192
-0.028563
-0.021773
0.018064
-0.036640
-0.017165
0.013819
-0.054411
0.028111
-0.038817
-0.002358
-0.001031
-0.052354
-0.043810
0.203410
-0.262319
-0.144225
0.439634
0.453252
-2.551816
2.540476
3.073736
2.124334
0.785541
0.173985
0.167142
0.069235
0.055543
0.134381
0.309665
0.220646
0.587443
0.300929
0.165768
0.337621
0.440761
0.296475
0.247743
0.229661
0.241052
0.298575
0.173979
0.344171
0.211067
0.186015
0.326381
0.226749
0.190890
0.256556
0.289484
0.201826
0.233935
0.169042
0.240347
0.312596
0.162340
0.213145
0.216135
0.228440
0.238428
0.187350
0.208179
0.215667
0.212608
0.204111
0.203689
0.189107
0.219244
0.172997
0.224928
0.191484
0.160802
0.232370
0.185363
0.174511
0.181342
0.189717
0.191677
0.196789
0.156974
0.175922
0.183547
0.195484
0.156314
0.157851
0.191817
0.198363
0.113518
0.201106
0.162700
0.149843
0.166010
0.169255
0.134705
0.162028
0.152761
0.168608
0.136692
0.144104
0.164827
0.116571
0.184880
0.129289
0.117686
0.178497
0.145838
0.102405
0.133228
0.146473
0.132380
0.129136
0.124139
0.130755
0.127848
0.128058
0.115982
0.112188
0.151655
0.104075
0.099741
0.144762
0.114717
0.096571
0.119255
0.118850
0.103169
0.098252
0.106492
0.122091
0.101332
0.097709
0.111497
0.063010
0.158466
0.068861
0.077466
0.129237
0.103727
0.062840
0.098175
0.097703
0.100109
0.085012
0.084361
0.095066
0.095224
0.072638
0.093647
0.067776
0.103715
0.081672
0.050920
0.093475
0.110095
0.041581
0.103123
0.059093
0.083837
0.083104
0.056613
0.084906
0.070308
0.075353
0.059797
0.070386
0.089887
0.049311
0.045285
0.096023
0.087736
0.022054
0.084853
0.066750
0.063225
0.061771
0.033707
0.088667
0.068229
0.047725
0.053213
0.047018
0.084941
0.064333
0.001103
0.107110
0.048160
0.041460
0.056443
0.048680
0.054954
0.047080
0.048997
0.051637
0.053045
0.055673
0.029849
0.052944
0.055137
0.044463
0.011724
0.094242
0.044825
0.008651
0.051465
0.065133
0.051152
0.020579
0.036597
0.060983
0.051790
0.022909
0.041080
0.036522
0.062861
0.044461
-0.017231
0.089882
0.035364
0.030344
0.019712
0.054158
0.026894
0.046013
0.025214
0.035662
0.059770
0.010548
0.033445
0.033468
0.049160
0.036374
-0.008178
0.065528
0.043908
-0.015071
0.048443
0.045073
0.021566
0.037675
-0.006703
0.058284
0.035927
0.017418
0.010588
0.026927
0.053393
0.009106
0.021279
0.026254
0.058525
-0.007240
0.034517
0.017738
0.025306
0.033000
-0.004734
0.042425
0.028610
0.031024
0.012082
0.004750
0.042543
0.036274
-0.009483
0.031211
0.046602
-0.011830
0.036968
0.002496
0.038277
0.012218
0.008953
0.025218
0.027618
0.015537
0.020060
-0.002038
0.051038
0.012816
-0.013879
0.038209
0.033079
-0.007684
0.022886
0.013097
0.018213
0.021057
0.002969
0.024361
0.036217
-0.013340
0.024002
0.001001
0.040748
0.013267
-0.034313
0.059088
0.026880
-0.021264
0.016768
0.016453
0.028445
-0.016079
0.020827
0.020707
0.028467
-0.007666
0.016641
-0.007125
0.040969
0.004105
-0.024651
0.057844
-0.000293
0.005203
-0.002125
0.031396
-0.009998
0.016859
0.011283
0.005426
0.011160
0.016739
-0.009406
0.009901
0.025321
0.018314
-0.028617
0.035075
0.020579
-0.030635
0.029606
-0.002291
0.022219
0.003826
-0.011906
0.033020
0.009003
-0.011868
0.022787
-0.009649
0.025118
-0.001115
-0.008856
0.027593
0.018255
-0.019110
0.010902
0.009011
0.002448
0.017035
-0.006856
0.012334
0.004607
0.004086
0.006531
-0.008985
0.032224
0.004482
-0.032772
0.034753
0.012379
-0.014173
-0.002796
0.017756
0.021964
-0.018686
0.002763
0.013471
0.007070
0.002862
-0.006943
0.003488
0.020979
0.002280
-0.029020
0.024761
0.028681
-0.025382
-0.005478
0.013616
0.009437
0.006258
-0.012492
0.009762
0.015109
-0.008748
0.002840
-0.014567
0.041710
-0.000748
-0.036258
0.025924
0.029020
-0.035244
0.011665
0.002830
-0.000932
0.013898
-0.013887
0.011453
0.005787
0.002639
-0.004805
-0.015152
0.036290
-0.015675
-0.017858
0.028851
0.012916
-0.026191
0.002940
0.020214
-0.008457
-0.000063
-0.004883
0.013198
0.001271
-0.000682
-0.013167
-0.008338
0.031337
0.008907
-0.050779
0.041892
0.015852
-0.023118
0.003715
-0.000815
0.012180
-0.003522
-0.021511
0.018465
0.009908
-0.003549
-0.009207
-0.017214
0.051211
-0.015150
-0.041744
0.029781
0.023413
-0.042759
0.011463
0.012008
-0.005643
0.010009
-0.026061
0.018097
0.006600
-0.004741
-0.000256
-0.023766
0.038150
-0.011612
-0.019981
0.007376
0.023631
-0.026329
0.000443
-0.000036
0.014872
0.000183
-0.028178
0.018897
0.007324
0.000668
-0.022775
-0.003450
0.037083
-0.026968
-0.012613
0.019684
0.009596
-0.025038
0.002798
-0.001181
-0.008483
0.025781
-0.023105
0.005095
0.009650
-0.003882
-0.013457
-0.012213
0.023779
0.009744
-0.041202
0.025972
0.008549
-0.021444
0.006209
-0.004733
0.010831
-0.011653
-0.011235
0.022212
-0.011442
-0.001399
-0.008850
0.001870
0.013497
-0.003802
-0.029905
0.030742
-0.004890
-0.015702
0.001438
-0.006384
0.016893
-0.015338
-0.008851
0.012817
0.004588
-0.012817
-0.007201
-0.008564
0.027588
-0.005571
-0.042892
0.037042
0.007411
-0.029855
0.006391
-0.004348
0.007184
-0.012358
0.012114
-0.016324
0.009655
-0.011812
0.003827
-0.015150
0.015063
0.012863
-0.050029
0.036163
0.008892
-0.033415
0.007075
0.002718
0.005216
-0.011009
-0.019371
0.015986
0.013590
-0.022849
-0.001328
-0.014351
0.033393
-0.007679
-0.041940
0.034167
-0.003318
-0.019802
0.003425
0.016242
-0.027336
0.011440
-0.028219
0.041156
-0.013071
-0.014581
-0.003326
-0.006511
0.022770
-0.014436
-0.031117
0.031240
0.002776
-0.017456
-0.015358
0.012631
0.003144
-0.011026
-0.011575
0.004983
0.013324
-0.008795
-0.023199
-0.005571
0.034439
-0.007357
-0.045262
0.028902
0.021789
-0.045411
0.018863
-0.017201
0.012473
-0.005587
-0.011657
0.001487
0.001814
-0.001889
-0.003315
-0.026149
0.027276
0.009735
-0.051318
0.033259
-0.000041
-0.025282
0.007860
0.000090
-0.003420
-0.008991
-0.006139
0.018026
-0.004753
-0.012113
-0.005141
-0.012022
0.012567
0.013453
-0.047007
0.031616
0.005425
-0.039323
0.027157
-0.027372
0.022659
-0.022149
0.003191
-0.003954
0.000639
0.006190
-0.023753
0.005844
-0.006198
0.020185
-0.049293
0.037963
-0.001455
-0.029240
0.004767
0.008451
-0.011963
-0.004157
-0.008749
0.009227
0.004363
-0.019077
-0.003734
-0.005338
0.014845
-0.000050
-0.049337
0.047065
-0.006546
-0.026618
0.008315
-0.012029
0.013603
-0.014268
-0.011202
0.007135
0.011153
-0.017637
-0.018618
0.000529
0.038198
-0.027680
-0.036358
0.035980
0.000109
-0.022876
-0.003365
0.012756
-0.011064
-0.003324
-0.014249
0.006824
0.007067
-0.013030
-0.001026
-0.022754
0.032559
-0.013512
-0.029721
0.028317
-0.008378
-0.022449
0.002386
0.008377
-0.008903
-0.003467
-0.017709
0.022109
-0.003763
-0.014862
-0.015455
0.008977
0.020123
-0.013498
-0.040199
0.024449
0.019937
-0.031049
-0.004625
0.008623
-0.007770
-0.000773
-0.015224
0.006203
0.006909
-0.010878
-0.003404
-0.020421
0.019489
0.008337
-0.042938
0.015695
0.018434
-0.036495
0.021212
-0.012777
0.028792
-0.047624
0.022279
-0.014145
0.010074
0.000383
-0.020602
-0.004077
0.010388
-0.006849
-0.036513
0.051763
-0.022451
-0.009597
-0.013037
0.019009
-0.020740
0.013750
-0.028883
0.027542
-0.034373
0.026440
-0.023020
-0.016419
0.024305
0.007601
-0.054045
0.036841
-0.005662
-0.021508
0.001970
-0.004114
0.010864
-0.006687
-0.024636
0.015536
-0.002687
-0.005886
-0.012250
-0.019149
0.030967
-0.000665
-0.046795
0.035002
-0.003232
-0.015070
-0.018269
0.014698
-0.014780
0.014005
-0.028185
0.006617
0.003444
-0.002221
-0.008313
-0.030924
0.038041
-0.009166
-0.040851
0.027010
0.000843
-0.019502
-0.012117
0.013350
-0.007627
-0.002998
-0.012938
-0.006333
0.017092
-0.023595
-0.003368
-0.018311
0.037416
-0.022899
-0.034201
0.034659
-0.003442
-0.035790
0.009685
0.005681
-0.010728
-0.008318
-0.013035
0.009749
-0.005014
-0.006758
-0.004238
-0.029224
0.038297
-0.010637
-0.052791
0.043017
-0.004373
-0.024121
-0.005682
0.000786
0.002303
-0.005809
-0.012729
0.002743
-0.003304
-0.015082
0.004290
-0.021995
0.025977
-0.017461
-0.021756
0.024219
-0.010429
-0.025223
0.006471
-0.005541
-0.006988
0.008121
-0.035640
0.017163
0.005846
-0.023661
0.001125
-0.028762
0.038623
-0.020750
-0.033271
0.015606
0.020787
-0.053579
0.029806
-0.047845
0.061557
-0.083430
0.095573
-0.178586
0.226338
-0.196112
0.083720
-0.050333
0.026260
0.003575
-0.056891
0.037919
-0.014129
0.001158
-0.042333
0.044532
-0.045648
0.005044
-0.006928
-0.002134
-0.008531
-0.009166
-0.009601
-0.004669
0.010974
-0.021473
-0.006367
-0.014240
0.021974
-0.041558
0.009969
-0.010223
-0.000837
-0.011701
-0.018966
0.004881
-0.001263
-0.005374
-0.025206
-0.000081
0.019018
-0.033294
-0.012566
-0.002249
0.014847
-0.039176
0.000260
0.003849
-0.012278
-0.006589
-0.017571
0.013519
-0.020366
0.007612
-0.041199
0.006556
0.014184
-0.022836
-0.021181
-0.003741
0.017766
-0.024754
-0.032337
0.017295
-0.003607
0.031263
-0.155818
0.165274
-0.061048
-0.041316
-0.035202
-0.013988
0.022432
-0.012969
-0.023911
0.009049
0.005394
-0.055879
0.025482
-0.025427
-0.014691
-0.000130
-0.027778
0.007333
-0.019543
-0.018118
-0.004645
-0.001867
-0.034422
0.023833
-0.058014
0.018875
-0.005069
-0.032822
-0.015601
0.003233
-0.018470
-0.013913
-0.015099
-0.004780
-0.010682
-0.017503
-0.011397
-0.016607
-0.012045
-0.009138
-0.030806
0.003118
-0.001603
-0.038875
-0.015827
0.010109
-0.029960
-0.013897
-0.019685
-0.010345
0.013398
-0.053228
0.000155
-0.020274
-0.015904
0.004559
-0.047777
0.000773
0.012083
-0.062074
0.014143
-0.027869
0.007580
-0.094662
0.146778
-0.235556
0.160238
-0.261872
0.865256
-1.996707
2.237934
