0.000973
0.000854
0.000675
0.000468
0.000265
0.000091
-0.000042
-0.000129
-0.000175
-0.000193
-0.000192
-0.000183
-0.000171
-0.000161
-0.000153
-0.000144
-0.000135
-0.000124
-0.000112
-0.000100
-0.000089
-0.000083
-0.000084
-0.000092
-0.000108
-0.000129
-0.000154
-0.000177
-0.000194
-0.000203
-0.000202
-0.000190
-0.000169
-0.000143
-0.000115
-0.000089
-0.000068
-0.000054
-0.000048
-0.000050
-0.000058
-0.000069
-0.000077
-0.000074
-0.000044
0.000037
0.000218
0.000580
0.001255
0.002451
0.004473
0.007730
0.012733
0.020049
0.030218
0.043631
0.060373
0.080086
0.101874
0.124315
0.145595
0.163761
0.177047
0.184198
0.184706
0.178891
0.167817
0.153054
0.136374
0.119444
0.103595
0.089704
0.078186
0.069070
0.062126
0.056987
0.053252
0.050557
0.048608
0.047180
0.046115
0.045300
0.044651
0.044107
0.043620
0.043152
0.042674
0.042168
0.041622
0.041036
0.040411
0.039757
0.039082
0.038398
0.037716
0.037047
0.036398
0.035777
0.035187
0.034631
0.034108
0.033614
0.033141
0.032682
0.032228
0.031773
0.031311
0.030841
0.030363
0.029880
0.029396
0.028915
0.028442
0.027981
0.027533
0.027102
0.026690
0.026298
0.025925
0.025572
0.025234
0.024909
0.024592
0.024278
0.023966
0.023653
0.023339
0.023027
0.022717
0.022412
0.022110
0.021811
0.021512
0.021212
0.020908
0.020599
0.020285
0.019969
0.019654
0.019344
0.019040
0.018747
0.018465
0.018196
0.017938
0.017692
0.017456
0.017226
0.017000
0.016774
0.016544
0.016307
0.016061
0.015805
0.015540
0.015267
0.014988
0.014707
0.014427
0.014152
0.013888
0.013637
0.013405
0.013191
0.012998
0.012823
0.012662
0.012512
0.012367
0.012223
0.012075
0.011921
0.011759
0.011589
0.011414
0.011236
0.011058
0.010884
0.010715
0.010553
0.010398
0.010247
0.010099
0.009950
0.009800
0.009646
0.009490
0.009331
0.009168
0.009002
0.008832
0.008659
0.008485
0.008313
0.008146
0.007988
0.007841
0.007707
0.007585
0.007471
0.007361
0.007252
0.007141
0.007029
0.006915
0.006804
0.006699
0.006604
0.006521
0.006452
0.006396
0.006349
0.006306
0.006259
0.006204
0.006133
0.006045
0.005940
0.005821
0.005692
0.005561
0.005432
0.005310
0.005198
0.005097
0.005008
0.004929
0.004862
0.004805
0.004759
0.004721
0.004689
0.004660
0.004626
0.004583
0.004526
0.004450
0.004355
0.004241
0.004114
0.003979
0.003843
0.003713
0.003594
0.003487
0.003393
0.003308
0.003229
0.003154
0.003081
0.003013
0.002952
0.002901
0.002866
0.002846
0.002846
0.002863
0.002897
0.002944
0.003000
0.003058
0.003110
0.003150
0.003171
0.003171
0.003151
0.003114
0.003069
0.003023
0.002983
0.002955
0.002940
0.002935
0.002935
0.002933
0.002923
0.002899
0.002858
0.002800
0.002725
0.002636
0.002537
0.002430
0.002318
0.002204
0.002090
0.001977
0.001868
0.001766
0.001675
0.001597
0.001536
0.001493
0.001467
0.001458
0.001461
0.001470
0.001479
0.001481
0.001469
0.001441
0.001394
0.001330
0.001253
0.001169
0.001083
0.001003
0.000932
0.000877
0.000838
0.000818
0.000816
0.000830
0.000856
0.000889
0.000923
0.000952
0.000972
0.000978
0.000968
0.000942
0.000902
0.000851
0.000793
0.000732
0.000670
0.000610
0.000553
0.000497
0.000442
0.000385
0.000326
0.000266
0.000205
0.000146
0.000093
0.000048
0.000012
-0.000015
-0.000033
-0.000041
-0.000040
-0.000030
-0.000008
0.000023
0.000062
0.000105
0.000146
0.000181
0.000203
0.000212
0.000207
0.000191
0.000169
0.000144
0.000119
0.000094
0.000068
0.000037
0.000001
-0.000041
-0.000085
-0.000128
-0.000163
-0.000186
-0.000198
-0.000198
-0.000191
-0.000182
-0.000175
-0.000174
-0.000183
-0.000200
-0.000227
-0.000262
-0.000306
-0.000357
-0.000414
-0.000474
-0.000534
-0.000591
-0.000642
-0.000683
-0.000714
-0.000735
-0.000747
-0.000752
-0.000752
-0.000747
-0.000739
-0.000729
-0.000718
-0.000706
-0.000696
-0.000690
-0.000689
-0.000697
-0.000713
-0.000738
-0.000769
-0.000802
-0.000832
-0.000853
-0.000861
-0.000852
-0.000827
-0.000791
-0.000748
-0.000707
-0.000676
-0.000660
-0.000662
-0.000683
-0.000718
-0.000764
-0.000815
-0.000863
-0.000905
-0.000937
-0.000957
-0.000964
-0.000958
-0.000940
-0.000913
-0.000879
-0.000842
-0.000807
-0.000778
-0.000759
-0.000753
-0.000760
-0.000779
-0.000809
-0.000848
-0.000894
-0.000944
-0.000995
-0.001045
-0.001092
-0.001132
-0.001165
-0.001188
-0.001202
-0.001205
-0.001197
-0.001182
-0.001159
-0.001132
-0.001104
-0.001079
-0.001059
-0.001047
-0.001043
-0.001047
-0.001056
-0.001068
-0.001077
-0.001079
-0.001072
-0.001053
-0.001022
-0.000984
-0.000942
-0.000903
-0.000876
-0.000865
-0.000874
-0.000905
-0.000953
-0.001013
-0.001077
-0.001137
-0.001188
-0.001226
-0.001249
-0.001261
-0.001265
-0.001266
-0.001268
-0.001275
-0.001288
-0.001306
-0.001330
-0.001355
-0.001381
-0.001404
-0.001423
-0.001436
-0.001444
-0.001447
-0.001445
-0.001440
-0.001431
-0.001422
-0.001413
-0.001405
-0.001400
-0.001400
-0.001405
-0.001416
-0.001433
-0.001454
-0.001480
-0.001508
-0.001535
-0.001560
-0.001580
-0.001591
-0.001592
-0.001582
-0.001561
-0.001530
-0.001493
-0.001450
-0.001406
-0.001362
-0.001319
-0.001281
-0.001250
-0.001230
-0.001224
-0.001235
-0.001263
-0.001305
-0.001356
-0.001410
-0.001461
-0.001502
-0.001530
-0.001546
-0.001551
-0.001547
-0.001540
-0.001531
-0.001522
-0.001514
-0.001507
-0.001503
-0.001500
-0.001500
-0.001504
-0.001510
-0.001518
-0.001527
-0.001536
-0.001542
-0.001545
-0.001545
-0.001541
-0.001533
-0.001522
-0.001509
-0.001493
-0.001477
-0.001463
-0.001452
-0.001448
-0.001450
-0.001459
-0.001474
-0.001493
-0.001513
-0.001530
-0.001543
-0.001546
-0.001536
-0.001510
-0.001467
-0.001407
-0.001331
-0.001247
-0.001162
-0.001086
-0.001027
-0.000992
-0.000982
-0.000997
-0.001031
-0.001076
-0.001125
-0.001170
-0.001205
-0.001229
-0.001239
-0.001238
-0.001226
-0.001207
-0.001181
-0.001151
-0.001121
-0.001093
-0.001073
-0.001063
-0.001068
-0.001088
-0.001120
-0.001161
-0.001203
-0.001239
-0.001261
-0.001262
-0.001236
-0.001181
-0.001099
-0.000994
-0.000873
-0.000746
-0.000628
-0.000529
-0.000460
-0.000429
-0.000439
-0.000487
-0.000565
-0.000662
-0.000766
-0.000865
-0.000950
-0.001015
-0.001059
-0.001084
-0.001094
-0.001094
-0.001092
-0.001092
-0.001096
-0.001106
-0.001118
-0.001129
-0.001134
-0.001129
-0.001112
-0.001082
-0.001044
-0.001003
-0.000966
-0.000939
-0.000927
-0.000932
-0.000951
-0.000981
-0.001015
-0.001048
-0.001075
-0.001094
-0.001102
-0.001099
-0.001088
-0.001071
-0.001050
-0.001027
-0.001008
-0.000993
-0.000985
-0.000987
-0.000998
-0.001018
-0.001044
-0.001073
-0.001102
-0.001127
-0.001145
-0.001156
-0.001159
-0.001155
-0.001146
-0.001134
-0.001118
-0.001099
-0.001075
-0.001044
-0.001003
-0.000952
-0.000889
-0.000816
-0.000736
-0.000652
-0.000571
-0.000500
-0.000443
-0.000407
-0.000394
-0.000402
-0.000430
-0.000474
-0.000529
-0.000590
-0.000654
-0.000718
-0.000777
-0.000831
-0.000876
-0.000909
-0.000931
-0.000941
-0.000941
-0.000933
-0.000922
-0.000910
-0.000898
-0.000888
-0.000876
-0.000862
-0.000843
-0.000817
-0.000785
-0.000749
-0.000713
-0.000682
-0.000659
-0.000648
-0.000649
-0.000660
-0.000681
-0.000707
-0.000736
-0.000767
-0.000798
-0.000828
-0.000856
-0.000880
-0.000898
-0.000908
-0.000909
-0.000899
-0.000881
-0.000856
-0.000829
-0.000804
-0.000784
-0.000773
-0.000773
-0.000783
-0.000803
-0.000829
-0.000859
-0.000889
-0.000915
-0.000935
-0.000945
-0.000945
-0.000934
-0.000912
-0.000881
-0.000844
-0.000804
-0.000765
-0.000731
-0.000703
-0.000684
-0.000673
-0.000666
-0.000659
-0.000645
-0.000620
-0.000578
-0.000519
-0.000445
-0.000365
-0.000286
-0.000221
-0.000177
-0.000163
-0.000180
-0.000226
-0.000294
-0.000374
-0.000458
-0.000536
-0.000600
-0.000648
-0.000677
-0.000689
-0.000688
-0.000678
-0.000666
-0.000655
-0.000651
-0.000655
-0.000667
-0.000684
-0.000705
-0.000723
-0.000736
-0.000741
-0.000738
-0.000726
-0.000710
-0.000693
-0.000678
-0.000668
-0.000665
-0.000667
-0.000674
-0.000681
-0.000687
-0.000689
-0.000687
-0.000682
-0.000675
-0.000669
-0.000666
-0.000668
-0.000673
-0.000681
-0.000689
-0.000695
-0.000698
-0.000696
-0.000689
-0.000678
-0.000664
-0.000650
-0.000635
-0.000621
-0.000608
-0.000595
-0.000582
-0.000569
-0.000555
-0.000543
-0.000531
-0.000523
-0.000518
-0.000518
-0.000521
-0.000527
-0.000534
-0.000539
-0.000542
-0.000541
-0.000539
-0.000535
-0.000533
-0.000534
-0.000538
-0.000543
-0.000549
-0.000553
-0.000552
-0.000545
-0.000533
-0.000516
-0.000496
-0.000476
-0.000457
-0.000440
-0.000427
-0.000416
-0.000407
-0.000401
-0.000397
-0.000395
-0.000397
-0.000404
-0.000415
-0.000432
-0.000453
-0.000475
-0.000497
-0.000516
-0.000529
-0.000537
-0.000538
-0.000535
-0.000528
-0.000518
-0.000506
-0.000491
-0.000472
-0.000450
-0.000426
-0.000400
-0.000375
-0.000356
-0.000344
-0.000342
-0.000350
-0.000366
-0.000387
-0.000408
-0.000427
-0.000440
-0.000445
-0.000443
-0.000435
-0.000424
-0.000413
-0.000405
-0.000399
-0.000397
-0.000398
-0.000399
-0.000400
-0.000399
-0.000396
-0.000395
-0.000395
-0.000398
-0.000406
-0.000417
-0.000427
-0.000436
-0.000439
-0.000435
-0.000426
-0.000412
-0.000396
-0.000380
-0.000365
-0.000351
-0.000336
-0.000316
-0.000290
-0.000254
-0.000209
-0.000156
-0.000099
-0.000045
0.000000
0.000031
0.000043
0.000036
0.000011
-0.000027
-0.000071
-0.000115
-0.000152
-0.000180
-0.000195
-0.000199
-0.000195
-0.000185
-0.000173
-0.000164
-0.000158
-0.000157
-0.000158
-0.000158
-0.000154
-0.000143
-0.000121
-0.000092
-0.000059
-0.000029
-0.000011
-0.000012
-0.000041
-0.000101
-0.000192
-0.000311
-0.000448
-0.000592
-0.000727
-0.000839
-0.000916
-0.000953
-0.000950
-0.000912
-0.000852
-0.000780
-0.000710
-0.000649
-0.000601
-0.000567
-0.000543
-0.000527
-0.000515
-0.000505
-0.000494
-0.000482
-0.000468
-0.000452
-0.000434
-0.000414
-0.000392
-0.000371
-0.000353
-0.000341
-0.000337
-0.000345
-0.000363
-0.000390
-0.000425
-0.000462
-0.000498
-0.000532
-0.000563
-0.000591
-0.000618
-0.000648
-0.000681
-0.000719
-0.000760
-0.000802
-0.000842
-0.000876
-0.000902
-0.000918
-0.000923
-0.000919
-0.000909
-0.000896
-0.000882
-0.000872
-0.000865
-0.000864
-0.000866
-0.000872
-0.000878
-0.000881
-0.000876
-0.000855
-0.000810
-0.000731
-0.000608
-0.000436
-0.000216
0.000040
0.000314
0.000577
0.000798
0.000948
0.001008
