-0.120775
0.018425
-0.020874
-0.006360
0.017027
-0.001104
-0.003462
-0.000720
0.011101
-0.021041
0.032612
-0.020025
-0.008344
0.025474
-0.013355
0.003644
0.000561
0.000890
-0.001748
0.009015
-0.011929
0.016474
-0.015244
0.002083
0.017832
-0.012320
0.005347
-0.005912
0.008107
-0.001530
-0.005006
0.012579
-0.009055
0.006382
-0.008991
0.016416
-0.025166
0.023062
-0.003584
0.008251
-0.012108
-0.000423
0.009865
-0.001724
-0.009049
0.021874
-0.019348
0.010936
-0.004434
0.001577
0.014121
-0.019267
0.005768
0.012946
-0.006995
-0.017339
0.059373
-0.066463
0.002409
0.058354
0.202132
-0.457386
1.122464
0.797344
0.014333
0.155684
0.174947
0.127294
0.054054
0.048801
0.060886
0.043540
0.057199
0.139338
-0.042560
0.023963
0.156210
0.017155
-0.005783
0.070305
0.054560
0.034885
0.048830
0.036505
0.072206
0.013284
0.040343
0.076182
0.002684
0.037134
0.079626
0.014440
0.019016
0.070019
0.011420
0.039917
0.068564
0.003738
0.024342
0.034689
0.064376
0.009905
0.020632
0.050171
0.051307
0.001694
0.032857
0.048019
0.023106
0.011224
0.045315
0.047028
-0.006149
0.023010
0.069719
0.008695
-0.002341
0.049139
0.035174
0.010369
0.021708
0.026191
0.030643
0.003824
0.036339
0.037659
-0.004072
0.020122
0.053083
0.002560
0.011641
0.022595
0.032261
0.018750
0.012466
0.018644
0.033004
0.015229
0.007586
0.028769
0.012193
0.032118
-0.005771
0.040475
-0.001904
0.027942
0.006200
0.025889
0.010020
0.025809
0.000488
0.036570
0.003579
0.014249
0.019050
0.009188
0.033223
-0.001478
0.019738
0.016091
0.014296
0.006803
0.015296
0.021509
0.000050
0.014871
0.020418
0.006342
0.003341
0.016847
0.026720
0.010311
0.001027
0.017108
0.009144
0.015885
0.005284
0.002106
0.020940
0.021489
-0.014159
0.033567
0.000532
0.003809
0.019429
0.011669
0.012443
0.009091
-0.007780
0.021856
0.013550
0.006585
0.007738
0.003344
0.020686
0.001328
0.007745
0.000019
0.018075
0.005538
0.010038
0.008637
0.005800
0.006544
0.005537
0.003281
0.014384
0.006276
0.004847
0.014491
0.006277
0.001616
0.003840
0.014521
0.013454
-0.015150
0.016418
0.008057
0.014982
-0.013772
0.019640
-0.008262
0.025071
-0.008776
0.007220
-0.001737
0.017280
0.005930
-0.001550
0.007035
0.001772
0.008724
-0.002120
0.010302
0.005636
0.000262
0.014110
-0.001505
0.001072
0.015271
-0.008718
-0.005796
0.031169
-0.001691
-0.008209
0.007201
0.007599
0.002490
0.010763
-0.012893
0.017212
-0.003862
0.007402
0.005710
-0.002692
0.004671
0.001264
0.004020
0.000479
0.002973
0.004386
0.003731
0.001761
0.010743
-0.011484
0.006517
0.005706
0.005889
-0.000152
0.003537
-0.003064
0.011210
0.004829
-0.010445
0.018778
-0.003238
-0.011640
0.004264
0.016422
0.001547
-0.010318
-0.003533
0.025733
-0.013139
0.002514
-0.004025
0.012023
0.009578
-0.003814
-0.012991
0.021805
-0.012017
0.009507
-0.003017
0.003293
0.000477
0.001377
0.013162
-0.009996
0.003194
-0.006469
0.020258
-0.009090
0.003360
0.002211
-0.011748
0.022970
-0.010999
-0.006664
0.004537
0.011213
0.000795
-0.004466
0.001850
0.000420
0.000002
0.004273
-0.002871
0.001560
0.009665
-0.005151
-0.007495
0.011044
-0.008431
0.008815
0.002238
-0.001247
-0.008127
0.018186
-0.011159
0.004088
0.000437
-0.002379
-0.002275
0.003134
0.010250
-0.000481
-0.015555
0.028886
-0.003084
-0.015087
0.004734
0.012221
-0.003892
-0.000666
-0.007375
0.010349
-0.000728
-0.006764
0.014352
-0.014111
0.022386
-0.011952
-0.007248
0.014974
-0.011283
0.003198
-0.003295
0.005993
0.000702
0.007682
-0.016523
0.015354
-0.002628
-0.005036
0.005389
-0.004940
0.004187
0.005964
-0.012431
0.010582
-0.003941
-0.003265
0.009338
-0.005846
-0.004923
0.013739
-0.010597
0.004070
-0.010660
0.012464
-0.003941
0.004101
-0.005367
0.003310
-0.001415
0.001852
-0.002052
-0.006838
0.007117
0.002618
-0.002776
0.002214
-0.011468
0.013163
-0.015178
0.023879
-0.019509
0.000022
0.010900
0.002702
-0.022110
0.008372
0.011200
-0.011951
-0.000177
0.005943
0.002599
-0.013901
0.002524
0.013741
-0.014051
0.011266
-0.018946
0.015302
0.003216
-0.008502
-0.009764
0.010539
-0.001624
-0.003191
0.000709
0.000641
0.000955
-0.002145
0.001215
0.004437
-0.009196
0.004310
-0.000081
-0.004118
0.004786
-0.002862
-0.006861
0.007329
0.002376
-0.013199
0.008167
-0.000395
-0.000847
-0.003543
-0.000483
-0.000990
0.007615
-0.003725
-0.012371
0.010649
0.002378
0.001557
-0.016354
0.001105
0.019424
-0.019610
0.008220
-0.006177
-0.007293
0.017716
-0.009433
-0.000917
-0.007480
0.012540
-0.009688
-0.000208
0.005403
-0.008979
-0.010594
0.025418
-0.009792
-0.008490
0.000517
0.005099
0.001380
-0.010860
0.003399
0.004559
-0.002023
-0.007455
0.001062
0.001016
0.006194
-0.008821
-0.003133
0.009779
-0.008020
0.007883
-0.007956
0.004159
-0.001526
-0.000562
-0.007204
0.011263
-0.004548
-0.007553
0.008001
-0.008978
0.014568
-0.010257
-0.011372
0.013707
-0.002159
-0.012597
0.012791
-0.007191
-0.002608
0.012972
-0.013331
0.008010
-0.006763
-0.004048
0.009554
-0.018263
0.026132
-0.011923
-0.014868
0.012394
0.009089
-0.013132
0.002150
0.002241
-0.011077
0.006159
-0.000267
-0.003029
0.006929
-0.007511
-0.000967
-0.000739
0.001562
0.003998
-0.021219
0.022284
-0.011831
-0.001542
0.017326
-0.027975
0.026019
-0.022131
0.008480
-0.002995
0.007868
-0.013182
0.008934
-0.014057
0.016553
-0.009976
-0.010344
0.022754
-0.019415
0.009678
0.000371
-0.000818
-0.004343
0.003970
-0.009157
0.007735
0.004259
-0.013618
0.007605
-0.004372
0.009017
-0.004860
-0.015847
0.021586
-0.000702
-0.008326
-0.002082
0.000927
0.002012
-0.004942
0.002134
0.000398
0.003163
-0.010775
0.014986
-0.014698
0.007649
-0.002485
-0.010730
0.015050
-0.004120
-0.000863
-0.005239
0.000556
0.003806
0.003390
-0.016415
0.012313
-0.007162
0.003705
-0.003197
0.001435
-0.000213
-0.001201
0.002758
0.006178
0.001065
-0.023177
0.012951
0.005201
0.000577
-0.009629
-0.005796
0.008561
0.007247
-0.023128
0.019408
-0.013118
0.007854
-0.002132
-0.004894
0.010450
-0.011104
-0.003742
0.018619
-0.017591
-0.002439
0.009169
-0.008042
0.006820
-0.008545
0.009598
-0.000150
-0.014628
0.019935
-0.005074
-0.017788
0.013698
0.002616
-0.007305
0.003997
-0.009037
0.005395
0.002679
-0.006965
0.008050
-0.021511
0.020988
-0.014163
0.008670
0.000997
-0.007600
-0.001462
0.011722
-0.010569
0.001878
-0.000887
0.000440
-0.001611
0.002267
-0.007561
0.012888
-0.008522
0.004629
-0.006238
-0.001814
0.012555
-0.016016
-0.011715
0.026131
-0.007343
-0.005365
0.001089
0.001134
-0.006549
0.007076
-0.007241
0.007558
-0.002909
-0.003577
0.012015
-0.015277
0.006670
0.004345
-0.018190
0.023780
-0.011978
-0.009132
0.007214
0.008049
-0.007813
-0.001758
-0.000344
0.006882
-0.008825
-0.004168
0.011122
-0.002688
-0.000519
-0.010906
0.002145
0.013289
-0.003437
-0.012889
0.011208
0.004925
-0.010048
0.006310
-0.008907
0.016783
-0.008946
-0.001271
-0.003314
0.002287
0.008586
-0.006853
-0.011651
0.018582
-0.009612
0.000188
0.001931
0.002303
-0.007130
0.003782
0.001680
0.003006
-0.007466
0.010019
-0.006810
-0.007569
0.018616
-0.010158
-0.004598
0.012699
-0.001473
-0.011667
0.015188
-0.013209
0.011258
-0.009491
0.007712
-0.003037
0.002558
-0.001102
0.003177
-0.005282
0.008549
-0.010574
0.014716
-0.008436
0.003811
-0.009320
0.009914
-0.003352
-0.007486
0.009860
-0.004251
0.005412
-0.004178
0.002342
0.000271
-0.007339
0.012852
-0.006169
-0.006107
0.012205
-0.000993
-0.010801
0.014424
-0.014039
0.014438
-0.013357
0.002311
0.002136
0.007164
0.001688
-0.009419
0.000751
0.004128
0.013227
-0.025450
0.013943
0.009408
-0.008263
-0.003027
0.002224
0.000946
-0.001271
0.005601
-0.002104
-0.004769
0.001354
0.006643
-0.001977
0.003212
-0.003736
-0.002263
0.005879
-0.004052
0.001488
0.000588
0.001599
-0.000238
-0.003714
-0.001141
0.010453
-0.005995
-0.001740
0.008047
-0.009621
0.005279
0.003885
-0.017420
0.018074
0.004920
-0.008823
-0.004988
0.013823
-0.011513
0.004999
-0.007474
0.012345
-0.009083
0.003852
0.000865
-0.004309
0.010290
-0.000328
-0.019268
0.020421
-0.001467
0.002941
-0.016148
0.018132
-0.014036
0.010343
-0.004919
0.000437
0.007627
-0.010155
-0.001162
0.008075
0.008564
-0.013558
-0.005635
0.010503
0.016475
-0.024975
0.009505
0.001071
0.001379
0.001545
-0.013330
0.013573
-0.008613
0.015032
-0.006988
-0.011376
0.020670
-0.006054
-0.010409
0.006991
0.005494
-0.003050
-0.000525
-0.000564
0.012097
-0.012881
0.007464
-0.004894
0.009609
-0.012881
0.004565
0.000151
0.010955
0.000486
-0.018273
0.011435
0.005917
-0.002870
-0.002872
0.000287
0.007345
-0.004334
-0.000726
-0.002848
0.010707
-0.006097
-0.000925
0.001329
0.006694
0.001049
-0.016031
0.023736
-0.006221
-0.014771
0.021556
-0.018057
0.022329
-0.018563
0.009268
-0.019894
0.043527
-0.036168
0.017310
-0.014396
0.014265
0.003826
-0.013879
0.011134
0.001740
-0.011217
0.009591
0.002497
-0.000817
-0.008506
0.010864
-0.002932
0.007898
-0.007129
0.000772
-0.002705
0.012185
-0.006754
-0.004004
0.008755
-0.002292
-0.001552
0.003922
-0.005584
0.006194
-0.001123
0.002328
-0.005062
0.003793
0.003743
0.000806
-0.000189
0.001095
-0.000318
-0.005360
0.006014
0.007676
-0.010682
0.000545
0.005668
-0.000133
0.006617
-0.008271
0.011948
-0.000865
0.006200
-0.012510
0.019868
-0.014033
0.006472
-0.009247
0.017256
-0.009998
0.001327
-0.008559
0.028029
-0.018936
0.014985
-0.035062
0.060772
-0.039653
-0.011964
0.018957
-0.005194
0.003381
-0.001008
-0.007043
0.000419
0.020523
-0.021937
0.019694
-0.017488
0.006992
0.008930
-0.009087
0.000049
-0.000778
0.005189
0.000625
-0.005822
0.002490
0.013511
-0.023148
0.010616
0.006572
-0.009212
0.002981
0.004900
-0.000002
-0.003692
-0.004971
0.007258
0.006879
-0.015143
0.014899
-0.018046
0.018407
-0.009197
0.003671
-0.007672
0.006208
0.001610
0.001698
0.002177
-0.015792
0.009733
0.000827
0.004948
-0.000714
-0.018434
0.021278
-0.009476
0.004310
-0.000675
-0.006908
0.008301
0.002322
-0.006616
-0.006492
0.013128
-0.008794
-0.007435
0.026453
-0.030839
0.026774
-0.039748
0.131915
-0.286911
0.319714
