0.001266
0.001101
0.000869
0.000611
0.000364
0.000156
0.000003
-0.000095
-0.000146
-0.000166
-0.000167
-0.000162
-0.000158
-0.000160
-0.000168
-0.000183
-0.000201
-0.000221
-0.000240
-0.000255
-0.000263
-0.000263
-0.000254
-0.000238
-0.000216
-0.000192
-0.000170
-0.000155
-0.000148
-0.000150
-0.000162
-0.000182
-0.000205
-0.000227
-0.000246
-0.000258
-0.000261
-0.000256
-0.000244
-0.000227
-0.000208
-0.000189
-0.000168
-0.000140
-0.000092
0.000003
0.000192
0.000562
0.001255
0.002494
0.004607
0.008043
0.013367
0.021221
0.032229
0.046870
0.065303
0.087200
0.111641
0.137096
0.161568
0.182854
0.198911
0.208221
0.210076
0.204698
0.193167
0.177179
0.158711
0.139673
0.121631
0.105661
0.092310
0.081677
0.073542
0.067501
0.063098
0.059903
0.057558
0.055791
0.054411
0.053284
0.052326
0.051479
0.050704
0.049975
0.049273
0.048583
0.047895
0.047202
0.046501
0.045792
0.045077
0.044365
0.043662
0.042976
0.042315
0.041682
0.041076
0.040493
0.039927
0.039370
0.038813
0.038249
0.037676
0.037093
0.036505
0.035918
0.035339
0.034773
0.034223
0.033688
0.033166
0.032654
0.032148
0.031648
0.031158
0.030680
0.030220
0.029780
0.029362
0.028964
0.028581
0.028206
0.027831
0.027450
0.027059
0.026654
0.026238
0.025811
0.025380
0.024950
0.024525
0.024112
0.023717
0.023343
0.022994
0.022673
0.022380
0.022110
0.021859
0.021617
0.021377
0.021127
0.020863
0.020578
0.020275
0.019955
0.019626
0.019294
0.018966
0.018648
0.018341
0.018048
0.017768
0.017500
0.017244
0.016998
0.016762
0.016537
0.016321
0.016115
0.015918
0.015729
0.015546
0.015365
0.015184
0.014998
0.014804
0.014598
0.014379
0.014148
0.013908
0.013665
0.013424
0.013193
0.012977
0.012778
0.012598
0.012435
0.012286
0.012146
0.012011
0.011876
0.011739
0.011598
0.011451
0.011300
0.011144
0.010984
0.010818
0.010646
0.010467
0.010279
0.010084
0.009884
0.009683
0.009487
0.009299
0.009124
0.008963
0.008813
0.008671
0.008530
0.008387
0.008236
0.008077
0.007910
0.007741
0.007578
0.007427
0.007295
0.007188
0.007106
0.007046
0.007000
0.006961
0.006917
0.006861
0.006785
0.006686
0.006565
0.006425
0.006271
0.006109
0.005946
0.005787
0.005636
0.005495
0.005366
0.005250
0.005148
0.005060
0.004985
0.004920
0.004864
0.004814
0.004767
0.004721
0.004676
0.004631
0.004587
0.004543
0.004497
0.004448
0.004393
0.004331
0.004263
0.004190
0.004112
0.004034
0.003956
0.003880
0.003804
0.003729
0.003652
0.003574
0.003493
0.003411
0.003327
0.003243
0.003158
0.003072
0.002985
0.002896
0.002806
0.002716
0.002628
0.002544
0.002467
0.002398
0.002336
0.002284
0.002241
0.002207
0.002181
0.002162
0.002150
0.002143
0.002139
0.002135
0.002128
0.002117
0.002097
0.002068
0.002026
0.001972
0.001905
0.001827
0.001744
0.001659
0.001578
0.001506
0.001445
0.001395
0.001356
0.001323
0.001295
0.001266
0.001236
0.001203
0.001166
0.001128
0.001086
0.001043
0.000997
0.000946
0.000891
0.000831
0.000767
0.000702
0.000638
0.000580
0.000531
0.000493
0.000469
0.000455
0.000450
0.000450
0.000449
0.000443
0.000428
0.000404
0.000370
0.000327
0.000279
0.000229
0.000179
0.000134
0.000093
0.000060
0.000034
0.000015
0.000002
-0.000005
-0.000010
-0.000016
-0.000023
-0.000036
-0.000053
-0.000076
-0.000104
-0.000134
-0.000166
-0.000198
-0.000230
-0.000262
-0.000293
-0.000323
-0.000353
-0.000382
-0.000410
-0.000437
-0.000464
-0.000492
-0.000521
-0.000552
-0.000585
-0.000620
-0.000657
-0.000695
-0.000731
-0.000765
-0.000796
-0.000823
-0.000844
-0.000860
-0.000871
-0.000879
-0.000883
-0.000886
-0.000889
-0.000894
-0.000903
-0.000919
-0.000941
-0.000971
-0.001007
-0.001047
-0.001087
-0.001126
-0.001159
-0.001185
-0.001201
-0.001206
-0.001202
-0.001188
-0.001166
-0.001140
-0.001112
-0.001084
-0.001061
-0.001043
-0.001032
-0.001029
-0.001034
-0.001047
-0.001064
-0.001086
-0.001109
-0.001131
-0.001150
-0.001165
-0.001175
-0.001180
-0.001185
-0.001190
-0.001198
-0.001213
-0.001236
-0.001265
-0.001300
-0.001337
-0.001373
-0.001405
-0.001430
-0.001447
-0.001455
-0.001455
-0.001451
-0.001446
-0.001443
-0.001445
-0.001453
-0.001465
-0.001480
-0.001494
-0.001501
-0.001499
-0.001485
-0.001462
-0.001433
-0.001404
-0.001381
-0.001371
-0.001378
-0.001402
-0.001441
-0.001491
-0.001545
-0.001595
-0.001638
-0.001668
-0.001685
-0.001692
-0.001691
-0.001686
-0.001683
-0.001683
-0.001688
-0.001696
-0.001705
-0.001714
-0.001719
-0.001720
-0.001715
-0.001706
-0.001692
-0.001677
-0.001660
-0.001645
-0.001631
-0.001621
-0.001615
-0.001615
-0.001620
-0.001630
-0.001646
-0.001664
-0.001683
-0.001698
-0.001708
-0.001709
-0.001701
-0.001685
-0.001661
-0.001634
-0.001608
-0.001587
-0.001575
-0.001574
-0.001584
-0.001604
-0.001631
-0.001660
-0.001688
-0.001709
-0.001723
-0.001727
-0.001724
-0.001715
-0.001705
-0.001697
-0.001695
-0.001699
-0.001710
-0.001724
-0.001739
-0.001750
-0.001756
-0.001753
-0.001742
-0.001723
-0.001699
-0.001673
-0.001648
-0.001628
-0.001614
-0.001608
-0.001608
-0.001614
-0.001623
-0.001634
-0.001645
-0.001657
-0.001667
-0.001677
-0.001687
-0.001698
-0.001710
-0.001724
-0.001740
-0.001757
-0.001775
-0.001792
-0.001807
-0.001820
-0.001831
-0.001840
-0.001848
-0.001854
-0.001858
-0.001860
-0.001860
-0.001857
-0.001851
-0.001845
-0.001840
-0.001836
-0.001834
-0.001835
-0.001835
-0.001834
-0.001828
-0.001817
-0.001799
-0.001775
-0.001747
-0.001716
-0.001685
-0.001655
-0.001627
-0.001601
-0.001577
-0.001555
-0.001537
-0.001522
-0.001514
-0.001515
-0.001525
-0.001545
-0.001575
-0.001611
-0.001651
-0.001691
-0.001724
-0.001748
-0.001760
-0.001756
-0.001737
-0.001703
-0.001657
-0.001603
-0.001546
-0.001494
-0.001450
-0.001419
-0.001403
-0.001402
-0.001413
-0.001431
-0.001453
-0.001474
-0.001492
-0.001506
-0.001515
-0.001522
-0.001526
-0.001530
-0.001534
-0.001536
-0.001535
-0.001530
-0.001520
-0.001503
-0.001482
-0.001458
-0.001434
-0.001415
-0.001405
-0.001407
-0.001424
-0.001456
-0.001501
-0.001553
-0.001605
-0.001650
-0.001682
-0.001697
-0.001693
-0.001673
-0.001639
-0.001596
-0.001551
-0.001508
-0.001472
-0.001447
-0.001435
-0.001436
-0.001452
-0.001479
-0.001515
-0.001556
-0.001596
-0.001633
-0.001661
-0.001678
-0.001684
-0.001679
-0.001666
-0.001648
-0.001628
-0.001608
-0.001590
-0.001572
-0.001552
-0.001528
-0.001498
-0.001461
-0.001420
-0.001376
-0.001333
-0.001297
-0.001268
-0.001250
-0.001243
-0.001244
-0.001253
-0.001266
-0.001280
-0.001293
-0.001302
-0.001306
-0.001305
-0.001299
-0.001290
-0.001279
-0.001268
-0.001259
-0.001251
-0.001248
-0.001249
-0.001255
-0.001265
-0.001281
-0.001301
-0.001322
-0.001345
-0.001364
-0.001380
-0.001388
-0.001390
-0.001385
-0.001374
-0.001358
-0.001340
-0.001319
-0.001295
-0.001268
-0.001237
-0.001204
-0.001170
-0.001137
-0.001108
-0.001088
-0.001077
-0.001077
-0.001085
-0.001101
-0.001120
-0.001139
-0.001154
-0.001162
-0.001162
-0.001154
-0.001139
-0.001118
-0.001093
-0.001068
-0.001043
-0.001021
-0.001004
-0.000991
-0.000985
-0.000985
-0.000991
-0.001002
-0.001017
-0.001034
-0.001050
-0.001065
-0.001077
-0.001087
-0.001095
-0.001104
-0.001113
-0.001125
-0.001140
-0.001156
-0.001173
-0.001188
-0.001199
-0.001202
-0.001194
-0.001173
-0.001138
-0.001090
-0.001032
-0.000969
-0.000908
-0.000855
-0.000817
-0.000796
-0.000792
-0.000805
-0.000829
-0.000859
-0.000892
-0.000922
-0.000949
-0.000970
-0.000988
-0.001002
-0.001013
-0.001022
-0.001028
-0.001030
-0.001028
-0.001020
-0.001006
-0.000988
-0.000967
-0.000947
-0.000931
-0.000920
-0.000918
-0.000925
-0.000941
-0.000963
-0.000990
-0.001016
-0.001039
-0.001056
-0.001065
-0.001065
-0.001059
-0.001048
-0.001034
-0.001018
-0.001002
-0.000986
-0.000969
-0.000952
-0.000934
-0.000915
-0.000898
-0.000883
-0.000870
-0.000860
-0.000851
-0.000842
-0.000830
-0.000812
-0.000786
-0.000749
-0.000699
-0.000638
-0.000566
-0.000490
-0.000413
-0.000343
-0.000284
-0.000239
-0.000208
-0.000190
-0.000182
-0.000181
-0.000184
-0.000189
-0.000196
-0.000206
-0.000220
-0.000241
-0.000269
-0.000306
-0.000349
-0.000398
-0.000450
-0.000500
-0.000546
-0.000584
-0.000612
-0.000630
-0.000637
-0.000636
-0.000630
-0.000621
-0.000614
-0.000609
-0.000608
-0.000610
-0.000615
-0.000621
-0.000627
-0.000632
-0.000635
-0.000635
-0.000631
-0.000623
-0.000608
-0.000588
-0.000562
-0.000532
-0.000501
-0.000471
-0.000445
-0.000426
-0.000415
-0.000414
-0.000421
-0.000436
-0.000455
-0.000478
-0.000500
-0.000519
-0.000536
-0.000547
-0.000553
-0.000553
-0.000548
-0.000539
-0.000526
-0.000511
-0.000496
-0.000482
-0.000473
-0.000467
-0.000467
-0.000471
-0.000478
-0.000487
-0.000497
-0.000505
-0.000513
-0.000519
-0.000523
-0.000524
-0.000522
-0.000515
-0.000504
-0.000489
-0.000471
-0.000452
-0.000434
-0.000418
-0.000406
-0.000397
-0.000392
-0.000388
-0.000384
-0.000381
-0.000377
-0.000371
-0.000366
-0.000360
-0.000355
-0.000351
-0.000347
-0.000343
-0.000336
-0.000325
-0.000309
-0.000289
-0.000265
-0.000240
-0.000218
-0.000202
-0.000196
-0.000201
-0.000217
-0.000242
-0.000273
-0.000306
-0.000337
-0.000363
-0.000382
-0.000393
-0.000396
-0.000394
-0.000388
-0.000381
-0.000376
-0.000376
-0.000381
-0.000390
-0.000402
-0.000415
-0.000426
-0.000433
-0.000435
-0.000430
-0.000417
-0.000396
-0.000367
-0.000331
-0.000288
-0.000240
-0.000189
-0.000139
-0.000094
-0.000058
-0.000033
-0.000021
-0.000023
-0.000036
-0.000059
-0.000087
-0.000117
-0.000146
-0.000172
-0.000193
-0.000209
-0.000220
-0.000225
-0.000225
-0.000220
-0.000214
-0.000210
-0.000214
-0.000230
-0.000264
-0.000316
-0.000385
-0.000465
-0.000548
-0.000625
-0.000688
-0.000732
-0.000756
-0.000765
-0.000764
-0.000759
-0.000755
-0.000756
-0.000760
-0.000766
-0.000773
-0.000777
-0.000780
-0.000780
-0.000778
-0.000775
-0.000768
-0.000757
-0.000739
-0.000713
-0.000680
-0.000642
-0.000605
-0.000575
-0.000558
-0.000559
-0.000580
-0.000619
-0.000672
-0.000733
-0.000795
-0.000851
-0.000898
-0.000934
-0.000959
-0.000975
-0.000988
-0.000999
-0.001012
-0.001030
-0.001052
-0.001078
-0.001107
-0.001138
-0.001169
-0.001201
-0.001231
-0.001261
-0.001289
-0.001316
-0.001338
-0.001355
-0.001363
-0.001360
-0.001339
-0.001295
-0.001222
-0.001112
-0.000956
-0.000748
-0.000486
-0.000175
0.000169
0.000522
0.000849
0.001113
0.001280
0.001332
