-0.000976
-0.000934
-0.000901
-0.000877
-0.000861
-0.000852
-0.000850
-0.000855
-0.000863
-0.000875
-0.000888
-0.000901
-0.000910
-0.000913
-0.000906
-0.000886
-0.000849
-0.000788
-0.000698
-0.000571
-0.000400
-0.000174
0.000117
0.000487
0.000949
0.001520
0.002218
0.003064
0.004081
0.005293
0.006727
0.008410
0.010374
0.012649
0.015268
0.018261
0.021661
0.025498
0.029800
0.034593
0.039897
0.045728
0.052097
0.059006
0.066451
0.074418
0.082883
0.091814
0.101167
0.110890
0.120919
0.131182
0.141598
0.152078
0.162529
0.172852
0.182946
0.192709
0.202041
0.210846
0.219033
0.226519
0.233231
0.239107
0.244097
0.248165
0.251288
0.253458
0.254683
0.254982
0.254389
0.252949
0.250717
0.247759
0.244146
0.239956
0.235269
0.230167
0.224733
0.219047
0.213186
0.207223
0.201224
0.195250
0.189355
0.183584
0.177977
0.172565
0.167373
0.162418
0.157712
0.153260
0.149063
0.145120
0.141421
0.137959
0.134722
0.131695
0.128865
0.126218
0.123737
0.121408
0.119216
0.117149
0.115192
0.113335
0.111566
0.109876
0.108255
0.106697
0.105193
0.103737
0.102326
0.100953
0.099615
0.098309
0.097032
0.095781
0.094555
0.093352
0.092169
0.091007
0.089864
0.088738
0.087630
0.086539
0.085464
0.084404
0.083360
0.082331
0.081316
0.080316
0.079330
0.078358
0.077400
0.076456
0.075526
0.074609
0.073705
0.072815
0.071937
0.071073
0.070221
0.069382
0.068556
0.067741
0.066938
0.066147
0.065367
0.064598
0.063840
0.063091
0.062353
0.061624
0.060904
0.060192
0.059489
0.058794
0.058107
0.057428
0.056755
0.056089
0.055431
0.054779
0.054133
0.053495
0.052862
0.052237
0.051618
0.051005
0.050400
0.049801
0.049210
0.048625
0.048048
0.047479
0.046916
0.046361
0.045814
0.045274
0.044742
0.044217
0.043700
0.043189
0.042686
0.042190
0.041700
0.041216
0.040739
0.040268
0.039802
0.039342
0.038887
0.038437
0.037991
0.037551
0.037114
0.036683
0.036255
0.035833
0.035414
0.035001
0.034592
0.034188
0.033789
0.033396
0.033008
0.032625
0.032249
0.031879
0.031516
0.031159
0.030809
0.030465
0.030129
0.029800
0.029477
0.029162
0.028853
0.028551
0.028255
0.027966
0.027682
0.027404
0.027131
0.026863
0.026600
0.026341
0.026085
0.025833
0.025584
0.025338
0.025094
0.024851
0.024611
0.024372
0.024134
0.023897
0.023660
0.023425
0.023189
0.022955
0.022720
0.022486
0.022253
0.022020
0.021787
0.021555
0.021323
0.021092
0.020862
0.020632
0.020404
0.020176
0.019950
0.019725
0.019502
0.019279
0.019059
0.018840
0.018623
0.018408
0.018195
0.017985
0.017776
0.017570
0.017366
0.017164
0.016965
0.016768
0.016573
0.016381
0.016191
0.016004
0.015819
0.015636
0.015455
0.015276
0.015100
0.014925
0.014753
0.014582
0.014414
0.014247
0.014083
0.013921
0.013760
0.013603
0.013447
0.013294
0.013143
0.012995
0.012850
0.012708
0.012569
0.012432
0.012299
0.012169
0.012043
0.011919
0.011799
0.011682
0.011568
0.011457
0.011349
0.011244
0.011141
0.011041
0.010943
0.010847
0.010753
0.010661
0.010571
0.010482
0.010395
0.010309
0.010224
0.010140
0.010058
0.009976
0.009896
0.009817
0.009739
0.009661
0.009585
0.009510
0.009435
0.009362
0.009289
0.009216
0.009145
0.009073
0.009002
0.008931
0.008859
0.008787
0.008714
0.008640
0.008564
0.008488
0.008409
0.008328
0.008245
0.008160
0.008072
0.007982
0.007890
0.007795
0.007698
0.007598
0.007497
0.007393
0.007289
0.007182
0.007075
0.006967
0.006859
0.006751
0.006643
0.006536
0.006430
0.006325
0.006222
0.006121
0.006022
0.005925
0.005830
0.005738
0.005649
0.005563
0.005479
0.005399
0.005321
0.005246
0.005174
0.005105
0.005038
0.004974
0.004912
0.004853
0.004796
0.004741
0.004688
0.004638
0.004589
0.004541
0.004496
0.004452
0.004409
0.004368
0.004328
0.004290
0.004252
0.004216
0.004181
0.004146
0.004113
0.004080
0.004048
0.004016
0.003985
0.003954
0.003923
0.003893
0.003862
0.003831
0.003799
0.003767
0.003734
0.003700
0.003666
0.003630
0.003593
0.003555
0.003516
0.003475
0.003433
0.003390
0.003345
0.003299
0.003253
0.003205
0.003156
0.003106
0.003056
0.003005
0.002954
0.002902
0.002851
0.002799
0.002748
0.002697
0.002646
0.002596
0.002546
0.002497
0.002449
0.002402
0.002355
0.002310
0.002266
0.002223
0.002181
0.002140
0.002101
0.002062
0.002025
0.001990
0.001955
0.001922
0.001889
0.001858
0.001828
0.001800
0.001772
0.001745
0.001719
0.001695
0.001671
0.001647
0.001625
0.001603
0.001581
0.001560
0.001539
0.001519
0.001498
0.001478
0.001458
0.001438
0.001417
0.001397
0.001376
0.001355
0.001334
0.001312
0.001291
0.001269
0.001246
0.001224
0.001201
0.001179
0.001156
0.001134
0.001111
0.001090
0.001068
0.001048
0.001028
0.001009
0.000991
0.000974
0.000959
0.000945
0.000933
0.000922
0.000914
0.000908
0.000903
0.000901
0.000901
0.000904
0.000908
0.000915
0.000924
0.000935
0.000948
0.000963
0.000979
0.000997
0.001016
0.001036
0.001056
0.001077
0.001098
0.001118
0.001138
0.001157
0.001175
0.001191
0.001206
0.001219
0.001229
0.001238
0.001244
0.001247
0.001248
0.001246
0.001241
0.001234
0.001225
0.001213
0.001199
0.001183
0.001166
0.001146
0.001125
0.001103
0.001081
0.001057
0.001033
0.001009
0.000985
0.000960
0.000936
0.000913
0.000890
0.000867
0.000845
0.000824
0.000804
0.000785
0.000766
0.000748
0.000731
0.000715
0.000700
0.000685
0.000671
0.000658
0.000645
0.000633
0.000621
0.000610
0.000599
0.000589
0.000579
0.000569
0.000560
0.000550
0.000542
0.000533
0.000525
0.000517
0.000510
0.000502
0.000495
0.000489
0.000483
0.000477
0.000471
0.000466
0.000461
0.000457
0.000453
0.000449
0.000447
0.000444
0.000442
0.000440
0.000439
0.000438
0.000438
0.000438
0.000438
0.000438
0.000439
0.000439
0.000440
0.000441
0.000442
0.000442
0.000443
0.000443
0.000443
0.000443
0.000442
0.000442
0.000440
0.000439
0.000437
0.000435
0.000432
0.000429
0.000426
0.000423
0.000420
0.000417
0.000414
0.000411
0.000409
0.000407
0.000405
0.000404
0.000404
0.000404
0.000406
0.000408
0.000411
0.000415
0.000420
0.000426
0.000433
0.000442
0.000451
0.000462
0.000473
0.000486
0.000499
0.000513
0.000528
0.000544
0.000560
0.000577
0.000594
0.000611
0.000629
0.000646
0.000664
0.000681
0.000699
0.000715
0.000732
0.000748
0.000764
0.000779
0.000793
0.000807
0.000820
0.000833
0.000844
0.000856
0.000866
0.000876
0.000886
0.000895
0.000904
0.000912
0.000920
0.000927
0.000934
0.000941
0.000948
0.000955
0.000961
0.000967
0.000973
0.000978
0.000983
0.000988
0.000993
0.000997
0.001000
0.001003
0.001006
0.001008
0.001010
0.001011
0.001011
0.001011
0.001010
0.001009
0.001008
0.001006
0.001004
0.001001
0.000999
0.000996
0.000993
0.000991
0.000988
0.000986
0.000985
0.000983
0.000983
0.000983
0.000984
0.000985
0.000988
0.000992
0.000996
0.001002
0.001008
0.001016
0.001024
0.001034
0.001045
0.001057
0.001070
0.001083
0.001098
0.001113
0.001129
0.001145
0.001162
0.001179
0.001195
0.001212
0.001229
0.001245
0.001260
0.001275
0.001289
0.001301
0.001313
0.001323
0.001332
0.001339
0.001345
0.001349
0.001352
0.001353
0.001353
0.001351
0.001348
0.001344
0.001339
0.001332
0.001325
0.001317
0.001308
0.001299
0.001290
0.001281
0.001272
0.001263
0.001255
0.001247
0.001240
0.001234
0.001229
0.001225
0.001222
0.001221
0.001221
0.001222
0.001225
0.001229
0.001235
0.001242
0.001251
0.001261
0.001272
0.001285
0.001299
0.001313
0.001329
0.001344
0.001361
0.001378
0.001394
0.001411
0.001427
0.001442
0.001457
0.001471
0.001484
0.001496
0.001506
0.001514
0.001521
0.001526
0.001530
0.001531
0.001530
0.001528
0.001524
0.001517
0.001509
0.001499
0.001488
0.001475
0.001460
0.001444
0.001427
0.001409
0.001390
0.001370
0.001349
0.001328
0.001307
0.001286
0.001265
0.001243
0.001223
0.001202
0.001182
0.001163
0.001144
0.001126
0.001109
0.001093
0.001078
0.001063
0.001050
0.001037
0.001026
0.001015
0.001005
0.000996
0.000988
0.000980
0.000973
0.000967
0.000961
0.000956
0.000951
0.000946
0.000942
0.000938
0.000934
0.000930
0.000926
0.000922
0.000918
0.000914
0.000909
0.000904
0.000899
0.000894
0.000888
0.000882
0.000876
0.000869
0.000862
0.000854
0.000846
0.000838
0.000830
0.000821
0.000812
0.000803
0.000794
0.000785
0.000776
0.000767
0.000758
0.000749
0.000741
0.000733
0.000725
0.000717
0.000710
0.000704
0.000698
0.000692
0.000687
0.000682
0.000677
0.000673
0.000670
0.000667
0.000664
0.000662
0.000659
0.000658
0.000656
0.000655
0.000654
0.000653
0.000653
0.000652
0.000652
0.000652
0.000652
0.000653
0.000653
0.000654
0.000655
0.000656
0.000657
0.000658
0.000659
0.000660
0.000661
0.000662
0.000662
0.000662
0.000661
0.000660
0.000658
0.000655
0.000652
0.000647
0.000641
0.000633
0.000624
0.000614
0.000602
0.000588
0.000572
0.000554
0.000535
0.000513
0.000489
0.000463
0.000435
0.000405
0.000372
0.000337
0.000300
0.000260
0.000218
0.000173
0.000126
0.000077
0.000025
-0.000029
-0.000085
-0.000143
-0.000203
-0.000266
-0.000330
-0.000395
-0.000462
-0.000531
-0.000600
-0.000670
-0.000740
-0.000811
-0.000881
-0.000952
-0.001021
-0.001090
-0.001158
-0.001225
-0.001290
-0.001353
-0.001415
-0.001474
-0.001532
-0.001588
-0.001642
-0.001694
-0.001744
-0.001791
-0.001838
-0.001882
-0.001925
-0.001967
-0.002008
-0.002047
-0.002085
-0.002123
-0.002161
-0.002197
-0.002234
-0.002270
-0.002306
-0.002342
-0.002378
-0.002414
-0.002450
-0.002486
-0.002521
-0.002556
-0.002590
-0.002623
-0.002654
-0.002684
-0.002712
-0.002738
-0.002760
-0.002779
-0.002794
-0.002804
-0.002809
-0.002809
-0.002802
-0.002789
-0.002769
-0.002742
-0.002707
-0.002664
-0.002614
-0.002557
-0.002492
-0.002420
-0.002341
-0.002257
-0.002168
-0.002075
-0.001978
-0.001880
-0.001780
-0.001681
-0.001583
-0.001487
-0.001395
-0.001308
-0.001227
-0.001153
-0.001086
-0.001027
