-0.221257
0.042587
-0.046633
0.004046
0.019099
-0.002087
-0.018515
-0.003391
0.036912
-0.054480
0.055221
-0.041695
0.007683
0.004287
0.004096
-0.007912
0.008178
-0.018646
0.019990
-0.013045
-0.000401
0.000918
-0.004211
-0.002076
0.016514
-0.030434
0.023074
-0.019023
0.021588
-0.012507
-0.007838
0.003834
0.002329
-0.008758
0.010230
-0.008483
-0.007681
0.017093
-0.014146
0.005342
-0.008416
0.002246
0.001718
-0.001527
0.002961
-0.000327
-0.011637
-0.000942
0.021549
-0.034520
0.025918
-0.021750
0.015909
-0.009213
0.000604
-0.014141
0.069165
-0.120651
0.020131
0.164541
0.028709
-0.812004
2.036321
0.736130
0.567576
0.428339
0.319994
0.231193
0.146639
0.080021
0.092918
0.073376
0.122613
0.209943
-0.056761
0.052739
0.141185
0.126904
0.022317
0.081835
0.080078
0.045943
0.096275
0.080541
0.061819
0.045197
0.097715
0.099882
0.026872
0.055706
0.102370
0.088561
0.026909
0.075548
0.046053
0.082631
0.091750
0.029923
0.066277
0.048883
0.091615
0.042910
0.039197
0.065622
0.063525
0.049554
0.048719
0.052461
0.063248
0.030972
0.053883
0.072340
0.039897
0.021130
0.072249
0.046997
0.037126
0.048286
0.046464
0.045811
0.039434
0.041972
0.046804
0.037841
0.044777
0.038422
0.037373
0.050126
0.039927
0.026023
0.048280
0.038999
0.029361
0.038712
0.026280
0.039274
0.033252
0.027542
0.043000
0.029690
0.033545
0.026991
0.025829
0.049588
0.013701
0.027643
0.047239
0.018227
0.018224
0.031904
0.036917
0.026425
0.030076
0.007930
0.053304
0.012231
0.032460
0.022936
0.019787
0.034994
0.011746
0.030158
0.025894
0.017964
0.020918
0.035830
0.004271
0.032467
0.019801
0.021428
0.023479
0.025586
0.018850
0.010659
0.017440
0.045098
-0.001429
0.011613
0.028653
0.031842
0.003030
0.017020
0.022602
0.022938
0.009333
0.016076
0.017352
0.030080
0.003048
0.006189
0.028546
0.023246
0.001630
0.018532
0.009027
0.037872
-0.008994
0.027859
0.012083
0.008177
0.016687
0.021726
-0.006925
0.024372
0.022046
0.003626
0.003035
0.028800
0.000847
0.016961
0.004377
0.029041
0.004477
0.006670
0.005833
0.028912
-0.006772
0.011118
0.011155
0.016136
0.015679
0.001666
-0.000983
0.041894
-0.013290
0.008138
0.025018
0.006857
-0.001026
0.004991
0.030150
-0.001540
0.011911
0.005917
-0.003756
0.034270
-0.004030
0.004270
0.003961
0.023090
-0.006879
0.010604
0.012663
0.003399
0.005328
0.000580
0.019370
0.006215
0.000988
-0.002231
0.022583
0.004798
0.010827
-0.012205
0.019740
0.010291
0.000886
0.000736
0.015408
0.004756
0.000772
0.011822
-0.000304
0.010113
-0.002792
0.010421
0.009892
0.000254
0.003219
0.002732
0.007839
0.007874
0.004673
-0.005901
0.016837
-0.000311
-0.005457
0.019423
-0.014085
0.013556
-0.001600
0.008122
0.005122
-0.000921
0.015696
-0.008519
0.018737
-0.003103
0.006128
-0.006099
0.009883
0.014398
-0.017606
0.018393
-0.001692
0.005456
-0.008450
0.012642
0.003134
0.004775
-0.004611
0.003752
0.002913
0.010455
-0.007880
0.001602
0.009214
0.009106
-0.017807
0.021939
-0.014518
0.017075
-0.015308
0.011615
-0.004184
0.013788
0.004249
-0.013042
0.004338
0.018677
-0.015317
-0.002560
0.014673
0.000777
-0.005954
0.005923
-0.003891
0.006477
0.001851
-0.002136
0.001770
0.015486
-0.010143
0.003978
-0.006673
0.025744
-0.021920
0.006562
0.010238
0.003388
-0.002697
0.001412
0.003154
0.007236
0.000745
-0.008670
0.016932
-0.001816
-0.004372
-0.005573
0.007074
0.009565
-0.003832
-0.003100
0.008542
-0.007020
0.003266
0.004772
-0.009708
0.007870
0.005279
-0.005666
-0.002682
0.009317
-0.004054
0.001529
-0.006451
0.020668
-0.016042
0.001218
0.017402
-0.013325
0.001443
-0.002032
0.001064
0.003791
0.007435
-0.014290
0.001010
0.008677
-0.001752
-0.011043
0.002873
0.015747
-0.007419
-0.026507
0.039901
-0.018179
-0.002088
0.000971
0.011694
-0.000523
0.001817
0.000270
0.008046
-0.005627
0.003805
-0.001925
-0.009240
0.026310
-0.024230
0.004356
0.002934
0.010223
-0.010779
-0.002725
0.007004
0.005080
-0.008127
-0.005187
0.010885
-0.005360
-0.001395
-0.007529
0.011400
0.003187
-0.009598
-0.008498
0.019905
-0.009735
-0.002164
0.006099
-0.006233
0.002289
-0.005952
0.002531
-0.003193
-0.000155
0.002428
0.002840
-0.008509
0.018320
-0.025171
0.015281
0.006591
-0.016127
-0.007757
0.014497
-0.007849
0.000359
-0.007559
0.013632
-0.010692
-0.000598
0.003982
-0.006786
0.005118
-0.005312
0.007999
-0.014596
0.008103
0.001375
-0.010549
0.004937
-0.004194
0.003983
-0.000274
-0.000544
-0.001030
-0.004483
-0.004691
0.003096
-0.009036
0.016419
-0.012694
-0.003001
0.010135
-0.007125
0.004738
-0.009592
-0.004035
0.012470
-0.005621
-0.005131
0.001280
0.000488
0.006334
-0.017800
0.002733
0.018225
-0.017884
-0.008423
0.015925
0.001718
-0.013730
-0.005826
0.005891
0.004679
-0.005357
-0.004699
-0.008961
0.014404
-0.006052
0.004291
-0.014220
0.013716
-0.010046
0.000774
-0.003467
0.007557
-0.016378
0.019941
-0.019586
0.003643
-0.003676
0.003923
-0.007840
0.007844
-0.002040
-0.008520
-0.004229
0.015203
-0.015216
0.002121
0.003150
-0.006192
0.001945
-0.003797
0.003831
-0.012024
0.007890
-0.007516
-0.001200
0.005837
-0.004986
-0.003423
-0.006470
0.013303
-0.018276
0.003697
0.009920
-0.014179
-0.001820
0.000760
0.006344
0.002645
-0.018713
0.001263
0.017830
-0.020828
0.002170
0.003871
-0.009535
0.022662
-0.027689
0.003673
0.007171
-0.007354
-0.010502
0.013072
-0.010775
0.008918
-0.010699
-0.001763
0.005313
-0.000262
-0.002586
-0.003657
-0.009975
0.016649
-0.017953
-0.001644
0.015221
-0.000414
-0.015217
0.001152
0.007372
-0.000932
-0.012786
0.005372
0.004135
-0.009669
0.006453
-0.010712
0.005703
0.005430
-0.011644
-0.003421
0.009555
-0.009986
-0.006257
0.009164
-0.011596
0.008485
-0.002052
-0.004855
0.000252
-0.005562
0.003265
-0.004370
-0.006440
0.021019
-0.026384
0.004340
0.010346
-0.002304
-0.013939
0.002579
-0.004056
0.015983
-0.016955
-0.002641
0.007042
-0.003658
0.000534
-0.012564
0.006168
0.006322
-0.008973
-0.004428
0.008926
-0.010828
0.009202
-0.018161
0.015513
-0.009157
-0.001501
-0.000206
-0.002590
0.002721
0.000462
-0.010246
0.000902
0.012593
-0.015291
-0.003575
0.010138
-0.006609
-0.000600
-0.002369
-0.003287
0.005724
-0.003428
-0.008905
0.007912
-0.002658
-0.005138
0.005526
-0.026044
0.027806
-0.012578
0.000917
0.005860
-0.005589
-0.010017
0.002421
-0.000029
0.001403
-0.002675
-0.003884
0.004534
-0.016285
0.028042
-0.027068
0.001021
0.016584
-0.012711
-0.008902
0.011025
0.004072
-0.012124
0.006746
-0.020192
0.025883
-0.026735
0.013595
-0.000036
-0.004630
-0.002195
-0.003322
0.002931
0.006968
-0.016492
0.004167
0.004486
-0.003890
-0.008583
0.003148
0.001621
-0.003416
-0.005119
0.010922
-0.011419
-0.001478
0.009642
-0.017375
0.006315
0.007071
-0.016789
0.003472
0.010809
-0.008316
-0.009185
0.003670
0.003882
-0.003212
0.002210
-0.010921
0.002724
0.014715
-0.015868
-0.009130
0.013863
0.001852
-0.009557
-0.007993
0.011388
-0.003210
-0.007302
0.003817
-0.004331
0.008233
-0.025505
0.016727
0.002511
-0.008877
0.004745
-0.010251
0.005061
0.003817
-0.007598
-0.008379
0.017808
-0.013560
0.003274
-0.001386
-0.005140
0.012414
-0.015697
0.011430
-0.011541
0.017945
-0.017191
-0.001442
-0.000582
0.020213
-0.022702
0.001180
0.007809
-0.008663
0.003057
-0.007439
0.005467
-0.001389
-0.008850
0.015091
-0.011208
-0.005156
0.008349
-0.015021
0.010729
0.009860
-0.025222
0.002913
0.019364
-0.018296
0.000047
0.005664
0.001310
0.000571
-0.020717
0.016847
-0.001252
-0.004900
-0.001044
-0.004040
-0.002376
0.015567
-0.015745
0.001146
0.016355
-0.008299
-0.014734
0.003156
0.009018
-0.002448
-0.011759
0.001607
0.009858
-0.009777
0.007031
-0.007810
0.000027
0.010683
-0.009586
-0.010420
0.019662
-0.017626
0.004494
0.000465
-0.001117
0.002393
-0.005640
-0.007991
0.012556
-0.003609
-0.000548
-0.013644
0.009763
0.012599
-0.022467
-0.003210
0.020573
-0.010752
-0.007151
0.004122
-0.000784
0.003043
-0.006114
0.001452
-0.003206
0.002540
-0.003298
0.008321
-0.023220
0.024943
-0.011051
-0.006489
0.010221
-0.009553
0.005108
-0.009733
0.016528
-0.024048
0.019867
-0.011846
0.008108
-0.009515
0.002046
-0.009752
0.006206
0.009454
-0.006121
-0.015181
0.019946
-0.012505
0.009059
-0.012259
-0.000911
0.011996
-0.011811
-0.001775
0.006503
-0.003345
-0.002517
-0.006137
0.005338
0.014602
-0.026218
0.009259
0.008373
-0.008718
-0.000290
0.000950
-0.005865
0.004786
-0.008834
0.007901
0.002792
-0.007696
-0.002424
0.004677
-0.008445
0.014270
-0.017616
0.008019
-0.002969
0.007482
-0.006958
-0.001557
-0.004052
0.010180
-0.008524
0.008246
-0.010908
0.004966
0.002307
-0.014773
0.010721
0.011190
-0.014198
-0.005453
0.019470
-0.007705
-0.007474
0.009880
-0.005626
0.003276
-0.008701
0.020675
-0.038870
0.045180
-0.040780
0.022159
-0.007393
0.007070
-0.005933
-0.007384
0.013602
-0.009336
0.003644
-0.008017
0.015300
-0.016409
-0.001561
0.006492
0.001915
-0.005496
0.006245
-0.012953
0.008403
0.009316
-0.012939
0.000069
0.003378
0.002923
-0.007716
-0.004221
0.005525
-0.003739
0.002024
-0.004798
0.008575
-0.004183
0.003504
-0.010649
0.002057
0.018858
-0.027258
0.001762
0.016881
-0.014649
0.001385
0.002108
0.004460
-0.003068
-0.001658
-0.004520
0.013921
-0.022811
0.025932
-0.021145
0.002837
0.014920
-0.017261
-0.001468
0.010585
-0.011718
0.007163
-0.014158
0.018281
-0.004367
0.013651
-0.067689
0.114090
-0.100380
0.043484
-0.038066
0.018042
0.006567
-0.004729
-0.017911
0.008798
0.008819
-0.011565
0.009051
-0.019152
0.016402
-0.005416
-0.006700
-0.001608
0.008179
-0.013239
0.003403
-0.002970
0.000946
0.006786
-0.024801
0.024041
-0.018267
0.000341
0.003379
0.000422
-0.003522
-0.004834
-0.002837
0.009127
-0.004404
-0.016806
0.015563
-0.021794
0.023801
-0.012902
-0.011140
0.009104
-0.003027
-0.010472
0.006423
-0.001513
-0.010780
0.006163
-0.004954
0.005647
-0.015198
0.006996
-0.003661
-0.001115
-0.006581
0.010924
-0.024115
0.022591
-0.022646
0.003063
-0.004393
0.008917
-0.000109
-0.024249
0.035932
-0.045114
0.034090
-0.064795
0.215680
-0.476715
0.535367
