0.006116
0.005338
0.004257
0.003057
0.001917
0.000969
0.000282
-0.000143
-0.000357
-0.000433
-0.000446
-0.000452
-0.000486
-0.000555
-0.000652
-0.000763
-0.000873
-0.000970
-0.001051
-0.001116
-0.001168
-0.001213
-0.001255
-0.001296
-0.001338
-0.001382
-0.001427
-0.001473
-0.001520
-0.001568
-0.001621
-0.001677
-0.001738
-0.001802
-0.001866
-0.001927
-0.001980
-0.002024
-0.002058
-0.002082
-0.002100
-0.002113
-0.002121
-0.002116
-0.002074
-0.001941
-0.001605
-0.000852
0.000708
0.003740
0.009308
0.019000
0.035010
0.060106
0.097410
0.149934
0.219867
0.307715
0.411481
0.526175
0.643897
0.754659
0.847884
0.914282
0.947643
0.946056
0.912204
0.852660
0.776417
0.693067
0.611126
0.536883
0.473936
0.423376
0.384396
0.355080
0.333132
0.316401
0.303178
0.292278
0.282974
0.274880
0.267806
0.261654
0.256340
0.251762
0.247791
0.244283
0.241095
0.238100
0.235200
0.232327
0.229452
0.226569
0.223694
0.220854
0.218078
0.215392
0.212812
0.210343
0.207982
0.205717
0.203531
0.201406
0.199325
0.197271
0.195230
0.193190
0.191139
0.189063
0.186951
0.184796
0.182595
0.180354
0.178088
0.175816
0.173562
0.171352
0.169206
0.167138
0.165154
0.163252
0.161426
0.159664
0.157955
0.156288
0.154653
0.153043
0.151450
0.149872
0.148304
0.146748
0.145204
0.143671
0.142148
0.140626
0.139093
0.137532
0.135921
0.134242
0.132485
0.130648
0.128747
0.126812
0.124886
0.123020
0.121264
0.119659
0.118227
0.116972
0.115877
0.114909
0.114027
0.113191
0.112365
0.111528
0.110667
0.109779
0.108867
0.107937
0.106993
0.106034
0.105056
0.104052
0.103014
0.101937
0.100820
0.099668
0.098497
0.097325
0.096178
0.095079
0.094044
0.093085
0.092200
0.091378
0.090601
0.089846
0.089091
0.088320
0.087523
0.086701
0.085860
0.085009
0.084162
0.083328
0.082516
0.081730
0.080970
0.080236
0.079524
0.078830
0.078151
0.077482
0.076820
0.076160
0.075500
0.074838
0.074170
0.073496
0.072815
0.072129
0.071441
0.070753
0.070070
0.069394
0.068725
0.068064
0.067411
0.066766
0.066130
0.065509
0.064906
0.064327
0.063776
0.063255
0.062762
0.062293
0.061840
0.061397
0.060954
0.060506
0.060049
0.059578
0.059095
0.058603
0.058108
0.057616
0.057136
0.056674
0.056232
0.055808
0.055396
0.054985
0.054565
0.054126
0.053661
0.053173
0.052667
0.052156
0.051655
0.051182
0.050749
0.050364
0.050028
0.049736
0.049475
0.049230
0.048987
0.048733
0.048459
0.048163
0.047845
0.047510
0.047163
0.046811
0.046456
0.046101
0.045747
0.045392
0.045036
0.044676
0.044311
0.043940
0.043565
0.043191
0.042825
0.042473
0.042144
0.041840
0.041565
0.041316
0.041088
0.040875
0.040670
0.040464
0.040253
0.040029
0.039789
0.039528
0.039245
0.038939
0.038612
0.038271
0.037920
0.037567
0.037220
0.036884
0.036561
0.036253
0.035959
0.035677
0.035407
0.035146
0.034893
0.034647
0.034406
0.034168
0.033935
0.033704
0.033478
0.033254
0.033034
0.032817
0.032601
0.032387
0.032173
0.031961
0.031748
0.031535
0.031318
0.031096
0.030870
0.030638
0.030404
0.030171
0.029939
0.029710
0.029480
0.029244
0.028999
0.028740
0.028470
0.028192
0.027917
0.027658
0.027425
0.027227
0.027069
0.026950
0.026866
0.026809
0.026771
0.026746
0.026728
0.026710
0.026690
0.026660
0.026617
0.026553
0.026463
0.026340
0.026181
0.025983
0.025750
0.025486
0.025203
0.024911
0.024621
0.024343
0.024083
0.023842
0.023622
0.023421
0.023237
0.023070
0.022922
0.022794
0.022685
0.022592
0.022510
0.022432
0.022351
0.022260
0.022155
0.022032
0.021891
0.021735
0.021567
0.021393
0.021221
0.021057
0.020909
0.020780
0.020672
0.020580
0.020498
0.020416
0.020326
0.020220
0.020095
0.019952
0.019793
0.019625
0.019454
0.019287
0.019132
0.018994
0.018878
0.018786
0.018718
0.018670
0.018636
0.018608
0.018580
0.018543
0.018493
0.018427
0.018343
0.018243
0.018131
0.018010
0.017886
0.017765
0.017652
0.017550
0.017460
0.017382
0.017311
0.017245
0.017177
0.017105
0.017027
0.016943
0.016855
0.016766
0.016680
0.016599
0.016527
0.016463
0.016408
0.016358
0.016312
0.016265
0.016216
0.016161
0.016102
0.016036
0.015964
0.015886
0.015799
0.015705
0.015604
0.015499
0.015393
0.015293
0.015204
0.015130
0.015070
0.015022
0.014980
0.014936
0.014885
0.014822
0.014747
0.014662
0.014571
0.014480
0.014392
0.014311
0.014236
0.014169
0.014109
0.014055
0.014009
0.013969
0.013934
0.013905
0.013878
0.013853
0.013828
0.013799
0.013764
0.013720
0.013668
0.013606
0.013539
0.013470
0.013404
0.013345
0.013294
0.013248
0.013205
0.013160
0.013111
0.013057
0.013002
0.012952
0.012912
0.012889
0.012885
0.012901
0.012933
0.012976
0.013022
0.013062
0.013087
0.013091
0.013069
0.013021
0.012950
0.012863
0.012768
0.012675
0.012594
0.012531
0.012490
0.012472
0.012475
0.012495
0.012524
0.012557
0.012585
0.012599
0.012594
0.012565
0.012513
0.012441
0.012354
0.012261
0.012169
0.012083
0.012008
0.011947
0.011900
0.011866
0.011843
0.011828
0.011814
0.011795
0.011768
0.011728
0.011677
0.011620
0.011562
0.011511
0.011472
0.011446
0.011431
0.011421
0.011412
0.011398
0.011377
0.011350
0.011319
0.011286
0.011253
0.011219
0.011185
0.011149
0.011111
0.011069
0.011024
0.010980
0.010940
0.010910
0.010895
0.010901
0.010930
0.010981
0.011048
0.011122
0.011193
0.011250
0.011284
0.011293
0.011278
0.011243
0.011195
0.011140
0.011082
0.011023
0.010966
0.010911
0.010859
0.010811
0.010768
0.010730
0.010697
0.010667
0.010639
0.010612
0.010585
0.010558
0.010532
0.010507
0.010483
0.010461
0.010443
0.010430
0.010426
0.010430
0.010445
0.010466
0.010493
0.010518
0.010539
0.010550
0.010547
0.010530
0.010496
0.010449
0.010392
0.010328
0.010263
0.010204
0.010153
0.010114
0.010086
0.010065
0.010047
0.010028
0.010004
0.009973
0.009937
0.009898
0.009861
0.009830
0.009808
0.009796
0.009794
0.009803
0.009820
0.009844
0.009870
0.009897
0.009920
0.009938
0.009949
0.009953
0.009953
0.009948
0.009939
0.009926
0.009906
0.009878
0.009840
0.009794
0.009744
0.009694
0.009650
0.009613
0.009586
0.009565
0.009550
0.009536
0.009522
0.009505
0.009484
0.009458
0.009426
0.009388
0.009346
0.009306
0.009273
0.009252
0.009246
0.009256
0.009277
0.009303
0.009325
0.009335
0.009330
0.009306
0.009266
0.009213
0.009152
0.009090
0.009032
0.008983
0.008948
0.008927
0.008919
0.008920
0.008925
0.008929
0.008925
0.008912
0.008890
0.008862
0.008833
0.008806
0.008785
0.008769
0.008760
0.008755
0.008753
0.008753
0.008752
0.008752
0.008754
0.008761
0.008775
0.008802
0.008842
0.008896
0.008961
0.009031
0.009100
0.009159
0.009204
0.009231
0.009236
0.009222
0.009191
0.009146
0.009091
0.009029
0.008964
0.008899
0.008838
0.008782
0.008733
0.008689
0.008650
0.008615
0.008581
0.008551
0.008523
0.008501
0.008486
0.008481
0.008489
0.008510
0.008549
0.008608
0.008691
0.008801
0.008940
0.009107
0.009299
0.009510
0.009730
0.009947
0.010147
0.010317
0.010442
0.010511
0.010519
0.010463
0.010350
0.010191
0.009999
0.009793
0.009586
0.009391
0.009216
0.009067
0.008946
0.008853
0.008788
0.008746
0.008723
0.008711
0.008703
0.008692
0.008675
0.008650
0.008620
0.008590
0.008567
0.008554
0.008556
0.008573
0.008607
0.008658
0.008728
0.008819
0.008939
0.009092
0.009286
0.009520
0.009793
0.010092
0.010396
0.010677
0.010904
0.011049
0.011093
0.011031
0.010875
0.010650
0.010390
0.010127
0.009888
0.009687
0.009525
0.009394
0.009282
0.009177
0.009070
0.008959
0.008846
0.008735
0.008630
0.008538
0.008459
0.008396
0.008348
0.008312
0.008286
0.008267
0.008250
0.008234
0.008216
0.008195
0.008172
0.008147
0.008122
0.008096
0.008070
0.008044
0.008019
0.007994
0.007969
0.007943
0.007915
0.007883
0.007847
0.007808
0.007767
0.007726
0.007688
0.007652
0.007617
0.007584
0.007548
0.007510
0.007471
0.007431
0.007394
0.007363
0.007338
0.007320
0.007305
0.007290
0.007273
0.007251
0.007225
0.007194
0.007161
0.007126
0.007091
0.007056
0.007023
0.006991
0.006964
0.006941
0.006923
0.006910
0.006899
0.006889
0.006877
0.006861
0.006839
0.006813
0.006784
0.006753
0.006720
0.006688
0.006656
0.006624
0.006589
0.006552
0.006510
0.006464
0.006415
0.006365
0.006319
0.006280
0.006251
0.006233
0.006221
0.006212
0.006201
0.006182
0.006154
0.006117
0.006072
0.006025
0.005978
0.005933
0.005895
0.005863
0.005841
0.005830
0.005829
0.005839
0.005856
0.005875
0.005893
0.005903
0.005904
0.005893
0.005872
0.005844
0.005810
0.005772
0.005730
0.005684
0.005633
0.005578
0.005519
0.005458
0.005395
0.005330
0.005264
0.005196
0.005129
0.005065
0.005008
0.004963
0.004933
0.004918
0.004915
0.004921
0.004927
0.004929
0.004919
0.004897
0.004859
0.004809
0.004748
0.004681
0.004611
0.004543
0.004481
0.004429
0.004389
0.004363
0.004348
0.004344
0.004345
0.004347
0.004344
0.004332
0.004308
0.004270
0.004221
0.004163
0.004103
0.004045
0.003995
0.003956
0.003928
0.003909
0.003895
0.003882
0.003865
0.003843
0.003814
0.003780
0.003741
0.003693
0.003632
0.003548
0.003430
0.003264
0.003039
0.002746
0.002385
0.001964
0.001501
0.001028
0.000582
0.000202
-0.000078
-0.000240
-0.000283
-0.000226
-0.000102
0.000051
0.000197
0.000308
0.000371
0.000384
0.000354
0.000292
0.000208
0.000110
0.000005
-0.000106
-0.000221
-0.000339
-0.000460
-0.000582
-0.000706
-0.000828
-0.000947
-0.001060
-0.001163
-0.001257
-0.001338
-0.001410
-0.001472
-0.001528
-0.001581
-0.001633
-0.001685
-0.001740
-0.001800
-0.001867
-0.001946
-0.002037
-0.002142
-0.002260
-0.002387
-0.002520
-0.002653
-0.002784
-0.002911
-0.003035
-0.003157
-0.003279
-0.003398
-0.003514
-0.003619
-0.003706
-0.003765
-0.003782
-0.003743
-0.003628
-0.003411
-0.003060
-0.002536
-0.001804
-0.000841
0.000344
0.001699
0.003122
0.004464
0.005559
0.006253
0.006445
