-0.313706
0.073309
-0.077541
0.002317
0.027516
-0.010411
-0.008379
-0.013036
0.023209
-0.043364
0.068144
-0.057085
-0.005653
0.024217
-0.002218
-0.022557
0.014904
-0.014402
0.017325
-0.012416
-0.030563
0.040650
-0.025948
-0.005872
0.012933
-0.014793
0.001859
-0.004573
0.002440
-0.006342
-0.000403
-0.005092
-0.000968
-0.001294
-0.003182
-0.014044
0.003347
0.008999
-0.006729
-0.012546
0.008818
-0.005053
-0.007591
-0.001070
-0.019192
0.029624
-0.029173
0.014467
-0.005906
-0.022837
0.020805
-0.013169
0.003317
-0.012145
-0.006463
-0.001316
0.084576
-0.175124
0.004045
0.368906
-0.251255
-0.926683
2.296239
1.382379
0.819596
0.528715
0.561882
0.474009
0.098358
0.075057
0.188018
0.187815
0.112120
0.311616
0.039172
0.068965
0.192064
0.215111
0.081298
0.095640
0.160315
0.085938
0.162406
0.066524
0.154953
0.052827
0.139246
0.147071
0.046996
0.089829
0.143420
0.131010
0.079243
0.086964
0.077020
0.154607
0.088458
0.052310
0.104110
0.101873
0.110240
0.086226
0.057515
0.099770
0.104953
0.077328
0.080951
0.091494
0.069772
0.091892
0.071665
0.105735
0.053251
0.080728
0.085157
0.085368
0.062226
0.069348
0.079570
0.067639
0.083046
0.054059
0.076304
0.080384
0.060272
0.062712
0.063189
0.084750
0.072091
0.045290
0.074748
0.060718
0.062124
0.064187
0.053386
0.067843
0.051123
0.055631
0.054344
0.073325
0.038035
0.060567
0.049735
0.070455
0.034269
0.048411
0.071772
0.049343
0.041566
0.030978
0.069542
0.050541
0.046447
0.039897
0.050571
0.066416
0.038316
0.026314
0.051345
0.074420
0.008663
0.050283
0.054978
0.036863
0.031679
0.042517
0.064323
0.028557
0.038742
0.036550
0.052790
0.027149
0.032610
0.052398
0.008234
0.079499
0.016633
0.021834
0.065488
0.027911
0.022395
0.026140
0.051947
0.022114
0.025400
0.028308
0.054015
0.023267
0.026753
0.032359
0.031051
0.037873
0.014679
0.030999
0.037600
0.028499
0.015473
0.032210
0.037458
0.025203
0.025875
0.016137
0.051666
0.022011
0.027876
0.009583
0.023351
0.063584
0.001515
0.021820
0.040971
0.017458
0.033091
-0.016956
0.058963
0.023142
0.008193
0.019610
0.048302
0.007258
0.026508
0.015476
0.019925
0.046594
-0.005688
0.025769
0.020074
0.034874
0.002991
0.017764
0.045077
0.007916
0.010212
0.019021
0.037930
0.002494
0.028175
0.002932
0.032417
0.012975
0.012471
0.008400
0.034868
0.017465
0.009698
0.024935
0.012145
0.025165
0.007550
0.019081
0.035104
-0.002548
0.015908
0.007186
0.033276
0.018743
-0.003288
0.008000
0.039075
0.015918
-0.003916
0.021626
0.011110
0.010093
0.017289
0.002934
0.029217
0.002907
0.013484
0.016516
0.017705
0.006047
0.014423
-0.000891
0.029585
0.004707
0.000203
0.018668
0.027814
-0.014572
0.028328
0.001801
0.014497
0.018075
0.005083
-0.004725
0.033545
0.005939
0.005651
-0.004694
0.041990
-0.002669
0.005932
0.018294
0.009988
0.004787
0.006578
0.011358
0.015214
0.002083
0.013609
-0.003102
0.009424
0.035551
-0.017792
0.000057
0.027381
0.001223
0.010185
0.006713
0.002295
0.011516
0.007356
0.006003
0.010327
0.014235
-0.000140
0.004088
0.002604
0.023413
0.001561
-0.013626
0.026951
0.013018
-0.013493
0.013818
-0.001187
0.022165
-0.007843
0.019011
-0.001246
0.013095
-0.004231
0.010216
0.000041
0.021850
0.002868
-0.000608
0.015112
-0.001164
0.004745
-0.008367
0.019073
0.008124
-0.005209
0.000947
0.012291
0.014513
-0.003586
0.000046
0.004854
0.020323
0.000461
-0.020134
0.027892
0.007792
-0.011657
0.029735
-0.011828
0.025542
-0.018870
0.024454
-0.006096
-0.000347
0.012895
0.002287
0.004658
0.016586
-0.009422
-0.004556
0.017963
0.006117
-0.010719
0.013937
0.005848
0.000995
-0.007533
0.017706
0.000915
0.008750
-0.002392
0.001753
-0.005111
0.030620
-0.025420
0.006402
0.015800
0.006971
-0.010215
0.009787
-0.007907
0.022209
-0.001916
-0.022088
0.026793
0.003648
-0.007925
-0.004140
0.013756
0.010215
-0.015389
0.007161
0.012880
0.004059
-0.020389
0.024453
-0.011221
0.001740
0.007811
-0.004466
0.016437
-0.006715
0.010293
-0.007842
0.014592
-0.000558
0.007478
-0.021991
0.034591
-0.012094
0.008536
-0.022345
0.021193
-0.001460
-0.001507
-0.005281
0.011101
0.010491
-0.003399
-0.013029
0.008171
0.013170
-0.006995
-0.007939
0.023773
-0.006645
-0.008045
0.002572
0.007098
0.000411
-0.003963
0.003909
0.005820
-0.001576
0.004361
-0.000774
-0.013321
0.019346
0.000141
-0.012868
0.013912
-0.008157
0.011857
-0.018407
0.009836
0.001270
0.003403
0.005942
-0.007832
0.003177
-0.005481
0.007788
-0.009228
0.020801
-0.023677
0.012492
0.009026
-0.014001
0.007468
-0.010834
0.008140
-0.004656
0.011342
-0.007272
0.006959
-0.016737
0.020621
-0.018728
0.016360
0.000360
-0.008881
-0.002789
0.009355
0.002834
-0.005709
-0.015134
0.019445
-0.000953
-0.012533
0.004812
0.006807
0.006124
-0.020455
-0.001119
0.020831
-0.002503
-0.012479
0.000117
0.010463
-0.006008
-0.007472
0.013330
-0.010758
0.005805
-0.008479
0.011439
0.000064
-0.004852
-0.001738
-0.002967
-0.000218
0.010465
-0.009693
-0.007602
0.013209
0.017672
-0.047985
0.032784
-0.006176
0.006500
-0.012074
-0.003149
0.014851
-0.007363
0.000805
-0.015551
0.017804
-0.005532
-0.019791
0.019590
0.008973
-0.007938
-0.014082
0.006852
-0.010270
0.025192
-0.021779
0.012285
-0.014341
0.017233
-0.016479
-0.001178
0.008929
0.015453
-0.026791
-0.005800
0.032433
-0.024468
0.000089
0.013075
-0.015274
0.001761
0.000924
-0.002552
0.003658
-0.002863
-0.002172
0.015172
-0.022423
0.004460
0.006496
-0.018961
0.028560
-0.006746
-0.026308
0.012836
0.003177
0.007320
-0.017584
0.012078
-0.010507
0.013427
-0.017486
0.002774
-0.005375
0.021657
-0.020391
-0.006654
0.010907
0.007601
-0.016579
-0.001273
0.009768
-0.001243
-0.005082
-0.002105
0.001404
0.005441
-0.013105
0.009819
-0.009088
0.013443
-0.022336
0.008622
0.007154
-0.002719
-0.004663
-0.010944
0.013587
-0.001838
-0.007567
-0.007899
0.024695
-0.015578
-0.003976
-0.005041
-0.002770
0.020860
-0.018634
-0.000723
0.016735
-0.015599
-0.002137
0.002987
-0.006621
0.008366
-0.015735
0.009800
0.002596
-0.010156
0.009193
-0.009498
0.006766
0.000842
-0.016072
0.001908
0.017721
-0.020022
0.005759
0.001723
-0.009548
0.022891
-0.021166
-0.005151
0.008171
0.005299
0.001849
-0.021740
0.006397
0.017391
-0.023721
-0.005613
0.030552
-0.017441
-0.006492
-0.005334
0.020844
-0.008306
-0.016726
0.001288
0.024249
-0.012368
-0.008810
-0.012858
0.025546
-0.002738
-0.018289
-0.001005
0.013363
-0.003932
-0.001333
-0.008315
-0.000594
0.017257
-0.020868
-0.006432
0.024038
-0.018003
0.002625
-0.003247
0.008570
-0.001079
-0.025141
0.016817
0.011989
-0.010423
-0.012650
0.018017
-0.012478
0.004403
-0.018176
0.026421
-0.013842
-0.001916
0.004601
-0.017054
0.014933
-0.011519
0.009834
-0.014437
0.017381
-0.012335
0.002031
0.010118
-0.019903
0.006591
-0.005893
0.013967
-0.022154
0.020405
-0.024899
0.012251
-0.003483
0.015917
-0.017386
-0.013873
0.029489
-0.008273
-0.010178
-0.005198
0.013332
-0.002679
-0.009641
-0.016631
0.027241
-0.010753
0.002631
-0.006081
0.003804
0.001209
-0.011365
-0.005677
0.032364
-0.029105
-0.003121
0.006466
0.006213
-0.007015
-0.016967
0.018801
0.004308
-0.003709
-0.017628
-0.001087
0.016762
0.009027
-0.020014
-0.008723
0.021604
-0.016726
0.003542
-0.008002
0.013907
-0.012468
0.009979
-0.020101
0.012381
0.000898
-0.005065
-0.008242
0.008599
0.000783
-0.001334
-0.009643
0.009386
0.001580
-0.011671
-0.000074
0.005974
-0.001482
-0.014690
0.012769
0.001442
-0.004940
-0.008099
0.000504
0.011322
-0.003427
-0.017467
-0.000505
0.017381
-0.008308
-0.004729
0.005329
-0.008501
0.015201
-0.019453
0.019514
-0.010167
0.006240
-0.014545
0.004422
-0.000055
0.006887
-0.008658
-0.015715
0.031042
-0.010124
-0.022381
0.018995
0.005557
-0.017989
0.004521
-0.002779
0.013723
-0.006860
-0.010217
0.002269
-0.008585
0.018819
-0.008214
-0.020401
0.026143
-0.007022
-0.006607
-0.000691
-0.002742
0.009303
-0.002400
-0.019646
0.020368
-0.007871
0.000544
-0.007778
-0.001112
0.018618
-0.021169
-0.013545
0.029717
-0.011485
-0.010059
-0.004031
0.018892
-0.010547
0.001984
-0.005788
0.003399
0.005891
-0.017939
0.002024
0.003873
0.008971
-0.016089
-0.000689
0.013260
-0.002649
-0.012683
-0.004003
0.020606
-0.014607
-0.003400
-0.005379
0.017471
-0.015924
-0.000699
-0.003041
0.004345
0.011703
-0.026952
0.009674
0.014749
-0.018025
0.009236
-0.007461
0.014914
-0.020673
0.006400
-0.016428
0.024481
-0.016108
0.009221
-0.009392
0.002217
0.002345
-0.008280
-0.006910
0.014281
0.003789
-0.016554
-0.002432
0.003523
0.012089
-0.019500
0.009166
-0.012933
0.024515
-0.020574
-0.001799
-0.011375
0.029657
-0.021178
-0.006636
0.012186
0.003805
-0.019225
0.003904
-0.002517
0.019299
-0.030348
0.029319
-0.055924
0.092494
-0.095910
0.045830
-0.007481
0.010678
-0.018546
-0.017678
0.034000
-0.019569
0.002298
-0.003207
0.006890
-0.012622
0.000432
0.017833
-0.018284
0.003803
0.001273
-0.008320
0.006826
-0.000261
-0.011874
0.002422
0.012877
-0.015906
0.003922
-0.011264
0.011662
-0.015260
0.003548
0.002707
-0.001243
-0.006965
0.008442
-0.013193
0.012553
-0.004550
-0.009662
0.000149
0.006226
-0.004951
-0.012480
0.017970
-0.014341
0.002182
-0.005064
-0.003826
0.007426
-0.007023
0.007121
-0.025233
0.022467
-0.001552
-0.007579
-0.013041
0.026440
-0.013241
-0.010915
-0.007557
0.016168
0.015435
-0.017949
-0.063580
0.122757
-0.087156
0.016231
-0.037115
0.023596
0.005443
-0.013940
-0.021391
0.033025
-0.018245
-0.007428
0.013635
-0.027357
0.020646
-0.007783
-0.017309
0.009747
0.001248
-0.009057
-0.007683
-0.002383
-0.002247
0.017238
-0.037939
0.015189
0.002304
-0.015219
0.000648
0.009028
-0.020910
-0.003771
0.003880
-0.000794
-0.002899
-0.018451
0.004903
0.001529
-0.009509
-0.009449
0.006160
-0.011211
0.013452
-0.024238
0.001294
-0.000023
0.016502
-0.032420
0.021194
-0.010486
0.013058
-0.030229
0.018591
-0.021145
0.018373
-0.034756
0.008984
0.002757
-0.005663
-0.017474
0.018269
-0.020762
0.003653
-0.036756
0.064218
-0.076129
0.044252
-0.080008
0.288005
-0.658187
0.740879
