-0.730577
0.118495
-0.185208
0.002316
0.056319
-0.055028
-0.066181
-0.006205
0.053577
-0.148163
0.157228
-0.143640
-0.033169
0.036689
-0.027122
-0.043001
-0.009099
-0.033826
-0.014633
0.005999
-0.089777
0.063176
-0.081075
-0.017521
0.016099
-0.056152
-0.013110
-0.019292
-0.004935
-0.052757
0.000352
-0.038833
-0.009455
-0.024785
-0.025592
-0.015409
-0.037273
0.000510
-0.028783
-0.033249
-0.025011
-0.006905
-0.030823
-0.014811
-0.046664
0.006635
-0.042955
-0.021680
0.002125
-0.057603
0.001036
-0.036285
-0.010289
-0.001130
-0.099888
0.020503
0.119840
-0.249359
-0.230927
0.836850
-0.349627
-1.949114
2.747816
3.544973
2.848495
2.055877
0.760116
0.600916
0.304021
0.071446
0.279944
0.442641
0.326025
0.542801
0.244918
0.101056
0.332353
0.405725
0.236274
0.240169
0.232834
0.245643
0.238210
0.195018
0.271675
0.185325
0.201515
0.307844
0.110737
0.180879
0.264624
0.249115
0.195673
0.182239
0.127486
0.252247
0.247156
0.119047
0.173442
0.200013
0.187364
0.173617
0.156951
0.168904
0.219186
0.157090
0.140542
0.178501
0.165970
0.153065
0.158997
0.143090
0.165031
0.137805
0.179312
0.110635
0.178877
0.125564
0.131872
0.154139
0.127469
0.133972
0.156358
0.100300
0.135719
0.121266
0.124086
0.152618
0.127668
0.067053
0.193639
0.065301
0.142326
0.055058
0.119966
0.097862
0.122930
0.099225
0.100850
0.110704
0.106595
0.099210
0.077497
0.127685
0.088783
0.063368
0.126710
0.085280
0.076359
0.083914
0.082622
0.098069
0.077473
0.072889
0.094442
0.083366
0.070624
0.075696
0.065391
0.097045
0.072361
0.047051
0.097221
0.065655
0.069406
0.076349
0.066611
0.077561
0.074907
0.047077
0.082408
0.067849
0.062769
0.059400
0.057686
0.084396
0.042584
0.045372
0.099393
0.052818
0.022416
0.075208
0.055978
0.049350
0.054213
0.042784
0.065592
0.060895
0.043488
0.042754
0.038117
0.081583
0.035124
0.032588
0.062077
0.055497
0.038455
0.045343
0.048698
0.048141
0.038922
0.032841
0.055588
0.039401
0.039030
0.033855
0.034113
0.064252
0.032028
0.014453
0.058695
0.038840
0.028686
0.040544
0.019849
0.053100
0.027134
0.027967
0.044164
0.049475
0.010228
0.026065
0.032397
0.049909
0.017122
0.005663
0.063655
0.018943
0.024743
0.037853
0.034661
0.015171
0.038491
0.012955
0.037146
0.018934
0.032126
0.011169
0.038078
0.030770
0.025764
-0.005097
0.072803
0.000738
0.018871
0.023955
0.024971
0.013512
0.043033
-0.016789
0.053306
0.024616
0.016512
0.007469
0.018036
0.032981
0.019074
-0.002994
0.032424
0.023393
0.011038
0.032582
0.010263
0.015348
0.020931
0.015931
0.029015
0.013414
0.001959
0.020658
0.013030
0.032067
-0.001239
0.008235
0.033248
0.015705
-0.001620
0.023512
0.002841
0.030976
0.003868
0.005155
0.027477
0.006260
0.020752
-0.002512
0.014770
0.022063
-0.009767
0.015936
0.021045
0.008933
-0.018106
0.039188
-0.005388
0.008265
0.023972
-0.010200
0.022323
0.003936
0.021694
-0.008026
-0.001164
0.031771
0.008541
-0.008838
0.019562
0.016536
-0.023822
0.017868
0.001033
0.016333
-0.004696
0.003115
0.007013
0.033866
-0.016960
-0.019045
0.006507
0.028412
0.011345
-0.037031
0.024680
0.021409
-0.020270
-0.005303
0.019669
0.006530
-0.002590
-0.010764
0.016902
0.001105
0.002700
-0.003794
-0.005640
0.019542
0.007164
-0.010255
0.023705
-0.008377
-0.000271
0.019415
0.003104
0.007806
0.016863
-0.028318
0.040720
-0.028214
0.024722
-0.020215
-0.006233
0.033414
-0.012336
-0.015978
0.034246
-0.027108
0.012045
-0.004812
-0.006477
-0.006011
0.007465
-0.000452
-0.006838
-0.000342
0.001487
-0.004583
-0.010120
0.021457
0.004203
-0.044720
0.029759
0.000557
-0.000245
-0.017929
-0.004579
0.013638
-0.006341
-0.018709
0.025896
-0.015254
-0.005966
-0.011067
-0.002686
0.011117
0.004555
-0.043239
0.024868
-0.010653
-0.000747
-0.002421
-0.005459
-0.008877
0.001256
-0.013144
0.010312
0.008735
-0.025251
-0.008623
-0.000883
0.010307
-0.005101
-0.029073
0.019223
-0.003006
-0.015298
-0.005147
0.000497
-0.005860
-0.014832
0.003712
-0.004437
0.013496
-0.020315
-0.014944
-0.005399
0.020957
-0.012243
-0.035441
0.021239
-0.014143
0.001283
-0.013367
-0.003401
-0.006862
0.007368
-0.034478
0.011356
-0.006018
-0.005743
-0.008469
-0.022543
0.014591
0.000011
-0.039034
0.020368
-0.002929
-0.008347
-0.020369
-0.004390
0.004993
-0.009506
-0.015185
-0.001133
-0.000381
-0.009902
-0.019565
-0.019681
0.027246
-0.019683
-0.018544
0.002137
0.001045
-0.032226
0.020298
-0.020622
-0.002511
0.000161
-0.020939
-0.008846
0.000555
0.000822
-0.009720
-0.025038
0.001264
0.008147
-0.030650
0.011004
-0.011523
-0.012643
-0.005440
-0.015987
0.011610
-0.014641
-0.029164
0.011711
0.007094
-0.022887
-0.016881
-0.005837
0.015789
-0.023492
-0.011496
0.000626
-0.004017
-0.030240
0.015567
-0.013375
-0.004787
-0.015236
-0.020582
0.016419
-0.000769
-0.023746
-0.017311
-0.010362
0.026592
-0.027751
-0.041939
0.038383
-0.004917
-0.037948
-0.011922
0.007607
-0.004056
-0.003156
-0.025695
0.009938
0.000973
-0.022061
-0.013125
-0.005808
0.012173
-0.030176
-0.016285
0.009882
0.001506
-0.025122
-0.021545
0.015625
-0.005780
-0.012880
-0.037738
0.022524
-0.001912
-0.019955
-0.022842
-0.014001
0.021749
-0.014705
-0.034566
0.016841
-0.003905
-0.021179
-0.015500
-0.014257
0.020979
-0.025587
-0.026434
0.016178
-0.010932
-0.017288
-0.008716
-0.023049
0.032738
-0.029900
-0.045677
0.030931
-0.004557
-0.016220
-0.024636
-0.007869
0.005764
-0.005238
-0.032556
0.007750
-0.001094
-0.025801
-0.002645
-0.022758
0.018865
-0.008569
-0.046633
0.024933
-0.009420
-0.035054
0.015076
-0.014403
-0.009789
-0.007335
-0.026101
0.005537
0.010912
-0.039558
-0.012147
0.002264
0.003321
-0.018025
-0.038120
0.014375
0.010929
-0.033213
-0.018254
-0.004625
0.004153
-0.014765
-0.022400
-0.004301
0.006405
-0.007030
-0.030621
-0.025279
0.038947
-0.024811
-0.033241
0.011775
-0.004801
-0.029079
0.008318
-0.020364
-0.010575
-0.005024
-0.028466
0.015931
-0.012558
-0.012149
-0.019362
-0.011270
0.014492
-0.023327
-0.034548
0.016791
0.004690
-0.035197
-0.010234
0.000792
-0.007571
-0.023824
-0.012956
-0.004555
0.012852
-0.030914
-0.017444
0.004852
0.002871
-0.031810
-0.008930
-0.000966
0.008861
-0.049004
0.012218
-0.013993
-0.010899
-0.015231
-0.008640
-0.009624
-0.004040
-0.013364
-0.017304
-0.006978
0.002926
-0.009977
-0.032659
0.000501
0.004732
-0.024904
-0.010838
-0.007405
-0.003377
-0.018896
-0.017970
0.011357
-0.011770
-0.030627
-0.002443
-0.009117
-0.003346
-0.009143
-0.037747
0.021792
-0.010332
-0.032303
0.006374
-0.014892
-0.008601
-0.025001
0.002524
-0.009129
-0.014332
-0.005154
-0.016382
-0.019027
0.017677
-0.019508
-0.044944
0.016987
-0.004649
-0.010736
-0.023127
-0.012660
-0.014741
0.015053
-0.023485
-0.019730
-0.005365
-0.000912
-0.018285
-0.032399
0.020020
-0.010729
-0.031283
0.010640
-0.009607
-0.025039
-0.007112
-0.020723
0.003662
-0.011940
-0.018391
0.012477
-0.021856
-0.015986
-0.020153
-0.001145
0.002064
-0.020680
-0.032551
0.024533
-0.013065
-0.027539
-0.017872
-0.004215
0.004220
-0.027611
-0.020398
0.011393
-0.005472
-0.029881
-0.006301
-0.020831
0.008584
-0.006383
-0.051383
0.036332
-0.018309
-0.019424
-0.024295
0.004622
0.005523
0.000252
-0.024772
0.016296
-0.011893
-0.015381
-0.029207
-0.008667
0.009886
-0.012618
-0.025174
0.002313
-0.000634
-0.028131
-0.003845
-0.017614
-0.010750
0.010876
-0.037372
0.006057
-0.011500
-0.007978
-0.022247
-0.011690
0.008721
-0.023270
-0.026068
0.009177
-0.007332
-0.024204
0.004218
-0.034110
0.017370
-0.038420
0.010052
-0.013083
-0.013034
-0.007031
-0.015484
-0.012824
-0.008755
-0.000049
-0.033966
0.012381
-0.011045
-0.016685
-0.018424
-0.002894
-0.009746
-0.009886
-0.027600
0.004181
-0.006283
-0.016435
-0.020040
-0.017201
0.017847
-0.023738
-0.033172
0.021643
-0.023247
-0.023002
-0.007790
-0.007840
-0.011588
-0.005956
-0.024116
-0.007755
0.005212
-0.027626
-0.019732
-0.004965
0.001196
-0.014470
-0.033381
0.017990
-0.029666
-0.011038
-0.017915
-0.000416
-0.011039
-0.015442
-0.029377
0.010036
-0.007513
-0.025417
-0.019642
-0.015112
0.023354
-0.035882
-0.025740
0.004789
0.002240
-0.037920
-0.004161
-0.011891
-0.017245
-0.003999
-0.029951
0.008026
-0.016307
-0.010352
-0.029610
-0.008129
0.001399
-0.009754
-0.045155
0.019030
-0.020148
-0.010753
-0.015436
-0.021916
-0.000917
-0.013178
-0.026222
-0.012654
-0.003154
-0.014512
-0.010430
-0.032077
0.022791
-0.033443
-0.030658
0.012654
-0.011693
-0.025303
-0.017935
-0.006501
-0.004471
-0.023569
-0.024503
0.005221
0.000073
-0.039323
-0.015143
-0.015117
0.014975
-0.027804
-0.031552
0.010341
-0.021211
-0.014163
-0.024403
-0.003383
-0.011217
-0.018458
-0.015565
-0.002380
-0.028099
0.001558
-0.035148
-0.011663
0.005505
-0.019127
-0.038672
0.019340
-0.005685
-0.054152
0.021118
-0.049180
0.031420
-0.056570
0.039767
-0.127334
0.157945
-0.164282
0.049475
-0.037943
0.010150
-0.011006
-0.051819
0.019198
-0.027111
-0.004121
-0.038113
0.021938
-0.043978
-0.006689
-0.018596
-0.020040
0.001062
-0.018687
-0.025376
-0.001598
-0.012169
-0.037016
0.006359
-0.032061
0.004626
-0.031748
-0.002706
-0.031666
-0.002244
-0.021705
-0.013502
-0.021433
-0.002704
-0.026201
-0.018455
-0.012535
0.006188
-0.039504
-0.020180
0.000754
-0.014569
-0.030967
-0.014329
-0.008526
-0.012848
-0.020879
-0.024643
-0.006278
-0.009067
-0.009094
-0.039298
-0.013506
0.010020
-0.032855
-0.021824
-0.016891
0.007514
-0.030152
-0.029311
-0.020185
0.031768
-0.048181
-0.091397
0.128415
-0.080455
-0.045730
-0.028119
-0.042685
0.013827
-0.014332
-0.045027
0.021597
-0.032587
-0.041559
0.013334
-0.043150
-0.029571
0.005487
-0.034251
-0.014516
-0.017542
-0.040778
0.012955
-0.040461
-0.016001
-0.015428
-0.033158
-0.013776
-0.006112
-0.049489
-0.010233
-0.013911
-0.019620
-0.026101
-0.033958
-0.002527
-0.015756
-0.040013
-0.020116
-0.018638
-0.022102
-0.020440
-0.027852
-0.012034
-0.018176
-0.030620
-0.027541
-0.004977
-0.039327
-0.017348
-0.030725
-0.006993
-0.024473
-0.028336
-0.030030
-0.021146
-0.020559
-0.014860
-0.046033
-0.005494
-0.015632
-0.057490
0.004587
-0.042115
-0.001957
-0.077928
0.105995
-0.205065
0.125217
-0.226069
0.675459
-1.578387
1.738598
