0.004623
0.004057
0.003287
0.002442
0.001647
0.000991
0.000516
0.000219
0.000061
-0.000012
-0.000051
-0.000096
-0.000169
-0.000276
-0.000409
-0.000558
-0.000709
-0.000852
-0.000981
-0.001090
-0.001178
-0.001243
-0.001287
-0.001309
-0.001312
-0.001300
-0.001279
-0.001256
-0.001239
-0.001236
-0.001253
-0.001293
-0.001355
-0.001437
-0.001534
-0.001639
-0.001746
-0.001847
-0.001939
-0.002018
-0.002083
-0.002134
-0.002167
-0.002176
-0.002139
-0.002006
-0.001674
-0.000941
0.000560
0.003456
0.008753
0.017959
0.033160
0.056996
0.092464
0.142478
0.209197
0.293212
0.392751
0.503184
0.617072
0.724904
0.816484
0.882711
0.917308
0.918040
0.887084
0.830444
0.756616
0.674865
0.593607
0.519235
0.455596
0.404081
0.364160
0.334117
0.311751
0.294920
0.281854
0.271265
0.262321
0.254537
0.247655
0.241535
0.236087
0.231234
0.226891
0.222975
0.219403
0.216105
0.213025
0.210119
0.207357
0.204716
0.202179
0.199727
0.197346
0.195020
0.192733
0.190475
0.188239
0.186021
0.183821
0.181642
0.179487
0.177357
0.175251
0.173166
0.171095
0.169031
0.166970
0.164909
0.162851
0.160808
0.158794
0.156826
0.154922
0.153095
0.151352
0.149699
0.148133
0.146651
0.145245
0.143907
0.142621
0.141373
0.140143
0.138910
0.137658
0.136373
0.135045
0.133675
0.132268
0.130834
0.129390
0.127952
0.126540
0.125170
0.123858
0.122612
0.121431
0.120306
0.119212
0.118113
0.116963
0.115711
0.114301
0.112684
0.110823
0.108693
0.106293
0.103651
0.100824
0.097905
0.095017
0.092298
0.089886
0.087896
0.086400
0.085417
0.084907
0.084783
0.084933
0.085234
0.085577
0.085874
0.086068
0.086126
0.086038
0.085804
0.085434
0.084939
0.084335
0.083637
0.082863
0.082034
0.081168
0.080285
0.079405
0.078539
0.077699
0.076889
0.076108
0.075351
0.074609
0.073872
0.073129
0.072373
0.071601
0.070816
0.070025
0.069243
0.068486
0.067771
0.067112
0.066519
0.065994
0.065529
0.065110
0.064718
0.064331
0.063929
0.063498
0.063027
0.062511
0.061949
0.061340
0.060685
0.059986
0.059250
0.058488
0.057714
0.056948
0.056209
0.055513
0.054867
0.054270
0.053716
0.053191
0.052684
0.052183
0.051683
0.051182
0.050683
0.050191
0.049717
0.049272
0.048867
0.048518
0.048236
0.048034
0.047919
0.047891
0.047940
0.048046
0.048179
0.048295
0.048350
0.048299
0.048105
0.047749
0.047232
0.046577
0.045822
0.045020
0.044222
0.043473
0.042808
0.042242
0.041774
0.041390
0.041063
0.040765
0.040467
0.040148
0.039798
0.039415
0.039009
0.038593
0.038184
0.037795
0.037436
0.037109
0.036813
0.036543
0.036290
0.036046
0.035802
0.035550
0.035283
0.034996
0.034685
0.034350
0.033993
0.033617
0.033230
0.032838
0.032447
0.032063
0.031690
0.031334
0.031002
0.030701
0.030440
0.030226
0.030060
0.029938
0.029851
0.029786
0.029725
0.029656
0.029566
0.029451
0.029306
0.029134
0.028935
0.028713
0.028469
0.028205
0.027924
0.027628
0.027319
0.027002
0.026684
0.026375
0.026085
0.025828
0.025614
0.025451
0.025342
0.025287
0.025280
0.025311
0.025370
0.025442
0.025508
0.025550
0.025545
0.025472
0.025315
0.025063
0.024718
0.024294
0.023811
0.023298
0.022780
0.022281
0.021815
0.021391
0.021010
0.020671
0.020371
0.020107
0.019876
0.019675
0.019498
0.019340
0.019196
0.019062
0.018935
0.018815
0.018702
0.018594
0.018490
0.018386
0.018276
0.018155
0.018021
0.017874
0.017715
0.017548
0.017378
0.017210
0.017047
0.016895
0.016756
0.016632
0.016525
0.016431
0.016345
0.016259
0.016164
0.016054
0.015926
0.015782
0.015625
0.015460
0.015290
0.015117
0.014940
0.014759
0.014577
0.014396
0.014223
0.014064
0.013925
0.013809
0.013717
0.013646
0.013594
0.013553
0.013518
0.013480
0.013432
0.013366
0.013278
0.013166
0.013035
0.012890
0.012739
0.012589
0.012446
0.012312
0.012184
0.012060
0.011937
0.011815
0.011695
0.011578
0.011469
0.011372
0.011290
0.011226
0.011182
0.011158
0.011150
0.011154
0.011166
0.011177
0.011180
0.011168
0.011135
0.011076
0.010987
0.010870
0.010725
0.010560
0.010384
0.010210
0.010049
0.009911
0.009804
0.009729
0.009682
0.009660
0.009660
0.009687
0.009754
0.009886
0.010114
0.010474
0.010993
0.011687
0.012541
0.013511
0.014514
0.015445
0.016186
0.016639
0.016744
0.016498
0.015957
0.015224
0.014423
0.013671
0.013057
0.012622
0.012370
0.012268
0.012269
0.012322
0.012387
0.012437
0.012463
0.012466
0.012455
0.012444
0.012442
0.012457
0.012491
0.012541
0.012601
0.012662
0.012717
0.012759
0.012787
0.012800
0.012805
0.012806
0.012810
0.012822
0.012844
0.012877
0.012917
0.012961
0.013006
0.013048
0.013086
0.013121
0.013154
0.013185
0.013216
0.013249
0.013285
0.013324
0.013364
0.013403
0.013439
0.013472
0.013503
0.013535
0.013575
0.013627
0.013694
0.013776
0.013870
0.013966
0.014059
0.014142
0.014211
0.014267
0.014312
0.014351
0.014386
0.014420
0.014454
0.014490
0.014528
0.014569
0.014615
0.014665
0.014718
0.014774
0.014828
0.014879
0.014925
0.014967
0.015008
0.015051
0.015100
0.015156
0.015218
0.015286
0.015356
0.015430
0.015509
0.015595
0.015692
0.015802
0.015923
0.016052
0.016182
0.016304
0.016413
0.016502
0.016570
0.016620
0.016658
0.016692
0.016729
0.016778
0.016841
0.016920
0.017012
0.017112
0.017213
0.017307
0.017386
0.017446
0.017483
0.017496
0.017489
0.017463
0.017424
0.017372
0.017307
0.017223
0.017110
0.016956
0.016747
0.016474
0.016134
0.015732
0.015275
0.014771
0.014220
0.013608
0.012912
0.012105
0.011171
0.010124
0.009020
0.007952
0.007045
0.006421
0.006176
0.006347
0.006904
0.007755
0.008769
0.009809
0.010760
0.011548
0.012148
0.012573
0.012860
0.013050
0.013180
0.013269
0.013327
0.013353
0.013341
0.013288
0.013197
0.013078
0.012943
0.012812
0.012701
0.012622
0.012583
0.012579
0.012602
0.012638
0.012670
0.012686
0.012676
0.012637
0.012571
0.012484
0.012389
0.012298
0.012223
0.012173
0.012153
0.012161
0.012188
0.012223
0.012251
0.012259
0.012241
0.012195
0.012126
0.012043
0.011958
0.011882
0.011825
0.011789
0.011775
0.011777
0.011786
0.011793
0.011788
0.011766
0.011722
0.011658
0.011577
0.011485
0.011387
0.011288
0.011193
0.011105
0.011025
0.010955
0.010895
0.010846
0.010807
0.010778
0.010757
0.010746
0.010746
0.010762
0.010800
0.010866
0.010965
0.011099
0.011267
0.011462
0.011674
0.011889
0.012090
0.012259
0.012381
0.012441
0.012432
0.012356
0.012219
0.012039
0.011836
0.011635
0.011457
0.011319
0.011231
0.011193
0.011201
0.011243
0.011307
0.011382
0.011458
0.011531
0.011597
0.011657
0.011710
0.011756
0.011792
0.011818
0.011829
0.011824
0.011801
0.011761
0.011704
0.011634
0.011553
0.011467
0.011378
0.011290
0.011206
0.011126
0.011049
0.010974
0.010898
0.010818
0.010733
0.010643
0.010551
0.010462
0.010381
0.010315
0.010268
0.010243
0.010236
0.010245
0.010259
0.010272
0.010274
0.010258
0.010222
0.010168
0.010099
0.010023
0.009948
0.009881
0.009832
0.009807
0.009813
0.009854
0.009931
0.010043
0.010183
0.010342
0.010509
0.010671
0.010817
0.010938
0.011026
0.011079
0.011094
0.011073
0.011018
0.010933
0.010824
0.010696
0.010554
0.010404
0.010253
0.010107
0.009971
0.009850
0.009750
0.009674
0.009621
0.009591
0.009577
0.009572
0.009567
0.009554
0.009529
0.009491
0.009443
0.009390
0.009337
0.009289
0.009248
0.009214
0.009183
0.009154
0.009122
0.009086
0.009046
0.009003
0.008960
0.008922
0.008894
0.008876
0.008870
0.008870
0.008872
0.008867
0.008850
0.008818
0.008771
0.008713
0.008649
0.008586
0.008528
0.008477
0.008433
0.008395
0.008360
0.008327
0.008295
0.008264
0.008233
0.008202
0.008170
0.008138
0.008109
0.008082
0.008061
0.008046
0.008037
0.008034
0.008035
0.008035
0.008033
0.008026
0.008011
0.007989
0.007959
0.007923
0.007883
0.007839
0.007793
0.007748
0.007703
0.007660
0.007619
0.007582
0.007549
0.007520
0.007495
0.007473
0.007450
0.007424
0.007390
0.007349
0.007300
0.007247
0.007195
0.007150
0.007115
0.007093
0.007082
0.007082
0.007087
0.007097
0.007110
0.007127
0.007147
0.007169
0.007188
0.007197
0.007188
0.007155
0.007096
0.007015
0.006922
0.006830
0.006755
0.006709
0.006700
0.006732
0.006801
0.006900
0.007015
0.007134
0.007244
0.007333
0.007392
0.007415
0.007400
0.007347
0.007261
0.007148
0.007017
0.006879
0.006744
0.006625
0.006531
0.006466
0.006433
0.006427
0.006440
0.006462
0.006480
0.006484
0.006467
0.006426
0.006362
0.006281
0.006190
0.006099
0.006019
0.005959
0.005925
0.005919
0.005941
0.005983
0.006034
0.006083
0.006118
0.006130
0.006117
0.006079
0.006023
0.005956
0.005887
0.005822
0.005764
0.005714
0.005670
0.005630
0.005592
0.005554
0.005516
0.005480
0.005446
0.005415
0.005387
0.005362
0.005341
0.005322
0.005307
0.005296
0.005293
0.005298
0.005311
0.005332
0.005359
0.005385
0.005406
0.005415
0.005406
0.005376
0.005324
0.005255
0.005175
0.005092
0.005016
0.004955
0.004913
0.004889
0.004881
0.004881
0.004881
0.004870
0.004844
0.004799
0.004736
0.004660
0.004579
0.004499
0.004427
0.004368
0.004320
0.004277
0.004229
0.004162
0.004059
0.003905
0.003687
0.003395
0.003033
0.002614
0.002166
0.001725
0.001334
0.001033
0.000850
0.000793
0.000851
0.000993
0.001179
0.001370
0.001530
0.001640
0.001690
0.001683
0.001630
0.001541
0.001430
0.001307
0.001181
0.001060
0.000952
0.000860
0.000790
0.000740
0.000707
0.000685
0.000663
0.000633
0.000587
0.000519
0.000427
0.000314
0.000183
0.000042
-0.000102
-0.000242
-0.000374
-0.000495
-0.000604
-0.000705
-0.000798
-0.000885
-0.000966
-0.001042
-0.001109
-0.001168
-0.001219
-0.001267
-0.001318
-0.001378
-0.001453
-0.001547
-0.001659
-0.001786
-0.001919
-0.002047
-0.002157
-0.002229
-0.002239
-0.002162
-0.001964
-0.001615
-0.001091
-0.000381
0.000498
0.001500
0.002540
0.003508
0.004284
0.004762
0.004877
