-0.480200
0.082129
-0.106165
0.004263
0.043202
-0.035979
-0.026032
-0.006236
0.037417
-0.084979
0.091404
-0.072673
-0.017704
0.027586
-0.009531
-0.019785
-0.007775
-0.028051
0.024545
-0.010081
-0.041773
0.035084
-0.043950
-0.001096
0.024056
-0.053694
0.015824
-0.024469
0.017686
-0.028843
-0.006248
-0.009110
-0.007798
0.005115
-0.024788
-0.001155
-0.020369
0.004062
-0.017078
-0.002446
-0.010623
-0.012013
0.005302
-0.018924
-0.018464
0.006388
-0.021811
0.002573
-0.010300
-0.017775
-0.000315
-0.010413
-0.007626
-0.005414
-0.031826
-0.012190
0.117833
-0.190908
-0.066196
0.344280
0.146735
-1.647980
2.407525
2.192973
1.884358
0.120053
0.296259
0.426734
0.209117
0.030888
0.105641
0.244744
0.224220
0.312422
0.166808
0.111909
0.186458
0.297590
0.157879
0.117465
0.169545
0.140796
0.185467
0.111843
0.204017
0.078486
0.159128
0.187797
0.110907
0.099786
0.149009
0.181574
0.133180
0.116688
0.070757
0.180815
0.166182
0.092580
0.106381
0.107074
0.166185
0.106381
0.089784
0.117909
0.128981
0.104073
0.110697
0.085170
0.118552
0.101372
0.082763
0.114570
0.106402
0.089569
0.107071
0.082485
0.105743
0.079639
0.091560
0.094769
0.090434
0.087577
0.091819
0.096791
0.089287
0.069358
0.078666
0.099071
0.087731
0.055114
0.093162
0.075978
0.068107
0.089321
0.065613
0.069100
0.077883
0.066871
0.080737
0.064390
0.071444
0.062961
0.054619
0.097022
0.054981
0.047117
0.081384
0.058324
0.048506
0.058834
0.068785
0.056735
0.062178
0.047187
0.058555
0.057662
0.060485
0.038253
0.055535
0.063923
0.049040
0.038261
0.057033
0.069705
0.023503
0.058040
0.038914
0.074645
0.031426
0.043064
0.050644
0.040520
0.052755
0.026362
0.050214
0.054114
0.038291
0.023063
0.062805
0.039707
0.013241
0.050390
0.042580
0.045308
0.018973
0.034512
0.059924
0.036936
0.025824
0.029981
0.021580
0.075493
0.002383
0.034818
0.032275
0.042201
0.025340
0.025410
0.032913
0.039329
0.031939
0.013430
0.047039
0.023489
0.034582
0.015583
0.020616
0.050553
0.022922
0.007605
0.031624
0.050444
0.002898
0.028719
0.022511
0.029544
0.012430
0.030008
0.031700
0.017109
0.019849
0.013708
0.018834
0.041093
0.010149
0.012924
0.037382
0.027962
-0.000842
0.015347
0.035251
0.009256
0.031732
0.001193
0.048075
0.002037
0.027164
0.001780
0.023689
0.030603
0.013678
0.001304
0.037482
0.014126
0.002968
0.017147
0.026120
0.019150
0.008730
0.009128
0.030309
0.021646
0.011571
-0.007158
0.016232
0.053252
0.005780
-0.020888
0.042860
0.026298
-0.006171
0.000705
0.026059
0.027822
-0.010081
0.013216
0.019830
0.024712
0.000806
0.011245
0.010131
0.018652
0.018322
-0.012648
0.016452
0.020546
0.006576
-0.007628
0.031792
-0.003614
0.023241
-0.005801
0.028038
0.007355
0.017256
-0.016372
0.013322
0.030601
-0.006062
-0.006631
0.015913
0.019300
0.014948
-0.014006
0.013629
0.017336
0.010329
-0.002317
-0.004723
0.021616
0.026343
-0.018639
0.005101
0.017418
0.012005
-0.015815
0.025933
-0.000777
0.005429
0.006018
-0.000352
0.011118
0.000680
0.005969
0.011218
0.008827
0.007108
-0.016022
0.010238
0.024079
0.000967
-0.007781
0.019742
0.023298
-0.011517
0.007543
0.007453
0.014162
-0.006676
0.004390
0.015170
0.002925
-0.012236
0.018651
-0.011068
0.029350
-0.006784
-0.021919
0.020672
0.020677
-0.006383
-0.022069
0.026280
0.002274
0.000556
-0.013602
0.025281
0.000748
-0.007766
0.005154
0.001540
0.014574
-0.011507
-0.003554
0.011703
0.011357
-0.024509
0.019114
-0.004739
0.005874
-0.005662
-0.001415
0.011975
-0.004886
0.005035
-0.026538
0.023476
0.018247
-0.012765
-0.023584
0.018317
0.027484
-0.030792
0.000727
0.001193
0.013986
-0.008535
-0.005909
0.004996
0.017346
-0.011856
-0.011713
-0.003101
0.023950
-0.008694
-0.025847
0.023348
0.000969
-0.001183
-0.016797
0.005370
0.008173
-0.000499
-0.001183
-0.010753
0.013889
-0.006530
-0.009613
-0.011227
0.024373
-0.011583
-0.002786
0.003488
-0.000879
-0.006216
-0.007627
0.013705
-0.007727
-0.006908
-0.002653
0.004338
0.006844
-0.011024
-0.009303
0.003323
0.018104
-0.016215
-0.025174
0.026890
0.000610
-0.014945
-0.004629
0.007850
0.000098
-0.009506
-0.010237
0.001684
0.012190
-0.006334
-0.015642
-0.002431
0.021267
-0.007118
-0.025786
0.016769
0.007135
-0.012637
-0.018090
0.014689
0.002268
-0.008285
-0.014778
0.013191
0.002361
-0.008728
-0.008985
-0.025656
0.043147
-0.019431
-0.019586
-0.000137
0.022448
-0.026131
-0.003254
0.012003
-0.005026
-0.018581
0.000830
0.005187
0.001249
-0.003801
-0.019327
-0.010185
0.036725
-0.022346
-0.021578
0.008916
0.009078
-0.013201
-0.010908
0.000876
0.010118
-0.010371
-0.022806
0.021326
-0.003077
-0.008878
-0.013149
-0.000882
0.007897
-0.002760
-0.031749
0.022057
0.005437
-0.028575
0.005042
-0.000653
-0.007778
-0.002836
-0.009786
0.008088
0.000906
-0.008924
-0.008351
-0.016966
0.026233
-0.015092
-0.013947
-0.008985
0.022451
-0.019553
-0.007471
-0.005666
0.015479
-0.027879
0.001811
0.010290
-0.019089
0.004835
-0.016565
0.001248
0.012676
-0.016316
-0.016957
0.014438
0.001975
-0.017107
-0.002617
-0.011595
0.015087
-0.010116
-0.014814
0.006178
0.010217
-0.011596
-0.016973
-0.007254
0.024225
-0.015085
-0.024801
0.012121
0.007883
-0.024557
0.007139
-0.007245
-0.003215
-0.005805
-0.003700
0.003674
-0.006156
-0.014720
0.003439
-0.014519
0.009996
-0.002450
-0.030746
0.018341
0.008880
-0.028775
0.000192
-0.007922
0.013661
-0.013530
-0.013947
0.005197
0.002234
-0.018793
0.000403
-0.004066
0.011733
-0.020967
-0.016607
0.019682
-0.004589
-0.018750
-0.003101
0.007247
-0.003497
-0.020419
-0.006516
0.014046
-0.005676
-0.008650
-0.014094
-0.002838
0.011557
0.001380
-0.033100
0.013411
0.006679
-0.027331
-0.009464
0.017732
-0.012831
-0.008770
-0.011559
0.024863
-0.018095
-0.012217
0.003295
-0.018518
0.014854
-0.011375
-0.012029
-0.004032
0.021032
-0.028950
-0.005299
0.004903
-0.000759
-0.016924
-0.000485
-0.009952
0.024400
-0.025965
-0.013703
-0.003648
0.022058
-0.019668
-0.017584
0.005552
0.006507
-0.020054
-0.005356
0.008452
-0.011437
-0.009573
-0.004641
0.009084
-0.011124
-0.004507
-0.019283
0.002608
0.015761
-0.016614
-0.020117
0.004886
0.012053
-0.015806
-0.013106
0.000330
0.001921
-0.002952
-0.023626
0.012609
-0.005374
-0.005075
-0.014913
-0.003121
0.007782
-0.003522
-0.025878
0.013765
-0.003965
-0.006448
-0.011937
0.001684
-0.008253
0.001000
-0.012022
0.003082
-0.017232
0.024126
-0.037269
0.013472
-0.003369
-0.002811
-0.022933
0.012860
0.003717
-0.019665
-0.010079
0.013393
0.003244
-0.030460
0.004974
-0.000427
0.007127
-0.019284
-0.009524
-0.002483
0.020325
-0.027132
-0.013205
0.013399
0.006285
-0.024936
-0.002432
-0.005368
0.005360
-0.011920
0.001936
-0.010522
0.011728
-0.002889
-0.008220
-0.014786
0.012869
-0.001448
-0.032578
0.024334
-0.001143
-0.018029
-0.001942
0.001893
-0.003564
-0.016438
-0.013148
0.020137
-0.005373
-0.007151
-0.018151
-0.000894
0.014001
-0.009866
-0.029970
0.022277
-0.002377
-0.014422
-0.015009
0.007920
0.004107
-0.013909
-0.025401
0.024207
-0.014291
0.009140
-0.024216
-0.003009
0.008370
-0.004093
-0.022664
0.021041
-0.010351
-0.019120
0.008339
-0.012783
0.006428
-0.016639
-0.006921
0.012756
-0.006784
-0.009410
-0.006723
-0.007823
0.023070
-0.022959
-0.021696
0.016528
-0.000996
-0.007700
-0.020643
0.014057
-0.015197
0.010164
-0.028350
0.009162
-0.000387
0.005998
-0.026433
-0.001290
0.006165
-0.002574
-0.018438
0.002602
0.004426
-0.014830
0.000945
-0.012575
0.019879
-0.031693
0.006607
-0.008991
0.005909
-0.014875
-0.008914
0.003247
-0.001299
0.002620
-0.035360
0.025933
-0.008844
-0.007972
-0.020102
0.014896
-0.010317
-0.000338
-0.021702
0.013353
-0.012715
0.011232
-0.035468
0.009791
0.009014
0.001251
-0.042054
0.026631
-0.006452
-0.011661
-0.012640
0.010379
-0.005784
-0.017441
0.004641
-0.001956
-0.004143
-0.008902
-0.007050
-0.010572
0.015622
-0.015035
-0.010291
0.003517
0.009854
-0.029228
0.000353
0.007480
-0.014591
-0.000492
-0.009932
-0.003784
0.004460
-0.008938
-0.006753
-0.019956
0.028206
-0.021077
-0.016811
0.010583
0.005150
-0.021386
-0.013712
0.001262
0.003603
-0.008868
-0.018624
0.019135
-0.013492
-0.006028
-0.009295
-0.003812
0.011510
-0.021755
-0.007750
0.002846
0.001372
-0.023166
0.000952
-0.008970
0.012705
-0.019319
-0.004061
-0.002680
-0.001235
-0.006575
-0.016824
0.002135
0.013375
-0.026695
-0.016332
0.022879
-0.005958
-0.017771
-0.017207
0.008463
0.008868
-0.022248
-0.010548
0.008973
-0.001166
-0.020270
-0.000582
-0.011594
0.021108
-0.031108
-0.010459
0.014402
0.000194
-0.028966
-0.003862
0.014520
-0.017751
0.000475
-0.016306
0.009117
-0.011512
-0.006253
-0.004818
-0.022024
0.023362
-0.012141
-0.034778
0.020284
0.009247
-0.032513
0.010610
-0.031678
0.035766
-0.045045
0.035948
-0.084030
0.116418
-0.106191
0.033814
-0.026161
0.026156
-0.015492
-0.027496
0.008654
0.010835
-0.022646
-0.017173
0.022008
-0.024023
-0.006763
0.003076
-0.017360
0.012772
-0.015291
-0.021567
0.008262
0.004737
-0.021858
-0.002718
-0.003490
-0.000178
-0.007819
-0.022910
0.009279
-0.004335
-0.012397
-0.006401
-0.002983
0.000791
-0.016526
-0.002879
-0.010941
0.022636
-0.039380
0.005959
-0.015246
0.020709
-0.037037
0.001147
0.001886
-0.003974
-0.018358
-0.002178
0.000784
-0.007506
-0.000076
-0.025667
-0.002927
0.021907
-0.031074
-0.006993
-0.005869
0.007784
-0.010285
-0.030367
0.012215
0.003074
0.009541
-0.112078
0.147443
-0.089743
0.007162
-0.065664
0.026348
0.015235
-0.023020
-0.023771
0.001407
0.021242
-0.039467
0.009219
-0.033218
0.015588
-0.020302
0.001756
-0.010336
-0.014808
-0.003868
-0.010360
-0.005277
-0.013634
0.006395
-0.033070
0.011289
-0.009927
-0.013945
-0.023804
0.020232
-0.012639
-0.018656
-0.013492
0.003011
-0.007107
-0.013011
-0.013585
-0.017003
0.009827
-0.017323
-0.016162
-0.000178
-0.001623
-0.024040
-0.013821
0.000385
-0.006877
-0.019115
-0.007245
0.001242
-0.021869
-0.002404
-0.010301
-0.011977
-0.018457
0.006773
-0.027611
-0.000592
-0.003241
-0.026545
0.004206
-0.021168
0.004105
-0.057434
0.081904
-0.121256
0.075652
-0.141100
0.445513
-1.016737
1.136861
