-0.359895
0.064381
-0.069634
-0.002637
0.044340
-0.018555
-0.014998
-0.002093
0.041079
-0.076305
0.096252
-0.069041
0.001916
0.017844
0.006098
-0.012473
-0.009805
0.003450
0.007585
-0.000884
-0.031122
0.046289
-0.036707
-0.001499
0.027024
-0.017336
-0.007073
0.005234
-0.000565
-0.004615
0.000791
-0.000022
-0.008596
0.005931
-0.007064
0.002888
-0.008102
0.011258
-0.007958
-0.008136
0.004433
-0.002694
0.005763
-0.011280
-0.000297
0.006873
-0.007100
-0.005867
0.004756
-0.014572
0.020761
-0.016349
0.000652
0.006706
-0.026379
0.014895
0.072834
-0.169275
0.017320
0.358612
-0.259877
-0.920447
2.347967
1.321370
0.780615
0.509532
0.552135
0.390321
0.142263
0.116009
0.152615
0.183574
0.086636
0.344849
0.017782
0.048615
0.212138
0.206526
0.067273
0.083698
0.159126
0.078900
0.124624
0.096019
0.149395
0.040871
0.131335
0.149544
0.056075
0.081540
0.127809
0.134576
0.068145
0.081832
0.086732
0.113637
0.121347
0.049742
0.097182
0.075410
0.121260
0.069650
0.078680
0.086891
0.098449
0.067680
0.077862
0.087707
0.083915
0.070750
0.091730
0.074809
0.062661
0.080236
0.089677
0.058626
0.064880
0.078314
0.070734
0.072036
0.055055
0.082452
0.043798
0.096613
0.047657
0.065779
0.039398
0.089050
0.056326
0.055526
0.061715
0.060391
0.063752
0.055114
0.053488
0.053287
0.072327
0.031772
0.064002
0.057604
0.046912
0.047909
0.054141
0.066533
0.045487
0.027308
0.080311
0.032497
0.048667
0.051409
0.046406
0.041452
0.058685
0.028541
0.057517
0.031972
0.044371
0.042532
0.038998
0.058163
0.030561
0.045150
0.044477
0.040905
0.029243
0.050526
0.031335
0.046454
0.029196
0.040249
0.041940
0.032636
0.036637
0.024537
0.043659
0.043420
0.019267
0.033980
0.049429
0.021671
0.037343
0.021325
0.043444
0.042089
0.014871
0.033008
0.044172
0.014671
0.039727
0.022417
0.037796
0.038689
0.009189
0.031443
0.051150
0.018701
0.008207
0.032099
0.038171
0.017220
0.022522
0.018787
0.041379
0.027815
0.026626
0.005003
0.030416
0.040052
0.006375
0.024117
0.042512
0.015275
0.006488
0.030219
0.030412
0.016030
0.021084
0.020320
0.034223
0.018576
0.008535
0.012089
0.051410
0.010524
0.009357
0.016822
0.050898
0.009333
-0.002751
0.026416
0.041282
-0.003428
0.014205
0.027867
0.020543
0.015109
0.014387
0.012379
0.023166
0.025221
0.000619
0.015321
0.030176
0.014799
0.005189
0.018179
0.027816
0.003959
0.025660
0.001409
0.027313
0.012561
0.007871
0.013509
0.017330
0.025803
-0.000231
0.011365
0.027613
0.013719
-0.004070
0.022629
0.030907
-0.007434
0.020051
0.000016
0.034423
0.009691
0.005983
-0.003666
0.037043
0.008846
0.007227
0.001937
0.025194
0.010016
-0.002637
0.022064
0.011635
0.013231
-0.005792
0.027669
0.012063
0.006418
0.009189
0.006541
0.010696
0.024329
-0.009701
0.007519
0.029805
-0.005408
0.007702
0.005822
0.017604
0.007705
-0.007868
0.026938
0.011303
-0.001639
0.013382
-0.000212
0.022222
0.000960
0.003414
0.012277
0.017416
0.002526
0.003800
0.010460
0.012517
0.016783
-0.014988
0.019258
0.010032
0.010625
0.008122
-0.005500
0.017906
0.013431
-0.001374
-0.004661
0.033302
-0.010079
0.009691
0.008204
-0.004267
0.016719
0.010054
0.004534
0.004277
-0.000161
0.005825
0.005987
0.006338
0.011287
0.000760
0.001219
0.024212
-0.010001
-0.008446
0.028034
0.011027
-0.004203
-0.000897
0.005961
0.017528
-0.003831
-0.001756
0.008255
0.003318
0.023352
-0.019720
0.009158
0.020258
0.001234
-0.012970
0.013439
0.001989
0.011061
0.004750
-0.010084
0.028148
-0.015696
0.011417
-0.003173
0.011194
0.003526
-0.005579
0.007113
0.015862
-0.000035
-0.015041
0.022910
-0.001761
0.003968
-0.003726
0.012868
-0.002645
0.009157
-0.001625
-0.001392
0.008419
0.006157
-0.000729
-0.012501
0.026818
-0.013971
0.011687
-0.003762
0.007179
0.003622
-0.001366
-0.000137
0.006580
0.006478
-0.006320
0.011741
-0.011488
0.021490
-0.011476
0.003097
0.013163
-0.006951
-0.000177
0.008690
0.008126
-0.007865
0.004950
0.004307
-0.002021
0.008425
0.001452
-0.007479
0.006348
0.011576
-0.011613
-0.000696
0.013204
0.002551
-0.008233
0.009452
-0.001336
0.008819
-0.008506
-0.006227
0.016577
0.005245
-0.004502
-0.012850
0.013942
0.006147
-0.000189
-0.006601
0.024279
-0.015490
-0.000868
-0.000131
0.024072
-0.014519
-0.005617
0.009974
-0.002538
0.012038
-0.011461
0.001414
0.016122
-0.003079
-0.006948
-0.000478
0.008668
0.007043
-0.015418
0.007906
-0.000877
0.007484
-0.012359
0.014838
0.003310
-0.005416
0.001166
-0.002542
-0.004859
0.024835
-0.019542
-0.002929
0.007529
0.009064
-0.018383
0.013460
-0.008487
0.012500
-0.012412
0.002672
0.003610
0.012551
-0.013153
-0.001631
-0.002929
0.020683
-0.017161
-0.001621
0.007188
0.003705
-0.012210
0.010506
-0.009437
0.010673
-0.012193
0.011770
-0.009712
0.015823
-0.008468
-0.000841
-0.013883
0.026970
-0.013657
-0.005512
0.013443
-0.005728
-0.013546
0.013478
-0.004321
0.005191
-0.008494
0.010073
-0.012907
0.017154
-0.011282
-0.006130
0.005574
0.013645
-0.020673
0.004724
0.017183
-0.016658
-0.004357
0.007644
0.009528
-0.018659
0.009262
-0.010322
0.019691
-0.016615
0.000431
-0.000577
0.003626
0.006714
-0.012857
0.000958
0.014013
-0.006843
-0.010933
0.004926
-0.001697
0.005612
-0.000972
-0.005959
0.010635
-0.004281
-0.007864
-0.004802
0.005890
0.009738
-0.011865
-0.003541
0.013082
-0.002318
-0.012422
0.008879
-0.003278
0.001436
-0.013828
0.014052
-0.004209
-0.004021
0.009188
-0.018226
0.008569
0.007515
-0.009318
-0.009048
0.015766
-0.004053
-0.005461
0.014964
0.011684
-0.010504
-0.000378
0.007470
0.002098
-0.006291
-0.000849
-0.001533
0.003982
0.009398
-0.009013
-0.013794
0.027431
-0.004942
-0.012246
0.006411
-0.001068
0.010690
-0.016120
0.015540
-0.006660
0.003496
-0.007557
0.001156
0.009024
0.004742
-0.016079
-0.004807
0.022229
-0.012777
0.001473
-0.002234
0.002377
0.004483
-0.001150
-0.013875
0.017543
-0.007998
0.004180
-0.017817
0.009891
0.019451
-0.021993
-0.002472
0.013403
-0.006703
0.002939
0.001118
-0.002195
-0.010298
0.011474
-0.005693
0.008041
-0.011227
0.016074
-0.028087
0.024678
-0.000432
-0.015950
0.002215
0.012193
-0.000970
-0.019116
0.014419
0.006468
-0.009659
-0.004633
-0.003659
0.016316
-0.012327
0.002485
-0.004070
0.001747
0.017837
-0.015534
-0.004355
0.001366
0.007674
-0.011330
0.020803
0.004995
0.018699
0.002845
-0.016049
0.007159
-0.009049
0.012565
-0.013462
0.008893
0.009465
-0.006931
-0.000776
0.008513
0.008825
-0.010514
0.012207
-0.012510
0.009363
0.001669
-0.004355
0.011313
-0.014877
0.011312
-0.009970
0.010031
0.002095
-0.005941
-0.006174
0.019684
-0.009690
-0.007509
0.010816
0.003774
-0.001263
-0.009198
0.020899
-0.015688
0.017637
-0.021443
0.016029
-0.003216
0.017742
-0.007568
-0.013160
0.023757
-0.009546
-0.004261
-0.001748
0.017636
-0.013815
0.015139
-0.016000
0.008585
0.010610
-0.004474
-0.004467
0.010171
0.012548
-0.014763
0.001339
0.012501
0.001571
-0.019843
0.019976
0.006097
-0.015544
0.001095
0.002133
0.014073
-0.003645
-0.006898
0.005766
-0.003031
0.016807
-0.012601
-0.007519
0.024076
-0.017781
0.002377
-0.002558
0.014055
-0.006066
-0.007295
0.004278
0.012677
-0.007999
0.001618
-0.007129
0.011515
0.002624
-0.001504
-0.009173
0.012262
-0.001885
-0.012942
0.016704
-0.004210
-0.006301
0.011825
-0.012114
0.008418
0.006950
-0.008021
0.000418
-0.003406
0.015501
-0.009806
-0.013683
0.023767
-0.008623
0.000230
0.006926
-0.001535
-0.002517
-0.006316
0.010095
-0.001014
0.001172
0.006148
-0.016486
0.012232
0.003895
-0.009294
-0.001981
0.016487
-0.004828
-0.009579
0.005845
0.002172
0.007910
-0.011577
0.001795
0.010502
0.003923
-0.003730
-0.005322
-0.005228
0.018518
-0.012208
0.000075
0.007104
0.003377
-0.010249
0.007017
0.001803
-0.009012
0.006190
0.000708
-0.005148
0.014660
-0.007566
-0.010873
0.012170
0.004717
-0.008334
-0.006648
0.019098
-0.008764
-0.004430
-0.006143
0.017906
-0.003723
-0.012838
0.006649
0.008779
-0.006822
0.000382
-0.001238
-0.003856
0.018358
-0.017759
-0.001346
0.022655
-0.013105
-0.008453
0.004642
0.015798
-0.015587
-0.005316
0.000035
0.022880
-0.022318
0.008167
-0.007662
0.004027
0.007405
-0.003327
-0.013428
0.019267
0.001400
-0.016186
0.010462
-0.004337
0.009121
-0.017331
0.007606
-0.001444
0.011795
-0.006809
-0.004653
-0.004263
0.024673
-0.023880
-0.005322
0.025765
-0.002526
-0.022275
0.011366
-0.000317
0.001687
-0.000649
-0.003444
0.002159
0.003968
-0.008967
0.009971
-0.015002
0.026347
-0.028767
0.007667
0.014296
-0.012249
-0.002424
0.002830
0.001518
0.001402
0.000498
-0.010900
0.012205
-0.010947
0.014794
-0.011855
-0.004395
0.019854
-0.018305
-0.001741
0.017265
-0.003110
-0.016555
0.020245
-0.016291
0.010206
-0.009929
0.023693
-0.049196
0.064077
-0.053727
0.024011
-0.006073
0.007890
-0.005150
-0.010328
0.013967
-0.003337
-0.004483
-0.000171
0.012762
-0.015020
-0.006335
0.011742
-0.004800
0.010804
-0.012851
-0.007734
0.015313
0.001930
-0.016325
0.002519
0.008189
-0.001502
-0.000563
0.003910
0.002706
-0.006863
0.000636
-0.000062
0.002473
0.006044
-0.001448
-0.008144
0.007623
0.009349
-0.020519
0.004267
0.013364
-0.000952
-0.015822
0.006334
0.007371
-0.010506
0.007419
-0.011119
0.013541
-0.004301
0.006555
-0.025912
0.026511
-0.004773
-0.011458
0.011364
-0.000900
0.004475
-0.006095
-0.011593
0.014535
0.015682
-0.008459
-0.059918
0.123506
-0.089522
0.010402
-0.022767
0.024640
-0.000735
-0.015313
-0.001413
0.017599
-0.013029
-0.010761
0.023930
-0.026732
0.001778
0.005432
-0.002517
0.000988
-0.004763
0.002326
-0.013797
0.007239
0.001940
0.007200
-0.021138
0.027030
-0.007471
-0.009144
0.007790
-0.000652
0.001776
-0.021051
0.015945
-0.001520
-0.002597
-0.010563
0.006733
-0.007646
0.006099
-0.009809
-0.004816
0.007931
-0.002621
-0.013381
-0.008738
0.023983
-0.021192
0.008532
-0.023542
0.015742
-0.005933
0.001048
-0.012845
0.000878
0.002135
-0.003325
-0.013442
0.005902
0.000660
-0.015069
0.013064
-0.022070
0.016951
-0.039346
0.069860
-0.095243
0.070988
-0.109073
0.338268
-0.756058
0.863797
