0.002756
0.002425
0.001943
0.001396
0.000864
0.000412
0.000072
-0.000152
-0.000278
-0.000335
-0.000352
-0.000354
-0.000354
-0.000357
-0.000363
-0.000370
-0.000374
-0.000375
-0.000375
-0.000377
-0.000385
-0.000401
-0.000427
-0.000463
-0.000507
-0.000556
-0.000608
-0.000658
-0.000704
-0.000742
-0.000770
-0.000786
-0.000791
-0.000785
-0.000772
-0.000754
-0.000735
-0.000720
-0.000711
-0.000712
-0.000722
-0.000738
-0.000754
-0.000759
-0.000733
-0.000641
-0.000415
0.000069
0.001026
0.002813
0.005986
0.011349
0.019979
0.033189
0.052404
0.078927
0.113610
0.156476
0.206386
0.260870
0.316219
0.367885
0.411148
0.441915
0.457463
0.456923
0.441396
0.413655
0.377555
0.337297
0.296744
0.258922
0.225792
0.198264
0.176387
0.159629
0.147155
0.138049
0.131461
0.126681
0.123157
0.120482
0.118365
0.116602
0.115056
0.113630
0.112261
0.110909
0.109552
0.108181
0.106792
0.105391
0.103984
0.102579
0.101184
0.099808
0.098456
0.097135
0.095848
0.094597
0.093381
0.092194
0.091033
0.089888
0.088754
0.087624
0.086495
0.085364
0.084230
0.083095
0.081960
0.080830
0.079710
0.078607
0.077527
0.076480
0.075470
0.074501
0.073571
0.072675
0.071802
0.070941
0.070080
0.069207
0.068313
0.067393
0.066448
0.065480
0.064497
0.063509
0.062527
0.061562
0.060625
0.059724
0.058861
0.058037
0.057251
0.056498
0.055774
0.055074
0.054394
0.053729
0.053077
0.052432
0.051791
0.051152
0.050512
0.049875
0.049245
0.048628
0.048032
0.047460
0.046916
0.046400
0.045906
0.045428
0.044956
0.044479
0.043990
0.043478
0.042940
0.042373
0.041779
0.041164
0.040538
0.039913
0.039297
0.038702
0.038132
0.037592
0.037081
0.036597
0.036136
0.035695
0.035270
0.034860
0.034461
0.034073
0.033696
0.033326
0.032965
0.032611
0.032260
0.031912
0.031563
0.031210
0.030852
0.030488
0.030117
0.029741
0.029360
0.028978
0.028596
0.028218
0.027845
0.027480
0.027125
0.026779
0.026444
0.026117
0.025799
0.025487
0.025180
0.024874
0.024568
0.024260
0.023947
0.023628
0.023303
0.022970
0.022631
0.022286
0.021936
0.021582
0.021228
0.020876
0.020531
0.020199
0.019885
0.019593
0.019327
0.019088
0.018873
0.018680
0.018503
0.018339
0.018186
0.018041
0.017906
0.017779
0.017660
0.017546
0.017433
0.017315
0.017185
0.017039
0.016873
0.016687
0.016483
0.016264
0.016035
0.015803
0.015574
0.015355
0.015155
0.014979
0.014834
0.014724
0.014652
0.014617
0.014616
0.014639
0.014674
0.014705
0.014712
0.014679
0.014592
0.014445
0.014239
0.013985
0.013697
0.013394
0.013093
0.012806
0.012543
0.012306
0.012097
0.011913
0.011751
0.011609
0.011483
0.011370
0.011264
0.011159
0.011049
0.010927
0.010788
0.010628
0.010450
0.010258
0.010057
0.009858
0.009670
0.009499
0.009351
0.009224
0.009115
0.009016
0.008921
0.008824
0.008721
0.008614
0.008507
0.008406
0.008317
0.008245
0.008191
0.008153
0.008126
0.008101
0.008067
0.008013
0.007929
0.007810
0.007655
0.007468
0.007262
0.007051
0.006854
0.006690
0.006576
0.006526
0.006547
0.006643
0.006807
0.007028
0.007286
0.007556
0.007808
0.008013
0.008145
0.008185
0.008128
0.007978
0.007753
0.007475
0.007173
0.006870
0.006587
0.006335
0.006119
0.005939
0.005791
0.005671
0.005573
0.005497
0.005439
0.005397
0.005370
0.005353
0.005339
0.005322
0.005294
0.005250
0.005186
0.005099
0.004992
0.004867
0.004730
0.004588
0.004444
0.004305
0.004174
0.004054
0.003947
0.003854
0.003776
0.003715
0.003670
0.003640
0.003621
0.003610
0.003599
0.003585
0.003565
0.003536
0.003500
0.003456
0.003405
0.003347
0.003280
0.003203
0.003115
0.003018
0.002916
0.002815
0.002722
0.002644
0.002586
0.002551
0.002537
0.002542
0.002558
0.002579
0.002598
0.002610
0.002614
0.002610
0.002599
0.002582
0.002560
0.002533
0.002501
0.002462
0.002418
0.002370
0.002320
0.002270
0.002222
0.002173
0.002124
0.002073
0.002019
0.001965
0.001915
0.001871
0.001840
0.001824
0.001823
0.001837
0.001863
0.001895
0.001928
0.001956
0.001973
0.001975
0.001960
0.001928
0.001883
0.001830
0.001773
0.001717
0.001667
0.001623
0.001588
0.001559
0.001538
0.001524
0.001516
0.001513
0.001511
0.001508
0.001500
0.001483
0.001456
0.001418
0.001370
0.001316
0.001260
0.001205
0.001157
0.001116
0.001086
0.001067
0.001058
0.001056
0.001062
0.001071
0.001084
0.001097
0.001110
0.001120
0.001126
0.001124
0.001111
0.001086
0.001048
0.000998
0.000941
0.000879
0.000819
0.000763
0.000716
0.000677
0.000648
0.000628
0.000615
0.000609
0.000608
0.000610
0.000612
0.000613
0.000611
0.000606
0.000599
0.000591
0.000584
0.000578
0.000575
0.000573
0.000570
0.000563
0.000550
0.000531
0.000506
0.000474
0.000439
0.000400
0.000360
0.000320
0.000281
0.000245
0.000215
0.000192
0.000178
0.000173
0.000178
0.000190
0.000206
0.000223
0.000241
0.000256
0.000266
0.000272
0.000272
0.000267
0.000258
0.000248
0.000243
0.000247
0.000265
0.000303
0.000362
0.000443
0.000544
0.000659
0.000781
0.000898
0.001000
0.001077
0.001120
0.001128
0.001101
0.001045
0.000969
0.000882
0.000795
0.000714
0.000644
0.000587
0.000545
0.000517
0.000500
0.000490
0.000484
0.000479
0.000472
0.000462
0.000447
0.000430
0.000413
0.000398
0.000387
0.000380
0.000378
0.000381
0.000388
0.000397
0.000406
0.000412
0.000413
0.000406
0.000389
0.000362
0.000326
0.000287
0.000250
0.000218
0.000197
0.000188
0.000190
0.000202
0.000222
0.000248
0.000278
0.000310
0.000344
0.000377
0.000410
0.000439
0.000463
0.000480
0.000489
0.000488
0.000477
0.000457
0.000427
0.000391
0.000353
0.000316
0.000285
0.000265
0.000257
0.000265
0.000286
0.000321
0.000364
0.000413
0.000462
0.000509
0.000550
0.000582
0.000607
0.000626
0.000642
0.000658
0.000676
0.000699
0.000728
0.000762
0.000800
0.000840
0.000880
0.000915
0.000942
0.000961
0.000967
0.000962
0.000944
0.000917
0.000884
0.000849
0.000818
0.000794
0.000780
0.000776
0.000779
0.000785
0.000790
0.000790
0.000783
0.000770
0.000753
0.000736
0.000721
0.000713
0.000713
0.000721
0.000736
0.000756
0.000776
0.000793
0.000807
0.000815
0.000818
0.000818
0.000817
0.000817
0.000819
0.000824
0.000832
0.000843
0.000855
0.000869
0.000881
0.000892
0.000898
0.000899
0.000893
0.000884
0.000871
0.000861
0.000857
0.000866
0.000892
0.000938
0.001007
0.001095
0.001198
0.001308
0.001415
0.001506
0.001571
0.001603
0.001598
0.001559
0.001493
0.001410
0.001324
0.001245
0.001182
0.001143
0.001128
0.001138
0.001168
0.001216
0.001277
0.001346
0.001420
0.001495
0.001566
0.001626
0.001672
0.001698
0.001704
0.001690
0.001660
0.001618
0.001569
0.001518
0.001469
0.001423
0.001381
0.001342
0.001305
0.001269
0.001233
0.001196
0.001160
0.001124
0.001093
0.001067
0.001050
0.001044
0.001048
0.001061
0.001081
0.001104
0.001129
0.001151
0.001171
0.001189
0.001204
0.001218
0.001232
0.001246
0.001263
0.001282
0.001302
0.001325
0.001350
0.001377
0.001406
0.001440
0.001477
0.001519
0.001564
0.001606
0.001642
0.001666
0.001674
0.001663
0.001634
0.001591
0.001539
0.001482
0.001425
0.001374
0.001330
0.001298
0.001278
0.001271
0.001278
0.001298
0.001330
0.001371
0.001419
0.001472
0.001527
0.001583
0.001636
0.001683
0.001721
0.001746
0.001757
0.001754
0.001736
0.001709
0.001674
0.001638
0.001601
0.001567
0.001535
0.001504
0.001476
0.001447
0.001419
0.001391
0.001366
0.001344
0.001329
0.001321
0.001322
0.001334
0.001354
0.001382
0.001416
0.001451
0.001485
0.001516
0.001542
0.001563
0.001577
0.001584
0.001585
0.001580
0.001569
0.001555
0.001538
0.001522
0.001506
0.001493
0.001483
0.001478
0.001477
0.001483
0.001496
0.001515
0.001539
0.001565
0.001590
0.001610
0.001623
0.001626
0.001619
0.001602
0.001576
0.001541
0.001501
0.001458
0.001417
0.001381
0.001353
0.001335
0.001327
0.001326
0.001330
0.001337
0.001343
0.001348
0.001349
0.001349
0.001349
0.001348
0.001348
0.001349
0.001350
0.001351
0.001350
0.001349
0.001346
0.001343
0.001339
0.001335
0.001332
0.001329
0.001326
0.001323
0.001321
0.001318
0.001315
0.001312
0.001307
0.001302
0.001297
0.001290
0.001284
0.001277
0.001272
0.001269
0.001269
0.001271
0.001277
0.001285
0.001294
0.001304
0.001312
0.001317
0.001319
0.001316
0.001310
0.001300
0.001288
0.001272
0.001253
0.001232
0.001209
0.001186
0.001164
0.001144
0.001128
0.001116
0.001109
0.001108
0.001112
0.001122
0.001135
0.001150
0.001164
0.001176
0.001183
0.001187
0.001188
0.001189
0.001195
0.001208
0.001229
0.001257
0.001289
0.001320
0.001347
0.001365
0.001373
0.001370
0.001354
0.001328
0.001292
0.001248
0.001196
0.001142
0.001087
0.001036
0.000993
0.000961
0.000942
0.000935
0.000939
0.000952
0.000970
0.000991
0.001013
0.001034
0.001052
0.001068
0.001080
0.001087
0.001090
0.001088
0.001082
0.001072
0.001061
0.001050
0.001039
0.001031
0.001024
0.001017
0.001009
0.000997
0.000981
0.000959
0.000931
0.000900
0.000868
0.000836
0.000809
0.000786
0.000770
0.000760
0.000755
0.000754
0.000754
0.000755
0.000754
0.000749
0.000739
0.000719
0.000685
0.000632
0.000554
0.000446
0.000307
0.000136
-0.000059
-0.000267
-0.000470
-0.000650
-0.000792
-0.000884
-0.000925
-0.000922
-0.000887
-0.000838
-0.000788
-0.000750
-0.000728
-0.000722
-0.000731
-0.000747
-0.000768
-0.000788
-0.000805
-0.000816
-0.000821
-0.000819
-0.000807
-0.000789
-0.000764
-0.000738
-0.000714
-0.000696
-0.000689
-0.000696
-0.000717
-0.000751
-0.000796
-0.000849
-0.000906
-0.000966
-0.001026
-0.001086
-0.001144
-0.001202
-0.001259
-0.001314
-0.001367
-0.001416
-0.001461
-0.001499
-0.001531
-0.001557
-0.001577
-0.001594
-0.001609
-0.001627
-0.001650
-0.001681
-0.001722
-0.001772
-0.001829
-0.001886
-0.001931
-0.001950
-0.001920
-0.001818
-0.001619
-0.001301
-0.000851
-0.000277
0.000395
0.001108
0.001790
0.002357
0.002733
0.002869
