-0.294428
0.054889
-0.064963
-0.002036
0.040034
-0.014299
-0.021591
0.005083
0.026356
-0.045939
0.061464
-0.045204
-0.006050
0.023235
-0.003901
-0.012643
0.005456
-0.011363
0.019199
-0.006305
-0.030851
0.042581
-0.023968
-0.001521
0.005960
-0.004846
-0.003701
0.004277
-0.009104
0.012754
-0.010616
-0.003539
0.005764
-0.012364
0.020324
-0.017453
-0.001048
0.007500
-0.007014
0.000164
-0.004320
0.002287
0.003455
-0.008523
-0.004324
0.018623
-0.028993
0.016740
-0.003259
-0.005890
0.006228
-0.011386
0.007268
0.003415
-0.031399
0.007507
0.097974
-0.167199
-0.006330
0.300793
-0.055120
-1.075979
2.304551
1.242792
0.655404
0.237315
0.360772
0.389261
0.110128
0.040944
0.098219
0.184403
0.116418
0.175671
0.059291
0.111323
0.098939
0.185351
0.064619
0.062438
0.131553
0.069756
0.103685
0.061527
0.147215
0.045289
0.074045
0.146817
0.038865
0.072853
0.102571
0.113741
0.055700
0.075044
0.054635
0.102302
0.099307
0.028273
0.083621
0.068314
0.102660
0.049202
0.070235
0.042332
0.096029
0.056962
0.054760
0.067484
0.065288
0.054971
0.052356
0.087668
0.032767
0.063699
0.067638
0.060329
0.044538
0.050442
0.051726
0.074545
0.041704
0.046497
0.053448
0.057019
0.043911
0.045174
0.050173
0.066502
0.021881
0.057138
0.055165
0.022112
0.062212
0.048985
0.039348
0.035444
0.046411
0.034587
0.065330
0.017400
0.050095
0.034122
0.052882
0.043074
0.021624
0.041144
0.060463
0.025152
0.025560
0.046117
0.042912
0.011385
0.052554
0.020021
0.047000
0.019316
0.041123
0.031622
0.023683
0.052925
0.001810
0.036168
0.043531
0.018895
0.031631
0.023115
0.033781
0.025598
0.021814
0.031277
0.032722
0.026529
0.031439
0.008571
0.027924
0.063962
-0.006385
0.026719
0.046924
0.015964
0.010946
0.031775
0.034645
0.020393
0.011589
0.024401
0.039251
0.007599
0.023911
0.021824
0.027452
0.018365
0.020707
0.008583
0.030873
0.031377
-0.002476
0.027754
0.021534
0.022676
0.012717
0.012974
0.032867
0.020002
0.015795
0.016251
0.001214
0.052840
-0.009176
0.012021
0.035675
0.010016
0.003610
0.029354
0.015699
0.021459
0.000794
0.008703
0.048541
0.007250
-0.006365
0.019109
0.020414
0.031595
-0.005058
-0.005048
0.048725
0.004037
0.013040
0.001548
0.023299
0.011400
0.020021
-0.004453
0.023163
0.006720
0.014276
-0.002135
0.028575
0.009269
-0.002920
0.015253
0.026799
0.018432
-0.024850
0.033807
0.011364
0.017632
-0.003475
0.012851
0.009735
0.016763
0.007730
0.005390
0.006785
0.025356
0.005337
-0.005397
0.024909
0.006757
-0.000883
0.013703
0.010554
0.005441
0.003378
0.006554
0.020619
0.011024
-0.011499
0.010151
0.014463
0.020745
-0.005236
-0.014464
0.047590
-0.009328
0.001378
0.009618
0.007618
0.018941
-0.005725
0.002403
0.017048
0.007652
0.001037
0.009255
-0.005501
0.022331
-0.012532
0.016640
0.009445
-0.002719
-0.005577
0.031097
-0.005100
-0.002129
0.009001
0.003384
0.023435
-0.015721
0.001405
0.011986
0.013236
0.004727
-0.007431
-0.007180
0.028866
0.020885
-0.034018
0.016155
0.011298
0.012877
-0.006271
0.000044
0.009237
0.002643
0.008509
-0.003402
-0.004130
0.035056
-0.016886
-0.007639
0.011303
0.015662
-0.016043
0.020425
-0.012964
0.019663
-0.012088
0.020022
-0.007506
-0.005214
0.004116
0.013536
-0.000452
0.017893
-0.039137
0.019348
0.031785
-0.025069
0.002091
-0.007418
0.033058
-0.011900
0.006462
-0.019824
0.017890
0.014791
-0.005582
-0.009368
0.004031
0.028233
-0.019117
0.000335
0.015312
0.002495
-0.013470
0.017928
-0.015174
0.015253
-0.007929
0.005118
0.011241
-0.007628
0.001057
-0.004708
0.006233
0.011097
-0.010724
0.001442
0.010429
0.004946
-0.013095
0.004322
-0.001412
0.014115
0.000704
-0.014954
0.008518
0.012520
-0.017855
0.013558
-0.009519
0.022761
-0.017601
-0.001617
0.017574
-0.009915
0.000164
0.010051
-0.013901
0.010048
-0.000071
-0.000873
0.009047
-0.010062
0.011392
-0.017778
0.011579
0.008643
-0.012952
-0.012222
0.026612
-0.002920
-0.015768
0.009412
0.009451
-0.007836
-0.008548
0.012022
-0.000886
0.000221
0.004392
0.002541
-0.000488
0.016296
-0.020268
0.006446
0.016599
-0.002269
-0.006544
0.011174
0.005091
-0.004480
-0.003290
0.006055
-0.000516
0.010070
-0.014197
0.006930
-0.009963
0.024124
-0.013733
-0.015765
0.030962
0.002008
-0.008816
-0.002604
-0.005257
0.010807
-0.008611
-0.000892
0.005736
0.010059
-0.013840
-0.008303
0.021069
0.001497
-0.011321
-0.009296
0.019366
-0.002847
-0.014548
0.000233
0.022840
-0.017632
0.002640
-0.007344
0.011600
-0.005466
0.004597
0.000829
-0.008547
0.017283
-0.018745
-0.004826
0.025122
-0.013123
-0.002926
-0.002907
0.010868
-0.006081
0.000358
-0.003495
0.002999
-0.008094
0.011600
-0.003366
-0.015553
0.036998
-0.035091
0.007821
0.008426
0.003670
-0.013402
0.005364
-0.004826
0.007700
-0.009513
0.012143
-0.011165
0.000729
0.005965
-0.004109
0.001989
-0.002785
-0.003619
-0.005403
0.022220
-0.012471
-0.013589
0.014238
0.006881
-0.019869
0.003485
-0.004797
0.015128
-0.010588
0.005802
-0.009642
0.006632
0.015348
-0.037150
0.018427
0.014798
-0.009627
-0.024008
0.016334
-0.000395
0.008730
-0.013351
-0.004042
0.027106
-0.025725
0.009318
-0.011344
0.014927
-0.000526
-0.016183
-0.002930
0.030147
-0.014302
-0.011516
0.004725
0.006350
-0.006524
0.003418
-0.009675
0.005246
0.007803
-0.015546
0.008905
-0.001796
0.008652
-0.009766
-0.016748
0.024997
-0.006161
-0.003732
-0.008972
0.004771
0.002509
-0.003728
-0.004462
0.006197
0.010298
-0.009181
-0.018814
0.009039
0.013842
-0.007086
-0.008198
0.010643
-0.004839
0.000079
-0.025074
0.032029
-0.008397
-0.003439
-0.002091
-0.003405
0.012159
-0.009044
-0.013954
0.011251
0.011515
-0.011219
-0.008027
0.009528
-0.004737
-0.004369
0.002752
0.003486
-0.006808
0.006822
-0.018303
0.026497
-0.013239
0.002152
-0.011336
0.001656
0.019748
-0.026438
-0.000405
0.020488
-0.004504
-0.023431
0.012337
0.004908
0.001804
-0.003499
-0.013141
0.012764
-0.000047
-0.004871
-0.009365
-0.000025
0.026820
-0.025121
-0.008236
0.012106
0.002509
-0.012869
0.006176
0.004848
-0.005731
-0.004621
0.008647
-0.000864
-0.003918
0.008009
-0.018502
0.006621
0.007933
-0.000473
-0.022380
0.026745
-0.018941
-0.002479
0.007814
-0.003061
0.004273
-0.006261
-0.000876
-0.005610
0.020656
-0.006700
-0.010795
-0.005197
0.015869
-0.009105
-0.016309
0.026910
-0.015702
-0.004591
-0.000009
0.009134
-0.001516
-0.009938
0.000191
0.012204
0.001273
-0.014065
-0.002099
0.008143
-0.001162
-0.001326
-0.009829
0.018568
-0.009318
-0.006319
0.004919
-0.008713
0.009550
-0.008794
0.006227
0.000872
-0.008678
0.012525
-0.022265
0.020764
-0.005103
-0.009160
-0.007429
0.025938
-0.020281
-0.001148
0.001744
0.005800
-0.001111
-0.008746
0.004651
0.004718
-0.011296
0.003275
-0.003769
-0.001588
0.023131
-0.023677
-0.003982
0.018575
-0.005216
-0.007354
0.001488
0.000453
-0.003098
0.003105
-0.011407
0.015390
-0.011023
0.009925
-0.018761
0.016573
-0.000211
-0.016920
0.003599
0.020019
-0.013592
-0.009918
0.003063
0.016334
-0.016167
-0.006169
0.005679
0.016003
-0.020639
0.003975
-0.001324
-0.005405
0.018565
-0.017224
0.005614
0.030854
-0.008106
-0.001718
0.003969
0.002011
0.003859
-0.012361
0.002090
0.005760
0.010804
-0.016035
-0.002162
0.005028
0.014551
-0.016133
-0.000887
0.008726
0.004403
-0.007215
-0.008846
0.018449
-0.010616
-0.005637
0.008826
0.005490
-0.008657
0.008801
-0.024440
0.028174
-0.003772
-0.013695
-0.007782
0.027678
-0.009494
-0.018182
0.011329
0.003598
0.008374
-0.015552
0.001810
0.001082
0.021979
-0.016524
-0.006423
0.006572
0.011747
-0.012195
-0.013180
0.019572
0.002184
-0.014210
0.006558
0.000838
0.000863
-0.012720
0.013800
-0.003014
-0.000041
0.007828
-0.012192
-0.004575
0.025166
-0.019320
-0.001503
0.011643
-0.002495
-0.012287
0.008689
0.004673
-0.012613
0.009222
-0.006271
0.003116
0.003929
-0.002997
-0.003084
-0.001843
0.020707
-0.029599
0.011235
0.008295
0.002950
-0.014440
0.005324
-0.002616
0.001163
0.001555
-0.004873
0.009218
-0.002440
0.000083
-0.001039
-0.005068
0.014453
-0.003195
-0.024410
0.037561
-0.021470
0.001088
-0.000714
0.006506
-0.006376
0.002872
-0.006798
0.008817
-0.001939
0.000724
-0.007268
0.000548
0.011424
-0.007494
-0.004688
0.020159
-0.026679
0.021427
-0.014167
0.008965
-0.006940
0.000849
-0.005769
0.010667
-0.003838
0.004314
-0.009968
0.007034
0.015335
-0.025265
-0.002830
0.026304
-0.008597
-0.019018
0.004405
0.016695
-0.009931
0.001317
-0.009321
0.017274
-0.013445
0.005120
-0.003115
0.002535
0.012882
-0.020250
0.005145
0.006093
0.001116
-0.017676
0.020835
-0.004377
-0.004813
0.004650
-0.013107
0.014679
-0.004790
0.004103
-0.004616
-0.009913
0.029441
-0.032167
0.008243
0.014367
0.002831
-0.016184
0.013811
-0.008901
0.009368
-0.014428
0.021628
-0.047346
0.078610
-0.068112
0.022670
-0.000257
0.009503
-0.016828
0.006195
0.010949
-0.014603
0.011007
-0.007536
0.010958
-0.016858
0.005754
0.007009
-0.009424
0.002869
0.008279
-0.016749
0.016929
-0.003717
-0.010464
-0.001576
0.019570
-0.011845
-0.006709
0.010896
-0.007163
0.008937
-0.014752
0.002575
0.010870
-0.000595
-0.006066
-0.003128
-0.003318
0.029086
-0.036409
0.011792
0.011846
0.004434
-0.010424
-0.003016
0.021569
-0.021408
0.012055
-0.006304
0.017701
-0.019829
0.019096
-0.027937
0.015526
0.008137
-0.008863
-0.008823
0.009580
0.001508
0.001829
-0.017736
0.017986
0.005950
-0.003348
-0.062607
0.128639
-0.093112
0.010073
-0.021113
0.023320
0.002039
-0.014133
-0.004254
0.014513
-0.000315
-0.027062
0.034579
-0.022591
0.002431
-0.002312
0.000676
0.000225
-0.010911
0.010737
-0.003408
-0.003629
-0.000461
0.009267
-0.026766
0.024165
-0.017338
0.001462
-0.005829
0.007084
-0.000319
-0.008913
0.000837
0.002301
-0.009301
0.011722
-0.025588
0.020365
-0.011792
0.006372
-0.021723
0.026487
-0.021094
-0.004167
0.007527
-0.005317
-0.003547
0.005343
-0.007625
-0.006158
0.001313
-0.001617
-0.003140
-0.005396
-0.004999
0.007455
-0.014445
0.013728
-0.015584
-0.010831
0.010983
0.003513
-0.006063
-0.033679
0.064611
-0.079716
0.056044
-0.091468
0.296343
-0.647327
0.728568
