-0.337520
0.055868
-0.087229
0.012837
0.032198
-0.015537
-0.030387
-0.001853
0.041525
-0.081388
0.089146
-0.061784
-0.011933
0.035519
-0.032235
0.016069
-0.035505
0.011513
-0.003751
0.007053
-0.042884
0.035776
-0.019799
-0.013420
0.018933
-0.026216
-0.003687
0.001849
-0.001701
-0.022586
0.013206
-0.005115
-0.015849
0.009564
-0.022219
0.004607
-0.018512
0.011687
-0.004477
-0.015117
0.004718
-0.013209
-0.002880
-0.002191
-0.007561
-0.003028
-0.017388
0.020528
-0.022056
-0.009374
0.005180
-0.010352
0.000411
-0.002094
-0.049232
0.053982
0.042697
-0.173974
-0.001516
0.454482
-0.456795
-0.811442
2.454174
1.321875
1.041363
0.580931
0.478987
0.388241
0.178133
0.051621
0.175405
0.129163
0.217520
0.269788
0.015455
0.109752
0.197231
0.200915
0.093917
0.110967
0.134368
0.089501
0.135875
0.112738
0.130101
0.066763
0.140320
0.135115
0.054865
0.098845
0.134355
0.139550
0.063637
0.113420
0.071500
0.114811
0.139774
0.039849
0.092531
0.093937
0.120681
0.076008
0.066276
0.098776
0.094851
0.077160
0.081523
0.088812
0.078161
0.074247
0.080892
0.097909
0.058163
0.068736
0.096964
0.069861
0.052729
0.082194
0.077381
0.062929
0.082265
0.047077
0.076264
0.061246
0.071760
0.054128
0.045768
0.090238
0.053475
0.059319
0.074844
0.025362
0.078138
0.058806
0.056331
0.038337
0.063768
0.049897
0.075793
0.030021
0.062130
0.037760
0.058149
0.059595
0.029336
0.048207
0.060082
0.054182
0.024519
0.057327
0.035196
0.053640
0.039232
0.038905
0.055119
0.024783
0.052867
0.027304
0.051334
0.042654
0.029488
0.051011
0.047685
0.026766
0.043527
0.054000
0.017438
0.050354
0.015000
0.055631
0.032254
0.021023
0.030498
0.039733
0.022671
0.057806
0.009297
0.032220
0.035450
0.046824
0.017486
0.035805
0.009992
0.042351
0.032367
0.020464
0.034440
0.024268
0.027725
0.014836
0.031748
0.041682
-0.006524
0.045334
0.033573
0.012565
0.018633
0.030549
0.029704
0.024171
0.011063
0.024336
0.035437
0.016695
0.025599
-0.002179
0.032662
0.038575
-0.006061
0.022145
0.039532
0.016039
0.018000
0.014381
0.027472
0.022193
-0.004065
0.031736
0.011457
0.019493
0.012627
0.023093
0.013435
0.027329
0.002720
0.015574
0.025597
0.009336
0.018636
0.011166
0.024102
0.005868
0.031650
-0.006477
0.019811
0.023063
0.014968
0.001668
-0.002719
0.058291
-0.028101
0.026782
0.008103
0.023697
-0.007648
0.024235
0.015274
0.017551
-0.003282
0.008539
0.035666
-0.005145
0.022088
-0.005482
0.029279
0.001320
0.003806
0.001958
0.030556
0.015997
-0.006621
0.005912
0.005050
0.020375
0.005479
0.006549
0.005886
0.019526
-0.005266
0.011442
0.017637
0.010493
-0.002259
0.007625
0.017433
-0.005578
0.001545
0.014373
0.012024
-0.006754
0.010317
0.011107
0.015818
-0.006722
0.006774
-0.007090
0.017250
0.021650
-0.020341
-0.003306
0.038139
0.006090
-0.021196
-0.000599
0.021270
0.017347
-0.013027
0.000554
0.022845
0.001137
-0.002865
0.003211
0.012326
0.010085
-0.011589
-0.001062
0.032519
-0.012547
-0.013639
0.032523
-0.021914
0.020448
-0.009203
0.002310
0.010116
0.012701
-0.001391
-0.016358
0.004307
0.025485
-0.013390
0.006698
-0.002394
0.010079
-0.004655
-0.001423
-0.003012
0.016328
0.001814
-0.016118
0.018221
-0.001315
0.005793
-0.014298
0.008080
0.014286
-0.017577
-0.001524
0.028108
-0.011728
-0.017929
0.016693
-0.001130
0.002586
-0.009874
0.006983
-0.007542
0.011689
-0.004105
0.001465
-0.014863
0.029344
-0.020594
0.008622
-0.013329
0.024343
-0.014395
-0.012121
-0.000215
0.013379
0.007180
-0.022837
0.008569
0.004250
0.006794
-0.015427
0.002238
0.009406
-0.030936
0.019408
0.004357
0.001054
-0.018757
0.001087
0.005418
0.005196
-0.016706
0.009791
0.014408
-0.030223
0.001133
-0.004793
0.008554
0.011922
-0.025893
0.004109
0.002093
-0.008412
-0.000359
0.011645
-0.013472
0.002435
-0.006814
-0.003005
0.006498
0.003403
-0.017699
-0.012631
0.012103
0.016920
-0.028924
-0.004036
0.014248
-0.001431
-0.017381
0.000887
0.008287
-0.007271
-0.009184
0.001921
0.004700
-0.006204
-0.001525
-0.004723
-0.007820
-0.001472
0.005120
-0.014097
0.010188
-0.008989
0.003415
0.002132
-0.023314
0.013591
-0.006925
-0.003906
-0.006011
0.009285
-0.004511
-0.031891
0.013883
0.022651
-0.019546
-0.026289
0.019771
0.009863
-0.022501
-0.007919
0.006946
0.010989
-0.032018
0.010489
0.000316
0.000371
-0.017454
-0.000059
-0.002363
0.008343
-0.022188
-0.003527
0.014305
-0.004732
-0.017364
-0.015421
0.019310
-0.001586
-0.023399
0.006418
0.001421
-0.011259
0.000436
-0.009829
0.000757
-0.003487
-0.011371
-0.000879
0.020355
-0.042091
0.015281
0.002539
-0.011577
-0.010223
-0.001319
0.002334
-0.003556
0.007566
-0.024850
0.004981
-0.018853
0.016760
-0.004708
-0.014331
0.005851
0.003888
-0.030432
0.015448
-0.020055
0.003760
0.006395
-0.024956
0.019497
-0.014449
0.003063
-0.027245
0.024551
-0.007914
-0.018389
-0.002666
0.017142
-0.026371
-0.008485
0.002888
0.016309
-0.025159
-0.010616
0.004439
0.006753
-0.018674
-0.001282
-0.006494
0.004648
-0.007492
-0.014844
-0.001089
0.010869
-0.016164
0.000612
-0.017615
0.004793
0.005216
-0.014076
-0.000374
-0.001827
-0.010942
0.002026
-0.017344
0.006793
0.003257
-0.021972
-0.012630
0.030610
-0.023520
-0.002905
-0.013732
0.010827
-0.008724
-0.007368
-0.012550
0.009697
0.002653
-0.021653
-0.006575
0.005205
0.008677
-0.024973
0.000221
0.005240
-0.010016
-0.011966
0.002025
-0.007697
0.003211
-0.003123
-0.011472
-0.013571
0.015830
-0.022183
0.004880
-0.007284
-0.002586
-0.007095
-0.013531
0.015133
-0.006488
-0.012123
-0.007376
0.010194
-0.002277
-0.016233
0.009922
-0.012928
0.010658
-0.020154
-0.007622
0.010408
-0.005131
-0.002767
-0.019033
0.015739
-0.014977
-0.004444
-0.018727
0.037512
-0.042780
0.010892
-0.011810
0.004157
-0.006764
-0.004055
-0.004750
-0.001551
0.006509
-0.025403
-0.004334
0.016400
-0.011522
-0.016872
0.005014
-0.003400
-0.008784
-0.002834
0.003982
-0.016892
0.004746
-0.008227
0.000389
-0.015659
0.019897
-0.028285
0.000103
0.010486
-0.006232
0.001509
0.021837
-0.022780
0.007301
-0.002108
-0.002469
0.004415
0.006227
-0.016943
-0.006365
0.001348
0.013903
-0.028020
0.003081
0.011182
-0.009898
-0.012117
0.000206
-0.001640
0.001356
-0.014541
-0.002140
0.007520
-0.003621
-0.011246
-0.006600
0.000813
0.008628
-0.021186
-0.004060
0.016982
-0.024221
0.013603
-0.032722
0.020754
-0.002227
-0.016665
0.004804
-0.006104
0.001091
0.001740
-0.018477
-0.001309
0.013241
-0.028015
0.003610
0.011550
-0.008923
-0.001926
-0.020885
0.010243
0.006225
-0.023730
0.001518
0.010577
-0.017562
0.001912
-0.007643
0.002662
0.004279
-0.027566
0.012593
-0.003177
-0.006904
-0.012142
0.015271
-0.019981
0.005968
-0.012697
0.006233
-0.005937
-0.002936
-0.018855
0.004128
-0.001672
0.018584
-0.040952
0.008231
0.010914
-0.010542
-0.002387
-0.008203
0.001801
-0.004710
-0.009545
-0.003124
0.007975
-0.005740
-0.009560
-0.011107
0.001589
0.009654
-0.021023
0.005599
0.009146
-0.014269
-0.009213
0.004458
-0.012431
0.015294
-0.023076
0.001970
-0.003676
0.008159
-0.016359
-0.006266
0.002637
0.012304
-0.027292
-0.004971
0.025177
-0.029265
-0.004511
-0.003019
0.007487
-0.005926
-0.013606
0.007878
0.005334
-0.016372
0.006055
-0.016565
0.017944
-0.006067
-0.019393
-0.005063
0.010809
-0.014241
0.002160
-0.007394
0.009957
-0.011278
-0.004208
-0.006160
0.016945
-0.006036
-0.023872
0.009717
-0.004586
0.008672
-0.021297
-0.000742
0.003958
0.006557
-0.025539
0.008164
-0.018678
0.021478
-0.015771
-0.006603
-0.001764
0.002395
-0.000054
-0.026190
0.016139
0.002466
-0.020257
-0.011361
0.016616
-0.002425
-0.007762
-0.013754
0.016418
-0.015095
0.000753
-0.014891
0.008893
-0.009547
0.003654
-0.013436
0.001406
0.005610
-0.019616
-0.000289
-0.000391
0.004864
-0.021234
0.015320
-0.014957
0.000973
-0.011887
0.008379
-0.010593
0.003045
-0.007160
-0.011779
0.008999
-0.000106
-0.013258
-0.018800
0.034241
-0.024197
-0.008459
-0.003296
0.006700
0.001389
-0.019807
0.001333
0.006506
-0.010832
-0.003157
-0.008947
-0.003594
0.015337
-0.032599
-0.007085
0.029759
-0.008146
0.004376
-0.000956
-0.003688
-0.000524
0.002486
-0.019974
0.017784
-0.008163
-0.012358
0.005633
-0.009152
0.009686
-0.016621
-0.007448
0.027860
-0.015024
0.000400
0.004180
-0.011124
0.007839
-0.003946
-0.010241
-0.002845
0.012141
-0.011153
-0.006522
-0.003033
0.012040
-0.016148
-0.002628
0.006557
-0.010397
-0.001026
-0.006105
0.003557
0.001663
-0.016793
0.002504
-0.006988
0.014881
-0.016682
-0.008087
-0.002002
0.014683
-0.021101
0.004822
-0.009047
0.007630
-0.010788
-0.004209
0.003107
-0.006985
0.000734
-0.002455
-0.017134
0.019682
-0.011587
-0.013643
0.003184
0.009471
-0.024304
0.006988
0.006511
-0.004032
-0.027548
0.020292
-0.014392
0.016706
-0.044022
0.054413
-0.068860
0.072108
-0.071135
0.028443
-0.015852
0.008867
-0.015685
-0.002055
0.016534
-0.023400
0.005792
-0.009841
0.003299
-0.002359
-0.001067
-0.011812
-0.005120
0.017543
-0.016967
-0.002322
-0.005936
0.011870
-0.033232
0.023482
-0.023194
0.015389
-0.020059
0.012480
-0.010614
-0.007112
-0.003935
-0.003101
0.010004
-0.013327
0.002425
-0.015658
0.017013
-0.016806
-0.005247
-0.010659
0.011143
-0.012202
-0.005192
-0.004098
0.004514
-0.004948
-0.021027
0.007923
0.005592
-0.013859
0.001050
-0.014130
0.006638
-0.002602
-0.016714
0.002623
-0.002681
0.013598
-0.019399
-0.021868
0.020969
0.000160
-0.018803
-0.050445
0.119918
-0.108761
0.022170
-0.028353
0.005938
0.014460
-0.025053
-0.004641
0.007618
-0.013001
-0.011874
0.020207
-0.046282
0.030987
-0.029666
0.019387
-0.033408
0.010742
-0.005297
-0.001471
-0.010801
-0.000120
-0.005123
-0.025807
0.023782
-0.020677
-0.018895
0.013923
-0.014932
-0.001719
-0.010812
-0.009549
0.010376
-0.015864
-0.001893
-0.013071
-0.002087
0.001357
-0.009462
-0.010548
0.004146
-0.004858
-0.017182
-0.001112
0.002372
-0.014356
-0.017444
-0.001219
0.011099
-0.013587
-0.011266
0.001424
0.001521
-0.013399
-0.005849
-0.008974
0.003928
-0.001831
-0.032690
0.022566
-0.035349
0.022515
-0.049208
0.067741
-0.085944
0.044374
-0.090177
0.313331
-0.721638
0.816392
