0.002256
0.001991
0.001602
0.001157
0.000722
0.000349
0.000064
-0.000126
-0.000236
-0.000287
-0.000301
-0.000297
-0.000288
-0.000280
-0.000277
-0.000280
-0.000288
-0.000303
-0.000323
-0.000347
-0.000374
-0.000400
-0.000424
-0.000444
-0.000460
-0.000471
-0.000478
-0.000483
-0.000486
-0.000488
-0.000490
-0.000491
-0.000490
-0.000489
-0.000487
-0.000484
-0.000482
-0.000481
-0.000482
-0.000485
-0.000490
-0.000495
-0.000497
-0.000487
-0.000452
-0.000359
-0.000150
0.000285
0.001141
0.002734
0.005551
0.010292
0.017875
0.029403
0.046035
0.068778
0.098191
0.134077
0.175216
0.219276
0.262948
0.302358
0.333681
0.353830
0.361044
0.355222
0.337890
0.311853
0.280600
0.247652
0.216006
0.187788
0.164140
0.145331
0.130983
0.120351
0.112567
0.106815
0.102431
0.098930
0.095994
0.093433
0.091146
0.089080
0.087207
0.085507
0.083956
0.082525
0.081182
0.079893
0.078631
0.077374
0.076113
0.074848
0.073589
0.072349
0.071143
0.069984
0.068879
0.067828
0.066824
0.065859
0.064921
0.063999
0.063085
0.062176
0.061273
0.060381
0.059507
0.058657
0.057836
0.057048
0.056291
0.055563
0.054858
0.054173
0.053503
0.052843
0.052191
0.051544
0.050901
0.050259
0.049620
0.048980
0.048341
0.047701
0.047059
0.046414
0.045763
0.045108
0.044448
0.043788
0.043132
0.042485
0.041852
0.041238
0.040643
0.040070
0.039517
0.038982
0.038464
0.037962
0.037477
0.037009
0.036560
0.036127
0.035710
0.035302
0.034899
0.034492
0.034075
0.033642
0.033192
0.032726
0.032247
0.031762
0.031277
0.030798
0.030330
0.029875
0.029434
0.029006
0.028589
0.028182
0.027784
0.027395
0.027015
0.026646
0.026287
0.025937
0.025595
0.025256
0.024916
0.024574
0.024226
0.023876
0.023527
0.023185
0.022859
0.022554
0.022275
0.022023
0.021793
0.021580
0.021376
0.021171
0.020957
0.020727
0.020478
0.020208
0.019919
0.019616
0.019307
0.019001
0.018708
0.018437
0.018194
0.017981
0.017795
0.017631
0.017480
0.017332
0.017180
0.017016
0.016837
0.016643
0.016435
0.016217
0.015992
0.015765
0.015539
0.015317
0.015101
0.014892
0.014692
0.014501
0.014320
0.014150
0.013990
0.013840
0.013698
0.013561
0.013427
0.013292
0.013154
0.013009
0.012856
0.012694
0.012524
0.012347
0.012165
0.011981
0.011799
0.011622
0.011454
0.011296
0.011149
0.011012
0.010883
0.010759
0.010639
0.010519
0.010400
0.010284
0.010172
0.010068
0.009972
0.009885
0.009806
0.009730
0.009652
0.009567
0.009470
0.009360
0.009236
0.009100
0.008957
0.008811
0.008666
0.008528
0.008398
0.008278
0.008168
0.008066
0.007969
0.007874
0.007778
0.007678
0.007573
0.007465
0.007355
0.007245
0.007137
0.007034
0.006936
0.006843
0.006755
0.006670
0.006587
0.006503
0.006420
0.006334
0.006248
0.006159
0.006068
0.005977
0.005884
0.005791
0.005698
0.005607
0.005519
0.005436
0.005358
0.005286
0.005221
0.005161
0.005105
0.005050
0.004995
0.004940
0.004884
0.004828
0.004773
0.004721
0.004671
0.004625
0.004584
0.004546
0.004512
0.004478
0.004443
0.004401
0.004350
0.004285
0.004207
0.004114
0.004010
0.003896
0.003777
0.003655
0.003531
0.003406
0.003282
0.003160
0.003044
0.002936
0.002839
0.002756
0.002689
0.002638
0.002604
0.002583
0.002573
0.002569
0.002567
0.002562
0.002551
0.002533
0.002505
0.002469
0.002425
0.002375
0.002320
0.002260
0.002198
0.002134
0.002070
0.002011
0.001957
0.001911
0.001873
0.001842
0.001815
0.001789
0.001764
0.001738
0.001713
0.001689
0.001668
0.001649
0.001631
0.001611
0.001587
0.001556
0.001516
0.001468
0.001413
0.001356
0.001299
0.001246
0.001200
0.001162
0.001131
0.001108
0.001089
0.001073
0.001058
0.001043
0.001029
0.001016
0.001006
0.000999
0.000997
0.000999
0.001004
0.001010
0.001015
0.001016
0.001014
0.001005
0.000990
0.000968
0.000942
0.000914
0.000887
0.000865
0.000851
0.000844
0.000844
0.000845
0.000844
0.000837
0.000822
0.000799
0.000768
0.000733
0.000696
0.000661
0.000628
0.000598
0.000571
0.000546
0.000523
0.000500
0.000475
0.000447
0.000415
0.000378
0.000337
0.000293
0.000248
0.000203
0.000160
0.000122
0.000090
0.000065
0.000048
0.000037
0.000033
0.000032
0.000032
0.000030
0.000025
0.000015
0.000001
-0.000015
-0.000031
-0.000044
-0.000052
-0.000054
-0.000050
-0.000039
-0.000023
-0.000002
0.000023
0.000051
0.000082
0.000113
0.000142
0.000166
0.000182
0.000188
0.000183
0.000165
0.000137
0.000100
0.000058
0.000014
-0.000028
-0.000066
-0.000096
-0.000118
-0.000134
-0.000146
-0.000155
-0.000165
-0.000175
-0.000185
-0.000194
-0.000198
-0.000197
-0.000189
-0.000175
-0.000155
-0.000132
-0.000109
-0.000089
-0.000076
-0.000072
-0.000081
-0.000104
-0.000139
-0.000186
-0.000238
-0.000292
-0.000342
-0.000383
-0.000413
-0.000430
-0.000437
-0.000436
-0.000432
-0.000429
-0.000429
-0.000436
-0.000447
-0.000463
-0.000479
-0.000493
-0.000502
-0.000505
-0.000502
-0.000492
-0.000478
-0.000460
-0.000440
-0.000420
-0.000401
-0.000384
-0.000372
-0.000366
-0.000367
-0.000376
-0.000391
-0.000410
-0.000429
-0.000445
-0.000455
-0.000459
-0.000458
-0.000454
-0.000451
-0.000452
-0.000457
-0.000466
-0.000479
-0.000493
-0.000506
-0.000519
-0.000531
-0.000542
-0.000552
-0.000559
-0.000564
-0.000563
-0.000559
-0.000553
-0.000547
-0.000545
-0.000551
-0.000565
-0.000588
-0.000615
-0.000643
-0.000666
-0.000678
-0.000677
-0.000660
-0.000627
-0.000581
-0.000526
-0.000466
-0.000406
-0.000352
-0.000306
-0.000269
-0.000241
-0.000221
-0.000206
-0.000197
-0.000192
-0.000192
-0.000196
-0.000205
-0.000218
-0.000237
-0.000259
-0.000284
-0.000311
-0.000336
-0.000360
-0.000379
-0.000394
-0.000404
-0.000411
-0.000415
-0.000418
-0.000421
-0.000422
-0.000421
-0.000416
-0.000403
-0.000381
-0.000350
-0.000309
-0.000262
-0.000213
-0.000165
-0.000123
-0.000092
-0.000075
-0.000073
-0.000084
-0.000108
-0.000141
-0.000178
-0.000215
-0.000248
-0.000275
-0.000293
-0.000302
-0.000304
-0.000301
-0.000298
-0.000300
-0.000309
-0.000327
-0.000354
-0.000386
-0.000419
-0.000446
-0.000462
-0.000465
-0.000452
-0.000426
-0.000392
-0.000355
-0.000322
-0.000299
-0.000289
-0.000294
-0.000311
-0.000337
-0.000366
-0.000395
-0.000419
-0.000437
-0.000449
-0.000453
-0.000452
-0.000447
-0.000438
-0.000427
-0.000414
-0.000398
-0.000377
-0.000352
-0.000323
-0.000291
-0.000259
-0.000230
-0.000209
-0.000198
-0.000197
-0.000205
-0.000218
-0.000231
-0.000239
-0.000238
-0.000226
-0.000202
-0.000169
-0.000133
-0.000099
-0.000075
-0.000064
-0.000067
-0.000084
-0.000109
-0.000138
-0.000163
-0.000182
-0.000193
-0.000197
-0.000196
-0.000192
-0.000188
-0.000185
-0.000182
-0.000176
-0.000164
-0.000142
-0.000106
-0.000052
0.000020
0.000110
0.000212
0.000319
0.000422
0.000510
0.000576
0.000613
0.000620
0.000601
0.000560
0.000505
0.000446
0.000389
0.000340
0.000303
0.000279
0.000267
0.000265
0.000267
0.000270
0.000270
0.000263
0.000252
0.000236
0.000222
0.000213
0.000212
0.000220
0.000237
0.000257
0.000277
0.000293
0.000301
0.000299
0.000287
0.000267
0.000240
0.000208
0.000173
0.000137
0.000101
0.000068
0.000040
0.000017
0.000003
-0.000003
-0.000001
0.000009
0.000027
0.000051
0.000081
0.000116
0.000155
0.000196
0.000238
0.000278
0.000315
0.000344
0.000364
0.000372
0.000366
0.000349
0.000322
0.000291
0.000261
0.000238
0.000225
0.000222
0.000229
0.000241
0.000254
0.000264
0.000268
0.000266
0.000257
0.000244
0.000230
0.000216
0.000203
0.000194
0.000189
0.000189
0.000193
0.000200
0.000211
0.000224
0.000237
0.000248
0.000256
0.000261
0.000260
0.000255
0.000244
0.000230
0.000213
0.000195
0.000179
0.000167
0.000161
0.000163
0.000172
0.000187
0.000206
0.000226
0.000246
0.000267
0.000289
0.000316
0.000352
0.000400
0.000464
0.000543
0.000636
0.000736
0.000835
0.000923
0.000991
0.001032
0.001043
0.001026
0.000985
0.000927
0.000861
0.000793
0.000731
0.000679
0.000639
0.000611
0.000593
0.000582
0.000573
0.000562
0.000547
0.000524
0.000495
0.000460
0.000424
0.000388
0.000356
0.000328
0.000305
0.000285
0.000267
0.000251
0.000239
0.000230
0.000229
0.000235
0.000251
0.000276
0.000310
0.000350
0.000397
0.000449
0.000504
0.000561
0.000616
0.000668
0.000712
0.000745
0.000765
0.000771
0.000763
0.000741
0.000708
0.000669
0.000626
0.000583
0.000544
0.000512
0.000488
0.000471
0.000461
0.000456
0.000452
0.000451
0.000449
0.000448
0.000449
0.000450
0.000452
0.000454
0.000456
0.000455
0.000452
0.000447
0.000439
0.000432
0.000427
0.000426
0.000431
0.000442
0.000459
0.000481
0.000504
0.000525
0.000541
0.000550
0.000550
0.000541
0.000524
0.000501
0.000476
0.000451
0.000429
0.000412
0.000402
0.000400
0.000406
0.000417
0.000431
0.000446
0.000458
0.000466
0.000470
0.000473
0.000477
0.000487
0.000504
0.000528
0.000556
0.000584
0.000606
0.000618
0.000618
0.000606
0.000585
0.000560
0.000536
0.000514
0.000496
0.000481
0.000467
0.000452
0.000433
0.000410
0.000383
0.000353
0.000322
0.000292
0.000266
0.000247
0.000238
0.000239
0.000251
0.000273
0.000303
0.000341
0.000384
0.000433
0.000487
0.000544
0.000604
0.000664
0.000720
0.000767
0.000801
0.000817
0.000815
0.000795
0.000761
0.000715
0.000665
0.000613
0.000565
0.000523
0.000487
0.000457
0.000432
0.000409
0.000385
0.000355
0.000314
0.000257
0.000178
0.000074
-0.000054
-0.000203
-0.000361
-0.000516
-0.000652
-0.000755
-0.000818
-0.000839
-0.000823
-0.000783
-0.000732
-0.000684
-0.000650
-0.000634
-0.000637
-0.000657
-0.000687
-0.000724
-0.000761
-0.000795
-0.000825
-0.000851
-0.000871
-0.000889
-0.000904
-0.000917
-0.000928
-0.000937
-0.000943
-0.000944
-0.000941
-0.000936
-0.000932
-0.000930
-0.000936
-0.000953
-0.000981
-0.001021
-0.001072
-0.001131
-0.001196
-0.001262
-0.001327
-0.001388
-0.001441
-0.001486
-0.001520
-0.001543
-0.001556
-0.001563
-0.001566
-0.001571
-0.001581
-0.001600
-0.001630
-0.001669
-0.001715
-0.001762
-0.001803
-0.001828
-0.001824
-0.001775
-0.001664
-0.001473
-0.001185
-0.000793
-0.000301
0.000265
0.000864
0.001434
0.001907
0.002223
0.002342
