-1.103045
0.196252
-0.281900
-0.007504
0.088741
-0.061165
-0.109624
-0.016646
0.083517
-0.223449
0.233988
-0.222928
-0.017629
0.030320
-0.034682
-0.057428
-0.019158
-0.057350
-0.010103
0.006446
-0.124928
0.063092
-0.090800
-0.035577
0.043147
-0.109668
-0.010094
-0.023620
-0.018796
-0.062054
-0.014366
-0.046072
-0.018508
-0.023432
-0.059061
-0.013952
-0.046597
-0.011713
-0.047875
-0.031461
-0.037179
-0.032543
-0.019499
-0.046332
-0.037731
-0.012158
-0.053907
-0.025003
-0.021705
-0.068930
0.006650
-0.059027
-0.024034
-0.000694
-0.113982
-0.022573
0.175662
-0.296091
-0.275422
0.819304
-0.051249
-2.586109
3.059479
3.898271
4.140345
2.074931
0.874852
0.506431
0.462579
0.228836
0.321863
0.388857
0.332419
0.778609
0.423536
0.198173
0.406638
0.552169
0.362826
0.372106
0.320205
0.269206
0.365602
0.297800
0.382935
0.263112
0.287308
0.383599
0.268788
0.254465
0.278728
0.373213
0.286406
0.287799
0.198346
0.308368
0.362153
0.238085
0.283743
0.223570
0.292163
0.277108
0.256558
0.235557
0.276897
0.245167
0.267373
0.239391
0.219894
0.239108
0.233975
0.248460
0.251991
0.168848
0.282341
0.220659
0.210426
0.195196
0.218514
0.215598
0.226062
0.204177
0.194306
0.220991
0.193180
0.203346
0.169495
0.213151
0.202124
0.157441
0.224248
0.183344
0.167741
0.194641
0.177856
0.168083
0.156061
0.221399
0.135252
0.173059
0.149242
0.167035
0.138181
0.188702
0.195524
0.094768
0.154575
0.163758
0.157796
0.123946
0.150431
0.157137
0.158732
0.127975
0.150602
0.132768
0.148464
0.134178
0.121849
0.151782
0.122271
0.105246
0.155216
0.133082
0.100689
0.128403
0.117884
0.130879
0.112078
0.102400
0.127953
0.125417
0.109746
0.104259
0.091639
0.146853
0.099969
0.074060
0.131559
0.112473
0.083449
0.101328
0.098583
0.102009
0.104006
0.068026
0.126961
0.084658
0.096480
0.095664
0.070277
0.128789
0.074725
0.072068
0.090290
0.106755
0.059220
0.100146
0.063709
0.107482
0.067722
0.059786
0.114605
0.066247
0.100775
0.046506
0.078525
0.091757
0.087640
0.041554
0.084827
0.086613
0.060665
0.067550
0.073541
0.080440
0.059986
0.062928
0.074273
0.081085
0.050477
0.052465
0.074439
0.076646
0.067897
0.020470
0.099492
0.066867
0.055909
0.043346
0.073103
0.053170
0.073439
0.028368
0.085175
0.059285
0.055484
0.032582
0.062683
0.084743
0.044414
0.030320
0.081675
0.062851
0.023834
0.059662
0.047322
0.053095
0.057793
0.029412
0.064410
0.050181
0.049234
0.045033
0.028288
0.064929
0.057532
0.001650
0.091002
0.033852
0.035649
0.050771
0.045097
0.035772
0.049268
0.026402
0.051841
0.053738
0.039695
0.027274
0.027443
0.054800
0.059179
0.005945
0.047055
0.054504
0.014168
0.048270
0.037332
0.022263
0.057855
0.013579
0.058772
0.029561
0.032261
0.030675
0.034370
0.029358
0.038575
0.003470
0.067391
0.032212
-0.001264
0.040995
0.032002
0.036544
0.025894
0.022108
0.021039
0.042428
0.037410
0.012687
0.008817
0.040164
0.043345
-0.004074
0.038290
0.044122
-0.000651
0.025197
0.012507
0.051900
0.010874
0.013303
0.019367
0.037876
0.029518
-0.012248
0.023964
0.046258
0.019843
-0.007371
0.043450
0.051470
0.004225
0.029854
0.028115
0.008365
0.026958
0.013555
0.025374
0.014819
0.024630
0.011590
0.001314
0.041122
0.022576
-0.027158
0.056019
0.019109
-0.015621
0.024683
0.023336
0.022290
0.002220
0.000718
0.029646
0.024782
0.002355
0.002429
-0.000991
0.049143
0.003728
-0.018166
0.036861
0.018725
0.008779
-0.016785
0.029047
0.005926
0.024626
-0.013236
0.019901
0.012806
0.012162
-0.002603
0.001142
0.029406
0.011911
-0.031347
0.039522
0.014645
-0.014469
0.010849
0.005798
0.017807
-0.003931
-0.011187
0.030858
0.015957
-0.007332
0.005380
-0.015069
0.041515
-0.010896
-0.013820
0.024771
0.006451
0.003952
0.001249
0.004868
0.002052
0.023382
-0.026002
0.018288
0.000876
0.014513
-0.017383
0.002549
0.023090
-0.007511
-0.022661
0.029432
0.013032
-0.022843
0.001517
0.009116
0.009784
-0.020155
0.007137
0.014194
0.003437
-0.005110
-0.011419
0.003187
0.017570
0.010019
-0.040192
0.026152
0.018314
-0.027164
0.005312
0.008232
-0.010325
0.015226
-0.023937
0.006293
0.006663
0.000115
-0.001674
-0.029898
0.026893
0.005028
-0.034744
0.034192
-0.017111
0.008115
-0.018237
0.007037
0.005697
-0.011531
-0.006696
0.001773
0.015137
-0.015270
-0.012104
-0.011914
0.024223
-0.000979
-0.036797
0.014873
0.017139
-0.028368
-0.005771
-0.000350
0.005414
-0.002112
-0.018794
-0.018105
0.033313
-0.017881
0.000590
-0.032890
0.019052
0.011520
-0.045581
0.017484
0.016065
-0.025953
-0.005113
-0.006484
-0.007171
0.002919
-0.021362
0.005571
0.007164
-0.017244
-0.002326
-0.025795
0.020767
-0.007946
-0.036594
0.019328
0.014353
-0.037712
-0.000925
-0.011890
0.001225
-0.000986
-0.022572
-0.000860
0.012491
-0.016038
-0.020232
-0.010727
0.028586
-0.020191
-0.036255
0.019006
-0.004645
-0.008024
-0.022537
0.005103
-0.011081
-0.008192
-0.018706
-0.002367
0.010479
-0.011311
-0.029517
-0.012611
0.026812
-0.016685
-0.036523
0.009803
0.015527
-0.034953
0.000804
-0.024861
0.015498
-0.014065
-0.015787
0.016274
-0.006139
-0.017339
-0.016914
-0.007657
0.008456
-0.012652
-0.039750
0.031341
-0.012557
-0.028067
-0.000371
-0.013941
0.009619
-0.026694
-0.015446
0.007115
0.005194
-0.029983
-0.024365
0.002070
0.007445
-0.002529
-0.052896
0.025557
-0.013912
-0.011033
-0.012487
-0.014409
0.004518
-0.014369
-0.028999
0.007749
0.003684
-0.027263
-0.001855
-0.024784
0.010553
-0.013177
-0.034769
0.013265
0.001920
-0.025678
-0.025858
0.012325
-0.013495
-0.013449
-0.016657
-0.001588
-0.008503
-0.011916
-0.014262
-0.027583
0.016423
0.005262
-0.061713
0.013727
0.011519
-0.025219
-0.021741
-0.011090
-0.003784
-0.004782
-0.034021
-0.000353
-0.000671
-0.008924
-0.016616
-0.033800
0.020373
-0.017280
-0.035109
0.010680
-0.010629
-0.010362
-0.021332
-0.018166
-0.008859
0.010871
-0.030576
-0.008051
-0.005522
-0.000283
-0.031549
-0.016217
0.009081
-0.003722
-0.053919
0.018034
-0.014203
-0.010422
-0.030387
0.013643
-0.032590
-0.003678
-0.024523
0.001207
0.003054
-0.029045
-0.025195
-0.008967
0.010479
-0.016865
-0.038470
0.004536
0.014922
-0.047754
-0.005570
-0.014485
-0.006008
-0.005716
-0.035220
-0.000240
-0.005369
-0.015206
-0.025425
-0.019766
0.021201
-0.017438
-0.054240
0.021391
-0.003001
-0.035624
-0.010875
-0.011792
-0.011677
-0.021692
-0.009950
0.005197
-0.020011
-0.015814
-0.013875
-0.020364
-0.004244
-0.002803
-0.033883
0.004243
0.003554
-0.049304
0.005224
-0.017074
-0.001005
-0.031199
-0.019924
0.013810
-0.014964
-0.019432
-0.032737
-0.005390
0.010908
-0.013363
-0.057480
0.022675
-0.010033
-0.021633
-0.019122
-0.010291
-0.011397
-0.005714
-0.030510
-0.010795
-0.003881
-0.001662
-0.018014
-0.023525
0.009258
-0.009795
-0.035794
0.006765
-0.003164
-0.030571
-0.016173
-0.017593
0.015171
-0.030797
-0.034801
0.010244
-0.001624
-0.020179
-0.045723
0.007476
0.004061
-0.028478
-0.033803
-0.002310
0.018422
-0.039395
-0.027882
-0.000862
-0.014869
-0.005409
-0.045033
0.011777
-0.013020
-0.018706
-0.013325
-0.031569
0.007293
0.003224
-0.069956
0.021330
-0.006172
-0.024640
-0.030589
0.001205
-0.013377
-0.028195
-0.017492
-0.003901
0.005366
-0.014040
-0.043680
-0.015435
0.011463
-0.015301
-0.044877
0.011868
-0.009878
-0.031905
-0.016092
-0.003797
-0.020096
-0.010852
-0.030743
-0.000522
-0.003320
-0.022207
-0.029854
-0.018775
0.001418
-0.010338
-0.041836
-0.006016
0.018675
-0.047795
-0.005713
-0.044111
0.037133
-0.054172
-0.004970
-0.020923
-0.000017
-0.017857
-0.020602
-0.031777
0.011762
-0.013150
-0.053879
0.014149
-0.017566
-0.020312
-0.025795
-0.007083
-0.019586
-0.019810
-0.019427
-0.003627
-0.015966
-0.025322
-0.015744
-0.032363
0.019055
-0.029948
-0.042507
0.014908
-0.007279
-0.053040
0.001741
-0.014551
-0.012381
-0.022352
-0.029350
-0.002462
-0.004399
-0.026245
-0.035435
-0.012343
-0.000697
-0.000314
-0.061474
0.017395
-0.019846
-0.017325
-0.030306
-0.016261
-0.004827
-0.017077
-0.036074
-0.006896
-0.008119
-0.019868
-0.018440
-0.050652
0.033204
-0.027245
-0.056733
0.008087
-0.003834
-0.023771
-0.034676
-0.012205
-0.012696
-0.006255
-0.049481
0.004478
-0.011921
-0.028423
-0.018131
-0.035127
0.000247
-0.013198
-0.046252
0.002251
-0.001302
-0.044472
-0.011593
-0.021635
-0.019771
-0.007253
-0.030700
-0.015815
-0.012067
-0.013461
-0.035276
-0.026517
0.015259
-0.028525
-0.060662
0.017080
-0.006614
-0.033989
-0.043139
0.004953
-0.022566
-0.021254
-0.036292
-0.002692
-0.007536
-0.023831
-0.032559
-0.027524
0.001378
-0.017240
-0.056465
0.009398
-0.018297
-0.029890
-0.018163
-0.028847
-0.009585
-0.018917
-0.035106
-0.012570
-0.015285
-0.022498
-0.015506
-0.057064
0.031854
-0.034123
-0.048206
-0.005373
-0.001392
-0.054715
0.015395
-0.073468
0.044051
-0.089565
0.080219
-0.214013
0.251224
-0.250124
0.089782
-0.065495
0.003756
-0.016930
-0.057575
0.005016
-0.010116
-0.024391
-0.052531
0.014577
-0.057829
-0.001754
-0.026288
-0.026609
-0.009605
-0.024861
-0.026747
-0.022156
-0.010827
-0.033101
-0.026556
-0.030432
0.010553
-0.053924
-0.022008
-0.006169
-0.023879
-0.033526
-0.032084
-0.003231
-0.011639
-0.029699
-0.043603
-0.013983
-0.004356
-0.034432
-0.037738
-0.025043
0.008845
-0.046905
-0.030375
-0.012671
-0.025977
-0.019452
-0.033147
-0.020413
-0.007548
-0.031357
-0.039135
-0.028474
0.007568
-0.040047
-0.030108
-0.033485
0.005854
-0.035605
-0.048849
-0.017273
0.011669
-0.027375
-0.155203
0.174351
-0.115464
-0.014196
-0.103535
-0.017153
-0.002166
-0.013024
-0.060811
-0.012964
-0.007021
-0.055179
-0.004419
-0.049991
-0.032189
-0.013908
-0.040531
-0.015339
-0.043801
-0.024365
-0.029087
-0.027672
-0.043446
-0.003227
-0.065780
-0.005442
-0.024782
-0.042449
-0.032377
-0.027338
-0.011528
-0.040239
-0.053930
-0.004232
-0.026701
-0.052736
-0.020909
-0.036945
-0.030190
-0.019741
-0.054306
-0.013090
-0.036386
-0.044188
-0.024620
-0.024073
-0.050860
-0.022403
-0.038241
-0.026580
-0.037634
-0.036777
-0.038515
-0.016404
-0.060048
-0.012061
-0.054367
-0.021902
-0.013904
-0.075347
-0.010124
-0.049025
0.001740
-0.140655
0.159016
-0.288075
0.167187
-0.317302
0.986613
-2.344541
2.592522
