-0.000667
-0.000642
-0.000620
-0.000603
-0.000590
-0.000580
-0.000574
-0.000570
-0.000568
-0.000568
-0.000567
-0.000565
-0.000561
-0.000553
-0.000539
-0.000517
-0.000484
-0.000438
-0.000374
-0.000289
-0.000178
-0.000036
0.000144
0.000369
0.000646
0.000985
0.001395
0.001889
0.002478
0.003176
0.003997
0.004955
0.006067
0.007349
0.008817
0.010488
0.012377
0.014499
0.016867
0.019493
0.022385
0.025551
0.028993
0.032708
0.036693
0.040937
0.045423
0.050133
0.055040
0.060114
0.065319
0.070615
0.075958
0.081302
0.086596
0.091789
0.096829
0.101665
0.106248
0.110529
0.114466
0.118019
0.121155
0.123847
0.126073
0.127820
0.129082
0.129859
0.130159
0.129998
0.129395
0.128378
0.126978
0.125229
0.123170
0.120840
0.118283
0.115537
0.112646
0.109648
0.106580
0.103478
0.100373
0.097294
0.094265
0.091308
0.088441
0.085677
0.083027
0.080498
0.078095
0.075820
0.073673
0.071651
0.069751
0.067969
0.066298
0.064731
0.063262
0.061885
0.060590
0.059373
0.058225
0.057141
0.056114
0.055138
0.054209
0.053322
0.052471
0.051654
0.050867
0.050107
0.049370
0.048655
0.047960
0.047281
0.046619
0.045971
0.045335
0.044712
0.044100
0.043497
0.042904
0.042320
0.041745
0.041177
0.040616
0.040063
0.039517
0.038977
0.038444
0.037918
0.037398
0.036885
0.036378
0.035877
0.035383
0.034895
0.034414
0.033940
0.033471
0.033009
0.032554
0.032105
0.031662
0.031226
0.030795
0.030371
0.029953
0.029541
0.029134
0.028732
0.028336
0.027946
0.027560
0.027179
0.026802
0.026430
0.026062
0.025698
0.025339
0.024983
0.024630
0.024282
0.023937
0.023596
0.023258
0.022924
0.022593
0.022266
0.021943
0.021623
0.021308
0.020996
0.020688
0.020385
0.020086
0.019791
0.019501
0.019216
0.018936
0.018661
0.018391
0.018126
0.017866
0.017612
0.017364
0.017121
0.016883
0.016651
0.016425
0.016204
0.015988
0.015777
0.015572
0.015371
0.015175
0.014983
0.014796
0.014612
0.014432
0.014256
0.014083
0.013913
0.013746
0.013581
0.013418
0.013258
0.013099
0.012942
0.012787
0.012634
0.012482
0.012332
0.012184
0.012037
0.011891
0.011748
0.011607
0.011467
0.011331
0.011196
0.011064
0.010936
0.010810
0.010688
0.010569
0.010454
0.010343
0.010237
0.010135
0.010037
0.009944
0.009856
0.009772
0.009693
0.009619
0.009549
0.009483
0.009421
0.009362
0.009307
0.009254
0.009204
0.009155
0.009108
0.009061
0.009015
0.008968
0.008920
0.008872
0.008821
0.008769
0.008715
0.008658
0.008599
0.008537
0.008472
0.008405
0.008335
0.008264
0.008190
0.008114
0.008038
0.007960
0.007881
0.007802
0.007723
0.007644
0.007566
0.007488
0.007412
0.007337
0.007263
0.007191
0.007120
0.007051
0.006983
0.006917
0.006853
0.006789
0.006727
0.006666
0.006606
0.006546
0.006487
0.006428
0.006369
0.006309
0.006250
0.006189
0.006128
0.006066
0.006003
0.005938
0.005873
0.005806
0.005738
0.005668
0.005597
0.005525
0.005452
0.005377
0.005302
0.005226
0.005149
0.005072
0.004995
0.004917
0.004840
0.004762
0.004685
0.004609
0.004534
0.004459
0.004386
0.004313
0.004242
0.004172
0.004104
0.004036
0.003971
0.003906
0.003843
0.003781
0.003721
0.003661
0.003603
0.003546
0.003489
0.003434
0.003379
0.003325
0.003271
0.003218
0.003165
0.003113
0.003061
0.003009
0.002957
0.002905
0.002853
0.002801
0.002750
0.002698
0.002646
0.002594
0.002543
0.002491
0.002439
0.002387
0.002335
0.002283
0.002231
0.002179
0.002127
0.002075
0.002023
0.001971
0.001919
0.001867
0.001815
0.001763
0.001710
0.001658
0.001606
0.001554
0.001502
0.001451
0.001400
0.001349
0.001298
0.001248
0.001198
0.001149
0.001101
0.001053
0.001006
0.000960
0.000915
0.000872
0.000829
0.000787
0.000747
0.000708
0.000670
0.000634
0.000599
0.000565
0.000533
0.000502
0.000473
0.000445
0.000418
0.000394
0.000370
0.000348
0.000327
0.000308
0.000290
0.000274
0.000259
0.000245
0.000232
0.000221
0.000211
0.000202
0.000194
0.000187
0.000181
0.000175
0.000170
0.000166
0.000162
0.000158
0.000154
0.000149
0.000144
0.000139
0.000133
0.000126
0.000118
0.000109
0.000098
0.000087
0.000073
0.000058
0.000042
0.000024
0.000005
-0.000016
-0.000038
-0.000062
-0.000086
-0.000112
-0.000139
-0.000166
-0.000194
-0.000222
-0.000251
-0.000280
-0.000309
-0.000337
-0.000365
-0.000393
-0.000420
-0.000446
-0.000471
-0.000496
-0.000519
-0.000541
-0.000563
-0.000583
-0.000602
-0.000620
-0.000637
-0.000653
-0.000668
-0.000682
-0.000695
-0.000708
-0.000719
-0.000731
-0.000741
-0.000751
-0.000761
-0.000770
-0.000780
-0.000789
-0.000798
-0.000806
-0.000815
-0.000824
-0.000833
-0.000843
-0.000852
-0.000862
-0.000871
-0.000881
-0.000891
-0.000902
-0.000912
-0.000923
-0.000934
-0.000945
-0.000957
-0.000968
-0.000980
-0.000992
-0.001003
-0.001015
-0.001027
-0.001039
-0.001050
-0.001062
-0.001073
-0.001084
-0.001095
-0.001106
-0.001116
-0.001126
-0.001135
-0.001145
-0.001153
-0.001162
-0.001169
-0.001177
-0.001184
-0.001190
-0.001197
-0.001203
-0.001208
-0.001214
-0.001219
-0.001224
-0.001229
-0.001234
-0.001239
-0.001245
-0.001250
-0.001255
-0.001261
-0.001266
-0.001272
-0.001278
-0.001284
-0.001290
-0.001297
-0.001303
-0.001309
-0.001315
-0.001321
-0.001327
-0.001332
-0.001337
-0.001341
-0.001345
-0.001348
-0.001351
-0.001352
-0.001353
-0.001353
-0.001352
-0.001350
-0.001347
-0.001343
-0.001338
-0.001333
-0.001327
-0.001320
-0.001313
-0.001306
-0.001299
-0.001291
-0.001284
-0.001277
-0.001270
-0.001264
-0.001258
-0.001254
-0.001250
-0.001248
-0.001246
-0.001246
-0.001247
-0.001249
-0.001252
-0.001257
-0.001263
-0.001270
-0.001278
-0.001287
-0.001297
-0.001307
-0.001319
-0.001331
-0.001343
-0.001356
-0.001368
-0.001381
-0.001394
-0.001407
-0.001420
-0.001433
-0.001445
-0.001457
-0.001468
-0.001479
-0.001489
-0.001499
-0.001508
-0.001516
-0.001524
-0.001531
-0.001537
-0.001543
-0.001549
-0.001553
-0.001557
-0.001561
-0.001564
-0.001566
-0.001568
-0.001570
-0.001571
-0.001571
-0.001571
-0.001571
-0.001570
-0.001569
-0.001567
-0.001564
-0.001561
-0.001558
-0.001553
-0.001548
-0.001543
-0.001536
-0.001528
-0.001520
-0.001510
-0.001500
-0.001488
-0.001475
-0.001461
-0.001445
-0.001429
-0.001411
-0.001393
-0.001373
-0.001352
-0.001331
-0.001309
-0.001286
-0.001264
-0.001241
-0.001218
-0.001195
-0.001173
-0.001152
-0.001132
-0.001113
-0.001096
-0.001080
-0.001065
-0.001053
-0.001043
-0.001035
-0.001028
-0.001024
-0.001023
-0.001023
-0.001025
-0.001029
-0.001035
-0.001042
-0.001051
-0.001061
-0.001072
-0.001084
-0.001096
-0.001109
-0.001123
-0.001136
-0.001149
-0.001162
-0.001174
-0.001186
-0.001197
-0.001208
-0.001218
-0.001227
-0.001235
-0.001242
-0.001248
-0.001253
-0.001257
-0.001260
-0.001262
-0.001263
-0.001264
-0.001263
-0.001262
-0.001260
-0.001258
-0.001254
-0.001251
-0.001246
-0.001242
-0.001236
-0.001231
-0.001225
-0.001218
-0.001212
-0.001205
-0.001198
-0.001190
-0.001183
-0.001175
-0.001167
-0.001159
-0.001150
-0.001141
-0.001133
-0.001123
-0.001114
-0.001104
-0.001094
-0.001084
-0.001074
-0.001063
-0.001052
-0.001040
-0.001028
-0.001016
-0.001003
-0.000991
-0.000978
-0.000964
-0.000951
-0.000937
-0.000924
-0.000910
-0.000897
-0.000884
-0.000871
-0.000858
-0.000846
-0.000834
-0.000823
-0.000813
-0.000803
-0.000793
-0.000785
-0.000777
-0.000770
-0.000763
-0.000757
-0.000752
-0.000748
-0.000743
-0.000740
-0.000737
-0.000734
-0.000732
-0.000730
-0.000728
-0.000726
-0.000725
-0.000724
-0.000722
-0.000721
-0.000720
-0.000719
-0.000718
-0.000717
-0.000716
-0.000715
-0.000714
-0.000713
-0.000711
-0.000710
-0.000709
-0.000707
-0.000705
-0.000703
-0.000701
-0.000698
-0.000695
-0.000691
-0.000687
-0.000683
-0.000678
-0.000673
-0.000667
-0.000661
-0.000654
-0.000647
-0.000640
-0.000632
-0.000625
-0.000617
-0.000610
-0.000602
-0.000595
-0.000588
-0.000582
-0.000576
-0.000571
-0.000567
-0.000563
-0.000560
-0.000558
-0.000557
-0.000556
-0.000556
-0.000558
-0.000560
-0.000562
-0.000565
-0.000569
-0.000574
-0.000579
-0.000584
-0.000590
-0.000596
-0.000602
-0.000608
-0.000614
-0.000620
-0.000627
-0.000633
-0.000639
-0.000644
-0.000650
-0.000655
-0.000660
-0.000664
-0.000668
-0.000672
-0.000675
-0.000677
-0.000679
-0.000681
-0.000681
-0.000681
-0.000681
-0.000679
-0.000677
-0.000673
-0.000669
-0.000664
-0.000658
-0.000651
-0.000644
-0.000635
-0.000625
-0.000615
-0.000603
-0.000591
-0.000579
-0.000565
-0.000552
-0.000538
-0.000523
-0.000509
-0.000495
-0.000481
-0.000467
-0.000453
-0.000441
-0.000429
-0.000417
-0.000407
-0.000398
-0.000389
-0.000382
-0.000376
-0.000372
-0.000368
-0.000365
-0.000364
-0.000364
-0.000365
-0.000367
-0.000369
-0.000373
-0.000377
-0.000382
-0.000387
-0.000393
-0.000399
-0.000405
-0.000412
-0.000418
-0.000425
-0.000431
-0.000438
-0.000444
-0.000449
-0.000455
-0.000460
-0.000465
-0.000469
-0.000472
-0.000476
-0.000478
-0.000481
-0.000483
-0.000484
-0.000485
-0.000486
-0.000486
-0.000486
-0.000486
-0.000485
-0.000485
-0.000484
-0.000484
-0.000483
-0.000482
-0.000482
-0.000482
-0.000482
-0.000482
-0.000483
-0.000484
-0.000486
-0.000488
-0.000490
-0.000492
-0.000495
-0.000499
-0.000503
-0.000507
-0.000511
-0.000516
-0.000521
-0.000526
-0.000531
-0.000537
-0.000543
-0.000549
-0.000556
-0.000563
-0.000570
-0.000578
-0.000586
-0.000595
-0.000605
-0.000616
-0.000627
-0.000639
-0.000653
-0.000667
-0.000683
-0.000699
-0.000717
-0.000736
-0.000757
-0.000778
-0.000800
-0.000824
-0.000848
-0.000874
-0.000899
-0.000926
-0.000952
-0.000979
-0.001006
-0.001033
-0.001059
-0.001085
-0.001110
-0.001135
-0.001159
-0.001181
-0.001203
-0.001224
-0.001243
-0.001262
-0.001279
-0.001296
-0.001312
-0.001327
-0.001341
-0.001355
-0.001368
-0.001381
-0.001394
-0.001407
-0.001420
-0.001433
-0.001446
-0.001460
-0.001474
-0.001488
-0.001503
-0.001518
-0.001534
-0.001550
-0.001566
-0.001582
-0.001599
-0.001615
-0.001632
-0.001647
-0.001663
-0.001677
-0.001690
-0.001702
-0.001713
-0.001721
-0.001728
-0.001732
-0.001734
-0.001733
-0.001728
-0.001720
-0.001709
-0.001694
-0.001675
-0.001652
-0.001626
-0.001595
-0.001560
-0.001522
-0.001480
-0.001435
-0.001387
-0.001337
-0.001284
-0.001231
-0.001176
-0.001120
-0.001065
-0.001011
-0.000958
-0.000907
-0.000858
-0.000813
-0.000770
-0.000732
-0.000698
