-0.796781
0.134815
-0.192647
-0.009321
0.071832
-0.056592
-0.068862
-0.005925
0.056818
-0.168329
0.180374
-0.160077
-0.014671
0.026407
-0.026589
-0.039889
-0.013504
-0.044288
-0.003108
0.008853
-0.087960
0.055267
-0.079998
-0.027757
0.047840
-0.086070
-0.004732
-0.018648
-0.006299
-0.048452
-0.014797
-0.019240
-0.016860
-0.015899
-0.036691
-0.014437
-0.039543
0.002789
-0.028669
-0.034549
-0.015702
-0.025262
-0.017856
-0.019133
-0.033786
0.000682
-0.052934
-0.005545
-0.019365
-0.039475
-0.006428
-0.029552
-0.021698
0.001974
-0.094634
0.000544
0.149267
-0.257140
-0.235953
0.783662
-0.134497
-2.305992
3.027399
3.527082
3.382653
1.265075
0.673255
0.431699
0.346358
0.129023
0.200670
0.336071
0.244972
0.628109
0.298553
0.107884
0.279143
0.469638
0.268228
0.245459
0.209502
0.190408
0.284585
0.226131
0.256357
0.161185
0.238057
0.282530
0.195548
0.174356
0.195944
0.312528
0.206316
0.172505
0.136197
0.232541
0.265896
0.176390
0.149683
0.155225
0.249259
0.182399
0.169923
0.154732
0.210680
0.183110
0.160230
0.171845
0.161861
0.189826
0.133276
0.213744
0.143564
0.144270
0.168622
0.175398
0.121798
0.175474
0.125840
0.153879
0.151957
0.128988
0.127919
0.154034
0.182609
0.075890
0.132013
0.155382
0.147398
0.092569
0.146251
0.127193
0.127254
0.125934
0.110496
0.121586
0.116187
0.115897
0.128842
0.114156
0.107987
0.108187
0.115498
0.116047
0.076933
0.152232
0.068044
0.094371
0.072691
0.110435
0.096657
0.096884
0.094881
0.086875
0.095525
0.095786
0.106992
0.060449
0.080512
0.125489
0.074948
0.067841
0.092255
0.095092
0.064616
0.094295
0.080853
0.093342
0.060981
0.076383
0.080680
0.081914
0.064687
0.065242
0.064057
0.090770
0.065105
0.038203
0.111578
0.060107
0.067852
0.051576
0.075066
0.068955
0.068716
0.041327
0.065556
0.077307
0.058355
0.052840
0.041510
0.095760
0.035331
0.051399
0.064015
0.071289
0.035075
0.059760
0.051923
0.053312
0.066326
0.034880
0.057431
0.053001
0.056799
0.031107
0.044809
0.069208
0.047277
0.021302
0.059366
0.058047
0.038582
0.028632
0.054200
0.040761
0.042180
0.040458
0.033762
0.062002
0.030372
0.033162
0.044676
0.041254
0.045256
0.016335
0.065202
0.026900
0.037654
0.023212
0.058667
0.010004
0.049790
0.024293
0.043971
0.034844
0.042686
0.008437
0.044037
0.045818
0.035366
-0.015012
0.072358
0.023375
0.019052
0.013549
0.056343
0.019675
0.034681
0.003026
0.059506
0.027147
0.026592
0.002808
0.028192
0.060976
0.022109
-0.019450
0.055927
0.039880
0.014210
-0.000058
0.045875
0.022155
0.033432
-0.001761
0.048155
0.012408
0.013436
0.024828
0.017226
0.033893
0.019963
-0.006344
0.042841
0.033672
-0.004514
0.026309
0.025187
0.010700
0.031796
0.001154
0.033850
0.023376
0.012402
-0.003659
0.036027
0.025364
0.003635
-0.001824
0.035025
0.032995
-0.006957
0.009530
0.017781
0.032131
-0.007173
0.020398
0.013183
0.030610
-0.002450
0.004686
0.009826
0.041737
-0.005574
-0.000835
0.031515
0.026193
-0.030305
0.030000
0.012778
0.019331
0.002199
0.006030
0.013846
0.024864
-0.005438
0.002441
0.006046
0.037766
-0.013876
0.000597
0.031434
0.011649
-0.014616
0.021865
-0.004736
0.018229
-0.009971
0.021834
-0.008856
0.021423
0.000247
0.011425
-0.005664
0.018988
0.009319
-0.030054
0.053949
0.000633
-0.025015
0.023660
0.014038
0.002946
-0.000192
-0.001419
0.028735
0.002666
-0.014950
0.006368
-0.002821
0.027989
-0.002693
-0.030187
0.038255
-0.001779
0.013309
-0.032307
0.013550
0.014964
-0.000384
-0.008611
0.005531
0.014090
-0.000623
-0.008783
-0.004343
0.026448
-0.006545
-0.021176
0.018919
0.020880
-0.028418
-0.000903
0.010584
0.000500
-0.001310
-0.017769
0.026290
-0.005025
0.004787
-0.016373
-0.002765
0.026879
-0.016955
-0.018092
0.014569
0.012624
-0.015042
-0.006428
-0.005852
0.007697
-0.001499
-0.007945
0.000801
0.002234
0.007544
-0.019803
-0.008682
0.026240
-0.013398
-0.016643
0.016554
0.000003
-0.024996
0.009519
-0.005816
0.013012
-0.026011
-0.002265
0.013219
-0.012057
0.010793
-0.028499
0.003367
0.013600
-0.005663
-0.029186
0.010377
0.010816
-0.018640
-0.009459
0.000984
0.007264
-0.016753
-0.005170
0.001128
0.008132
-0.014308
-0.016994
-0.013481
0.034283
-0.014238
-0.029317
0.011016
0.007378
-0.031691
0.013922
-0.019038
0.010502
-0.022770
-0.003364
0.006724
-0.005689
-0.010814
-0.001125
-0.021441
0.023199
-0.021638
-0.030836
0.018629
0.007930
-0.021766
-0.007682
-0.008555
-0.006013
0.003387
-0.024754
0.007998
-0.001770
-0.004990
-0.023405
-0.018158
0.029076
-0.010437
-0.044775
0.026459
0.012026
-0.043088
-0.000975
-0.011449
0.004183
-0.000303
-0.031528
0.009807
0.008186
-0.024251
-0.015581
-0.013164
0.022126
-0.012127
-0.040913
0.017315
-0.003548
-0.023641
0.008479
-0.014998
-0.009606
0.007439
-0.027277
0.003937
0.001564
-0.011382
-0.015128
-0.023013
0.026407
-0.025011
-0.019548
-0.003538
0.016534
-0.025761
-0.018297
-0.001724
0.004748
-0.010060
-0.033756
0.028549
-0.015772
-0.002887
-0.035557
-0.005743
0.026431
-0.024536
-0.033366
0.011966
0.007634
-0.030740
-0.002048
-0.017944
-0.002348
-0.000263
-0.023432
0.009644
-0.011454
-0.009634
-0.022068
-0.007749
0.008998
-0.023246
-0.025900
0.022264
-0.004353
-0.034156
-0.000758
-0.003120
-0.011203
-0.015082
-0.014775
0.012025
-0.019686
-0.006313
-0.019236
-0.009138
0.006752
-0.011007
-0.039349
0.025917
-0.016585
-0.016573
-0.018274
-0.003390
-0.002462
-0.016453
-0.012401
0.001378
0.000707
-0.017019
-0.018030
-0.018016
0.020714
-0.012126
-0.054481
0.028228
0.005008
-0.029383
-0.017133
-0.004753
-0.001092
-0.011704
-0.024560
-0.003498
0.013687
-0.019750
-0.026444
-0.019448
0.016024
0.008106
-0.062573
0.022475
-0.003769
-0.019978
-0.019302
-0.002015
-0.004569
-0.018811
-0.010318
0.002418
-0.017696
-0.010274
0.000953
-0.043319
0.037750
-0.034316
-0.016195
-0.000815
-0.002864
-0.018015
-0.017082
-0.006454
-0.011582
0.002900
-0.032329
0.010108
-0.021041
-0.000062
-0.019257
-0.019016
0.012591
-0.020538
-0.034918
0.020013
-0.011771
-0.023567
-0.008553
-0.002637
-0.020905
0.000532
-0.026314
-0.001078
0.003139
-0.011811
-0.031077
-0.006607
-0.001463
-0.005522
-0.033856
0.011431
0.001013
-0.031344
-0.008546
-0.008053
-0.013294
-0.013396
-0.008366
-0.001930
-0.017111
-0.005993
-0.016395
-0.027254
0.020966
-0.019353
-0.035528
0.009075
0.005707
-0.030436
-0.016881
-0.001600
-0.013607
-0.015360
-0.013579
-0.006280
0.000229
-0.013306
-0.023718
-0.010912
0.006552
-0.013469
-0.045496
0.017436
0.006140
-0.029468
-0.027022
-0.006543
0.007476
-0.026529
-0.014536
0.000012
-0.012606
-0.000803
-0.039401
0.004398
-0.006524
-0.010957
-0.043223
0.025578
-0.012517
-0.026447
-0.014591
-0.004720
-0.012649
-0.007088
-0.014828
-0.007188
-0.020670
-0.000841
-0.022213
-0.018668
0.012023
-0.018016
-0.037345
0.019662
-0.006244
-0.030722
-0.008392
-0.007950
-0.007264
-0.007873
-0.029054
0.006283
-0.013500
-0.011520
-0.024686
-0.007183
0.005953
-0.021219
-0.034264
0.015851
-0.011793
-0.025618
-0.006475
-0.006870
-0.019149
-0.005928
-0.031287
0.014107
-0.019283
-0.010590
-0.014719
-0.026706
0.011398
-0.015610
-0.040386
0.027007
-0.005643
-0.040083
-0.008434
0.003962
-0.005267
-0.010195
-0.026284
0.011774
-0.006453
-0.012986
-0.034060
-0.003358
0.006176
-0.007016
-0.049090
0.015271
-0.005167
-0.018080
-0.018744
-0.018361
-0.002452
0.000157
-0.036054
-0.000533
0.007265
-0.021759
-0.025740
-0.018016
0.015893
-0.016000
-0.042204
0.010976
-0.001023
-0.031334
-0.001037
-0.024305
0.008921
-0.030040
-0.002459
-0.017018
0.002150
-0.019862
-0.017953
-0.016644
0.014161
0.001527
-0.032314
0.011952
0.009129
-0.042668
-0.009725
-0.013167
-0.007927
-0.007147
-0.026756
0.014676
-0.018588
-0.005460
-0.022012
-0.021512
0.009766
-0.020139
-0.029975
0.020730
-0.017457
-0.037788
0.001818
-0.006635
-0.017156
-0.005404
-0.030975
0.002452
0.004015
-0.027159
-0.028595
-0.008908
0.012265
-0.008826
-0.054716
0.020945
-0.010561
-0.025884
-0.010529
-0.015993
0.002563
-0.023705
-0.010624
-0.012095
-0.003518
-0.024289
-0.006764
-0.039829
0.032848
-0.026720
-0.043029
0.020313
-0.014651
-0.021185
-0.024855
0.010540
-0.029354
-0.008310
-0.032823
0.025391
-0.027255
-0.010575
-0.036696
-0.001599
0.006379
-0.022774
-0.033447
0.002938
-0.003976
-0.021457
-0.019892
-0.013382
-0.002650
-0.020211
-0.021787
-0.001376
-0.014475
-0.005660
-0.025693
-0.029102
0.019700
-0.019117
-0.045714
0.017174
-0.012545
-0.022490
-0.022651
-0.010855
-0.005302
-0.004807
-0.034963
-0.003987
-0.007446
-0.017722
-0.028254
-0.017717
0.015109
-0.026201
-0.031178
0.007428
-0.018123
-0.013882
-0.020778
-0.017900
-0.007036
-0.009078
-0.032394
0.005975
-0.022889
-0.007797
-0.030768
-0.017126
0.006031
-0.017611
-0.035107
0.004411
-0.001918
-0.042614
0.007923
-0.047104
0.040370
-0.077387
0.054721
-0.142098
0.188254
-0.183410
0.048842
-0.043000
0.017649
-0.012701
-0.060426
0.027411
-0.027832
-0.001019
-0.052470
0.030905
-0.062436
0.010298
-0.017132
-0.015748
-0.019339
-0.002884
-0.032605
-0.014281
0.009747
-0.037733
-0.018624
-0.012686
0.003122
-0.032973
-0.020003
-0.006986
-0.013308
-0.025908
-0.016929
-0.010378
-0.007969
-0.022607
-0.028978
-0.003406
-0.011168
-0.014951
-0.027782
-0.017282
0.002979
-0.028471
-0.029094
0.002404
-0.022407
-0.022303
-0.012214
-0.023881
0.001837
-0.014366
-0.038639
-0.011195
-0.004233
-0.028329
-0.016201
-0.017849
-0.004112
-0.006616
-0.056646
0.000699
0.011420
-0.019293
-0.139298
0.169850
-0.108370
0.001375
-0.110371
0.019979
-0.000012
-0.003500
-0.064107
0.001901
0.005189
-0.056318
0.014461
-0.054779
-0.006275
-0.017965
-0.015424
-0.027542
-0.017282
-0.021775
-0.018542
-0.020520
-0.030317
-0.002169
-0.043770
-0.011561
-0.001192
-0.049328
-0.009753
-0.035524
-0.001602
-0.029433
-0.034793
-0.004744
-0.024264
-0.018129
-0.037581
-0.018297
-0.015782
-0.014957
-0.044418
-0.002743
-0.021716
-0.033191
-0.016490
-0.027592
-0.020053
-0.017132
-0.044751
-0.007102
-0.017722
-0.034935
-0.016961
-0.027603
-0.030669
-0.003354
-0.043946
-0.025032
-0.013946
-0.040003
-0.001982
-0.044885
0.004987
-0.100168
0.136102
-0.219282
0.118463
-0.227310
0.718019
-1.694287
1.878068
