0.006689
0.005911
0.004778
0.003493
0.002252
0.001204
0.000429
-0.000067
-0.000332
-0.000442
-0.000476
-0.000493
-0.000533
-0.000607
-0.000712
-0.000836
-0.000964
-0.001085
-0.001193
-0.001284
-0.001360
-0.001423
-0.001476
-0.001522
-0.001563
-0.001601
-0.001638
-0.001676
-0.001715
-0.001757
-0.001802
-0.001849
-0.001898
-0.001950
-0.002003
-0.002059
-0.002117
-0.002179
-0.002244
-0.002310
-0.002376
-0.002436
-0.002485
-0.002511
-0.002498
-0.002407
-0.002164
-0.001622
-0.000510
0.001639
0.005581
0.012448
0.023807
0.041636
0.068162
0.105523
0.155252
0.217653
0.291228
0.372337
0.455301
0.533043
0.598204
0.644516
0.668073
0.668133
0.647218
0.610478
0.564515
0.516006
0.470515
0.431735
0.401297
0.379044
0.363614
0.353091
0.345563
0.339494
0.333867
0.328177
0.322306
0.316371
0.310583
0.305146
0.300197
0.295793
0.291919
0.288510
0.285479
0.282736
0.280203
0.277822
0.275553
0.273372
0.271266
0.269225
0.267241
0.265304
0.263400
0.261520
0.259656
0.257806
0.255970
0.254157
0.252374
0.250629
0.248927
0.247267
0.245646
0.244052
0.242473
0.240893
0.239295
0.237664
0.235988
0.234259
0.232473
0.230632
0.228742
0.226815
0.224865
0.222908
0.220960
0.219032
0.217133
0.215268
0.213438
0.211641
0.209872
0.208128
0.206400
0.204683
0.202968
0.201246
0.199510
0.197756
0.195984
0.194197
0.192406
0.190622
0.188855
0.187112
0.185396
0.183701
0.182020
0.180342
0.178661
0.176975
0.175287
0.173606
0.171941
0.170302
0.168692
0.167115
0.165570
0.164053
0.162560
0.161090
0.159638
0.158201
0.156776
0.155358
0.153943
0.152528
0.151111
0.149691
0.148267
0.146841
0.145412
0.143983
0.142553
0.141126
0.139705
0.138295
0.136903
0.135534
0.134192
0.132880
0.131595
0.130334
0.129091
0.127860
0.126634
0.125408
0.124180
0.122950
0.121721
0.120496
0.119280
0.118080
0.116898
0.115736
0.114591
0.113461
0.112344
0.111236
0.110140
0.109057
0.107991
0.106950
0.105937
0.104956
0.104007
0.103089
0.102196
0.101321
0.100460
0.099607
0.098758
0.097912
0.097067
0.096221
0.095373
0.094519
0.093656
0.092782
0.091895
0.090997
0.090094
0.089192
0.088302
0.087430
0.086581
0.085756
0.084952
0.084162
0.083379
0.082598
0.081816
0.081033
0.080254
0.079483
0.078726
0.077986
0.077267
0.076571
0.075898
0.075249
0.074621
0.074012
0.073417
0.072830
0.072247
0.071665
0.071084
0.070508
0.069941
0.069389
0.068856
0.068343
0.067847
0.067361
0.066874
0.066373
0.065847
0.065284
0.064683
0.064045
0.063380
0.062704
0.062034
0.061387
0.060774
0.060203
0.059677
0.059191
0.058741
0.058319
0.057916
0.057523
0.057130
0.056728
0.056307
0.055860
0.055383
0.054875
0.054342
0.053792
0.053238
0.052690
0.052161
0.051657
0.051185
0.050744
0.050333
0.049946
0.049575
0.049211
0.048846
0.048471
0.048084
0.047683
0.047273
0.046860
0.046451
0.046053
0.045672
0.045306
0.044955
0.044610
0.044265
0.043911
0.043539
0.043148
0.042738
0.042317
0.041895
0.041486
0.041101
0.040748
0.040429
0.040142
0.039875
0.039618
0.039359
0.039088
0.038799
0.038492
0.038170
0.037837
0.037502
0.037172
0.036852
0.036546
0.036257
0.035981
0.035715
0.035454
0.035191
0.034923
0.034646
0.034362
0.034072
0.033782
0.033496
0.033219
0.032952
0.032695
0.032446
0.032202
0.031961
0.031720
0.031480
0.031242
0.031010
0.030787
0.030575
0.030375
0.030185
0.029999
0.029812
0.029616
0.029408
0.029184
0.028947
0.028700
0.028451
0.028208
0.027978
0.027765
0.027570
0.027391
0.027224
0.027064
0.026906
0.026746
0.026580
0.026407
0.026227
0.026041
0.025852
0.025665
0.025484
0.025315
0.025159
0.025017
0.024886
0.024762
0.024637
0.024505
0.024362
0.024204
0.024033
0.023852
0.023665
0.023480
0.023301
0.023134
0.022982
0.022844
0.022721
0.022610
0.022509
0.022416
0.022329
0.022247
0.022166
0.022083
0.021995
0.021897
0.021786
0.021662
0.021527
0.021384
0.021239
0.021099
0.020966
0.020843
0.020729
0.020620
0.020511
0.020399
0.020281
0.020156
0.020028
0.019901
0.019779
0.019667
0.019567
0.019480
0.019402
0.019330
0.019258
0.019184
0.019103
0.019015
0.018919
0.018819
0.018714
0.018607
0.018496
0.018382
0.018265
0.018146
0.018027
0.017913
0.017809
0.017716
0.017637
0.017567
0.017504
0.017444
0.017383
0.017319
0.017253
0.017187
0.017121
0.017055
0.016988
0.016920
0.016847
0.016769
0.016688
0.016605
0.016523
0.016446
0.016375
0.016312
0.016256
0.016205
0.016156
0.016106
0.016053
0.015994
0.015929
0.015859
0.015786
0.015712
0.015643
0.015579
0.015522
0.015472
0.015424
0.015375
0.015323
0.015266
0.015206
0.015145
0.015086
0.015034
0.014988
0.014948
0.014913
0.014881
0.014848
0.014813
0.014775
0.014735
0.014691
0.014646
0.014601
0.014558
0.014517
0.014480
0.014448
0.014419
0.014392
0.014367
0.014344
0.014323
0.014306
0.014293
0.014283
0.014273
0.014260
0.014238
0.014204
0.014156
0.014095
0.014023
0.013945
0.013867
0.013793
0.013729
0.013674
0.013630
0.013594
0.013562
0.013530
0.013495
0.013452
0.013403
0.013348
0.013289
0.013233
0.013180
0.013135
0.013098
0.013067
0.013040
0.013017
0.012996
0.012976
0.012958
0.012942
0.012928
0.012916
0.012904
0.012894
0.012884
0.012876
0.012868
0.012862
0.012855
0.012845
0.012830
0.012809
0.012781
0.012746
0.012705
0.012660
0.012613
0.012563
0.012512
0.012459
0.012404
0.012349
0.012294
0.012243
0.012197
0.012156
0.012119
0.012084
0.012050
0.012015
0.011978
0.011940
0.011903
0.011871
0.011845
0.011827
0.011816
0.011808
0.011799
0.011784
0.011759
0.011722
0.011675
0.011624
0.011574
0.011534
0.011509
0.011502
0.011511
0.011531
0.011556
0.011577
0.011588
0.011584
0.011563
0.011525
0.011473
0.011413
0.011350
0.011291
0.011241
0.011205
0.011184
0.011176
0.011177
0.011182
0.011187
0.011187
0.011182
0.011174
0.011164
0.011157
0.011156
0.011165
0.011187
0.011224
0.011276
0.011343
0.011424
0.011515
0.011610
0.011702
0.011780
0.011838
0.011866
0.011863
0.011828
0.011763
0.011676
0.011574
0.011467
0.011365
0.011276
0.011208
0.011165
0.011149
0.011158
0.011187
0.011229
0.011279
0.011329
0.011376
0.011418
0.011454
0.011483
0.011505
0.011520
0.011531
0.011541
0.011554
0.011575
0.011611
0.011666
0.011742
0.011839
0.011951
0.012068
0.012178
0.012266
0.012320
0.012332
0.012298
0.012222
0.012115
0.011989
0.011858
0.011734
0.011626
0.011536
0.011465
0.011410
0.011367
0.011330
0.011296
0.011262
0.011226
0.011186
0.011145
0.011104
0.011065
0.011029
0.011000
0.010976
0.010956
0.010940
0.010925
0.010911
0.010895
0.010878
0.010860
0.010840
0.010815
0.010784
0.010745
0.010697
0.010640
0.010579
0.010518
0.010463
0.010420
0.010393
0.010383
0.010387
0.010402
0.010421
0.010437
0.010442
0.010432
0.010402
0.010355
0.010292
0.010222
0.010151
0.010087
0.010038
0.010005
0.009990
0.009987
0.009992
0.009997
0.009998
0.009992
0.009978
0.009956
0.009929
0.009899
0.009867
0.009837
0.009808
0.009782
0.009761
0.009744
0.009732
0.009723
0.009715
0.009705
0.009692
0.009675
0.009651
0.009624
0.009594
0.009564
0.009538
0.009517
0.009502
0.009493
0.009488
0.009484
0.009481
0.009477
0.009472
0.009469
0.009470
0.009476
0.009487
0.009498
0.009504
0.009499
0.009479
0.009443
0.009392
0.009331
0.009267
0.009206
0.009154
0.009113
0.009084
0.009067
0.009060
0.009061
0.009066
0.009073
0.009077
0.009075
0.009064
0.009043
0.009013
0.008979
0.008944
0.008916
0.008900
0.008901
0.008920
0.008960
0.009020
0.009101
0.009199
0.009308
0.009420
0.009524
0.009609
0.009663
0.009680
0.009659
0.009603
0.009521
0.009421
0.009315
0.009212
0.009120
0.009044
0.008988
0.008952
0.008936
0.008936
0.008944
0.008954
0.008958
0.008951
0.008927
0.008888
0.008835
0.008773
0.008708
0.008644
0.008583
0.008528
0.008478
0.008429
0.008381
0.008331
0.008277
0.008220
0.008163
0.008107
0.008057
0.008013
0.007978
0.007950
0.007928
0.007909
0.007891
0.007872
0.007852
0.007831
0.007807
0.007780
0.007749
0.007714
0.007674
0.007633
0.007593
0.007556
0.007524
0.007497
0.007475
0.007456
0.007436
0.007415
0.007390
0.007363
0.007332
0.007298
0.007259
0.007216
0.007169
0.007119
0.007069
0.007022
0.006982
0.006950
0.006927
0.006910
0.006898
0.006885
0.006868
0.006844
0.006810
0.006764
0.006707
0.006640
0.006567
0.006492
0.006419
0.006352
0.006295
0.006249
0.006214
0.006190
0.006175
0.006166
0.006159
0.006149
0.006133
0.006105
0.006066
0.006014
0.005953
0.005887
0.005819
0.005755
0.005696
0.005643
0.005598
0.005558
0.005522
0.005489
0.005458
0.005431
0.005406
0.005385
0.005370
0.005363
0.005366
0.005380
0.005405
0.005439
0.005477
0.005512
0.005537
0.005545
0.005531
0.005494
0.005434
0.005357
0.005270
0.005179
0.005091
0.005008
0.004934
0.004868
0.004810
0.004759
0.004713
0.004670
0.004626
0.004578
0.004524
0.004464
0.004397
0.004326
0.004255
0.004187
0.004126
0.004075
0.004033
0.003998
0.003969
0.003940
0.003907
0.003868
0.003820
0.003764
0.003702
0.003637
0.003574
0.003515
0.003460
0.003408
0.003351
0.003284
0.003194
0.003073
0.002910
0.002699
0.002435
0.002125
0.001780
0.001423
0.001081
0.000784
0.000557
0.000414
0.000354
0.000364
0.000417
0.000481
0.000531
0.000546
0.000517
0.000447
0.000345
0.000222
0.000091
-0.000040
-0.000166
-0.000283
-0.000394
-0.000501
-0.000608
-0.000719
-0.000838
-0.000964
-0.001097
-0.001233
-0.001367
-0.001497
-0.001619
-0.001733
-0.001843
-0.001952
-0.002063
-0.002177
-0.002294
-0.002413
-0.002530
-0.002641
-0.002744
-0.002840
-0.002927
-0.003005
-0.003073
-0.003129
-0.003168
-0.003186
-0.003180
-0.003151
-0.003104
-0.003047
-0.002996
-0.002963
-0.002962
-0.003002
-0.003082
-0.003192
-0.003310
-0.003397
-0.003403
-0.003265
-0.002917
-0.002299
-0.001373
-0.000144
0.001331
0.002929
0.004476
0.005775
0.006643
0.006958
