-0.501058
0.090752
-0.127751
-0.001299
0.048642
-0.030908
-0.032538
-0.014006
0.041288
-0.099346
0.117621
-0.104266
-0.010064
0.024383
-0.014803
-0.017216
-0.012769
-0.016221
-0.005897
0.023093
-0.083484
0.054737
-0.044045
-0.015148
0.026036
-0.052652
0.002565
-0.001589
-0.011442
-0.019299
-0.010736
0.001410
-0.023585
-0.002417
-0.022318
-0.000403
-0.026180
0.003920
-0.009926
-0.028859
0.002764
-0.005981
-0.010575
-0.026644
-0.003138
-0.008376
-0.022554
-0.001698
-0.008698
-0.026045
-0.000075
-0.012895
-0.014175
0.012026
-0.065423
0.029842
0.061953
-0.184808
-0.058745
0.512954
-0.350035
-1.166420
2.440544
2.006298
1.361593
0.807171
0.464636
0.522386
0.191625
0.018894
0.174571
0.300550
0.199697
0.306258
0.182841
0.071101
0.262605
0.277492
0.113411
0.192058
0.150185
0.151338
0.193123
0.111368
0.178173
0.152977
0.121529
0.212085
0.108893
0.098909
0.184688
0.189991
0.095238
0.137054
0.110391
0.147268
0.179465
0.097122
0.102152
0.137267
0.154815
0.103617
0.107624
0.109749
0.144984
0.103013
0.098026
0.117864
0.115412
0.112615
0.096404
0.127245
0.097914
0.093940
0.115879
0.079442
0.107445
0.090501
0.095533
0.103676
0.078853
0.087494
0.109936
0.088289
0.092242
0.082777
0.083681
0.094399
0.093876
0.068311
0.098426
0.050099
0.140341
0.034777
0.058061
0.067868
0.092480
0.068955
0.075342
0.075973
0.069232
0.063008
0.078582
0.075156
0.060789
0.055481
0.077106
0.072712
0.047752
0.071379
0.054160
0.066086
0.053371
0.056062
0.067754
0.051164
0.063632
0.037624
0.054155
0.065383
0.052188
0.028631
0.074249
0.038762
0.055392
0.039562
0.056870
0.047515
0.042394
0.047289
0.054854
0.048711
0.031759
0.051207
0.036718
0.058402
0.025357
0.021982
0.068856
0.032121
0.037626
0.033924
0.041546
0.036488
0.038571
0.024351
0.041349
0.044451
0.020744
0.037098
0.025956
0.052164
0.009885
0.040824
0.027585
0.054549
0.009439
0.024929
0.050394
0.032883
0.016640
0.021503
0.049234
0.015963
0.039422
0.001708
0.041472
0.047092
0.000107
0.020079
0.032424
0.034007
0.011034
0.026182
0.014203
0.029599
0.026185
0.011778
0.035747
0.028175
0.013767
0.008261
0.032416
0.031878
0.021774
-0.008145
0.054034
0.010304
0.010778
0.014433
0.036070
0.012352
-0.000155
0.024092
0.034277
0.001482
0.033102
0.003676
0.020663
0.018413
0.019022
0.000328
0.035480
0.013546
0.010287
0.006868
0.022231
0.013023
0.008859
0.012725
0.018455
0.027345
0.004027
0.007096
0.031276
0.015147
0.011988
0.006224
0.011765
0.030188
-0.014010
0.020443
0.018939
0.006834
0.006420
0.012946
0.011189
0.021135
0.006437
-0.008091
0.023181
0.020571
-0.007505
0.002991
0.036251
0.007990
-0.021043
0.025939
0.004851
0.016143
0.003863
0.003784
0.020785
0.006242
-0.000931
-0.010995
0.041842
-0.005351
0.001962
-0.011112
0.044059
0.007795
-0.022846
0.003669
0.021256
0.002984
-0.004791
-0.001454
0.020265
0.013902
-0.003358
-0.003400
0.016557
0.006834
-0.001230
-0.012897
0.021013
0.014813
-0.013086
0.004993
0.000156
0.028664
-0.018974
-0.005023
0.007874
0.033550
-0.021423
-0.009317
0.007335
0.036014
-0.012236
-0.032605
0.042766
0.021380
-0.010564
-0.005791
0.011184
0.007946
0.017570
-0.033859
0.026319
-0.004912
0.005618
-0.005351
-0.006530
0.027252
0.002346
-0.030462
0.024631
0.002521
-0.013232
0.005011
0.010937
-0.012590
-0.002462
0.004070
0.006464
-0.004390
0.002729
-0.000001
-0.006557
0.030578
-0.026097
-0.008936
0.014627
0.008303
-0.003313
-0.015694
0.006305
0.002296
-0.003836
-0.009310
0.011657
-0.005890
0.007265
-0.019181
0.006840
0.007636
-0.001302
-0.022057
0.015464
0.003564
-0.017562
0.003368
-0.000983
0.005422
-0.007078
-0.008182
0.002325
0.008038
-0.010324
-0.011838
0.004875
0.007997
-0.007534
-0.018151
0.011928
0.008501
-0.018658
-0.008353
0.011147
-0.004345
-0.004065
-0.005307
0.004893
0.005682
-0.016097
-0.013526
0.005057
0.013552
-0.018731
-0.010000
0.011538
0.004378
-0.021045
-0.002262
0.002993
0.001573
-0.017336
-0.003263
0.013438
-0.005011
-0.009274
-0.016853
0.009496
0.009266
-0.009144
-0.024565
0.018235
-0.007697
-0.008164
0.005486
-0.018084
0.003317
0.003002
-0.011696
-0.013815
0.019059
-0.013340
-0.008947
-0.013447
0.023062
-0.024670
-0.012221
0.029896
-0.016419
-0.018583
0.001101
0.003967
-0.012184
0.002493
-0.012651
0.006632
-0.004065
-0.010248
-0.014067
0.001872
0.015842
-0.025873
-0.009263
0.012420
-0.006118
-0.012943
-0.019501
0.016342
-0.010523
-0.009427
-0.006049
0.003231
-0.008915
-0.002813
-0.018314
0.013490
0.003197
-0.022543
-0.018815
0.017442
-0.000552
-0.030946
0.010937
-0.005913
0.000462
-0.016288
-0.008212
0.002308
0.001519
-0.016567
-0.008683
-0.007338
0.019634
-0.017166
-0.028099
0.024260
-0.003127
-0.029847
-0.006796
0.007849
-0.003609
-0.008973
0.000244
-0.018366
0.006152
-0.004518
-0.016947
-0.008294
0.020383
-0.016516
-0.031544
0.026131
-0.013615
-0.009604
-0.009255
0.004509
-0.009744
-0.008064
-0.008639
0.005291
-0.009802
-0.014822
-0.005359
-0.000871
0.003991
-0.021343
-0.004657
0.004460
-0.000643
-0.027854
0.007541
-0.012935
0.009199
-0.014673
-0.003965
0.000711
-0.000913
-0.013698
-0.017784
0.011223
0.000843
-0.009364
-0.029247
0.019232
-0.005790
-0.016207
-0.005038
-0.002033
0.006731
-0.023527
-0.011754
0.009309
0.000962
-0.015959
-0.003457
-0.017726
0.015205
-0.013295
-0.025195
0.019781
-0.005160
-0.022123
0.005393
-0.016664
-0.001794
0.001269
-0.016502
-0.006869
0.006669
-0.003426
-0.020130
-0.004641
0.000735
-0.003085
-0.023306
0.010622
-0.000562
-0.029857
0.005423
-0.000983
0.000706
-0.028456
0.004653
-0.004963
0.010886
-0.033598
-0.007540
0.004739
0.002558
-0.004136
-0.036105
0.021700
-0.000993
-0.019623
-0.011555
-0.009498
0.012358
-0.010791
-0.023759
0.020377
-0.022201
0.005297
-0.026702
-0.000738
0.016240
-0.013367
-0.033984
0.024042
-0.010296
-0.021000
0.003290
-0.009936
0.000901
-0.006039
-0.020446
0.003546
0.001369
-0.004164
-0.025953
0.003474
0.002193
-0.010829
-0.015536
-0.002721
0.001758
-0.010238
-0.009042
-0.000820
-0.008404
-0.005770
-0.003924
-0.005545
-0.005732
-0.015553
0.000110
-0.007468
0.014042
-0.027509
-0.018076
0.011769
-0.004367
-0.010775
-0.011889
-0.002081
0.001109
-0.013755
-0.013937
0.007563
0.001324
-0.023423
-0.013206
0.000691
0.009197
-0.017243
-0.015413
0.011369
-0.011496
-0.016312
-0.009531
0.004414
0.000171
-0.008056
-0.023422
0.013189
-0.004873
-0.012606
-0.023287
0.009823
-0.005170
-0.003366
-0.018530
0.010271
-0.013181
-0.007095
-0.014861
0.003753
-0.001443
-0.017783
0.002850
0.004219
-0.023373
-0.002036
-0.009941
0.007504
-0.009170
-0.015100
-0.013753
0.012028
-0.004068
-0.015333
-0.009915
0.001142
-0.003308
-0.018206
-0.010790
0.013534
-0.012844
-0.005245
-0.005467
-0.003470
0.010738
-0.030658
-0.006179
0.018449
-0.019392
-0.001168
-0.016345
-0.000361
-0.001966
-0.008433
-0.014473
0.000632
0.011043
-0.028137
-0.003516
-0.009797
0.014616
-0.021285
-0.019029
0.012548
-0.005350
-0.013409
-0.009048
-0.003731
-0.001787
-0.009829
-0.019147
0.013188
-0.010070
-0.002881
-0.018727
-0.002693
0.009314
-0.015023
-0.024569
0.010547
-0.004127
-0.013791
-0.005193
-0.004626
-0.003902
-0.008110
0.000853
-0.006179
0.001973
-0.017712
-0.004280
-0.007904
0.002788
-0.009584
-0.014046
0.003155
-0.000666
-0.018719
0.003108
-0.005678
-0.015172
-0.003500
-0.011337
0.004694
-0.005595
-0.006598
-0.018225
-0.007303
0.014813
-0.019032
-0.004500
-0.010964
0.013436
-0.027271
-0.000121
-0.005548
0.006398
-0.028194
0.007006
-0.001605
-0.012816
-0.004577
-0.015477
0.000695
-0.000417
-0.012671
-0.013319
0.015047
-0.024211
-0.009561
-0.000111
0.005265
-0.013568
-0.014606
-0.010530
0.007776
-0.005296
-0.009755
-0.020077
-0.004440
0.015223
-0.020527
-0.022701
0.014279
0.008944
-0.034724
-0.000700
0.002424
-0.007356
-0.015664
-0.003551
-0.007916
0.008201
-0.021744
-0.012296
-0.001869
0.015933
-0.018001
-0.033738
0.025993
-0.004366
-0.025752
-0.006634
0.006148
-0.004537
-0.017244
-0.011475
0.006368
-0.010565
0.000669
-0.028337
0.003507
0.002109
-0.001440
-0.047607
0.035627
-0.006192
-0.030782
-0.001564
-0.001351
-0.003365
-0.003802
-0.023760
0.010524
-0.006062
-0.025069
-0.003336
-0.010709
0.016891
-0.019644
-0.016625
0.002840
-0.002581
-0.022076
0.003256
-0.012792
0.005070
-0.018917
-0.008166
0.000162
0.001643
-0.015660
-0.014236
-0.008739
0.015181
-0.026901
-0.015652
0.022058
-0.024408
-0.002523
-0.011878
-0.008631
0.000334
-0.008047
-0.016314
-0.000027
0.003177
-0.026093
-0.004563
-0.008367
0.014397
-0.035980
-0.004614
0.010915
-0.010805
-0.021037
0.004043
-0.018723
0.010851
-0.024159
-0.009611
0.008660
-0.015601
-0.011929
-0.002663
-0.018778
0.013222
-0.009646
-0.022030
-0.002110
-0.009417
-0.007126
0.006575
-0.034374
0.025300
-0.048237
0.048408
-0.090110
0.116009
-0.125050
0.042976
-0.024649
0.021694
-0.031903
-0.013600
0.007704
-0.002304
-0.017569
-0.030727
0.032643
-0.023005
-0.015680
-0.001827
-0.014613
0.006035
-0.011722
-0.023460
0.002296
0.009447
-0.029643
-0.002929
-0.011451
0.003744
-0.015840
-0.008587
-0.002565
-0.020355
0.006824
-0.016250
0.000865
-0.020101
0.000175
-0.011671
-0.003624
-0.003380
-0.021359
-0.007998
0.001656
-0.008260
-0.020768
-0.005304
0.008498
-0.022635
-0.007143
-0.009713
-0.002715
-0.004665
-0.011666
-0.022957
0.001838
0.006720
-0.024051
-0.018118
0.000267
0.011633
-0.030989
-0.022413
0.014489
0.004287
-0.028000
-0.062013
0.117824
-0.091183
-0.018599
-0.011313
-0.005317
0.001490
-0.018789
-0.023081
0.005215
0.008489
-0.042517
0.013394
-0.024336
-0.011275
0.002527
-0.027193
0.000100
-0.011823
-0.016336
-0.004424
-0.007262
-0.026395
0.007780
-0.035190
0.001968
-0.000701
-0.029290
0.006059
-0.011215
-0.022743
-0.003625
-0.012638
-0.007261
-0.012421
-0.015340
-0.008887
-0.012518
-0.007317
-0.014220
-0.022637
0.009172
-0.018668
-0.019670
-0.012553
-0.001466
-0.023562
-0.004507
-0.017073
-0.010209
-0.001989
-0.027217
-0.007758
-0.009870
-0.010570
-0.011795
-0.023885
-0.006360
0.001084
-0.035053
-0.002064
-0.006733
-0.017771
-0.046825
0.075007
-0.122593
0.073171
-0.147539
0.469178
-1.084602
1.199033
