-0.142514
0.028168
-0.024793
0.009389
0.001179
0.005321
-0.013329
0.014769
0.003942
-0.008392
0.021368
-0.012993
-0.012083
0.033643
-0.020843
0.015994
-0.011017
0.000834
0.012161
-0.001462
-0.014173
0.030474
-0.032269
0.018923
0.008852
-0.012469
0.004557
-0.001160
0.008976
0.006195
-0.010664
-0.000126
0.012940
0.000701
0.003285
-0.009497
0.004260
0.000549
0.008798
0.002607
-0.008514
0.004424
0.012163
-0.006269
-0.001804
0.005206
-0.005994
0.017136
-0.003392
-0.016259
0.020151
0.002503
-0.008298
0.015793
-0.013257
-0.013378
0.063976
-0.062889
-0.027068
0.078731
0.279508
-0.687802
1.228448
1.249645
0.002523
-0.156895
0.153898
0.269109
-0.028989
-0.056226
0.036334
0.133876
0.022860
0.158629
-0.011952
0.005930
0.179117
0.059772
0.010697
0.033731
0.083192
0.037347
0.069527
0.018250
0.086762
0.026971
0.016676
0.093819
0.032461
0.001871
0.073766
0.075727
0.019239
0.014281
0.046803
0.056472
0.052021
0.004426
0.047421
0.040765
0.055214
0.029205
0.010187
0.053929
0.060423
0.018402
0.023041
0.034665
0.039067
0.049041
-0.008311
0.069088
0.019837
0.023659
0.042865
0.032970
0.016873
0.036434
0.031117
0.022384
0.040316
0.007907
0.047509
0.008193
0.042100
0.016026
0.019870
0.041649
0.025863
0.012963
0.026334
0.023246
0.023400
0.028760
0.030492
0.004855
0.029528
0.030353
0.028702
0.010450
0.020216
0.018532
0.029813
0.030986
0.008928
0.016563
0.027244
0.032585
0.008998
0.008356
0.025607
0.028967
0.017916
0.007490
0.026436
0.006913
0.024720
0.032768
0.002888
0.012101
0.019673
0.017735
0.022996
0.014283
0.002489
0.034388
0.010366
0.015626
0.011152
0.019946
0.002650
0.032790
0.016325
-0.007636
0.015891
0.022138
0.018972
0.007411
0.017515
0.018587
0.006161
0.015238
0.012235
0.010275
0.013420
0.007405
0.030899
0.012383
0.000490
-0.005030
0.017060
0.042150
-0.019473
0.015148
0.026709
0.012902
-0.018363
0.028528
0.013789
0.007606
0.003974
0.009954
0.015820
0.014583
0.004450
0.008344
-0.007923
0.041677
0.002864
-0.003551
0.015000
0.002244
0.012780
0.013831
0.009677
-0.000742
0.008353
0.008539
0.021490
0.001326
-0.005838
0.012887
0.006645
0.032955
-0.019268
0.002337
0.026434
0.004189
-0.004303
0.011733
0.012310
0.000270
0.012728
-0.004453
0.022966
-0.005115
0.014295
-0.008310
0.013048
0.017175
-0.006541
-0.002845
0.014142
0.016873
-0.012103
0.010425
0.008381
0.007262
0.009373
-0.007092
0.024389
-0.010467
0.012498
-0.010006
0.011585
0.023901
-0.009633
-0.007052
0.027457
0.004540
-0.010968
0.005592
0.014281
0.005402
-0.005232
0.008507
0.001067
0.014981
-0.004235
0.000103
0.010548
0.005492
0.004787
-0.004786
0.007998
0.014391
-0.016147
0.023140
-0.013143
0.017959
-0.005224
0.003543
0.010546
-0.010495
0.007938
0.005365
-0.008266
0.028092
-0.018466
0.006308
0.015471
0.004765
-0.018159
0.016116
-0.009378
0.015420
0.003847
-0.011412
0.012044
0.006475
0.005812
-0.010157
-0.004524
0.022133
-0.000265
-0.012996
0.019634
0.004675
-0.003707
0.004572
-0.005018
0.013245
-0.005543
0.004966
-0.005146
0.001466
0.013514
-0.015927
0.014683
0.005396
0.005892
-0.020575
0.033097
-0.020536
0.008171
-0.004000
0.005963
0.000956
0.007350
-0.004761
0.010212
-0.009438
0.003389
0.006783
-0.008391
0.017364
-0.007016
-0.008081
0.015325
0.000172
-0.015385
0.021843
-0.001576
-0.002115
-0.006361
0.003168
0.007132
0.006489
-0.012444
0.012455
-0.016673
0.024163
-0.010319
-0.002804
0.010773
0.002842
-0.010572
0.014917
-0.005363
-0.010366
0.009357
-0.001613
0.012730
-0.010569
-0.001621
0.010903
-0.005896
0.012335
-0.014003
-0.000399
0.015517
0.001738
-0.018067
0.000001
0.013476
0.011613
-0.015959
0.006616
-0.011836
0.020358
-0.014026
0.002884
-0.016430
0.023531
0.000760
-0.004921
0.001530
0.004282
-0.002590
0.004022
0.004777
0.004057
0.005420
-0.012289
0.010337
-0.008944
0.007438
-0.012107
0.006656
0.027637
-0.028176
0.008030
-0.002085
0.012785
-0.017393
0.006032
0.009758
-0.001006
-0.009874
0.005033
0.008902
-0.010045
0.007617
-0.007167
0.008264
0.004952
-0.010527
-0.000090
0.013484
-0.010574
-0.003334
-0.002004
0.013767
-0.008553
0.002508
0.000114
0.004789
-0.005203
0.005069
-0.001751
-0.001121
0.013092
-0.014639
0.001916
0.011811
-0.006862
-0.009535
0.016911
-0.006985
0.001459
-0.002904
0.013191
-0.014257
0.009059
-0.009375
0.007064
-0.015804
0.023492
-0.006105
-0.010979
0.015374
-0.003349
-0.005909
-0.007176
0.003100
0.009686
0.003642
-0.023712
0.025228
0.004485
-0.028015
0.010860
-0.000167
0.011185
-0.010258
-0.009106
0.016501
-0.001704
-0.007925
0.003629
0.001426
-0.006326
0.011351
-0.011873
0.009224
-0.006384
0.004273
-0.002325
-0.003421
0.005239
-0.008201
-0.003221
0.010302
0.006675
-0.018063
0.005625
0.004859
0.003075
-0.008867
0.002789
-0.004743
0.008165
-0.001194
-0.008372
0.005940
0.003826
-0.003290
-0.010162
0.011987
-0.002564
-0.003113
-0.000075
-0.004964
0.009880
-0.010320
0.000308
0.008588
-0.006609
0.002844
-0.002653
-0.000534
0.020519
-0.018410
-0.008767
0.015230
0.000950
-0.017594
0.005210
0.011858
-0.015742
0.022482
-0.025721
0.016343
-0.004221
0.003638
-0.016690
0.011698
0.015296
-0.012919
-0.019142
0.025578
-0.004639
-0.015286
0.016399
-0.006862
0.006653
-0.010202
0.001006
0.005361
-0.002790
-0.001874
-0.002279
-0.004589
0.018820
-0.011113
-0.003554
0.000905
0.008650
-0.010650
0.003817
-0.007448
0.007849
-0.004046
0.000804
0.006893
0.004653
-0.025428
0.014233
-0.009419
0.019214
-0.001560
-0.021429
0.024612
-0.001585
-0.017232
0.008357
0.005286
0.000952
-0.005299
0.014109
-0.005689
0.007156
-0.014653
0.013574
-0.012315
0.018808
-0.010497
-0.009553
0.008992
0.001184
-0.000519
-0.004192
0.007295
0.001723
-0.010468
0.004983
0.003984
-0.005012
-0.000385
0.004101
0.000886
0.008341
-0.021766
0.007592
0.017784
-0.018059
0.002880
0.004442
0.001957
0.000247
-0.006963
-0.008042
0.018010
-0.009629
0.006991
-0.002426
-0.012457
0.023178
-0.012060
0.000014
-0.007335
0.021119
-0.023424
0.017043
-0.009874
0.006507
-0.005709
0.007567
-0.004468
0.010343
-0.006072
-0.004108
0.000695
0.011316
-0.014280
-0.000201
0.015980
-0.002234
-0.009022
0.006187
0.000461
0.009454
-0.012476
0.001919
-0.009205
0.020199
-0.009002
0.006034
-0.012540
0.006011
0.009806
-0.018939
0.018829
-0.002076
-0.012122
0.000762
0.001749
0.008392
0.001451
-0.013343
0.022602
-0.012026
-0.000638
-0.003739
0.002735
0.010045
-0.008855
-0.007277
0.012893
0.001835
-0.016897
0.018420
-0.012216
0.004600
0.000858
0.004780
-0.001308
0.002943
-0.001469
-0.001066
0.001833
0.008521
-0.014635
-0.004287
0.023867
-0.016174
0.003557
-0.006488
0.012562
-0.004045
0.001983
-0.009328
0.016281
-0.000693
-0.011684
-0.002657
0.000818
0.020353
-0.005170
-0.020685
0.014484
0.007525
-0.009866
0.000314
0.010716
-0.008627
-0.011459
0.019282
-0.004476
-0.005462
0.007714
0.006429
-0.019475
0.022081
0.001111
-0.016486
0.015585
0.000987
-0.005470
0.003933
-0.000413
-0.003170
0.011373
-0.011471
0.006804
-0.000898
0.004397
0.006728
-0.026622
0.034269
-0.005658
-0.023766
0.020879
-0.002932
0.005017
-0.022522
0.029441
-0.002468
-0.001083
-0.006503
0.010342
-0.002653
0.006603
-0.017184
0.022923
-0.000159
-0.009374
-0.011614
0.031511
-0.011848
-0.008325
0.011097
-0.004485
0.013382
-0.006651
0.001012
0.003510
0.001413
-0.000770
0.001455
-0.013082
0.033140
-0.023800
-0.000723
0.015243
0.000235
-0.015294
0.014120
-0.001325
-0.004094
0.007062
0.006487
-0.012462
0.008709
-0.006970
0.004747
-0.004023
0.020902
-0.011266
-0.005826
0.011174
0.009249
-0.022478
0.014862
-0.008299
0.015281
-0.006037
0.000684
-0.005075
0.017147
-0.010104
-0.002692
-0.001531
0.011776
-0.002666
-0.008449
0.022741
-0.021266
0.009493
-0.000385
0.013805
-0.016176
0.001737
0.009869
-0.001472
-0.000286
-0.006663
0.007263
0.002627
0.001880
0.001852
-0.004021
0.005483
0.001749
-0.006439
-0.002657
0.013242
-0.007271
0.014412
-0.016503
0.008797
0.017561
-0.018761
0.007000
-0.014440
0.022248
-0.006973
-0.005628
0.005788
0.011043
-0.018577
0.014012
0.001130
0.000565
-0.008860
0.009891
0.006551
-0.004759
-0.004912
0.002424
0.004880
0.014059
-0.010568
-0.004465
0.005013
0.013150
-0.018420
0.010875
-0.001686
-0.002100
0.009013
0.002028
-0.003093
0.000809
0.001696
-0.007421
0.010109
0.004634
0.000903
-0.010184
0.005445
0.014365
-0.011373
-0.005006
0.021578
-0.024961
0.020951
-0.005216
0.004907
0.000366
-0.009161
0.015052
-0.011161
0.021535
-0.021137
-0.003254
0.025589
-0.009283
-0.000128
-0.006899
0.014150
-0.008712
0.010218
-0.009653
0.012741
-0.003801
-0.000086
0.001176
-0.000745
0.016103
-0.014474
-0.006645
0.015283
0.014685
-0.024521
0.006688
0.006787
0.010377
-0.021922
0.019733
-0.019670
0.041245
-0.030560
0.006181
0.004970
-0.000410
0.001289
-0.006132
0.011878
-0.003754
0.005069
-0.003927
0.010007
0.001252
-0.017707
0.025363
-0.012355
0.009516
0.002931
-0.007647
0.002474
0.015241
-0.016478
0.004065
0.012663
-0.004673
0.005221
-0.012839
0.020554
-0.010018
0.004659
-0.010938
0.014944
-0.000246
0.004084
-0.001390
-0.002993
0.010205
-0.007408
-0.002311
0.022998
-0.022665
0.002960
0.019617
-0.001171
-0.004753
0.000228
0.000486
-0.005796
0.006817
0.016907
-0.016638
0.002396
0.016311
-0.012876
0.006439
-0.000388
0.007289
0.005269
-0.007591
0.010841
-0.004622
0.016215
-0.050868
0.077167
-0.031502
-0.025320
0.013379
0.003487
0.022027
-0.020925
0.002453
0.005549
0.014998
-0.023179
0.022534
-0.021823
0.018813
0.003874
-0.008487
0.002952
-0.000877
0.008407
0.000679
-0.011486
0.012847
0.002270
-0.014087
0.013981
0.005686
-0.015470
0.005007
0.012646
-0.011812
0.015394
-0.011585
0.012859
-0.010613
0.002406
-0.004807
0.007975
0.009794
-0.000559
-0.016502
0.014158
-0.000072
-0.008347
-0.003396
0.014823
-0.005119
-0.000824
0.004488
-0.000411
0.001665
0.000038
0.000430
0.008584
-0.010657
0.009101
-0.010009
0.006197
0.010020
-0.016653
0.020900
-0.013526
0.001345
-0.007110
0.023264
-0.025502
0.020602
-0.034671
0.129139
-0.291662
0.345636
