-0.333262
0.061462
-0.076500
0.002048
0.038482
-0.012747
-0.023635
-0.004370
0.039803
-0.070849
0.090102
-0.065977
-0.005281
0.023389
-0.004797
-0.002152
-0.017079
0.000440
0.010263
0.000849
-0.033074
0.036314
-0.023272
-0.008441
0.022073
-0.027055
0.008512
-0.007339
0.011354
-0.014925
-0.001051
-0.004600
-0.000501
0.002526
-0.005786
-0.001415
-0.014762
0.019141
-0.017169
0.000508
-0.003457
-0.000888
0.001608
-0.005041
-0.011644
0.013288
-0.015853
0.001018
0.003819
-0.014860
0.010847
-0.016686
0.007790
0.003400
-0.027349
0.003427
0.082140
-0.156365
0.015466
0.267216
-0.096420
-0.972307
2.382031
0.841378
0.873881
0.702925
0.482826
0.284760
0.148669
0.067622
0.104503
0.187971
0.116622
0.154078
0.076232
0.122069
0.046840
0.181576
0.064558
0.095946
0.116391
0.077537
0.083930
0.102872
0.120044
0.060438
0.083487
0.149674
0.046732
0.078943
0.114235
0.104831
0.058849
0.088169
0.070046
0.085247
0.110092
0.047646
0.081218
0.076292
0.093536
0.059789
0.066331
0.081199
0.084658
0.056605
0.070409
0.069080
0.072452
0.066232
0.052021
0.095785
0.044070
0.064663
0.072129
0.063261
0.048481
0.065382
0.059533
0.062037
0.060570
0.041718
0.069300
0.058903
0.056293
0.052337
0.039986
0.070005
0.048999
0.045631
0.048866
0.060814
0.043626
0.040512
0.037115
0.045028
0.051968
0.046397
0.042120
0.047678
0.036035
0.043685
0.042095
0.049191
0.028114
0.050181
0.041733
0.033883
0.033833
0.045280
0.030404
0.040162
0.033463
0.037805
0.029068
0.037415
0.031685
0.033684
0.033632
0.045397
0.010922
0.039564
0.043664
0.027617
0.010135
0.051758
0.015019
0.042187
0.033677
0.018413
0.032249
0.030441
0.031451
0.013096
0.041075
0.023071
0.016333
0.028728
0.029824
0.016241
0.029446
0.014399
0.035471
0.018452
0.021005
0.021546
0.033698
0.020104
0.015951
0.013826
0.030938
0.033879
-0.004119
0.030505
0.019549
0.020426
0.014238
0.020042
0.021271
0.020986
0.008997
0.018614
0.028020
-0.000304
0.041031
-0.008361
0.028908
0.027848
-0.002502
0.017344
0.034133
-0.000068
0.017508
0.012821
0.016587
0.018849
0.000334
0.020313
0.027638
0.013902
0.001573
0.014229
0.015982
0.019923
0.005163
0.000668
0.034011
-0.005695
0.020286
0.006763
0.010085
0.018317
0.004844
0.002595
0.028472
0.007267
0.004790
0.001520
0.023150
0.013082
-0.004272
0.014911
0.030581
-0.010171
0.004601
0.021023
0.011825
0.005570
0.002175
0.010595
0.017742
0.002665
0.009225
0.005353
0.000087
0.023654
0.003551
0.002194
0.015030
0.009205
-0.003022
0.013768
0.008373
0.007275
-0.003989
0.010332
0.018901
0.004620
-0.006478
0.011320
0.011563
0.013023
-0.010127
0.002938
0.027223
-0.005805
-0.002315
0.014130
0.003444
0.005737
0.008931
-0.006153
0.013212
0.009035
-0.000309
-0.006434
0.016678
0.005997
-0.003599
0.003540
0.013351
0.003254
0.000735
0.002536
0.002969
0.014110
-0.007882
0.009404
0.001152
0.013683
-0.002757
0.002023
0.004956
0.012482
-0.012207
0.009129
0.014205
-0.006330
0.006913
-0.000499
0.004657
0.004895
-0.002628
-0.000381
0.013957
-0.007447
0.004922
-0.000538
0.003489
0.009019
-0.010891
0.003971
0.010649
0.001608
-0.013949
0.017630
-0.004088
0.004376
-0.004547
0.001878
0.007542
-0.004263
0.001507
-0.000333
0.002523
0.012876
-0.018167
-0.001625
0.025963
-0.014089
-0.009809
0.015717
-0.005703
0.007825
-0.014432
0.006641
0.002710
0.005467
-0.010656
0.001245
0.003405
0.008942
-0.011988
-0.000591
0.012872
-0.011190
0.000525
0.001488
0.000395
0.001071
-0.004439
-0.000007
0.002906
-0.005746
0.006568
-0.006955
0.003487
-0.002127
0.001641
-0.011780
0.024595
-0.015728
-0.010818
0.011431
0.000533
-0.006691
-0.001145
-0.001590
0.012993
-0.015643
0.005479
-0.006892
0.002507
0.009757
-0.011722
-0.009146
0.022452
-0.017350
0.000535
0.002841
-0.008830
0.008037
-0.002848
-0.015635
0.012350
0.005757
-0.010216
-0.006387
0.000683
0.007909
-0.012098
-0.001173
0.011684
-0.013905
0.004635
0.002677
-0.006202
-0.001007
-0.004374
-0.001954
0.007536
-0.013436
0.011302
-0.018854
0.016146
-0.002387
-0.011688
-0.005782
0.008996
-0.003667
-0.005874
0.001035
0.000106
-0.002734
-0.003768
-0.005041
0.002771
0.000301
-0.005575
-0.004463
-0.000430
0.008686
-0.019235
-0.000591
0.019287
-0.018479
-0.007191
-0.001801
0.014470
-0.019466
0.003499
-0.006447
0.009191
-0.005731
-0.005283
-0.004825
-0.001773
0.006450
-0.011836
-0.006666
0.009710
-0.004121
-0.012109
0.002483
0.008821
-0.013864
-0.003033
-0.000223
-0.000172
-0.004182
-0.002472
-0.004895
-0.004773
0.017102
-0.017686
-0.006941
0.013757
-0.012149
-0.004707
0.002096
-0.003756
-0.000041
-0.012091
0.004640
-0.002539
0.001788
-0.010674
-0.001265
-0.002320
0.012777
-0.018990
-0.004092
0.012629
-0.010119
-0.003132
-0.002232
-0.001423
-0.007200
-0.004528
0.002749
0.006327
-0.017560
0.008177
-0.010960
0.004824
-0.000052
-0.018346
0.005672
0.007640
-0.014033
-0.002182
-0.005034
0.000960
0.006324
-0.018880
0.003537
0.001866
-0.002085
-0.004504
-0.007345
0.006712
0.002713
-0.018323
-0.002189
0.014206
-0.012852
-0.008989
0.004055
0.005350
-0.011098
-0.003364
-0.006330
0.010950
-0.010330
-0.002386
-0.007415
0.001772
0.005682
-0.020634
0.004095
0.011135
-0.018975
0.005176
-0.004926
0.000196
-0.004650
-0.003173
0.000301
-0.003811
-0.001926
-0.001658
-0.012040
0.002987
0.007419
-0.011841
-0.014940
0.022731
-0.017666
0.001464
-0.011194
0.005336
-0.002062
-0.010622
-0.002620
0.009041
-0.000257
-0.011367
-0.000519
0.003625
-0.001553
-0.007881
-0.010978
0.025856
-0.018013
-0.009576
-0.001357
0.004725
0.003888
-0.015091
0.001688
0.001139
0.001203
-0.012277
0.001608
-0.004169
0.005277
-0.004537
-0.014257
0.020592
-0.017938
-0.000404
-0.005645
0.001223
0.001326
-0.010144
0.000959
0.001476
-0.004466
-0.005517
-0.004613
0.000093
0.016889
-0.024754
-0.002805
0.016309
-0.011941
-0.007042
0.001340
0.001991
-0.002839
-0.007455
-0.007979
0.011809
-0.006375
-0.002196
-0.006313
-0.005025
0.009895
-0.013469
-0.001159
0.009871
-0.009567
-0.008737
0.006557
-0.010568
0.004662
-0.007914
-0.005336
0.006538
0.005470
-0.006910
0.011025
-0.001842
-0.001606
-0.011034
-0.009136
0.019106
-0.010938
-0.008306
0.004753
0.003540
-0.007402
-0.005153
0.003206
0.003078
-0.008571
0.002599
-0.010074
0.006674
0.009700
-0.018690
-0.002487
0.015462
-0.013967
0.003150
-0.005969
0.002587
0.002095
-0.008066
0.000472
-0.000343
0.001523
-0.001790
-0.013995
0.005754
0.003926
-0.009497
-0.004205
0.013605
-0.011217
-0.004707
0.005333
-0.001638
-0.000640
-0.005745
-0.007663
0.014266
-0.013548
0.002523
-0.008604
0.007504
0.003821
-0.018870
0.003825
0.005443
-0.002840
-0.002910
-0.002365
-0.002798
0.003528
0.000724
-0.001459
-0.000319
0.002572
-0.006571
-0.003594
0.000255
0.011637
-0.019787
-0.000453
0.020960
-0.018117
-0.007374
0.005588
0.001489
0.000938
-0.005271
-0.000746
0.005547
0.002578
-0.013045
-0.004836
0.011361
0.002561
-0.014536
-0.004558
0.016034
-0.005151
-0.015069
0.014110
-0.004784
-0.003725
-0.005620
0.010095
-0.007843
-0.001022
0.001466
-0.013866
0.010291
0.000304
-0.001272
-0.019089
0.020451
-0.009079
-0.000190
-0.008412
0.005567
0.004414
-0.017898
0.005513
0.001404
0.005531
-0.015121
0.003840
-0.001204
0.013589
-0.026109
0.008338
0.009967
-0.009394
-0.009244
0.011425
-0.005475
-0.002390
0.000991
-0.008282
0.007637
-0.002309
-0.007625
0.000772
0.001362
0.000986
-0.001472
-0.013685
0.010165
0.001454
-0.015760
0.007688
0.000244
0.002677
-0.021282
0.015295
-0.003357
0.000988
-0.005613
-0.011286
0.014087
-0.002578
-0.006724
-0.002613
0.003208
0.004128
-0.013250
-0.001760
0.008374
-0.007932
-0.006304
0.003090
0.002236
-0.001204
-0.002680
-0.007543
0.002923
0.003542
-0.004680
-0.014548
0.024295
-0.016514
-0.003182
-0.001042
0.002917
0.007147
-0.018725
0.010306
0.001116
0.000229
-0.007532
-0.001047
0.003008
0.006541
-0.014670
-0.004783
0.019808
-0.013930
-0.003232
0.009149
-0.012653
0.006996
-0.010995
0.001231
0.007315
-0.004768
-0.003594
-0.002892
-0.004260
0.013231
-0.011615
-0.013345
0.026452
-0.023909
0.005328
-0.001826
0.007604
-0.018619
0.012309
-0.010631
0.009101
-0.009827
-0.002321
0.002454
-0.002583
0.006521
-0.009459
-0.004959
0.016577
-0.010867
0.001066
0.005469
-0.009168
0.005103
-0.003076
-0.011061
0.018948
-0.014360
0.006589
-0.009087
0.000863
0.013793
-0.022390
-0.000324
0.017493
-0.009606
-0.010850
0.006857
-0.002450
-0.003525
0.002521
-0.007138
0.005366
0.000552
-0.004316
-0.005114
0.003388
0.007324
-0.015626
-0.000682
0.009995
-0.009026
-0.000376
-0.003465
0.003426
-0.000569
-0.001632
-0.007561
0.010057
-0.011173
0.007928
-0.010560
-0.000312
0.014980
-0.017705
0.000109
0.009439
-0.010114
-0.005979
0.014496
-0.016362
0.017244
-0.036179
0.043896
-0.058955
0.079279
-0.079160
0.042999
-0.020494
0.015283
-0.012413
-0.001947
0.006787
-0.001911
0.000320
-0.013666
0.017579
-0.016295
0.005413
-0.004093
-0.000501
-0.002297
0.004290
-0.012582
0.012505
-0.002635
-0.016395
0.007277
0.002839
0.002135
-0.014797
0.004299
0.004262
-0.000245
-0.015939
0.007794
-0.000660
0.006076
-0.013141
0.000243
0.004954
0.008655
-0.023655
0.005423
0.010304
-0.012482
-0.003382
0.004502
-0.004790
0.005787
-0.010131
0.005705
-0.009647
0.003745
0.008676
-0.026056
0.013597
0.004684
-0.014025
0.004582
0.002358
-0.007586
0.004078
-0.014880
0.016068
-0.002306
-0.000236
-0.060236
0.125981
-0.108293
0.028333
-0.016841
0.002885
0.005308
-0.011165
-0.003664
0.011341
-0.011014
-0.007882
0.012637
-0.018495
0.005973
-0.008786
0.003142
-0.004374
-0.003462
-0.001154
-0.002081
-0.006354
0.000498
-0.002584
-0.013624
0.006447
0.005049
-0.022499
0.010356
-0.012255
0.011423
-0.016287
-0.000827
0.003933
-0.004385
0.001834
-0.013083
0.003719
-0.010815
0.010344
-0.021215
0.017148
-0.020357
-0.002200
0.001970
0.000872
-0.012784
-0.002328
-0.006068
0.010614
-0.014336
-0.006258
0.006372
-0.012252
0.002905
-0.008924
-0.009490
0.007530
-0.008285
-0.012629
0.008767
-0.007905
-0.000536
-0.028432
0.055007
-0.083701
0.061099
-0.097192
0.320685
-0.725751
0.815738
