-0.811218
0.125159
-0.167623
-0.015031
0.056454
-0.032535
-0.069264
-0.003043
0.054084
-0.151818
0.174677
-0.157053
-0.014268
0.032565
-0.020565
-0.020975
-0.037871
-0.023101
-0.009654
0.021729
-0.101981
0.071549
-0.069757
-0.030643
0.045027
-0.079471
0.003048
-0.020246
-0.001246
-0.046495
-0.008164
-0.012515
-0.028380
-0.013068
-0.015835
-0.017108
-0.027762
-0.008203
-0.029648
-0.019801
-0.008430
-0.031689
-0.015090
-0.014314
-0.026518
-0.006421
-0.034248
-0.013941
0.000015
-0.058758
0.011270
-0.030742
-0.017063
0.005578
-0.102709
0.037179
0.115382
-0.253015
-0.201727
0.848554
-0.435085
-1.904581
3.016192
3.153905
2.727288
2.032420
0.673349
0.697310
0.226431
0.087916
0.273196
0.414734
0.318355
0.542670
0.177921
0.117392
0.376680
0.327489
0.260321
0.223025
0.226831
0.235074
0.255286
0.155463
0.288960
0.156533
0.239373
0.284977
0.112828
0.173486
0.256033
0.244624
0.184437
0.185172
0.122122
0.254965
0.242784
0.100289
0.178378
0.190300
0.188134
0.180960
0.141548
0.154159
0.229499
0.141178
0.146590
0.179798
0.153642
0.160551
0.141186
0.171701
0.124073
0.137747
0.171245
0.130663
0.137758
0.133931
0.140612
0.123736
0.144382
0.121206
0.150812
0.111973
0.149837
0.117567
0.104250
0.149302
0.132453
0.077790
0.132579
0.133044
0.112516
0.113853
0.064299
0.191857
0.063265
0.071594
0.093349
0.109238
0.100855
0.089649
0.083372
0.123225
0.075658
0.077458
0.117142
0.092555
0.074067
0.108589
0.073376
0.077702
0.081235
0.089882
0.066336
0.091041
0.078378
0.061085
0.066686
0.117821
0.063320
0.057271
0.082895
0.086041
0.058419
0.076185
0.056591
0.063293
0.093236
0.035984
0.072227
0.056753
0.063660
0.062923
0.045026
0.091160
0.033973
0.055569
0.092680
0.032553
0.052902
0.051087
0.066255
0.052530
0.038741
0.053136
0.078626
0.053265
0.018348
0.059808
0.045357
0.084833
0.026913
0.043726
0.057621
0.069221
0.020689
0.050334
0.034387
0.055072
0.057991
-0.006931
0.078785
0.031882
0.051537
0.009135
0.052925
0.055622
0.021542
0.027469
0.055835
0.045854
0.021409
0.050536
0.013365
0.073310
0.016954
0.042699
0.034508
0.037020
0.028637
0.032908
0.034173
0.034311
0.039148
0.001631
0.058407
0.031368
0.023978
0.020248
0.030087
0.043695
0.023987
0.019352
0.043296
0.022507
0.038296
0.000257
0.021142
0.051920
0.008232
0.028765
0.037897
0.002708
0.028216
0.036213
-0.007943
0.053611
0.013085
0.025257
0.029963
0.008525
0.041633
-0.001656
0.025780
0.041266
0.004656
-0.002567
0.073507
0.005340
0.002889
0.006891
0.060436
0.001787
0.016832
-0.009104
0.058197
0.016139
-0.003156
0.002435
0.039080
0.040281
0.005649
-0.029049
0.045328
0.050386
-0.014143
0.001278
0.030900
0.027132
0.017921
-0.023076
0.031746
0.059867
-0.028410
-0.007155
0.043445
0.047106
-0.027150
-0.002933
0.019532
0.051795
-0.026351
0.008623
0.010394
0.035911
0.003153
-0.027304
0.035762
0.026334
0.008499
-0.017603
0.018566
0.042625
-0.020541
-0.004728
0.029804
0.024642
-0.025135
0.022967
0.015083
0.002462
0.006275
-0.001878
0.021745
0.006603
0.022290
-0.018059
0.002302
0.036026
-0.015458
0.005676
0.004054
0.021574
-0.008501
0.015567
-0.014232
0.013329
0.012921
0.010496
-0.008960
0.010061
0.006728
-0.004355
0.003159
0.027259
-0.020431
-0.009614
0.028670
-0.008928
0.004148
0.003262
-0.001558
0.014914
-0.002351
-0.015155
0.010863
0.014391
-0.006559
-0.000117
-0.009526
0.038797
0.004515
-0.047362
0.030952
0.000534
0.013617
-0.028193
0.017153
-0.013115
0.027339
-0.020928
0.017840
-0.011935
0.022104
-0.019384
-0.010300
0.024122
0.000112
-0.012793
-0.007271
0.019993
-0.015339
0.010028
-0.004735
-0.004508
0.009879
-0.013363
0.002875
0.013080
-0.012004
-0.016522
0.016399
-0.003534
0.003813
-0.022424
0.023195
-0.004417
-0.005456
-0.008712
0.010431
-0.016897
0.025197
-0.046265
0.036533
-0.003821
-0.007470
-0.017697
-0.001476
0.022411
-0.012081
-0.028916
0.024893
0.004002
-0.015704
-0.001696
-0.011093
0.020714
-0.009749
-0.034171
0.010608
0.024270
-0.000420
-0.023635
0.012340
0.016360
-0.020090
-0.026038
0.025408
0.002827
-0.016997
0.004590
-0.003412
0.010547
-0.031358
0.008201
-0.002432
0.019595
-0.027698
-0.014420
0.000170
0.019903
-0.000189
-0.045522
0.041651
-0.015395
-0.016129
-0.001646
0.012885
-0.017113
-0.002477
-0.010425
0.000733
0.008701
0.004636
-0.039434
-0.004339
0.026740
-0.006627
-0.040508
0.035402
-0.011844
-0.015498
-0.003775
0.001472
0.004418
-0.018721
-0.001895
-0.010411
0.015437
-0.001215
-0.030500
0.000017
0.005252
0.001868
-0.034852
0.023553
-0.005579
-0.014196
0.012815
-0.023914
0.005900
-0.025755
-0.008187
0.023860
0.000309
-0.025060
-0.002509
-0.005527
0.010466
-0.024207
-0.012803
0.027493
-0.020636
-0.016403
0.002918
-0.008475
-0.004611
0.011119
-0.028943
0.006343
-0.000090
-0.008762
-0.005193
-0.015890
0.022225
-0.031647
-0.005025
0.004989
-0.002596
-0.009545
-0.012641
-0.003269
0.004996
-0.017227
-0.005244
-0.014715
0.017550
-0.009913
-0.016831
-0.005787
0.012618
-0.033195
-0.007631
0.022700
-0.017227
-0.027821
0.030822
-0.041544
0.005996
0.011489
-0.034173
0.002994
0.010743
-0.007632
-0.034252
-0.007409
0.050717
-0.030497
-0.021031
0.034411
-0.010342
-0.028260
-0.000479
0.009859
-0.009507
-0.000895
-0.037073
0.018678
0.007864
-0.021503
-0.008446
-0.013197
0.030904
-0.035999
-0.014627
0.015535
-0.013705
-0.012042
0.006130
-0.017162
-0.013661
0.006839
-0.009073
-0.010370
0.018356
-0.027326
-0.012739
0.001613
0.001082
-0.009235
-0.022605
0.013412
0.002452
-0.033846
0.006432
-0.014246
0.005464
-0.006198
-0.025815
0.012126
0.002318
-0.021857
-0.009118
0.002920
-0.006194
-0.005491
-0.016617
0.009398
-0.008689
-0.024305
-0.009174
0.015286
-0.016131
0.001661
-0.024961
0.018275
-0.016615
-0.009206
-0.012625
-0.012574
0.024432
-0.013693
-0.046084
0.022356
0.007103
-0.021157
-0.003032
-0.024710
0.017105
-0.007653
-0.031911
0.013332
0.005052
-0.012698
-0.025528
-0.003730
0.020851
-0.014528
-0.049028
0.033677
-0.013613
-0.007807
-0.009229
-0.004605
-0.009320
0.000256
-0.035836
0.015463
0.003411
-0.009258
-0.038620
0.006168
0.024515
-0.020407
-0.054791
0.053741
-0.003045
-0.043474
-0.001236
-0.001785
-0.002992
-0.004594
-0.021230
0.003620
-0.005495
-0.009300
-0.011598
-0.015920
0.017547
-0.011556
-0.034060
0.022549
-0.018607
-0.005511
0.000207
-0.025785
-0.011248
0.011509
-0.005914
-0.008254
-0.012175
0.001330
-0.024787
-0.011397
0.024459
-0.032432
-0.002886
0.003189
-0.008306
-0.022298
0.004555
-0.016160
0.003267
-0.009947
-0.018155
0.005554
-0.004116
-0.010018
-0.030912
0.010148
0.014141
-0.018494
-0.041503
0.030263
-0.022082
-0.014447
-0.001153
-0.006172
0.009133
-0.035957
0.008179
-0.008879
0.001086
-0.017568
-0.021033
-0.010230
0.038124
-0.040486
-0.031864
0.037662
-0.009822
-0.029801
-0.001025
-0.019874
0.028109
-0.036994
-0.010898
0.001062
0.008124
-0.030000
-0.017409
0.008171
0.011582
-0.036166
-0.012783
0.020271
-0.014279
-0.024352
0.000395
-0.011850
0.004180
-0.010259
-0.025566
0.001981
-0.001474
-0.011697
-0.018876
-0.014919
0.021910
-0.017218
-0.032843
0.030523
-0.011227
-0.000510
-0.022938
-0.006228
-0.002898
-0.012408
-0.010858
0.001059
0.008060
-0.013827
-0.037320
0.012022
0.003743
-0.021828
-0.014338
0.013834
-0.022667
-0.005681
-0.016638
-0.001158
-0.003980
-0.006965
-0.021087
0.004925
-0.004103
-0.010061
-0.021777
-0.007609
-0.000751
0.001249
-0.025444
0.005006
0.002575
-0.038531
0.023424
-0.052634
0.037353
-0.031414
-0.004282
-0.012698
0.021032
-0.035635
-0.008909
-0.021876
0.027270
-0.028141
-0.028770
0.029052
-0.016511
-0.019762
-0.014931
0.018170
-0.021298
-0.017355
-0.012750
0.003593
0.000198
-0.022188
-0.004123
-0.033100
0.046102
-0.034703
-0.048475
0.040047
-0.006327
-0.036304
-0.004264
-0.015538
0.021184
-0.034752
-0.019028
0.013971
0.001214
-0.019543
-0.038667
0.013531
0.006297
-0.004727
-0.065031
0.042907
-0.022999
-0.018360
-0.003002
-0.009928
-0.006381
-0.010007
-0.019523
0.001973
0.004563
-0.025529
-0.016220
-0.013398
0.038402
-0.026085
-0.060241
0.023318
0.018746
-0.043195
-0.012698
-0.003082
0.000096
-0.005407
-0.037305
0.005375
0.010564
-0.031733
-0.015126
-0.008797
0.014130
-0.026188
-0.027997
0.013717
-0.003739
-0.021968
-0.011705
-0.014208
-0.003832
-0.003312
-0.031346
-0.003484
-0.002090
0.001278
-0.041178
0.004224
0.012131
-0.027824
-0.034185
0.024305
-0.017066
-0.018717
-0.014350
-0.002651
-0.009542
-0.017142
-0.017732
0.007579
-0.013615
-0.028038
0.010447
-0.038327
0.030814
-0.035803
-0.021464
0.018529
-0.019365
-0.022765
-0.006976
-0.003825
-0.011513
-0.015869
-0.019476
0.003116
-0.009842
-0.010225
-0.013490
-0.030430
0.031009
-0.026002
-0.032520
0.006355
0.006095
-0.049489
0.041775
-0.076145
0.055545
-0.077648
0.080699
-0.165544
0.196252
-0.184938
0.062689
-0.028749
0.004216
-0.014079
-0.043218
0.037902
-0.030682
-0.016109
-0.017329
0.008269
-0.035277
-0.003750
-0.006302
-0.022483
0.003341
-0.023268
-0.006032
-0.029655
0.032243
-0.052381
-0.001403
-0.011575
0.007275
-0.033044
-0.020398
-0.004723
0.001539
-0.033094
-0.014767
0.003055
0.001832
-0.029063
-0.020999
-0.008722
0.013115
-0.048285
-0.007173
0.010896
-0.023394
-0.004343
-0.029504
0.013244
-0.024222
-0.003833
-0.022446
-0.009709
0.005836
-0.020469
-0.034101
-0.006853
0.012100
-0.045210
0.011091
-0.030800
0.022082
-0.036564
-0.042320
0.004099
0.034875
-0.049897
-0.097916
0.161544
-0.106364
-0.028520
-0.027133
-0.041890
0.030709
-0.038390
-0.023543
0.005798
-0.003038
-0.050849
0.025047
-0.053768
-0.014298
0.011460
-0.043505
-0.004733
-0.023166
-0.003144
-0.023887
-0.023835
-0.016967
0.002621
-0.050996
-0.001425
-0.008301
-0.032222
-0.006259
-0.023161
-0.015082
-0.026177
-0.013354
-0.020794
-0.007871
-0.021984
-0.025746
-0.013735
-0.021923
-0.007547
-0.038921
-0.009618
-0.002560
-0.043165
-0.017490
-0.009273
-0.017471
-0.020694
-0.030547
-0.008192
-0.026837
-0.014062
-0.037819
-0.003372
-0.026786
-0.013348
-0.039891
-0.000999
-0.020718
-0.036486
-0.001953
-0.043680
0.014049
-0.091315
0.117783
-0.207906
0.132096
-0.240506
0.746794
-1.740582
1.937159
