-0.166167
0.033140
-0.042612
0.006256
0.016201
-0.002931
-0.003857
-0.002298
0.018965
-0.030663
0.051408
-0.039958
0.011236
0.003702
0.007672
-0.001594
-0.008355
0.003442
0.009026
0.007093
-0.013897
0.011287
-0.010321
0.007207
0.013185
-0.016781
0.005619
0.003194
0.006033
-0.008112
0.008648
-0.000702
0.007446
-0.009496
0.006671
0.001306
-0.005720
0.011866
-0.005561
-0.002217
0.006087
0.005769
-0.006229
0.005548
-0.008743
0.015771
-0.003869
-0.001859
0.003239
0.001859
0.002784
0.004904
-0.011125
0.009267
-0.005465
-0.005630
0.050810
-0.062721
0.000727
0.056745
0.225608
-0.501832
1.078211
0.999282
0.201340
0.164015
0.223120
0.255380
0.069588
0.005014
0.077753
0.119392
0.036673
0.141079
0.014722
0.033704
0.134727
0.079757
0.013963
0.062992
0.083006
0.061445
0.047169
0.048033
0.096561
0.041525
0.041096
0.083126
0.043026
0.050237
0.067355
0.062010
0.048710
0.054595
0.041305
0.062423
0.060833
0.028094
0.054165
0.057449
0.059945
0.031445
0.043375
0.045065
0.060447
0.031696
0.050217
0.042075
0.048757
0.029044
0.046306
0.048910
0.042926
0.030935
0.038389
0.041853
0.043508
0.030877
0.031976
0.050394
0.034908
0.028141
0.037466
0.035208
0.032814
0.038446
0.032463
0.036847
0.034041
0.022773
0.036390
0.038548
0.023418
0.032332
0.028971
0.029814
0.038746
0.024352
0.022577
0.036586
0.025113
0.032220
0.009969
0.049818
0.019347
0.023566
0.022340
0.036351
0.026427
0.019992
0.020664
0.028519
0.027525
0.023269
0.020117
0.011162
0.038278
0.016987
0.024720
0.014578
0.030517
0.007530
0.029406
0.013787
0.029596
0.018927
0.014404
0.026765
0.021119
0.014146
0.028142
0.013118
0.010585
0.021416
0.015897
0.035640
0.008020
0.001477
0.030332
0.027719
0.002950
0.015455
0.019225
0.020726
0.011918
0.014143
0.023067
0.003476
0.020178
0.014983
0.015369
0.017563
0.006062
0.012419
0.016680
0.019696
0.002386
0.026465
0.008994
0.019630
-0.005577
0.016382
0.023319
0.007561
0.006985
0.009597
0.011800
0.021283
0.007651
0.000792
0.025527
0.008299
0.006921
0.008772
0.013005
0.006133
0.018866
0.002775
0.006244
0.019880
-0.003387
0.022221
0.001462
0.012712
0.010314
0.002522
0.010007
0.017833
-0.003577
0.006802
0.015394
0.005607
0.005401
0.007433
0.009822
0.019162
0.000243
0.012764
-0.008003
0.038816
-0.013403
0.010613
0.000159
0.019382
0.004860
0.002248
0.000614
0.016152
0.008922
0.001551
0.017536
-0.000931
0.000658
0.021811
-0.000396
0.017244
0.013818
-0.008125
0.021204
-0.001322
-0.003782
0.016501
0.003780
-0.001507
0.020541
-0.007893
0.017328
-0.003368
0.006935
-0.014266
0.033840
-0.003006
-0.000040
0.000351
0.012414
0.018419
-0.009982
-0.002604
0.015004
-0.002876
0.015580
-0.006456
0.008565
0.004039
0.007006
0.003222
0.002343
0.005609
0.001193
-0.004164
0.028913
-0.012532
0.005225
-0.005580
0.023024
-0.000899
0.005046
-0.013076
0.017149
-0.000721
0.009369
-0.003055
-0.009837
0.020514
0.009134
-0.010031
0.003478
0.005007
0.010292
0.003479
-0.006909
0.008081
0.004197
0.000861
0.007148
0.001387
-0.000905
0.007726
0.000722
0.012086
-0.006842
0.005737
0.019774
-0.007516
0.001239
0.004947
0.003504
-0.001112
0.002512
0.000803
0.012081
-0.006004
-0.004149
0.013888
-0.004394
0.011226
0.000739
-0.022387
0.036341
-0.004157
-0.016611
0.007909
0.008497
0.005418
-0.003826
-0.007547
0.024443
-0.011176
-0.003297
0.010433
-0.009842
0.013752
0.002780
-0.010136
0.013110
0.002227
-0.004507
0.004652
-0.004048
0.005475
0.006946
-0.014604
0.016894
0.004571
-0.014197
0.010158
-0.002927
0.005949
0.000377
-0.001727
0.004815
0.003939
-0.009397
0.008106
-0.006671
0.009921
-0.000960
-0.004747
0.005702
-0.003830
0.004624
0.003859
-0.011184
0.014687
0.004673
-0.011898
0.004773
-0.005498
0.010482
-0.007449
0.011946
-0.007753
0.007912
-0.007845
0.015060
-0.005358
-0.002180
-0.002843
0.000266
0.016051
-0.014262
-0.000679
0.015357
-0.007699
-0.008921
0.006260
0.006329
0.003356
-0.009563
-0.001257
0.015260
-0.011064
-0.001037
0.003406
-0.000203
0.002123
0.003305
-0.007940
0.005540
0.002173
-0.004793
0.005475
-0.013480
0.014003
0.005626
-0.014026
0.001502
0.009711
-0.006783
0.000992
-0.002320
0.001864
0.002834
-0.010781
0.021512
-0.012597
-0.005300
0.008316
0.001351
0.002644
-0.004660
-0.003213
0.009227
-0.011348
0.003927
0.008277
-0.013859
0.009457
0.008523
-0.026050
0.024116
-0.008847
-0.005666
0.009180
-0.002157
-0.000937
0.000944
-0.010455
0.014825
-0.004403
-0.004200
-0.001880
-0.001806
0.010076
-0.001919
-0.011482
0.011629
0.003332
-0.006604
-0.009048
0.005431
0.006080
-0.012178
0.007503
0.000947
-0.000656
-0.001485
-0.002815
0.001944
0.007308
-0.010397
-0.011319
0.024882
-0.011328
-0.006652
0.000682
0.011159
-0.006053
-0.000326
-0.011136
0.012852
-0.000247
-0.009004
0.004545
-0.005351
0.014015
-0.009104
-0.004607
0.000774
0.008505
-0.010123
0.005953
-0.006608
0.003510
-0.004127
0.007633
-0.013524
0.000959
0.006481
-0.001137
-0.005147
0.010967
-0.009856
-0.008107
0.012511
0.002180
-0.003665
-0.012306
0.012029
-0.000228
0.001728
-0.004966
0.004644
-0.002906
0.001231
0.002963
-0.004266
0.001962
-0.005566
-0.000901
0.013353
-0.009224
-0.004401
0.007366
-0.006901
0.001421
-0.001771
0.002207
-0.002152
-0.000509
0.000041
-0.002539
-0.015595
0.035289
-0.017826
-0.009115
0.002204
0.015687
-0.015736
0.000118
0.003721
-0.002125
0.009300
-0.019388
0.022070
-0.016850
-0.000566
-0.001835
0.009143
0.001070
-0.004135
-0.019160
0.026053
-0.002072
-0.020088
0.014025
-0.007770
0.013897
-0.012992
-0.001587
-0.001965
0.011242
-0.012237
0.007831
-0.008160
0.010795
0.001675
-0.018295
0.019897
-0.012618
0.004249
-0.001645
-0.003867
0.010325
-0.013115
0.000980
-0.001816
0.012113
-0.015142
0.005996
-0.005453
0.015095
-0.007923
-0.017621
0.012707
0.008344
-0.004835
-0.015673
0.017676
-0.005267
0.009918
-0.023113
0.018952
-0.007479
0.001692
0.004534
-0.021632
0.028005
-0.014195
-0.002092
0.006109
-0.002278
-0.000838
0.002633
-0.009506
0.011963
-0.007600
0.001575
-0.001579
-0.004808
0.005187
0.002157
-0.011283
0.009893
-0.006025
0.000561
0.003075
0.002715
-0.011168
0.003216
0.003457
-0.000139
0.000479
-0.003035
0.003817
-0.001734
-0.002816
-0.000620
0.003016
-0.000725
0.007895
-0.019318
0.014834
-0.007404
-0.002135
0.010210
-0.013011
0.004610
-0.000089
0.004029
0.000172
-0.000678
-0.001898
0.003119
-0.014579
0.015872
0.007002
-0.026539
0.021567
0.000650
0.001477
-0.007480
0.013170
-0.006001
0.007090
-0.004586
0.009118
-0.009928
0.008918
-0.011610
-0.000736
0.014727
-0.008789
0.004973
-0.004893
0.006863
-0.008274
0.006244
-0.002533
0.005472
-0.003223
-0.000554
0.001932
0.000911
0.000276
-0.004532
0.006711
0.001393
0.005739
-0.018205
0.014514
0.004396
-0.009514
0.004774
-0.001320
-0.000255
0.000064
0.000850
0.003224
0.006946
-0.014018
0.012009
-0.003818
-0.003854
0.009275
-0.015173
0.015647
0.006641
-0.018451
0.009223
-0.005531
0.005847
-0.003923
-0.000233
0.003496
0.005599
-0.009836
0.009564
-0.008540
0.015031
-0.011845
-0.001195
0.010986
-0.002142
-0.005652
0.004510
-0.004125
0.003073
-0.000302
0.003307
-0.001108
0.004306
-0.000928
0.004026
-0.013764
0.016529
-0.006577
0.004942
-0.000860
-0.004718
0.007460
-0.005539
0.006771
-0.008950
0.005236
0.000197
0.003164
0.005157
-0.007022
0.001224
-0.005015
0.015860
0.003350
-0.015696
0.001823
0.015895
-0.007183
0.008555
-0.017783
0.020549
-0.005603
-0.000786
-0.008787
0.002989
0.015516
-0.004828
-0.010145
0.008058
0.001843
-0.006477
0.012883
-0.003962
-0.008489
0.008459
0.004571
-0.006743
0.007074
-0.004019
0.007185
-0.010049
0.012048
-0.003877
-0.007755
0.008127
0.000085
-0.006683
0.015446
-0.006355
0.004697
-0.010210
0.019057
-0.015766
0.007637
-0.006518
0.019933
-0.009580
-0.000237
-0.005973
0.006587
0.008028
-0.007839
-0.003091
0.010176
-0.000185
-0.005465
0.010487
-0.006150
0.005386
-0.002498
-0.004846
0.009602
0.004973
-0.014674
0.016980
-0.010836
0.005154
0.010542
-0.019851
0.017512
0.001206
-0.006633
0.000194
0.002142
-0.001176
0.008288
-0.002689
-0.006894
0.011704
-0.012368
0.014131
-0.009087
0.011125
-0.005355
-0.003522
0.004821
0.010921
-0.010303
0.002315
0.004531
0.005883
-0.004329
-0.009629
0.014999
-0.001663
-0.001192
-0.004617
0.002937
0.014950
-0.011161
-0.006434
0.015577
0.003792
-0.015469
0.014555
-0.008898
0.008373
-0.003680
0.000063
0.009227
-0.007565
0.005750
0.000421
-0.003612
0.009668
0.005306
-0.024803
0.019035
0.010131
-0.013797
-0.000964
0.011745
-0.000783
-0.003867
0.002318
-0.000236
0.011574
-0.012330
0.009271
-0.011735
0.018634
-0.005843
-0.009230
0.013362
0.003821
-0.008701
0.008733
-0.012684
0.017727
-0.013891
0.016647
-0.023234
0.037093
-0.032826
0.016910
-0.003330
0.016276
-0.012627
-0.001195
0.008617
0.005028
-0.004772
-0.011608
0.020965
-0.008706
0.006009
-0.010941
0.013684
-0.002463
0.003052
-0.005857
0.000092
0.012570
-0.007533
0.002704
0.000337
0.012199
-0.015895
0.007647
0.003540
-0.003026
0.008491
-0.006234
0.006624
-0.002516
0.005680
-0.002503
-0.001479
0.007320
-0.003255
-0.002419
0.005750
0.000641
0.004932
-0.007521
0.005547
0.006783
0.000569
-0.005047
0.000201
0.009981
-0.005740
0.005144
-0.003592
0.009316
-0.007329
-0.000425
0.007876
0.000434
0.002892
-0.010891
0.015741
-0.004041
0.011982
-0.042676
0.056707
-0.007995
-0.033946
0.013920
-0.004279
0.018873
-0.004590
-0.017688
0.017029
0.003884
-0.018694
0.019717
-0.011615
0.000921
0.019829
-0.027535
0.017425
0.001380
-0.006146
0.013134
-0.009058
-0.001776
0.011583
-0.012957
0.011133
-0.004156
-0.000441
-0.002020
0.006626
-0.001304
0.005013
-0.003225
0.001651
-0.000786
0.002302
-0.004524
0.005620
-0.000077
0.011959
-0.018205
0.006906
0.010694
-0.013452
0.006521
0.000085
-0.002069
-0.007466
0.017684
-0.005256
0.006027
-0.029238
0.031213
-0.009586
-0.001372
0.006922
-0.013114
0.011615
0.008020
-0.019421
0.005522
0.004901
0.003849
-0.010653
0.022676
-0.040776
0.045806
-0.059337
0.177429
-0.389182
0.435349
