0.007343
0.006448
0.005162
0.003714
0.002325
0.001161
0.000308
-0.000229
-0.000505
-0.000607
-0.000622
-0.000620
-0.000642
-0.000701
-0.000796
-0.000912
-0.001034
-0.001149
-0.001249
-0.001332
-0.001398
-0.001450
-0.001492
-0.001530
-0.001568
-0.001611
-0.001662
-0.001720
-0.001783
-0.001848
-0.001911
-0.001966
-0.002011
-0.002046
-0.002071
-0.002090
-0.002106
-0.002124
-0.002148
-0.002179
-0.002217
-0.002261
-0.002305
-0.002338
-0.002339
-0.002264
-0.002033
-0.001490
-0.000358
0.001838
0.005857
0.012831
0.024316
0.042265
0.068850
0.106116
0.155456
0.216992
0.289017
0.367695
0.447218
0.520493
0.580308
0.620707
0.638225
0.632623
0.606889
0.566509
0.518232
0.468685
0.423207
0.385174
0.355875
0.334861
0.320565
0.310970
0.304148
0.298598
0.293368
0.288012
0.282456
0.276839
0.271374
0.266255
0.261605
0.257474
0.253842
0.250649
0.247816
0.245261
0.242911
0.240709
0.238612
0.236593
0.234634
0.232726
0.230863
0.229042
0.227260
0.225512
0.223796
0.222107
0.220441
0.218794
0.217164
0.215545
0.213934
0.212324
0.210707
0.209075
0.207421
0.205738
0.204028
0.202293
0.200544
0.198790
0.197042
0.195306
0.193587
0.191882
0.190189
0.188501
0.186813
0.185121
0.183421
0.181711
0.179991
0.178261
0.176523
0.174783
0.173047
0.171323
0.169619
0.167942
0.166293
0.164670
0.163065
0.161473
0.159884
0.158295
0.156704
0.155113
0.153527
0.151951
0.150390
0.148849
0.147330
0.145836
0.144369
0.142928
0.141514
0.140122
0.138747
0.137383
0.136023
0.134661
0.133293
0.131915
0.130522
0.129112
0.127681
0.126226
0.124749
0.123256
0.121760
0.120278
0.118828
0.117429
0.116096
0.114833
0.113641
0.112512
0.111434
0.110391
0.109372
0.108363
0.107358
0.106349
0.105335
0.104315
0.103287
0.102253
0.101214
0.100173
0.099134
0.098100
0.097078
0.096073
0.095086
0.094118
0.093166
0.092225
0.091288
0.090351
0.089411
0.088471
0.087537
0.086618
0.085721
0.084850
0.084008
0.083189
0.082388
0.081596
0.080805
0.080011
0.079210
0.078400
0.077583
0.076763
0.075945
0.075136
0.074344
0.073578
0.072841
0.072138
0.071468
0.070826
0.070205
0.069595
0.068989
0.068380
0.067761
0.067129
0.066486
0.065831
0.065170
0.064507
0.063849
0.063199
0.062562
0.061940
0.061332
0.060736
0.060149
0.059567
0.058987
0.058407
0.057828
0.057250
0.056676
0.056111
0.055561
0.055033
0.054533
0.054068
0.053642
0.053256
0.052906
0.052585
0.052282
0.051982
0.051668
0.051326
0.050943
0.050512
0.050034
0.049514
0.048966
0.048406
0.047848
0.047307
0.046790
0.046301
0.045834
0.045384
0.044943
0.044505
0.044065
0.043623
0.043182
0.042746
0.042320
0.041908
0.041513
0.041134
0.040771
0.040422
0.040085
0.039757
0.039438
0.039127
0.038823
0.038530
0.038246
0.037973
0.037710
0.037455
0.037203
0.036951
0.036693
0.036426
0.036146
0.035852
0.035546
0.035232
0.034914
0.034600
0.034296
0.034006
0.033734
0.033478
0.033232
0.032988
0.032739
0.032477
0.032199
0.031905
0.031601
0.031292
0.030985
0.030684
0.030392
0.030111
0.029838
0.029572
0.029314
0.029064
0.028820
0.028583
0.028353
0.028127
0.027905
0.027684
0.027463
0.027240
0.027015
0.026785
0.026549
0.026306
0.026058
0.025804
0.025547
0.025290
0.025033
0.024778
0.024526
0.024276
0.024028
0.023782
0.023540
0.023305
0.023081
0.022871
0.022680
0.022508
0.022357
0.022222
0.022099
0.021978
0.021852
0.021712
0.021555
0.021378
0.021187
0.020987
0.020788
0.020598
0.020421
0.020259
0.020109
0.019966
0.019825
0.019680
0.019528
0.019367
0.019198
0.019023
0.018843
0.018662
0.018483
0.018310
0.018146
0.017994
0.017853
0.017723
0.017601
0.017484
0.017369
0.017257
0.017147
0.017043
0.016946
0.016857
0.016775
0.016699
0.016625
0.016551
0.016474
0.016394
0.016311
0.016224
0.016134
0.016043
0.015952
0.015862
0.015775
0.015693
0.015614
0.015538
0.015462
0.015383
0.015301
0.015215
0.015126
0.015037
0.014951
0.014869
0.014791
0.014714
0.014638
0.014559
0.014475
0.014385
0.014288
0.014186
0.014080
0.013972
0.013866
0.013765
0.013671
0.013587
0.013512
0.013444
0.013380
0.013318
0.013256
0.013193
0.013130
0.013067
0.013004
0.012942
0.012880
0.012815
0.012746
0.012675
0.012601
0.012526
0.012454
0.012387
0.012325
0.012269
0.012220
0.012178
0.012141
0.012109
0.012080
0.012049
0.012013
0.011968
0.011913
0.011846
0.011768
0.011685
0.011600
0.011518
0.011445
0.011383
0.011333
0.011294
0.011263
0.011238
0.011212
0.011182
0.011146
0.011105
0.011060
0.011019
0.010987
0.010969
0.010968
0.010982
0.011005
0.011029
0.011045
0.011045
0.011022
0.010976
0.010906
0.010819
0.010720
0.010618
0.010521
0.010434
0.010363
0.010308
0.010270
0.010243
0.010224
0.010206
0.010184
0.010156
0.010121
0.010080
0.010035
0.009989
0.009946
0.009908
0.009875
0.009848
0.009828
0.009816
0.009810
0.009808
0.009808
0.009805
0.009796
0.009776
0.009744
0.009701
0.009649
0.009595
0.009542
0.009496
0.009460
0.009433
0.009414
0.009400
0.009385
0.009365
0.009338
0.009301
0.009257
0.009211
0.009168
0.009133
0.009108
0.009095
0.009089
0.009088
0.009086
0.009080
0.009067
0.009048
0.009023
0.008994
0.008962
0.008929
0.008898
0.008869
0.008845
0.008827
0.008816
0.008814
0.008820
0.008835
0.008860
0.008895
0.008939
0.008989
0.009041
0.009092
0.009140
0.009185
0.009228
0.009274
0.009324
0.009380
0.009438
0.009492
0.009533
0.009553
0.009547
0.009513
0.009454
0.009375
0.009284
0.009191
0.009101
0.009020
0.008952
0.008897
0.008854
0.008821
0.008792
0.008764
0.008733
0.008699
0.008662
0.008627
0.008597
0.008579
0.008573
0.008582
0.008601
0.008628
0.008658
0.008685
0.008706
0.008716
0.008716
0.008703
0.008680
0.008649
0.008614
0.008579
0.008547
0.008521
0.008500
0.008482
0.008464
0.008444
0.008418
0.008386
0.008349
0.008307
0.008262
0.008215
0.008166
0.008119
0.008074
0.008037
0.008013
0.008006
0.008019
0.008052
0.008100
0.008156
0.008212
0.008258
0.008289
0.008299
0.008289
0.008260
0.008215
0.008161
0.008102
0.008045
0.007991
0.007944
0.007904
0.007870
0.007841
0.007814
0.007789
0.007768
0.007754
0.007747
0.007751
0.007764
0.007784
0.007805
0.007824
0.007835
0.007837
0.007829
0.007811
0.007785
0.007756
0.007727
0.007702
0.007683
0.007671
0.007668
0.007669
0.007673
0.007673
0.007666
0.007651
0.007628
0.007599
0.007569
0.007542
0.007523
0.007511
0.007508
0.007510
0.007513
0.007513
0.007509
0.007498
0.007482
0.007464
0.007449
0.007440
0.007442
0.007456
0.007479
0.007506
0.007532
0.007551
0.007557
0.007551
0.007533
0.007507
0.007476
0.007443
0.007409
0.007375
0.007341
0.007309
0.007280
0.007255
0.007236
0.007222
0.007211
0.007203
0.007194
0.007185
0.007176
0.007171
0.007173
0.007184
0.007206
0.007238
0.007276
0.007316
0.007352
0.007380
0.007396
0.007398
0.007389
0.007373
0.007356
0.007344
0.007343
0.007354
0.007379
0.007411
0.007445
0.007469
0.007478
0.007467
0.007434
0.007383
0.007319
0.007251
0.007185
0.007127
0.007081
0.007049
0.007030
0.007021
0.007020
0.007021
0.007018
0.007008
0.006987
0.006956
0.006915
0.006869
0.006822
0.006778
0.006738
0.006704
0.006674
0.006648
0.006624
0.006600
0.006575
0.006551
0.006529
0.006508
0.006492
0.006480
0.006473
0.006469
0.006465
0.006461
0.006453
0.006439
0.006422
0.006400
0.006378
0.006356
0.006335
0.006315
0.006294
0.006271
0.006245
0.006216
0.006188
0.006164
0.006148
0.006143
0.006153
0.006177
0.006216
0.006272
0.006347
0.006441
0.006556
0.006687
0.006826
0.006960
0.007076
0.007158
0.007196
0.007186
0.007132
0.007041
0.006929
0.006807
0.006689
0.006583
0.006493
0.006419
0.006358
0.006307
0.006262
0.006220
0.006180
0.006139
0.006098
0.006054
0.006008
0.005958
0.005906
0.005852
0.005799
0.005750
0.005708
0.005672
0.005643
0.005619
0.005597
0.005575
0.005552
0.005528
0.005505
0.005486
0.005474
0.005474
0.005489
0.005523
0.005579
0.005662
0.005773
0.005909
0.006061
0.006216
0.006352
0.006450
0.006493
0.006473
0.006390
0.006260
0.006102
0.005941
0.005798
0.005685
0.005607
0.005561
0.005537
0.005526
0.005518
0.005509
0.005498
0.005485
0.005473
0.005463
0.005459
0.005458
0.005459
0.005461
0.005459
0.005451
0.005437
0.005415
0.005387
0.005356
0.005324
0.005294
0.005268
0.005247
0.005231
0.005219
0.005211
0.005205
0.005202
0.005202
0.005202
0.005204
0.005206
0.005207
0.005207
0.005204
0.005200
0.005193
0.005181
0.005165
0.005142
0.005112
0.005078
0.005041
0.005005
0.004974
0.004949
0.004932
0.004923
0.004919
0.004918
0.004917
0.004913
0.004903
0.004884
0.004852
0.004808
0.004750
0.004682
0.004605
0.004526
0.004446
0.004370
0.004299
0.004234
0.004174
0.004120
0.004071
0.004027
0.003988
0.003955
0.003930
0.003912
0.003905
0.003910
0.003928
0.003960
0.004001
0.004046
0.004087
0.004115
0.004122
0.004103
0.004057
0.003987
0.003899
0.003800
0.003699
0.003601
0.003511
0.003430
0.003358
0.003290
0.003226
0.003160
0.003092
0.003022
0.002950
0.002880
0.002816
0.002759
0.002711
0.002669
0.002630
0.002586
0.002527
0.002443
0.002322
0.002153
0.001931
0.001657
0.001341
0.001003
0.000670
0.000373
0.000138
-0.000021
-0.000104
-0.000126
-0.000114
-0.000098
-0.000102
-0.000141
-0.000219
-0.000328
-0.000455
-0.000585
-0.000707
-0.000815
-0.000909
-0.000992
-0.001071
-0.001153
-0.001243
-0.001342
-0.001452
-0.001569
-0.001690
-0.001808
-0.001919
-0.002022
-0.002115
-0.002200
-0.002281
-0.002361
-0.002443
-0.002532
-0.002628
-0.002732
-0.002844
-0.002962
-0.003086
-0.003213
-0.003342
-0.003472
-0.003600
-0.003725
-0.003848
-0.003968
-0.004088
-0.004210
-0.004335
-0.004465
-0.004599
-0.004736
-0.004872
-0.005002
-0.005117
-0.005204
-0.005241
-0.005197
-0.005029
-0.004682
-0.004097
-0.003219
-0.002017
-0.000501
0.001257
0.003121
0.004897
0.006367
0.007334
0.007668
