0.002918
0.002554
0.002029
0.001437
0.000868
0.000392
0.000045
-0.000169
-0.000272
-0.000301
-0.000293
-0.000278
-0.000276
-0.000293
-0.000328
-0.000373
-0.000422
-0.000467
-0.000503
-0.000530
-0.000548
-0.000558
-0.000564
-0.000567
-0.000570
-0.000573
-0.000578
-0.000585
-0.000593
-0.000603
-0.000614
-0.000625
-0.000637
-0.000648
-0.000658
-0.000666
-0.000671
-0.000672
-0.000670
-0.000664
-0.000656
-0.000647
-0.000635
-0.000615
-0.000573
-0.000476
-0.000261
0.000193
0.001096
0.002797
0.005837
0.010994
0.019309
0.032045
0.050564
0.076105
0.109455
0.150587
0.198347
0.250290
0.302787
0.351423
0.391655
0.419600
0.432741
0.430394
0.413785
0.385740
0.350085
0.310914
0.271921
0.235939
0.204734
0.179044
0.158798
0.143392
0.131974
0.123650
0.117622
0.113242
0.110024
0.107616
0.105771
0.104311
0.103108
0.102065
0.101109
0.100185
0.099254
0.098293
0.097287
0.096235
0.095137
0.093999
0.092826
0.091619
0.090382
0.089114
0.087816
0.086493
0.085151
0.083803
0.082463
0.081149
0.079877
0.078661
0.077510
0.076427
0.075410
0.074453
0.073547
0.072680
0.071842
0.071024
0.070216
0.069411
0.068603
0.067786
0.066960
0.066123
0.065280
0.064435
0.063594
0.062764
0.061949
0.061150
0.060368
0.059597
0.058833
0.058070
0.057301
0.056523
0.055734
0.054936
0.054130
0.053322
0.052518
0.051725
0.050954
0.050215
0.049516
0.048867
0.048271
0.047727
0.047230
0.046768
0.046330
0.045903
0.045474
0.045036
0.044583
0.044113
0.043624
0.043113
0.042578
0.042014
0.041418
0.040786
0.040122
0.039429
0.038719
0.038008
0.037314
0.036656
0.036050
0.035508
0.035035
0.034629
0.034280
0.033975
0.033695
0.033423
0.033145
0.032847
0.032525
0.032174
0.031798
0.031399
0.030981
0.030551
0.030112
0.029667
0.029218
0.028767
0.028315
0.027865
0.027419
0.026979
0.026547
0.026127
0.025718
0.025324
0.024945
0.024582
0.024235
0.023905
0.023591
0.023291
0.023003
0.022725
0.022454
0.022191
0.021936
0.021689
0.021449
0.021212
0.020974
0.020726
0.020462
0.020177
0.019871
0.019548
0.019215
0.018881
0.018556
0.018246
0.017954
0.017680
0.017420
0.017172
0.016934
0.016704
0.016485
0.016280
0.016093
0.015927
0.015784
0.015662
0.015560
0.015473
0.015398
0.015327
0.015257
0.015182
0.015097
0.015003
0.014899
0.014788
0.014672
0.014557
0.014445
0.014334
0.014222
0.014104
0.013972
0.013820
0.013644
0.013441
0.013214
0.012969
0.012714
0.012458
0.012208
0.011972
0.011754
0.011557
0.011382
0.011228
0.011094
0.010977
0.010872
0.010773
0.010675
0.010569
0.010454
0.010326
0.010186
0.010038
0.009886
0.009734
0.009586
0.009442
0.009302
0.009164
0.009025
0.008884
0.008743
0.008603
0.008468
0.008344
0.008236
0.008149
0.008085
0.008045
0.008028
0.008028
0.008040
0.008054
0.008063
0.008059
0.008037
0.007993
0.007927
0.007838
0.007727
0.007594
0.007442
0.007271
0.007084
0.006885
0.006681
0.006477
0.006281
0.006099
0.005933
0.005786
0.005658
0.005548
0.005454
0.005377
0.005314
0.005265
0.005230
0.005206
0.005193
0.005189
0.005190
0.005195
0.005201
0.005206
0.005208
0.005207
0.005199
0.005183
0.005156
0.005117
0.005063
0.004993
0.004907
0.004806
0.004696
0.004581
0.004468
0.004363
0.004269
0.004187
0.004115
0.004050
0.003986
0.003920
0.003850
0.003774
0.003696
0.003616
0.003538
0.003464
0.003394
0.003329
0.003269
0.003216
0.003168
0.003128
0.003097
0.003074
0.003057
0.003043
0.003028
0.003007
0.002973
0.002924
0.002860
0.002780
0.002691
0.002600
0.002512
0.002436
0.002376
0.002335
0.002313
0.002308
0.002319
0.002340
0.002368
0.002399
0.002429
0.002454
0.002469
0.002472
0.002461
0.002436
0.002399
0.002352
0.002296
0.002236
0.002170
0.002102
0.002031
0.001961
0.001893
0.001831
0.001778
0.001737
0.001709
0.001694
0.001689
0.001692
0.001701
0.001712
0.001721
0.001727
0.001724
0.001712
0.001687
0.001649
0.001599
0.001540
0.001475
0.001409
0.001347
0.001290
0.001243
0.001207
0.001183
0.001170
0.001170
0.001180
0.001199
0.001224
0.001251
0.001275
0.001291
0.001294
0.001281
0.001251
0.001206
0.001149
0.001086
0.001025
0.000972
0.000931
0.000907
0.000898
0.000905
0.000922
0.000945
0.000966
0.000980
0.000978
0.000958
0.000917
0.000857
0.000784
0.000706
0.000631
0.000568
0.000523
0.000498
0.000493
0.000507
0.000533
0.000566
0.000600
0.000631
0.000655
0.000672
0.000683
0.000691
0.000701
0.000717
0.000744
0.000782
0.000829
0.000881
0.000932
0.000973
0.000997
0.000998
0.000976
0.000929
0.000863
0.000784
0.000697
0.000610
0.000528
0.000454
0.000392
0.000341
0.000304
0.000278
0.000262
0.000253
0.000248
0.000245
0.000239
0.000231
0.000220
0.000208
0.000195
0.000185
0.000177
0.000173
0.000172
0.000171
0.000167
0.000159
0.000144
0.000121
0.000093
0.000062
0.000032
0.000008
-0.000007
-0.000012
-0.000007
0.000002
0.000013
0.000023
0.000029
0.000033
0.000038
0.000046
0.000061
0.000085
0.000117
0.000159
0.000207
0.000260
0.000315
0.000368
0.000414
0.000451
0.000476
0.000488
0.000487
0.000476
0.000456
0.000430
0.000399
0.000363
0.000321
0.000275
0.000225
0.000174
0.000127
0.000089
0.000065
0.000057
0.000067
0.000092
0.000128
0.000169
0.000209
0.000240
0.000259
0.000263
0.000252
0.000228
0.000195
0.000159
0.000123
0.000092
0.000068
0.000055
0.000051
0.000057
0.000070
0.000088
0.000108
0.000126
0.000140
0.000148
0.000149
0.000144
0.000134
0.000122
0.000111
0.000105
0.000104
0.000108
0.000117
0.000127
0.000137
0.000142
0.000142
0.000136
0.000125
0.000112
0.000101
0.000094
0.000092
0.000096
0.000104
0.000113
0.000119
0.000121
0.000119
0.000115
0.000111
0.000111
0.000117
0.000129
0.000146
0.000163
0.000178
0.000186
0.000187
0.000181
0.000170
0.000156
0.000143
0.000130
0.000118
0.000106
0.000095
0.000085
0.000074
0.000064
0.000056
0.000049
0.000045
0.000043
0.000046
0.000053
0.000065
0.000082
0.000103
0.000126
0.000149
0.000170
0.000186
0.000196
0.000200
0.000199
0.000194
0.000188
0.000182
0.000179
0.000181
0.000187
0.000199
0.000214
0.000230
0.000246
0.000258
0.000267
0.000272
0.000274
0.000275
0.000276
0.000277
0.000279
0.000279
0.000278
0.000275
0.000271
0.000266
0.000263
0.000261
0.000263
0.000268
0.000275
0.000285
0.000296
0.000307
0.000318
0.000327
0.000333
0.000335
0.000334
0.000331
0.000327
0.000325
0.000326
0.000331
0.000339
0.000351
0.000363
0.000376
0.000387
0.000396
0.000402
0.000407
0.000409
0.000408
0.000405
0.000399
0.000391
0.000382
0.000373
0.000367
0.000366
0.000372
0.000384
0.000402
0.000423
0.000444
0.000463
0.000477
0.000485
0.000489
0.000490
0.000492
0.000495
0.000502
0.000511
0.000522
0.000533
0.000542
0.000549
0.000556
0.000566
0.000580
0.000599
0.000622
0.000647
0.000670
0.000688
0.000697
0.000697
0.000686
0.000667
0.000642
0.000614
0.000587
0.000563
0.000547
0.000541
0.000544
0.000557
0.000576
0.000598
0.000619
0.000638
0.000655
0.000671
0.000689
0.000713
0.000744
0.000783
0.000828
0.000877
0.000925
0.000969
0.001005
0.001031
0.001044
0.001047
0.001039
0.001025
0.001008
0.000995
0.000987
0.000988
0.000998
0.001014
0.001033
0.001051
0.001064
0.001072
0.001077
0.001083
0.001094
0.001115
0.001148
0.001192
0.001241
0.001288
0.001326
0.001346
0.001346
0.001327
0.001291
0.001245
0.001196
0.001149
0.001108
0.001072
0.001042
0.001016
0.000993
0.000973
0.000957
0.000944
0.000934
0.000928
0.000922
0.000915
0.000904
0.000889
0.000871
0.000851
0.000833
0.000819
0.000813
0.000814
0.000822
0.000838
0.000859
0.000886
0.000918
0.000954
0.000993
0.001034
0.001076
0.001119
0.001163
0.001209
0.001260
0.001316
0.001374
0.001432
0.001485
0.001524
0.001546
0.001547
0.001527
0.001490
0.001441
0.001388
0.001339
0.001301
0.001278
0.001271
0.001281
0.001301
0.001326
0.001348
0.001362
0.001365
0.001355
0.001334
0.001307
0.001278
0.001252
0.001229
0.001212
0.001198
0.001185
0.001171
0.001155
0.001135
0.001111
0.001084
0.001057
0.001031
0.001011
0.000999
0.000999
0.001010
0.001033
0.001062
0.001094
0.001125
0.001148
0.001164
0.001169
0.001166
0.001157
0.001145
0.001133
0.001125
0.001122
0.001127
0.001139
0.001158
0.001181
0.001205
0.001227
0.001245
0.001257
0.001260
0.001254
0.001239
0.001215
0.001185
0.001151
0.001117
0.001089
0.001070
0.001063
0.001070
0.001090
0.001118
0.001149
0.001177
0.001197
0.001204
0.001195
0.001171
0.001134
0.001086
0.001032
0.000975
0.000918
0.000865
0.000818
0.000778
0.000748
0.000728
0.000718
0.000718
0.000726
0.000741
0.000761
0.000781
0.000799
0.000813
0.000822
0.000824
0.000821
0.000813
0.000802
0.000791
0.000780
0.000770
0.000761
0.000752
0.000741
0.000728
0.000710
0.000687
0.000661
0.000632
0.000603
0.000576
0.000556
0.000545
0.000546
0.000560
0.000584
0.000614
0.000646
0.000675
0.000696
0.000707
0.000708
0.000703
0.000694
0.000686
0.000682
0.000685
0.000695
0.000712
0.000733
0.000755
0.000777
0.000796
0.000810
0.000820
0.000825
0.000827
0.000825
0.000820
0.000811
0.000795
0.000770
0.000732
0.000676
0.000597
0.000490
0.000350
0.000179
-0.000019
-0.000233
-0.000445
-0.000638
-0.000793
-0.000899
-0.000950
-0.000950
-0.000911
-0.000846
-0.000771
-0.000699
-0.000639
-0.000596
-0.000571
-0.000563
-0.000571
-0.000590
-0.000617
-0.000650
-0.000685
-0.000720
-0.000753
-0.000785
-0.000815
-0.000845
-0.000878
-0.000915
-0.000957
-0.001004
-0.001056
-0.001111
-0.001167
-0.001222
-0.001275
-0.001324
-0.001369
-0.001411
-0.001452
-0.001492
-0.001534
-0.001579
-0.001627
-0.001678
-0.001729
-0.001779
-0.001823
-0.001861
-0.001891
-0.001912
-0.001928
-0.001941
-0.001956
-0.001977
-0.002008
-0.002048
-0.002094
-0.002139
-0.002169
-0.002168
-0.002114
-0.001982
-0.001749
-0.001393
-0.000902
-0.000283
0.000434
0.001193
0.001917
0.002516
0.002911
0.003049
