0.003182
0.002808
0.002266
0.001650
0.001056
0.000552
0.000174
-0.000075
-0.000218
-0.000289
-0.000324
-0.000347
-0.000374
-0.000408
-0.000447
-0.000485
-0.000516
-0.000536
-0.000547
-0.000551
-0.000552
-0.000556
-0.000567
-0.000586
-0.000614
-0.000650
-0.000693
-0.000739
-0.000785
-0.000829
-0.000867
-0.000899
-0.000922
-0.000935
-0.000940
-0.000938
-0.000933
-0.000927
-0.000924
-0.000926
-0.000933
-0.000941
-0.000946
-0.000936
-0.000890
-0.000771
-0.000504
0.000043
0.001111
0.003100
0.006639
0.012644
0.022349
0.037261
0.059009
0.089067
0.128358
0.176803
0.232948
0.293778
0.354872
0.410925
0.456580
0.487389
0.500661
0.495968
0.475164
0.441927
0.400967
0.357114
0.314534
0.276222
0.243830
0.217797
0.197659
0.182440
0.170987
0.162224
0.155285
0.149555
0.144642
0.140319
0.136464
0.133005
0.129888
0.127060
0.124465
0.122050
0.119768
0.117589
0.115494
0.113481
0.111558
0.109737
0.108030
0.106445
0.104979
0.103623
0.102358
0.101161
0.100008
0.098880
0.097761
0.096645
0.095528
0.094409
0.093286
0.092154
0.091001
0.089813
0.088576
0.087282
0.085929
0.084530
0.083106
0.081687
0.080305
0.078989
0.077756
0.076610
0.075544
0.074538
0.073568
0.072611
0.071648
0.070670
0.069678
0.068678
0.067681
0.066696
0.065731
0.064788
0.063863
0.062953
0.062053
0.061161
0.060280
0.059416
0.058574
0.057761
0.056979
0.056226
0.055496
0.054781
0.054072
0.053361
0.052647
0.051928
0.051212
0.050503
0.049811
0.049138
0.048488
0.047856
0.047237
0.046618
0.045990
0.045339
0.044658
0.043943
0.043194
0.042418
0.041626
0.040834
0.040056
0.039307
0.038597
0.037933
0.037320
0.036756
0.036237
0.035756
0.035303
0.034867
0.034437
0.034004
0.033561
0.033107
0.032647
0.032190
0.031748
0.031333
0.030956
0.030619
0.030317
0.030041
0.029774
0.029499
0.029201
0.028872
0.028510
0.028121
0.027718
0.027314
0.026924
0.026558
0.026220
0.025909
0.025618
0.025335
0.025049
0.024749
0.024427
0.024080
0.023712
0.023329
0.022941
0.022562
0.022202
0.021871
0.021573
0.021312
0.021083
0.020878
0.020686
0.020495
0.020294
0.020075
0.019836
0.019580
0.019311
0.019038
0.018765
0.018498
0.018238
0.017986
0.017743
0.017514
0.017303
0.017115
0.016953
0.016816
0.016696
0.016583
0.016462
0.016320
0.016149
0.015946
0.015716
0.015470
0.015223
0.014987
0.014774
0.014586
0.014422
0.014274
0.014131
0.013983
0.013824
0.013649
0.013463
0.013270
0.013078
0.012893
0.012719
0.012554
0.012393
0.012229
0.012055
0.011866
0.011660
0.011442
0.011218
0.010997
0.010789
0.010600
0.010434
0.010291
0.010169
0.010062
0.009965
0.009871
0.009777
0.009680
0.009578
0.009471
0.009361
0.009248
0.009135
0.009022
0.008910
0.008801
0.008693
0.008586
0.008478
0.008366
0.008248
0.008123
0.007992
0.007855
0.007718
0.007583
0.007455
0.007335
0.007225
0.007122
0.007022
0.006924
0.006823
0.006721
0.006617
0.006516
0.006421
0.006337
0.006267
0.006211
0.006169
0.006136
0.006107
0.006074
0.006031
0.005971
0.005891
0.005791
0.005673
0.005545
0.005413
0.005287
0.005173
0.005079
0.005006
0.004954
0.004922
0.004907
0.004902
0.004904
0.004907
0.004909
0.004906
0.004896
0.004879
0.004854
0.004821
0.004779
0.004727
0.004664
0.004589
0.004504
0.004410
0.004312
0.004216
0.004127
0.004048
0.003980
0.003923
0.003873
0.003826
0.003777
0.003724
0.003664
0.003597
0.003524
0.003448
0.003372
0.003298
0.003231
0.003171
0.003119
0.003073
0.003029
0.002984
0.002934
0.002878
0.002816
0.002753
0.002691
0.002636
0.002592
0.002562
0.002545
0.002542
0.002546
0.002554
0.002560
0.002558
0.002545
0.002519
0.002482
0.002437
0.002391
0.002348
0.002314
0.002292
0.002283
0.002284
0.002292
0.002300
0.002303
0.002297
0.002278
0.002244
0.002197
0.002138
0.002069
0.001997
0.001927
0.001866
0.001821
0.001794
0.001787
0.001799
0.001825
0.001859
0.001894
0.001924
0.001945
0.001956
0.001954
0.001941
0.001918
0.001886
0.001846
0.001798
0.001744
0.001686
0.001627
0.001573
0.001527
0.001495
0.001478
0.001478
0.001492
0.001516
0.001545
0.001574
0.001599
0.001617
0.001626
0.001626
0.001619
0.001605
0.001586
0.001563
0.001538
0.001512
0.001486
0.001461
0.001437
0.001413
0.001388
0.001362
0.001335
0.001306
0.001275
0.001243
0.001212
0.001183
0.001157
0.001138
0.001127
0.001127
0.001140
0.001164
0.001198
0.001237
0.001276
0.001313
0.001347
0.001380
0.001417
0.001462
0.001517
0.001582
0.001652
0.001719
0.001775
0.001811
0.001824
0.001815
0.001785
0.001743
0.001693
0.001641
0.001590
0.001543
0.001499
0.001457
0.001417
0.001375
0.001330
0.001282
0.001232
0.001183
0.001137
0.001098
0.001069
0.001053
0.001048
0.001054
0.001067
0.001083
0.001098
0.001109
0.001115
0.001113
0.001105
0.001094
0.001083
0.001074
0.001069
0.001069
0.001073
0.001080
0.001086
0.001090
0.001091
0.001088
0.001084
0.001078
0.001075
0.001075
0.001081
0.001092
0.001107
0.001127
0.001148
0.001169
0.001187
0.001203
0.001217
0.001228
0.001240
0.001253
0.001268
0.001286
0.001305
0.001326
0.001348
0.001368
0.001386
0.001402
0.001413
0.001418
0.001416
0.001407
0.001393
0.001375
0.001356
0.001337
0.001321
0.001305
0.001288
0.001268
0.001241
0.001207
0.001167
0.001126
0.001089
0.001061
0.001046
0.001046
0.001060
0.001084
0.001114
0.001143
0.001166
0.001180
0.001184
0.001182
0.001177
0.001176
0.001184
0.001202
0.001232
0.001268
0.001305
0.001335
0.001351
0.001350
0.001333
0.001303
0.001268
0.001236
0.001214
0.001205
0.001210
0.001226
0.001247
0.001269
0.001285
0.001294
0.001294
0.001285
0.001270
0.001254
0.001241
0.001235
0.001237
0.001249
0.001267
0.001288
0.001307
0.001322
0.001329
0.001329
0.001323
0.001314
0.001304
0.001296
0.001288
0.001283
0.001280
0.001279
0.001279
0.001281
0.001283
0.001284
0.001283
0.001279
0.001271
0.001259
0.001245
0.001233
0.001226
0.001229
0.001244
0.001270
0.001305
0.001344
0.001381
0.001410
0.001428
0.001433
0.001426
0.001408
0.001385
0.001361
0.001340
0.001324
0.001315
0.001311
0.001308
0.001306
0.001300
0.001292
0.001284
0.001279
0.001283
0.001299
0.001331
0.001377
0.001436
0.001502
0.001569
0.001631
0.001682
0.001717
0.001734
0.001732
0.001713
0.001679
0.001633
0.001582
0.001529
0.001482
0.001443
0.001418
0.001407
0.001410
0.001425
0.001447
0.001470
0.001489
0.001501
0.001503
0.001498
0.001487
0.001474
0.001464
0.001458
0.001459
0.001465
0.001475
0.001489
0.001503
0.001516
0.001527
0.001534
0.001538
0.001538
0.001536
0.001533
0.001530
0.001527
0.001525
0.001524
0.001524
0.001526
0.001529
0.001533
0.001539
0.001546
0.001556
0.001570
0.001588
0.001609
0.001631
0.001653
0.001670
0.001681
0.001685
0.001681
0.001674
0.001664
0.001655
0.001650
0.001652
0.001660
0.001674
0.001692
0.001711
0.001729
0.001741
0.001746
0.001746
0.001740
0.001733
0.001727
0.001725
0.001727
0.001734
0.001744
0.001756
0.001771
0.001789
0.001813
0.001844
0.001883
0.001930
0.001981
0.002034
0.002083
0.002125
0.002158
0.002179
0.002189
0.002189
0.002180
0.002166
0.002148
0.002127
0.002104
0.002080
0.002055
0.002030
0.002004
0.001981
0.001962
0.001952
0.001955
0.001974
0.002011
0.002062
0.002124
0.002188
0.002247
0.002292
0.002317
0.002320
0.002304
0.002272
0.002229
0.002180
0.002131
0.002082
0.002036
0.001991
0.001949
0.001909
0.001872
0.001840
0.001814
0.001795
0.001783
0.001777
0.001778
0.001783
0.001792
0.001804
0.001817
0.001832
0.001847
0.001861
0.001871
0.001878
0.001879
0.001875
0.001870
0.001866
0.001868
0.001877
0.001897
0.001924
0.001956
0.001988
0.002016
0.002035
0.002043
0.002040
0.002028
0.002010
0.001989
0.001972
0.001960
0.001957
0.001963
0.001978
0.001997
0.002016
0.002028
0.002029
0.002017
0.001992
0.001957
0.001916
0.001877
0.001843
0.001819
0.001807
0.001804
0.001810
0.001820
0.001832
0.001843
0.001851
0.001855
0.001854
0.001848
0.001837
0.001820
0.001795
0.001762
0.001721
0.001674
0.001625
0.001578
0.001540
0.001516
0.001511
0.001525
0.001559
0.001609
0.001670
0.001736
0.001801
0.001860
0.001908
0.001945
0.001969
0.001981
0.001986
0.001986
0.001985
0.001987
0.001994
0.002005
0.002019
0.002035
0.002050
0.002061
0.002065
0.002059
0.002041
0.002010
0.001966
0.001912
0.001853
0.001796
0.001745
0.001707
0.001684
0.001677
0.001683
0.001700
0.001726
0.001759
0.001796
0.001835
0.001876
0.001914
0.001943
0.001961
0.001962
0.001945
0.001912
0.001866
0.001814
0.001761
0.001713
0.001673
0.001641
0.001616
0.001594
0.001573
0.001550
0.001524
0.001495
0.001464
0.001436
0.001415
0.001404
0.001408
0.001430
0.001468
0.001519
0.001576
0.001631
0.001675
0.001700
0.001700
0.001676
0.001629
0.001565
0.001490
0.001412
0.001339
0.001275
0.001223
0.001184
0.001158
0.001141
0.001133
0.001131
0.001132
0.001136
0.001140
0.001146
0.001152
0.001159
0.001169
0.001183
0.001200
0.001220
0.001240
0.001258
0.001269
0.001268
0.001255
0.001229
0.001193
0.001151
0.001108
0.001067
0.001030
0.000995
0.000958
0.000910
0.000842
0.000744
0.000610
0.000437
0.000229
-0.000003
-0.000241
-0.000462
-0.000645
-0.000774
-0.000842
-0.000850
-0.000813
-0.000750
-0.000681
-0.000623
-0.000586
-0.000574
-0.000582
-0.000604
-0.000631
-0.000657
-0.000679
-0.000694
-0.000704
-0.000713
-0.000722
-0.000734
-0.000753
-0.000779
-0.000814
-0.000858
-0.000909
-0.000965
-0.001024
-0.001083
-0.001140
-0.001191
-0.001236
-0.001274
-0.001306
-0.001334
-0.001360
-0.001387
-0.001416
-0.001448
-0.001484
-0.001523
-0.001562
-0.001599
-0.001632
-0.001662
-0.001691
-0.001723
-0.001762
-0.001814
-0.001879
-0.001958
-0.002046
-0.002136
-0.002222
-0.002297
-0.002351
-0.002375
-0.002357
-0.002280
-0.002124
-0.001863
-0.001475
-0.000947
-0.000283
0.000486
0.001301
0.002079
0.002724
0.003153
0.003309
