-0.748974
0.137041
-0.187081
0.017304
0.067867
-0.027767
-0.060363
-0.009154
0.080846
-0.152662
0.175781
-0.131570
-0.019654
0.044007
-0.011087
-0.034240
0.005832
-0.035923
0.007764
0.027987
-0.090308
0.061840
-0.045518
-0.019647
0.043994
-0.060016
-0.002953
-0.000554
-0.007484
-0.024653
0.002972
-0.018578
-0.007681
-0.000288
-0.030604
0.011790
-0.039319
0.024274
-0.027844
-0.019109
0.002476
-0.018989
0.004545
-0.025737
-0.015435
0.002719
-0.010095
-0.026711
0.016590
-0.047798
0.016938
-0.016562
-0.018499
0.012489
-0.046691
-0.044401
0.192108
-0.234357
-0.145735
0.408031
0.445608
-2.393178
2.346122
3.070716
1.828182
0.546225
0.117267
0.161356
0.085190
-0.004585
0.107080
0.315706
0.183216
0.544408
0.268889
0.120899
0.295729
0.407342
0.244988
0.213353
0.212178
0.214320
0.251951
0.147708
0.317977
0.161269
0.164371
0.307649
0.169531
0.159078
0.211334
0.274707
0.170619
0.206443
0.142159
0.204500
0.299637
0.128179
0.185757
0.171919
0.229646
0.183766
0.174946
0.154260
0.215199
0.189774
0.157894
0.175808
0.178236
0.185805
0.151896
0.208133
0.152896
0.136563
0.199705
0.167216
0.157056
0.156514
0.161428
0.159264
0.177748
0.118242
0.162463
0.148695
0.167529
0.124220
0.136861
0.166461
0.153415
0.112652
0.168785
0.136199
0.133428
0.145532
0.126013
0.121920
0.152855
0.106126
0.144642
0.131584
0.129539
0.118996
0.105833
0.160629
0.108630
0.102260
0.148160
0.106634
0.118761
0.105076
0.118956
0.098909
0.135872
0.083913
0.122578
0.104318
0.109881
0.107618
0.075401
0.143575
0.085582
0.069152
0.125856
0.100141
0.051542
0.127530
0.077619
0.103078
0.086898
0.084227
0.107878
0.087697
0.074670
0.086870
0.071701
0.123497
0.063452
0.051749
0.111096
0.085650
0.060599
0.070730
0.082597
0.078753
0.086071
0.044471
0.095599
0.075950
0.065897
0.060186
0.057324
0.122035
0.033674
0.056849
0.080995
0.081678
0.028618
0.074627
0.075847
0.058693
0.055557
0.060674
0.063009
0.074094
0.056213
0.047369
0.050951
0.091049
0.057441
0.018891
0.074742
0.078446
0.036385
0.037801
0.057760
0.068240
0.036923
0.040468
0.054737
0.070372
0.030967
0.051019
0.050696
0.058894
0.049537
0.003469
0.086430
0.043892
0.030751
0.039483
0.054589
0.044181
0.041855
0.023342
0.057229
0.054957
0.019351
0.052654
0.017806
0.076793
0.028699
0.008718
0.069978
0.032524
0.020502
0.031743
0.056377
0.033126
0.033124
0.017805
0.061241
0.018130
0.030951
0.038802
0.026508
0.047140
0.029312
0.005485
0.055177
0.030378
0.026065
0.027102
0.032007
0.030677
0.030546
0.016946
0.036641
0.035821
0.027946
0.011160
0.021631
0.052936
0.025551
-0.015261
0.053435
0.030834
0.012685
0.010139
0.040446
0.032111
0.026868
-0.005976
0.045388
0.024261
0.030686
0.003871
0.016922
0.049830
0.009875
-0.006040
0.055501
0.030833
-0.015050
0.040963
0.007712
0.034471
0.007506
0.026087
0.024185
0.025166
0.015428
0.019137
-0.007864
0.055914
0.022616
-0.021109
0.028956
0.028762
0.013029
0.021620
0.003043
0.036985
0.010757
-0.008537
0.024714
0.044906
-0.003479
0.006570
0.009663
0.043641
0.011271
-0.029753
0.037007
0.045454
-0.017355
0.014799
0.017424
0.015740
0.015545
-0.005162
0.030163
0.013214
0.006337
0.009497
-0.000640
0.045115
-0.000987
-0.030142
0.062236
0.002041
-0.005677
0.010254
0.018930
0.012570
0.012370
-0.016361
0.040250
0.014392
-0.003926
-0.000431
0.001221
0.048985
0.000149
-0.026344
0.026141
0.043796
-0.033184
0.011344
0.009941
0.016738
0.012352
-0.026536
0.038790
0.001409
0.011593
-0.009551
0.009201
0.030206
0.007183
-0.031222
0.032806
0.021294
-0.017828
0.003657
0.016617
0.007073
0.005008
-0.014291
0.034701
0.013703
-0.021468
0.004331
0.016018
0.009025
0.005726
-0.032613
0.054074
-0.001073
-0.015271
0.015531
0.014589
-0.002087
-0.003971
0.002611
0.016922
0.004740
0.006245
-0.013574
-0.004324
0.029756
0.008006
-0.028260
0.025029
0.014461
-0.015703
0.012813
-0.005337
0.013870
-0.005515
0.002198
0.005074
0.011514
-0.007752
0.005306
0.023435
0.018450
-0.016963
-0.019494
0.024968
0.009960
-0.017229
0.024815
-0.008945
0.002769
0.007351
-0.000897
-0.001492
0.022006
-0.016723
0.005631
-0.003195
0.022974
0.013099
-0.038836
0.031847
0.017431
-0.021336
-0.004509
0.012813
0.007011
-0.009207
0.002501
-0.008207
0.032628
-0.004141
-0.014287
-0.008650
0.018018
0.014751
-0.032024
0.024004
0.016800
-0.023290
-0.000361
0.011126
0.013626
-0.019905
-0.004976
0.013751
0.016441
-0.017481
0.005239
-0.015444
0.027528
-0.000413
-0.031011
0.027563
0.007039
-0.025794
0.029967
-0.014961
0.004992
-0.005149
-0.002884
0.012112
-0.002769
-0.002536
0.000497
-0.013797
0.022067
0.003588
-0.030649
0.033421
-0.003524
-0.023547
0.010326
0.007372
-0.007025
0.005479
-0.018330
0.018771
0.009432
-0.010918
0.002955
-0.011143
0.028726
-0.025596
-0.020149
0.033545
0.011979
-0.036414
0.007220
0.004436
0.019464
-0.021121
-0.010086
0.012216
0.010946
-0.008861
-0.006500
-0.010789
0.020541
0.009922
-0.041596
0.025643
0.010186
-0.020339
0.007165
-0.004170
0.002051
-0.001540
-0.010459
0.010614
0.011657
-0.019090
0.005172
-0.028700
0.049509
-0.010330
-0.019594
0.022460
0.013711
-0.025611
-0.004239
0.008873
0.000410
0.010983
-0.029304
0.018033
0.008073
-0.006656
-0.007728
-0.018488
0.036777
0.011336
-0.060403
0.041226
-0.003096
-0.009160
0.002373
-0.001877
0.006523
-0.010571
-0.003980
0.004419
0.013931
-0.015913
-0.009135
-0.005383
0.028232
-0.002696
-0.041549
0.035769
0.006860
-0.027907
0.005459
0.003255
0.010739
-0.023020
0.008707
-0.005578
0.018971
-0.021726
-0.000784
-0.002654
0.013198
0.007506
-0.034490
0.018583
0.002575
-0.008980
-0.004655
0.012060
-0.013850
0.003583
-0.020433
0.030264
-0.006632
-0.012426
-0.002096
-0.005101
0.021701
-0.008973
-0.043267
0.047858
0.003822
-0.032825
0.004875
-0.000537
0.011058
-0.004356
-0.026206
0.031200
-0.008566
-0.001486
-0.008954
-0.019331
0.032603
-0.001596
-0.048382
0.036235
0.012275
-0.031269
0.007893
-0.004018
0.000467
0.002421
-0.004990
-0.010364
0.021429
-0.015393
-0.006964
-0.012448
0.036088
-0.018073
-0.033117
0.026671
0.015095
-0.033084
0.010317
-0.007641
0.019749
-0.017758
-0.014277
0.009005
0.004368
0.001430
-0.014372
-0.008827
0.023708
-0.006594
-0.038141
0.027919
0.010096
-0.019783
-0.001321
-0.001061
0.006708
-0.018607
0.004204
0.014168
-0.010953
0.006825
-0.024673
-0.004550
0.020905
-0.007537
-0.014564
0.009015
0.015900
-0.034924
0.009219
-0.007158
0.011042
-0.005294
-0.025055
0.026577
-0.002999
-0.021033
0.012030
-0.013227
0.015039
-0.005665
-0.035565
0.044136
-0.012836
-0.024912
0.004192
0.006710
0.003121
-0.012757
-0.005874
0.014507
-0.004410
-0.008744
-0.002818
-0.018147
0.024385
0.000021
-0.048859
0.043388
0.002123
-0.035402
0.009386
0.001379
0.001154
-0.006451
-0.015465
0.024918
0.000564
-0.020363
-0.008971
-0.008509
0.028258
-0.012269
-0.039778
0.041687
0.003753
-0.037134
0.008016
-0.001269
0.004791
-0.002112
-0.016848
0.003738
0.017944
-0.024952
-0.017074
0.017880
0.017184
-0.017019
-0.037332
0.039979
0.012419
-0.034745
0.006446
0.005056
0.001771
-0.014717
-0.018342
0.028031
-0.001758
-0.005906
-0.026834
0.007995
0.017455
0.002567
-0.038106
0.022133
0.000609
-0.010769
-0.001770
-0.018861
0.015686
-0.002005
-0.023423
0.027040
-0.006690
-0.007526
-0.009777
-0.016829
0.028228
-0.003409
-0.030839
0.011020
0.021343
-0.043036
0.026031
-0.020678
0.017295
-0.019240
-0.002790
0.003983
0.014767
-0.021602
-0.010017
0.008127
0.000185
-0.003562
-0.029055
0.025830
0.007452
-0.028618
0.004624
-0.000607
-0.010693
0.004488
-0.011985
0.008350
-0.000310
-0.002476
-0.020408
-0.008596
0.027554
-0.003726
-0.034054
0.023618
-0.002950
-0.022432
0.003725
-0.002256
0.007498
-0.019061
0.001323
-0.007082
0.013603
-0.009731
-0.009499
-0.017370
0.025138
-0.003017
-0.043274
0.024054
0.006481
-0.017928
-0.005049
-0.000773
0.007995
-0.010899
-0.010375
0.006070
0.000433
-0.012841
0.004186
-0.020956
0.023627
-0.013712
-0.035154
0.034518
-0.004236
-0.015252
-0.015235
0.016485
-0.022102
0.012581
-0.017089
0.011802
-0.012060
0.008179
-0.026707
-0.009802
0.028590
-0.012595
-0.025460
0.020949
-0.012416
-0.009409
-0.002816
-0.001756
0.001447
-0.010640
-0.008326
-0.000509
0.002197
-0.010361
-0.001014
-0.023807
0.041287
-0.027245
-0.039594
0.036255
0.014464
-0.049583
0.007922
-0.004804
0.006638
-0.008891
-0.009090
-0.009219
0.024578
-0.033260
0.001945
-0.020271
0.025778
-0.002647
-0.042078
0.029188
-0.011700
-0.004714
-0.018944
0.009700
-0.013962
0.016221
-0.036099
0.013651
-0.011475
0.014806
-0.027964
-0.013917
0.039799
-0.016266
-0.042488
0.032495
0.004785
-0.042403
0.023763
-0.038631
0.051732
-0.059694
0.056271
-0.120891
0.175990
-0.157773
0.063472
-0.040988
0.029050
-0.010366
-0.027870
0.005212
0.006110
-0.005874
-0.022590
0.017822
-0.029528
0.001740
0.006356
-0.023621
0.019814
-0.019054
-0.017030
0.001594
0.013310
-0.028470
0.000126
-0.001488
0.009846
-0.041556
0.012778
-0.009684
0.007943
-0.026037
0.002056
-0.000285
0.001831
-0.016438
-0.016846
-0.001623
0.022268
-0.033394
-0.008611
-0.010979
0.031282
-0.030761
-0.007524
0.005738
0.001545
-0.025960
0.006425
-0.006970
-0.013367
0.002518
-0.020552
-0.001365
0.008635
-0.012097
-0.022588
0.012974
-0.008524
-0.004297
-0.027506
0.014054
-0.012907
0.032170
-0.145343
0.173481
-0.066470
-0.037550
-0.047778
0.010019
0.021962
-0.011863
-0.022625
-0.017071
0.038183
-0.054086
0.025116
-0.042821
0.000396
0.006968
-0.020884
-0.005236
-0.013240
-0.006595
-0.007271
-0.007494
-0.016943
0.002074
-0.032570
-0.004199
0.022961
-0.049921
0.000415
0.002580
-0.016105
-0.005514
-0.030689
0.004200
-0.008612
-0.011460
-0.019145
-0.009963
-0.009103
0.003487
-0.032236
0.003051
-0.004856
-0.030287
-0.006283
-0.007008
-0.013544
-0.011049
-0.010483
-0.011184
-0.010936
-0.023971
-0.008950
-0.003987
-0.027756
0.017530
-0.054757
0.023548
-0.010338
-0.042694
-0.002201
-0.005697
-0.010269
-0.065498
0.115902
-0.195708
0.141495
-0.225878
0.720710
-1.640011
1.825993
