-0.411137
0.086988
-0.097727
0.012839
0.037663
0.001395
-0.041678
0.007688
0.041244
-0.068132
0.098179
-0.074476
0.000023
0.034178
-0.011562
-0.010718
0.006083
-0.006496
0.005706
0.010239
-0.036097
0.048760
-0.042771
0.008793
0.023158
-0.023100
0.006391
-0.011337
0.021579
-0.016664
0.002877
-0.005365
0.003871
0.005937
-0.005205
-0.000592
-0.015575
0.028737
-0.023044
0.009050
-0.012327
0.015347
-0.008316
-0.002751
-0.002565
0.016796
-0.022148
0.006128
0.006789
-0.012810
0.014973
-0.017800
0.015656
-0.002774
-0.026796
0.014116
0.067284
-0.133248
0.018118
0.219515
-0.043648
-0.861071
2.154920
0.863229
0.748417
0.516997
0.409610
0.278952
0.159324
0.093700
0.124453
0.075493
0.159378
0.240195
-0.051091
0.060774
0.168756
0.147035
0.045735
0.092327
0.096793
0.046113
0.133439
0.067707
0.103658
0.034939
0.114890
0.122638
0.024107
0.074870
0.119026
0.107532
0.038164
0.084051
0.058153
0.091204
0.099031
0.045745
0.068856
0.067121
0.097417
0.053999
0.055860
0.076181
0.072983
0.065415
0.058210
0.066846
0.064579
0.060413
0.054072
0.074554
0.049226
0.048314
0.085756
0.045038
0.058905
0.046173
0.055589
0.058866
0.064075
0.031975
0.056370
0.056599
0.058030
0.036309
0.044996
0.069045
0.046060
0.029758
0.063664
0.037803
0.050159
0.037179
0.045433
0.039519
0.043022
0.038079
0.046286
0.040958
0.033740
0.039728
0.036632
0.060901
0.019182
0.026221
0.059260
0.037668
0.023370
0.031980
0.047793
0.028320
0.041359
0.019449
0.041688
0.033214
0.033410
0.018859
0.034674
0.037260
0.024334
0.021712
0.045738
0.018135
0.023083
0.046572
0.016445
0.030621
0.025762
0.035808
0.025034
0.016844
0.030050
0.025898
0.017510
0.037022
0.013237
0.018486
0.037093
0.018727
0.026887
0.013705
0.025717
0.022309
0.029675
0.014392
0.024924
0.023717
0.009464
0.026131
0.017979
0.035546
0.001736
0.023540
0.036598
0.005484
0.017153
0.015507
0.024999
0.017575
0.014406
0.010601
0.031801
0.004163
0.027877
0.005621
0.023272
0.024245
0.007341
0.010389
0.029092
0.015167
0.002382
0.021657
0.015647
0.017686
0.006493
0.015370
0.022441
0.008608
0.012735
0.004457
0.016723
0.025305
0.002264
0.009819
0.021730
0.008071
0.006132
0.012135
0.025902
-0.003900
0.016377
0.004335
0.026828
-0.000021
0.011122
0.003088
0.018354
0.021016
-0.005881
0.008869
0.022294
0.015679
-0.016999
0.030460
0.008296
0.012293
0.003217
0.008969
0.013507
0.004900
0.011970
0.004509
0.006355
0.027253
-0.002308
0.004024
0.014984
0.008406
-0.002540
0.021103
0.003334
-0.000346
0.013438
0.003750
0.012543
0.003305
0.006600
0.001584
0.017326
0.011470
-0.001656
0.000840
0.016590
0.005902
-0.004168
0.010438
0.007724
0.007904
0.008247
-0.006323
0.018446
0.002048
0.006771
-0.003190
0.005924
0.016289
-0.005799
0.001787
0.011346
0.011845
-0.009193
0.013788
-0.000678
0.014352
-0.005562
0.002751
0.013170
0.007334
-0.002611
-0.001377
0.011946
0.012938
-0.007708
-0.003764
0.019447
0.003036
-0.009719
0.015132
-0.002150
0.007992
-0.003548
0.005324
0.004211
0.006767
0.001236
0.000789
-0.002556
0.013938
-0.003173
-0.002249
0.014306
0.000711
-0.000737
0.006886
0.005026
0.001174
0.000052
0.006325
0.005629
-0.002376
0.003858
0.005692
-0.003690
0.012439
-0.002695
-0.011373
0.027394
-0.009766
-0.003825
0.006369
0.007174
0.002784
-0.005848
0.001578
0.008776
0.002942
-0.008275
0.004550
-0.000923
0.015885
-0.014184
-0.003189
0.022719
-0.008397
-0.002061
0.002765
0.006309
-0.004737
0.001799
0.000422
0.004873
-0.004863
0.012528
-0.014124
0.007087
0.012265
-0.011424
-0.004704
0.012456
0.004019
-0.014318
0.009016
-0.000963
0.008162
-0.006788
-0.000504
0.004790
0.000423
-0.000484
-0.000746
0.000654
0.010963
-0.015175
0.000725
0.015235
-0.006452
-0.010238
0.013152
-0.000560
-0.002198
-0.004691
0.002160
0.010344
-0.009250
0.000448
-0.002841
0.003507
0.008189
-0.011986
0.003187
0.009661
-0.002235
-0.007799
0.003726
0.002034
0.000657
-0.004121
0.005345
-0.002845
0.002565
0.005238
-0.011482
0.002455
0.010797
-0.005404
-0.009448
0.015645
-0.000012
-0.010629
-0.001745
0.006727
-0.000021
-0.007099
0.000607
0.003070
0.002564
-0.005506
-0.000318
-0.005107
0.011345
-0.002359
-0.013670
0.015787
-0.001540
-0.007545
-0.001666
-0.001562
0.005534
-0.004540
0.002071
0.002718
0.000030
-0.000491
-0.001787
-0.003133
0.012953
-0.011674
-0.007283
0.011316
0.005385
-0.014221
0.005509
-0.001021
0.000739
-0.001750
-0.009468
0.008217
-0.003371
-0.000321
-0.001560
-0.002555
0.013169
-0.009877
-0.012257
0.024122
-0.010101
-0.014361
0.017386
-0.010588
0.002359
-0.005326
-0.003871
0.006885
0.004358
-0.004626
0.003227
-0.009505
0.007129
0.001161
-0.015392
0.014534
-0.005213
-0.005871
0.004935
-0.003339
-0.002092
0.000464
-0.001028
0.000638
0.002587
-0.006838
-0.001462
0.011126
-0.000032
0.000818
-0.023417
0.025598
-0.009983
-0.004085
0.001606
0.001642
-0.002821
-0.004778
0.000708
0.002372
-0.000728
0.003363
-0.009742
0.000674
0.016485
-0.015041
-0.004656
0.009597
-0.005536
-0.005570
0.007052
-0.007313
0.002158
-0.007046
0.007864
-0.001305
-0.005920
-0.001529
-0.000473
0.003780
0.001979
-0.006866
-0.010454
0.017366
-0.010026
-0.002476
0.002414
-0.007535
0.006276
-0.000528
-0.004306
0.003330
-0.002387
0.000535
-0.005794
-0.003997
0.013282
-0.011450
-0.012901
0.025656
-0.011529
-0.013956
0.008155
0.002482
-0.002288
0.001946
0.007892
0.000730
0.006625
-0.007147
0.004851
-0.008089
0.014308
-0.009978
-0.007921
0.019038
-0.006698
-0.010080
0.009950
0.000574
-0.000920
-0.007930
0.010594
-0.009572
0.005510
-0.006403
0.000713
-0.004037
0.013592
-0.005646
-0.011885
0.007080
0.002339
-0.006612
0.003818
-0.003505
0.005912
-0.007905
-0.002896
0.008525
-0.007589
0.007037
-0.013726
0.001540
0.011318
-0.002136
-0.009541
0.005656
0.005714
-0.017189
0.013925
-0.003947
-0.001149
-0.004069
-0.003232
0.008481
0.001599
-0.012362
0.005620
-0.006995
0.013153
-0.012199
0.001163
0.008929
-0.009432
-0.005384
0.006868
0.000915
-0.009374
0.007700
-0.009365
0.004256
0.007926
-0.010502
-0.001965
0.003813
0.004387
-0.002997
-0.010608
0.010710
0.003776
-0.011108
0.000656
0.005036
-0.001731
-0.001758
-0.007461
0.010427
-0.005528
-0.001704
-0.010561
0.010317
0.005902
-0.012423
-0.006450
0.020441
-0.009595
-0.007661
0.007480
-0.008177
0.011796
-0.014706
0.009638
-0.006235
0.000952
-0.002455
0.001735
-0.002553
-0.004017
0.008985
-0.017054
0.016028
-0.006027
-0.003340
0.003988
-0.007156
0.010091
-0.014963
0.010437
-0.000528
-0.004473
0.002223
-0.010821
0.017474
-0.008491
-0.001245
-0.009490
0.014867
-0.010240
-0.002436
0.001888
0.003719
-0.005171
0.000638
-0.002406
0.007177
-0.003904
-0.006324
0.006935
-0.011832
0.020870
-0.020146
0.000382
0.011960
-0.007961
-0.007824
0.007466
-0.002878
-0.002492
0.002769
-0.005298
0.004165
0.000959
-0.003250
-0.005251
-0.002828
0.013237
-0.000894
-0.009516
0.010755
0.001368
-0.012417
0.014287
-0.003174
-0.000138
-0.003492
-0.005873
0.013519
-0.010064
0.006411
-0.004389
-0.006479
0.011128
-0.003030
-0.008693
0.014386
-0.004669
-0.006484
0.003316
0.002693
-0.001023
-0.010206
0.008373
0.002690
0.001027
-0.007068
-0.004388
0.004011
0.012353
-0.017142
0.002129
0.008707
-0.006170
-0.001880
-0.001692
0.004086
0.000178
-0.005838
0.008220
-0.009962
0.006788
0.001525
-0.007836
-0.001004
0.010166
-0.009512
-0.008635
0.014375
-0.003301
-0.009009
0.009130
-0.014664
0.024056
-0.022102
0.008779
0.003279
-0.001744
-0.000979
-0.008234
0.006717
0.003662
-0.009607
-0.004911
0.018207
-0.011134
-0.007662
0.005103
0.006094
-0.010513
0.006375
-0.008119
0.013303
-0.012154
0.006480
-0.003146
-0.000893
0.011990
-0.011598
-0.011618
0.025095
-0.008799
-0.010270
0.007915
0.001208
0.000484
-0.008604
0.001439
0.004395
0.006607
-0.015103
0.004593
-0.001509
0.015804
-0.015490
-0.009511
0.018380
-0.004990
-0.005840
-0.000931
0.008251
-0.009571
0.002982
-0.004133
0.007545
0.000078
-0.006979
0.001272
-0.006018
0.011497
-0.009317
-0.008471
0.018267
-0.006982
-0.004151
-0.004021
0.014459
-0.016262
0.014577
-0.020190
0.017279
-0.012583
0.008505
-0.011344
0.002534
0.010828
-0.006005
-0.009761
0.010080
0.002038
-0.010408
0.010519
-0.007378
0.005145
-0.003108
0.000456
0.001829
0.000424
-0.000470
-0.000392
-0.006341
0.012478
-0.016165
0.001985
0.008009
0.003114
-0.013027
0.004197
0.000999
-0.000476
0.004118
0.010156
0.014243
-0.015874
-0.000859
0.000304
-0.007428
0.020792
-0.016984
-0.002459
0.013545
0.002341
-0.013168
0.006683
-0.001760
0.008387
-0.003095
-0.003821
0.005260
0.003961
-0.004015
-0.005718
0.003468
0.010096
-0.010157
-0.004313
0.019132
-0.007744
-0.004708
0.010287
-0.020425
0.033802
-0.043795
0.056005
-0.077247
0.099458
-0.082748
0.038225
-0.022282
0.027656
-0.011827
-0.010888
0.020103
-0.008444
0.005383
-0.019322
0.026838
-0.017864
-0.000716
0.009102
0.001416
-0.009666
0.010755
-0.005091
0.010507
0.011750
-0.016935
0.020664
-0.007831
-0.005120
-0.000469
0.008231
-0.004229
-0.000312
0.001669
-0.000864
0.006225
0.004979
-0.008352
0.004354
0.001232
0.009619
-0.015248
0.002903
0.005303
0.007218
-0.014435
0.003040
0.009536
0.001214
-0.010641
0.008630
-0.004356
0.002690
0.004047
-0.011072
0.011666
-0.002847
-0.003709
0.001682
0.010175
-0.009173
0.009315
-0.015548
0.026360
-0.019872
0.019141
-0.061351
0.117260
-0.099563
0.028775
-0.015753
0.010770
0.000135
-0.003753
-0.007920
0.007803
-0.003499
-0.005407
0.024239
-0.035491
0.013569
0.001070
-0.005508
0.003197
-0.003374
-0.001028
0.000492
-0.003305
-0.002538
0.003183
-0.012532
0.015559
-0.005262
-0.014707
0.009921
-0.001428
-0.006439
-0.005198
0.003068
0.003000
-0.009809
0.004733
-0.004660
-0.002647
0.001187
-0.000234
-0.012685
0.007735
0.002067
-0.015816
0.009867
-0.005796
-0.004302
0.002645
-0.008067
0.003542
-0.006544
0.001007
-0.007793
0.000491
-0.003808
0.007877
-0.021942
0.015910
-0.007452
-0.013425
0.012369
-0.015417
0.008730
-0.031310
0.069113
-0.098248
0.070041
-0.107288
0.383898
-0.872634
0.990841
