0.008165
0.007191
0.005796
0.004223
0.002708
0.001428
0.000480
-0.000130
-0.000459
-0.000596
-0.000636
-0.000651
-0.000688
-0.000762
-0.000869
-0.000997
-0.001128
-0.001250
-0.001357
-0.001448
-0.001527
-0.001600
-0.001674
-0.001752
-0.001837
-0.001930
-0.002028
-0.002128
-0.002226
-0.002317
-0.002401
-0.002476
-0.002544
-0.002607
-0.002668
-0.002728
-0.002788
-0.002846
-0.002900
-0.002949
-0.002991
-0.003024
-0.003045
-0.003047
-0.003003
-0.002857
-0.002488
-0.001658
0.000068
0.003442
0.009677
0.020608
0.038799
0.067533
0.110593
0.171742
0.253914
0.358175
0.482715
0.622145
0.767466
0.906894
1.027539
1.117619
1.168691
1.177283
1.145489
1.080347
0.992219
0.892651
0.792292
0.699372
0.618978
0.553131
0.501421
0.461911
0.432011
0.409152
0.391177
0.376490
0.364034
0.353171
0.343549
0.334978
0.327349
0.320578
0.314580
0.309262
0.304521
0.300248
0.296333
0.292676
0.289189
0.285805
0.282481
0.279197
0.275951
0.272755
0.269628
0.266588
0.263648
0.260815
0.258085
0.255445
0.252877
0.250356
0.247857
0.245355
0.242833
0.240275
0.237674
0.235029
0.232344
0.229623
0.226875
0.224111
0.221340
0.218577
0.215834
0.213126
0.210465
0.207859
0.205315
0.202831
0.200405
0.198033
0.195708
0.193431
0.191201
0.189022
0.186899
0.184836
0.182831
0.180882
0.178981
0.177116
0.175277
0.173457
0.171651
0.169857
0.168076
0.166310
0.164554
0.162802
0.161041
0.159253
0.157420
0.155525
0.153556
0.151511
0.149398
0.147242
0.145078
0.142955
0.140922
0.139027
0.137303
0.135766
0.134412
0.133214
0.132136
0.131132
0.130160
0.129183
0.128175
0.127119
0.126006
0.124834
0.123607
0.122331
0.121017
0.119677
0.118323
0.116969
0.115627
0.114307
0.113018
0.111769
0.110566
0.109417
0.108328
0.107302
0.106342
0.105447
0.104610
0.103823
0.103073
0.102345
0.101623
0.100891
0.100133
0.099339
0.098505
0.097630
0.096723
0.095794
0.094857
0.093925
0.093008
0.092115
0.091248
0.090412
0.089607
0.088832
0.088083
0.087355
0.086638
0.085923
0.085204
0.084477
0.083746
0.083020
0.082311
0.081630
0.080985
0.080379
0.079807
0.079263
0.078738
0.078224
0.077717
0.077211
0.076706
0.076199
0.075688
0.075174
0.074654
0.074129
0.073600
0.073068
0.072534
0.071997
0.071458
0.070917
0.070376
0.069843
0.069327
0.068839
0.068386
0.067973
0.067597
0.067247
0.066908
0.066561
0.066191
0.065786
0.065342
0.064862
0.064354
0.063829
0.063299
0.062778
0.062274
0.061794
0.061343
0.060919
0.060522
0.060143
0.059776
0.059413
0.059046
0.058669
0.058281
0.057882
0.057473
0.057060
0.056645
0.056231
0.055822
0.055417
0.055015
0.054613
0.054208
0.053797
0.053380
0.052956
0.052528
0.052099
0.051673
0.051253
0.050840
0.050437
0.050047
0.049675
0.049327
0.049008
0.048723
0.048472
0.048252
0.048056
0.047874
0.047699
0.047520
0.047331
0.047124
0.046896
0.046639
0.046353
0.046033
0.045679
0.045296
0.044888
0.044463
0.044032
0.043607
0.043196
0.042811
0.042455
0.042133
0.041841
0.041575
0.041324
0.041080
0.040832
0.040574
0.040306
0.040031
0.039756
0.039491
0.039245
0.039023
0.038829
0.038662
0.038515
0.038382
0.038253
0.038117
0.037966
0.037791
0.037586
0.037348
0.037079
0.036781
0.036459
0.036120
0.035771
0.035419
0.035072
0.034736
0.034419
0.034126
0.033859
0.033619
0.033404
0.033207
0.033022
0.032842
0.032661
0.032477
0.032288
0.032097
0.031906
0.031720
0.031542
0.031375
0.031222
0.031081
0.030951
0.030827
0.030702
0.030569
0.030422
0.030257
0.030077
0.029885
0.029691
0.029504
0.029332
0.029181
0.029052
0.028942
0.028847
0.028757
0.028665
0.028566
0.028453
0.028325
0.028184
0.028031
0.027872
0.027715
0.027566
0.027432
0.027317
0.027222
0.027145
0.027080
0.027021
0.026962
0.026896
0.026818
0.026725
0.026615
0.026487
0.026345
0.026192
0.026035
0.025880
0.025735
0.025604
0.025487
0.025385
0.025295
0.025213
0.025134
0.025053
0.024964
0.024861
0.024742
0.024605
0.024454
0.024293
0.024133
0.023982
0.023847
0.023732
0.023638
0.023560
0.023494
0.023435
0.023378
0.023323
0.023266
0.023208
0.023149
0.023088
0.023026
0.022964
0.022905
0.022850
0.022800
0.022755
0.022713
0.022673
0.022631
0.022583
0.022528
0.022462
0.022384
0.022293
0.022188
0.022074
0.021956
0.021842
0.021738
0.021653
0.021587
0.021541
0.021507
0.021479
0.021450
0.021413
0.021368
0.021316
0.021260
0.021206
0.021158
0.021122
0.021099
0.021092
0.021098
0.021115
0.021136
0.021153
0.021158
0.021145
0.021111
0.021055
0.020982
0.020898
0.020810
0.020722
0.020637
0.020553
0.020467
0.020375
0.020274
0.020163
0.020043
0.019920
0.019801
0.019694
0.019607
0.019548
0.019518
0.019518
0.019539
0.019572
0.019604
0.019625
0.019625
0.019604
0.019561
0.019502
0.019434
0.019363
0.019294
0.019229
0.019170
0.019116
0.019069
0.019027
0.018992
0.018962
0.018938
0.018918
0.018900
0.018882
0.018862
0.018839
0.018813
0.018783
0.018753
0.018723
0.018699
0.018683
0.018676
0.018681
0.018694
0.018711
0.018727
0.018736
0.018733
0.018718
0.018691
0.018652
0.018604
0.018551
0.018494
0.018435
0.018377
0.018322
0.018269
0.018221
0.018176
0.018134
0.018094
0.018056
0.018019
0.017984
0.017951
0.017921
0.017893
0.017866
0.017838
0.017806
0.017771
0.017733
0.017694
0.017657
0.017627
0.017606
0.017594
0.017590
0.017593
0.017599
0.017606
0.017612
0.017614
0.017611
0.017602
0.017583
0.017552
0.017511
0.017458
0.017398
0.017334
0.017272
0.017216
0.017171
0.017138
0.017118
0.017108
0.017102
0.017096
0.017086
0.017067
0.017042
0.017012
0.016981
0.016952
0.016928
0.016908
0.016888
0.016865
0.016835
0.016795
0.016747
0.016693
0.016637
0.016584
0.016535
0.016493
0.016458
0.016428
0.016406
0.016390
0.016381
0.016380
0.016384
0.016389
0.016392
0.016389
0.016375
0.016351
0.016317
0.016275
0.016229
0.016181
0.016134
0.016091
0.016054
0.016023
0.016001
0.015986
0.015977
0.015972
0.015968
0.015959
0.015944
0.015919
0.015885
0.015842
0.015792
0.015740
0.015688
0.015641
0.015601
0.015570
0.015547
0.015531
0.015517
0.015504
0.015487
0.015466
0.015441
0.015415
0.015389
0.015366
0.015348
0.015334
0.015324
0.015317
0.015312
0.015310
0.015310
0.015311
0.015315
0.015318
0.015321
0.015322
0.015318
0.015306
0.015283
0.015247
0.015196
0.015132
0.015059
0.014983
0.014913
0.014856
0.014818
0.014799
0.014799
0.014810
0.014827
0.014843
0.014853
0.014855
0.014847
0.014833
0.014812
0.014786
0.014755
0.014718
0.014674
0.014622
0.014564
0.014504
0.014444
0.014389
0.014342
0.014307
0.014284
0.014272
0.014270
0.014276
0.014286
0.014297
0.014307
0.014313
0.014316
0.014314
0.014311
0.014307
0.014303
0.014301
0.014299
0.014298
0.014300
0.014304
0.014312
0.014325
0.014342
0.014360
0.014376
0.014387
0.014389
0.014381
0.014362
0.014333
0.014294
0.014247
0.014192
0.014131
0.014065
0.013998
0.013933
0.013870
0.013811
0.013758
0.013712
0.013676
0.013654
0.013648
0.013661
0.013692
0.013737
0.013790
0.013843
0.013889
0.013921
0.013937
0.013936
0.013920
0.013892
0.013858
0.013821
0.013786
0.013759
0.013742
0.013735
0.013737
0.013745
0.013755
0.013765
0.013776
0.013793
0.013823
0.013875
0.013956
0.014067
0.014206
0.014361
0.014514
0.014646
0.014737
0.014774
0.014748
0.014660
0.014518
0.014336
0.014132
0.013924
0.013727
0.013551
0.013403
0.013280
0.013180
0.013096
0.013024
0.012961
0.012905
0.012858
0.012818
0.012785
0.012756
0.012726
0.012692
0.012652
0.012607
0.012558
0.012509
0.012463
0.012423
0.012389
0.012362
0.012339
0.012320
0.012304
0.012289
0.012275
0.012263
0.012254
0.012250
0.012254
0.012266
0.012284
0.012306
0.012326
0.012338
0.012335
0.012313
0.012270
0.012208
0.012134
0.012052
0.011970
0.011894
0.011826
0.011769
0.011722
0.011685
0.011656
0.011630
0.011605
0.011575
0.011535
0.011481
0.011411
0.011327
0.011233
0.011137
0.011044
0.010961
0.010892
0.010837
0.010798
0.010769
0.010748
0.010730
0.010709
0.010682
0.010646
0.010601
0.010550
0.010497
0.010448
0.010409
0.010382
0.010367
0.010362
0.010360
0.010357
0.010349
0.010332
0.010306
0.010270
0.010226
0.010174
0.010119
0.010065
0.010016
0.009980
0.009961
0.009963
0.009986
0.010027
0.010077
0.010128
0.010166
0.010181
0.010165
0.010113
0.010025
0.009907
0.009769
0.009624
0.009485
0.009365
0.009272
0.009209
0.009174
0.009161
0.009163
0.009169
0.009171
0.009164
0.009144
0.009107
0.009054
0.008985
0.008903
0.008812
0.008715
0.008618
0.008525
0.008439
0.008362
0.008295
0.008235
0.008180
0.008128
0.008076
0.008022
0.007961
0.007893
0.007818
0.007736
0.007652
0.007572
0.007501
0.007442
0.007399
0.007368
0.007345
0.007324
0.007300
0.007266
0.007220
0.007162
0.007095
0.007022
0.006948
0.006878
0.006816
0.006764
0.006723
0.006691
0.006661
0.006629
0.006586
0.006530
0.006460
0.006378
0.006292
0.006209
0.006140
0.006090
0.006064
0.006060
0.006074
0.006098
0.006124
0.006143
0.006146
0.006129
0.006092
0.006038
0.005970
0.005892
0.005809
0.005718
0.005617
0.005499
0.005355
0.005173
0.004944
0.004658
0.004307
0.003887
0.003403
0.002874
0.002328
0.001808
0.001358
0.001018
0.000811
0.000740
0.000782
0.000897
0.001037
0.001159
0.001231
0.001242
0.001197
0.001111
0.001003
0.000887
0.000772
0.000659
0.000545
0.000424
0.000293
0.000151
0.000000
-0.000154
-0.000307
-0.000454
-0.000593
-0.000723
-0.000846
-0.000965
-0.001081
-0.001198
-0.001315
-0.001432
-0.001550
-0.001666
-0.001781
-0.001894
-0.002008
-0.002124
-0.002247
-0.002380
-0.002524
-0.002682
-0.002853
-0.003033
-0.003220
-0.003409
-0.003597
-0.003779
-0.003954
-0.004121
-0.004277
-0.004421
-0.004553
-0.004667
-0.004754
-0.004798
-0.004768
-0.004621
-0.004297
-0.003728
-0.002851
-0.001625
-0.000058
0.001778
0.003736
0.005609
0.007162
0.008181
0.008525
