-0.228300
0.031340
-0.036743
-0.004110
0.025159
0.001780
-0.027415
0.023655
0.003058
-0.028633
0.054389
-0.043485
-0.013762
0.051614
-0.036650
0.010643
0.000068
0.002766
-0.013517
0.028903
-0.025514
0.021220
-0.016425
-0.004240
0.023841
-0.021629
-0.004559
0.023431
-0.008127
-0.000496
-0.001253
-0.007936
0.011168
-0.002628
0.010900
-0.004319
-0.013094
0.027207
-0.023188
0.003267
-0.003211
0.008996
0.005726
-0.004558
-0.010000
0.010961
-0.014128
0.009859
0.004646
-0.006021
-0.007100
0.007466
0.008704
-0.004799
-0.008093
-0.008366
0.082101
-0.127968
0.039040
0.076579
0.210625
-0.848601
1.747112
1.053653
0.151266
-0.055939
0.247425
0.264045
-0.006587
-0.013130
0.075030
0.107944
0.070892
0.213104
-0.057194
0.073095
0.128567
0.136473
0.011487
0.067050
0.065193
0.076884
0.069727
0.029014
0.079485
0.061305
0.041867
0.094717
0.033318
0.025564
0.078436
0.073384
0.032360
0.038005
0.074693
0.052001
0.075727
0.015862
0.030163
0.076977
0.069521
0.010397
0.060713
0.039960
0.046696
0.058478
0.005426
0.080973
0.027920
0.037233
0.028114
0.070926
0.010155
0.058745
0.026744
0.044361
0.028514
0.040665
0.040449
0.016828
0.063647
-0.002147
0.063168
0.023747
0.023779
0.059403
0.010188
0.037887
0.031796
0.044812
0.007388
0.051783
0.009304
0.038599
0.050430
0.013724
0.031780
0.025304
0.017266
0.050928
0.012639
0.019991
0.023612
0.038790
0.002944
0.042767
0.019087
0.017960
0.001373
0.047175
0.039974
0.003709
0.023637
0.030147
0.013427
0.011915
0.033401
0.020527
0.019999
0.010235
0.031914
0.026277
0.021333
0.015599
0.013466
0.026073
0.033409
-0.012208
0.049501
0.005907
0.012009
0.021687
0.026566
0.013617
0.000168
0.032988
0.019755
0.013774
0.011517
0.028030
0.011546
0.001368
0.037675
-0.001294
0.019853
0.007846
0.041366
-0.003671
0.024566
0.003189
0.023180
0.017329
0.009403
-0.005927
0.054267
-0.013230
0.009659
0.025375
0.022289
0.005559
0.006192
0.001013
0.042475
-0.015349
0.029768
-0.011399
0.013659
0.030723
0.003677
0.015902
0.001126
0.018378
0.006645
0.021317
-0.017839
0.044142
-0.005391
0.016921
0.007811
-0.005148
0.027222
-0.003401
-0.004587
0.046755
-0.018077
-0.007500
0.045694
0.005960
-0.009566
-0.003160
0.030740
-0.003766
0.007521
0.001249
0.031384
-0.020939
0.015683
-0.004702
0.031682
0.001141
0.003808
-0.006427
0.024275
0.001146
-0.004236
0.005390
0.024711
-0.024037
0.038887
-0.015932
0.020568
-0.000454
0.009641
0.003162
0.001510
0.009000
0.020803
-0.022677
0.021839
0.004544
-0.003264
0.014845
0.011104
0.002369
-0.004294
0.001311
0.016820
0.012726
-0.007349
0.000882
0.016149
0.009982
-0.009883
0.002585
0.020065
-0.007787
-0.007171
0.043757
-0.017458
-0.009256
0.001492
0.023849
-0.009251
0.022830
-0.018222
0.011095
0.003830
0.010448
0.000878
0.006708
-0.013518
0.023866
-0.014314
0.005005
0.025251
-0.022868
0.017232
0.002558
0.004045
0.015032
-0.018626
0.008551
0.006469
0.023109
-0.025860
-0.000937
0.035708
-0.008063
-0.004458
-0.015077
0.025146
0.009535
-0.011156
-0.010681
0.040031
-0.017484
0.002731
-0.006282
0.001401
0.028259
-0.008281
-0.030082
0.034650
0.009809
-0.026062
0.012471
0.013292
0.001407
-0.012769
0.012914
0.004950
-0.018288
0.010146
0.012333
-0.005985
0.005742
0.011756
-0.024090
0.021948
0.002164
-0.015310
-0.008695
0.037963
-0.003249
-0.042590
0.055032
-0.015633
0.006423
-0.026196
0.024568
-0.011772
0.011788
-0.005177
-0.003638
0.020789
-0.011188
-0.004870
0.026479
-0.035036
0.031937
-0.024733
0.012622
0.007011
0.000720
-0.014480
0.024407
-0.029425
0.044865
-0.023541
-0.010528
0.013652
0.011655
-0.014762
-0.012803
0.021950
0.015462
-0.015732
-0.006744
0.004855
0.010969
-0.008155
-0.006354
-0.007201
0.029486
-0.003513
-0.019705
0.015155
-0.002496
0.012816
-0.016006
0.008573
-0.024594
0.020253
0.002269
0.011400
-0.021281
0.003141
0.006021
-0.008600
0.008598
0.010804
-0.021867
0.019751
-0.020034
0.008902
-0.001467
0.008084
-0.018119
0.021695
-0.010697
-0.002951
0.013387
-0.005380
-0.006727
-0.015194
0.027575
-0.009977
-0.007880
0.011239
0.002637
-0.011971
-0.004962
0.017565
-0.001745
-0.007784
-0.004912
0.002505
0.014238
-0.010893
-0.004242
-0.003064
0.011011
0.009952
-0.043196
0.029087
-0.000560
0.004482
-0.016827
0.005693
0.006176
0.000467
-0.005498
0.001321
0.004814
-0.012109
0.007860
0.004896
0.007991
-0.026108
0.005062
0.019992
-0.014886
-0.005499
-0.000137
0.007052
0.000055
-0.018215
0.030352
-0.018819
0.010365
-0.011829
0.006098
-0.017801
0.019943
-0.006758
-0.004847
0.008902
-0.005437
-0.004348
-0.007379
0.010214
0.003739
-0.005820
0.000690
0.000680
0.003945
-0.013291
0.005301
-0.008664
0.028709
-0.016713
-0.018988
0.018423
-0.006141
-0.003898
0.005452
-0.012217
0.016431
-0.014472
0.024241
-0.015135
-0.005350
-0.005892
-0.016402
0.021827
0.010026
-0.013980
-0.021931
0.030260
-0.002518
0.001498
-0.020034
0.004071
-0.012045
0.021591
-0.010511
0.017901
-0.027313
0.012216
-0.009894
0.011776
-0.005472
0.000059
-0.021512
0.026529
0.000799
-0.019678
-0.009250
0.021630
0.004869
-0.018161
-0.003485
-0.003179
0.012534
0.001318
-0.006791
-0.020817
0.014079
0.003281
0.014962
-0.016892
-0.001430
-0.009329
-0.003515
0.018513
-0.005747
-0.019142
0.018204
-0.003362
-0.009465
0.005909
-0.008624
0.003989
0.009197
-0.014215
-0.006626
0.027337
-0.025124
0.006308
-0.000835
-0.006983
-0.009672
0.019899
-0.009138
-0.012165
0.013981
0.003720
-0.005425
-0.031117
0.039746
-0.018900
-0.015369
0.014228
0.017185
-0.024736
-0.005460
0.014484
0.003997
-0.023517
0.020246
-0.008670
-0.001277
-0.010673
0.015064
-0.010221
0.014956
-0.029032
0.007298
0.012027
-0.002685
-0.017121
0.009090
0.008031
0.003388
-0.033486
0.030074
-0.015558
0.006543
-0.016256
0.031165
-0.005814
0.021392
-0.018106
0.011931
0.001957
-0.018349
0.015429
-0.017589
0.016919
-0.004895
0.003230
-0.009110
-0.003840
0.020866
-0.012923
0.007432
-0.010631
0.032129
-0.017517
0.002529
-0.008427
0.006413
-0.001531
-0.003003
0.009635
0.010828
-0.012392
-0.004348
0.007115
0.006067
-0.025440
0.010892
-0.007072
0.028124
-0.032935
0.008853
0.022757
-0.013857
-0.009689
-0.006518
0.032152
-0.028978
0.005833
0.000979
-0.004017
-0.006032
0.032176
-0.034518
0.005222
0.005529
0.008121
-0.009102
-0.003705
0.010325
-0.008798
0.000770
-0.014594
0.026645
-0.018759
-0.000656
0.013333
-0.007487
0.001262
-0.005338
-0.011280
0.021360
-0.010787
-0.019979
0.032921
-0.001291
-0.019713
0.007801
-0.000957
0.011360
-0.028776
0.014779
0.009391
-0.006352
-0.002229
0.004967
-0.012844
0.027400
-0.032866
0.006683
0.014428
0.005547
-0.023507
0.017231
-0.011870
0.004458
0.010231
-0.026536
0.029791
-0.024490
0.022689
-0.024315
0.019581
0.013776
-0.026142
-0.002585
0.018593
0.007778
-0.020002
0.012762
-0.014144
0.011507
-0.012239
0.006707
-0.000600
0.006415
-0.004741
-0.011093
0.003186
0.016191
-0.011629
-0.007339
0.007459
0.015405
-0.025320
0.014335
-0.015863
0.017780
-0.018588
0.002920
0.003989
0.013262
-0.010736
-0.008075
0.005407
0.019256
-0.028947
0.012263
0.001148
0.007674
-0.022295
0.009175
-0.008921
0.026165
-0.036636
0.022652
-0.007759
0.009323
0.003548
-0.018618
0.005980
0.005154
0.006833
-0.023826
0.027711
-0.007547
-0.009538
0.006622
-0.018134
0.034169
-0.030791
0.012217
0.001147
0.004142
-0.007222
-0.001543
-0.008086
0.026023
-0.027259
0.013035
-0.002529
-0.000174
-0.004211
0.007519
-0.011343
0.015675
-0.004876
-0.012644
0.013560
-0.002474
-0.008689
0.009282
-0.016191
0.019360
0.001804
-0.020250
0.015599
-0.000528
-0.015355
0.007204
0.007749
-0.003071
-0.003510
-0.006695
0.020869
-0.019236
0.009102
0.001413
-0.019293
0.020495
-0.007971
-0.007310
0.001546
0.023222
-0.032037
0.008109
0.010747
-0.009443
-0.001402
0.008598
-0.006541
0.001084
-0.006725
-0.001999
0.003868
0.017076
-0.022959
-0.005070
0.019543
-0.001678
0.003402
-0.021478
0.014492
0.006696
-0.003503
0.001720
-0.005054
0.005711
-0.012414
-0.005538
0.001735
0.035845
-0.039668
-0.000617
0.023508
-0.020376
0.019098
-0.031274
0.026532
-0.009135
0.005697
-0.011662
0.011507
-0.005615
-0.004093
0.002361
-0.007369
0.026656
-0.024635
0.002545
-0.008399
0.034948
-0.027739
0.005517
-0.004494
0.004207
-0.000086
-0.002807
-0.003685
0.009915
0.000240
-0.014235
0.001067
0.014854
-0.012144
-0.009099
0.023726
-0.018752
0.015436
-0.010441
0.011554
-0.019836
0.013088
0.002505
-0.006997
0.008525
-0.018164
0.014021
-0.008138
0.019522
-0.010938
-0.023042
0.035975
-0.027205
-0.000389
0.011382
0.007760
-0.000219
-0.012150
-0.018732
0.036259
0.016608
0.001227
-0.011134
0.002927
0.024643
-0.018329
-0.003111
0.007785
0.008353
-0.020294
0.021886
-0.007094
0.016410
-0.036357
0.041539
-0.042413
0.057954
-0.046286
0.009913
0.012879
0.000843
-0.002840
-0.020243
0.032039
-0.012714
-0.013041
0.005134
0.009585
0.000568
-0.007016
0.005071
0.005756
-0.008639
0.013971
-0.018410
0.000788
0.023206
-0.013560
0.009326
0.007965
-0.001397
0.004080
-0.013463
0.017635
0.002377
-0.014574
0.016427
-0.004090
-0.013603
0.015241
0.002757
-0.018775
0.030956
-0.021661
0.017012
-0.011230
0.013918
-0.002710
-0.014631
0.015979
-0.006172
-0.007033
0.000840
0.021725
-0.012817
0.007241
-0.009421
0.004703
0.004289
-0.017065
0.018164
0.017887
-0.030695
0.015125
-0.020546
0.038473
-0.014633
0.011149
-0.071193
0.115564
-0.081695
0.000418
0.004870
0.016881
-0.000542
-0.016745
0.004643
0.007402
0.019396
-0.028805
0.012478
-0.016959
0.022834
-0.010829
0.011154
-0.016610
0.005989
-0.001837
0.009145
-0.015230
-0.005933
0.010897
-0.002792
0.001818
0.008069
-0.011414
-0.009963
0.018792
-0.007929
-0.008925
0.006663
-0.009971
0.005863
0.002810
-0.013392
0.014717
0.000078
-0.010871
-0.002404
0.009013
-0.007554
0.002308
-0.007510
0.015450
-0.009913
-0.019299
0.023475
-0.012586
0.006108
-0.007142
0.001658
-0.001376
0.002863
-0.001505
-0.008658
0.006865
0.000695
-0.018904
0.011088
0.010765
-0.019828
-0.008025
0.044442
-0.063329
0.048362
-0.068342
0.236666
-0.524111
0.586853
