0.005445
0.004797
0.003849
0.002773
0.001736
0.000867
0.000233
-0.000161
-0.000357
-0.000423
-0.000426
-0.000420
-0.000438
-0.000491
-0.000573
-0.000674
-0.000780
-0.000879
-0.000963
-0.001031
-0.001081
-0.001118
-0.001144
-0.001164
-0.001183
-0.001206
-0.001235
-0.001271
-0.001316
-0.001367
-0.001421
-0.001474
-0.001522
-0.001562
-0.001592
-0.001614
-0.001629
-0.001641
-0.001653
-0.001667
-0.001685
-0.001707
-0.001729
-0.001743
-0.001731
-0.001656
-0.001442
-0.000949
0.000081
0.002084
0.005753
0.012121
0.022597
0.038943
0.063103
0.096891
0.141510
0.197000
0.261746
0.332220
0.403143
0.468128
0.520729
0.555683
0.570006
0.563620
0.539332
0.502161
0.458207
0.413411
0.372527
0.338516
0.312462
0.293897
0.281356
0.272985
0.267026
0.262118
0.257407
0.252503
0.247363
0.242137
0.237048
0.232298
0.228022
0.224274
0.221041
0.218260
0.215841
0.213686
0.211700
0.209805
0.207939
0.206061
0.204154
0.202214
0.200254
0.198290
0.196341
0.194421
0.192539
0.190695
0.188885
0.187100
0.185330
0.183570
0.181814
0.180061
0.178313
0.176577
0.174859
0.173167
0.171510
0.169894
0.168321
0.166791
0.165298
0.163834
0.162386
0.160943
0.159498
0.158043
0.156574
0.155091
0.153594
0.152085
0.150566
0.149042
0.147519
0.146002
0.144502
0.143025
0.141579
0.140169
0.138793
0.137447
0.136124
0.134815
0.133513
0.132212
0.130908
0.129600
0.128288
0.126970
0.125643
0.124302
0.122947
0.121578
0.120204
0.118835
0.117486
0.116169
0.114892
0.113657
0.112456
0.111277
0.110106
0.108927
0.107733
0.106521
0.105295
0.104064
0.102841
0.101637
0.100459
0.099313
0.098196
0.097104
0.096030
0.094969
0.093915
0.092866
0.091819
0.090775
0.089732
0.088693
0.087660
0.086636
0.085626
0.084635
0.083667
0.082724
0.081805
0.080909
0.080030
0.079163
0.078305
0.077451
0.076600
0.075754
0.074914
0.074085
0.073270
0.072470
0.071687
0.070919
0.070163
0.069416
0.068674
0.067937
0.067204
0.066480
0.065767
0.065070
0.064393
0.063735
0.063098
0.062477
0.061869
0.061270
0.060674
0.060081
0.059488
0.058897
0.058307
0.057720
0.057137
0.056559
0.055988
0.055423
0.054867
0.054318
0.053776
0.053239
0.052704
0.052171
0.051636
0.051101
0.050564
0.050025
0.049485
0.048942
0.048396
0.047846
0.047294
0.046741
0.046191
0.045646
0.045112
0.044593
0.044095
0.043622
0.043178
0.042764
0.042379
0.042018
0.041675
0.041337
0.040996
0.040641
0.040264
0.039862
0.039434
0.038984
0.038518
0.038047
0.037583
0.037139
0.036726
0.036352
0.036021
0.035730
0.035469
0.035226
0.034983
0.034724
0.034438
0.034118
0.033765
0.033387
0.032996
0.032607
0.032235
0.031892
0.031585
0.031317
0.031082
0.030873
0.030676
0.030479
0.030269
0.030037
0.029781
0.029502
0.029207
0.028906
0.028608
0.028320
0.028047
0.027788
0.027538
0.027292
0.027042
0.026783
0.026510
0.026224
0.025924
0.025615
0.025299
0.024981
0.024665
0.024357
0.024059
0.023779
0.023522
0.023293
0.023092
0.022919
0.022768
0.022630
0.022493
0.022348
0.022187
0.022008
0.021814
0.021608
0.021399
0.021190
0.020985
0.020784
0.020584
0.020382
0.020176
0.019967
0.019755
0.019542
0.019333
0.019126
0.018923
0.018723
0.018524
0.018327
0.018135
0.017951
0.017782
0.017633
0.017509
0.017410
0.017330
0.017261
0.017193
0.017113
0.017013
0.016888
0.016739
0.016571
0.016391
0.016209
0.016031
0.015863
0.015707
0.015563
0.015430
0.015307
0.015190
0.015081
0.014978
0.014880
0.014787
0.014697
0.014610
0.014522
0.014431
0.014338
0.014239
0.014136
0.014027
0.013914
0.013798
0.013679
0.013561
0.013446
0.013336
0.013235
0.013144
0.013062
0.012989
0.012919
0.012850
0.012775
0.012690
0.012592
0.012481
0.012358
0.012227
0.012093
0.011965
0.011849
0.011751
0.011674
0.011617
0.011577
0.011547
0.011521
0.011492
0.011456
0.011411
0.011354
0.011286
0.011208
0.011122
0.011029
0.010934
0.010838
0.010746
0.010660
0.010582
0.010513
0.010455
0.010405
0.010364
0.010327
0.010294
0.010259
0.010218
0.010168
0.010107
0.010035
0.009956
0.009876
0.009805
0.009753
0.009728
0.009736
0.009776
0.009843
0.009927
0.010012
0.010085
0.010131
0.010142
0.010114
0.010048
0.009954
0.009841
0.009720
0.009601
0.009487
0.009381
0.009279
0.009180
0.009080
0.008981
0.008886
0.008800
0.008727
0.008671
0.008630
0.008603
0.008584
0.008568
0.008549
0.008526
0.008497
0.008464
0.008428
0.008391
0.008355
0.008319
0.008284
0.008251
0.008220
0.008192
0.008167
0.008145
0.008126
0.008107
0.008087
0.008063
0.008031
0.007991
0.007941
0.007882
0.007817
0.007749
0.007681
0.007618
0.007558
0.007503
0.007450
0.007398
0.007347
0.007298
0.007254
0.007220
0.007198
0.007189
0.007191
0.007198
0.007206
0.007209
0.007202
0.007184
0.007158
0.007127
0.007096
0.007069
0.007048
0.007037
0.007032
0.007032
0.007034
0.007033
0.007027
0.007014
0.006992
0.006960
0.006920
0.006874
0.006825
0.006776
0.006731
0.006692
0.006660
0.006635
0.006616
0.006601
0.006589
0.006581
0.006575
0.006572
0.006572
0.006575
0.006578
0.006580
0.006578
0.006570
0.006554
0.006530
0.006499
0.006462
0.006424
0.006388
0.006358
0.006337
0.006324
0.006318
0.006316
0.006313
0.006307
0.006294
0.006272
0.006243
0.006211
0.006179
0.006153
0.006137
0.006133
0.006140
0.006156
0.006174
0.006189
0.006196
0.006195
0.006186
0.006175
0.006169
0.006176
0.006205
0.006258
0.006336
0.006433
0.006540
0.006644
0.006732
0.006794
0.006826
0.006827
0.006803
0.006764
0.006719
0.006679
0.006648
0.006627
0.006613
0.006602
0.006588
0.006569
0.006543
0.006512
0.006479
0.006448
0.006420
0.006395
0.006374
0.006355
0.006338
0.006322
0.006307
0.006294
0.006283
0.006273
0.006263
0.006252
0.006240
0.006227
0.006214
0.006204
0.006196
0.006192
0.006194
0.006200
0.006210
0.006225
0.006243
0.006263
0.006282
0.006297
0.006306
0.006307
0.006298
0.006281
0.006259
0.006236
0.006216
0.006203
0.006198
0.006202
0.006212
0.006227
0.006241
0.006250
0.006249
0.006232
0.006200
0.006152
0.006094
0.006034
0.005983
0.005948
0.005936
0.005948
0.005981
0.006029
0.006083
0.006134
0.006173
0.006197
0.006206
0.006201
0.006188
0.006175
0.006169
0.006174
0.006193
0.006225
0.006264
0.006305
0.006339
0.006362
0.006369
0.006362
0.006341
0.006310
0.006272
0.006229
0.006183
0.006134
0.006085
0.006037
0.005991
0.005951
0.005915
0.005885
0.005859
0.005838
0.005821
0.005810
0.005808
0.005817
0.005840
0.005879
0.005933
0.006003
0.006086
0.006180
0.006283
0.006393
0.006506
0.006619
0.006727
0.006827
0.006913
0.006981
0.007027
0.007047
0.007043
0.007014
0.006965
0.006902
0.006832
0.006764
0.006702
0.006654
0.006622
0.006605
0.006601
0.006608
0.006621
0.006637
0.006650
0.006657
0.006656
0.006644
0.006622
0.006590
0.006551
0.006511
0.006472
0.006441
0.006418
0.006404
0.006398
0.006395
0.006392
0.006383
0.006365
0.006339
0.006304
0.006262
0.006217
0.006172
0.006129
0.006093
0.006065
0.006047
0.006039
0.006040
0.006045
0.006049
0.006046
0.006032
0.006006
0.005967
0.005922
0.005875
0.005835
0.005804
0.005787
0.005782
0.005787
0.005795
0.005803
0.005805
0.005800
0.005789
0.005776
0.005766
0.005765
0.005778
0.005806
0.005847
0.005895
0.005944
0.005986
0.006014
0.006026
0.006023
0.006008
0.005988
0.005966
0.005948
0.005933
0.005922
0.005912
0.005902
0.005889
0.005873
0.005855
0.005837
0.005820
0.005804
0.005788
0.005768
0.005742
0.005706
0.005657
0.005598
0.005533
0.005467
0.005408
0.005361
0.005330
0.005316
0.005316
0.005325
0.005337
0.005347
0.005353
0.005353
0.005347
0.005336
0.005323
0.005308
0.005293
0.005279
0.005264
0.005249
0.005234
0.005217
0.005198
0.005177
0.005152
0.005124
0.005093
0.005061
0.005028
0.004998
0.004973
0.004956
0.004946
0.004941
0.004940
0.004937
0.004928
0.004910
0.004882
0.004845
0.004803
0.004761
0.004724
0.004696
0.004679
0.004673
0.004675
0.004683
0.004692
0.004698
0.004698
0.004688
0.004669
0.004640
0.004602
0.004559
0.004515
0.004474
0.004443
0.004422
0.004414
0.004414
0.004419
0.004425
0.004426
0.004420
0.004407
0.004387
0.004363
0.004338
0.004313
0.004290
0.004268
0.004247
0.004226
0.004203
0.004176
0.004146
0.004111
0.004074
0.004036
0.004000
0.003969
0.003944
0.003926
0.003916
0.003909
0.003905
0.003899
0.003889
0.003876
0.003859
0.003839
0.003819
0.003800
0.003783
0.003768
0.003755
0.003743
0.003730
0.003717
0.003703
0.003687
0.003669
0.003647
0.003619
0.003584
0.003541
0.003492
0.003437
0.003382
0.003331
0.003288
0.003257
0.003239
0.003232
0.003234
0.003238
0.003237
0.003224
0.003197
0.003153
0.003095
0.003030
0.002964
0.002904
0.002854
0.002819
0.002798
0.002789
0.002790
0.002799
0.002813
0.002834
0.002863
0.002900
0.002948
0.003008
0.003077
0.003152
0.003226
0.003291
0.003337
0.003359
0.003350
0.003312
0.003247
0.003164
0.003073
0.002981
0.002896
0.002823
0.002763
0.002714
0.002675
0.002642
0.002615
0.002592
0.002575
0.002563
0.002558
0.002559
0.002565
0.002572
0.002574
0.002566
0.002539
0.002487
0.002402
0.002279
0.002112
0.001901
0.001646
0.001356
0.001043
0.000728
0.000434
0.000184
-0.000001
-0.000115
-0.000159
-0.000149
-0.000107
-0.000059
-0.000023
-0.000013
-0.000031
-0.000073
-0.000130
-0.000193
-0.000256
-0.000314
-0.000367
-0.000419
-0.000470
-0.000525
-0.000585
-0.000649
-0.000718
-0.000790
-0.000862
-0.000933
-0.001002
-0.001067
-0.001130
-0.001193
-0.001258
-0.001328
-0.001406
-0.001494
-0.001591
-0.001698
-0.001811
-0.001928
-0.002048
-0.002168
-0.002285
-0.002397
-0.002503
-0.002601
-0.002691
-0.002774
-0.002852
-0.002927
-0.003003
-0.003082
-0.003166
-0.003256
-0.003351
-0.003447
-0.003538
-0.003613
-0.003658
-0.003649
-0.003554
-0.003335
-0.002945
-0.002342
-0.001499
-0.000418
0.000855
0.002221
0.003539
0.004645
0.005387
0.005662
