-0.449897
0.081981
-0.099448
-0.008985
0.055368
-0.017829
-0.031001
-0.009498
0.043601
-0.077547
0.109520
-0.095923
0.004769
0.031083
-0.011626
-0.017704
0.000625
-0.020233
0.022103
-0.007535
-0.033052
0.025850
-0.023696
-0.004050
0.019794
-0.026766
0.000312
-0.008977
0.015475
-0.033302
0.022923
-0.021878
-0.007703
0.008860
-0.009062
-0.006433
-0.016943
0.019713
-0.027089
0.009015
-0.010354
-0.007641
0.002712
-0.003403
-0.013075
-0.000692
-0.003308
-0.012665
0.010286
-0.030873
0.020259
-0.015204
-0.003216
0.010312
-0.051068
0.028015
0.077198
-0.181945
-0.037999
0.459360
-0.261684
-1.143883
2.407765
1.835340
1.079359
0.336037
0.478334
0.367335
0.175781
-0.029591
0.142188
0.209015
0.110215
0.352305
0.039430
0.071066
0.210456
0.253201
0.079441
0.118935
0.131279
0.107285
0.139070
0.087792
0.167162
0.074691
0.102863
0.156096
0.088981
0.053051
0.139672
0.157564
0.041193
0.117936
0.054946
0.135307
0.113169
0.060550
0.073591
0.097785
0.118986
0.055121
0.106765
0.068643
0.106528
0.084405
0.065674
0.082796
0.087057
0.070233
0.055321
0.109654
0.053214
0.069178
0.080130
0.072350
0.065303
0.055857
0.076420
0.063127
0.067748
0.054136
0.081240
0.046245
0.062678
0.061606
0.054130
0.070546
0.053840
0.037777
0.071974
0.050431
0.053089
0.063667
0.038444
0.044227
0.063236
0.051096
0.033162
0.069914
0.029394
0.052680
0.035258
0.061962
0.022062
0.038477
0.053187
0.059957
0.009417
0.054714
0.032638
0.049708
0.042857
0.017864
0.056681
0.032013
0.032811
0.033768
0.035704
0.046558
0.036035
0.020389
0.040052
0.043324
0.009745
0.042035
0.035770
0.023265
0.037453
0.017485
0.039494
0.037962
0.016353
0.033747
0.022837
0.041527
0.003988
0.031113
0.031148
0.033873
-0.004769
0.048245
0.008895
0.037552
0.016241
0.025402
0.016015
0.038669
0.009293
0.013977
0.016740
0.059838
-0.008387
0.013544
0.037119
0.018316
0.006881
0.015982
0.035628
0.008040
0.033437
-0.014255
0.053578
0.015772
-0.000755
0.021840
0.005644
0.041487
-0.004992
-0.000951
0.043793
0.016007
-0.009337
0.023411
0.025929
0.024437
-0.012518
0.019937
0.017300
0.038605
-0.021486
0.029481
-0.002388
0.037791
-0.004984
0.002174
0.023997
0.024351
0.000883
0.009089
0.021348
-0.002979
0.025978
0.002813
0.007897
0.014780
0.013238
0.001365
0.007185
0.029284
-0.001597
-0.007043
0.029881
0.004465
0.001142
0.023150
-0.007215
0.010476
0.003422
0.020282
0.018016
-0.012686
0.007370
0.006643
0.018186
0.016031
-0.011265
-0.004013
0.028827
0.013309
-0.020341
0.010584
0.015508
0.007530
0.001252
-0.000912
0.004634
0.018992
0.004999
-0.008921
0.011900
0.012299
0.009058
-0.037742
0.049643
0.002175
-0.019948
-0.004202
0.018429
0.020436
-0.011483
-0.007294
0.024625
0.010976
-0.026915
0.002542
0.016707
0.023062
-0.023621
0.007080
0.014708
0.007186
-0.008792
-0.006684
0.017667
0.001139
0.000734
-0.013996
0.026595
-0.006835
-0.008160
0.004746
0.007294
0.000670
-0.002466
0.002539
0.013179
-0.009474
-0.003539
0.004557
-0.003133
0.011510
-0.001811
-0.007255
-0.003919
0.011388
0.005021
0.002711
-0.018089
0.023948
-0.004273
-0.019297
0.021330
-0.000675
-0.015797
0.005779
0.011378
-0.003345
-0.003366
-0.009212
0.008616
0.009777
-0.013882
0.009792
-0.015552
0.008878
0.006121
-0.017786
0.004481
0.011270
-0.011467
-0.006310
0.015400
-0.007629
0.002968
-0.022927
0.030561
-0.005392
-0.025971
0.018122
-0.013765
0.021065
-0.031141
0.006172
0.014337
0.000720
-0.023427
0.017428
-0.001740
-0.008536
0.002562
-0.012409
0.017849
-0.014443
0.006266
-0.013233
0.004165
-0.004469
0.006288
-0.016499
0.008234
0.004626
-0.013873
0.003018
0.000435
0.001116
-0.018051
0.009656
0.007324
-0.017104
0.005583
-0.010284
-0.001261
0.012947
-0.018986
-0.005457
0.012900
0.003053
-0.028706
0.023187
-0.021262
0.019962
-0.015884
0.001159
-0.002483
-0.003005
-0.004864
-0.000642
-0.002769
0.008856
-0.012902
-0.014493
0.013329
0.000876
-0.009947
-0.001192
-0.012627
0.011579
-0.009751
0.001687
-0.004960
0.006718
-0.007697
-0.012402
0.012135
0.001586
-0.014355
-0.001180
-0.004524
0.016370
-0.023473
-0.006917
0.019484
-0.013789
-0.003277
-0.008156
-0.005240
0.013004
-0.017204
0.007078
-0.011482
0.007892
-0.014450
0.001101
0.007397
-0.004584
-0.017840
0.009099
-0.009045
-0.002007
0.000607
0.002624
-0.014172
0.007845
-0.010966
-0.006074
-0.003590
0.013708
-0.015377
-0.017521
0.026848
-0.008589
-0.024911
0.009998
0.001578
0.004911
-0.032003
0.008752
0.006993
0.000828
-0.020821
0.005246
-0.012572
0.012186
-0.003188
-0.032236
0.040783
-0.031609
0.004539
-0.007220
0.002988
-0.003883
-0.006773
-0.014285
0.014018
0.002538
-0.011483
-0.013215
-0.002260
0.009000
-0.012078
-0.012450
0.022477
-0.017603
-0.007397
-0.001204
-0.005709
0.001967
-0.009195
-0.000635
-0.002247
0.002950
0.000565
-0.018424
-0.002704
0.013483
-0.016421
-0.019198
0.031933
-0.016045
-0.005835
-0.019074
0.024345
-0.014256
-0.007772
-0.006098
-0.000635
0.012819
-0.019719
-0.005889
0.006141
0.005408
-0.011205
-0.032213
0.036764
-0.010531
-0.022780
0.014883
-0.007414
0.008062
-0.015793
-0.011778
0.018982
-0.009974
-0.022893
0.008780
0.005447
-0.002028
-0.020679
0.004768
0.000104
0.006944
-0.038532
0.025299
-0.002904
-0.005971
-0.011877
0.003888
0.003331
-0.011675
-0.010426
0.005671
-0.011085
0.028048
-0.037099
-0.001400
0.000813
0.009362
-0.013066
0.002885
-0.021926
0.016419
-0.002207
-0.018736
0.005084
0.012631
-0.026329
0.006344
-0.013560
0.017455
-0.005656
-0.031136
0.021452
-0.000349
-0.019032
0.001887
0.008624
0.005756
-0.020515
-0.005500
0.004335
0.012405
-0.024442
0.004053
0.000505
0.006617
-0.011640
-0.015157
0.021996
-0.009076
-0.016821
-0.007210
0.027396
-0.030567
0.004076
-0.006489
0.005616
-0.000185
-0.014766
-0.008071
0.003988
0.012923
-0.015394
-0.024759
0.026311
-0.004079
-0.008490
-0.012887
0.007735
-0.007649
0.003804
-0.016902
0.012991
-0.011879
-0.016032
0.005566
0.005737
-0.002897
-0.009447
-0.003500
0.024423
-0.008602
-0.007397
0.000859
0.011351
0.003693
-0.006518
-0.013292
0.010357
-0.005166
0.001551
-0.010836
0.001670
0.001884
-0.002653
-0.015798
0.015958
-0.003151
-0.005096
-0.007578
0.004208
0.000245
0.004101
-0.029439
0.020223
-0.001708
-0.011686
-0.003434
-0.008364
0.022403
-0.008875
-0.036299
0.024090
0.009374
-0.029049
0.011322
-0.008289
0.007140
-0.011620
-0.009737
0.013186
0.001195
-0.015165
-0.004618
-0.008299
0.021949
-0.018260
-0.014284
0.023866
-0.008278
-0.015748
-0.005943
0.004935
0.004154
-0.007735
-0.016885
0.018295
-0.008254
-0.002771
-0.013885
0.000297
0.019886
-0.012238
-0.020890
0.016262
-0.000201
-0.021164
0.009784
-0.006254
0.002356
-0.006027
-0.014881
0.011140
0.005348
-0.022545
0.001282
-0.001867
0.017920
-0.026055
-0.007414
0.013215
0.007696
-0.023800
-0.003514
0.005276
-0.001478
-0.005479
-0.014533
0.002827
0.014487
-0.019947
-0.009263
0.001810
0.010697
-0.013765
-0.017269
0.027925
0.002116
-0.012495
-0.020994
0.010631
0.001945
-0.010043
-0.007487
0.013650
-0.005092
-0.009708
-0.010639
0.011407
-0.005335
-0.004590
-0.020927
0.023331
-0.003309
-0.009963
-0.012655
0.012759
-0.007168
-0.002510
-0.015940
0.023544
-0.009272
-0.005229
-0.014979
0.009847
0.002188
-0.013446
-0.019411
0.038026
-0.021330
-0.002025
-0.018634
0.021170
-0.019255
0.009006
-0.014106
0.005401
0.015675
-0.033413
0.008963
-0.006061
0.011557
-0.005993
-0.023340
0.016918
0.000503
-0.016553
-0.005194
0.009509
0.002489
-0.027309
0.010937
0.000098
-0.005409
-0.006235
-0.006451
0.001317
0.009933
-0.014930
-0.020183
0.025253
-0.010816
-0.004233
-0.014379
0.012493
-0.012106
0.002145
-0.007653
0.004693
-0.003162
-0.004516
-0.005311
-0.016270
0.014979
-0.007428
-0.009971
0.011996
0.004177
-0.024761
-0.004774
0.016767
-0.020330
0.005700
-0.017034
0.014518
0.004118
-0.021356
-0.007037
-0.002547
0.025212
-0.029255
-0.008979
0.012127
0.001363
-0.017305
-0.002619
0.002448
0.004111
-0.014953
-0.003684
-0.006149
0.017382
-0.013615
-0.012021
-0.007463
0.025412
-0.014442
-0.039229
0.036608
-0.003007
-0.017929
0.003597
-0.002099
-0.008061
0.008771
-0.020719
0.008517
-0.007011
0.003406
-0.029160
0.015292
0.007088
-0.004264
-0.041572
0.032243
0.011843
0.081319
-0.061393
-0.016099
-0.008364
0.023767
-0.025049
0.006608
0.005188
-0.002471
-0.000619
-0.004800
0.004525
-0.010050
-0.014552
0.036549
-0.015883
-0.018091
0.005325
0.008273
-0.000706
-0.010392
-0.005196
0.017929
-0.003455
-0.009508
-0.001099
-0.012948
0.029383
-0.024717
0.000998
0.012309
-0.008948
-0.002118
-0.011798
0.008876
0.002632
-0.012743
-0.004345
0.005648
-0.006537
-0.001164
-0.007201
0.002618
0.008028
-0.007585
-0.022853
0.033086
-0.017043
-0.010622
-0.000619
-0.004195
0.021600
-0.041814
0.046012
-0.075676
0.109387
-0.105693
0.033988
-0.000105
0.012994
-0.015037
-0.020740
0.030232
-0.000531
0.011736
-0.025400
0.033570
-0.030585
0.010005
-0.001466
-0.011653
0.015019
-0.006556
-0.012430
-0.000274
0.020734
-0.029787
0.008874
-0.001733
0.008037
-0.016931
0.002470
-0.001398
-0.004594
-0.001149
-0.007066
0.003695
0.006337
-0.016470
-0.018018
0.030973
-0.007775
-0.016165
-0.005158
0.006281
0.006989
-0.026804
0.010818
-0.007778
0.004420
-0.012061
-0.002846
0.004638
0.004763
-0.011156
-0.015245
0.011896
0.005641
-0.022360
-0.005393
0.011006
-0.000208
-0.014598
-0.010156
0.011344
0.018827
-0.032849
-0.053809
0.110519
-0.063065
-0.020548
-0.023669
0.016207
0.011085
-0.009910
-0.026078
0.013363
0.007728
-0.041460
0.033980
-0.036857
0.009013
0.004708
-0.018822
0.003339
-0.014991
0.003235
-0.009795
0.000696
-0.016049
0.017721
-0.035207
0.020276
-0.014698
-0.008530
-0.007948
0.003936
-0.010494
-0.009508
0.000512
-0.006653
0.004964
-0.019444
-0.005299
-0.002929
-0.004905
0.002294
-0.024118
0.005835
0.002631
-0.023949
0.002719
-0.002391
-0.014487
-0.004343
-0.007765
-0.003612
0.004056
-0.024710
0.006674
-0.006838
-0.007759
0.011118
-0.029228
0.009816
-0.010766
-0.017548
0.008575
-0.014342
0.001227
-0.035275
0.060383
-0.101768
0.074566
-0.127896
0.424645
-0.964221
1.088025
