0.004983
0.004389
0.003527
0.002554
0.001619
0.000837
0.000271
-0.000077
-0.000243
-0.000291
-0.000282
-0.000270
-0.000285
-0.000341
-0.000434
-0.000551
-0.000676
-0.000796
-0.000898
-0.000979
-0.001037
-0.001077
-0.001106
-0.001130
-0.001158
-0.001195
-0.001243
-0.001302
-0.001369
-0.001440
-0.001510
-0.001578
-0.001642
-0.001701
-0.001758
-0.001814
-0.001871
-0.001927
-0.001982
-0.002032
-0.002075
-0.002106
-0.002121
-0.002109
-0.002048
-0.001888
-0.001523
-0.000744
0.000837
0.003889
0.009493
0.019275
0.035502
0.061064
0.099274
0.153405
0.225973
0.317831
0.427286
0.549507
0.676516
0.797934
0.902470
0.979862
1.022822
1.028444
0.998696
0.939850
0.861049
0.772429
0.683307
0.600858
0.529506
0.470991
0.424945
0.389676
0.362937
0.342507
0.326527
0.313624
0.302878
0.293724
0.285823
0.278964
0.272993
0.267775
0.263176
0.259066
0.255319
0.251821
0.248478
0.245215
0.241988
0.238773
0.235573
0.232405
0.229295
0.226270
0.223350
0.220544
0.217851
0.215263
0.212772
0.210369
0.208054
0.205829
0.203695
0.201652
0.199690
0.197787
0.195915
0.194043
0.192142
0.190196
0.188200
0.186165
0.184110
0.182059
0.180031
0.178036
0.176072
0.174127
0.172182
0.170217
0.168222
0.166196
0.164152
0.162115
0.160110
0.158160
0.156273
0.154438
0.152624
0.150787
0.148882
0.146875
0.144754
0.142542
0.140292
0.138083
0.136000
0.134118
0.132487
0.131119
0.129989
0.129047
0.128224
0.127451
0.126666
0.125820
0.124873
0.123795
0.122556
0.121131
0.119496
0.117634
0.115543
0.113239
0.110768
0.108198
0.105626
0.103160
0.100911
0.098973
0.097405
0.096224
0.095397
0.094854
0.094498
0.094228
0.093957
0.093625
0.093202
0.092689
0.092104
0.091475
0.090827
0.090177
0.089531
0.088882
0.088221
0.087533
0.086807
0.086037
0.085222
0.084371
0.083495
0.082611
0.081738
0.080890
0.080080
0.079316
0.078598
0.077925
0.077294
0.076698
0.076132
0.075593
0.075075
0.074577
0.074093
0.073618
0.073146
0.072668
0.072175
0.071659
0.071110
0.070524
0.069899
0.069237
0.068548
0.067845
0.067140
0.066448
0.065778
0.065133
0.064512
0.063908
0.063313
0.062720
0.062126
0.061535
0.060955
0.060400
0.059880
0.059407
0.058986
0.058613
0.058281
0.057975
0.057673
0.057356
0.057007
0.056611
0.056164
0.055669
0.055135
0.054573
0.054000
0.053428
0.052870
0.052341
0.051850
0.051411
0.051030
0.050710
0.050446
0.050226
0.050030
0.049836
0.049622
0.049373
0.049081
0.048748
0.048385
0.048005
0.047625
0.047258
0.046915
0.046598
0.046302
0.046020
0.045740
0.045453
0.045153
0.044836
0.044506
0.044165
0.043817
0.043462
0.043098
0.042724
0.042337
0.041937
0.041529
0.041122
0.040727
0.040353
0.040011
0.039703
0.039428
0.039178
0.038943
0.038711
0.038469
0.038213
0.037939
0.037654
0.037364
0.037082
0.036820
0.036584
0.036379
0.036202
0.036044
0.035894
0.035738
0.035564
0.035364
0.035133
0.034872
0.034584
0.034273
0.033948
0.033614
0.033281
0.032954
0.032643
0.032352
0.032085
0.031840
0.031613
0.031396
0.031183
0.030969
0.030749
0.030524
0.030294
0.030061
0.029823
0.029578
0.029321
0.029052
0.028771
0.028484
0.028197
0.027921
0.027661
0.027421
0.027203
0.027002
0.026815
0.026637
0.026463
0.026291
0.026120
0.025950
0.025782
0.025620
0.025468
0.025329
0.025206
0.025101
0.025016
0.024948
0.024898
0.024863
0.024840
0.024826
0.024815
0.024804
0.024786
0.024756
0.024713
0.024655
0.024584
0.024501
0.024408
0.024306
0.024194
0.024072
0.023940
0.023800
0.023657
0.023520
0.023396
0.023296
0.023223
0.023181
0.023164
0.023165
0.023172
0.023174
0.023158
0.023116
0.023041
0.022935
0.022802
0.022652
0.022495
0.022341
0.022198
0.022068
0.021949
0.021832
0.021709
0.021568
0.021402
0.021209
0.020991
0.020758
0.020521
0.020292
0.020082
0.019898
0.019742
0.019612
0.019502
0.019406
0.019314
0.019224
0.019131
0.019038
0.018946
0.018862
0.018791
0.018737
0.018703
0.018688
0.018689
0.018701
0.018717
0.018731
0.018734
0.018720
0.018684
0.018620
0.018529
0.018413
0.018276
0.018126
0.017971
0.017818
0.017672
0.017539
0.017422
0.017323
0.017246
0.017193
0.017163
0.017151
0.017148
0.017143
0.017123
0.017080
0.017011
0.016919
0.016815
0.016711
0.016619
0.016548
0.016501
0.016475
0.016465
0.016461
0.016454
0.016437
0.016407
0.016361
0.016300
0.016230
0.016153
0.016075
0.015999
0.015927
0.015857
0.015788
0.015716
0.015640
0.015560
0.015479
0.015401
0.015331
0.015270
0.015220
0.015182
0.015155
0.015136
0.015124
0.015118
0.015114
0.015106
0.015088
0.015053
0.014998
0.014922
0.014831
0.014733
0.014640
0.014564
0.014513
0.014490
0.014495
0.014521
0.014561
0.014608
0.014654
0.014692
0.014719
0.014732
0.014731
0.014716
0.014689
0.014653
0.014611
0.014564
0.014514
0.014463
0.014412
0.014363
0.014319
0.014283
0.014262
0.014257
0.014268
0.014293
0.014325
0.014356
0.014376
0.014378
0.014359
0.014318
0.014260
0.014192
0.014124
0.014062
0.014012
0.013978
0.013956
0.013942
0.013930
0.013911
0.013882
0.013840
0.013786
0.013724
0.013661
0.013601
0.013551
0.013515
0.013494
0.013489
0.013497
0.013513
0.013532
0.013549
0.013557
0.013553
0.013535
0.013506
0.013469
0.013430
0.013393
0.013362
0.013336
0.013315
0.013295
0.013274
0.013248
0.013219
0.013189
0.013161
0.013138
0.013124
0.013119
0.013120
0.013124
0.013127
0.013125
0.013114
0.013093
0.013062
0.013025
0.012983
0.012941
0.012903
0.012874
0.012855
0.012849
0.012855
0.012870
0.012892
0.012914
0.012933
0.012944
0.012943
0.012928
0.012901
0.012865
0.012824
0.012784
0.012750
0.012724
0.012709
0.012704
0.012707
0.012717
0.012730
0.012743
0.012750
0.012746
0.012725
0.012683
0.012618
0.012532
0.012434
0.012334
0.012242
0.012168
0.012118
0.012094
0.012093
0.012109
0.012136
0.012168
0.012200
0.012228
0.012250
0.012263
0.012267
0.012263
0.012251
0.012235
0.012220
0.012209
0.012210
0.012227
0.012265
0.012328
0.012420
0.012542
0.012694
0.012871
0.013065
0.013264
0.013450
0.013606
0.013715
0.013766
0.013752
0.013679
0.013554
0.013396
0.013219
0.013043
0.012879
0.012736
0.012618
0.012523
0.012447
0.012387
0.012336
0.012294
0.012258
0.012227
0.012203
0.012181
0.012160
0.012137
0.012108
0.012076
0.012042
0.012013
0.011993
0.011986
0.011989
0.011998
0.012005
0.012003
0.011987
0.011956
0.011912
0.011862
0.011813
0.011771
0.011742
0.011727
0.011725
0.011732
0.011742
0.011749
0.011747
0.011730
0.011700
0.011657
0.011606
0.011556
0.011510
0.011476
0.011454
0.011445
0.011447
0.011456
0.011469
0.011481
0.011487
0.011483
0.011466
0.011437
0.011397
0.011352
0.011308
0.011271
0.011247
0.011235
0.011234
0.011240
0.011244
0.011242
0.011231
0.011207
0.011172
0.011128
0.011076
0.011018
0.010956
0.010892
0.010830
0.010772
0.010724
0.010688
0.010664
0.010651
0.010647
0.010647
0.010648
0.010648
0.010647
0.010646
0.010646
0.010648
0.010653
0.010660
0.010666
0.010670
0.010669
0.010661
0.010646
0.010622
0.010592
0.010555
0.010514
0.010471
0.010427
0.010385
0.010348
0.010319
0.010298
0.010288
0.010285
0.010288
0.010290
0.010287
0.010275
0.010249
0.010212
0.010167
0.010120
0.010078
0.010046
0.010026
0.010015
0.010005
0.009987
0.009956
0.009909
0.009849
0.009785
0.009726
0.009682
0.009659
0.009656
0.009670
0.009693
0.009718
0.009739
0.009750
0.009751
0.009740
0.009719
0.009690
0.009658
0.009625
0.009596
0.009575
0.009566
0.009569
0.009585
0.009612
0.009647
0.009684
0.009718
0.009743
0.009753
0.009746
0.009718
0.009672
0.009613
0.009549
0.009489
0.009438
0.009402
0.009377
0.009362
0.009348
0.009330
0.009303
0.009264
0.009213
0.009149
0.009076
0.008997
0.008914
0.008833
0.008756
0.008686
0.008626
0.008575
0.008532
0.008497
0.008467
0.008441
0.008418
0.008398
0.008379
0.008358
0.008335
0.008307
0.008276
0.008243
0.008211
0.008185
0.008167
0.008158
0.008157
0.008160
0.008162
0.008159
0.008147
0.008125
0.008092
0.008045
0.007985
0.007911
0.007828
0.007740
0.007657
0.007589
0.007545
0.007529
0.007543
0.007581
0.007634
0.007689
0.007736
0.007767
0.007778
0.007768
0.007741
0.007702
0.007655
0.007605
0.007553
0.007501
0.007446
0.007388
0.007326
0.007263
0.007202
0.007147
0.007101
0.007065
0.007037
0.007012
0.006986
0.006952
0.006909
0.006854
0.006793
0.006729
0.006669
0.006619
0.006582
0.006560
0.006549
0.006543
0.006536
0.006522
0.006497
0.006462
0.006419
0.006372
0.006328
0.006290
0.006259
0.006236
0.006216
0.006195
0.006166
0.006129
0.006082
0.006028
0.005973
0.005923
0.005881
0.005849
0.005829
0.005816
0.005810
0.005806
0.005804
0.005802
0.005797
0.005789
0.005774
0.005750
0.005714
0.005665
0.005603
0.005529
0.005446
0.005357
0.005266
0.005178
0.005097
0.005028
0.004973
0.004934
0.004911
0.004902
0.004903
0.004911
0.004922
0.004931
0.004935
0.004931
0.004918
0.004894
0.004858
0.004810
0.004754
0.004691
0.004627
0.004565
0.004509
0.004463
0.004428
0.004406
0.004398
0.004402
0.004417
0.004438
0.004458
0.004466
0.004450
0.004395
0.004286
0.004110
0.003857
0.003520
0.003102
0.002613
0.002073
0.001516
0.000984
0.000522
0.000168
-0.000051
-0.000132
-0.000092
0.000034
0.000202
0.000369
0.000502
0.000582
0.000603
0.000569
0.000490
0.000377
0.000241
0.000090
-0.000068
-0.000226
-0.000377
-0.000518
-0.000647
-0.000763
-0.000868
-0.000968
-0.001065
-0.001163
-0.001265
-0.001372
-0.001483
-0.001598
-0.001711
-0.001816
-0.001905
-0.001966
-0.001985
-0.001949
-0.001847
-0.001668
-0.001411
-0.001079
-0.000688
-0.000265
0.000150
0.000514
0.000781
0.000913
0.000888
0.000703
0.000377
-0.000057
-0.000555
-0.001071
-0.001564
-0.002004
-0.002368
-0.002639
-0.002804
-0.002843
-0.002732
-0.002440
-0.001934
-0.001198
-0.000236
0.000903
0.002128
0.003309
0.004297
0.004954
0.005190
