-0.000710
-0.000679
-0.000653
-0.000631
-0.000615
-0.000603
-0.000595
-0.000590
-0.000588
-0.000588
-0.000588
-0.000588
-0.000585
-0.000579
-0.000567
-0.000546
-0.000514
-0.000467
-0.000403
-0.000315
-0.000201
-0.000052
0.000137
0.000373
0.000667
0.001027
0.001465
0.001993
0.002624
0.003373
0.004255
0.005288
0.006488
0.007873
0.009462
0.011273
0.013323
0.015628
0.018205
0.021065
0.024221
0.027678
0.031440
0.035508
0.039874
0.044529
0.049456
0.054634
0.060034
0.065622
0.071360
0.077204
0.083104
0.089008
0.094861
0.100606
0.106183
0.111536
0.116607
0.121344
0.125697
0.129621
0.133078
0.136037
0.138473
0.140371
0.141722
0.142528
0.142797
0.142546
0.141798
0.140584
0.138939
0.136903
0.134520
0.131837
0.128901
0.125759
0.122458
0.119045
0.115562
0.112049
0.108543
0.105075
0.101675
0.098365
0.095166
0.092093
0.089156
0.086364
0.083721
0.081228
0.078884
0.076684
0.074625
0.072698
0.070896
0.069212
0.067635
0.066158
0.064771
0.063466
0.062234
0.061069
0.059962
0.058907
0.057899
0.056931
0.056001
0.055102
0.054232
0.053388
0.052567
0.051766
0.050984
0.050220
0.049472
0.048738
0.048019
0.047313
0.046620
0.045939
0.045269
0.044612
0.043965
0.043329
0.042705
0.042090
0.041486
0.040892
0.040308
0.039733
0.039168
0.038612
0.038066
0.037527
0.036998
0.036477
0.035963
0.035458
0.034960
0.034470
0.033987
0.033510
0.033041
0.032578
0.032122
0.031672
0.031228
0.030790
0.030358
0.029933
0.029513
0.029099
0.028690
0.028288
0.027891
0.027500
0.027115
0.026735
0.026361
0.025993
0.025630
0.025273
0.024921
0.024575
0.024234
0.023899
0.023569
0.023244
0.022924
0.022610
0.022300
0.021995
0.021695
0.021399
0.021108
0.020821
0.020538
0.020259
0.019984
0.019713
0.019445
0.019181
0.018920
0.018663
0.018409
0.018158
0.017910
0.017665
0.017423
0.017185
0.016949
0.016716
0.016486
0.016259
0.016035
0.015814
0.015596
0.015381
0.015170
0.014961
0.014756
0.014554
0.014355
0.014159
0.013966
0.013777
0.013590
0.013407
0.013226
0.013049
0.012874
0.012702
0.012533
0.012366
0.012202
0.012040
0.011881
0.011724
0.011569
0.011415
0.011264
0.011115
0.010968
0.010822
0.010678
0.010536
0.010396
0.010257
0.010120
0.009984
0.009850
0.009718
0.009588
0.009459
0.009331
0.009205
0.009081
0.008958
0.008836
0.008716
0.008597
0.008479
0.008363
0.008247
0.008132
0.008019
0.007905
0.007793
0.007681
0.007570
0.007459
0.007349
0.007239
0.007129
0.007020
0.006911
0.006803
0.006695
0.006587
0.006481
0.006374
0.006269
0.006164
0.006059
0.005956
0.005854
0.005752
0.005652
0.005553
0.005454
0.005357
0.005262
0.005167
0.005074
0.004982
0.004891
0.004802
0.004714
0.004628
0.004542
0.004459
0.004376
0.004295
0.004215
0.004137
0.004060
0.003984
0.003910
0.003837
0.003766
0.003696
0.003627
0.003560
0.003495
0.003431
0.003368
0.003307
0.003248
0.003190
0.003134
0.003079
0.003026
0.002975
0.002925
0.002877
0.002830
0.002785
0.002741
0.002698
0.002656
0.002615
0.002575
0.002536
0.002498
0.002460
0.002422
0.002385
0.002347
0.002309
0.002271
0.002233
0.002195
0.002155
0.002116
0.002075
0.002034
0.001993
0.001951
0.001908
0.001864
0.001820
0.001776
0.001731
0.001686
0.001640
0.001595
0.001549
0.001503
0.001458
0.001412
0.001367
0.001322
0.001277
0.001233
0.001189
0.001145
0.001102
0.001060
0.001018
0.000977
0.000936
0.000896
0.000856
0.000817
0.000779
0.000741
0.000704
0.000667
0.000631
0.000595
0.000560
0.000525
0.000491
0.000457
0.000424
0.000392
0.000360
0.000328
0.000298
0.000268
0.000239
0.000210
0.000183
0.000156
0.000131
0.000106
0.000083
0.000061
0.000041
0.000021
0.000004
-0.000013
-0.000027
-0.000041
-0.000052
-0.000062
-0.000071
-0.000078
-0.000083
-0.000087
-0.000090
-0.000092
-0.000093
-0.000093
-0.000093
-0.000092
-0.000091
-0.000090
-0.000089
-0.000089
-0.000090
-0.000092
-0.000094
-0.000098
-0.000104
-0.000111
-0.000120
-0.000130
-0.000143
-0.000157
-0.000173
-0.000191
-0.000210
-0.000231
-0.000254
-0.000277
-0.000302
-0.000328
-0.000354
-0.000381
-0.000408
-0.000435
-0.000462
-0.000489
-0.000515
-0.000541
-0.000566
-0.000589
-0.000612
-0.000634
-0.000655
-0.000675
-0.000693
-0.000711
-0.000727
-0.000743
-0.000757
-0.000771
-0.000784
-0.000796
-0.000807
-0.000818
-0.000829
-0.000839
-0.000849
-0.000859
-0.000868
-0.000878
-0.000887
-0.000896
-0.000906
-0.000915
-0.000925
-0.000934
-0.000944
-0.000954
-0.000963
-0.000973
-0.000983
-0.000993
-0.001003
-0.001013
-0.001022
-0.001032
-0.001041
-0.001051
-0.001059
-0.001068
-0.001076
-0.001084
-0.001092
-0.001099
-0.001105
-0.001111
-0.001117
-0.001122
-0.001126
-0.001130
-0.001133
-0.001136
-0.001139
-0.001141
-0.001143
-0.001144
-0.001145
-0.001147
-0.001148
-0.001149
-0.001150
-0.001152
-0.001154
-0.001156
-0.001159
-0.001162
-0.001166
-0.001170
-0.001175
-0.001180
-0.001186
-0.001192
-0.001199
-0.001207
-0.001214
-0.001222
-0.001231
-0.001239
-0.001247
-0.001256
-0.001264
-0.001272
-0.001280
-0.001287
-0.001293
-0.001299
-0.001304
-0.001308
-0.001311
-0.001312
-0.001313
-0.001311
-0.001308
-0.001303
-0.001296
-0.001287
-0.001275
-0.001261
-0.001245
-0.001226
-0.001205
-0.001180
-0.001153
-0.001124
-0.001091
-0.001057
-0.001019
-0.000980
-0.000939
-0.000896
-0.000851
-0.000806
-0.000760
-0.000713
-0.000667
-0.000622
-0.000577
-0.000535
-0.000494
-0.000455
-0.000419
-0.000387
-0.000358
-0.000332
-0.000311
-0.000293
-0.000280
-0.000271
-0.000266
-0.000265
-0.000268
-0.000275
-0.000285
-0.000299
-0.000316
-0.000335
-0.000357
-0.000381
-0.000407
-0.000434
-0.000462
-0.000491
-0.000520
-0.000550
-0.000580
-0.000609
-0.000638
-0.000666
-0.000694
-0.000720
-0.000746
-0.000771
-0.000794
-0.000817
-0.000838
-0.000858
-0.000877
-0.000895
-0.000911
-0.000927
-0.000941
-0.000954
-0.000967
-0.000978
-0.000988
-0.000997
-0.001006
-0.001013
-0.001020
-0.001026
-0.001031
-0.001035
-0.001039
-0.001042
-0.001044
-0.001046
-0.001047
-0.001048
-0.001049
-0.001049
-0.001049
-0.001050
-0.001050
-0.001050
-0.001050
-0.001051
-0.001051
-0.001052
-0.001054
-0.001056
-0.001058
-0.001061
-0.001064
-0.001068
-0.001072
-0.001077
-0.001082
-0.001087
-0.001092
-0.001098
-0.001104
-0.001110
-0.001116
-0.001121
-0.001127
-0.001132
-0.001137
-0.001142
-0.001147
-0.001150
-0.001154
-0.001157
-0.001159
-0.001161
-0.001163
-0.001164
-0.001165
-0.001165
-0.001165
-0.001165
-0.001164
-0.001163
-0.001162
-0.001161
-0.001159
-0.001158
-0.001157
-0.001155
-0.001154
-0.001152
-0.001151
-0.001150
-0.001149
-0.001148
-0.001146
-0.001145
-0.001144
-0.001143
-0.001141
-0.001140
-0.001138
-0.001136
-0.001133
-0.001130
-0.001126
-0.001121
-0.001116
-0.001110
-0.001104
-0.001096
-0.001088
-0.001078
-0.001068
-0.001056
-0.001044
-0.001031
-0.001017
-0.001002
-0.000986
-0.000970
-0.000953
-0.000935
-0.000918
-0.000900
-0.000882
-0.000865
-0.000847
-0.000830
-0.000814
-0.000799
-0.000784
-0.000770
-0.000758
-0.000747
-0.000737
-0.000729
-0.000722
-0.000717
-0.000713
-0.000710
-0.000709
-0.000710
-0.000711
-0.000714
-0.000718
-0.000723
-0.000730
-0.000736
-0.000744
-0.000752
-0.000760
-0.000769
-0.000778
-0.000788
-0.000797
-0.000806
-0.000815
-0.000824
-0.000832
-0.000841
-0.000849
-0.000856
-0.000863
-0.000870
-0.000877
-0.000883
-0.000888
-0.000894
-0.000898
-0.000903
-0.000907
-0.000911
-0.000914
-0.000917
-0.000920
-0.000923
-0.000925
-0.000927
-0.000928
-0.000930
-0.000931
-0.000932
-0.000932
-0.000933
-0.000933
-0.000933
-0.000933
-0.000932
-0.000931
-0.000930
-0.000928
-0.000926
-0.000924
-0.000922
-0.000919
-0.000916
-0.000913
-0.000910
-0.000906
-0.000902
-0.000898
-0.000894
-0.000889
-0.000885
-0.000880
-0.000875
-0.000871
-0.000866
-0.000861
-0.000857
-0.000852
-0.000848
-0.000843
-0.000839
-0.000836
-0.000832
-0.000829
-0.000826
-0.000823
-0.000821
-0.000819
-0.000817
-0.000816
-0.000815
-0.000814
-0.000814
-0.000814
-0.000814
-0.000815
-0.000816
-0.000817
-0.000818
-0.000820
-0.000822
-0.000824
-0.000826
-0.000828
-0.000830
-0.000832
-0.000834
-0.000836
-0.000838
-0.000839
-0.000841
-0.000842
-0.000843
-0.000843
-0.000843
-0.000843
-0.000843
-0.000841
-0.000840
-0.000838
-0.000835
-0.000832
-0.000829
-0.000825
-0.000820
-0.000815
-0.000810
-0.000804
-0.000798
-0.000792
-0.000785
-0.000778
-0.000771
-0.000763
-0.000756
-0.000748
-0.000740
-0.000733
-0.000725
-0.000717
-0.000709
-0.000701
-0.000694
-0.000686
-0.000679
-0.000672
-0.000666
-0.000659
-0.000653
-0.000647
-0.000642
-0.000637
-0.000632
-0.000628
-0.000625
-0.000622
-0.000619
-0.000617
-0.000615
-0.000614
-0.000613
-0.000613
-0.000613
-0.000613
-0.000614
-0.000614
-0.000616
-0.000617
-0.000618
-0.000620
-0.000621
-0.000622
-0.000623
-0.000623
-0.000624
-0.000623
-0.000622
-0.000621
-0.000619
-0.000616
-0.000612
-0.000607
-0.000601
-0.000594
-0.000586
-0.000577
-0.000567
-0.000555
-0.000543
-0.000530
-0.000516
-0.000501
-0.000485
-0.000469
-0.000452
-0.000435
-0.000418
-0.000400
-0.000383
-0.000366
-0.000350
-0.000334
-0.000318
-0.000304
-0.000291
-0.000279
-0.000268
-0.000258
-0.000249
-0.000242
-0.000236
-0.000232
-0.000228
-0.000226
-0.000225
-0.000226
-0.000227
-0.000229
-0.000231
-0.000235
-0.000239
-0.000243
-0.000248
-0.000253
-0.000259
-0.000265
-0.000272
-0.000279
-0.000286
-0.000294
-0.000303
-0.000312
-0.000323
-0.000334
-0.000347
-0.000361
-0.000377
-0.000395
-0.000414
-0.000436
-0.000459
-0.000485
-0.000512
-0.000542
-0.000574
-0.000608
-0.000643
-0.000680
-0.000719
-0.000759
-0.000800
-0.000842
-0.000885
-0.000928
-0.000971
-0.001015
-0.001058
-0.001100
-0.001142
-0.001182
-0.001222
-0.001261
-0.001299
-0.001335
-0.001370
-0.001404
-0.001436
-0.001468
-0.001498
-0.001527
-0.001555
-0.001582
-0.001608
-0.001633
-0.001657
-0.001681
-0.001704
-0.001726
-0.001748
-0.001769
-0.001790
-0.001809
-0.001828
-0.001846
-0.001864
-0.001880
-0.001894
-0.001908
-0.001919
-0.001929
-0.001936
-0.001941
-0.001943
-0.001942
-0.001938
-0.001930
-0.001918
-0.001902
-0.001881
-0.001856
-0.001826
-0.001792
-0.001754
-0.001711
-0.001663
-0.001612
-0.001557
-0.001499
-0.001439
-0.001376
-0.001313
-0.001248
-0.001184
-0.001120
-0.001057
-0.000997
-0.000939
-0.000885
-0.000835
-0.000788
-0.000747
