-0.012046
0.008517
-0.004503
0.017601
-0.021932
0.018695
-0.006008
-0.006110
0.003549
0.000324
0.010450
-0.012204
0.011182
-0.011164
0.012782
-0.007769
0.017451
-0.022732
0.023417
-0.017972
0.002989
0.015689
-0.019355
0.008079
0.003843
0.006561
-0.008651
-0.002877
0.001709
0.010623
-0.005310
0.009825
-0.021985
0.016331
0.008410
-0.006886
-0.010636
0.012871
0.003219
-0.001618
0.002576
-0.009138
0.015696
-0.012643
0.007866
-0.001560
-0.002248
0.003740
-0.006118
0.012865
-0.004640
-0.002916
0.001849
0.013574
-0.028662
0.012851
0.072630
-0.147416
0.033512
0.213650
-0.018185
-0.956985
2.312318
0.745599
0.714151
0.631298
0.414895
0.263987
0.138557
0.082919
0.085576
0.196612
0.078293
0.157516
0.050217
0.128204
0.033840
0.164889
0.074682
0.060885
0.135556
0.055091
0.103162
0.063096
0.130152
0.029866
0.078292
0.154986
0.018840
0.083203
0.115166
0.090294
0.061193
0.085195
0.065600
0.081081
0.090963
0.056192
0.071588
0.051533
0.098401
0.060043
0.040631
0.097304
0.052309
0.053702
0.072254
0.068380
0.058927
0.062777
0.053045
0.087756
0.021657
0.085411
0.038381
0.071885
0.041511
0.055320
0.051913
0.051022
0.056585
0.059333
0.027267
0.068483
0.047314
0.021775
0.064305
0.052431
0.043642
0.026518
0.077457
0.023170
0.053684
0.041469
0.045494
0.034380
0.051733
0.033251
0.056032
0.027952
0.046528
0.031711
0.042521
0.048131
0.020485
0.063484
0.006653
0.041205
0.059544
0.013509
0.027986
0.031677
0.053612
0.013441
0.044559
0.023131
0.052370
0.012521
0.028658
0.062457
-0.009325
0.049532
0.030276
0.010858
0.044199
0.034363
0.005172
0.058144
-0.000432
0.029839
0.070851
0.004489
0.014300
0.034346
0.041061
0.017591
0.011928
0.022528
0.056097
-0.004597
0.042137
0.007875
0.027196
0.036600
-0.002500
0.026198
0.024945
0.026333
0.020821
0.024256
0.002865
0.043982
-0.005174
0.033790
0.022358
0.009321
0.032566
0.000388
0.040230
0.017334
0.005230
0.015903
0.026956
0.016791
0.003914
0.010634
0.027122
0.034109
-0.020330
0.037738
0.006524
0.022571
0.008746
0.012604
0.029993
-0.003549
0.028538
0.008330
0.017064
0.014062
0.006121
0.015133
0.025378
0.018977
-0.027870
0.041670
0.013350
0.008218
0.008859
0.011283
0.014305
0.021369
-0.001871
0.014923
0.014862
0.007975
0.021405
0.001018
0.020169
0.009118
-0.003654
0.022060
0.017626
-0.011006
0.018358
0.017499
0.008169
0.006695
0.000236
0.019526
0.010426
0.009546
-0.007743
0.024487
0.004363
0.007593
0.004544
0.007700
0.030458
-0.004285
0.020258
-0.008436
0.013549
0.020482
-0.001648
0.002736
0.019291
-0.007142
0.029853
-0.018812
0.020551
0.022713
-0.021323
0.010164
0.033963
-0.011750
-0.004150
0.020309
-0.001064
0.023719
-0.018479
0.015144
0.015177
0.000136
0.014608
-0.005188
0.011731
0.017992
-0.014670
0.024140
0.008403
-0.001652
0.009267
0.004143
0.007233
0.009217
0.001501
-0.000396
0.016971
0.005826
-0.000471
-0.002266
0.018866
0.011507
-0.016856
0.007257
0.021101
0.002037
-0.003035
-0.006049
0.014777
0.007309
-0.001788
0.015620
-0.007606
0.003248
0.010055
-0.001548
0.006004
0.013443
-0.012783
0.007651
0.017204
-0.014981
0.009415
0.018023
-0.015157
0.008833
0.013339
-0.005974
0.015761
-0.006884
-0.005387
0.008330
0.007068
0.017719
-0.024787
0.007998
0.034239
-0.029517
0.021813
-0.013301
0.014332
0.003422
-0.002037
0.001971
0.004474
0.003420
0.001750
-0.000591
0.006624
0.018270
-0.028055
0.009317
0.023201
-0.021239
0.006343
0.009303
-0.009092
0.017898
-0.018851
0.016577
0.005960
0.000171
-0.002663
-0.003061
0.013837
-0.000796
-0.006697
0.008487
0.021155
-0.015675
0.003627
0.008089
-0.012508
0.024266
-0.006674
0.004622
-0.002226
0.011744
-0.012714
0.007432
0.003126
0.010052
-0.021995
0.013650
0.014887
-0.008629
0.002614
0.007551
-0.003459
-0.007202
0.015813
-0.004698
-0.000670
-0.001685
-0.004843
0.018273
-0.005373
0.006800
-0.021585
0.015249
0.014120
-0.025040
0.016387
-0.003469
0.010503
-0.004072
-0.002204
0.000344
0.010623
-0.002275
0.005377
-0.007537
0.010827
0.009995
-0.024053
0.014236
0.003746
0.003077
-0.001726
-0.000114
-0.003517
0.004826
-0.007617
0.012250
0.002848
0.001102
-0.003977
-0.009544
0.010654
0.004445
-0.015506
0.014926
0.008477
-0.020159
0.021291
-0.016743
0.006398
0.010411
-0.005580
0.004966
-0.009981
0.020006
-0.016471
-0.001587
0.008664
0.010694
-0.016189
0.006913
0.011831
-0.015680
0.001714
0.019799
-0.025897
0.019348
-0.011028
0.005636
0.010752
-0.010208
-0.005426
0.012150
-0.002073
0.005243
-0.015077
0.014403
0.010739
-0.018500
-0.001427
0.024095
-0.011048
-0.008706
0.009426
-0.003628
0.000540
0.004775
0.004310
-0.009769
0.009910
-0.000099
-0.009213
0.006772
0.014698
-0.015870
0.009763
-0.012676
0.011646
-0.003363
0.000833
-0.000129
0.009849
-0.017752
0.013089
-0.007592
0.016789
-0.008964
-0.013443
0.008306
0.019025
-0.024129
0.006540
0.015219
-0.001792
-0.004416
-0.012294
0.015161
-0.007159
0.007020
0.007904
-0.020367
0.011033
0.003636
0.004325
-0.009318
0.020316
-0.013316
-0.020561
0.040920
-0.031213
0.017650
-0.013225
0.013610
-0.001373
-0.001705
-0.003022
0.006653
-0.013254
0.035907
-0.048344
0.029929
0.004093
-0.010884
0.000468
-0.002699
0.013628
-0.007107
0.003305
-0.010624
0.009036
0.006013
-0.002905
-0.008287
0.011231
0.007970
-0.025911
0.017532
0.001768
0.001183
-0.008271
0.000091
0.011802
-0.009402
-0.001284
-0.000476
0.008773
0.001558
-0.001600
-0.005743
-0.002265
0.024027
-0.025287
0.001066
0.015009
0.006972
-0.027631
0.032604
-0.022028
0.010333
-0.009010
0.004605
0.006249
0.003085
-0.015555
0.005890
0.003402
0.010943
-0.012145
-0.008870
0.025735
-0.020770
0.010072
-0.001923
0.003051
0.001294
-0.008338
0.009402
-0.002317
0.007846
-0.014161
0.004914
-0.002393
0.023272
-0.040975
0.029335
-0.000634
0.003171
-0.011898
0.012491
-0.003838
-0.003325
0.013037
-0.010016
0.002582
-0.004574
0.019785
-0.021711
0.006322
0.013220
-0.018267
0.013990
0.002213
-0.009578
-0.004500
0.021780
-0.025610
0.023401
-0.012477
0.001611
0.012793
-0.012673
0.013005
-0.015447
0.013982
0.024265
-0.030744
0.028338
0.017757
-0.017424
0.007373
-0.004036
-0.002371
0.020205
-0.014633
0.005435
0.009331
0.000809
-0.001201
-0.006203
0.002019
0.023375
-0.024047
0.010836
0.007643
-0.009160
0.004827
0.004902
-0.005273
-0.000995
0.007653
-0.001368
0.011819
-0.014776
0.015169
-0.013923
0.011162
0.014105
-0.027272
0.022905
0.006500
-0.016451
0.009466
0.001001
-0.005321
0.011369
-0.004741
-0.000607
0.008295
-0.007941
0.012128
-0.011043
0.008637
0.008553
-0.018569
0.018366
0.004084
-0.008135
0.000894
0.011263
-0.012953
0.017124
-0.010151
-0.001018
0.008013
-0.002616
0.004799
-0.002943
-0.003763
0.016531
-0.009973
-0.001067
0.017919
-0.010810
0.000102
0.004420
0.002964
-0.009449
0.016396
-0.011533
0.014770
-0.016172
0.010974
0.001348
0.007727
-0.004696
-0.008822
0.019211
-0.004662
0.004045
-0.010589
0.019210
-0.011327
0.008387
-0.005409
-0.000711
0.011464
-0.013249
0.022341
-0.020700
0.015423
0.003213
-0.017989
0.009289
0.024768
-0.024290
0.013506
-0.010907
0.019516
-0.011085
-0.006361
0.015941
-0.003609
0.000511
0.004020
-0.008445
0.010659
0.006222
-0.016412
0.014074
0.012346
-0.015841
0.006300
0.001206
-0.003193
0.014249
-0.011676
0.001211
0.012933
-0.000568
0.003080
-0.008304
0.000483
0.020299
-0.025235
0.011596
0.009038
-0.005427
-0.006177
0.013304
-0.003723
0.001413
0.003242
-0.008439
0.019326
-0.004508
-0.006379
0.009767
0.003635
0.000468
-0.016957
0.014727
0.010612
-0.013808
0.001864
0.007298
-0.000188
0.001407
-0.008719
0.013595
0.000521
-0.005754
0.010878
0.001512
-0.005688
0.022359
-0.027965
0.020489
0.001006
-0.004455
0.001998
0.006064
-0.003061
0.009619
-0.005611
-0.007123
0.020827
-0.009734
0.005687
-0.003238
0.001752
0.014521
-0.021307
0.011833
0.006927
0.003458
-0.013737
0.013602
0.003043
0.004947
-0.006929
-0.011425
0.023101
-0.001343
-0.005068
-0.003691
0.004266
0.016311
-0.018209
0.003815
0.019725
-0.022328
0.025260
-0.022985
0.019865
-0.009375
0.008645
-0.007893
0.004496
0.013274
-0.016255
0.009272
0.004793
0.012599
-0.034735
0.031422
-0.003920
-0.004790
0.000239
0.012366
-0.008403
0.001135
0.007212
-0.013137
0.021745
-0.013559
0.024825
-0.026674
0.008683
0.021532
-0.028489
0.007749
0.019244
-0.012552
-0.005339
0.012515
-0.001917
0.002247
-0.003648
0.002941
0.007891
-0.000864
-0.005308
0.003134
0.005625
0.010412
-0.007498
-0.014134
0.027232
-0.005500
-0.005924
-0.001701
0.007725
-0.002154
0.000699
-0.006203
0.019310
-0.012084
0.005592
-0.002315
0.001384
0.017531
-0.027000
0.022036
-0.001066
-0.005193
-0.000208
0.003472
0.004298
-0.003342
0.014560
-0.016057
0.012415
0.000536
0.010703
-0.023786
0.015166
0.021531
-0.042583
0.028765
0.009574
-0.020116
0.009379
0.001576
0.006643
-0.007940
-0.002057
0.009977
0.004052
-0.016406
0.025509
-0.022401
0.017944
0.002420
-0.010056
0.004594
0.009428
-0.004797
-0.000530
0.006764
-0.015272
0.018990
-0.005738
-0.003838
0.007938
0.001608
-0.003631
0.001041
0.008510
0.001226
-0.012990
0.012469
0.005599
-0.007348
0.003791
0.005709
-0.008211
0.011709
-0.016746
0.011739
0.003855
0.009036
-0.019338
0.010823
0.003138
0.012019
-0.022614
0.018696
0.003707
-0.009113
0.011505
-0.020798
0.018735
0.009279
0.003253
-0.073109
0.136212
-0.106255
0.023794
-0.004840
-0.004186
0.021562
-0.019062
-0.000989
0.020285
-0.006988
-0.023278
0.039035
-0.032211
0.011149
0.000551
0.007337
-0.006001
-0.015881
0.021849
-0.005091
-0.011339
0.003746
0.007172
-0.019096
0.030862
-0.026118
0.009542
-0.007772
0.015986
-0.020787
0.014038
-0.018648
0.023359
-0.014997
0.007663
-0.013442
0.000866
0.008262
-0.009903
0.006744
-0.009896
0.012137
-0.013903
-0.004003
0.007698
0.032136
-0.005325
0.028817
0.030189
-0.046352
-0.008909
0.023886
-0.016732
0.023518
-0.030019
0.021660
0.011584
-0.021288
0.009353
0.016897
-0.018688
0.008415
0.014092
-0.028664
0.033621
-0.024924
-0.000946
0.013353
-0.013670
0.015896
