-0.215537
0.038021
-0.043545
-0.007205
0.036869
-0.017563
-0.009897
0.000066
0.033562
-0.056724
0.069771
-0.053693
0.014690
0.005043
0.000503
0.000459
-0.001486
-0.013472
0.018614
0.006892
-0.033151
0.035686
-0.023883
0.004065
0.014360
-0.023363
0.013081
0.002924
0.000561
-0.011110
0.009804
-0.007859
0.005296
-0.008452
0.010401
-0.000264
-0.008956
0.006864
0.002556
-0.007712
0.001702
0.002060
-0.004611
0.004542
-0.004196
0.006388
-0.008960
0.009402
-0.002447
-0.007031
0.013052
-0.015637
0.012887
-0.010152
0.000220
-0.011767
0.068797
-0.108436
0.022513
0.107101
0.129291
-0.834860
1.781471
1.061255
0.612015
0.385306
0.342769
0.288512
0.170337
0.113373
0.084657
0.097531
0.194174
0.211033
0.007986
0.092421
0.167570
0.133554
0.103773
0.078724
0.096887
0.099207
0.112254
0.082076
0.123690
0.061877
0.099315
0.129882
0.059969
0.066734
0.120512
0.108637
0.064141
0.088568
0.064690
0.096939
0.122378
0.044584
0.059970
0.098340
0.103660
0.062527
0.064029
0.084635
0.091225
0.063492
0.081854
0.048976
0.084471
0.069084
0.074641
0.077891
0.053613
0.070765
0.069691
0.073902
0.041914
0.080410
0.049934
0.072515
0.059948
0.047445
0.071540
0.056676
0.070116
0.037421
0.065402
0.061871
0.060233
0.037708
0.079376
0.034223
0.063878
0.048672
0.054927
0.045448
0.052834
0.043937
0.053453
0.048747
0.036445
0.047348
0.052263
0.051341
0.028218
0.051972
0.045381
0.055512
0.035233
0.040067
0.048343
0.036916
0.042454
0.038741
0.037966
0.042587
0.041064
0.037361
0.023583
0.065447
0.013350
0.046408
0.045878
0.036892
0.021093
0.042797
0.038002
0.030099
0.025084
0.044672
0.033608
0.027292
0.035252
0.033327
0.020336
0.058838
0.016153
0.024867
0.036477
0.033240
0.019803
0.030628
0.025298
0.034733
0.033316
0.015179
0.039517
0.021554
0.036774
0.013642
0.023866
0.042502
0.021114
0.014112
0.038081
0.023972
0.022172
0.017127
0.036690
0.014503
0.035706
0.010479
0.026740
0.021381
0.020795
0.024163
0.014248
0.027622
0.028764
0.006692
0.035861
0.008344
0.024278
0.018024
0.020716
0.027659
0.006129
0.024740
0.026390
0.018901
0.014398
0.008892
0.033395
0.022616
0.021683
-0.002126
0.031300
0.021448
0.006024
0.013956
0.019768
0.025016
0.003715
0.010349
0.029012
0.021769
0.006731
0.010047
0.017038
0.020600
0.009799
0.009245
0.026576
0.014877
0.004486
0.018014
0.009052
0.027438
0.001460
0.007698
0.024695
0.010672
0.015781
0.000488
0.018593
0.020179
0.002844
0.007548
0.026812
0.004442
0.009459
0.008378
0.022698
0.004136
0.011414
0.006550
0.023669
0.007113
0.006786
0.005960
0.016012
0.021971
-0.006399
0.008167
0.026908
0.002425
0.004419
0.015969
0.011013
0.006729
0.009535
0.008985
0.020309
0.006339
0.004613
0.010871
0.010033
0.019047
-0.004195
0.008522
0.020287
0.006083
-0.010219
0.023413
0.006471
0.012101
0.004803
-0.002872
0.032867
-0.008436
0.004142
0.011767
0.010602
0.010426
0.003281
-0.004435
0.020038
0.002684
0.005437
0.013964
-0.004705
0.012192
0.010747
0.000789
0.008632
0.010349
0.002853
0.005878
-0.002275
0.021108
0.006343
-0.007997
0.011998
0.011406
-0.001686
0.004295
0.006875
0.013305
0.002915
0.004076
0.007944
0.005843
-0.006022
0.020024
-0.003906
0.021106
-0.020626
0.008774
0.024156
-0.000737
-0.009283
0.018627
-0.001043
0.013186
-0.009387
0.005586
0.011122
0.009276
-0.004194
0.002239
0.000559
0.019874
-0.004106
0.001463
0.013049
-0.002302
-0.000663
0.007760
0.002659
0.010879
-0.005362
0.002744
0.011567
-0.002377
0.007556
-0.003192
0.003628
0.022997
-0.008098
-0.003574
0.006073
0.006406
0.005385
-0.001836
-0.001092
0.013124
-0.008159
0.014144
-0.002449
0.010539
-0.010109
0.008814
0.003637
0.008095
-0.008352
-0.000078
0.019607
-0.008547
0.003573
0.000895
0.008736
-0.002462
0.006942
-0.001957
0.000989
0.002946
0.010940
-0.005242
0.004368
0.008823
-0.001936
-0.002569
0.010674
0.008419
-0.020858
0.009860
0.005830
0.000789
-0.002690
0.003228
0.010852
-0.005979
0.008371
-0.004858
0.001199
0.012770
-0.007884
-0.004420
0.019071
-0.004774
-0.009935
0.014611
-0.004681
0.013290
-0.004604
-0.004449
0.008460
0.003148
-0.006387
0.003627
-0.002158
0.015235
-0.005461
-0.008533
0.025283
-0.013748
-0.003345
0.008793
-0.009182
0.018329
-0.012439
-0.003861
0.012867
0.000944
-0.007745
0.007660
-0.010329
0.024685
-0.021588
0.000007
0.015336
-0.002170
-0.007996
0.017186
-0.013239
0.004724
-0.004729
0.004559
0.010534
-0.011872
0.010725
-0.013807
0.003557
0.008252
-0.001348
-0.013171
0.008478
0.016904
-0.012448
0.002295
-0.006801
0.012129
-0.010930
0.000218
0.003532
0.007004
-0.005275
-0.000215
-0.005099
0.014612
-0.009726
-0.005929
0.015757
-0.007226
-0.002688
0.001355
-0.000355
0.010942
-0.008456
-0.008880
0.009462
0.000297
0.004967
-0.010307
-0.002422
0.012713
-0.006813
-0.009140
0.019642
-0.008231
-0.009107
0.008585
0.002483
-0.007379
-0.004982
0.017776
-0.003308
-0.000933
-0.014035
0.009850
-0.000525
0.003132
-0.004432
-0.008453
0.020454
-0.013546
0.009927
-0.014378
0.010539
-0.000360
-0.002392
-0.012306
0.015049
-0.003952
0.004312
-0.013285
0.006887
0.006322
-0.013426
-0.000360
0.014277
-0.008109
-0.004899
0.005690
0.000109
0.011688
-0.015934
0.003601
0.008588
-0.006670
0.006915
-0.010107
0.009215
-0.000784
-0.007974
-0.003780
0.009264
0.002265
-0.009894
0.012429
-0.007493
0.004326
-0.008494
0.008590
-0.001906
0.006520
-0.004765
-0.010525
0.007032
0.004823
-0.001852
-0.016982
0.023115
0.001380
-0.019140
-0.002586
0.009163
0.008312
-0.011385
0.014387
-0.021383
0.016474
-0.011480
0.006624
-0.008670
0.017987
-0.009884
-0.004024
-0.001262
0.012036
-0.009961
0.000848
-0.002751
0.001615
0.001207
-0.002122
0.004571
-0.005209
-0.003522
0.003315
-0.000774
0.010005
-0.010120
-0.010578
0.026096
-0.015779
0.002387
-0.008193
0.004167
0.006611
-0.003620
-0.008957
0.010446
-0.005293
0.002551
-0.004931
-0.004778
0.020719
-0.021115
0.000893
0.008735
0.004579
-0.018198
0.020688
-0.011125
0.002381
-0.003931
0.007755
0.003867
0.002292
-0.005534
0.001951
-0.001519
0.011694
-0.005987
-0.009118
0.008045
-0.000390
0.000855
-0.002127
0.005791
-0.009445
0.001318
0.001019
0.008777
-0.003345
-0.009225
0.007736
-0.005449
0.013076
-0.007467
-0.001360
0.012185
-0.006159
-0.000029
-0.001336
0.005624
0.002281
-0.008439
0.004528
0.005309
0.000469
-0.003093
0.000336
-0.007066
0.014737
-0.002554
-0.008326
0.014235
-0.001971
-0.007355
0.007127
-0.004206
0.005970
-0.001931
-0.000049
-0.003871
0.006305
-0.004582
-0.000044
-0.002371
0.011919
-0.008016
-0.001569
0.014327
-0.007828
-0.005619
0.000348
0.006752
-0.002982
-0.001419
-0.001456
0.008310
0.002022
-0.011615
0.006843
0.001340
0.004657
-0.009543
-0.006215
0.026364
-0.017763
0.000771
-0.001010
0.008561
-0.001613
-0.004062
0.001006
0.001409
-0.004572
0.010165
-0.008377
-0.001647
0.023176
-0.026483
0.005075
0.005797
0.001900
-0.002495
-0.002337
0.004041
-0.001731
-0.003410
0.000163
0.015246
-0.017448
0.009479
-0.007498
0.000253
0.013435
-0.010899
-0.001977
0.008480
0.003110
-0.003530
-0.002587
0.001069
0.013854
-0.015563
0.003395
0.003337
0.007861
-0.002035
-0.007564
-0.003534
0.023634
-0.018079
-0.002671
0.012757
-0.004479
-0.003053
0.007238
-0.005578
0.003318
0.003243
-0.008384
0.013358
-0.002360
-0.016041
0.014075
-0.009355
0.022658
-0.013068
-0.006090
0.014391
0.001115
-0.002709
-0.006459
0.000189
0.010517
-0.006115
-0.001224
0.006843
0.003663
-0.009145
0.007407
-0.008623
0.011205
-0.003885
-0.001206
0.007111
-0.000594
-0.000472
-0.005492
0.011175
-0.003170
-0.001291
-0.004952
0.006939
0.013960
-0.023424
0.013478
-0.009705
0.020414
-0.014740
0.005627
0.007440
0.001898
-0.011822
0.013258
0.003198
-0.002685
0.002154
-0.004472
0.013548
-0.008207
-0.001781
0.003034
-0.002755
0.019010
-0.016123
-0.010391
0.029045
-0.006040
-0.010565
-0.003673
0.019102
-0.008581
0.005379
-0.009155
0.011293
0.002506
-0.006133
-0.001428
-0.003015
0.016463
-0.007510
-0.012577
0.025317
-0.007265
-0.007512
0.000787
0.013655
-0.010400
0.003590
-0.002915
0.007522
-0.000799
-0.003629
0.001104
0.001505
0.011374
-0.007629
-0.002402
0.003733
0.002804
-0.015721
0.017799
-0.000425
-0.000287
-0.008435
0.012562
-0.007523
0.008702
-0.007178
0.005999
-0.005524
0.016301
-0.017281
-0.001672
0.012175
-0.003466
0.006844
-0.008529
0.002337
0.004919
-0.010731
0.010506
-0.001403
0.004378
-0.006938
0.001495
0.005546
0.002304
-0.002963
-0.003227
0.003299
0.007164
-0.006723
-0.000134
0.003040
0.004176
0.000898
-0.011668
0.012100
-0.004159
0.009689
-0.011098
-0.000847
0.013215
-0.011652
0.004162
0.008072
-0.006071
0.000752
0.005950
-0.012280
0.022214
-0.022177
0.025482
-0.041153
0.059639
-0.054041
0.030104
-0.015024
0.019497
-0.013642
-0.000446
0.009285
-0.003414
0.004867
-0.010265
0.016149
-0.017649
0.022095
-0.013570
0.000303
0.005117
0.002698
-0.006966
0.001374
0.014690
-0.018004
0.010927
-0.007011
0.016823
-0.020543
0.013086
-0.002310
-0.002098
0.008710
-0.009656
0.015054
-0.010328
0.002096
-0.003596
0.003405
0.010952
-0.013592
-0.003088
0.018458
-0.007963
-0.005578
-0.000736
0.018858
-0.009978
-0.000594
-0.004341
0.008779
0.000117
0.000269
-0.005785
0.003266
0.009669
-0.005016
-0.004436
0.009873
-0.008538
0.013249
-0.020760
0.015330
0.001213
0.009861
-0.057568
0.092645
-0.053606
-0.006839
-0.002033
0.003360
0.014200
-0.014071
-0.006966
0.014981
0.000915
-0.014046
0.012797
-0.007410
-0.000715
0.003853
-0.007982
0.009396
-0.009450
0.006411
-0.002185
-0.002443
0.001032
0.005493
-0.013615
0.005579
0.005096
-0.011894
0.000654
0.000111
0.004000
-0.008557
0.006169
-0.005927
0.005318
-0.001813
-0.006233
-0.003155
0.004450
0.003052
-0.018430
0.017846
-0.011677
0.006232
-0.010684
0.008417
-0.002444
-0.010259
0.000083
0.011372
-0.007204
-0.007800
0.008371
-0.005289
0.001197
0.006892
-0.012194
0.013868
0.002110
-0.025511
0.020510
-0.012164
0.014045
-0.031998
0.041763
-0.044590
0.024644
-0.056576
0.226426
-0.496662
0.550682
