-0.161667
0.025981
-0.028890
0.001170
0.002377
0.016411
-0.013102
-0.007130
0.024714
-0.040643
0.065347
-0.051706
0.010574
0.011205
0.000483
-0.001677
0.004312
-0.010977
0.014460
-0.011448
-0.003597
0.027287
-0.023700
0.006449
0.003678
-0.006535
0.007639
-0.001406
-0.002213
0.001680
0.009345
-0.004979
-0.012237
0.004943
0.008284
-0.000712
-0.010784
0.016068
-0.004687
0.005536
-0.005069
0.004798
-0.010568
0.010544
-0.009594
0.018213
-0.031124
0.029997
-0.010190
-0.004607
0.016892
-0.013056
0.008944
-0.003432
-0.003461
-0.011112
0.077217
-0.123751
0.023819
0.137606
0.128872
-0.988463
2.033938
1.175059
0.460069
0.393054
0.262054
0.211911
0.116112
0.053888
0.030376
0.145804
0.093890
0.231144
-0.072716
0.156051
0.108988
0.125744
0.069963
0.067453
0.087540
0.089373
0.096980
0.040612
0.114474
0.037429
0.079006
0.117713
0.040239
0.028534
0.138056
0.074460
0.057148
0.056295
0.064924
0.080729
0.093030
0.018748
0.075772
0.053358
0.072847
0.052236
0.052996
0.051692
0.074335
0.056752
0.037207
0.070776
0.064655
0.038818
0.037243
0.082949
0.037066
0.040382
0.059901
0.050193
0.049167
0.026840
0.066284
0.039141
0.033882
0.046977
0.052214
0.056740
0.033847
0.049845
0.021645
0.063778
0.034914
0.031432
0.033171
0.037038
0.057286
0.022428
0.036351
0.032970
0.053374
0.029737
0.024561
0.041395
0.036720
0.015384
0.047806
0.039373
0.036669
0.012284
0.048696
0.025723
0.025748
0.042071
0.023454
0.044799
0.026745
0.018314
0.056318
0.005451
0.040663
0.019002
0.026076
0.038178
0.003417
0.048112
0.033378
0.006694
0.010516
0.065002
0.002733
0.024589
0.022226
0.023064
0.039062
0.021597
0.021172
0.019670
0.011955
0.048696
-0.001501
0.040067
0.011588
0.025121
0.019997
0.015009
0.011944
0.043140
0.015392
0.004095
0.023904
0.025642
0.016579
-0.000731
0.017310
0.032641
0.009789
-0.000809
0.042268
0.004074
0.009832
0.021619
0.026231
-0.015314
0.031278
0.013718
0.019692
0.011466
0.018478
0.013385
0.024456
0.021736
0.009865
-0.004701
0.032480
0.006932
0.022123
0.004662
0.006285
0.023347
0.021997
-0.015026
0.036918
0.011332
0.011776
0.001404
0.024670
0.012442
0.005305
0.003732
0.030228
-0.000588
0.009057
0.013237
0.027386
-0.021171
0.035663
-0.003786
0.023947
0.011265
0.011291
0.006219
0.005106
0.026017
-0.019716
0.026542
0.026867
-0.005173
0.003750
0.014155
0.000208
0.009886
0.006618
0.008643
0.020822
0.007702
-0.002267
-0.008088
0.027148
0.036934
-0.022394
0.003858
0.031060
0.006874
-0.000458
0.011819
-0.003037
0.013242
0.016142
0.000577
0.002345
0.018423
0.007845
-0.007735
0.018887
0.003831
0.017056
-0.012100
0.013392
0.021552
-0.010035
0.013831
0.012858
-0.005908
0.015723
-0.010548
0.029814
-0.007476
0.000471
0.004252
0.020890
0.007384
-0.013354
0.008492
0.013588
0.004579
0.004047
0.002670
-0.002148
0.024098
-0.009304
0.005987
0.011292
0.006907
0.006141
0.000673
-0.002747
0.028688
-0.028052
0.011436
0.014637
0.004349
-0.012144
0.031847
-0.019548
0.021077
-0.002329
-0.007229
0.021433
-0.007323
0.010136
-0.002385
-0.010258
0.028574
-0.001111
-0.021902
0.038378
-0.015120
-0.014928
0.022441
-0.003364
0.001751
0.013046
-0.006532
0.002893
0.002341
0.017665
-0.006004
-0.006618
0.019729
-0.004893
-0.007010
0.020021
-0.008651
-0.003105
0.009172
0.008023
-0.019573
0.014114
0.003193
0.007344
0.006065
-0.005115
0.002106
0.003869
0.017895
-0.018690
-0.002915
0.022042
0.007744
-0.019123
0.006441
0.021162
-0.014285
0.000967
-0.002412
0.022379
-0.006776
-0.004662
-0.003284
0.023933
-0.009010
-0.004887
0.001343
0.019142
-0.010355
-0.007799
0.023301
-0.011208
0.005257
0.015259
-0.022943
0.018290
0.006165
0.007008
-0.023079
0.008971
0.005243
0.008317
-0.015614
0.015814
0.004244
-0.008033
0.021281
-0.004083
-0.016026
0.007055
0.007063
0.016526
-0.022736
0.006061
-0.000789
0.005945
0.017376
-0.024840
0.002177
0.014830
0.015619
-0.033902
0.016416
-0.017863
0.022139
0.006491
-0.012242
0.010484
-0.004137
0.008909
-0.023221
0.024407
0.003954
-0.004521
-0.015574
0.029561
-0.012649
0.002188
-0.001001
0.000956
0.006225
-0.007965
0.007836
-0.003150
0.001200
0.007978
0.001999
-0.032594
0.042522
-0.018606
-0.014305
0.031366
-0.013880
0.001126
0.000728
0.007137
-0.001070
-0.016203
0.014373
0.011783
-0.011111
0.006143
-0.014582
0.008190
0.007594
-0.021851
0.014506
0.007221
-0.006142
0.002112
0.005570
-0.005195
0.003963
-0.007865
0.003278
0.001478
0.012620
-0.008009
-0.007043
-0.002933
0.027800
-0.028658
0.015044
0.002755
-0.005590
-0.005948
0.024668
-0.018144
-0.009586
0.011751
0.001342
0.016021
-0.025068
0.009023
0.004237
0.010705
-0.003186
-0.013306
0.000365
0.002391
0.004972
-0.000769
0.001827
-0.010755
0.012386
-0.004242
-0.008289
0.011053
0.007966
-0.022518
0.008016
0.001883
0.008653
-0.004757
-0.015564
0.026859
-0.011730
-0.005110
0.000139
0.007085
0.002345
-0.004976
-0.003795
0.003474
-0.001319
0.009264
-0.020291
0.020989
-0.004929
-0.007489
-0.008495
0.027163
-0.014739
-0.002343
0.003652
0.007973
-0.018037
0.006768
0.006650
0.008030
-0.019144
0.004185
0.004124
-0.004925
0.010404
-0.015631
0.010792
0.008180
-0.014856
0.007379
-0.001098
-0.007040
0.016448
-0.019282
0.010323
0.000217
0.014027
-0.024888
0.005743
0.006229
0.003675
-0.004656
-0.006159
0.011565
-0.002494
-0.004046
0.002157
-0.005054
0.014676
-0.014917
0.002763
-0.012024
0.027759
-0.020428
0.019563
-0.026928
0.026468
-0.020972
-0.008512
0.019144
-0.001298
-0.007455
0.008569
0.005699
-0.007076
-0.000257
-0.011018
0.007729
0.009228
-0.003102
0.001946
-0.015335
0.021850
-0.015844
-0.006657
0.015938
0.010307
-0.020312
0.005081
-0.005799
0.016620
-0.014505
-0.006948
0.014084
-0.004825
0.003519
0.003899
-0.018687
0.030649
-0.017746
-0.010119
0.011681
0.004804
-0.009997
0.009961
-0.013666
0.016261
-0.006449
-0.002300
-0.001620
-0.001431
0.009454
-0.003046
-0.009860
0.011081
-0.006142
-0.003333
0.011397
0.001214
-0.018430
0.016570
-0.000740
-0.005327
0.003849
-0.009359
0.009647
0.000308
0.015248
-0.036464
0.022356
0.023545
0.002120
-0.010131
0.018119
-0.010968
0.002870
0.019741
-0.020873
0.000427
0.020400
-0.014611
-0.001761
-0.000910
0.012987
0.002893
-0.011314
0.005879
-0.005953
0.000547
0.018911
-0.006729
-0.006933
0.010757
-0.009050
0.015627
-0.018994
0.010080
0.010920
0.003080
-0.011401
-0.007748
0.005671
0.014763
-0.008782
-0.007886
0.029700
-0.017510
-0.005266
0.017033
-0.016352
0.000370
0.002210
0.003578
0.018176
-0.014447
-0.006500
0.009676
-0.005505
0.011795
-0.003026
-0.017365
0.029722
-0.014663
0.002941
-0.000822
0.010664
-0.016430
0.013020
-0.000107
0.002307
0.004910
-0.018745
0.019607
-0.006364
0.009670
-0.013312
-0.003364
0.027387
-0.022700
0.001749
0.003810
-0.002555
0.014634
-0.000711
-0.015944
0.022588
-0.015773
0.010286
-0.021107
0.015694
0.022842
-0.028147
0.006027
0.006336
0.006160
-0.019174
0.031386
-0.019840
0.010239
-0.016395
0.012869
-0.000142
0.002503
-0.000485
-0.002272
-0.008684
0.036485
-0.028634
-0.014188
0.025035
-0.001323
-0.006451
0.013709
-0.021448
0.018702
-0.009086
0.007266
-0.001622
0.001545
-0.001929
-0.003325
0.013038
-0.001959
-0.006309
-0.007981
0.020320
-0.003182
-0.006603
0.003993
0.007174
-0.018220
0.023272
-0.016135
0.010493
0.006668
-0.007537
-0.002623
-0.002153
0.016456
-0.012573
-0.000453
0.015773
-0.003727
-0.006505
0.004499
-0.006874
0.011617
-0.004838
-0.001603
0.002449
0.011670
-0.013975
0.003549
0.009647
0.004832
-0.015736
0.002315
0.025326
-0.023034
0.007058
-0.001038
0.002493
0.000543
-0.004846
0.013808
-0.002138
-0.006077
0.001836
0.000930
-0.002009
0.020296
-0.010465
-0.000445
0.015140
-0.010925
-0.010350
0.010475
0.000531
0.000947
0.001491
-0.000606
0.024109
-0.031255
0.009748
0.002452
0.008792
0.009737
-0.018310
0.002559
0.008788
-0.002992
-0.010226
0.017834
-0.005062
0.008404
-0.000592
-0.007845
0.009462
0.001839
-0.000016
-0.015726
0.007749
0.031197
-0.028770
-0.004403
0.026277
-0.018624
0.007559
-0.009457
0.033998
-0.038053
0.031681
-0.024394
0.017408
0.001959
-0.010377
0.013124
-0.014752
0.019551
-0.016807
0.008173
-0.006339
0.015012
-0.004831
0.010379
-0.013969
-0.000435
0.005647
0.006661
-0.001801
-0.001283
0.009758
-0.013861
0.007159
0.019340
-0.027865
0.002002
0.025864
-0.015355
0.004226
-0.000714
0.005177
0.003886
-0.017525
0.018809
0.000700
-0.002822
-0.009430
0.016868
-0.004669
0.015096
-0.023985
0.008501
0.008429
0.002210
-0.022981
0.021609
0.010924
-0.006720
-0.001826
-0.004842
0.009265
-0.000204
-0.000986
-0.003273
0.001189
0.023396
-0.019824
-0.004271
0.021833
-0.013444
0.004145
0.004737
-0.019469
0.033199
-0.032986
0.027896
-0.015819
0.030808
-0.031693
0.003714
0.011002
0.013522
-0.017344
-0.010711
0.036690
-0.027596
0.008402
0.008402
0.009535
-0.026212
0.011864
-0.001745
0.005814
0.003948
0.000492
-0.005903
0.004538
0.013999
-0.014990
0.003322
0.006598
0.007157
-0.008809
0.004912
-0.007424
0.007966
0.000555
0.002873
0.000829
0.005055
-0.019549
0.028702
-0.024000
0.027134
-0.017459
0.003671
0.016735
-0.003233
-0.015256
0.017591
-0.012873
0.021465
-0.024038
0.014141
0.000082
0.005060
-0.001282
-0.006636
0.005106
0.012725
-0.005328
-0.010541
0.013082
-0.002877
0.006096
-0.009574
0.013759
-0.009193
0.031030
-0.094398
0.148796
-0.095664
0.005779
0.003240
-0.004916
0.016990
-0.006612
0.000911
-0.009533
0.029229
-0.045039
0.050498
-0.039713
0.020693
-0.005575
0.003516
-0.006330
-0.003572
0.015970
-0.010860
0.001459
-0.009076
0.030778
-0.038583
0.026575
-0.015672
0.012791
-0.007568
0.000066
-0.001064
0.000184
-0.003036
0.008678
-0.009631
0.016973
-0.022261
0.012702
-0.006095
0.005638
-0.011285
0.017031
-0.014353
0.007717
-0.008330
0.003989
0.000132
0.017140
-0.018267
0.002436
0.011655
-0.011165
0.006265
-0.000211
0.000183
-0.009878
0.006045
-0.000333
0.005905
-0.020146
0.016725
-0.010525
0.002412
-0.001817
0.014303
-0.026706
0.024034
-0.043468
0.176168
-0.386887
0.423992
