-0.280924
0.057302
-0.068337
0.007628
0.027163
-0.003292
-0.025615
-0.001900
0.026631
-0.040985
0.065960
-0.053446
-0.003885
0.014589
-0.002860
0.000583
-0.009617
0.000511
-0.002804
0.022345
-0.043409
0.039116
-0.032095
0.011311
0.004434
-0.004827
-0.015951
0.011786
0.003416
-0.011321
-0.004705
0.007407
-0.000425
-0.003663
-0.001386
-0.008846
-0.004666
0.009998
-0.000429
-0.011271
0.013955
-0.030531
0.026688
-0.021002
0.003073
0.009268
-0.014527
0.004396
0.001108
-0.018186
0.022592
-0.024595
0.021057
-0.011906
-0.031413
0.028391
0.070535
-0.161331
-0.010157
0.353722
-0.141620
-1.073230
2.359325
1.370609
0.783575
0.298876
0.387427
0.452777
0.130432
-0.007644
0.146415
0.188040
0.147795
0.187641
0.106173
0.061241
0.151681
0.197679
0.085143
0.075074
0.131916
0.088304
0.107770
0.082704
0.127815
0.057538
0.095140
0.143840
0.057148
0.085262
0.108546
0.126352
0.062249
0.077638
0.077705
0.098625
0.110978
0.041166
0.089526
0.087984
0.087137
0.065032
0.079251
0.055632
0.098714
0.060560
0.066574
0.068191
0.084969
0.046337
0.052528
0.104505
0.042138
0.067532
0.071241
0.051763
0.078724
0.057823
0.048111
0.061693
0.070567
0.026089
0.088433
0.042283
0.064032
0.044677
0.055583
0.058320
0.047576
0.047308
0.082315
0.030784
0.052850
0.048322
0.057198
0.038009
0.061877
0.020893
0.081546
0.022263
0.070236
0.005044
0.065107
0.047737
0.049796
0.022488
0.056145
0.041858
0.037884
0.033338
0.038187
0.044006
0.056560
0.026863
0.027493
0.053830
0.042902
0.027414
0.034918
0.043077
0.038437
0.011964
0.053867
0.027551
0.019112
0.057207
0.024572
0.023391
0.043314
0.013025
0.051468
0.026356
0.025396
0.040965
0.026225
0.038615
0.011428
0.033368
0.030716
0.033875
0.021314
0.024938
0.028722
0.023466
0.018346
0.031554
0.030174
0.016840
0.035272
0.008818
0.021535
0.060377
-0.015953
0.025863
0.030665
0.029442
0.007038
0.022617
0.035831
0.015317
0.017623
0.019897
0.027015
0.015983
0.024065
0.001261
0.030184
0.023792
0.010161
-0.001212
0.051516
0.018616
0.009496
0.007174
0.029402
0.028125
-0.015671
0.032067
0.022733
0.009523
0.011496
0.021452
0.019434
0.015539
0.025690
-0.009531
0.037699
0.003014
0.025790
-0.005261
0.032082
0.013305
0.004388
0.011377
0.032397
0.012780
-0.004949
0.012778
0.020356
0.024717
-0.004036
0.000747
0.029881
0.014254
0.001603
0.013924
0.012455
0.008840
0.021882
-0.008897
0.029631
0.001051
0.021815
-0.002298
0.010708
0.030980
-0.004796
0.007464
0.012627
0.017030
0.010281
0.002233
0.016793
0.002416
0.011555
0.015940
-0.000913
0.024497
0.003823
0.001655
0.005294
0.022617
0.000625
-0.000124
0.020176
0.010476
-0.014920
0.023906
0.004583
0.019480
-0.010729
0.013662
0.009186
0.013578
0.013536
-0.019954
0.017570
0.021161
0.003182
-0.018096
0.018254
0.012371
-0.003288
0.016088
-0.012389
0.027167
-0.010334
0.010507
0.018227
-0.007063
0.020286
-0.021476
0.017394
0.014820
-0.000911
-0.010135
0.017115
0.017856
-0.023728
0.013947
0.014284
-0.000944
-0.009426
0.009114
0.017955
0.002052
-0.002455
-0.010339
0.014289
0.021093
-0.017849
-0.003458
0.024745
0.004388
-0.012193
0.007119
0.021132
-0.007487
-0.003709
0.010983
-0.006968
0.018289
-0.006063
0.005887
0.002280
0.009235
-0.012509
0.005453
0.023042
-0.011588
-0.001499
0.002335
0.016550
-0.013586
0.008766
-0.006401
0.013319
0.006885
-0.017099
0.010558
-0.002070
0.017562
-0.011167
-0.009941
0.029565
-0.008220
0.002461
-0.009883
0.011556
0.003437
0.003313
-0.017828
0.022010
0.003963
-0.004986
-0.006780
0.011665
0.002579
-0.003949
0.002064
0.016851
-0.008915
-0.010388
0.015476
-0.003488
0.018180
-0.022188
0.011666
0.009473
0.005113
-0.011157
0.001844
-0.004017
0.026153
-0.021456
-0.007677
0.019401
-0.010319
0.001999
0.003278
0.000608
-0.003633
0.004364
-0.005053
0.012221
-0.011370
0.012282
-0.011535
0.003456
0.012944
-0.016084
-0.005718
0.024004
-0.001236
-0.029059
0.023013
-0.008785
0.023317
-0.034550
0.020167
-0.000637
0.011740
-0.008383
-0.012965
0.016598
0.001200
-0.000854
-0.012260
0.009186
0.009833
-0.004164
-0.004980
-0.006440
-0.005695
0.015812
0.007025
-0.020076
0.018176
-0.004757
-0.016152
0.014873
-0.004497
0.003329
-0.016314
0.022442
0.001623
-0.026067
0.008508
0.017246
-0.013009
-0.005163
-0.005355
0.020555
-0.013688
0.004197
-0.011385
0.013909
0.005163
-0.011890
-0.017784
0.024975
-0.005874
-0.010356
0.005483
0.001256
-0.001427
-0.012925
0.009205
0.001579
0.006823
-0.010322
0.010473
-0.019592
0.026870
-0.030559
0.010985
0.001426
0.012851
-0.028694
0.025444
-0.020389
0.018196
-0.016673
0.003770
0.009634
-0.008176
-0.003386
-0.007496
-0.009770
0.040651
-0.027798
-0.011303
0.027157
-0.012622
-0.008193
-0.001878
0.015345
-0.014381
-0.004509
-0.003788
0.016731
-0.005250
0.001209
-0.015072
0.006336
0.015555
-0.022326
0.000812
0.017956
-0.016354
-0.000640
-0.001402
0.010453
-0.010081
-0.003469
0.004307
-0.001210
-0.006208
0.001676
-0.001415
-0.007338
0.018435
-0.018943
-0.003493
0.021054
-0.017302
-0.000668
-0.005164
0.013348
-0.012834
0.002173
-0.004431
0.015238
-0.011454
-0.014747
0.006550
-0.004250
0.014764
-0.014906
-0.002334
0.014432
0.003816
-0.026823
0.020713
-0.013650
0.006761
-0.010777
-0.004069
0.009793
0.001744
-0.004560
-0.018361
0.013549
0.003770
-0.003872
-0.009812
0.003989
0.005741
-0.009273
0.001566
-0.006071
0.013359
-0.015184
0.002351
0.005630
-0.001129
-0.011227
-0.003562
0.009194
0.009958
-0.036744
0.013123
0.006460
0.018799
-0.027616
-0.008350
0.018000
-0.004320
-0.005077
-0.007165
0.002111
0.009302
-0.012654
-0.003303
0.014069
-0.009940
-0.003106
-0.005733
0.020207
-0.017113
-0.005091
-0.003117
0.013325
-0.007731
-0.008821
0.014451
-0.008698
0.005020
-0.011949
0.003065
0.001176
0.004288
-0.009739
-0.010482
0.017131
0.000886
-0.009360
-0.017246
0.013274
0.014465
-0.016754
-0.007854
0.006911
0.010208
-0.020208
0.000515
0.004591
0.021040
-0.022225
0.003060
-0.006724
0.004488
-0.001610
-0.003151
-0.009809
0.011457
-0.003208
-0.009070
0.006622
0.005470
0.001588
-0.022930
0.004430
0.016340
-0.007656
-0.001404
0.022893
-0.001687
-0.021468
0.020169
-0.009179
0.000403
0.005647
-0.005780
0.008434
-0.010161
0.007636
-0.008311
0.004943
-0.000722
-0.003972
-0.006681
0.017056
0.012610
-0.043371
0.014939
0.015705
-0.005004
-0.028787
0.025584
0.004202
-0.003155
-0.007879
-0.007024
0.012984
0.003974
-0.015479
0.008198
0.006669
-0.008370
-0.000994
0.000319
0.002663
0.001934
-0.024351
0.026045
0.002566
-0.007572
-0.011668
0.000587
0.017400
-0.001425
-0.013542
-0.003954
0.022597
-0.017407
-0.002782
0.006378
0.007824
-0.011685
0.000447
0.001034
0.002872
-0.004940
0.004997
-0.016197
0.010831
0.016108
-0.014539
-0.009921
0.021082
-0.017866
0.015995
-0.021140
0.013823
-0.005171
0.008958
-0.021798
0.021002
-0.010577
0.001391
-0.009540
0.012537
0.000300
-0.017899
0.009975
0.013412
-0.007013
-0.013855
0.008098
-0.004669
0.002780
-0.004290
-0.005690
0.016246
-0.002715
-0.002494
-0.012174
0.007437
0.020441
-0.021724
-0.007092
0.024242
-0.012671
-0.008913
-0.007199
0.019664
-0.009801
-0.003793
-0.003213
0.015932
-0.004526
0.004185
-0.028179
0.022868
0.004514
-0.014528
-0.006797
0.022122
-0.001359
-0.018985
0.004586
0.000947
0.006127
-0.011953
0.006589
0.003293
0.003337
-0.010871
-0.009437
0.020475
-0.003350
-0.012860
0.000508
0.013355
-0.001486
-0.010643
0.005367
-0.011477
0.023249
-0.023469
0.010560
-0.002640
0.011414
-0.016682
0.001206
0.002958
0.009349
-0.011892
-0.003741
0.015339
-0.005590
-0.005454
-0.003335
0.014114
-0.009229
-0.004967
-0.002918
0.011555
0.005266
-0.017022
-0.001164
0.008604
0.015871
-0.002012
-0.033682
0.036218
-0.010286
-0.007174
-0.002975
0.015251
-0.009203
-0.000014
-0.001042
0.006679
-0.001087
-0.005312
-0.008441
0.013940
0.008463
-0.021616
0.005026
0.011331
-0.004427
-0.009130
0.007785
0.003618
-0.001178
-0.001838
-0.007381
0.005779
0.003440
-0.002778
-0.003838
-0.009606
0.030183
-0.024558
-0.008491
0.028717
-0.016358
-0.001985
-0.001294
0.009892
-0.008938
0.003212
-0.008771
0.020083
-0.010309
-0.004982
-0.005646
0.009731
0.014271
-0.022655
-0.001447
0.018171
-0.003530
-0.004707
-0.012186
0.004176
0.021709
-0.024697
0.004261
0.001473
0.003983
0.003554
-0.010347
-0.002961
0.012467
-0.010777
-0.003231
0.018191
-0.010351
-0.003622
0.000351
0.002627
0.002304
-0.007828
0.005103
-0.002444
0.017567
-0.024561
0.005522
-0.003255
0.007839
0.003590
-0.026605
0.031706
-0.012458
0.000658
-0.008215
0.009614
0.001119
-0.012250
0.005770
0.002854
0.003992
-0.017790
0.009678
-0.003328
0.013379
-0.014580
-0.006173
0.022231
-0.010333
-0.008297
0.006816
0.001086
0.002830
-0.015529
0.027256
-0.045805
0.065463
-0.068445
0.038993
-0.012960
0.015540
-0.028285
0.023216
-0.007418
0.003218
-0.003055
-0.012634
0.022116
-0.013234
0.006350
-0.015316
0.007207
0.008735
-0.007162
-0.010849
0.016119
-0.001813
-0.005836
-0.009687
0.016679
-0.007046
-0.007706
0.012193
-0.002049
-0.012461
0.017774
-0.025548
0.025129
-0.016343
0.006152
-0.013904
0.014763
0.006479
-0.008897
-0.014689
0.018878
-0.001052
-0.008547
-0.004760
0.007904
-0.004353
0.011404
-0.006908
-0.012373
0.014938
-0.004827
-0.008555
0.004183
0.014577
-0.024977
0.009616
0.010839
-0.001832
-0.009207
-0.016315
0.023746
0.002475
-0.010789
-0.058345
0.130971
-0.096011
0.007356
-0.015795
0.001747
0.037716
-0.045838
0.010357
0.001518
0.015372
-0.018700
0.012125
-0.017952
-0.000942
0.004699
-0.005494
0.001379
0.000558
-0.011822
0.004436
-0.003399
-0.006577
0.013382
-0.025391
0.024085
-0.007596
-0.022100
0.016910
-0.016020
0.008123
-0.010700
0.006051
-0.009792
0.000425
-0.001905
-0.003320
-0.003312
0.000468
0.002121
-0.015000
0.009934
-0.012055
-0.000631
0.002003
0.006554
-0.020884
-0.000270
0.013250
0.000164
0.001445
-0.030670
0.020557
0.008134
-0.014569
-0.008392
-0.003424
0.010723
-0.010673
-0.009643
0.003485
0.003740
-0.005062
-0.018292
0.034264
-0.062228
0.053249
-0.078179
0.256662
-0.599516
0.681576
