0.001242
0.001098
0.000883
0.000636
0.000397
0.000196
0.000047
-0.000048
-0.000102
-0.000130
-0.000148
-0.000167
-0.000190
-0.000218
-0.000246
-0.000268
-0.000280
-0.000279
-0.000267
-0.000245
-0.000220
-0.000195
-0.000176
-0.000164
-0.000160
-0.000166
-0.000178
-0.000196
-0.000217
-0.000237
-0.000255
-0.000269
-0.000275
-0.000274
-0.000265
-0.000251
-0.000231
-0.000208
-0.000186
-0.000165
-0.000147
-0.000134
-0.000123
-0.000108
-0.000077
-0.000001
0.000168
0.000521
0.001204
0.002451
0.004603
0.008123
0.013587
0.021638
0.032880
0.047736
0.066265
0.087999
0.111841
0.136096
0.158645
0.177268
0.190045
0.195729
0.194007
0.185548
0.171848
0.154900
0.136798
0.119370
0.103936
0.091203
0.081321
0.074024
0.068808
0.065102
0.062388
0.060264
0.058463
0.056829
0.055291
0.053825
0.052432
0.051118
0.049887
0.048741
0.047680
0.046700
0.045796
0.044961
0.044187
0.043465
0.042783
0.042130
0.041494
0.040866
0.040237
0.039604
0.038966
0.038328
0.037697
0.037080
0.036482
0.035908
0.035360
0.034837
0.034334
0.033848
0.033373
0.032903
0.032433
0.031961
0.031483
0.031000
0.030514
0.030026
0.029540
0.029057
0.028582
0.028117
0.027668
0.027237
0.026831
0.026452
0.026101
0.025778
0.025479
0.025200
0.024938
0.024688
0.024447
0.024214
0.023986
0.023761
0.023537
0.023312
0.023083
0.022845
0.022597
0.022335
0.022056
0.021758
0.021439
0.021100
0.020743
0.020371
0.019991
0.019613
0.019246
0.018900
0.018584
0.018302
0.018057
0.017844
0.017658
0.017487
0.017320
0.017146
0.016957
0.016751
0.016527
0.016289
0.016044
0.015798
0.015556
0.015323
0.015100
0.014885
0.014677
0.014473
0.014269
0.014062
0.013853
0.013641
0.013427
0.013213
0.013001
0.012794
0.012591
0.012393
0.012198
0.012004
0.011808
0.011609
0.011409
0.011211
0.011018
0.010838
0.010674
0.010527
0.010397
0.010279
0.010165
0.010046
0.009912
0.009758
0.009582
0.009386
0.009179
0.008970
0.008771
0.008588
0.008428
0.008289
0.008165
0.008051
0.007936
0.007814
0.007683
0.007543
0.007399
0.007256
0.007121
0.006997
0.006888
0.006792
0.006708
0.006634
0.006568
0.006507
0.006452
0.006401
0.006352
0.006304
0.006254
0.006198
0.006135
0.006063
0.005984
0.005897
0.005806
0.005714
0.005620
0.005527
0.005434
0.005342
0.005252
0.005164
0.005081
0.005003
0.004930
0.004860
0.004790
0.004715
0.004631
0.004536
0.004429
0.004312
0.004191
0.004071
0.003958
0.003854
0.003760
0.003675
0.003596
0.003518
0.003437
0.003350
0.003256
0.003157
0.003055
0.002958
0.002871
0.002800
0.002747
0.002714
0.002696
0.002689
0.002683
0.002671
0.002648
0.002613
0.002568
0.002519
0.002473
0.002439
0.002421
0.002421
0.002436
0.002462
0.002489
0.002508
0.002510
0.002488
0.002440
0.002366
0.002271
0.002163
0.002052
0.001948
0.001858
0.001787
0.001733
0.001693
0.001659
0.001626
0.001585
0.001534
0.001473
0.001405
0.001332
0.001259
0.001188
0.001123
0.001063
0.001008
0.000959
0.000915
0.000878
0.000847
0.000822
0.000801
0.000782
0.000762
0.000739
0.000711
0.000680
0.000646
0.000615
0.000590
0.000576
0.000575
0.000587
0.000608
0.000634
0.000658
0.000671
0.000669
0.000644
0.000597
0.000529
0.000446
0.000355
0.000266
0.000185
0.000120
0.000073
0.000044
0.000029
0.000024
0.000022
0.000018
0.000006
-0.000017
-0.000050
-0.000095
-0.000148
-0.000208
-0.000271
-0.000336
-0.000399
-0.000460
-0.000514
-0.000560
-0.000594
-0.000614
-0.000620
-0.000613
-0.000596
-0.000574
-0.000553
-0.000539
-0.000537
-0.000549
-0.000576
-0.000614
-0.000658
-0.000702
-0.000737
-0.000756
-0.000753
-0.000726
-0.000677
-0.000613
-0.000543
-0.000478
-0.000429
-0.000405
-0.000411
-0.000448
-0.000512
-0.000597
-0.000695
-0.000796
-0.000891
-0.000971
-0.001031
-0.001067
-0.001079
-0.001072
-0.001051
-0.001025
-0.001000
-0.000979
-0.000966
-0.000957
-0.000950
-0.000940
-0.000925
-0.000903
-0.000873
-0.000839
-0.000803
-0.000769
-0.000742
-0.000725
-0.000722
-0.000737
-0.000768
-0.000817
-0.000878
-0.000947
-0.001017
-0.001084
-0.001142
-0.001190
-0.001226
-0.001251
-0.001268
-0.001278
-0.001283
-0.001283
-0.001279
-0.001271
-0.001262
-0.001251
-0.001242
-0.001236
-0.001235
-0.001239
-0.001250
-0.001266
-0.001287
-0.001311
-0.001335
-0.001356
-0.001371
-0.001379
-0.001380
-0.001374
-0.001366
-0.001359
-0.001360
-0.001373
-0.001400
-0.001440
-0.001489
-0.001542
-0.001590
-0.001627
-0.001648
-0.001652
-0.001640
-0.001617
-0.001588
-0.001559
-0.001534
-0.001513
-0.001495
-0.001479
-0.001461
-0.001442
-0.001420
-0.001400
-0.001385
-0.001379
-0.001384
-0.001403
-0.001434
-0.001475
-0.001523
-0.001573
-0.001622
-0.001666
-0.001704
-0.001734
-0.001757
-0.001774
-0.001784
-0.001789
-0.001788
-0.001781
-0.001769
-0.001755
-0.001741
-0.001731
-0.001731
-0.001743
-0.001768
-0.001805
-0.001850
-0.001898
-0.001943
-0.001981
-0.002010
-0.002028
-0.002037
-0.002037
-0.002030
-0.002016
-0.001997
-0.001973
-0.001948
-0.001925
-0.001905
-0.001891
-0.001885
-0.001885
-0.001891
-0.001899
-0.001905
-0.001905
-0.001897
-0.001880
-0.001855
-0.001825
-0.001793
-0.001762
-0.001736
-0.001714
-0.001698
-0.001687
-0.001681
-0.001681
-0.001687
-0.001700
-0.001719
-0.001744
-0.001772
-0.001801
-0.001827
-0.001850
-0.001867
-0.001880
-0.001892
-0.001903
-0.001917
-0.001934
-0.001952
-0.001970
-0.001985
-0.001995
-0.001997
-0.001991
-0.001976
-0.001953
-0.001927
-0.001901
-0.001880
-0.001866
-0.001864
-0.001874
-0.001895
-0.001924
-0.001956
-0.001987
-0.002013
-0.002032
-0.002042
-0.002046
-0.002043
-0.002037
-0.002027
-0.002013
-0.001997
-0.001976
-0.001953
-0.001928
-0.001904
-0.001883
-0.001869
-0.001864
-0.001868
-0.001881
-0.001900
-0.001923
-0.001947
-0.001970
-0.001990
-0.002007
-0.002019
-0.002025
-0.002025
-0.002018
-0.002007
-0.001992
-0.001975
-0.001959
-0.001946
-0.001934
-0.001922
-0.001908
-0.001888
-0.001861
-0.001828
-0.001791
-0.001754
-0.001723
-0.001702
-0.001693
-0.001700
-0.001719
-0.001751
-0.001790
-0.001832
-0.001872
-0.001904
-0.001923
-0.001929
-0.001919
-0.001897
-0.001865
-0.001827
-0.001790
-0.001755
-0.001727
-0.001707
-0.001696
-0.001695
-0.001703
-0.001719
-0.001740
-0.001765
-0.001788
-0.001808
-0.001820
-0.001823
-0.001817
-0.001803
-0.001783
-0.001759
-0.001734
-0.001709
-0.001683
-0.001657
-0.001629
-0.001600
-0.001570
-0.001543
-0.001520
-0.001503
-0.001494
-0.001493
-0.001499
-0.001510
-0.001522
-0.001535
-0.001547
-0.001557
-0.001567
-0.001576
-0.001584
-0.001592
-0.001599
-0.001604
-0.001607
-0.001606
-0.001602
-0.001593
-0.001581
-0.001568
-0.001555
-0.001545
-0.001542
-0.001548
-0.001562
-0.001583
-0.001609
-0.001634
-0.001655
-0.001669
-0.001672
-0.001666
-0.001651
-0.001628
-0.001600
-0.001568
-0.001533
-0.001498
-0.001464
-0.001435
-0.001411
-0.001396
-0.001389
-0.001390
-0.001397
-0.001408
-0.001420
-0.001430
-0.001438
-0.001442
-0.001440
-0.001432
-0.001416
-0.001393
-0.001365
-0.001336
-0.001311
-0.001295
-0.001291
-0.001301
-0.001323
-0.001353
-0.001383
-0.001406
-0.001415
-0.001406
-0.001376
-0.001330
-0.001272
-0.001209
-0.001150
-0.001102
-0.001070
-0.001058
-0.001065
-0.001091
-0.001130
-0.001177
-0.001227
-0.001274
-0.001310
-0.001332
-0.001334
-0.001314
-0.001273
-0.001213
-0.001141
-0.001065
-0.000994
-0.000938
-0.000903
-0.000895
-0.000913
-0.000954
-0.001009
-0.001069
-0.001121
-0.001155
-0.001166
-0.001153
-0.001119
-0.001074
-0.001028
-0.000991
-0.000968
-0.000961
-0.000967
-0.000979
-0.000988
-0.000987
-0.000972
-0.000945
-0.000909
-0.000872
-0.000841
-0.000823
-0.000819
-0.000829
-0.000850
-0.000874
-0.000895
-0.000909
-0.000914
-0.000910
-0.000900
-0.000890
-0.000883
-0.000884
-0.000894
-0.000913
-0.000936
-0.000958
-0.000974
-0.000979
-0.000972
-0.000951
-0.000920
-0.000881
-0.000840
-0.000802
-0.000773
-0.000756
-0.000753
-0.000762
-0.000782
-0.000806
-0.000828
-0.000843
-0.000847
-0.000838
-0.000818
-0.000790
-0.000757
-0.000723
-0.000687
-0.000652
-0.000617
-0.000582
-0.000551
-0.000526
-0.000511
-0.000508
-0.000518
-0.000540
-0.000570
-0.000601
-0.000627
-0.000644
-0.000647
-0.000632
-0.000601
-0.000553
-0.000493
-0.000425
-0.000355
-0.000290
-0.000237
-0.000202
-0.000187
-0.000193
-0.000221
-0.000264
-0.000318
-0.000375
-0.000427
-0.000469
-0.000497
-0.000511
-0.000514
-0.000508
-0.000500
-0.000492
-0.000485
-0.000480
-0.000474
-0.000464
-0.000447
-0.000422
-0.000390
-0.000355
-0.000322
-0.000297
-0.000285
-0.000287
-0.000302
-0.000328
-0.000359
-0.000389
-0.000412
-0.000427
-0.000433
-0.000429
-0.000420
-0.000406
-0.000389
-0.000371
-0.000351
-0.000330
-0.000311
-0.000294
-0.000283
-0.000281
-0.000289
-0.000305
-0.000329
-0.000356
-0.000379
-0.000396
-0.000403
-0.000398
-0.000384
-0.000365
-0.000348
-0.000337
-0.000338
-0.000354
-0.000385
-0.000428
-0.000480
-0.000533
-0.000580
-0.000616
-0.000635
-0.000635
-0.000616
-0.000579
-0.000529
-0.000471
-0.000411
-0.000352
-0.000301
-0.000260
-0.000232
-0.000216
-0.000214
-0.000223
-0.000240
-0.000263
-0.000289
-0.000315
-0.000340
-0.000365
-0.000388
-0.000411
-0.000433
-0.000452
-0.000468
-0.000477
-0.000477
-0.000468
-0.000447
-0.000418
-0.000382
-0.000343
-0.000306
-0.000273
-0.000247
-0.000229
-0.000219
-0.000216
-0.000219
-0.000226
-0.000237
-0.000250
-0.000266
-0.000283
-0.000300
-0.000316
-0.000327
-0.000333
-0.000330
-0.000320
-0.000301
-0.000276
-0.000249
-0.000223
-0.000203
-0.000193
-0.000193
-0.000204
-0.000224
-0.000250
-0.000278
-0.000306
-0.000335
-0.000364
-0.000397
-0.000438
-0.000490
-0.000552
-0.000624
-0.000699
-0.000771
-0.000830
-0.000869
-0.000883
-0.000870
-0.000835
-0.000783
-0.000725
-0.000670
-0.000628
-0.000606
-0.000608
-0.000633
-0.000678
-0.000735
-0.000794
-0.000846
-0.000880
-0.000892
-0.000878
-0.000842
-0.000791
-0.000733
-0.000679
-0.000638
-0.000617
-0.000617
-0.000639
-0.000680
-0.000732
-0.000789
-0.000843
-0.000889
-0.000922
-0.000942
-0.000952
-0.000955
-0.000956
-0.000959
-0.000966
-0.000978
-0.000995
-0.001015
-0.001037
-0.001061
-0.001085
-0.001108
-0.001127
-0.001141
-0.001149
-0.001151
-0.001148
-0.001142
-0.001136
-0.001132
-0.001132
-0.001134
-0.001135
-0.001129
-0.001104
-0.001050
-0.000952
-0.000800
-0.000584
-0.000306
0.000021
0.000373
0.000713
0.001000
0.001198
0.001280
