-0.354743
0.080227
-0.082517
0.003604
0.032376
-0.011291
-0.040003
0.001837
0.046199
-0.071702
0.076696
-0.064019
-0.010826
0.024500
-0.012409
-0.000112
-0.021951
-0.006000
0.018837
-0.007326
-0.034116
0.034867
-0.036518
0.001266
0.025148
-0.050166
0.021538
-0.005216
-0.007236
-0.002022
-0.010318
-0.007321
0.004793
-0.011265
-0.013326
0.025840
-0.048388
0.031436
-0.036132
0.021033
-0.018529
0.002266
-0.002563
-0.008232
-0.024470
0.020600
-0.032590
0.026306
-0.016239
-0.019275
0.012871
-0.018562
-0.009173
0.028485
-0.044038
-0.013854
0.117504
-0.178373
-0.056599
0.345520
0.090404
-1.467261
2.276336
2.148478
0.935380
0.308837
0.179661
0.387185
0.148601
-0.033569
0.083189
0.188483
0.149615
0.241477
0.144603
0.038933
0.155031
0.225989
0.111145
0.090438
0.128702
0.075522
0.129266
0.077050
0.161719
0.063421
0.061949
0.186271
0.038225
0.061862
0.126698
0.132958
0.051476
0.093432
0.066933
0.102448
0.098530
0.098080
0.024733
0.095445
0.095423
0.089908
0.063088
0.058876
0.099292
0.093300
0.059213
0.061539
0.071541
0.073875
0.068510
0.063572
0.069948
0.051405
0.086099
0.030953
0.105876
0.024496
0.083539
0.033769
0.106216
0.008580
0.087143
0.033354
0.058661
0.046572
0.045740
0.060468
0.070407
0.019252
0.085396
0.026665
0.058066
0.067404
0.035741
0.049548
0.063229
0.030146
0.070083
0.040041
0.030130
0.045720
0.045710
0.066949
0.023369
0.040054
0.063000
0.036589
0.025638
0.036240
0.048160
0.031738
0.030137
0.028481
0.048643
0.033680
0.058207
0.012699
0.033195
0.057036
0.019673
0.024197
0.042882
0.020415
0.049174
0.019388
0.034512
0.030710
0.019831
0.034530
0.035756
0.037353
0.008025
0.030354
0.014763
0.064132
-0.008113
0.037904
0.027849
0.048153
-0.017255
0.044552
0.009510
0.042562
0.022297
0.007945
0.038098
0.013133
0.038412
0.005836
0.020122
0.041931
0.031851
-0.010374
0.034842
0.036566
-0.011870
0.047563
0.008212
0.016147
0.007923
0.028210
0.022124
0.022597
-0.005783
0.022481
0.020955
0.026482
-0.006490
0.008859
0.037629
0.013924
0.001598
0.009637
0.034788
-0.007828
0.005143
0.031863
0.015739
0.015930
-0.015991
0.017563
0.017507
0.037191
-0.011403
-0.007840
0.052921
0.014339
-0.012309
0.022382
0.002557
0.035378
-0.017029
0.007751
0.016541
0.022918
0.016656
0.003432
0.016963
0.048852
-0.020792
-0.000035
0.045173
-0.022461
0.028014
-0.005382
0.014551
0.012578
0.027900
-0.021039
0.048364
-0.021563
0.011618
0.000496
0.023801
0.007103
0.019805
-0.028489
0.048141
-0.016001
0.026791
-0.014906
0.035845
-0.022437
0.032116
-0.028222
0.037099
-0.012547
0.020013
-0.003233
0.008410
0.019760
-0.020744
0.035030
-0.004817
0.015322
-0.027989
0.044199
-0.038810
0.032103
-0.010241
0.005870
0.015672
0.024179
-0.040029
0.035679
-0.000770
0.022089
-0.032533
0.010268
0.037326
-0.008198
-0.019665
0.005092
0.018343
-0.001700
0.000862
0.003993
0.007821
-0.008161
0.021206
0.004275
-0.007713
0.018609
-0.012133
-0.002641
0.027479
-0.001459
-0.017107
0.001650
0.007571
0.032402
-0.033860
-0.001953
0.018490
0.017198
-0.024687
-0.001463
0.010854
0.024481
-0.007485
-0.022366
0.041106
-0.011084
-0.026739
0.029825
0.000997
0.003431
-0.005951
0.004508
0.003902
0.007796
-0.013825
-0.004793
0.023829
-0.002781
-0.004963
-0.018475
0.016452
0.007948
-0.003244
-0.009659
0.008210
0.009342
-0.004992
-0.018924
0.015509
0.000674
-0.010601
0.020817
-0.043271
0.046257
-0.012123
-0.027519
0.027293
-0.015500
0.013267
0.002597
-0.011576
-0.012012
0.015102
0.003301
-0.010098
0.012553
-0.020929
0.008106
-0.009324
0.027233
-0.039172
0.005578
0.011915
0.019110
-0.042695
0.014799
0.004921
0.003763
-0.019701
-0.004286
0.016338
0.012773
-0.010211
-0.026742
-0.003242
0.032719
-0.000906
-0.051388
0.051055
-0.027194
0.006360
-0.010854
0.010445
-0.014824
0.011737
-0.025840
0.013306
0.003682
-0.008964
-0.020035
0.024304
0.005410
-0.016076
-0.015047
0.010434
0.011843
-0.016747
0.002707
-0.018720
0.017435
-0.019220
0.016862
-0.014459
0.000860
-0.003059
-0.008145
0.005080
0.009948
-0.009875
-0.019551
0.008496
0.011368
-0.013996
0.005585
-0.015115
-0.006653
0.007596
-0.035002
0.041948
-0.008189
-0.014282
-0.009226
-0.001660
0.020358
-0.002496
-0.047664
0.040911
-0.012170
-0.002961
-0.018964
0.011068
0.026971
-0.011797
-0.000741
0.003717
-0.001548
-0.004711
-0.012395
0.000585
-0.000340
0.004547
-0.016642
0.029770
-0.027517
-0.013374
0.027865
-0.011743
0.006744
-0.014665
-0.005195
0.002689
0.001568
-0.010565
-0.001307
-0.015383
0.024039
0.007128
-0.032959
0.010461
0.007417
-0.009735
0.000312
-0.015257
0.010072
-0.009936
-0.002807
-0.002393
0.023756
-0.025661
-0.006138
-0.010775
0.039008
-0.028742
-0.027716
0.030383
-0.007181
-0.015372
0.017805
-0.009148
-0.013924
0.001806
0.016773
-0.026106
0.004075
-0.011691
0.009286
-0.006709
-0.000068
-0.000208
-0.032181
0.037415
-0.013839
-0.019807
0.011768
-0.003403
-0.005218
-0.008038
-0.002154
0.013014
-0.003281
-0.022073
0.002173
0.009619
0.003332
-0.014268
-0.019735
0.024960
-0.004346
-0.024401
0.008752
0.003066
-0.012631
0.001999
-0.018042
0.010186
0.009910
0.001547
-0.036628
0.020591
-0.002085
-0.013007
-0.014972
0.020657
-0.013852
-0.005215
0.007916
-0.017677
0.021603
-0.015348
-0.026330
0.031439
-0.008547
-0.018321
0.003258
-0.020068
0.034978
-0.024741
-0.017956
0.016604
-0.010805
0.006561
-0.005488
-0.004732
-0.007579
0.010235
-0.035286
0.041326
-0.023688
0.002584
-0.034830
0.037189
-0.018816
-0.006618
-0.019456
0.038593
-0.015876
-0.015914
0.009206
0.000958
0.002475
-0.021435
-0.002330
0.006231
-0.018046
0.022469
-0.018681
-0.009368
0.016611
-0.005929
-0.030217
0.028418
-0.023509
0.001791
0.012279
-0.017446
-0.012333
0.001893
0.004556
0.007745
-0.016802
0.008644
-0.008118
0.007150
-0.015069
0.002645
-0.023994
0.034819
-0.013217
-0.013731
0.006565
-0.010292
0.006938
0.008622
-0.040911
0.029289
-0.014386
0.000025
-0.018619
0.012097
0.009600
-0.016731
-0.006468
-0.002994
0.011097
-0.015120
0.003675
-0.012042
0.006617
-0.014993
0.004312
0.002903
0.009800
-0.027856
-0.008703
0.020003
0.008089
-0.019977
-0.020058
0.013294
0.004710
-0.011242
-0.007253
0.007555
0.000675
-0.022894
0.007848
0.003620
-0.006901
-0.011597
0.006208
-0.006985
0.006066
-0.015901
0.000263
0.009215
-0.003259
-0.015158
-0.001549
0.004311
-0.010855
-0.006783
-0.002731
0.012594
0.000198
-0.019452
-0.001110
-0.000031
0.004304
-0.002300
-0.024669
0.024512
-0.010255
-0.007893
0.001883
-0.008739
0.022740
-0.022941
-0.000183
0.017132
-0.018057
-0.002344
-0.005541
-0.006185
0.020216
-0.028384
-0.000681
0.015130
-0.005348
-0.018778
0.012495
-0.006929
-0.000371
-0.017361
0.015070
-0.011303
0.002317
-0.003734
0.000799
-0.016511
0.016358
-0.006506
-0.035740
0.052528
-0.033145
0.010127
-0.019900
0.008543
-0.002449
0.001220
-0.017218
0.009974
-0.012531
0.009552
-0.033356
0.030079
0.004417
-0.020470
-0.013626
0.018255
-0.001495
-0.013892
-0.008568
0.004454
-0.000106
-0.002293
-0.021024
0.010423
0.013282
-0.020589
-0.008745
-0.002651
0.021247
-0.018052
-0.022866
0.028193
-0.010568
-0.007069
0.008156
-0.018036
-0.000009
-0.004335
0.003306
0.003530
-0.014826
0.012043
-0.012506
-0.003695
0.025922
-0.024764
-0.024479
0.031433
-0.010784
-0.005000
-0.009118
0.007524
-0.006429
0.005483
-0.017069
0.005743
-0.000694
-0.003860
0.003160
-0.023263
0.021884
-0.007579
-0.003983
-0.002121
-0.006862
-0.012849
0.027305
-0.030771
0.015676
-0.018974
0.009209
0.004883
-0.012816
-0.005342
-0.011526
0.014766
0.002695
-0.015796
-0.026925
0.043018
-0.025457
0.011233
-0.029827
0.022560
-0.018140
0.015767
-0.027770
0.018438
-0.013418
0.008629
-0.010663
-0.000720
0.007593
-0.018487
0.003120
0.002239
-0.002204
-0.017594
0.024678
-0.031652
0.012498
-0.015373
0.007458
-0.017339
0.029282
-0.028065
-0.003500
0.015174
-0.023373
0.012783
-0.041161
0.055470
-0.038337
0.005365
-0.013520
0.023982
-0.016136
-0.007678
-0.017178
0.018155
0.004268
-0.018442
-0.005973
0.000558
0.024703
-0.029962
-0.023540
0.031747
-0.005311
-0.013524
-0.022011
0.030555
-0.012186
-0.000905
-0.021984
0.035541
-0.035373
0.017297
-0.018455
-0.009760
0.020234
-0.005867
-0.018824
0.005132
0.008912
-0.018035
0.005473
-0.025248
0.023633
-0.005647
-0.020308
0.004159
0.018223
-0.009995
-0.023071
0.003605
0.015995
-0.016967
-0.016839
0.026770
-0.011763
-0.016251
-0.002384
0.009975
-0.004067
-0.007705
-0.003215
0.001564
0.004984
-0.017090
0.000057
0.000958
0.014016
-0.030978
0.001266
0.020327
-0.016910
-0.003343
0.001436
-0.002526
-0.005127
-0.008507
-0.001291
0.003236
-0.009296
0.013144
-0.036483
0.022286
0.007191
-0.003126
-0.039699
0.030408
-0.006982
-0.006856
0.000025
-0.015364
0.013383
-0.018003
0.027248
-0.064852
0.077653
-0.072140
0.029019
-0.008663
0.011310
-0.015445
-0.012280
0.008133
-0.001605
-0.008884
-0.011585
0.027454
-0.017829
-0.011493
-0.009000
0.005949
0.000460
-0.002522
-0.009799
0.001096
0.008958
-0.030198
0.013106
0.004345
-0.006389
-0.013593
0.005643
-0.009286
-0.004715
0.013882
-0.022211
0.006935
-0.002506
-0.010652
0.004558
-0.012816
0.029346
-0.049311
0.018271
0.000469
0.005350
-0.035734
0.025999
-0.014559
-0.007422
0.006318
-0.023968
0.026937
-0.022389
0.015045
-0.026848
0.005559
0.008401
-0.010026
-0.024684
0.031052
-0.010528
-0.008417
-0.010377
0.002093
0.002656
-0.006461
-0.060404
0.109595
-0.052469
-0.048568
0.017055
-0.020059
0.026124
-0.011910
-0.026041
0.010767
0.005549
-0.012382
0.001020
-0.018105
-0.006615
0.012679
-0.013949
-0.005771
-0.013694
0.015132
-0.021570
0.008386
-0.006453
-0.013098
-0.002747
-0.007645
0.007494
-0.027826
0.007184
0.002723
-0.003353
-0.018882
-0.000869
-0.001353
-0.006184
-0.006712
-0.012940
-0.000685
0.013989
-0.027912
-0.005973
0.003546
-0.004584
-0.012366
-0.007122
-0.000717
0.007052
-0.034661
0.008839
-0.002447
-0.001214
-0.020735
0.006209
-0.009376
-0.009751
-0.003805
-0.013628
0.007855
-0.012024
-0.027127
0.032550
-0.022803
-0.000251
-0.034262
0.052971
-0.076607
0.044350
-0.094111
0.308099
-0.700131
0.798954
