0.002253
0.001961
0.001553
0.001100
0.000673
0.000323
0.000074
-0.000075
-0.000145
-0.000165
-0.000164
-0.000162
-0.000170
-0.000190
-0.000219
-0.000251
-0.000283
-0.000313
-0.000341
-0.000368
-0.000397
-0.000428
-0.000460
-0.000492
-0.000521
-0.000543
-0.000557
-0.000564
-0.000565
-0.000564
-0.000566
-0.000575
-0.000594
-0.000623
-0.000658
-0.000696
-0.000730
-0.000757
-0.000773
-0.000780
-0.000779
-0.000773
-0.000761
-0.000737
-0.000686
-0.000569
-0.000312
0.000221
0.001273
0.003246
0.006768
0.012747
0.022403
0.037214
0.058762
0.088453
0.127115
0.174561
0.229215
0.287959
0.346319
0.399019
0.440841
0.467596
0.476951
0.468885
0.445632
0.411150
0.370267
0.327753
0.287542
0.252288
0.223260
0.200544
0.183411
0.170726
0.161287
0.154051
0.148235
0.143319
0.139003
0.135128
0.131615
0.128415
0.125489
0.122793
0.120284
0.117921
0.115672
0.113516
0.111442
0.109444
0.107525
0.105683
0.103920
0.102233
0.100618
0.099071
0.097590
0.096174
0.094824
0.093543
0.092330
0.091185
0.090100
0.089069
0.088077
0.087113
0.086163
0.085215
0.084259
0.083284
0.082285
0.081257
0.080197
0.079110
0.078001
0.076882
0.075763
0.074657
0.073569
0.072496
0.071430
0.070354
0.069249
0.068100
0.066906
0.065679
0.064451
0.063266
0.062175
0.061221
0.060432
0.059810
0.059333
0.058960
0.058642
0.058327
0.057978
0.057570
0.057094
0.056553
0.055953
0.055302
0.054604
0.053863
0.053084
0.052270
0.051431
0.050580
0.049728
0.048892
0.048083
0.047307
0.046570
0.045870
0.045204
0.044564
0.043945
0.043342
0.042751
0.042171
0.041601
0.041045
0.040505
0.039984
0.039488
0.039020
0.038583
0.038179
0.037807
0.037462
0.037136
0.036819
0.036499
0.036164
0.035804
0.035416
0.035000
0.034561
0.034110
0.033656
0.033213
0.032790
0.032390
0.032015
0.031662
0.031323
0.030990
0.030656
0.030316
0.029962
0.029594
0.029207
0.028800
0.028374
0.027932
0.027478
0.027023
0.026579
0.026160
0.025781
0.025452
0.025180
0.024963
0.024794
0.024662
0.024551
0.024444
0.024329
0.024195
0.024034
0.023844
0.023625
0.023378
0.023105
0.022811
0.022496
0.022167
0.021826
0.021479
0.021134
0.020798
0.020477
0.020178
0.019906
0.019664
0.019450
0.019262
0.019095
0.018941
0.018789
0.018633
0.018464
0.018279
0.018080
0.017867
0.017647
0.017425
0.017204
0.016988
0.016776
0.016567
0.016360
0.016155
0.015951
0.015751
0.015559
0.015379
0.015214
0.015067
0.014937
0.014820
0.014711
0.014601
0.014482
0.014349
0.014199
0.014031
0.013851
0.013664
0.013477
0.013298
0.013131
0.012978
0.012840
0.012715
0.012599
0.012486
0.012372
0.012251
0.012118
0.011971
0.011813
0.011646
0.011476
0.011311
0.011153
0.011006
0.010867
0.010733
0.010599
0.010461
0.010319
0.010173
0.010026
0.009881
0.009741
0.009607
0.009478
0.009352
0.009229
0.009107
0.008986
0.008869
0.008756
0.008646
0.008540
0.008437
0.008335
0.008233
0.008130
0.008024
0.007916
0.007805
0.007693
0.007583
0.007479
0.007384
0.007301
0.007230
0.007164
0.007098
0.007021
0.006927
0.006811
0.006676
0.006526
0.006374
0.006231
0.006109
0.006013
0.005945
0.005901
0.005872
0.005847
0.005815
0.005769
0.005704
0.005623
0.005529
0.005427
0.005323
0.005220
0.005118
0.005018
0.004918
0.004819
0.004723
0.004633
0.004554
0.004488
0.004438
0.004401
0.004376
0.004357
0.004342
0.004326
0.004307
0.004283
0.004252
0.004212
0.004163
0.004105
0.004039
0.003967
0.003894
0.003823
0.003757
0.003700
0.003653
0.003617
0.003592
0.003574
0.003558
0.003540
0.003512
0.003469
0.003409
0.003332
0.003245
0.003154
0.003069
0.003000
0.002952
0.002927
0.002927
0.002947
0.002984
0.003031
0.003083
0.003136
0.003184
0.003222
0.003248
0.003258
0.003251
0.003226
0.003182
0.003120
0.003041
0.002945
0.002835
0.002715
0.002590
0.002469
0.002358
0.002266
0.002197
0.002154
0.002137
0.002141
0.002159
0.002182
0.002203
0.002212
0.002203
0.002176
0.002131
0.002075
0.002018
0.001967
0.001931
0.001914
0.001913
0.001925
0.001940
0.001950
0.001949
0.001935
0.001907
0.001870
0.001829
0.001788
0.001753
0.001724
0.001701
0.001684
0.001670
0.001654
0.001633
0.001603
0.001560
0.001505
0.001439
0.001366
0.001292
0.001222
0.001161
0.001112
0.001078
0.001061
0.001060
0.001076
0.001108
0.001155
0.001211
0.001270
0.001324
0.001364
0.001386
0.001386
0.001363
0.001323
0.001273
0.001219
0.001169
0.001128
0.001101
0.001087
0.001086
0.001095
0.001111
0.001130
0.001147
0.001159
0.001163
0.001157
0.001140
0.001113
0.001077
0.001036
0.000993
0.000953
0.000919
0.000893
0.000876
0.000865
0.000858
0.000851
0.000840
0.000824
0.000804
0.000783
0.000764
0.000752
0.000750
0.000760
0.000782
0.000815
0.000854
0.000895
0.000932
0.000959
0.000970
0.000964
0.000940
0.000900
0.000850
0.000796
0.000748
0.000712
0.000694
0.000695
0.000713
0.000744
0.000782
0.000821
0.000859
0.000893
0.000923
0.000950
0.000977
0.001003
0.001027
0.001046
0.001057
0.001057
0.001046
0.001023
0.000992
0.000957
0.000922
0.000889
0.000860
0.000833
0.000808
0.000784
0.000760
0.000738
0.000722
0.000712
0.000711
0.000716
0.000724
0.000729
0.000724
0.000705
0.000668
0.000616
0.000552
0.000486
0.000426
0.000383
0.000365
0.000377
0.000418
0.000484
0.000568
0.000659
0.000749
0.000831
0.000904
0.000974
0.001056
0.001172
0.001346
0.001606
0.001970
0.002447
0.003023
0.003664
0.004319
0.004921
0.005404
0.005718
0.005833
0.005754
0.005514
0.005166
0.004773
0.004393
0.004068
0.003818
0.003649
0.003549
0.003503
0.003493
0.003503
0.003523
0.003547
0.003570
0.003591
0.003608
0.003620
0.003625
0.003625
0.003621
0.003617
0.003616
0.003622
0.003636
0.003661
0.003696
0.003739
0.003789
0.003843
0.003899
0.003953
0.004003
0.004044
0.004072
0.004084
0.004078
0.004052
0.004005
0.003939
0.003857
0.003764
0.003667
0.003574
0.003493
0.003431
0.003392
0.003377
0.003385
0.003411
0.003453
0.003505
0.003564
0.003629
0.003696
0.003761
0.003819
0.003862
0.003884
0.003880
0.003848
0.003789
0.003711
0.003621
0.003529
0.003442
0.003368
0.003306
0.003257
0.003216
0.003179
0.003142
0.003100
0.003054
0.003003
0.002950
0.002897
0.002847
0.002802
0.002763
0.002730
0.002702
0.002677
0.002655
0.002634
0.002614
0.002592
0.002568
0.002539
0.002506
0.002470
0.002432
0.002397
0.002370
0.002356
0.002357
0.002376
0.002412
0.002464
0.002525
0.002591
0.002653
0.002703
0.002734
0.002741
0.002723
0.002682
0.002623
0.002556
0.002490
0.002432
0.002388
0.002360
0.002350
0.002354
0.002367
0.002387
0.002406
0.002422
0.002429
0.002425
0.002409
0.002381
0.002345
0.002304
0.002264
0.002227
0.002199
0.002179
0.002169
0.002168
0.002175
0.002191
0.002216
0.002249
0.002289
0.002333
0.002378
0.002420
0.002452
0.002472
0.002479
0.002473
0.002455
0.002427
0.002394
0.002356
0.002318
0.002282
0.002249
0.002223
0.002208
0.002206
0.002220
0.002252
0.002301
0.002366
0.002440
0.002515
0.002585
0.002639
0.002674
0.002688
0.002682
0.002664
0.002641
0.002624
0.002619
0.002632
0.002660
0.002701
0.002744
0.002782
0.002804
0.002806
0.002784
0.002743
0.002687
0.002626
0.002569
0.002522
0.002489
0.002472
0.002468
0.002470
0.002474
0.002472
0.002461
0.002440
0.002407
0.002366
0.002321
0.002274
0.002230
0.002190
0.002157
0.002131
0.002112
0.002099
0.002091
0.002083
0.002075
0.002063
0.002047
0.002027
0.002007
0.001988
0.001975
0.001970
0.001975
0.001988
0.002009
0.002034
0.002058
0.002076
0.002084
0.002079
0.002061
0.002031
0.001994
0.001953
0.001914
0.001881
0.001852
0.001830
0.001810
0.001792
0.001775
0.001758
0.001743
0.001733
0.001730
0.001732
0.001740
0.001750
0.001759
0.001766
0.001768
0.001766
0.001761
0.001756
0.001751
0.001747
0.001745
0.001744
0.001742
0.001740
0.001737
0.001734
0.001732
0.001731
0.001731
0.001731
0.001731
0.001731
0.001728
0.001724
0.001720
0.001715
0.001711
0.001707
0.001704
0.001701
0.001697
0.001693
0.001690
0.001686
0.001684
0.001683
0.001680
0.001674
0.001663
0.001645
0.001620
0.001592
0.001563
0.001538
0.001523
0.001520
0.001528
0.001548
0.001574
0.001602
0.001626
0.001640
0.001643
0.001631
0.001606
0.001569
0.001526
0.001483
0.001444
0.001413
0.001394
0.001384
0.001382
0.001384
0.001385
0.001384
0.001379
0.001371
0.001363
0.001357
0.001356
0.001361
0.001372
0.001389
0.001411
0.001436
0.001462
0.001484
0.001501
0.001510
0.001509
0.001498
0.001479
0.001454
0.001428
0.001405
0.001388
0.001378
0.001376
0.001380
0.001386
0.001394
0.001400
0.001406
0.001413
0.001423
0.001438
0.001459
0.001485
0.001514
0.001542
0.001563
0.001575
0.001573
0.001557
0.001528
0.001488
0.001442
0.001394
0.001348
0.001310
0.001282
0.001265
0.001258
0.001260
0.001270
0.001284
0.001301
0.001320
0.001337
0.001352
0.001361
0.001363
0.001355
0.001336
0.001305
0.001264
0.001215
0.001162
0.001109
0.001062
0.001026
0.001005
0.001001
0.001015
0.001046
0.001088
0.001138
0.001192
0.001243
0.001288
0.001321
0.001340
0.001340
0.001319
0.001275
0.001207
0.001112
0.000990
0.000838
0.000658
0.000454
0.000234
0.000013
-0.000191
-0.000358
-0.000474
-0.000529
-0.000528
-0.000483
-0.000411
-0.000335
-0.000271
-0.000230
-0.000215
-0.000222
-0.000242
-0.000267
-0.000289
-0.000305
-0.000314
-0.000318
-0.000320
-0.000324
-0.000334
-0.000352
-0.000381
-0.000424
-0.000479
-0.000546
-0.000622
-0.000701
-0.000778
-0.000847
-0.000906
-0.000953
-0.000989
-0.001017
-0.001043
-0.001068
-0.001097
-0.001130
-0.001166
-0.001201
-0.001234
-0.001261
-0.001279
-0.001286
-0.001282
-0.001268
-0.001246
-0.001220
-0.001194
-0.001175
-0.001166
-0.001171
-0.001191
-0.001225
-0.001268
-0.001314
-0.001351
-0.001367
-0.001345
-0.001267
-0.001113
-0.000866
-0.000517
-0.000068
0.000459
0.001021
0.001556
0.001998
0.002282
0.002370
