-0.000912
-0.000888
-0.000869
-0.000854
-0.000843
-0.000836
-0.000833
-0.000832
-0.000833
-0.000835
-0.000836
-0.000836
-0.000831
-0.000820
-0.000801
-0.000770
-0.000723
-0.000656
-0.000565
-0.000442
-0.000281
-0.000075
0.000187
0.000516
0.000923
0.001423
0.002031
0.002764
0.003642
0.004686
0.005918
0.007362
0.009043
0.010988
0.013223
0.015775
0.018671
0.021935
0.025590
0.029657
0.034152
0.039089
0.044475
0.050310
0.056590
0.063301
0.070423
0.077925
0.085771
0.093913
0.102298
0.110863
0.119539
0.128250
0.136917
0.145456
0.153783
0.161811
0.169457
0.176642
0.183289
0.189331
0.194709
0.199371
0.203278
0.206402
0.208728
0.210252
0.210981
0.210935
0.210146
0.208653
0.206506
0.203761
0.200481
0.196732
0.192583
0.188104
0.183365
0.178434
0.173375
0.168250
0.163114
0.158018
0.153005
0.148114
0.143377
0.138819
0.134459
0.130311
0.126383
0.122680
0.119202
0.115944
0.112900
0.110061
0.107417
0.104956
0.102665
0.100530
0.098539
0.096679
0.094937
0.093300
0.091759
0.090302
0.088920
0.087605
0.086348
0.085142
0.083982
0.082862
0.081776
0.080723
0.079696
0.078694
0.077714
0.076754
0.075811
0.074884
0.073972
0.073073
0.072187
0.071312
0.070449
0.069596
0.068753
0.067920
0.067097
0.066283
0.065478
0.064683
0.063897
0.063121
0.062354
0.061596
0.060848
0.060110
0.059382
0.058664
0.057956
0.057258
0.056571
0.055894
0.055227
0.054570
0.053923
0.053285
0.052658
0.052040
0.051431
0.050831
0.050239
0.049656
0.049081
0.048513
0.047953
0.047399
0.046852
0.046312
0.045777
0.045248
0.044724
0.044206
0.043693
0.043185
0.042682
0.042183
0.041690
0.041201
0.040717
0.040239
0.039765
0.039297
0.038835
0.038378
0.037927
0.037483
0.037045
0.036613
0.036188
0.035770
0.035360
0.034956
0.034561
0.034172
0.033791
0.033417
0.033051
0.032691
0.032339
0.031994
0.031655
0.031322
0.030996
0.030675
0.030359
0.030049
0.029743
0.029441
0.029143
0.028849
0.028558
0.028270
0.027985
0.027702
0.027422
0.027144
0.026868
0.026594
0.026322
0.026052
0.025784
0.025518
0.025254
0.024992
0.024732
0.024475
0.024220
0.023967
0.023717
0.023470
0.023225
0.022983
0.022744
0.022507
0.022274
0.022043
0.021816
0.021591
0.021369
0.021150
0.020934
0.020720
0.020509
0.020300
0.020093
0.019889
0.019686
0.019485
0.019285
0.019087
0.018891
0.018695
0.018500
0.018306
0.018113
0.017921
0.017729
0.017537
0.017347
0.017157
0.016968
0.016779
0.016592
0.016406
0.016221
0.016037
0.015855
0.015675
0.015497
0.015321
0.015148
0.014976
0.014808
0.014643
0.014480
0.014320
0.014164
0.014010
0.013859
0.013712
0.013567
0.013425
0.013286
0.013150
0.013016
0.012884
0.012754
0.012626
0.012500
0.012374
0.012251
0.012128
0.012005
0.011884
0.011763
0.011642
0.011521
0.011401
0.011280
0.011160
0.011040
0.010919
0.010799
0.010679
0.010560
0.010441
0.010322
0.010204
0.010087
0.009971
0.009856
0.009742
0.009630
0.009519
0.009410
0.009303
0.009198
0.009094
0.008993
0.008894
0.008796
0.008701
0.008608
0.008516
0.008427
0.008340
0.008254
0.008170
0.008088
0.008008
0.007929
0.007852
0.007777
0.007702
0.007630
0.007559
0.007489
0.007421
0.007354
0.007288
0.007224
0.007162
0.007101
0.007041
0.006983
0.006927
0.006872
0.006819
0.006767
0.006717
0.006669
0.006621
0.006575
0.006530
0.006487
0.006443
0.006401
0.006359
0.006317
0.006275
0.006232
0.006190
0.006146
0.006102
0.006057
0.006011
0.005963
0.005914
0.005864
0.005812
0.005758
0.005704
0.005647
0.005590
0.005531
0.005471
0.005411
0.005349
0.005287
0.005224
0.005161
0.005097
0.005034
0.004970
0.004907
0.004845
0.004783
0.004722
0.004661
0.004602
0.004543
0.004486
0.004430
0.004375
0.004322
0.004270
0.004220
0.004172
0.004125
0.004079
0.004036
0.003994
0.003953
0.003914
0.003877
0.003840
0.003806
0.003772
0.003739
0.003708
0.003677
0.003647
0.003617
0.003587
0.003558
0.003529
0.003499
0.003469
0.003439
0.003408
0.003377
0.003345
0.003312
0.003278
0.003244
0.003209
0.003173
0.003137
0.003100
0.003062
0.003024
0.002985
0.002946
0.002907
0.002868
0.002828
0.002788
0.002749
0.002709
0.002669
0.002630
0.002590
0.002551
0.002512
0.002473
0.002435
0.002397
0.002359
0.002321
0.002284
0.002247
0.002210
0.002174
0.002138
0.002103
0.002068
0.002034
0.002000
0.001967
0.001934
0.001902
0.001870
0.001840
0.001809
0.001780
0.001751
0.001722
0.001695
0.001668
0.001641
0.001616
0.001590
0.001566
0.001542
0.001519
0.001496
0.001473
0.001452
0.001430
0.001409
0.001389
0.001369
0.001350
0.001331
0.001312
0.001294
0.001277
0.001260
0.001243
0.001227
0.001211
0.001195
0.001180
0.001166
0.001152
0.001138
0.001125
0.001112
0.001099
0.001087
0.001075
0.001063
0.001052
0.001041
0.001030
0.001019
0.001008
0.000998
0.000987
0.000977
0.000966
0.000956
0.000945
0.000934
0.000924
0.000913
0.000902
0.000891
0.000879
0.000868
0.000857
0.000846
0.000835
0.000823
0.000812
0.000801
0.000791
0.000780
0.000770
0.000760
0.000750
0.000741
0.000732
0.000723
0.000715
0.000707
0.000699
0.000692
0.000685
0.000678
0.000671
0.000665
0.000659
0.000652
0.000646
0.000639
0.000633
0.000626
0.000619
0.000612
0.000604
0.000597
0.000589
0.000581
0.000572
0.000564
0.000555
0.000546
0.000537
0.000527
0.000518
0.000509
0.000499
0.000490
0.000481
0.000472
0.000463
0.000454
0.000446
0.000438
0.000430
0.000423
0.000416
0.000409
0.000403
0.000398
0.000392
0.000388
0.000383
0.000379
0.000375
0.000372
0.000369
0.000366
0.000364
0.000362
0.000359
0.000358
0.000356
0.000354
0.000352
0.000350
0.000348
0.000346
0.000344
0.000342
0.000339
0.000337
0.000334
0.000331
0.000328
0.000325
0.000322
0.000318
0.000315
0.000312
0.000308
0.000305
0.000302
0.000299
0.000296
0.000293
0.000291
0.000288
0.000286
0.000285
0.000283
0.000282
0.000281
0.000281
0.000281
0.000281
0.000282
0.000283
0.000284
0.000286
0.000288
0.000290
0.000292
0.000294
0.000296
0.000299
0.000301
0.000303
0.000306
0.000308
0.000310
0.000312
0.000313
0.000314
0.000316
0.000316
0.000317
0.000317
0.000317
0.000317
0.000316
0.000316
0.000315
0.000313
0.000312
0.000310
0.000309
0.000307
0.000305
0.000303
0.000301
0.000299
0.000297
0.000295
0.000293
0.000291
0.000289
0.000287
0.000286
0.000284
0.000283
0.000282
0.000281
0.000280
0.000279
0.000279
0.000278
0.000278
0.000277
0.000277
0.000276
0.000276
0.000275
0.000275
0.000274
0.000273
0.000272
0.000271
0.000271
0.000270
0.000268
0.000267
0.000266
0.000265
0.000264
0.000263
0.000261
0.000260
0.000259
0.000258
0.000257
0.000256
0.000256
0.000255
0.000255
0.000254
0.000254
0.000254
0.000254
0.000254
0.000254
0.000254
0.000254
0.000255
0.000255
0.000256
0.000256
0.000257
0.000257
0.000258
0.000259
0.000259
0.000260
0.000261
0.000261
0.000262
0.000263
0.000264
0.000265
0.000265
0.000266
0.000267
0.000268
0.000268
0.000269
0.000269
0.000270
0.000270
0.000270
0.000270
0.000270
0.000270
0.000269
0.000268
0.000268
0.000267
0.000265
0.000264
0.000263
0.000262
0.000260
0.000259
0.000257
0.000256
0.000255
0.000254
0.000253
0.000252
0.000252
0.000252
0.000252
0.000253
0.000254
0.000256
0.000258
0.000261
0.000264
0.000268
0.000272
0.000277
0.000283
0.000289
0.000296
0.000303
0.000311
0.000319
0.000327
0.000335
0.000344
0.000352
0.000361
0.000369
0.000378
0.000385
0.000393
0.000400
0.000406
0.000411
0.000416
0.000420
0.000423
0.000426
0.000427
0.000428
0.000427
0.000426
0.000424
0.000421
0.000418
0.000413
0.000408
0.000403
0.000397
0.000391
0.000384
0.000377
0.000370
0.000363
0.000355
0.000348
0.000340
0.000333
0.000326
0.000319
0.000312
0.000306
0.000300
0.000294
0.000289
0.000284
0.000279
0.000275
0.000271
0.000268
0.000265
0.000262
0.000260
0.000258
0.000257
0.000256
0.000255
0.000254
0.000253
0.000253
0.000253
0.000253
0.000253
0.000253
0.000253
0.000253
0.000253
0.000254
0.000254
0.000254
0.000254
0.000254
0.000255
0.000255
0.000255
0.000255
0.000255
0.000255
0.000255
0.000255
0.000255
0.000254
0.000254
0.000253
0.000252
0.000251
0.000249
0.000248
0.000245
0.000243
0.000240
0.000236
0.000233
0.000229
0.000224
0.000219
0.000214
0.000208
0.000202
0.000196
0.000189
0.000182
0.000176
0.000169
0.000161
0.000154
0.000147
0.000140
0.000133
0.000126
0.000119
0.000112
0.000106
0.000100
0.000094
0.000089
0.000083
0.000079
0.000074
0.000070
0.000066
0.000063
0.000060
0.000057
0.000054
0.000052
0.000050
0.000048
0.000046
0.000044
0.000042
0.000040
0.000038
0.000036
0.000033
0.000030
0.000027
0.000023
0.000018
0.000013
0.000008
0.000002
-0.000005
-0.000012
-0.000020
-0.000028
-0.000037
-0.000046
-0.000056
-0.000066
-0.000076
-0.000087
-0.000097
-0.000108
-0.000119
-0.000130
-0.000141
-0.000152
-0.000164
-0.000175
-0.000186
-0.000197
-0.000209
-0.000221
-0.000233
-0.000245
-0.000258
-0.000272
-0.000287
-0.000303
-0.000320
-0.000338
-0.000358
-0.000379
-0.000403
-0.000428
-0.000455
-0.000484
-0.000515
-0.000548
-0.000584
-0.000621
-0.000661
-0.000702
-0.000746
-0.000790
-0.000837
-0.000884
-0.000932
-0.000981
-0.001031
-0.001081
-0.001130
-0.001180
-0.001229
-0.001277
-0.001325
-0.001371
-0.001417
-0.001461
-0.001504
-0.001545
-0.001585
-0.001624
-0.001661
-0.001697
-0.001731
-0.001763
-0.001794
-0.001824
-0.001852
-0.001879
-0.001904
-0.001927
-0.001949
-0.001969
-0.001988
-0.002005
-0.002020
-0.002034
-0.002046
-0.002056
-0.002064
-0.002071
-0.002076
-0.002079
-0.002080
-0.002079
-0.002076
-0.002072
-0.002066
-0.002058
-0.002048
-0.002036
-0.002021
-0.002005
-0.001986
-0.001965
-0.001942
-0.001916
-0.001887
-0.001856
-0.001821
-0.001784
-0.001745
-0.001702
-0.001657
-0.001610
-0.001560
-0.001509
-0.001457
-0.001404
-0.001350
-0.001297
-0.001244
-0.001193
-0.001143
-0.001096
-0.001052
-0.001011
-0.000974
-0.000941
