-0.374215
0.084904
-0.089107
0.003091
0.040981
-0.009848
-0.031576
0.006069
0.038669
-0.067105
0.080014
-0.059635
-0.007755
0.033917
-0.015009
0.000715
-0.015126
0.003155
0.004969
0.001124
-0.021467
0.029653
-0.020788
-0.018092
0.042818
-0.041490
0.015695
-0.009847
0.004516
-0.001084
-0.008282
0.002009
-0.012455
0.011799
-0.003929
-0.006395
-0.013347
0.019423
-0.013823
0.000394
-0.002209
-0.000614
-0.000079
-0.003369
-0.013047
0.019826
-0.026224
0.014582
-0.012647
0.005312
-0.006085
0.001120
-0.000694
-0.007286
-0.019164
0.020031
0.065462
-0.159164
0.009365
0.328981
-0.201330
-0.914552
2.449871
0.825274
1.040136
0.806826
0.545279
0.358012
0.184536
0.084153
0.141590
0.233076
0.135675
0.165256
0.102330
0.144353
0.079157
0.178312
0.090474
0.133289
0.119484
0.095762
0.133599
0.086817
0.165212
0.067146
0.113682
0.156006
0.067958
0.098268
0.128043
0.111140
0.091013
0.105140
0.074839
0.114265
0.131424
0.056110
0.097821
0.090594
0.112435
0.074085
0.080455
0.109883
0.078821
0.082563
0.088973
0.089935
0.076053
0.079122
0.075118
0.099396
0.074506
0.053604
0.098239
0.081589
0.054814
0.071925
0.077012
0.073618
0.076709
0.049874
0.080367
0.070479
0.080098
0.034534
0.083906
0.076127
0.051030
0.049046
0.087085
0.039692
0.073721
0.049194
0.057095
0.050863
0.061175
0.057227
0.054216
0.053066
0.054386
0.047130
0.046188
0.072527
0.028079
0.055686
0.053765
0.051323
0.046190
0.052642
0.027823
0.057058
0.045635
0.042484
0.043991
0.048474
0.040680
0.043668
0.031183
0.069368
0.019219
0.045951
0.049379
0.036075
0.038955
0.038701
0.031558
0.053217
0.016557
0.033655
0.060250
0.014977
0.048029
0.014632
0.049961
0.041403
0.006144
0.045503
0.043826
0.029261
0.011311
0.046083
0.033929
0.023481
0.042518
0.000218
0.062162
0.018754
0.030223
0.021106
0.028402
0.036344
0.019268
0.035543
0.021500
0.027808
0.012414
0.044263
0.015321
0.030267
0.018713
0.022799
0.027205
0.032446
0.012400
0.011339
0.042748
0.023835
0.019323
0.001242
0.036319
0.034281
0.009534
0.009696
0.024387
0.035248
0.007442
0.015474
0.023560
0.027894
-0.007419
0.031903
0.016824
0.028550
-0.008698
0.024584
0.039856
0.002755
0.004015
0.023040
0.032622
0.003975
0.003611
0.016373
0.039930
0.010671
0.014709
-0.011964
0.046416
0.013248
0.002903
0.009539
0.035824
0.002915
0.009985
0.010307
0.019507
0.019866
-0.000642
0.012820
0.022932
0.017156
-0.000783
0.005833
0.028641
0.021723
-0.003238
0.011138
0.048770
-0.009717
0.011221
0.002275
0.030551
-0.003282
0.018803
0.006916
0.002984
0.027262
0.001536
0.016970
-0.006128
0.026391
-0.003149
0.010680
0.022969
0.008513
-0.009108
0.026347
0.007910
0.007933
0.004362
0.011143
0.015476
0.001116
0.012385
-0.013967
0.024302
0.016516
-0.007690
0.013663
0.014443
0.000796
0.004746
0.016731
-0.008669
0.019395
0.000076
0.009908
-0.001185
0.025832
-0.010881
0.000656
0.021454
0.019650
-0.019702
0.019016
0.011955
0.003003
-0.004876
0.016792
-0.005985
0.014075
-0.005511
0.005424
0.011332
0.006937
0.001233
-0.012375
0.031403
0.000767
0.003289
0.012893
0.016917
0.004082
0.001456
0.015536
-0.002215
0.005844
0.002748
0.000443
0.008813
0.006769
0.007874
-0.002016
-0.002067
0.024330
-0.014411
0.001312
0.020239
-0.001288
-0.007779
0.014426
-0.001630
0.018506
-0.014864
0.016148
0.006208
-0.002164
-0.000986
0.010859
-0.004561
0.026815
-0.027479
0.005992
0.013967
0.000974
0.003169
0.003228
-0.008980
0.017212
-0.014937
0.010023
0.004454
-0.002171
0.023054
-0.021356
0.003669
0.014045
-0.003091
-0.010260
0.027672
-0.024390
0.017831
0.005295
-0.012571
0.016931
-0.013058
0.010321
-0.003474
0.006069
-0.008558
0.007028
-0.000844
0.004850
-0.003378
0.000231
0.013619
0.001719
-0.017203
0.012419
-0.002703
0.012580
-0.015406
0.003098
0.016614
0.003599
-0.012155
-0.012140
0.021560
0.000342
-0.012413
0.002189
0.021608
-0.009898
-0.008790
0.001110
0.011809
-0.006797
-0.000014
-0.003908
0.007174
0.007237
-0.008792
-0.010402
0.017155
0.003995
-0.007320
-0.007800
0.019699
-0.000940
-0.011106
-0.001966
0.008600
-0.001108
-0.001010
0.000928
-0.004523
0.012493
-0.003560
-0.012032
0.001729
0.015262
-0.009688
-0.007644
0.019576
-0.003344
-0.013972
0.004024
0.005061
0.010177
-0.019834
0.007393
-0.004890
0.012335
-0.005829
-0.010515
0.004350
0.007743
-0.001040
-0.009922
0.009564
-0.005581
-0.002880
0.008081
-0.004981
-0.003917
0.009469
-0.006026
0.000794
0.004998
-0.003997
-0.010275
0.003260
0.010788
-0.010995
-0.005216
0.015884
-0.007652
-0.012940
0.012017
-0.011993
0.016482
-0.013409
0.001891
-0.000540
0.011673
-0.018139
-0.007010
0.017678
0.002953
-0.018760
0.003121
0.004085
0.003489
-0.007865
0.004578
-0.001538
-0.009659
0.011340
-0.016804
0.012886
-0.001698
0.002430
-0.018559
0.015698
-0.007684
-0.007285
-0.005499
0.026148
-0.018056
-0.004671
-0.003046
0.013360
-0.017035
0.008939
-0.009199
0.018076
-0.023195
0.013926
-0.015958
0.012612
0.000751
-0.016124
-0.003644
0.016661
0.001128
-0.015211
-0.001890
0.004862
-0.003726
0.014917
-0.007843
0.001122
-0.002323
0.010149
-0.020981
0.006022
0.012457
-0.010395
-0.006878
0.016803
-0.017635
-0.001091
0.005544
0.004479
-0.006710
-0.005139
-0.003561
0.016875
-0.009111
-0.004173
-0.006733
0.004636
0.014427
-0.028151
0.007061
0.009416
0.002882
-0.013955
-0.003460
0.003431
0.003564
0.001419
-0.015653
0.018616
-0.007996
0.000381
-0.012239
0.003907
0.007583
-0.012155
-0.005755
0.019678
-0.013381
-0.003149
0.003166
-0.009603
0.012252
-0.011789
0.004034
0.000101
0.006027
-0.018325
0.009288
-0.001388
0.005496
-0.010798
-0.001432
0.016434
-0.016812
-0.006450
0.017317
-0.015296
0.003209
-0.009648
0.015147
-0.005248
-0.009254
-0.002930
0.009141
-0.009912
0.017236
-0.010118
-0.020994
0.034453
-0.021679
0.000097
-0.000935
0.004342
0.008116
-0.019558
0.006850
-0.004102
0.011223
-0.002350
-0.013603
0.011244
0.003589
-0.013519
0.003480
0.007309
-0.001688
0.000077
-0.007834
0.000340
-0.002070
0.008975
-0.013679
0.007980
0.001713
0.001345
-0.014831
0.010992
0.006680
-0.018507
0.004026
0.012446
-0.009716
-0.010831
0.011882
-0.000492
-0.008071
0.008397
-0.002754
-0.004832
0.005451
-0.004866
-0.001432
0.002119
0.003198
-0.006715
-0.007106
0.019959
-0.013298
-0.005231
0.005128
0.003749
-0.002008
-0.007046
-0.000364
0.009804
0.003654
-0.015225
-0.002810
0.008079
0.001779
0.000407
-0.016556
0.016396
-0.002763
-0.010397
0.004671
0.007825
-0.002664
0.004383
-0.006731
0.011690
-0.009548
0.007312
-0.016727
0.020790
-0.009784
-0.005792
-0.002402
0.013183
-0.007360
-0.002280
0.003515
0.004733
-0.013783
0.015577
-0.016184
0.009827
0.004812
0.001977
-0.012540
0.017798
-0.005481
-0.011021
-0.001371
0.031133
-0.033739
0.011788
-0.000253
0.009933
-0.018493
0.016579
-0.014884
0.003906
0.014628
-0.011093
-0.009652
0.010674
0.008429
-0.019506
-0.004929
0.024316
-0.008434
-0.013005
0.011866
0.002145
-0.011721
0.012528
-0.014249
0.015539
-0.013923
0.014019
-0.012220
0.002454
0.007159
-0.008292
-0.004328
0.014688
-0.002760
-0.007770
0.005625
-0.004097
0.006274
-0.015832
0.015341
0.005112
-0.004917
0.005615
-0.018499
0.019481
0.001986
-0.019928
0.006118
0.024703
-0.030267
0.014450
-0.008121
0.005690
0.000417
-0.002091
-0.005637
0.004661
0.007152
-0.007037
0.001305
0.000159
-0.002089
0.006615
-0.012493
0.021440
-0.013067
0.002060
0.008016
-0.008901
0.001312
0.004934
-0.004485
0.002322
-0.000105
0.002546
-0.002852
-0.005345
0.021116
-0.024369
0.008250
0.004116
-0.002380
0.001220
-0.004706
0.008833
-0.013808
0.011176
-0.013116
0.021422
-0.013203
0.008321
-0.015113
0.013577
0.000048
-0.009370
0.002437
0.018875
-0.017805
0.001119
0.004021
0.004336
-0.011583
0.002506
0.006275
0.007847
-0.007597
-0.002007
-0.013436
0.016109
0.006426
-0.009390
-0.006524
0.019501
-0.008859
-0.010600
0.013839
-0.002148
-0.002146
0.002127
0.000343
0.000038
0.003852
-0.009917
0.004010
-0.004056
0.017301
-0.013797
-0.015908
0.028789
-0.004027
-0.012680
0.001764
0.009002
-0.007796
0.008166
-0.012135
0.005234
0.005804
0.001163
-0.013228
0.002929
0.023300
-0.028035
0.003864
0.011625
-0.002410
-0.009151
0.016079
-0.022253
0.019327
-0.007986
0.000824
-0.001237
0.003711
-0.000225
-0.008172
0.005410
0.011003
-0.013922
-0.005752
0.015805
-0.004213
-0.001548
-0.009293
0.012618
-0.002800
-0.000598
-0.008797
0.010226
0.004832
-0.008890
0.000945
-0.002598
0.007432
-0.007354
0.004012
0.001104
0.000844
-0.003185
-0.003016
0.002747
0.000160
0.000725
-0.004233
0.003877
0.003719
-0.004884
-0.011091
0.007463
0.014875
-0.016615
-0.004192
0.019502
-0.008859
-0.011072
0.017505
-0.023211
0.029088
-0.034456
0.043713
-0.068042
0.093178
-0.074202
0.029938
-0.006718
0.006164
-0.008862
0.003550
0.007749
-0.008623
0.003279
-0.005297
0.011957
-0.015907
0.001861
0.009282
-0.006835
-0.000726
0.002610
-0.011641
0.016635
-0.003235
-0.008555
-0.001360
0.010366
-0.007916
0.000783
0.001998
-0.001178
0.004586
-0.009130
0.002087
0.003914
0.000671
-0.004255
-0.011612
0.021181
-0.004018
-0.014407
0.003358
0.014486
-0.013031
0.002043
-0.001716
0.003857
-0.000313
-0.014730
0.014778
-0.004754
-0.001297
0.006500
-0.023462
0.028027
-0.009843
-0.011137
0.000893
0.015169
-0.013481
0.014043
-0.030816
0.028580
-0.009797
0.006169
-0.058710
0.127336
-0.115067
0.040722
-0.028916
0.004770
0.015058
-0.020835
0.001845
0.007463
0.002493
-0.022893
0.026035
-0.030086
0.010919
-0.003722
0.001751
-0.005297
-0.004273
-0.000212
0.002185
-0.007830
-0.004404
0.006062
-0.016008
0.013476
-0.007048
-0.006043
-0.003354
0.015446
-0.019953
0.000016
0.004479
-0.001589
-0.009794
0.004316
-0.011320
0.005157
0.002674
-0.016631
0.005979
-0.000467
-0.004882
-0.012149
0.011481
-0.013125
0.005908
-0.012280
0.003230
-0.010503
0.009637
-0.012056
-0.002404
-0.001482
-0.001273
0.000175
-0.014075
0.007151
-0.002662
-0.017594
0.014901
-0.014963
0.001605
-0.032448
0.065309
-0.087128
0.057388
-0.097835
0.351038
-0.790913
0.889923
