0.003465
0.003048
0.002449
0.001776
0.001129
0.000585
0.000183
-0.000076
-0.000217
-0.000280
-0.000304
-0.000318
-0.000339
-0.000373
-0.000417
-0.000466
-0.000515
-0.000560
-0.000598
-0.000630
-0.000656
-0.000678
-0.000696
-0.000712
-0.000729
-0.000750
-0.000775
-0.000808
-0.000847
-0.000891
-0.000936
-0.000980
-0.001021
-0.001055
-0.001083
-0.001106
-0.001123
-0.001137
-0.001146
-0.001151
-0.001151
-0.001144
-0.001130
-0.001101
-0.001043
-0.000921
-0.000661
-0.000124
0.000945
0.002967
0.006608
0.012834
0.022949
0.038554
0.061394
0.093076
0.134655
0.186160
0.246185
0.311670
0.378033
0.439682
0.490870
0.526708
0.544078
0.542215
0.522786
0.489463
0.447122
0.400894
0.355318
0.313761
0.278196
0.249289
0.226707
0.209508
0.196507
0.186551
0.178680
0.172188
0.166608
0.161660
0.157194
0.153131
0.149429
0.146056
0.142976
0.140153
0.137549
0.135124
0.132846
0.130689
0.128631
0.126659
0.124760
0.122924
0.121141
0.119401
0.117696
0.116019
0.114369
0.112749
0.111164
0.109620
0.108121
0.106668
0.105257
0.103881
0.102529
0.101193
0.099865
0.098543
0.097229
0.095926
0.094642
0.093384
0.092159
0.090970
0.089817
0.088698
0.087607
0.086537
0.085481
0.084430
0.083376
0.082312
0.081231
0.080130
0.079008
0.077869
0.076720
0.075568
0.074423
0.073296
0.072192
0.071117
0.070073
0.069061
0.068081
0.067132
0.066213
0.065323
0.064458
0.063613
0.062782
0.061960
0.061142
0.060329
0.059524
0.058734
0.057963
0.057217
0.056494
0.055788
0.055090
0.054388
0.053671
0.052933
0.052174
0.051400
0.050624
0.049859
0.049122
0.048425
0.047777
0.047180
0.046635
0.046136
0.045674
0.045238
0.044817
0.044398
0.043966
0.043509
0.043016
0.042479
0.041896
0.041274
0.040624
0.039962
0.039308
0.038677
0.038081
0.037525
0.037009
0.036528
0.036075
0.035643
0.035225
0.034815
0.034412
0.034010
0.033607
0.033202
0.032791
0.032374
0.031952
0.031525
0.031098
0.030675
0.030259
0.029856
0.029468
0.029094
0.028733
0.028381
0.028033
0.027682
0.027324
0.026955
0.026578
0.026195
0.025814
0.025442
0.025087
0.024756
0.024452
0.024174
0.023919
0.023683
0.023458
0.023238
0.023015
0.022785
0.022548
0.022302
0.022054
0.021808
0.021573
0.021354
0.021155
0.020978
0.020818
0.020669
0.020520
0.020362
0.020187
0.019990
0.019768
0.019527
0.019274
0.019020
0.018777
0.018553
0.018355
0.018183
0.018031
0.017890
0.017747
0.017592
0.017417
0.017218
0.016997
0.016757
0.016502
0.016237
0.015965
0.015690
0.015413
0.015138
0.014866
0.014600
0.014344
0.014098
0.013864
0.013642
0.013433
0.013238
0.013058
0.012896
0.012757
0.012642
0.012551
0.012482
0.012430
0.012387
0.012343
0.012288
0.012214
0.012114
0.011985
0.011826
0.011641
0.011436
0.011219
0.010998
0.010783
0.010584
0.010410
0.010268
0.010161
0.010092
0.010054
0.010041
0.010040
0.010036
0.010018
0.009973
0.009897
0.009788
0.009650
0.009489
0.009315
0.009136
0.008963
0.008803
0.008663
0.008547
0.008455
0.008389
0.008347
0.008324
0.008317
0.008319
0.008325
0.008329
0.008326
0.008313
0.008287
0.008249
0.008199
0.008140
0.008072
0.007998
0.007915
0.007824
0.007721
0.007606
0.007478
0.007339
0.007194
0.007051
0.006916
0.006799
0.006707
0.006642
0.006605
0.006593
0.006596
0.006605
0.006612
0.006607
0.006586
0.006549
0.006497
0.006437
0.006370
0.006301
0.006228
0.006150
0.006064
0.005970
0.005867
0.005758
0.005648
0.005544
0.005451
0.005371
0.005306
0.005252
0.005205
0.005162
0.005118
0.005073
0.005024
0.004973
0.004919
0.004861
0.004799
0.004736
0.004673
0.004611
0.004555
0.004504
0.004460
0.004420
0.004384
0.004349
0.004316
0.004285
0.004258
0.004236
0.004220
0.004210
0.004203
0.004199
0.004195
0.004190
0.004185
0.004180
0.004175
0.004169
0.004161
0.004150
0.004132
0.004109
0.004080
0.004046
0.004009
0.003973
0.003939
0.003909
0.003887
0.003871
0.003865
0.003867
0.003878
0.003896
0.003922
0.003953
0.003987
0.004022
0.004054
0.004077
0.004087
0.004079
0.004050
0.003999
0.003928
0.003840
0.003741
0.003637
0.003535
0.003440
0.003356
0.003284
0.003229
0.003190
0.003166
0.003156
0.003155
0.003158
0.003159
0.003153
0.003139
0.003117
0.003090
0.003064
0.003043
0.003031
0.003031
0.003040
0.003057
0.003076
0.003092
0.003100
0.003097
0.003081
0.003050
0.003006
0.002951
0.002889
0.002824
0.002762
0.002709
0.002669
0.002645
0.002637
0.002643
0.002660
0.002681
0.002701
0.002713
0.002713
0.002700
0.002673
0.002636
0.002595
0.002557
0.002528
0.002513
0.002512
0.002522
0.002538
0.002554
0.002562
0.002561
0.002549
0.002526
0.002497
0.002464
0.002432
0.002404
0.002384
0.002372
0.002369
0.002374
0.002382
0.002391
0.002397
0.002398
0.002393
0.002381
0.002366
0.002348
0.002330
0.002313
0.002299
0.002290
0.002285
0.002287
0.002295
0.002307
0.002319
0.002329
0.002334
0.002333
0.002327
0.002319
0.002315
0.002322
0.002344
0.002387
0.002452
0.002538
0.002641
0.002754
0.002867
0.002972
0.003060
0.003122
0.003157
0.003167
0.003158
0.003138
0.003117
0.003102
0.003096
0.003100
0.003109
0.003117
0.003118
0.003107
0.003083
0.003045
0.002995
0.002939
0.002879
0.002821
0.002766
0.002716
0.002673
0.002635
0.002603
0.002575
0.002552
0.002534
0.002520
0.002511
0.002505
0.002498
0.002489
0.002473
0.002451
0.002422
0.002389
0.002355
0.002324
0.002303
0.002294
0.002300
0.002321
0.002353
0.002393
0.002433
0.002469
0.002495
0.002509
0.002513
0.002509
0.002503
0.002499
0.002500
0.002507
0.002520
0.002535
0.002550
0.002562
0.002568
0.002570
0.002567
0.002562
0.002555
0.002549
0.002543
0.002537
0.002529
0.002516
0.002499
0.002476
0.002448
0.002416
0.002384
0.002355
0.002333
0.002321
0.002322
0.002338
0.002366
0.002404
0.002446
0.002486
0.002518
0.002538
0.002544
0.002535
0.002513
0.002484
0.002451
0.002418
0.002390
0.002369
0.002355
0.002349
0.002348
0.002352
0.002360
0.002370
0.002385
0.002405
0.002434
0.002471
0.002517
0.002568
0.002617
0.002660
0.002689
0.002701
0.002695
0.002671
0.002634
0.002591
0.002546
0.002505
0.002474
0.002453
0.002446
0.002451
0.002468
0.002497
0.002535
0.002582
0.002638
0.002700
0.002769
0.002842
0.002915
0.002985
0.003047
0.003095
0.003125
0.003135
0.003125
0.003099
0.003061
0.003018
0.002975
0.002939
0.002912
0.002897
0.002891
0.002891
0.002895
0.002899
0.002902
0.002906
0.002914
0.002929
0.002953
0.002988
0.003031
0.003080
0.003128
0.003171
0.003207
0.003235
0.003257
0.003277
0.003297
0.003319
0.003346
0.003373
0.003398
0.003417
0.003424
0.003417
0.003397
0.003363
0.003320
0.003273
0.003228
0.003187
0.003154
0.003130
0.003114
0.003103
0.003094
0.003084
0.003070
0.003053
0.003031
0.003006
0.002980
0.002955
0.002931
0.002911
0.002894
0.002881
0.002870
0.002862
0.002856
0.002852
0.002850
0.002849
0.002850
0.002852
0.002856
0.002859
0.002863
0.002866
0.002870
0.002875
0.002886
0.002905
0.002935
0.002976
0.003028
0.003090
0.003158
0.003230
0.003302
0.003369
0.003427
0.003475
0.003509
0.003528
0.003532
0.003520
0.003496
0.003462
0.003422
0.003378
0.003335
0.003295
0.003258
0.003225
0.003197
0.003172
0.003149
0.003126
0.003101
0.003072
0.003038
0.002997
0.002953
0.002907
0.002865
0.002830
0.002807
0.002797
0.002801
0.002815
0.002837
0.002860
0.002882
0.002899
0.002907
0.002906
0.002896
0.002880
0.002860
0.002839
0.002820
0.002806
0.002798
0.002798
0.002805
0.002819
0.002838
0.002863
0.002892
0.002924
0.002961
0.003000
0.003044
0.003090
0.003138
0.003185
0.003230
0.003269
0.003299
0.003318
0.003328
0.003330
0.003327
0.003323
0.003321
0.003323
0.003329
0.003337
0.003343
0.003345
0.003338
0.003320
0.003290
0.003250
0.003201
0.003147
0.003089
0.003032
0.002977
0.002925
0.002879
0.002838
0.002802
0.002769
0.002739
0.002711
0.002685
0.002662
0.002644
0.002633
0.002628
0.002632
0.002641
0.002656
0.002673
0.002692
0.002709
0.002723
0.002731
0.002731
0.002722
0.002704
0.002680
0.002651
0.002623
0.002600
0.002584
0.002576
0.002575
0.002580
0.002587
0.002592
0.002593
0.002588
0.002575
0.002557
0.002534
0.002508
0.002482
0.002460
0.002442
0.002432
0.002430
0.002436
0.002446
0.002459
0.002470
0.002475
0.002470
0.002455
0.002429
0.002394
0.002352
0.002309
0.002269
0.002236
0.002213
0.002201
0.002198
0.002203
0.002212
0.002221
0.002226
0.002227
0.002221
0.002212
0.002200
0.002188
0.002180
0.002176
0.002179
0.002188
0.002201
0.002218
0.002236
0.002252
0.002265
0.002272
0.002274
0.002269
0.002258
0.002241
0.002216
0.002183
0.002143
0.002096
0.002046
0.001996
0.001952
0.001921
0.001907
0.001912
0.001936
0.001972
0.002013
0.002051
0.002080
0.002097
0.002103
0.002105
0.002109
0.002123
0.002150
0.002191
0.002242
0.002294
0.002339
0.002368
0.002376
0.002361
0.002325
0.002275
0.002217
0.002159
0.002105
0.002059
0.002021
0.001991
0.001966
0.001942
0.001919
0.001896
0.001871
0.001846
0.001822
0.001800
0.001780
0.001760
0.001740
0.001718
0.001691
0.001657
0.001612
0.001552
0.001473
0.001370
0.001236
0.001068
0.000866
0.000633
0.000379
0.000122
-0.000120
-0.000325
-0.000476
-0.000563
-0.000589
-0.000564
-0.000504
-0.000429
-0.000357
-0.000299
-0.000262
-0.000244
-0.000242
-0.000252
-0.000270
-0.000296
-0.000328
-0.000365
-0.000409
-0.000456
-0.000504
-0.000549
-0.000590
-0.000623
-0.000650
-0.000672
-0.000692
-0.000714
-0.000742
-0.000777
-0.000822
-0.000874
-0.000934
-0.000999
-0.001066
-0.001133
-0.001200
-0.001265
-0.001329
-0.001392
-0.001455
-0.001518
-0.001581
-0.001642
-0.001703
-0.001761
-0.001818
-0.001874
-0.001930
-0.001986
-0.002044
-0.002103
-0.002162
-0.002217
-0.002264
-0.002296
-0.002304
-0.002274
-0.002188
-0.002023
-0.001752
-0.001351
-0.000804
-0.000115
0.000687
0.001538
0.002351
0.003025
0.003468
0.003619
