-0.239917
0.058612
-0.050319
0.002662
0.019478
-0.001896
-0.021726
0.010338
0.018612
-0.038914
0.051967
-0.034499
-0.009496
0.018591
0.000297
-0.000884
-0.004367
-0.002894
-0.000807
0.012266
-0.023363
0.025016
-0.023088
0.005219
0.012668
-0.012992
-0.005082
0.007790
0.007097
-0.013103
0.005609
-0.001101
-0.005826
0.006061
0.004685
-0.009257
-0.004769
0.007718
-0.001433
0.003077
-0.009954
-0.000580
0.012230
-0.013544
0.000101
0.011968
-0.017248
0.009539
0.000992
-0.002403
0.002494
-0.012643
0.015306
0.000562
-0.020776
-0.002639
0.079542
-0.133922
0.014286
0.201669
0.011738
-0.895461
2.097989
0.945401
0.447205
0.165731
0.317274
0.297753
0.111069
0.004893
0.121162
0.082146
0.136321
0.187535
-0.010745
0.037166
0.159854
0.157861
0.021791
0.053779
0.088098
0.068318
0.102388
0.050500
0.072529
0.057887
0.082359
0.097838
0.023156
0.077437
0.076810
0.101060
0.020421
0.072237
0.041999
0.087252
0.082382
0.030746
0.047713
0.058056
0.083104
0.039392
0.042777
0.060482
0.070005
0.046408
0.053713
0.040509
0.051639
0.054895
0.028118
0.080164
0.020517
0.052754
0.061077
0.031001
0.049167
0.036138
0.047668
0.034166
0.065471
0.031152
0.032102
0.042391
0.045587
0.042139
0.016180
0.057221
0.040750
0.018783
0.031569
0.049829
0.037991
0.016843
0.045210
0.028682
0.049719
0.011903
0.031139
0.052448
0.012148
0.023474
0.037660
0.048511
0.001820
0.031595
0.041931
0.034291
0.015578
0.024348
0.037645
0.016398
0.030780
0.025805
0.026996
0.020237
0.028070
0.020668
0.016804
0.043151
0.008893
0.012538
0.046333
0.019633
0.011532
0.006378
0.046862
0.020287
0.010520
0.008733
0.045776
0.008370
0.027576
0.005371
0.018631
0.041824
-0.020338
0.049650
0.017820
-0.003964
0.018772
0.027543
0.015178
0.006789
0.020219
0.021755
0.012087
0.018113
0.021213
0.006135
0.008917
0.040626
-0.004117
0.013457
0.017516
0.023987
-0.000010
0.014729
0.010378
0.020700
0.002372
0.021757
0.005527
0.018814
0.006347
0.006288
0.015975
0.027169
-0.008256
0.014323
0.025731
0.003037
0.006964
0.003568
0.027155
0.007875
-0.003767
0.008903
0.035252
-0.002882
-0.013117
0.022575
0.014842
0.011783
-0.009802
0.019761
0.025287
-0.007483
0.001356
0.020968
0.002654
0.010257
0.002742
0.008036
0.020502
-0.004499
0.007532
-0.001086
0.027206
0.006795
-0.011984
0.012105
0.022177
-0.007329
-0.001025
0.011482
0.024252
-0.001138
-0.005493
0.005478
0.032117
-0.012017
0.005670
0.003296
0.010100
0.020644
-0.014972
0.009086
0.016002
-0.012197
0.009288
0.007502
0.009195
-0.001428
0.012903
-0.008707
0.012269
0.009195
-0.005742
0.005033
0.002400
0.024947
-0.015274
-0.000577
0.026730
-0.004135
-0.006153
0.006013
0.017873
-0.009837
-0.002488
0.006679
0.019032
-0.006162
0.008744
-0.007232
0.012528
0.006305
-0.006958
0.002619
0.014996
-0.003063
0.001994
0.009085
-0.004660
0.007974
-0.008201
0.011755
0.000151
0.002922
0.003745
0.002398
0.000438
0.015768
-0.012169
0.000299
0.009750
-0.006122
0.009240
-0.000730
-0.003793
0.012430
-0.004763
0.001328
-0.000916
0.009735
-0.003162
-0.002738
0.002318
0.020671
-0.020395
0.001693
0.019664
-0.005680
-0.000855
-0.000387
0.005594
-0.006298
0.011033
-0.004889
0.002437
0.000035
0.000495
0.009090
-0.003159
0.018643
-0.020424
-0.006156
0.033554
-0.011836
-0.011411
0.008627
0.010413
-0.003032
-0.006042
-0.001908
0.021646
-0.004428
-0.014437
0.009704
0.000554
0.027549
-0.038732
0.013729
0.012077
0.004689
-0.021840
0.006320
0.011063
-0.004599
-0.009682
0.010647
-0.000287
0.001270
-0.002241
-0.004130
0.012635
0.005747
-0.019018
0.003378
0.016637
-0.002699
-0.014090
0.002828
0.010920
0.000031
-0.016653
0.014360
-0.001565
0.003748
-0.007883
0.009340
-0.008736
0.010853
-0.008730
-0.002295
0.020383
-0.018045
0.004096
-0.006449
0.007350
0.010688
0.000515
-0.002216
-0.002322
0.007782
-0.003461
0.005785
-0.006047
0.016291
-0.023875
0.010511
0.011550
-0.004417
-0.016204
0.009697
0.007885
0.002659
-0.014137
0.003834
0.009722
-0.009493
0.003270
-0.010979
0.017374
-0.001399
-0.019655
0.012461
0.003801
-0.007198
0.000562
0.009101
-0.014947
0.012145
-0.006615
-0.002117
0.001307
0.009490
-0.014439
0.005444
-0.005824
0.015436
-0.022855
0.007637
0.011018
-0.005425
-0.011412
0.009715
-0.007011
0.008463
-0.009715
0.004660
0.003130
-0.004714
-0.004691
0.005033
-0.010061
0.015592
-0.009564
-0.003868
0.010467
-0.005679
-0.003071
-0.009772
0.014892
-0.004271
-0.003669
0.002111
0.005518
-0.007589
-0.005189
-0.001456
0.005736
0.007780
-0.018005
0.003682
0.010749
-0.018641
0.006588
0.000182
-0.000192
0.000757
-0.004506
0.000906
0.003048
0.001826
-0.002122
-0.006255
-0.007592
0.020868
-0.021531
0.000297
0.013992
-0.000816
-0.019959
0.010913
-0.001315
0.003627
-0.010268
-0.000164
0.004246
0.003059
-0.003939
-0.006119
0.001338
0.014313
-0.019523
-0.001300
0.010945
-0.003274
-0.009262
0.007159
-0.000689
-0.004563
0.000133
-0.010028
0.015120
0.002144
-0.023118
0.002515
0.012281
0.008761
-0.020548
-0.007826
0.025216
-0.014140
-0.010753
0.009232
-0.004135
0.001159
0.001044
-0.003168
0.009025
-0.016495
-0.001684
0.008693
-0.007266
0.007719
-0.017903
0.009609
0.003700
-0.002308
-0.011971
0.005042
0.004160
0.001285
-0.007410
-0.002250
0.004885
-0.007109
-0.000090
-0.003470
0.004043
0.003086
-0.010077
0.001695
0.003750
-0.003639
-0.005312
0.003519
-0.000837
-0.002931
-0.007231
0.002978
0.001143
0.006392
-0.005408
-0.011604
0.012200
-0.004130
-0.000375
-0.019704
0.029320
-0.007746
-0.006802
-0.006586
0.011735
0.002096
-0.023352
0.018961
-0.007486
0.011545
-0.021651
0.016477
-0.004987
0.003309
-0.009645
-0.003829
0.021216
-0.021241
0.003606
-0.003722
0.010832
-0.010672
0.004731
-0.008638
0.009635
-0.005572
-0.002787
-0.002556
0.001709
0.009087
-0.011033
-0.010450
0.021650
-0.012716
0.005337
-0.010763
0.004303
0.001627
-0.005570
0.003056
-0.000065
0.002188
-0.003800
-0.005751
-0.003446
0.023890
-0.023413
-0.002994
0.006200
0.006037
-0.008935
-0.005170
-0.000421
0.010603
-0.014053
-0.000585
0.008176
-0.000648
-0.004153
-0.010451
0.015352
0.003659
-0.017232
-0.001648
0.017988
-0.015604
-0.003338
0.007584
0.000541
-0.006067
-0.010127
0.010843
-0.005100
0.001223
0.001280
-0.002279
-0.008153
0.020218
-0.017729
-0.003023
0.014253
-0.013987
0.003764
-0.001391
-0.010476
0.019307
-0.018415
0.011552
-0.002177
-0.008414
0.009070
-0.013565
0.012401
-0.000095
0.000549
-0.014532
0.018388
-0.014560
0.007469
-0.005997
0.002000
-0.002239
-0.009037
0.010928
-0.001985
-0.002444
-0.001604
-0.004662
0.006631
0.006292
-0.014866
-0.000381
0.012134
-0.012582
0.000662
-0.000453
0.010045
-0.006484
-0.003394
-0.006824
0.015692
-0.012849
0.000487
-0.000941
-0.000010
0.010103
-0.012124
-0.001897
0.019491
-0.025332
0.010838
-0.001329
0.002937
-0.009912
0.006867
-0.002450
0.005581
-0.009928
0.000090
0.002790
-0.003472
0.010473
-0.011762
0.006221
0.001289
-0.003615
-0.006476
0.002236
0.003711
-0.001285
-0.004274
-0.004442
0.012433
-0.008793
-0.002310
0.002495
-0.006624
0.015264
-0.019851
-0.001835
0.022905
-0.007607
-0.020194
0.018299
0.001458
-0.008619
-0.004467
0.010739
-0.005361
0.007922
-0.012673
0.006114
-0.002076
0.007220
-0.005108
-0.008652
0.009824
0.003039
-0.013750
0.010109
-0.004536
-0.001961
0.005936
-0.007442
-0.001420
0.011290
-0.007917
-0.005446
0.004657
0.012102
-0.025778
0.015268
0.000085
0.001065
-0.009013
0.002625
-0.001882
0.009741
-0.006328
-0.006876
0.011045
-0.012902
0.006459
0.000510
-0.002651
0.003220
-0.000693
-0.010730
0.018211
-0.011039
-0.001316
0.008717
-0.007669
0.000377
0.005184
-0.008371
0.003778
0.004420
-0.003050
-0.008274
-0.001385
0.017989
-0.011549
-0.007190
0.006831
0.006857
-0.019854
0.014521
-0.000032
0.003005
-0.020806
0.015437
-0.003745
0.014590
-0.023987
0.010298
-0.004368
0.019170
-0.026695
0.007218
0.009457
-0.002735
-0.002677
-0.003439
0.005484
-0.004796
0.002171
-0.000034
0.004126
-0.010727
0.012519
-0.016013
0.004331
0.011451
-0.009430
-0.009350
0.020750
-0.015168
0.009312
-0.018083
0.023401
-0.020704
0.023525
-0.026457
0.017027
-0.004954
-0.000169
-0.006575
0.005931
0.011596
-0.022684
0.004509
0.013632
-0.008748
0.000758
-0.011444
0.021523
-0.015434
-0.000494
-0.002132
0.012585
-0.001538
0.001142
-0.009493
-0.000721
0.011390
-0.018384
0.011584
0.013704
-0.025318
0.011647
0.002632
-0.007908
0.004247
-0.001994
0.000135
0.004475
-0.003360
0.001916
-0.005736
0.002348
0.006993
-0.006663
-0.009437
0.023871
-0.019679
0.005806
-0.001005
0.002246
-0.000412
0.000610
-0.001413
0.001195
-0.004563
0.005717
-0.001769
-0.003780
0.018392
-0.018046
-0.000473
0.019702
-0.010878
-0.001588
0.006660
-0.009729
0.012691
-0.012813
0.017355
-0.031086
0.055202
-0.051259
0.017312
-0.002230
0.008198
-0.008654
-0.005023
0.014873
0.001045
-0.007868
-0.002453
0.004993
0.006981
-0.017689
0.008936
0.000713
0.006948
-0.014218
0.007967
-0.000202
0.013914
-0.024563
0.014047
0.001681
-0.003679
-0.003158
0.006225
-0.010924
0.014608
-0.017323
0.009301
0.000671
0.004370
-0.002460
-0.008924
0.008205
0.005197
-0.012899
0.005725
0.000135
0.007450
-0.011665
0.009456
-0.003404
-0.004145
0.002926
0.003514
-0.008066
0.012382
-0.007093
-0.007140
0.014419
0.003100
-0.016912
0.000948
0.016436
-0.012786
0.012866
-0.032195
0.033438
-0.000707
-0.003418
-0.056884
0.122247
-0.102772
0.030241
-0.022660
0.012480
0.007804
-0.006212
-0.010776
0.015615
-0.004148
-0.005488
-0.000005
-0.003863
0.004834
0.001150
-0.011747
0.001021
0.004970
-0.003912
0.002549
-0.001059
-0.005028
0.001030
-0.003316
0.007208
-0.001118
-0.015435
0.013650
-0.004559
-0.000864
-0.005597
-0.003896
0.009328
-0.004172
-0.001562
-0.009449
0.002755
0.004890
-0.000699
-0.015938
0.015346
-0.008299
-0.000405
-0.004417
0.003879
-0.001780
-0.003866
0.001332
-0.001572
-0.009492
0.001815
0.001346
0.003613
-0.013356
0.002601
0.002238
-0.002259
-0.005040
0.001895
0.000721
-0.007756
-0.000181
-0.007069
0.035503
-0.049586
0.031276
-0.062696
0.222153
-0.487406
0.550149
