-0.296610
0.044388
-0.042685
-0.017245
0.034166
0.000306
-0.021207
0.001912
0.027807
-0.058314
0.082935
-0.055959
-0.002627
0.018489
-0.000869
0.006474
-0.015491
-0.004838
0.011762
0.006283
-0.025694
0.034544
-0.029896
0.000372
0.023573
-0.021756
0.003906
-0.001539
0.008165
-0.005742
-0.009262
0.008593
-0.000649
-0.001756
0.006288
-0.007827
-0.008085
0.012525
-0.000347
-0.013966
0.008986
-0.004164
0.012023
-0.012123
-0.006523
0.009829
-0.009207
0.009271
-0.004111
-0.007501
0.008477
-0.010562
0.004991
0.014579
-0.031995
0.008147
0.081283
-0.154828
0.025355
0.236787
-0.053721
-0.933857
2.344232
0.683596
0.746468
0.615253
0.408958
0.266338
0.129494
0.052338
0.090686
0.176017
0.097965
0.127002
0.060236
0.134074
0.024781
0.141104
0.084983
0.071221
0.103771
0.072809
0.082171
0.082993
0.107885
0.052951
0.081732
0.127153
0.035945
0.062683
0.101604
0.097348
0.056768
0.071175
0.065841
0.093890
0.070812
0.044416
0.091184
0.060693
0.064748
0.060140
0.065566
0.060905
0.070953
0.062727
0.052419
0.055324
0.067948
0.054318
0.033475
0.084401
0.038893
0.062972
0.053284
0.050064
0.048718
0.042088
0.072292
0.033672
0.072303
0.026170
0.060948
0.046808
0.061712
0.010600
0.066203
0.052954
0.037045
0.032623
0.048158
0.042976
0.046559
0.032302
0.051454
0.036830
0.037309
0.044009
0.041498
0.029889
0.040731
0.042121
0.037149
0.041576
0.030102
0.035423
0.033419
0.048977
0.013111
0.039658
0.042850
0.022761
0.028684
0.034282
0.036733
0.027782
0.027897
0.031831
0.019677
0.047565
0.004885
0.042965
0.031804
0.026985
0.010040
0.046374
0.023017
0.011576
0.040760
0.025440
0.018878
0.014760
0.044892
0.004735
0.024659
0.050673
-0.010682
0.032105
0.037074
0.012548
0.015490
0.017199
0.041473
-0.000643
0.025389
0.014351
0.034719
0.005507
0.023168
0.007097
0.029489
0.027341
0.003059
0.023823
0.016494
0.013937
0.020940
0.019797
-0.001214
0.042202
0.000177
0.013503
0.022615
0.019294
0.014047
-0.003827
0.032406
0.027205
0.000731
0.000013
0.036684
0.008488
0.019950
0.009300
0.012680
0.012103
0.020521
0.007015
0.014884
0.024858
0.001093
0.016816
-0.007055
0.036562
-0.004445
0.005923
0.024734
0.004242
0.009185
0.013107
0.014466
0.003375
0.021829
-0.006924
0.027937
0.002771
0.013288
0.005375
0.005856
0.030953
-0.008329
0.006146
0.021497
0.007407
0.000387
0.010095
0.004691
0.013606
0.012833
-0.010013
0.028571
-0.004904
0.013718
-0.011498
0.031772
0.002762
-0.010482
0.010208
0.028323
-0.000464
-0.010581
0.016391
0.013741
-0.004176
0.012798
0.013694
-0.000015
0.021509
-0.006380
0.007714
-0.001944
0.035738
-0.016553
0.004576
0.018254
-0.000133
0.004188
0.008526
0.001267
0.010214
0.001560
0.004444
0.016967
-0.006259
0.016128
-0.001370
0.015153
0.006619
-0.015478
0.018171
0.015761
-0.007626
-0.006474
0.026575
-0.011881
0.014451
-0.013932
0.011988
0.012902
0.003458
-0.011508
0.008145
0.011095
0.007963
-0.001997
0.000289
0.009616
0.005829
-0.007556
0.009027
0.001062
0.007231
-0.002546
-0.000161
0.007554
0.010559
0.000002
-0.010708
0.012118
0.005602
-0.001602
-0.008718
0.024416
-0.004756
-0.003740
0.004986
0.008046
-0.001012
-0.002784
0.014039
-0.008659
0.011600
-0.006296
0.009880
-0.015447
0.022227
-0.013663
0.004767
0.014458
-0.009970
-0.009526
0.019546
0.006323
-0.008596
-0.005259
0.010764
0.006665
0.004213
-0.018257
0.004036
0.007354
0.013459
-0.025056
0.007246
0.021586
-0.008882
-0.006276
0.003985
-0.001487
0.007541
-0.007084
0.005567
0.002790
0.000675
-0.006414
0.003888
0.000589
0.017115
-0.027615
0.015597
0.004829
-0.002850
-0.010421
0.003591
0.015466
0.000788
-0.002074
0.002655
0.010380
-0.001069
-0.005834
-0.000364
0.005833
0.002577
-0.005310
-0.005570
0.021282
-0.013541
-0.007382
0.009671
0.001353
0.000998
-0.008806
0.012996
-0.007939
0.007024
-0.001296
-0.015058
0.011924
0.010774
-0.018949
0.009730
-0.000458
0.006120
-0.004982
-0.000451
-0.004266
0.006903
-0.008332
0.009025
-0.011174
0.011250
0.006769
-0.021655
0.019095
-0.000638
-0.010492
-0.001084
0.016744
-0.013782
-0.002411
0.004389
-0.006145
0.010355
-0.003471
-0.012654
0.008822
0.004174
-0.006093
-0.007208
0.004289
0.014858
-0.014255
-0.000558
0.006962
0.000667
-0.005671
0.003468
-0.005174
0.003697
-0.003463
0.002464
-0.005618
0.005030
0.000025
-0.005626
-0.002878
0.010505
-0.008255
-0.005422
0.009515
0.004065
-0.018191
0.006263
0.005960
-0.007020
0.002779
-0.000485
0.000412
-0.008953
0.004561
0.002750
-0.007139
0.008587
-0.011828
0.011817
-0.006077
0.004897
-0.003628
0.010425
-0.002426
0.000233
-0.005581
0.002691
0.000022
0.007591
-0.014710
0.007687
0.000469
0.003909
-0.012234
0.000249
0.013365
-0.007724
-0.007104
-0.000051
0.006342
-0.004455
0.000481
-0.008362
0.009476
0.003911
-0.010996
-0.007326
0.011159
0.013193
-0.024549
0.004706
0.003348
0.000145
0.001408
-0.005035
-0.006337
0.008549
-0.006367
0.007273
-0.007845
0.002836
-0.002115
-0.008238
0.007619
0.009730
-0.020734
0.002337
0.010072
-0.007032
-0.006748
0.005329
0.002087
-0.001348
-0.003428
-0.008025
0.011760
-0.006794
0.002494
-0.013256
0.014297
-0.003491
-0.007762
0.002363
0.004864
-0.006329
0.000520
-0.004628
0.008960
-0.012571
0.007359
-0.005715
0.004230
0.000562
-0.007568
0.001320
0.004846
-0.003605
-0.003820
-0.007517
0.018243
-0.012896
-0.008622
0.007996
-0.002554
0.003133
-0.003613
-0.005478
0.003855
-0.001794
0.006804
-0.014457
0.009722
-0.001795
-0.007346
-0.005431
0.014921
-0.003432
-0.008961
0.007269
-0.005996
0.009094
-0.010232
-0.003208
0.011484
-0.006565
0.006646
-0.021804
0.013602
0.001412
-0.002581
-0.010319
0.022307
-0.014926
0.003378
-0.000635
-0.001457
-0.004549
0.008624
-0.008074
0.011561
-0.018029
0.014979
-0.016430
0.013065
0.004401
-0.017203
-0.012164
0.038617
-0.019151
-0.007902
0.005187
-0.004900
0.008325
-0.000315
-0.012740
0.011204
-0.003303
0.010018
-0.028345
0.015188
0.004784
-0.003746
-0.008662
0.017675
-0.008132
0.006714
-0.006947
0.004387
-0.005439
0.002121
0.004894
-0.002113
-0.007498
0.005890
-0.003982
0.005253
0.006799
-0.018045
0.005063
0.002744
0.004517
-0.002306
-0.012704
0.014800
-0.004105
0.003485
-0.011823
0.004554
0.005540
0.000235
-0.008479
-0.000220
0.016405
-0.013907
0.000690
0.013005
-0.006668
-0.005881
-0.006694
0.020162
-0.016681
0.001609
0.001453
0.005419
-0.006132
0.007979
-0.018096
0.015734
0.005087
-0.011923
-0.011802
0.020258
-0.005352
-0.001323
-0.007875
0.003498
0.008615
-0.009311
0.001270
0.000074
0.001329
-0.000631
-0.007361
0.006322
0.002337
-0.007936
0.001884
0.005906
-0.007178
0.004829
-0.000461
-0.000746
0.002890
-0.003517
0.005531
-0.001101
0.011572
-0.010011
-0.006311
0.010391
0.007317
-0.014083
-0.003607
0.019939
-0.011349
-0.007209
0.005916
0.007973
-0.011741
0.006337
-0.006890
0.013293
-0.013457
0.007447
-0.003267
0.012543
-0.013058
0.003354
-0.009889
0.020388
-0.012679
0.000140
-0.000871
0.001172
0.011184
-0.013217
0.004660
-0.002585
0.014815
-0.012782
0.006418
-0.009933
0.024896
-0.025779
0.003289
0.019526
-0.018978
0.008831
-0.002680
0.003977
-0.007800
-0.004657
0.009025
0.007438
-0.013663
0.012306
-0.003826
0.001020
0.010154
-0.029593
0.023336
0.001888
-0.001876
-0.010686
-0.000104
0.013814
-0.010633
0.005224
-0.008845
0.015907
-0.004301
-0.012203
0.007143
-0.004103
0.020104
-0.017879
-0.001462
0.005934
0.009725
-0.013715
0.008517
-0.010537
0.012557
-0.004566
0.001954
-0.002304
0.005129
0.001896
-0.008799
0.011734
-0.002253
-0.000857
-0.005828
0.015010
-0.003973
-0.004115
-0.001095
0.004453
-0.003640
0.003765
-0.010504
0.019665
-0.015585
0.009706
-0.008705
0.009118
0.005687
-0.017880
0.009017
0.001494
0.009991
-0.015767
0.004817
0.002294
0.002480
0.002882
-0.016545
0.018373
-0.006591
0.005520
-0.014496
0.017017
-0.000783
-0.009983
-0.001471
0.008342
0.004266
-0.013606
0.013065
-0.002170
-0.002702
-0.007113
0.014633
-0.009013
0.004446
-0.002209
-0.004773
0.005392
0.007416
-0.008202
-0.014242
0.035863
-0.022527
-0.000424
-0.002465
0.017143
-0.014095
0.007333
-0.016538
0.019106
0.000408
0.001929
-0.023319
0.020963
0.001165
-0.006184
-0.007666
0.017096
-0.009323
-0.000754
0.004238
-0.003628
0.007077
-0.006529
0.002952
0.002457
-0.000611
-0.000357
0.000059
-0.002619
0.017581
-0.019819
0.000809
0.015109
-0.007676
-0.004688
0.006110
0.005765
-0.011578
-0.001661
0.008122
-0.002955
0.000737
0.006348
-0.012298
0.016535
-0.004749
-0.009263
0.005385
0.007303
-0.009753
0.006953
0.001933
-0.007221
0.009426
-0.011020
0.005289
0.002695
-0.003878
0.009361
-0.017645
0.007836
0.017596
-0.021453
0.001265
0.012732
-0.001471
-0.009977
0.014141
-0.019672
0.027751
-0.033263
0.042748
-0.061676
0.082602
-0.067529
0.025295
-0.006924
0.012759
-0.004833
-0.008122
0.018735
-0.022729
0.015331
-0.007613
0.013288
-0.018648
0.009366
-0.000009
0.000249
0.005735
-0.010271
-0.000437
0.013047
-0.003593
-0.008645
0.001297
0.010114
-0.006806
-0.002502
0.006363
-0.008040
0.007816
0.002840
-0.001642
0.004986
-0.000849
0.005837
-0.008259
0.005461
0.004996
-0.008434
0.008750
-0.001208
-0.010439
0.018617
-0.017899
0.015554
-0.000737
-0.018197
0.020918
-0.014323
0.020068
-0.015971
0.006223
-0.002713
0.011369
-0.018647
0.015732
-0.006351
0.002887
0.009114
-0.022945
0.026281
-0.008027
0.008608
-0.065681
0.136778
-0.126808
0.061426
-0.037993
0.009156
0.006216
-0.005958
-0.004107
0.010655
0.000196
-0.015561
0.016104
-0.016202
0.006954
-0.005014
0.015573
-0.021092
0.011722
-0.008511
0.010702
-0.015561
0.003116
0.011084
-0.020440
0.021377
-0.014845
0.002642
-0.006206
0.011700
-0.009122
-0.001391
-0.000688
0.002023
-0.003203
-0.001030
-0.003946
0.004026
-0.007437
0.009465
-0.013381
0.010739
-0.012560
0.007524
-0.009817
0.007166
-0.012070
0.013475
-0.016964
0.006737
-0.007830
0.007705
-0.008140
0.001455
-0.002249
-0.005515
-0.003904
0.005018
0.001769
-0.010791
0.001025
0.001168
0.006044
-0.040424
0.065876
-0.080024
0.055366
-0.082788
0.286558
-0.647207
0.734136
