0.007630
0.006709
0.005388
0.003900
0.002471
0.001271
0.000390
-0.000164
-0.000449
-0.000553
-0.000568
-0.000567
-0.000594
-0.000666
-0.000777
-0.000913
-0.001055
-0.001188
-0.001305
-0.001402
-0.001481
-0.001547
-0.001605
-0.001660
-0.001717
-0.001778
-0.001842
-0.001908
-0.001976
-0.002043
-0.002108
-0.002170
-0.002229
-0.002286
-0.002343
-0.002399
-0.002455
-0.002512
-0.002569
-0.002624
-0.002676
-0.002720
-0.002752
-0.002760
-0.002718
-0.002570
-0.002200
-0.001381
0.000303
0.003574
0.009598
0.020132
0.037626
0.065209
0.106467
0.164949
0.243379
0.342682
0.461024
0.593174
0.730499
0.861776
0.974813
1.058547
1.105144
1.111510
1.079804
1.016807
0.932368
0.837374
0.741817
0.653382
0.576802
0.513956
0.464469
0.426560
0.397851
0.375972
0.358926
0.345217
0.333831
0.324129
0.315731
0.308407
0.302005
0.296400
0.291478
0.287119
0.283208
0.279630
0.276284
0.273085
0.269967
0.266890
0.263833
0.260790
0.257769
0.254780
0.251834
0.248938
0.246097
0.243311
0.240580
0.237901
0.235274
0.232697
0.230171
0.227697
0.225273
0.222896
0.220564
0.218272
0.216016
0.213788
0.211584
0.209395
0.207212
0.205028
0.202831
0.200616
0.198379
0.196120
0.193845
0.191562
0.189281
0.187015
0.184776
0.182576
0.180422
0.178320
0.176265
0.174249
0.172255
0.170264
0.168260
0.166234
0.164185
0.162126
0.160072
0.158041
0.156043
0.154080
0.152144
0.150225
0.148318
0.146426
0.144567
0.142763
0.141042
0.139423
0.137912
0.136500
0.135161
0.133864
0.132578
0.131281
0.129961
0.128623
0.127278
0.125944
0.124635
0.123359
0.122117
0.120900
0.119697
0.118495
0.117286
0.116065
0.114835
0.113602
0.112376
0.111167
0.109983
0.108832
0.107715
0.106634
0.105588
0.104574
0.103588
0.102627
0.101687
0.100762
0.099847
0.098938
0.098030
0.097118
0.096199
0.095270
0.094331
0.093379
0.092417
0.091447
0.090475
0.089511
0.088566
0.087651
0.086777
0.085952
0.085177
0.084450
0.083766
0.083115
0.082486
0.081867
0.081248
0.080617
0.079969
0.079297
0.078600
0.077882
0.077151
0.076421
0.075705
0.075019
0.074373
0.073773
0.073218
0.072700
0.072209
0.071729
0.071249
0.070757
0.070247
0.069719
0.069176
0.068625
0.068073
0.067531
0.067004
0.066497
0.066010
0.065537
0.065073
0.064609
0.064138
0.063656
0.063163
0.062660
0.062151
0.061641
0.061134
0.060635
0.060147
0.059674
0.059221
0.058793
0.058393
0.058022
0.057680
0.057361
0.057061
0.056770
0.056480
0.056181
0.055865
0.055526
0.055162
0.054772
0.054361
0.053937
0.053509
0.053087
0.052677
0.052285
0.051910
0.051549
0.051197
0.050847
0.050496
0.050143
0.049787
0.049431
0.049076
0.048725
0.048379
0.048036
0.047697
0.047363
0.047033
0.046708
0.046392
0.046085
0.045789
0.045505
0.045231
0.044963
0.044696
0.044425
0.044145
0.043853
0.043554
0.043254
0.042963
0.042691
0.042443
0.042221
0.042021
0.041836
0.041656
0.041474
0.041282
0.041076
0.040852
0.040605
0.040334
0.040037
0.039713
0.039366
0.039001
0.038625
0.038245
0.037871
0.037507
0.037159
0.036827
0.036515
0.036220
0.035941
0.035677
0.035424
0.035178
0.034937
0.034698
0.034460
0.034224
0.033990
0.033759
0.033530
0.033302
0.033074
0.032843
0.032609
0.032370
0.032126
0.031878
0.031625
0.031370
0.031113
0.030858
0.030608
0.030367
0.030139
0.029925
0.029725
0.029535
0.029351
0.029169
0.028984
0.028794
0.028598
0.028399
0.028197
0.027996
0.027800
0.027612
0.027436
0.027274
0.027129
0.026999
0.026882
0.026775
0.026672
0.026568
0.026457
0.026336
0.026201
0.026052
0.025888
0.025708
0.025515
0.025313
0.025109
0.024911
0.024724
0.024555
0.024405
0.024275
0.024161
0.024060
0.023969
0.023887
0.023813
0.023749
0.023695
0.023650
0.023614
0.023582
0.023553
0.023521
0.023482
0.023433
0.023369
0.023289
0.023193
0.023081
0.022958
0.022826
0.022691
0.022556
0.022425
0.022300
0.022182
0.022073
0.021974
0.021886
0.021807
0.021737
0.021671
0.021608
0.021544
0.021476
0.021402
0.021322
0.021236
0.021143
0.021043
0.020935
0.020818
0.020693
0.020560
0.020425
0.020290
0.020160
0.020038
0.019928
0.019829
0.019743
0.019669
0.019604
0.019547
0.019493
0.019439
0.019382
0.019320
0.019254
0.019187
0.019123
0.019068
0.019025
0.018998
0.018986
0.018985
0.018991
0.018999
0.019002
0.018997
0.018979
0.018946
0.018898
0.018837
0.018765
0.018688
0.018612
0.018541
0.018478
0.018423
0.018377
0.018337
0.018300
0.018263
0.018227
0.018189
0.018150
0.018110
0.018068
0.018026
0.017984
0.017949
0.017924
0.017915
0.017927
0.017959
0.018005
0.018058
0.018106
0.018138
0.018143
0.018115
0.018054
0.017962
0.017847
0.017719
0.017589
0.017470
0.017371
0.017296
0.017247
0.017220
0.017206
0.017198
0.017186
0.017165
0.017132
0.017087
0.017034
0.016975
0.016915
0.016858
0.016808
0.016768
0.016740
0.016726
0.016725
0.016735
0.016752
0.016769
0.016778
0.016774
0.016751
0.016708
0.016645
0.016568
0.016482
0.016394
0.016314
0.016246
0.016196
0.016165
0.016151
0.016150
0.016153
0.016154
0.016147
0.016128
0.016099
0.016060
0.016016
0.015968
0.015918
0.015864
0.015808
0.015746
0.015682
0.015615
0.015549
0.015489
0.015435
0.015392
0.015359
0.015336
0.015322
0.015316
0.015315
0.015320
0.015330
0.015346
0.015369
0.015401
0.015443
0.015497
0.015562
0.015636
0.015716
0.015797
0.015875
0.015947
0.016012
0.016069
0.016117
0.016154
0.016178
0.016185
0.016170
0.016131
0.016066
0.015976
0.015868
0.015748
0.015624
0.015504
0.015394
0.015298
0.015217
0.015148
0.015088
0.015032
0.014975
0.014916
0.014855
0.014794
0.014738
0.014694
0.014666
0.014656
0.014665
0.014690
0.014728
0.014772
0.014814
0.014848
0.014867
0.014865
0.014839
0.014793
0.014732
0.014664
0.014598
0.014541
0.014496
0.014461
0.014431
0.014400
0.014362
0.014313
0.014253
0.014183
0.014106
0.014027
0.013951
0.013883
0.013829
0.013796
0.013790
0.013814
0.013870
0.013953
0.014058
0.014175
0.014292
0.014400
0.014486
0.014543
0.014564
0.014547
0.014493
0.014406
0.014297
0.014175
0.014053
0.013938
0.013839
0.013756
0.013690
0.013638
0.013598
0.013567
0.013545
0.013533
0.013530
0.013537
0.013550
0.013566
0.013582
0.013594
0.013599
0.013597
0.013587
0.013572
0.013555
0.013537
0.013519
0.013502
0.013485
0.013466
0.013440
0.013406
0.013359
0.013299
0.013229
0.013155
0.013083
0.013020
0.012974
0.012946
0.012936
0.012940
0.012953
0.012969
0.012985
0.013000
0.013018
0.013043
0.013080
0.013136
0.013211
0.013305
0.013411
0.013518
0.013612
0.013680
0.013711
0.013701
0.013651
0.013571
0.013475
0.013376
0.013286
0.013213
0.013158
0.013121
0.013098
0.013084
0.013077
0.013070
0.013059
0.013039
0.013003
0.012949
0.012877
0.012793
0.012703
0.012617
0.012542
0.012480
0.012434
0.012401
0.012376
0.012357
0.012341
0.012328
0.012317
0.012306
0.012294
0.012278
0.012255
0.012225
0.012186
0.012140
0.012090
0.012039
0.011988
0.011941
0.011897
0.011859
0.011826
0.011798
0.011777
0.011760
0.011745
0.011729
0.011709
0.011682
0.011646
0.011599
0.011543
0.011477
0.011403
0.011324
0.011243
0.011163
0.011089
0.011023
0.010968
0.010924
0.010892
0.010870
0.010855
0.010845
0.010839
0.010834
0.010829
0.010819
0.010804
0.010779
0.010744
0.010698
0.010643
0.010583
0.010522
0.010463
0.010408
0.010358
0.010312
0.010268
0.010224
0.010180
0.010135
0.010088
0.010042
0.009997
0.009955
0.009919
0.009890
0.009872
0.009864
0.009870
0.009890
0.009925
0.009978
0.010049
0.010140
0.010251
0.010377
0.010513
0.010646
0.010765
0.010857
0.010910
0.010920
0.010885
0.010814
0.010715
0.010603
0.010491
0.010387
0.010299
0.010226
0.010166
0.010111
0.010056
0.009995
0.009925
0.009846
0.009759
0.009668
0.009578
0.009492
0.009413
0.009342
0.009279
0.009223
0.009171
0.009123
0.009076
0.009026
0.008973
0.008913
0.008846
0.008776
0.008706
0.008643
0.008595
0.008569
0.008573
0.008612
0.008688
0.008801
0.008944
0.009107
0.009271
0.009414
0.009512
0.009545
0.009503
0.009389
0.009217
0.009014
0.008808
0.008625
0.008481
0.008383
0.008325
0.008296
0.008284
0.008276
0.008266
0.008249
0.008225
0.008198
0.008170
0.008143
0.008120
0.008102
0.008086
0.008072
0.008054
0.008029
0.007994
0.007947
0.007890
0.007826
0.007761
0.007699
0.007645
0.007601
0.007567
0.007543
0.007529
0.007522
0.007522
0.007524
0.007527
0.007527
0.007520
0.007504
0.007477
0.007441
0.007398
0.007349
0.007296
0.007241
0.007185
0.007128
0.007072
0.007018
0.006969
0.006926
0.006891
0.006864
0.006847
0.006840
0.006841
0.006851
0.006866
0.006880
0.006887
0.006878
0.006847
0.006790
0.006710
0.006613
0.006511
0.006413
0.006331
0.006269
0.006227
0.006200
0.006183
0.006168
0.006149
0.006125
0.006096
0.006062
0.006029
0.006001
0.005982
0.005977
0.005990
0.006021
0.006068
0.006127
0.006189
0.006243
0.006282
0.006295
0.006279
0.006233
0.006161
0.006067
0.005960
0.005850
0.005744
0.005649
0.005569
0.005504
0.005451
0.005407
0.005364
0.005317
0.005260
0.005192
0.005112
0.005020
0.004918
0.004807
0.004684
0.004543
0.004374
0.004163
0.003895
0.003558
0.003149
0.002678
0.002170
0.001664
0.001205
0.000837
0.000588
0.000467
0.000459
0.000529
0.000633
0.000727
0.000782
0.000780
0.000723
0.000624
0.000499
0.000366
0.000236
0.000114
-0.000001
-0.000111
-0.000222
-0.000335
-0.000453
-0.000574
-0.000697
-0.000818
-0.000934
-0.001042
-0.001142
-0.001232
-0.001314
-0.001392
-0.001470
-0.001553
-0.001645
-0.001750
-0.001868
-0.002000
-0.002144
-0.002296
-0.002454
-0.002614
-0.002775
-0.002936
-0.003094
-0.003251
-0.003407
-0.003560
-0.003712
-0.003861
-0.004007
-0.004152
-0.004296
-0.004438
-0.004575
-0.004702
-0.004806
-0.004865
-0.004846
-0.004704
-0.004381
-0.003816
-0.002953
-0.001757
-0.000241
0.001524
0.003399
0.005188
0.006669
0.007640
0.007970
