-0.273537
0.051456
-0.057927
-0.001387
0.036322
-0.015542
-0.011145
-0.009690
0.044863
-0.063756
0.068819
-0.042953
-0.006952
0.024584
-0.014552
0.008270
-0.005889
-0.001748
-0.000397
0.019085
-0.037240
0.036731
-0.020816
-0.006724
0.021345
-0.017476
0.000170
0.002443
0.005540
-0.010563
0.010163
-0.004803
-0.005226
0.003916
-0.000942
-0.001291
-0.014951
0.019188
-0.008812
0.000260
-0.003084
0.000642
0.006323
-0.003898
-0.005998
0.010728
-0.015238
0.009303
-0.002036
-0.012019
0.015822
-0.014647
0.013125
-0.005458
-0.007748
-0.013310
0.074605
-0.103644
0.001360
0.119018
0.127869
-0.826568
1.741023
1.104569
0.554307
0.363884
0.302010
0.268788
0.137372
0.084823
0.080161
0.072807
0.173579
0.194126
-0.009073
0.073064
0.143448
0.136333
0.074533
0.061093
0.094792
0.076795
0.093654
0.061758
0.124700
0.050737
0.058658
0.139512
0.052849
0.037622
0.121216
0.084791
0.042932
0.094297
0.044085
0.089781
0.098233
0.030711
0.070689
0.067556
0.067117
0.069830
0.057998
0.053029
0.072890
0.059388
0.056485
0.052374
0.067539
0.064262
0.032929
0.064355
0.071054
0.030514
0.075441
0.039001
0.067751
0.033468
0.061245
0.043120
0.065377
0.024851
0.066414
0.044061
0.043571
0.045983
0.044411
0.045866
0.050598
0.022630
0.063199
0.036673
0.052842
0.023062
0.054778
0.029878
0.055437
0.025813
0.048780
0.038491
0.031460
0.025547
0.042524
0.045811
0.019296
0.037526
0.041508
0.025621
0.039097
0.030136
0.019050
0.055365
0.019675
0.030472
0.034725
0.027714
0.045078
0.006369
0.042711
0.038321
0.011852
0.023521
0.036309
0.025482
0.026995
0.010386
0.045305
0.014128
0.028724
0.011991
0.039434
0.028285
0.023225
0.010130
0.026938
0.038605
0.014959
0.012156
0.030664
0.016690
0.027287
0.026562
0.007470
0.031612
0.027372
-0.000420
0.032432
0.031159
-0.000321
0.021455
0.034325
0.020560
0.002149
0.007308
0.040117
0.019278
0.002751
0.032109
0.001486
0.030418
0.007239
0.014291
0.033905
-0.002220
0.021009
0.011105
0.022681
0.015375
0.009215
0.013312
0.019405
0.021876
0.005190
0.035014
-0.012863
0.031628
0.002258
0.027054
-0.000664
0.018989
0.012431
0.004154
0.022172
0.016107
0.007663
-0.005023
0.036664
0.011937
0.006527
-0.008146
0.031862
-0.000850
0.022144
0.000464
0.024160
-0.000886
0.022208
-0.004011
0.016426
0.018175
-0.001839
-0.001216
0.033285
-0.003132
0.006756
0.021362
0.006187
0.010085
0.002168
0.007299
0.029696
-0.007790
0.014063
0.008273
-0.003460
0.031229
-0.001927
0.007971
0.017324
0.008595
0.010438
0.009048
0.009280
0.001016
0.014975
0.002429
0.014573
0.009472
0.005162
-0.005022
0.019274
0.016089
0.000047
-0.007136
0.014646
0.014486
0.004303
0.011836
-0.012236
0.032313
-0.011675
0.012881
0.001080
0.012053
0.006064
-0.008402
0.022966
-0.002262
0.005944
0.001605
0.011213
0.018724
-0.018708
0.016240
-0.001747
0.014298
-0.010871
0.020878
0.003414
-0.011308
0.016417
-0.012670
0.025449
-0.001882
-0.010188
0.014093
0.004059
0.006269
-0.001615
0.004443
0.002848
0.007326
0.003117
-0.007336
0.014102
-0.004928
0.017849
-0.008424
0.000681
0.012487
0.002455
-0.006854
0.012283
0.004557
0.001278
0.006734
-0.010081
0.007660
0.000841
0.018874
-0.020953
0.025865
-0.010624
0.010546
-0.003358
0.010846
0.004746
-0.023639
0.041573
-0.014724
-0.007837
0.007760
0.011310
0.001789
-0.007938
0.002965
0.005957
0.010811
-0.019172
0.007969
0.004638
0.006741
-0.005844
-0.007333
0.015492
0.002148
0.002122
-0.005665
-0.002979
0.009478
-0.003241
0.003255
-0.000788
0.004320
0.009387
-0.014866
0.009323
0.015083
-0.011977
0.000852
-0.002142
0.005817
0.007878
-0.014974
0.009615
-0.008093
0.012122
-0.007765
0.014794
-0.001742
0.001808
-0.019441
0.017444
-0.005289
-0.002046
-0.006004
0.009853
0.013642
-0.020958
0.016892
-0.013642
0.011890
-0.010117
0.005167
0.003655
-0.008291
0.004276
-0.004946
0.004130
0.003508
0.000522
-0.015402
0.020153
-0.007556
-0.006206
0.003447
-0.005950
0.017467
-0.014110
-0.000118
0.007777
-0.002506
0.002189
-0.012558
0.006565
0.011933
-0.007281
-0.015518
0.029878
-0.012018
-0.015826
0.003662
0.005297
0.007458
-0.015988
0.013340
-0.002134
0.016304
-0.018463
-0.004659
0.001799
0.009023
0.001200
-0.015885
0.022219
-0.010071
0.003349
-0.017104
0.020210
-0.018406
0.018509
-0.017078
0.007274
-0.002066
-0.005930
0.003132
0.007490
-0.008857
0.001246
-0.007298
0.009070
-0.004527
-0.002660
0.007536
-0.012867
0.011032
-0.004143
-0.001038
-0.005698
0.008094
-0.004513
-0.007626
-0.005246
0.017121
0.002196
-0.019718
0.010932
0.002107
-0.010179
0.007608
-0.003370
0.003214
-0.006773
-0.008285
0.010743
-0.001490
-0.010352
0.012885
-0.018737
0.025230
-0.024930
0.004277
0.003784
0.006430
-0.022754
0.009559
-0.000577
0.002850
-0.007287
-0.000979
0.002904
0.004342
-0.010931
0.004633
-0.010171
0.010659
-0.005026
-0.012952
0.020353
-0.004742
-0.014583
0.003645
-0.000779
0.005216
-0.004009
-0.017394
0.022846
-0.020531
0.006670
-0.003763
0.001981
0.002467
-0.000724
-0.021703
0.024245
-0.013303
-0.012443
0.023247
-0.017651
0.004251
-0.003194
0.000534
-0.008175
0.009617
-0.014044
0.001266
0.004180
0.007211
-0.018027
0.000609
0.015582
-0.005766
-0.000025
-0.019347
0.017295
-0.002671
-0.009913
0.001255
-0.004083
0.006478
-0.003790
-0.008076
0.009654
-0.009878
0.005466
-0.011522
0.011241
-0.003667
0.000545
-0.012560
-0.001723
0.011589
-0.004039
-0.009026
-0.005381
0.017790
-0.021030
0.000340
0.005316
0.031066
-0.015612
-0.004349
0.024672
-0.001191
-0.013529
-0.003231
0.021621
-0.016046
-0.001458
0.002433
0.018590
-0.024083
-0.003339
0.010058
-0.010280
0.016452
-0.002812
-0.010349
0.002771
0.000381
-0.002300
0.005756
-0.009080
0.012720
-0.018325
0.007933
0.005845
-0.006474
-0.006162
0.008482
-0.015903
0.018975
-0.011448
-0.011874
0.027304
-0.023036
0.008544
-0.010402
0.019245
-0.027695
0.017811
-0.012761
0.007698
0.001635
0.003983
-0.016828
0.008597
0.005950
-0.010997
-0.012760
0.030011
-0.020285
0.007206
-0.004653
-0.000742
0.001275
0.002060
-0.013816
0.012000
-0.011628
0.013254
-0.016041
0.004915
0.011717
-0.009757
-0.013894
0.013185
0.009396
-0.020437
0.008615
-0.001449
0.004719
-0.012428
0.006692
-0.008111
0.011421
-0.012311
0.004642
0.000511
-0.008054
0.006294
0.006254
-0.009337
-0.002738
0.005166
0.000843
0.011389
-0.005659
-0.002866
0.000261
0.000718
0.004020
-0.005959
-0.002712
0.000393
0.016020
-0.024067
0.011440
0.009199
-0.005959
-0.005902
-0.005176
-0.002634
0.014212
-0.004020
0.002569
-0.007552
0.001413
-0.002816
0.004690
-0.009040
0.010709
-0.004272
-0.011727
0.024786
-0.023781
0.001804
0.002918
0.009446
-0.022997
0.015723
-0.008111
0.006707
0.002303
-0.011854
0.005848
-0.005153
0.008076
-0.004135
-0.008799
0.000899
0.020080
-0.026782
0.009272
-0.000607
-0.001042
-0.000026
-0.006742
0.008252
0.003795
-0.010575
0.002403
-0.002330
0.000960
0.001591
-0.013300
0.022588
-0.019100
0.015029
-0.014913
0.007746
-0.002554
0.003164
-0.014448
0.014122
-0.001138
0.004037
-0.019882
0.006553
0.014073
-0.007859
-0.008970
0.015503
-0.016414
0.016302
-0.019035
0.014093
-0.021667
0.020751
-0.014844
0.001842
0.014575
-0.004991
-0.009202
-0.001859
0.017136
-0.005017
-0.012995
0.013629
-0.004435
0.004532
-0.016172
0.022225
-0.020773
0.023910
-0.038347
0.036829
-0.022204
0.020972
-0.025641
0.013783
-0.005317
0.007752
-0.011075
0.010468
-0.007301
0.004943
-0.003448
-0.004635
0.014099
-0.012460
0.004130
-0.005437
0.010682
-0.008527
0.005187
-0.004853
-0.002584
0.005569
-0.015830
0.025280
-0.008194
-0.006563
0.007192
-0.011384
0.002106
-0.000002
0.016192
-0.031735
0.026191
-0.012225
0.007987
-0.014576
0.014679
-0.001820
-0.020448
0.018071
0.007776
-0.016395
0.012036
0.004428
0.006971
-0.010105
0.008921
-0.007252
0.012636
-0.011111
-0.005848
0.007398
0.014507
-0.015070
-0.010143
0.025354
-0.009097
-0.009283
0.006072
0.004588
0.003141
-0.003738
-0.015318
0.021310
-0.001529
-0.013596
0.010646
-0.009491
0.019194
-0.015641
-0.011734
0.020025
0.000093
-0.005621
-0.008029
0.011641
-0.005592
0.010970
-0.006615
-0.009546
0.005383
0.012206
-0.023617
0.014824
0.006716
-0.015408
0.005061
0.004412
-0.001696
-0.004402
0.005842
-0.003020
0.002107
-0.008600
-0.000334
0.017158
-0.017922
0.016882
-0.017623
0.009038
0.005728
-0.010256
-0.005408
0.017244
-0.007898
-0.001862
0.006855
-0.008058
0.008005
-0.006488
0.005296
0.002616
0.009166
-0.017153
0.005265
-0.005148
0.023286
-0.013105
-0.010204
0.012143
-0.006950
0.004209
-0.009095
0.007837
0.000476
-0.006892
0.003399
0.003373
0.007101
-0.004807
-0.014780
0.018772
0.011458
-0.014446
-0.016280
0.018894
0.003356
-0.014710
0.012214
-0.010330
0.013533
-0.022735
0.032073
-0.042280
0.054601
-0.047418
0.021653
-0.016478
0.018391
-0.000258
-0.018085
0.016785
-0.006020
0.006283
-0.013499
0.010523
-0.002862
0.005344
-0.010042
0.004797
0.003078
-0.005931
-0.012426
0.023269
-0.008611
0.006358
-0.019224
0.026899
-0.020649
0.008458
-0.005683
0.015721
-0.013074
-0.002180
0.011926
-0.000500
-0.002870
-0.007130
0.004454
0.004169
0.002311
-0.009465
-0.004398
0.016357
-0.008125
-0.000919
-0.007126
0.008353
0.004803
-0.011921
0.007344
0.002148
0.002299
-0.002492
-0.008777
0.002432
0.018286
-0.026557
0.010451
0.006459
-0.007609
0.010565
-0.028164
0.028647
-0.009740
0.012336
-0.056949
0.094592
-0.065713
0.007097
-0.010025
-0.002379
0.027182
-0.020483
-0.006450
0.002275
0.016001
-0.018756
0.013230
-0.018506
0.006053
0.008596
-0.018037
0.010665
0.001984
-0.004138
0.008359
-0.011891
0.021038
-0.012958
-0.016714
0.020151
-0.005031
-0.006006
-0.006088
0.016347
-0.017076
0.006765
-0.012471
0.018070
-0.011090
-0.003820
0.001020
-0.006597
0.011587
-0.014933
0.004067
-0.008007
0.011248
-0.013737
0.009996
-0.007114
0.004630
-0.017336
0.005122
0.009343
-0.013135
0.004687
-0.007829
-0.002510
0.006469
0.000458
-0.012843
0.004840
-0.014307
0.009032
0.003324
-0.013647
0.000945
-0.010031
0.035858
-0.059631
0.042364
-0.078220
0.272012
-0.599840
0.674856
