0.002777
0.002426
0.001926
0.001362
0.000819
0.000359
0.000016
-0.000206
-0.000325
-0.000371
-0.000375
-0.000362
-0.000350
-0.000347
-0.000355
-0.000371
-0.000393
-0.000416
-0.000438
-0.000458
-0.000474
-0.000485
-0.000493
-0.000497
-0.000497
-0.000495
-0.000492
-0.000491
-0.000493
-0.000499
-0.000511
-0.000528
-0.000547
-0.000568
-0.000586
-0.000602
-0.000614
-0.000623
-0.000629
-0.000635
-0.000640
-0.000644
-0.000644
-0.000634
-0.000597
-0.000497
-0.000265
0.000234
0.001234
0.003119
0.006486
0.012192
0.021368
0.035375
0.055647
0.083425
0.119389
0.163254
0.213444
0.266980
0.319676
0.366685
0.403304
0.425866
0.432469
0.423349
0.400776
0.368521
0.331048
0.292660
0.256827
0.225798
0.200561
0.181052
0.166506
0.155834
0.147923
0.141829
0.136858
0.132564
0.128700
0.125150
0.121869
0.118843
0.116060
0.113504
0.111148
0.108964
0.106921
0.104994
0.103158
0.101396
0.099694
0.098038
0.096419
0.094830
0.093262
0.091713
0.090177
0.088656
0.087151
0.085664
0.084203
0.082773
0.081384
0.080046
0.078768
0.077554
0.076407
0.075323
0.074291
0.073301
0.072339
0.071396
0.070468
0.069554
0.068659
0.067787
0.066945
0.066133
0.065351
0.064590
0.063843
0.063096
0.062340
0.061566
0.060770
0.059954
0.059122
0.058285
0.057451
0.056632
0.055835
0.055067
0.054329
0.053620
0.052937
0.052278
0.051638
0.051016
0.050410
0.049821
0.049249
0.048692
0.048146
0.047606
0.047064
0.046514
0.045951
0.045375
0.044788
0.044197
0.043611
0.043035
0.042477
0.041938
0.041417
0.040912
0.040418
0.039931
0.039450
0.038971
0.038494
0.038015
0.037532
0.037041
0.036537
0.036016
0.035478
0.034922
0.034351
0.033769
0.033185
0.032606
0.032041
0.031498
0.030984
0.030505
0.030065
0.029664
0.029298
0.028960
0.028641
0.028332
0.028023
0.027705
0.027375
0.027031
0.026675
0.026311
0.025941
0.025570
0.025201
0.024838
0.024483
0.024142
0.023819
0.023516
0.023236
0.022979
0.022744
0.022526
0.022322
0.022126
0.021932
0.021736
0.021534
0.021324
0.021105
0.020877
0.020645
0.020410
0.020179
0.019955
0.019743
0.019543
0.019358
0.019185
0.019023
0.018867
0.018715
0.018561
0.018401
0.018232
0.018053
0.017864
0.017670
0.017476
0.017287
0.017109
0.016944
0.016788
0.016638
0.016488
0.016331
0.016164
0.015985
0.015797
0.015601
0.015404
0.015209
0.015023
0.014848
0.014689
0.014546
0.014418
0.014299
0.014183
0.014062
0.013927
0.013772
0.013594
0.013397
0.013185
0.012965
0.012746
0.012535
0.012337
0.012153
0.011982
0.011820
0.011665
0.011513
0.011364
0.011220
0.011081
0.010950
0.010827
0.010709
0.010593
0.010476
0.010358
0.010240
0.010126
0.010023
0.009937
0.009871
0.009824
0.009787
0.009750
0.009699
0.009624
0.009518
0.009381
0.009220
0.009045
0.008869
0.008705
0.008563
0.008449
0.008365
0.008307
0.008270
0.008244
0.008220
0.008189
0.008145
0.008083
0.008006
0.007916
0.007822
0.007732
0.007652
0.007587
0.007534
0.007489
0.007442
0.007383
0.007306
0.007207
0.007088
0.006959
0.006829
0.006711
0.006612
0.006537
0.006481
0.006438
0.006398
0.006351
0.006293
0.006222
0.006141
0.006055
0.005969
0.005888
0.005811
0.005738
0.005664
0.005590
0.005514
0.005439
0.005369
0.005307
0.005257
0.005220
0.005195
0.005179
0.005168
0.005160
0.005151
0.005140
0.005125
0.005106
0.005082
0.005052
0.005015
0.004969
0.004912
0.004844
0.004764
0.004678
0.004587
0.004499
0.004417
0.004344
0.004281
0.004228
0.004182
0.004140
0.004100
0.004057
0.004009
0.003954
0.003892
0.003822
0.003746
0.003669
0.003592
0.003521
0.003459
0.003409
0.003372
0.003348
0.003334
0.003328
0.003324
0.003319
0.003310
0.003296
0.003278
0.003259
0.003241
0.003226
0.003214
0.003203
0.003191
0.003175
0.003153
0.003128
0.003100
0.003072
0.003049
0.003031
0.003021
0.003019
0.003024
0.003035
0.003049
0.003062
0.003073
0.003080
0.003085
0.003090
0.003102
0.003127
0.003170
0.003230
0.003305
0.003385
0.003460
0.003520
0.003557
0.003568
0.003556
0.003525
0.003481
0.003427
0.003368
0.003302
0.003227
0.003143
0.003050
0.002952
0.002854
0.002762
0.002683
0.002617
0.002565
0.002522
0.002485
0.002451
0.002417
0.002384
0.002354
0.002330
0.002312
0.002300
0.002290
0.002276
0.002254
0.002221
0.002175
0.002120
0.002062
0.002006
0.001960
0.001928
0.001912
0.001912
0.001922
0.001938
0.001953
0.001962
0.001961
0.001950
0.001929
0.001902
0.001872
0.001846
0.001828
0.001821
0.001827
0.001844
0.001869
0.001897
0.001924
0.001947
0.001961
0.001967
0.001962
0.001948
0.001925
0.001894
0.001856
0.001815
0.001774
0.001737
0.001706
0.001684
0.001670
0.001663
0.001662
0.001665
0.001668
0.001671
0.001671
0.001668
0.001661
0.001651
0.001638
0.001624
0.001609
0.001595
0.001581
0.001567
0.001552
0.001535
0.001515
0.001493
0.001472
0.001455
0.001442
0.001436
0.001436
0.001437
0.001437
0.001432
0.001419
0.001398
0.001371
0.001340
0.001311
0.001288
0.001274
0.001271
0.001280
0.001299
0.001327
0.001363
0.001407
0.001458
0.001518
0.001588
0.001668
0.001755
0.001843
0.001923
0.001986
0.002024
0.002031
0.002004
0.001948
0.001870
0.001782
0.001693
0.001613
0.001550
0.001505
0.001476
0.001460
0.001450
0.001438
0.001420
0.001392
0.001352
0.001302
0.001247
0.001192
0.001146
0.001114
0.001103
0.001113
0.001144
0.001191
0.001246
0.001301
0.001347
0.001378
0.001390
0.001383
0.001361
0.001329
0.001294
0.001262
0.001238
0.001222
0.001215
0.001213
0.001215
0.001216
0.001218
0.001219
0.001221
0.001224
0.001230
0.001237
0.001243
0.001245
0.001239
0.001226
0.001203
0.001175
0.001145
0.001118
0.001101
0.001096
0.001106
0.001131
0.001165
0.001204
0.001240
0.001268
0.001283
0.001284
0.001272
0.001251
0.001228
0.001208
0.001196
0.001194
0.001202
0.001216
0.001231
0.001240
0.001240
0.001225
0.001198
0.001159
0.001114
0.001071
0.001035
0.001013
0.001008
0.001019
0.001043
0.001076
0.001110
0.001139
0.001162
0.001175
0.001180
0.001179
0.001175
0.001169
0.001162
0.001154
0.001146
0.001136
0.001123
0.001108
0.001090
0.001070
0.001049
0.001029
0.001014
0.001007
0.001010
0.001023
0.001047
0.001078
0.001112
0.001147
0.001178
0.001204
0.001225
0.001243
0.001258
0.001277
0.001301
0.001333
0.001373
0.001420
0.001466
0.001507
0.001535
0.001544
0.001534
0.001504
0.001461
0.001411
0.001364
0.001324
0.001296
0.001280
0.001273
0.001273
0.001273
0.001271
0.001265
0.001253
0.001235
0.001214
0.001189
0.001163
0.001138
0.001113
0.001091
0.001073
0.001060
0.001054
0.001053
0.001060
0.001071
0.001086
0.001101
0.001116
0.001127
0.001134
0.001137
0.001138
0.001137
0.001137
0.001138
0.001140
0.001143
0.001145
0.001146
0.001146
0.001145
0.001145
0.001146
0.001149
0.001156
0.001164
0.001172
0.001180
0.001186
0.001190
0.001192
0.001197
0.001208
0.001231
0.001271
0.001333
0.001420
0.001533
0.001666
0.001812
0.001960
0.002095
0.002205
0.002279
0.002311
0.002300
0.002248
0.002163
0.002054
0.001933
0.001808
0.001689
0.001583
0.001495
0.001427
0.001380
0.001352
0.001340
0.001340
0.001348
0.001361
0.001377
0.001392
0.001404
0.001411
0.001409
0.001398
0.001378
0.001349
0.001315
0.001282
0.001254
0.001236
0.001231
0.001240
0.001261
0.001292
0.001328
0.001364
0.001396
0.001420
0.001434
0.001438
0.001431
0.001417
0.001395
0.001366
0.001333
0.001298
0.001262
0.001229
0.001201
0.001181
0.001171
0.001171
0.001181
0.001200
0.001224
0.001250
0.001274
0.001293
0.001303
0.001302
0.001289
0.001264
0.001230
0.001191
0.001153
0.001120
0.001096
0.001084
0.001084
0.001094
0.001111
0.001130
0.001149
0.001165
0.001176
0.001184
0.001188
0.001189
0.001190
0.001190
0.001190
0.001191
0.001193
0.001197
0.001202
0.001208
0.001216
0.001223
0.001228
0.001230
0.001227
0.001221
0.001213
0.001204
0.001196
0.001189
0.001184
0.001178
0.001170
0.001157
0.001139
0.001118
0.001097
0.001078
0.001066
0.001061
0.001063
0.001070
0.001076
0.001077
0.001070
0.001054
0.001028
0.000997
0.000964
0.000932
0.000906
0.000887
0.000878
0.000877
0.000887
0.000904
0.000928
0.000956
0.000986
0.001013
0.001034
0.001045
0.001046
0.001036
0.001018
0.000995
0.000972
0.000953
0.000939
0.000931
0.000929
0.000930
0.000933
0.000935
0.000934
0.000931
0.000925
0.000916
0.000907
0.000901
0.000900
0.000909
0.000930
0.000965
0.001014
0.001073
0.001138
0.001204
0.001263
0.001312
0.001346
0.001367
0.001374
0.001370
0.001360
0.001342
0.001319
0.001289
0.001251
0.001203
0.001147
0.001085
0.001024
0.000968
0.000923
0.000892
0.000875
0.000870
0.000872
0.000875
0.000877
0.000873
0.000864
0.000853
0.000842
0.000834
0.000828
0.000824
0.000821
0.000814
0.000804
0.000790
0.000773
0.000756
0.000741
0.000730
0.000726
0.000727
0.000735
0.000749
0.000768
0.000793
0.000825
0.000865
0.000916
0.000979
0.001055
0.001143
0.001239
0.001338
0.001431
0.001509
0.001563
0.001586
0.001575
0.001530
0.001457
0.001365
0.001264
0.001166
0.001076
0.001000
0.000936
0.000882
0.000834
0.000787
0.000737
0.000682
0.000619
0.000545
0.000454
0.000343
0.000206
0.000043
-0.000139
-0.000330
-0.000512
-0.000668
-0.000781
-0.000845
-0.000859
-0.000831
-0.000776
-0.000708
-0.000640
-0.000580
-0.000535
-0.000504
-0.000489
-0.000489
-0.000504
-0.000533
-0.000576
-0.000632
-0.000696
-0.000764
-0.000833
-0.000897
-0.000954
-0.001002
-0.001042
-0.001073
-0.001100
-0.001123
-0.001145
-0.001166
-0.001188
-0.001211
-0.001239
-0.001272
-0.001312
-0.001359
-0.001413
-0.001469
-0.001525
-0.001575
-0.001617
-0.001648
-0.001669
-0.001682
-0.001691
-0.001701
-0.001715
-0.001737
-0.001769
-0.001809
-0.001857
-0.001911
-0.001967
-0.002022
-0.002074
-0.002116
-0.002139
-0.002129
-0.002067
-0.001931
-0.001696
-0.001343
-0.000861
-0.000257
0.000438
0.001168
0.001857
0.002422
0.002788
0.002909
