0.001332
0.001155
0.000917
0.000666
0.000444
0.000276
0.000174
0.000128
0.000118
0.000123
0.000119
0.000096
0.000048
-0.000022
-0.000105
-0.000192
-0.000274
-0.000342
-0.000394
-0.000426
-0.000439
-0.000437
-0.000424
-0.000405
-0.000384
-0.000367
-0.000354
-0.000346
-0.000343
-0.000341
-0.000340
-0.000337
-0.000334
-0.000330
-0.000327
-0.000329
-0.000336
-0.000347
-0.000361
-0.000375
-0.000386
-0.000391
-0.000384
-0.000360
-0.000303
-0.000186
0.000047
0.000501
0.001357
0.002914
0.005628
0.010147
0.017317
0.028140
0.043650
0.064713
0.091756
0.124485
0.161662
0.201050
0.239569
0.273703
0.300075
0.316069
0.320331
0.313026
0.295758
0.271202
0.242551
0.212929
0.184911
0.160249
0.139813
0.123711
0.111516
0.102516
0.095921
0.091017
0.087231
0.084156
0.081528
0.079194
0.077072
0.075127
0.073345
0.071717
0.070241
0.068905
0.067698
0.066604
0.065605
0.064684
0.063825
0.063017
0.062246
0.061505
0.060783
0.060070
0.059354
0.058623
0.057862
0.057059
0.056201
0.055284
0.054306
0.053276
0.052209
0.051127
0.050055
0.049019
0.048042
0.047140
0.046319
0.045575
0.044897
0.044266
0.043659
0.043059
0.042448
0.041822
0.041179
0.040528
0.039878
0.039239
0.038621
0.038029
0.037465
0.036930
0.036426
0.035953
0.035512
0.035104
0.034725
0.034370
0.034029
0.033691
0.033344
0.032976
0.032581
0.032153
0.031694
0.031209
0.030709
0.030205
0.029712
0.029243
0.028812
0.028427
0.028089
0.027792
0.027524
0.027266
0.026999
0.026704
0.026368
0.025987
0.025567
0.025119
0.024660
0.024205
0.023767
0.023354
0.022968
0.022608
0.022272
0.021958
0.021663
0.021388
0.021131
0.020893
0.020671
0.020463
0.020264
0.020068
0.019868
0.019656
0.019425
0.019171
0.018893
0.018591
0.018273
0.017948
0.017628
0.017321
0.017036
0.016775
0.016537
0.016316
0.016105
0.015895
0.015680
0.015454
0.015214
0.014961
0.014696
0.014424
0.014153
0.013892
0.013650
0.013431
0.013241
0.013076
0.012932
0.012800
0.012672
0.012540
0.012400
0.012250
0.012091
0.011927
0.011762
0.011602
0.011451
0.011311
0.011180
0.011053
0.010921
0.010775
0.010607
0.010411
0.010189
0.009949
0.009702
0.009464
0.009252
0.009078
0.008952
0.008879
0.008861
0.008894
0.008972
0.009086
0.009227
0.009381
0.009531
0.009657
0.009739
0.009759
0.009702
0.009561
0.009342
0.009056
0.008726
0.008378
0.008038
0.007728
0.007463
0.007248
0.007082
0.006956
0.006860
0.006783
0.006714
0.006645
0.006572
0.006491
0.006402
0.006306
0.006205
0.006099
0.005988
0.005870
0.005743
0.005604
0.005452
0.005291
0.005128
0.004973
0.004835
0.004722
0.004636
0.004572
0.004521
0.004471
0.004410
0.004331
0.004235
0.004125
0.004011
0.003902
0.003805
0.003722
0.003650
0.003583
0.003515
0.003440
0.003359
0.003277
0.003204
0.003151
0.003125
0.003129
0.003158
0.003199
0.003237
0.003257
0.003248
0.003207
0.003138
0.003054
0.002966
0.002889
0.002831
0.002794
0.002777
0.002772
0.002771
0.002767
0.002756
0.002738
0.002716
0.002697
0.002688
0.002697
0.002728
0.002782
0.002856
0.002940
0.003022
0.003088
0.003124
0.003121
0.003073
0.002982
0.002853
0.002698
0.002530
0.002364
0.002211
0.002080
0.001976
0.001898
0.001843
0.001806
0.001780
0.001760
0.001744
0.001728
0.001712
0.001696
0.001678
0.001661
0.001644
0.001628
0.001613
0.001597
0.001577
0.001549
0.001510
0.001455
0.001384
0.001297
0.001197
0.001091
0.000984
0.000885
0.000799
0.000730
0.000680
0.000648
0.000632
0.000627
0.000629
0.000633
0.000632
0.000623
0.000602
0.000567
0.000519
0.000464
0.000407
0.000354
0.000308
0.000271
0.000240
0.000211
0.000181
0.000147
0.000107
0.000065
0.000023
-0.000014
-0.000046
-0.000071
-0.000091
-0.000110
-0.000130
-0.000156
-0.000190
-0.000230
-0.000273
-0.000314
-0.000345
-0.000361
-0.000360
-0.000341
-0.000309
-0.000269
-0.000226
-0.000186
-0.000151
-0.000123
-0.000103
-0.000091
-0.000088
-0.000095
-0.000114
-0.000146
-0.000191
-0.000246
-0.000310
-0.000381
-0.000454
-0.000528
-0.000600
-0.000668
-0.000730
-0.000784
-0.000828
-0.000859
-0.000876
-0.000878
-0.000864
-0.000830
-0.000771
-0.000678
-0.000533
-0.000311
0.000016
0.000479
0.001100
0.001889
0.002826
0.003866
0.004931
0.005921
0.006730
0.007266
0.007474
0.007345
0.006925
0.006300
0.005581
0.004875
0.004266
0.003799
0.003479
0.003278
0.003153
0.003055
0.002950
0.002819
0.002661
0.002484
0.002303
0.002132
0.001978
0.001842
0.001718
0.001600
0.001480
0.001355
0.001223
0.001088
0.000958
0.000840
0.000742
0.000667
0.000620
0.000600
0.000606
0.000636
0.000686
0.000752
0.000828
0.000904
0.000970
0.001017
0.001038
0.001029
0.000992
0.000937
0.000873
0.000816
0.000774
0.000758
0.000770
0.000807
0.000863
0.000924
0.000978
0.001011
0.001011
0.000973
0.000896
0.000785
0.000653
0.000511
0.000375
0.000258
0.000168
0.000112
0.000091
0.000099
0.000129
0.000168
0.000205
0.000230
0.000236
0.000225
0.000200
0.000171
0.000148
0.000138
0.000146
0.000169
0.000201
0.000232
0.000251
0.000248
0.000216
0.000154
0.000064
-0.000045
-0.000163
-0.000275
-0.000370
-0.000437
-0.000469
-0.000465
-0.000429
-0.000369
-0.000299
-0.000231
-0.000176
-0.000143
-0.000132
-0.000140
-0.000160
-0.000181
-0.000196
-0.000201
-0.000196
-0.000184
-0.000168
-0.000154
-0.000140
-0.000126
-0.000105
-0.000069
-0.000013
0.000071
0.000184
0.000322
0.000481
0.000651
0.000819
0.000971
0.001093
0.001168
0.001187
0.001144
0.001040
0.000890
0.000711
0.000529
0.000366
0.000240
0.000159
0.000124
0.000126
0.000153
0.000190
0.000223
0.000240
0.000234
0.000203
0.000148
0.000076
-0.000003
-0.000076
-0.000132
-0.000159
-0.000155
-0.000119
-0.000059
0.000012
0.000083
0.000140
0.000178
0.000195
0.000193
0.000180
0.000164
0.000151
0.000143
0.000140
0.000139
0.000135
0.000121
0.000094
0.000055
0.000007
-0.000043
-0.000085
-0.000112
-0.000118
-0.000103
-0.000072
-0.000030
0.000013
0.000050
0.000076
0.000091
0.000096
0.000094
0.000091
0.000089
0.000092
0.000103
0.000122
0.000149
0.000181
0.000213
0.000239
0.000252
0.000248
0.000223
0.000179
0.000120
0.000053
-0.000014
-0.000076
-0.000128
-0.000167
-0.000194
-0.000209
-0.000214
-0.000207
-0.000192
-0.000168
-0.000138
-0.000104
-0.000072
-0.000046
-0.000028
-0.000020
-0.000020
-0.000026
-0.000031
-0.000030
-0.000018
0.000010
0.000053
0.000109
0.000173
0.000240
0.000303
0.000358
0.000402
0.000432
0.000448
0.000449
0.000433
0.000402
0.000357
0.000302
0.000242
0.000182
0.000127
0.000082
0.000046
0.000020
0.000001
-0.000014
-0.000026
-0.000037
-0.000047
-0.000053
-0.000053
-0.000042
-0.000017
0.000023
0.000077
0.000138
0.000197
0.000245
0.000275
0.000282
0.000266
0.000231
0.000186
0.000140
0.000100
0.000071
0.000057
0.000054
0.000058
0.000063
0.000062
0.000051
0.000030
-0.000000
-0.000033
-0.000061
-0.000074
-0.000069
-0.000042
0.000001
0.000053
0.000100
0.000134
0.000144
0.000128
0.000089
0.000032
-0.000033
-0.000099
-0.000158
-0.000206
-0.000238
-0.000248
-0.000230
-0.000177
-0.000084
0.000051
0.000225
0.000432
0.000658
0.000889
0.001107
0.001297
0.001444
0.001538
0.001575
0.001553
0.001478
0.001359
0.001209
0.001042
0.000874
0.000717
0.000581
0.000471
0.000390
0.000335
0.000300
0.000279
0.000267
0.000258
0.000251
0.000244
0.000240
0.000239
0.000244
0.000254
0.000267
0.000282
0.000295
0.000303
0.000306
0.000303
0.000295
0.000282
0.000267
0.000252
0.000238
0.000227
0.000220
0.000217
0.000217
0.000222
0.000230
0.000239
0.000250
0.000261
0.000273
0.000283
0.000293
0.000300
0.000303
0.000302
0.000294
0.000281
0.000263
0.000242
0.000222
0.000206
0.000197
0.000199
0.000211
0.000232
0.000258
0.000283
0.000302
0.000312
0.000308
0.000291
0.000265
0.000236
0.000210
0.000193
0.000189
0.000199
0.000218
0.000241
0.000259
0.000268
0.000268
0.000261
0.000254
0.000251
0.000256
0.000269
0.000286
0.000299
0.000301
0.000289
0.000262
0.000224
0.000182
0.000144
0.000115
0.000100
0.000099
0.000110
0.000131
0.000157
0.000183
0.000207
0.000225
0.000238
0.000244
0.000246
0.000246
0.000248
0.000254
0.000266
0.000284
0.000309
0.000338
0.000369
0.000399
0.000424
0.000441
0.000449
0.000447
0.000436
0.000422
0.000409
0.000404
0.000411
0.000434
0.000473
0.000526
0.000586
0.000648
0.000704
0.000748
0.000778
0.000792
0.000791
0.000778
0.000756
0.000729
0.000698
0.000665
0.000631
0.000597
0.000564
0.000534
0.000508
0.000486
0.000470
0.000459
0.000452
0.000449
0.000447
0.000445
0.000440
0.000432
0.000419
0.000403
0.000386
0.000372
0.000366
0.000372
0.000390
0.000420
0.000456
0.000492
0.000523
0.000542
0.000546
0.000535
0.000512
0.000480
0.000445
0.000411
0.000383
0.000363
0.000352
0.000349
0.000355
0.000367
0.000385
0.000408
0.000435
0.000464
0.000493
0.000519
0.000540
0.000554
0.000560
0.000561
0.000558
0.000553
0.000546
0.000539
0.000530
0.000517
0.000500
0.000478
0.000453
0.000427
0.000402
0.000380
0.000364
0.000353
0.000350
0.000354
0.000365
0.000383
0.000406
0.000432
0.000458
0.000482
0.000502
0.000519
0.000531
0.000540
0.000544
0.000539
0.000520
0.000484
0.000425
0.000342
0.000236
0.000114
-0.000020
-0.000157
-0.000290
-0.000410
-0.000513
-0.000592
-0.000643
-0.000665
-0.000659
-0.000630
-0.000584
-0.000531
-0.000477
-0.000430
-0.000393
-0.000367
-0.000353
-0.000347
-0.000350
-0.000358
-0.000370
-0.000387
-0.000408
-0.000433
-0.000460
-0.000491
-0.000523
-0.000556
-0.000588
-0.000616
-0.000639
-0.000655
-0.000665
-0.000669
-0.000667
-0.000662
-0.000656
-0.000652
-0.000654
-0.000663
-0.000683
-0.000713
-0.000753
-0.000800
-0.000851
-0.000903
-0.000951
-0.000992
-0.001025
-0.001046
-0.001054
-0.001051
-0.001039
-0.001022
-0.001005
-0.000993
-0.000993
-0.001005
-0.001030
-0.001063
-0.001096
-0.001122
-0.001129
-0.001106
-0.001039
-0.000917
-0.000731
-0.000478
-0.000163
0.000196
0.000568
0.000914
0.001191
0.001363
0.001410
