-0.627668
0.120336
-0.141074
-0.012873
0.076844
-0.029277
-0.050498
-0.001622
0.052132
-0.111057
0.141011
-0.125372
0.012944
0.021849
-0.014339
-0.015430
-0.009196
-0.014914
0.003225
0.010789
-0.066314
0.053538
-0.036701
-0.020525
0.029050
-0.039982
-0.004327
-0.003555
0.004371
-0.025448
-0.007223
-0.010134
-0.004622
0.003174
-0.022225
-0.011214
-0.011076
0.014654
-0.029773
-0.005778
-0.014131
-0.000566
-0.009139
-0.011055
-0.012567
0.007058
-0.030567
0.001484
-0.004268
-0.021455
0.002924
-0.019397
-0.003212
0.003652
-0.063689
0.048365
0.035633
-0.154256
-0.063881
0.560578
-0.546349
-0.891639
2.388149
1.777770
1.716959
1.227461
0.954576
0.646539
0.338989
0.182320
0.276643
0.316036
0.239049
0.420285
0.075533
0.156881
0.274859
0.258640
0.138777
0.162805
0.217723
0.140103
0.193046
0.151844
0.202632
0.144622
0.159636
0.227008
0.120452
0.158952
0.174249
0.200212
0.146551
0.166838
0.126682
0.179578
0.190563
0.117386
0.139059
0.151007
0.181316
0.125196
0.143467
0.143236
0.153982
0.142161
0.121277
0.149758
0.129376
0.136762
0.105917
0.162692
0.109473
0.119565
0.136595
0.123538
0.110219
0.119615
0.114326
0.130817
0.112733
0.108565
0.108207
0.125717
0.104653
0.103682
0.105602
0.109407
0.112949
0.086556
0.119892
0.105529
0.099983
0.103890
0.081906
0.101417
0.105654
0.087440
0.084266
0.097021
0.087550
0.084141
0.078867
0.099370
0.079135
0.065939
0.104810
0.074893
0.070831
0.081723
0.089038
0.072854
0.081727
0.070177
0.086090
0.081768
0.069032
0.069870
0.070604
0.079652
0.065314
0.044918
0.095732
0.057994
0.061328
0.072515
0.064759
0.060483
0.063420
0.056090
0.072964
0.059901
0.049134
0.069913
0.054483
0.070932
0.040515
0.052673
0.069735
0.055922
0.048340
0.056333
0.057960
0.055234
0.048745
0.049241
0.053345
0.060981
0.040777
0.054528
0.045484
0.061352
0.030386
0.053386
0.052280
0.049285
0.034449
0.055470
0.050479
0.038498
0.051945
0.043684
0.037518
0.043218
0.049624
0.036542
0.026804
0.053789
0.032433
0.041850
0.034895
0.060241
0.019851
0.033327
0.047601
0.044724
0.021154
0.046512
0.031463
0.045017
0.045490
0.008929
0.052090
0.031811
0.026463
0.023716
0.056398
0.009510
0.037717
0.021277
0.051400
0.024134
0.023662
0.032644
0.036096
0.026697
0.039450
0.015877
0.035184
0.025458
0.037311
0.000758
0.066525
0.011741
0.016590
0.031948
0.030408
0.025209
0.016894
0.027980
0.043023
0.014475
0.024986
0.013654
0.032651
0.027927
0.017778
0.010621
0.052032
0.018438
0.004683
0.028245
0.029335
0.013780
0.024223
0.011034
0.033898
0.033523
0.003498
0.019340
0.019272
0.032784
0.016873
0.004830
0.030080
0.027245
0.012426
0.007949
0.028836
0.021545
0.021473
0.003653
0.020240
0.038463
0.003766
0.001164
0.028004
0.029016
0.014145
-0.001055
0.033149
0.019949
0.002670
0.010103
0.009171
0.041505
0.006656
-0.010563
0.035801
0.024299
0.003609
0.001118
0.024898
0.026155
-0.003846
0.016219
0.020718
0.021954
-0.008632
0.012099
0.029272
0.004183
0.002471
0.018784
0.016594
-0.001898
0.035193
-0.014227
0.023953
0.018633
0.003477
0.004743
0.028368
0.005255
0.002635
0.010785
0.018726
0.015300
0.007593
0.012763
0.015184
-0.000142
0.017252
-0.002903
0.010533
0.022290
0.001857
0.001093
0.019551
0.001003
0.009462
0.019461
-0.000707
0.016661
0.018316
-0.012024
0.024313
0.011139
0.001196
0.014011
-0.006618
0.032562
-0.001112
-0.007770
0.024054
0.012133
-0.000499
0.002990
0.013165
-0.002921
0.020459
-0.013940
0.019791
0.016241
0.008138
-0.018993
0.021918
0.011413
0.010315
-0.015413
0.017627
0.008666
0.001750
0.007056
-0.001834
0.003260
0.012447
0.004638
0.003223
0.005090
0.006230
0.002915
-0.003946
0.020772
0.004740
-0.011439
0.016236
0.013753
-0.007187
0.006787
-0.007657
0.025061
-0.006353
0.003138
0.008444
0.009040
0.001353
-0.002422
0.000929
0.012954
-0.004694
0.005557
0.008804
-0.001378
0.000833
0.010418
-0.002084
-0.002508
0.014324
-0.001631
0.005269
0.007350
0.011774
-0.022708
0.026067
0.004319
-0.004417
-0.008695
0.032562
-0.008800
0.004694
-0.009526
0.016707
0.000698
-0.005792
0.003227
0.011797
0.004162
-0.002419
-0.013123
0.013879
0.015924
-0.008041
-0.012338
0.020134
0.012196
-0.021729
0.009642
0.005810
0.007610
-0.003240
-0.002454
0.008631
0.008996
-0.006278
-0.004177
0.001948
0.015732
-0.006830
-0.017010
0.028814
0.008533
-0.023264
0.002193
0.009353
0.009796
-0.009849
0.001589
0.002988
0.008764
-0.002775
-0.007541
0.005577
0.007571
-0.002249
-0.012797
0.012362
0.014787
-0.025858
0.019078
-0.008161
0.008132
-0.003829
-0.006762
0.010991
0.003570
-0.003080
-0.003406
-0.007369
0.033421
-0.020793
-0.002958
0.010686
-0.010739
0.009965
-0.006155
0.005666
-0.002971
0.005282
-0.003720
-0.002679
0.007316
0.005620
-0.015896
0.005474
0.014719
-0.018401
0.001018
0.010604
-0.001230
-0.003127
0.000813
0.003216
-0.000910
-0.003482
-0.007379
0.012768
-0.004958
-0.000291
-0.000356
-0.000204
0.004069
-0.007903
0.001426
-0.000625
0.012256
-0.019534
0.008321
-0.001730
0.005648
-0.007380
0.006674
0.008845
0.001711
-0.010048
0.008060
-0.004156
0.013911
-0.016685
-0.007626
0.028470
-0.000067
-0.012910
-0.004171
0.012599
0.003608
-0.016574
-0.001822
0.019205
-0.003150
-0.005848
-0.010038
0.011303
0.004186
-0.002596
-0.017658
0.028660
-0.011884
0.000197
-0.010376
0.013131
-0.005371
-0.009101
0.008243
-0.000179
0.005809
-0.007020
0.000486
-0.008873
0.020275
-0.018672
-0.007373
0.025373
-0.013753
-0.001391
-0.002381
0.002542
0.007066
-0.017219
0.017104
-0.010200
0.011136
-0.019111
0.011824
-0.008167
0.010563
-0.005472
-0.007566
0.008458
0.003030
-0.010969
-0.005782
0.014440
-0.004447
0.001543
-0.012966
0.007840
0.008251
-0.019361
0.004662
0.005894
0.001424
-0.006838
-0.003914
0.003853
0.012600
-0.015301
-0.009981
0.023861
-0.012687
-0.004805
-0.010118
0.024715
-0.011393
0.004694
-0.023544
0.021967
0.003346
-0.016164
-0.004919
0.013207
-0.000797
-0.005644
-0.003970
-0.001692
-0.001065
0.014579
-0.025982
0.012614
0.008344
-0.007630
-0.015849
0.016020
0.002762
-0.005642
-0.012774
0.010917
0.012500
-0.032882
0.022384
-0.006629
-0.006855
0.009233
-0.002630
-0.007796
0.003559
0.006477
-0.012543
-0.002714
0.019833
-0.018536
-0.003557
0.009893
0.000465
-0.005987
-0.001466
-0.002014
0.005704
-0.013655
0.012117
-0.003217
0.005587
-0.007545
0.007048
-0.013542
0.011354
0.001318
-0.010620
0.019202
-0.012556
-0.006889
0.003145
-0.001964
0.003372
0.006461
-0.017534
0.011370
0.000025
-0.003914
-0.009790
0.006997
0.015504
-0.019951
-0.010866
0.019302
-0.001130
-0.012416
0.000821
0.015709
-0.017592
-0.002511
0.010610
0.006032
-0.018734
0.017265
-0.016185
0.004013
0.013395
-0.011914
-0.009368
0.026408
-0.012693
-0.005036
0.000759
-0.000618
0.006440
-0.010353
-0.008856
0.019513
0.000881
-0.012631
-0.009746
0.014287
-0.002437
0.001442
-0.020479
0.028060
-0.020059
0.001716
-0.003920
0.012435
-0.006140
-0.007456
0.008313
-0.012410
0.005511
0.007211
-0.015972
0.000147
0.014530
-0.010414
-0.011487
0.020331
-0.009734
-0.004610
-0.003591
0.005875
-0.006133
-0.003171
-0.004095
0.010090
0.001494
-0.001728
-0.010776
-0.003712
0.019506
-0.007413
-0.017583
0.007307
0.013674
-0.007615
-0.005266
0.002573
0.000493
0.001651
-0.014097
0.014982
-0.005522
-0.006700
-0.001112
-0.003213
0.015097
-0.009330
-0.010372
0.007786
0.006955
-0.021777
0.016345
-0.009492
0.014964
-0.024429
0.013278
-0.007239
0.003985
-0.002472
-0.004657
-0.006046
0.003342
0.004404
-0.013661
0.020391
-0.018337
0.000171
-0.004824
0.015561
-0.021876
0.009637
-0.006960
0.006938
-0.009580
0.002567
-0.002395
-0.012301
0.018591
-0.007405
-0.015819
0.017430
-0.000883
-0.016103
0.003900
0.007552
0.003229
-0.008208
-0.007398
0.002501
0.013990
-0.015183
-0.009243
-0.002218
0.028491
-0.017318
-0.018140
0.022228
-0.007307
0.000279
-0.003268
-0.003660
0.008015
-0.017304
0.005858
0.000888
-0.006519
0.001020
-0.004373
0.000078
0.005927
-0.008059
-0.012228
0.016997
-0.004754
-0.008753
-0.007269
0.011031
-0.009399
-0.001561
-0.008657
0.010678
-0.002453
-0.007141
-0.012544
0.007474
0.005290
-0.001679
-0.018314
0.014465
0.000764
-0.010388
-0.008215
0.008291
-0.007993
0.002717
-0.014665
0.004079
0.014573
-0.024601
0.010443
-0.019012
0.024893
-0.020253
-0.012221
0.017420
0.000650
-0.023596
0.007603
0.007008
-0.005955
-0.010393
-0.003415
0.008100
-0.003449
-0.008643
-0.005717
0.001627
0.004498
-0.007126
-0.014267
0.020692
-0.025654
0.015921
-0.018437
-0.001175
0.010017
-0.011628
-0.005498
0.000741
-0.001298
0.001304
-0.010883
-0.014877
0.028082
-0.019370
-0.013630
0.018450
-0.010430
-0.020160
0.024938
-0.034900
0.030739
-0.047489
0.063179
-0.110706
0.149235
-0.135726
0.066509
-0.036736
0.021908
-0.011225
-0.018834
0.010917
-0.001020
-0.002271
-0.017337
0.020657
-0.032312
0.014904
-0.014492
0.001429
0.002410
-0.009808
-0.006359
-0.000908
0.010041
-0.029079
0.017373
-0.005549
-0.007313
-0.001777
-0.017778
0.019729
-0.024708
0.011420
-0.000880
-0.017278
0.013330
-0.012542
-0.004998
-0.000037
-0.000001
-0.016759
0.003021
-0.002588
0.002553
-0.012202
-0.010913
0.009281
-0.013853
-0.001831
0.001264
-0.012178
0.007028
-0.013974
-0.007525
-0.000821
0.001090
-0.010909
-0.004866
-0.011455
0.014018
-0.011314
-0.023157
0.007409
0.023064
-0.034313
-0.047790
0.106183
-0.080629
0.007160
-0.042657
0.020007
-0.008452
-0.007501
-0.030030
0.026089
-0.015705
-0.002315
-0.012549
-0.016539
0.004646
-0.007283
-0.013413
-0.006185
-0.005886
-0.000408
-0.010293
-0.020824
0.009251
-0.008851
-0.019218
-0.002301
0.006183
-0.027009
0.002586
-0.017236
0.008243
-0.026792
0.009219
-0.019405
0.001695
-0.018760
0.001756
-0.027133
0.015956
-0.024004
-0.001206
-0.014205
-0.002817
-0.018973
-0.000845
-0.015674
0.001081
-0.021094
-0.005847
-0.008073
-0.012871
-0.008214
-0.005979
-0.018669
-0.007775
0.001473
-0.028498
0.001501
-0.010026
-0.019602
0.000784
-0.013105
-0.000112
-0.072344
0.113060
-0.156082
0.098878
-0.173133
0.585839
-1.342839
1.501291
