0.006629
0.005837
0.004700
0.003419
0.002187
0.001151
0.000389
-0.000096
-0.000352
-0.000454
-0.000481
-0.000493
-0.000526
-0.000594
-0.000693
-0.000812
-0.000936
-0.001053
-0.001156
-0.001241
-0.001309
-0.001363
-0.001408
-0.001450
-0.001494
-0.001544
-0.001603
-0.001672
-0.001750
-0.001833
-0.001919
-0.002002
-0.002079
-0.002148
-0.002207
-0.002257
-0.002299
-0.002335
-0.002369
-0.002403
-0.002440
-0.002477
-0.002511
-0.002529
-0.002504
-0.002378
-0.002040
-0.001278
0.000295
0.003341
0.008925
0.018654
0.034764
0.060112
0.097971
0.151579
0.223422
0.314343
0.422668
0.543621
0.669314
0.789483
0.892955
0.969567
1.012073
1.017551
0.987883
0.929215
0.850553
0.761922
0.672579
0.589708
0.517793
0.458674
0.412081
0.376402
0.349429
0.328932
0.313010
0.300226
0.289598
0.280510
0.272599
0.265655
0.259544
0.254158
0.249396
0.245147
0.241297
0.237736
0.234365
0.231105
0.227902
0.224729
0.221581
0.218470
0.215416
0.212441
0.209559
0.206781
0.204108
0.201537
0.199061
0.196674
0.194366
0.192130
0.189955
0.187828
0.185734
0.183653
0.181565
0.179453
0.177304
0.175117
0.172901
0.170673
0.168459
0.166283
0.164169
0.162128
0.160165
0.158273
0.156443
0.154662
0.152922
0.151216
0.149542
0.147902
0.146297
0.144726
0.143186
0.141670
0.140164
0.138654
0.137120
0.135543
0.133903
0.132185
0.130382
0.128496
0.126540
0.124542
0.122537
0.120567
0.118672
0.116887
0.115231
0.113711
0.112318
0.111031
0.109821
0.108658
0.107514
0.106369
0.105208
0.104026
0.102828
0.101623
0.100424
0.099247
0.098106
0.097009
0.095960
0.094955
0.093984
0.093035
0.092093
0.091144
0.090181
0.089201
0.088208
0.087212
0.086226
0.085263
0.084332
0.083438
0.082582
0.081760
0.080964
0.080189
0.079428
0.078677
0.077935
0.077203
0.076483
0.075779
0.075092
0.074421
0.073763
0.073114
0.072467
0.071816
0.071158
0.070491
0.069816
0.069134
0.068447
0.067757
0.067064
0.066367
0.065667
0.064965
0.064266
0.063576
0.062905
0.062261
0.061652
0.061083
0.060554
0.060065
0.059609
0.059180
0.058772
0.058380
0.057997
0.057619
0.057239
0.056850
0.056447
0.056021
0.055568
0.055084
0.054568
0.054020
0.053447
0.052857
0.052263
0.051675
0.051107
0.050567
0.050060
0.049589
0.049151
0.048741
0.048354
0.047987
0.047635
0.047297
0.046973
0.046663
0.046367
0.046083
0.045810
0.045547
0.045290
0.045034
0.044771
0.044494
0.044194
0.043864
0.043503
0.043116
0.042715
0.042315
0.041936
0.041590
0.041288
0.041032
0.040816
0.040630
0.040464
0.040303
0.040136
0.039953
0.039745
0.039509
0.039241
0.038942
0.038618
0.038276
0.037925
0.037578
0.037246
0.036939
0.036662
0.036419
0.036207
0.036021
0.035851
0.035686
0.035515
0.035328
0.035119
0.034882
0.034616
0.034322
0.034005
0.033669
0.033324
0.032975
0.032632
0.032301
0.031987
0.031696
0.031427
0.031181
0.030955
0.030745
0.030545
0.030351
0.030158
0.029961
0.029756
0.029543
0.029319
0.029088
0.028853
0.028619
0.028393
0.028180
0.027980
0.027793
0.027612
0.027427
0.027229
0.027010
0.026765
0.026497
0.026212
0.025921
0.025640
0.025379
0.025150
0.024956
0.024797
0.024666
0.024554
0.024450
0.024342
0.024224
0.024090
0.023940
0.023776
0.023602
0.023421
0.023238
0.023056
0.022878
0.022709
0.022552
0.022413
0.022296
0.022203
0.022132
0.022081
0.022041
0.022004
0.021961
0.021904
0.021826
0.021723
0.021591
0.021432
0.021248
0.021046
0.020835
0.020626
0.020430
0.020255
0.020103
0.019974
0.019862
0.019758
0.019652
0.019538
0.019413
0.019279
0.019142
0.019014
0.018906
0.018830
0.018794
0.018797
0.018834
0.018892
0.018952
0.018995
0.019008
0.018980
0.018913
0.018813
0.018694
0.018571
0.018456
0.018356
0.018270
0.018193
0.018114
0.018025
0.017919
0.017793
0.017650
0.017499
0.017350
0.017213
0.017098
0.017008
0.016944
0.016903
0.016877
0.016857
0.016835
0.016804
0.016758
0.016699
0.016626
0.016546
0.016461
0.016376
0.016295
0.016218
0.016142
0.016063
0.015977
0.015880
0.015770
0.015649
0.015522
0.015398
0.015288
0.015199
0.015137
0.015105
0.015099
0.015115
0.015145
0.015183
0.015223
0.015260
0.015290
0.015310
0.015317
0.015307
0.015279
0.015231
0.015163
0.015078
0.014979
0.014871
0.014762
0.014660
0.014573
0.014505
0.014462
0.014443
0.014442
0.014451
0.014459
0.014457
0.014438
0.014400
0.014346
0.014283
0.014217
0.014156
0.014104
0.014063
0.014033
0.014010
0.013993
0.013981
0.013973
0.013969
0.013972
0.013979
0.013990
0.014000
0.014007
0.014005
0.013989
0.013959
0.013912
0.013851
0.013781
0.013707
0.013636
0.013573
0.013521
0.013478
0.013441
0.013406
0.013371
0.013335
0.013300
0.013268
0.013242
0.013221
0.013203
0.013184
0.013160
0.013125
0.013080
0.013026
0.012966
0.012904
0.012845
0.012790
0.012743
0.012702
0.012667
0.012640
0.012619
0.012603
0.012590
0.012578
0.012564
0.012547
0.012526
0.012502
0.012476
0.012448
0.012420
0.012392
0.012362
0.012332
0.012304
0.012279
0.012261
0.012251
0.012251
0.012259
0.012272
0.012289
0.012307
0.012325
0.012344
0.012367
0.012396
0.012433
0.012479
0.012535
0.012595
0.012655
0.012706
0.012743
0.012759
0.012750
0.012718
0.012667
0.012602
0.012531
0.012459
0.012390
0.012326
0.012267
0.012212
0.012160
0.012112
0.012068
0.012028
0.011992
0.011960
0.011931
0.011906
0.011885
0.011871
0.011865
0.011871
0.011892
0.011931
0.011987
0.012060
0.012148
0.012245
0.012345
0.012439
0.012519
0.012576
0.012605
0.012604
0.012575
0.012523
0.012456
0.012384
0.012314
0.012251
0.012199
0.012157
0.012125
0.012100
0.012079
0.012059
0.012038
0.012013
0.011986
0.011956
0.011926
0.011898
0.011873
0.011853
0.011833
0.011812
0.011784
0.011749
0.011705
0.011658
0.011611
0.011573
0.011549
0.011540
0.011547
0.011567
0.011592
0.011620
0.011644
0.011665
0.011682
0.011695
0.011706
0.011716
0.011723
0.011727
0.011727
0.011722
0.011714
0.011702
0.011687
0.011669
0.011646
0.011618
0.011584
0.011543
0.011496
0.011441
0.011382
0.011319
0.011256
0.011199
0.011153
0.011125
0.011118
0.011133
0.011168
0.011216
0.011268
0.011313
0.011343
0.011351
0.011335
0.011299
0.011251
0.011198
0.011153
0.011122
0.011111
0.011120
0.011144
0.011175
0.011205
0.011225
0.011233
0.011227
0.011212
0.011193
0.011175
0.011161
0.011151
0.011142
0.011134
0.011122
0.011107
0.011089
0.011069
0.011049
0.011026
0.011001
0.010972
0.010939
0.010904
0.010873
0.010853
0.010855
0.010890
0.010964
0.011083
0.011247
0.011449
0.011678
0.011918
0.012149
0.012353
0.012514
0.012621
0.012670
0.012662
0.012606
0.012510
0.012389
0.012252
0.012110
0.011970
0.011836
0.011712
0.011598
0.011497
0.011406
0.011328
0.011260
0.011202
0.011155
0.011117
0.011085
0.011057
0.011028
0.010997
0.010960
0.010919
0.010878
0.010839
0.010809
0.010789
0.010780
0.010776
0.010774
0.010767
0.010750
0.010721
0.010681
0.010631
0.010576
0.010519
0.010464
0.010414
0.010374
0.010346
0.010332
0.010332
0.010342
0.010356
0.010368
0.010369
0.010356
0.010325
0.010280
0.010223
0.010161
0.010100
0.010045
0.009998
0.009961
0.009935
0.009916
0.009904
0.009896
0.009889
0.009881
0.009872
0.009863
0.009856
0.009853
0.009856
0.009869
0.009890
0.009920
0.009957
0.009999
0.010044
0.010088
0.010128
0.010160
0.010181
0.010186
0.010175
0.010148
0.010106
0.010056
0.010001
0.009948
0.009901
0.009862
0.009831
0.009807
0.009787
0.009766
0.009742
0.009713
0.009675
0.009629
0.009574
0.009510
0.009438
0.009360
0.009279
0.009198
0.009122
0.009054
0.008997
0.008952
0.008919
0.008896
0.008879
0.008864
0.008848
0.008829
0.008806
0.008781
0.008753
0.008725
0.008697
0.008669
0.008641
0.008612
0.008580
0.008547
0.008512
0.008478
0.008444
0.008410
0.008377
0.008343
0.008310
0.008277
0.008246
0.008217
0.008189
0.008161
0.008130
0.008094
0.008055
0.008012
0.007969
0.007931
0.007900
0.007877
0.007864
0.007858
0.007857
0.007858
0.007858
0.007856
0.007850
0.007836
0.007814
0.007783
0.007742
0.007695
0.007645
0.007598
0.007557
0.007525
0.007502
0.007485
0.007470
0.007455
0.007437
0.007416
0.007392
0.007369
0.007348
0.007329
0.007313
0.007297
0.007280
0.007260
0.007235
0.007202
0.007163
0.007117
0.007066
0.007011
0.006954
0.006895
0.006834
0.006773
0.006710
0.006648
0.006587
0.006532
0.006485
0.006448
0.006422
0.006408
0.006405
0.006409
0.006418
0.006427
0.006431
0.006424
0.006402
0.006365
0.006311
0.006243
0.006166
0.006086
0.006008
0.005940
0.005885
0.005847
0.005827
0.005827
0.005845
0.005879
0.005922
0.005967
0.006006
0.006028
0.006025
0.005991
0.005927
0.005837
0.005733
0.005626
0.005528
0.005449
0.005391
0.005354
0.005332
0.005320
0.005314
0.005314
0.005324
0.005351
0.005405
0.005494
0.005626
0.005802
0.006017
0.006258
0.006505
0.006734
0.006918
0.007031
0.007058
0.006993
0.006842
0.006622
0.006357
0.006075
0.005801
0.005554
0.005347
0.005187
0.005073
0.004999
0.004957
0.004936
0.004925
0.004915
0.004901
0.004878
0.004848
0.004813
0.004774
0.004732
0.004683
0.004619
0.004527
0.004391
0.004194
0.003921
0.003564
0.003125
0.002621
0.002081
0.001547
0.001066
0.000680
0.000417
0.000283
0.000265
0.000331
0.000439
0.000550
0.000634
0.000675
0.000671
0.000631
0.000566
0.000490
0.000410
0.000331
0.000254
0.000178
0.000104
0.000029
-0.000045
-0.000119
-0.000194
-0.000272
-0.000353
-0.000440
-0.000533
-0.000632
-0.000736
-0.000846
-0.000962
-0.001083
-0.001211
-0.001344
-0.001482
-0.001623
-0.001765
-0.001907
-0.002048
-0.002185
-0.002319
-0.002450
-0.002579
-0.002706
-0.002832
-0.002959
-0.003087
-0.003215
-0.003344
-0.003471
-0.003593
-0.003710
-0.003818
-0.003916
-0.003996
-0.004043
-0.004031
-0.003923
-0.003667
-0.003206
-0.002487
-0.001478
-0.000186
0.001330
0.002947
0.004496
0.005781
0.006627
0.006918
