-0.000866
-0.000850
-0.000840
-0.000834
-0.000833
-0.000835
-0.000841
-0.000850
-0.000861
-0.000871
-0.000881
-0.000888
-0.000891
-0.000886
-0.000872
-0.000844
-0.000799
-0.000732
-0.000639
-0.000511
-0.000343
-0.000125
0.000153
0.000503
0.000937
0.001470
0.002120
0.002904
0.003844
0.004962
0.006282
0.007831
0.009634
0.011721
0.014120
0.016860
0.019970
0.023477
0.027405
0.031777
0.036612
0.041924
0.047720
0.054002
0.060765
0.067995
0.075669
0.083757
0.092218
0.101003
0.110052
0.119299
0.128670
0.138083
0.147451
0.156686
0.165694
0.174384
0.182665
0.190449
0.197656
0.204211
0.210049
0.215114
0.219364
0.222768
0.225308
0.226978
0.227788
0.227758
0.226920
0.225318
0.223006
0.220043
0.216496
0.212439
0.207944
0.203089
0.197949
0.192598
0.187105
0.181537
0.175955
0.170414
0.164961
0.159638
0.154480
0.149515
0.144763
0.140240
0.135955
0.131913
0.128113
0.124552
0.121222
0.118114
0.115217
0.112517
0.110001
0.107654
0.105463
0.103413
0.101491
0.099683
0.097979
0.096366
0.094834
0.093375
0.091980
0.090642
0.089354
0.088110
0.086906
0.085737
0.084600
0.083492
0.082409
0.081350
0.080313
0.079296
0.078297
0.077316
0.076351
0.075401
0.074466
0.073545
0.072637
0.071742
0.070860
0.069990
0.069132
0.068286
0.067451
0.066627
0.065815
0.065014
0.064224
0.063446
0.062678
0.061922
0.061177
0.060443
0.059720
0.059009
0.058309
0.057620
0.056942
0.056276
0.055621
0.054977
0.054344
0.053722
0.053111
0.052510
0.051919
0.051338
0.050767
0.050206
0.049653
0.049109
0.048574
0.048046
0.047526
0.047013
0.046507
0.046008
0.045514
0.045026
0.044544
0.044066
0.043593
0.043125
0.042660
0.042200
0.041743
0.041289
0.040839
0.040392
0.039948
0.039507
0.039069
0.038634
0.038203
0.037775
0.037350
0.036930
0.036513
0.036100
0.035691
0.035287
0.034888
0.034493
0.034103
0.033718
0.033339
0.032965
0.032596
0.032232
0.031874
0.031521
0.031173
0.030830
0.030492
0.030159
0.029830
0.029506
0.029186
0.028870
0.028558
0.028250
0.027945
0.027644
0.027346
0.027051
0.026759
0.026470
0.026184
0.025901
0.025621
0.025344
0.025070
0.024799
0.024531
0.024266
0.024004
0.023746
0.023491
0.023239
0.022990
0.022745
0.022504
0.022265
0.022030
0.021799
0.021570
0.021346
0.021124
0.020906
0.020691
0.020479
0.020270
0.020065
0.019862
0.019663
0.019466
0.019272
0.019082
0.018894
0.018708
0.018526
0.018346
0.018168
0.017993
0.017820
0.017649
0.017480
0.017313
0.017147
0.016983
0.016821
0.016660
0.016499
0.016340
0.016182
0.016024
0.015866
0.015709
0.015552
0.015395
0.015238
0.015081
0.014924
0.014767
0.014609
0.014452
0.014294
0.014136
0.013977
0.013819
0.013661
0.013502
0.013344
0.013187
0.013029
0.012873
0.012717
0.012562
0.012408
0.012255
0.012103
0.011952
0.011804
0.011656
0.011511
0.011367
0.011226
0.011086
0.010948
0.010812
0.010679
0.010547
0.010418
0.010290
0.010165
0.010042
0.009921
0.009802
0.009685
0.009570
0.009457
0.009345
0.009235
0.009127
0.009021
0.008916
0.008812
0.008710
0.008609
0.008509
0.008410
0.008312
0.008215
0.008119
0.008023
0.007928
0.007834
0.007740
0.007647
0.007554
0.007462
0.007371
0.007280
0.007189
0.007099
0.007010
0.006921
0.006833
0.006746
0.006660
0.006574
0.006490
0.006407
0.006324
0.006244
0.006164
0.006086
0.006009
0.005933
0.005859
0.005786
0.005715
0.005645
0.005576
0.005509
0.005443
0.005379
0.005316
0.005254
0.005193
0.005134
0.005075
0.005017
0.004960
0.004905
0.004849
0.004795
0.004741
0.004688
0.004635
0.004583
0.004532
0.004481
0.004430
0.004381
0.004331
0.004283
0.004235
0.004187
0.004140
0.004094
0.004049
0.004004
0.003960
0.003917
0.003875
0.003834
0.003793
0.003753
0.003714
0.003676
0.003638
0.003601
0.003565
0.003529
0.003493
0.003458
0.003423
0.003388
0.003354
0.003319
0.003285
0.003250
0.003215
0.003180
0.003145
0.003109
0.003074
0.003038
0.003001
0.002965
0.002928
0.002891
0.002854
0.002816
0.002779
0.002741
0.002703
0.002665
0.002627
0.002589
0.002551
0.002513
0.002475
0.002437
0.002400
0.002363
0.002325
0.002288
0.002252
0.002215
0.002179
0.002143
0.002107
0.002072
0.002037
0.002003
0.001969
0.001935
0.001902
0.001869
0.001836
0.001805
0.001773
0.001742
0.001712
0.001682
0.001652
0.001624
0.001595
0.001567
0.001540
0.001512
0.001486
0.001459
0.001433
0.001408
0.001383
0.001358
0.001333
0.001308
0.001284
0.001260
0.001235
0.001211
0.001188
0.001164
0.001140
0.001117
0.001094
0.001070
0.001047
0.001025
0.001002
0.000980
0.000958
0.000936
0.000915
0.000894
0.000874
0.000854
0.000835
0.000816
0.000798
0.000781
0.000764
0.000747
0.000732
0.000717
0.000702
0.000688
0.000675
0.000662
0.000650
0.000638
0.000627
0.000617
0.000606
0.000597
0.000587
0.000578
0.000570
0.000561
0.000553
0.000545
0.000538
0.000530
0.000523
0.000516
0.000509
0.000502
0.000495
0.000489
0.000482
0.000476
0.000469
0.000463
0.000456
0.000450
0.000443
0.000437
0.000431
0.000424
0.000418
0.000412
0.000405
0.000399
0.000393
0.000387
0.000381
0.000375
0.000369
0.000364
0.000359
0.000354
0.000349
0.000345
0.000342
0.000339
0.000336
0.000335
0.000334
0.000334
0.000335
0.000337
0.000340
0.000344
0.000349
0.000355
0.000362
0.000370
0.000379
0.000389
0.000400
0.000411
0.000422
0.000434
0.000446
0.000458
0.000470
0.000481
0.000491
0.000501
0.000510
0.000517
0.000524
0.000529
0.000532
0.000534
0.000535
0.000535
0.000533
0.000531
0.000527
0.000523
0.000519
0.000515
0.000511
0.000508
0.000506
0.000506
0.000508
0.000513
0.000521
0.000533
0.000548
0.000569
0.000594
0.000625
0.000662
0.000705
0.000754
0.000810
0.000873
0.000942
0.001017
0.001098
0.001186
0.001278
0.001375
0.001476
0.001580
0.001686
0.001794
0.001901
0.002007
0.002112
0.002212
0.002309
0.002400
0.002484
0.002561
0.002629
0.002689
0.002739
0.002779
0.002809
0.002829
0.002838
0.002837
0.002827
0.002808
0.002780
0.002745
0.002702
0.002653
0.002599
0.002541
0.002479
0.002415
0.002349
0.002283
0.002216
0.002150
0.002085
0.002021
0.001960
0.001902
0.001846
0.001793
0.001744
0.001698
0.001655
0.001615
0.001578
0.001544
0.001513
0.001485
0.001459
0.001435
0.001413
0.001393
0.001375
0.001358
0.001342
0.001327
0.001313
0.001299
0.001286
0.001273
0.001260
0.001248
0.001235
0.001223
0.001210
0.001198
0.001185
0.001172
0.001159
0.001146
0.001133
0.001120
0.001107
0.001094
0.001081
0.001069
0.001057
0.001045
0.001035
0.001024
0.001015
0.001006
0.000998
0.000991
0.000985
0.000980
0.000976
0.000972
0.000970
0.000968
0.000968
0.000968
0.000969
0.000970
0.000973
0.000975
0.000978
0.000981
0.000985
0.000989
0.000993
0.000997
0.001000
0.001004
0.001008
0.001012
0.001016
0.001019
0.001023
0.001027
0.001031
0.001035
0.001039
0.001044
0.001050
0.001055
0.001062
0.001069
0.001077
0.001085
0.001094
0.001104
0.001115
0.001126
0.001137
0.001149
0.001162
0.001174
0.001187
0.001200
0.001212
0.001223
0.001234
0.001244
0.001253
0.001261
0.001268
0.001273
0.001277
0.001279
0.001280
0.001279
0.001276
0.001271
0.001265
0.001257
0.001248
0.001237
0.001225
0.001211
0.001197
0.001182
0.001166
0.001149
0.001131
0.001113
0.001095
0.001077
0.001059
0.001040
0.001022
0.001004
0.000986
0.000968
0.000951
0.000934
0.000918
0.000902
0.000887
0.000873
0.000859
0.000845
0.000833
0.000822
0.000811
0.000801
0.000792
0.000784
0.000777
0.000771
0.000766
0.000762
0.000759
0.000757
0.000755
0.000755
0.000756
0.000757
0.000759
0.000761
0.000765
0.000768
0.000773
0.000778
0.000783
0.000788
0.000794
0.000801
0.000808
0.000815
0.000822
0.000830
0.000838
0.000847
0.000856
0.000866
0.000876
0.000886
0.000897
0.000909
0.000921
0.000933
0.000947
0.000960
0.000974
0.000988
0.001003
0.001017
0.001032
0.001047
0.001062
0.001076
0.001091
0.001104
0.001118
0.001131
0.001143
0.001154
0.001164
0.001173
0.001181
0.001187
0.001192
0.001196
0.001198
0.001198
0.001197
0.001194
0.001190
0.001184
0.001176
0.001166
0.001155
0.001143
0.001129
0.001114
0.001098
0.001081
0.001064
0.001045
0.001027
0.001007
0.000988
0.000969
0.000949
0.000930
0.000911
0.000893
0.000875
0.000858
0.000842
0.000826
0.000811
0.000796
0.000783
0.000770
0.000758
0.000746
0.000736
0.000726
0.000716
0.000707
0.000699
0.000691
0.000684
0.000677
0.000671
0.000665
0.000660
0.000655
0.000650
0.000645
0.000641
0.000637
0.000633
0.000630
0.000626
0.000623
0.000620
0.000617
0.000614
0.000611
0.000607
0.000604
0.000601
0.000597
0.000593
0.000589
0.000585
0.000580
0.000575
0.000570
0.000563
0.000557
0.000550
0.000543
0.000535
0.000526
0.000517
0.000507
0.000497
0.000487
0.000476
0.000464
0.000452
0.000440
0.000427
0.000413
0.000399
0.000384
0.000368
0.000352
0.000335
0.000317
0.000298
0.000279
0.000258
0.000236
0.000213
0.000188
0.000162
0.000134
0.000105
0.000073
0.000041
0.000006
-0.000031
-0.000070
-0.000111
-0.000153
-0.000198
-0.000245
-0.000293
-0.000343
-0.000394
-0.000447
-0.000501
-0.000556
-0.000612
-0.000669
-0.000725
-0.000782
-0.000838
-0.000894
-0.000950
-0.001004
-0.001058
-0.001110
-0.001161
-0.001210
-0.001258
-0.001304
-0.001348
-0.001390
-0.001431
-0.001470
-0.001507
-0.001543
-0.001577
-0.001610
-0.001642
-0.001672
-0.001701
-0.001728
-0.001755
-0.001781
-0.001805
-0.001829
-0.001852
-0.001874
-0.001895
-0.001914
-0.001933
-0.001951
-0.001967
-0.001982
-0.001995
-0.002007
-0.002018
-0.002026
-0.002032
-0.002037
-0.002039
-0.002038
-0.002035
-0.002029
-0.002020
-0.002008
-0.001993
-0.001975
-0.001953
-0.001927
-0.001898
-0.001866
-0.001830
-0.001790
-0.001748
-0.001702
-0.001654
-0.001603
-0.001550
-0.001495
-0.001439
-0.001383
-0.001326
-0.001270
-0.001216
-0.001163
-0.001112
-0.001065
-0.001020
-0.000980
-0.000944
-0.000913
-0.000887
