-0.528960
0.104284
-0.123526
0.005073
0.054647
-0.012245
-0.042840
0.008711
0.044155
-0.089739
0.124020
-0.101054
0.004462
0.032796
0.002831
-0.030479
0.007344
-0.023993
0.024437
-0.000356
-0.043347
0.048507
-0.031301
-0.015707
0.036538
-0.035544
0.006928
-0.003866
0.006702
-0.021962
0.007615
-0.008653
-0.000272
0.004048
-0.010287
-0.003518
-0.016126
0.020264
-0.019671
0.004031
-0.013031
0.009336
-0.008484
0.000272
-0.016460
0.013267
-0.014587
-0.006832
0.016785
-0.036231
0.025193
-0.022698
0.006004
-0.000569
-0.031215
0.026211
0.070045
-0.181919
-0.013378
0.434344
-0.289779
-1.067191
2.464709
1.541911
1.095575
0.775413
0.698646
0.532332
0.242888
0.145314
0.238564
0.211294
0.147972
0.390653
0.059319
0.107208
0.246464
0.264496
0.105447
0.149256
0.178681
0.123195
0.156071
0.144699
0.198750
0.075388
0.155713
0.196757
0.087932
0.117987
0.162927
0.184793
0.096961
0.122991
0.099988
0.170322
0.154911
0.070642
0.141094
0.107362
0.158429
0.104985
0.113897
0.106018
0.141840
0.094210
0.109918
0.116176
0.113301
0.103300
0.109594
0.110284
0.103178
0.079992
0.131283
0.101928
0.080498
0.105648
0.096709
0.104860
0.103840
0.076002
0.094897
0.106167
0.096839
0.074511
0.084986
0.109299
0.079159
0.072820
0.105195
0.072222
0.092296
0.077940
0.088370
0.069499
0.083247
0.079381
0.089568
0.070294
0.062757
0.080227
0.068521
0.089114
0.050148
0.076082
0.088304
0.061600
0.058304
0.078518
0.070766
0.056576
0.074705
0.063562
0.065140
0.060411
0.061280
0.054063
0.068074
0.057487
0.057836
0.050086
0.084439
0.049055
0.053075
0.064444
0.046643
0.074661
0.031734
0.067635
0.043745
0.062710
0.055736
0.039578
0.048590
0.072017
0.035418
0.040806
0.070062
0.056186
0.029227
0.056852
0.048833
0.054044
0.046707
0.021349
0.070632
0.048071
0.039083
0.026396
0.058741
0.064057
0.014350
0.040724
0.056496
0.049746
0.001043
0.068383
0.027626
0.052865
0.024524
0.042158
0.039027
0.043528
0.036584
0.022860
0.041645
0.057775
0.011549
0.045648
0.031572
0.045005
0.018378
0.030457
0.035520
0.050632
0.018647
0.025071
0.040395
0.049234
0.003657
0.043927
0.020316
0.055317
0.011368
0.018977
0.040020
0.041282
0.016866
0.019408
0.045196
0.021901
0.038192
0.014810
0.042020
0.024319
0.033619
0.017073
0.026598
0.045079
0.012750
0.019766
0.043662
0.024641
0.006518
0.050942
0.008304
0.026167
0.018908
0.025254
0.040263
0.019942
0.010347
0.021905
0.027991
0.026509
0.023947
-0.009118
0.052921
0.024896
0.000478
0.024992
0.023440
0.019316
0.026656
0.004974
0.029170
0.027892
0.020715
0.000431
0.033141
0.025555
0.015076
0.002535
0.032712
0.025241
-0.004719
0.027865
0.025868
0.018199
0.012078
0.019713
0.037068
0.008198
0.020046
-0.004928
0.033738
0.027230
0.003124
0.010376
0.024077
0.020391
0.012905
0.013298
0.008839
0.016955
0.021544
-0.002232
0.024322
0.017736
0.023070
-0.003542
0.010239
0.035398
0.007119
-0.008220
0.022952
0.031385
-0.001702
0.014310
0.002691
0.027545
0.002706
0.012912
0.032878
-0.001961
0.083177
-0.045561
0.024474
0.008721
0.017016
-0.003874
0.034759
0.002528
0.007660
0.020627
0.009494
0.015907
0.012072
0.010080
0.019422
0.006149
0.023526
0.002315
0.002050
0.032021
0.002182
-0.004369
0.032149
0.005219
-0.010569
0.048474
-0.007746
0.023546
-0.003354
0.012167
0.006490
0.026522
-0.006887
0.019629
-0.004238
0.025100
0.010164
-0.007389
0.034296
-0.002700
0.012026
-0.004068
0.021886
-0.006238
0.021679
-0.003961
0.017613
0.005850
0.009118
0.002983
0.006362
0.021420
0.000684
-0.005654
0.022520
0.001259
0.010731
0.002426
0.011609
0.006642
-0.001386
0.003196
0.025869
0.006374
-0.000986
0.013134
-0.018233
0.039354
-0.013335
0.008632
0.016083
-0.003242
0.000568
0.027833
-0.015392
0.014802
0.013165
-0.014240
0.029858
-0.004651
0.011574
0.002148
-0.003019
0.024442
-0.008365
-0.001919
0.018390
0.013033
-0.006895
0.000124
0.014086
0.004536
-0.000993
0.010452
0.002614
0.008195
0.006777
-0.005125
0.029852
-0.008225
0.007471
-0.012877
0.038012
-0.007609
-0.009939
0.003212
0.024870
-0.003305
-0.000229
-0.004605
0.007748
0.021557
-0.013473
-0.007012
0.015057
0.013166
0.005796
-0.019329
0.023716
0.005971
-0.019681
0.019431
0.001673
0.008658
0.002397
-0.007186
0.008740
0.018408
-0.016850
0.015629
-0.011643
0.020756
-0.013108
-0.002225
0.023652
0.007196
-0.015418
0.006662
0.003453
0.006667
-0.004821
0.009594
-0.005441
0.009817
-0.000282
0.006114
-0.008579
0.012131
0.006047
-0.014623
0.019472
0.005744
-0.018079
0.018830
-0.003780
-0.000046
0.002440
0.005373
0.001309
0.013499
-0.011134
0.001796
0.005278
0.008272
-0.003757
-0.000287
0.011497
-0.004283
0.001443
0.004070
0.002512
-0.007144
0.013190
-0.011955
0.013235
0.006366
-0.002389
-0.014455
0.011532
0.020203
-0.010359
-0.018308
0.026398
-0.003025
-0.005714
0.003694
0.002147
0.004651
-0.010125
0.008591
-0.003348
0.016232
-0.006601
-0.013572
0.011134
0.024613
-0.032180
0.003010
0.016829
0.010382
-0.022783
0.013103
-0.002831
0.010169
-0.007969
0.001542
0.016424
-0.010996
0.012603
-0.008787
0.008658
0.006999
-0.007889
-0.009484
0.028053
-0.005108
-0.006483
0.002559
0.006847
-0.008508
0.012345
-0.009778
0.017148
-0.004706
-0.000199
-0.007075
0.010040
0.012963
-0.011895
-0.014292
0.028011
-0.006118
-0.007934
0.000279
0.002342
0.013644
-0.009178
-0.010115
0.013484
0.006053
-0.010849
0.005904
-0.007957
0.019829
-0.015878
-0.001016
0.019236
-0.006410
-0.018318
0.018398
-0.002909
0.006985
-0.006254
-0.001129
-0.002262
0.010908
-0.000840
-0.007832
0.002384
0.007078
0.004763
-0.026952
0.023835
0.002526
-0.011426
0.001618
0.000522
0.012817
-0.013305
-0.001341
0.006908
0.009681
-0.010723
-0.003309
-0.003113
0.018153
-0.006498
-0.016301
0.015857
0.007797
-0.015788
0.007584
0.001555
0.000667
0.004731
-0.018885
0.020535
-0.002899
-0.002957
0.000961
-0.005097
0.014879
-0.010083
-0.008360
0.026442
-0.015101
-0.001453
-0.003042
0.006896
-0.000075
-0.005137
-0.001263
0.005423
0.003479
-0.005136
-0.005563
0.003651
0.011377
-0.003513
-0.017711
0.026561
-0.010232
-0.009785
-0.001549
0.018673
-0.009244
0.005049
-0.011113
0.009528
-0.000558
0.006448
-0.019295
0.002508
0.024560
-0.017552
-0.013743
0.017691
0.009757
-0.018318
0.005717
-0.002333
0.005804
-0.002852
-0.004427
0.013583
-0.003807
0.017363
-0.025101
0.018736
-0.001036
-0.004119
-0.014476
0.027335
0.004843
-0.030914
0.016211
0.004146
0.010499
-0.027965
0.008352
0.015930
-0.004262
-0.003186
-0.013604
0.023129
-0.000535
-0.013442
0.000384
0.013927
-0.003432
-0.004259
0.004077
-0.005000
0.010014
-0.006137
0.002416
-0.000355
0.010699
-0.008578
-0.002383
0.007023
0.012018
-0.009156
-0.017723
0.033876
-0.006025
-0.013723
-0.000755
0.010541
-0.001912
-0.002463
0.002878
-0.004639
0.007781
-0.004534
-0.005280
0.010804
0.005240
-0.014827
0.001131
0.013194
0.006142
-0.023260
0.005774
0.012212
-0.008309
0.000237
-0.001107
0.010993
-0.008686
0.001821
0.001304
-0.005223
0.013457
-0.014967
-0.002395
0.015703
0.000867
-0.012244
0.001735
0.011758
-0.011116
0.001517
-0.005338
0.016894
-0.005036
0.005369
-0.022147
0.021002
0.001412
-0.006238
-0.007849
0.030912
-0.002906
-0.015322
0.005601
0.000453
-0.000473
0.003916
-0.008511
0.009756
-0.000735
-0.003893
-0.002778
0.002095
0.016773
-0.020975
0.006551
0.007833
0.012649
-0.020949
0.000653
0.005953
0.010396
-0.022288
0.018148
-0.006199
0.006997
-0.003815
-0.004608
0.002126
0.016099
-0.009238
-0.017260
0.028049
-0.017969
0.003975
-0.003979
0.008112
-0.005194
0.006022
-0.000824
-0.004503
0.006082
-0.006545
-0.003889
0.002995
0.014161
-0.007817
-0.010028
0.023820
0.000162
-0.024329
0.021772
-0.002462
0.004830
-0.008374
-0.000596
0.011859
0.002432
-0.000888
-0.022548
0.023785
0.009030
-0.004006
-0.023909
0.035312
-0.012364
0.001710
-0.005879
0.006998
0.003789
-0.002555
-0.009080
0.016304
-0.007160
-0.002003
0.001031
-0.006541
0.021025
-0.012859
-0.013741
0.025950
-0.002525
-0.016428
-0.000581
0.014629
-0.002846
0.003822
-0.021845
0.026205
-0.007117
0.001099
-0.012722
0.008854
0.011885
-0.005903
-0.015172
0.012632
0.012367
-0.015688
-0.000970
0.005500
-0.005809
0.009083
-0.017056
0.022141
-0.013343
0.010804
-0.016972
0.009219
0.011023
-0.013305
-0.005698
0.014137
0.002920
-0.018191
0.010468
-0.000842
0.001078
-0.007111
-0.003692
0.014882
-0.001644
-0.009057
-0.006731
0.017284
0.001710
-0.006507
-0.020089
0.028824
-0.010375
-0.004632
-0.007684
0.017706
-0.015637
0.010876
-0.012507
0.002661
0.013604
-0.014737
0.008183
-0.007405
0.014926
-0.016470
-0.007488
0.025339
-0.004653
-0.024257
0.021475
-0.019526
0.033349
-0.043723
0.055819
-0.095701
0.131700
-0.112085
0.053971
-0.017418
0.011687
-0.005047
-0.019673
0.026753
-0.012976
-0.000551
-0.006073
0.017465
-0.026019
0.010932
0.004568
-0.007034
0.007942
-0.007491
-0.005436
0.003971
0.008986
-0.021310
0.020557
-0.016543
0.018028
-0.024491
0.009746
0.017152
-0.015921
0.000537
0.000839
0.004857
0.005816
-0.003960
-0.008458
0.003020
0.007916
-0.014395
0.002208
0.006172
-0.001188
-0.009103
0.002168
0.007219
-0.003695
-0.008599
0.013101
-0.011908
0.010101
-0.006767
-0.014820
0.012522
0.015750
-0.028014
-0.002891
0.015961
0.003080
-0.009695
-0.023259
0.030031
0.003185
-0.012376
-0.057573
0.123792
-0.090758
0.012178
-0.023992
0.006943
0.011750
-0.020220
-0.006996
0.022771
-0.015564
-0.012477
0.026744
-0.037365
0.009474
0.012415
-0.020338
0.006662
-0.010905
0.004376
-0.006931
-0.002611
-0.003969
0.005563
-0.029991
0.019289
0.010165
-0.036184
0.007254
0.003776
-0.002964
-0.016919
0.003564
-0.003198
0.005926
-0.019767
0.006116
-0.002448
-0.013230
0.008283
-0.021759
0.016371
-0.011425
-0.006283
-0.012048
0.016280
-0.026943
0.012152
-0.030133
0.026043
-0.015598
-0.009931
-0.008318
0.007422
-0.012428
0.000365
-0.023422
0.014308
-0.006656
-0.014098
-0.001163
0.000212
-0.004335
-0.047654
0.100223
-0.140693
0.093668
-0.150075
0.500986
-1.134301
1.283814
