-0.414106
0.093559
-0.104348
0.014762
0.032149
-0.002581
-0.034819
0.009396
0.036134
-0.075533
0.098871
-0.074076
0.003688
0.019017
0.003047
-0.009203
-0.019810
0.007648
0.008629
0.005254
-0.045316
0.046469
-0.026766
0.006333
0.007541
-0.023651
0.017531
-0.013656
0.006567
-0.010215
-0.000268
0.005833
-0.014203
0.013779
-0.019093
0.010500
-0.011852
0.007863
-0.007972
-0.002868
-0.001973
0.001223
-0.003194
-0.004611
-0.002000
0.002179
0.002564
-0.014369
0.012997
-0.023742
0.019294
-0.011494
0.000247
0.010666
-0.044015
0.017833
0.088161
-0.167724
-0.028393
0.373034
-0.119420
-1.181486
2.445462
1.454383
0.903371
0.341339
0.427562
0.448934
0.176063
0.014460
0.125612
0.214583
0.131588
0.217971
0.091597
0.081896
0.145114
0.208805
0.098394
0.090442
0.124933
0.110589
0.111555
0.092026
0.157536
0.044278
0.110024
0.161888
0.060364
0.071685
0.128143
0.131412
0.062560
0.101532
0.062662
0.106938
0.131442
0.038867
0.083595
0.097849
0.105892
0.080405
0.057496
0.081955
0.103376
0.072103
0.062155
0.095717
0.079148
0.066536
0.077974
0.078021
0.077353
0.047698
0.101004
0.066375
0.062933
0.059876
0.075390
0.070475
0.067828
0.049019
0.071150
0.057272
0.076135
0.035342
0.065637
0.073582
0.051196
0.044996
0.080667
0.042559
0.057232
0.054770
0.060065
0.023773
0.094661
0.030103
0.065124
0.040481
0.054809
0.038250
0.055885
0.061517
0.036830
0.044678
0.058182
0.049726
0.043036
0.032441
0.055050
0.046425
0.045010
0.031180
0.052460
0.035577
0.040045
0.039297
0.038007
0.055079
0.022953
0.042464
0.042689
0.046774
0.011388
0.045943
0.047888
0.027975
0.029098
0.045978
0.042350
0.011684
0.042383
0.037022
0.037871
0.035883
0.009505
0.033693
0.051620
0.031723
-0.004802
0.046675
0.038821
0.027266
0.020627
0.033887
0.021615
0.037639
0.027614
0.008291
0.033194
0.054501
-0.000228
0.029710
0.032279
0.035738
0.009526
0.024539
0.032344
0.027253
0.014507
0.011208
0.035204
0.014731
0.041556
-0.008460
0.036322
0.034415
0.006228
-0.001239
0.045783
0.020858
0.010148
0.016926
0.021318
0.031960
0.011620
-0.002593
0.037925
0.017270
0.017439
0.010135
0.021527
0.027280
0.015674
0.001176
0.040807
-0.002052
0.018156
0.023296
0.022633
-0.002870
0.029536
0.006849
0.018229
0.018766
0.014872
0.011297
0.008966
0.028139
0.001213
0.018666
0.012191
0.026264
-0.013019
0.024413
0.025749
0.001546
0.022139
0.001611
0.027495
0.005982
0.020222
-0.014450
0.032929
0.018926
-0.000553
0.003347
0.031438
0.005394
-0.001427
0.018793
0.015509
0.016527
0.001330
-0.006193
0.037616
0.001561
0.011728
-0.016419
0.035630
0.010529
0.003990
-0.011306
0.029028
0.024899
-0.022907
0.014057
0.013320
0.021208
0.005817
-0.011390
0.024070
0.002712
0.020446
-0.015473
0.012218
0.022032
0.001557
0.006893
0.015406
0.008161
-0.000902
0.003625
0.019170
0.001812
-0.003549
0.015215
0.011961
0.006679
-0.005223
0.008551
-0.001467
0.020712
-0.006315
0.001131
0.021838
0.008509
-0.005408
-0.006261
0.028913
0.000896
-0.008678
-0.000039
0.028750
-0.000556
0.001407
-0.010369
0.016023
0.021106
-0.019238
-0.005062
0.027257
-0.001287
-0.002298
0.012383
0.002809
0.008904
-0.005068
0.004608
0.014829
-0.006868
0.010226
-0.003897
-0.002363
0.027879
-0.023261
0.004980
0.028076
-0.013425
0.002534
-0.006517
0.010450
0.004256
-0.002507
0.003242
0.013577
-0.003155
-0.001921
0.006672
-0.009552
0.025282
-0.020423
0.007957
0.022558
-0.013611
-0.006743
0.014349
0.002456
-0.005579
-0.002030
0.012421
0.007326
-0.008098
0.000821
-0.000438
0.000214
0.028197
-0.028023
0.002914
0.019067
0.006140
-0.016500
0.007686
-0.000400
0.009064
-0.006865
-0.006178
0.017735
0.006958
-0.013325
0.002954
-0.012271
0.030660
-0.008938
-0.015000
0.017212
-0.009581
0.005103
0.008534
-0.013954
0.011501
-0.000136
0.003718
-0.013277
0.019612
-0.002847
-0.019847
0.015931
0.007752
-0.003444
-0.016326
0.007161
0.015802
-0.008975
0.003176
-0.004371
0.006687
-0.004120
0.002273
0.002362
0.006925
-0.004360
-0.009067
0.009691
0.002591
-0.009877
-0.005165
0.019729
-0.003623
-0.014971
0.003546
0.008920
-0.005020
0.009652
-0.015948
0.014434
0.009564
-0.026258
0.004398
-0.003487
0.022145
-0.013293
-0.018131
0.030287
-0.007345
-0.011570
-0.005943
0.020297
-0.008355
0.004236
-0.015334
0.013230
-0.000044
-0.002771
-0.016200
0.003494
0.015497
-0.006677
-0.016568
0.025789
-0.013242
-0.009538
0.008243
0.002207
-0.005036
0.002063
-0.006704
0.010450
0.000674
-0.019565
0.017803
-0.014006
0.014510
-0.019544
0.007492
0.021257
-0.011330
-0.010765
0.000469
0.005407
-0.004178
-0.008712
0.014047
-0.005392
0.001986
-0.010018
-0.000153
-0.001510
0.020126
-0.023292
0.000129
0.010173
-0.002695
-0.006284
-0.003741
0.002989
-0.003514
-0.003457
0.013501
-0.020369
0.013226
-0.000726
-0.015068
0.001688
0.021692
-0.021406
-0.006716
0.013881
0.000630
-0.018116
0.003692
0.012338
-0.011487
-0.009722
0.003617
0.013628
-0.011731
-0.003555
-0.005809
0.005994
0.009428
-0.016298
-0.003617
0.008049
0.003150
-0.016396
0.003192
0.000758
0.013008
-0.012953
-0.007361
0.009813
-0.003972
0.001274
-0.006158
-0.010448
0.023848
-0.019902
0.004504
0.007332
-0.005557
-0.013136
0.007298
0.000447
0.004685
-0.016030
0.000384
0.014711
-0.001851
-0.017691
0.008781
-0.008345
0.018033
-0.016382
-0.020401
0.028606
-0.000543
-0.011921
-0.008307
-0.007548
0.026401
-0.017749
-0.007509
0.004472
0.011538
-0.008743
-0.016581
0.012217
0.007481
-0.010324
-0.019722
0.032259
-0.015850
-0.012666
0.007634
-0.001217
0.003191
-0.009765
0.001936
-0.000260
0.001168
-0.000389
-0.016421
0.008898
0.007057
-0.012900
-0.006515
0.015741
-0.004250
-0.011395
0.005647
-0.000150
-0.005903
-0.001559
-0.001585
0.004564
-0.004571
-0.003927
-0.002680
-0.009499
0.027565
-0.024664
-0.010724
0.013741
0.008761
-0.011655
-0.005592
0.011085
-0.013675
0.004323
-0.013095
0.020799
-0.015898
0.003823
-0.011450
0.001021
0.022999
-0.025447
-0.000643
0.013005
-0.011170
-0.004788
0.005922
-0.007221
0.010016
-0.016612
0.010110
-0.009621
0.012887
-0.004652
-0.025382
0.019172
0.007123
-0.014940
-0.011345
0.022522
-0.009635
-0.002447
-0.007281
0.004751
-0.005839
0.005574
-0.011966
0.014152
-0.008533
-0.002432
-0.007212
0.003824
0.006581
-0.007895
-0.016191
0.031398
-0.012838
-0.025271
0.020735
-0.009773
0.015070
-0.012235
-0.011253
0.011242
0.010109
-0.023600
-0.001988
0.015927
-0.001916
-0.009438
-0.013063
0.025593
-0.007660
-0.006844
-0.006065
-0.002349
0.013761
-0.023315
0.016167
-0.003459
-0.006132
0.004276
-0.013364
0.007368
0.002123
-0.000083
-0.018743
0.034063
-0.024342
0.001407
-0.004411
0.006961
-0.001549
-0.005944
-0.000427
0.002863
-0.007222
0.005412
-0.006932
-0.001619
0.010052
-0.013755
-0.008438
0.026116
-0.013505
-0.002559
-0.007283
0.008607
0.001408
-0.009447
-0.004298
0.013123
-0.008774
0.002201
-0.006808
0.003861
0.010013
-0.012974
-0.009947
0.019081
-0.003679
-0.015886
0.010979
-0.005465
0.009331
-0.011382
0.001610
0.004890
-0.000945
0.000048
-0.004389
-0.003436
0.012817
-0.021528
0.000698
0.020601
-0.009066
-0.010044
0.008609
0.001151
-0.001477
-0.010900
-0.000727
0.014442
-0.008039
-0.005531
-0.002898
0.007402
0.004979
-0.007840
-0.018108
0.033104
-0.012876
-0.010783
0.013324
-0.004930
0.004054
-0.013599
0.008074
-0.002877
-0.000052
0.004650
-0.007740
-0.002972
0.016572
-0.012934
-0.009388
0.015671
-0.005675
-0.002871
0.006021
0.003973
0.005355
-0.009237
-0.001336
0.016618
-0.015489
0.006023
-0.002909
-0.002879
0.015416
-0.018168
-0.003366
0.021084
-0.011773
0.002296
-0.009326
0.003975
0.002330
0.003157
-0.011530
0.015941
-0.007695
-0.004076
0.004976
-0.008659
0.025282
-0.026092
0.000246
0.019067
-0.008501
-0.007748
-0.003386
0.008011
0.000841
-0.008262
0.001046
0.003905
0.006982
-0.011154
-0.005304
0.005922
0.008884
-0.003078
-0.013281
0.016893
-0.001443
-0.003531
0.003902
0.000845
-0.006023
0.000507
0.003108
0.005412
-0.010011
0.006839
-0.006663
-0.004220
0.014244
-0.002008
-0.018005
0.030322
-0.002852
-0.016899
-0.001177
0.020418
-0.015475
-0.001037
0.002164
0.001379
0.000984
0.003254
-0.010429
0.004186
0.011750
-0.012279
0.002032
0.001726
0.006177
-0.018527
0.016302
-0.011375
0.009939
-0.012381
0.007742
-0.005863
0.006598
-0.004033
-0.005012
0.003372
0.019250
-0.032131
0.008696
0.019736
-0.002784
-0.021833
0.006358
0.015077
-0.003097
-0.020107
0.004926
0.010645
0.004708
-0.014299
0.005066
0.000436
0.020867
-0.027363
0.000324
0.018192
-0.006440
-0.004155
-0.003713
0.006404
0.000433
-0.005753
-0.003170
0.007188
0.004027
-0.004112
-0.011793
0.002129
0.026387
-0.018620
-0.009233
0.009945
0.011458
-0.033616
0.034873
-0.030570
0.027488
-0.035173
0.047820
-0.075843
0.114891
-0.112032
0.052679
-0.012697
0.014966
-0.009127
-0.015503
0.017410
-0.000721
-0.001373
-0.018930
0.032765
-0.031880
0.011095
-0.003347
0.001998
0.003689
-0.000476
-0.016015
0.018685
0.006148
-0.024515
0.013339
-0.003224
0.006306
-0.017718
0.012844
-0.002607
0.000952
-0.006810
0.002490
0.000110
0.007933
-0.000911
-0.014646
0.005581
0.013519
-0.025669
0.009302
0.011340
-0.013431
-0.005078
0.000024
0.013484
-0.004342
-0.010547
0.005195
0.007488
-0.010151
0.016375
-0.031634
0.020815
0.007374
-0.022440
0.003978
0.009967
-0.000241
-0.006189
-0.020504
0.019414
0.019270
-0.019042
-0.062260
0.124163
-0.081136
0.001872
-0.014452
0.007265
0.019452
-0.017664
-0.015647
0.022720
-0.001604
-0.028466
0.024739
-0.022636
0.015877
-0.018271
0.010000
-0.007042
-0.005212
0.008449
0.000464
-0.019565
0.005780
0.001740
-0.009867
0.007712
0.000074
-0.023335
0.009178
0.001831
0.004228
-0.024431
0.009423
-0.000462
-0.000043
-0.009164
-0.004403
-0.002630
0.012710
-0.017219
-0.008792
0.006738
0.002562
-0.012846
-0.002956
-0.002771
0.000770
-0.009038
-0.003683
0.004573
-0.005703
-0.006664
-0.007065
0.007068
-0.007880
-0.002755
-0.015614
0.016826
-0.006361
-0.023546
0.010089
-0.000699
0.001289
-0.039548
0.065006
-0.086993
0.059034
-0.111130
0.392914
-0.876671
0.986385
