-0.000922
-0.000882
-0.000851
-0.000827
-0.000811
-0.000802
-0.000800
-0.000803
-0.000810
-0.000820
-0.000832
-0.000842
-0.000850
-0.000852
-0.000845
-0.000825
-0.000789
-0.000731
-0.000646
-0.000528
-0.000367
-0.000156
0.000117
0.000462
0.000893
0.001426
0.002077
0.002865
0.003812
0.004941
0.006275
0.007841
0.009667
0.011782
0.014214
0.016995
0.020151
0.023711
0.027701
0.032144
0.037058
0.042458
0.048352
0.054743
0.061624
0.068983
0.076796
0.085033
0.093652
0.102604
0.111828
0.121257
0.130816
0.140421
0.149986
0.159418
0.168623
0.177508
0.185980
0.193950
0.201335
0.208058
0.214054
0.219266
0.223648
0.227170
0.229811
0.231568
0.232447
0.232469
0.231668
0.230087
0.227779
0.224807
0.221238
0.217145
0.212605
0.207694
0.202491
0.197069
0.191501
0.185854
0.180191
0.174568
0.169033
0.163630
0.158394
0.153353
0.148529
0.143938
0.139590
0.135490
0.131637
0.128027
0.124654
0.121508
0.118577
0.115848
0.113307
0.110939
0.108730
0.106665
0.104731
0.102915
0.101203
0.099584
0.098048
0.096586
0.095188
0.093848
0.092558
0.091312
0.090106
0.088935
0.087795
0.086683
0.085597
0.084533
0.083491
0.082468
0.081463
0.080475
0.079503
0.078546
0.077604
0.076675
0.075759
0.074856
0.073966
0.073087
0.072220
0.071364
0.070519
0.069684
0.068860
0.068047
0.067243
0.066449
0.065664
0.064889
0.064123
0.063366
0.062618
0.061880
0.061150
0.060429
0.059716
0.059013
0.058318
0.057632
0.056955
0.056287
0.055627
0.054976
0.054334
0.053700
0.053075
0.052459
0.051851
0.051251
0.050660
0.050077
0.049502
0.048935
0.048375
0.047824
0.047280
0.046744
0.046215
0.045693
0.045179
0.044672
0.044172
0.043679
0.043192
0.042713
0.042240
0.041774
0.041314
0.040861
0.040414
0.039973
0.039538
0.039109
0.038685
0.038267
0.037855
0.037448
0.037047
0.036650
0.036258
0.035871
0.035488
0.035110
0.034736
0.034367
0.034001
0.033640
0.033282
0.032929
0.032579
0.032232
0.031889
0.031550
0.031214
0.030882
0.030553
0.030228
0.029906
0.029588
0.029273
0.028961
0.028653
0.028349
0.028048
0.027751
0.027457
0.027168
0.026882
0.026599
0.026321
0.026047
0.025776
0.025510
0.025247
0.024989
0.024735
0.024484
0.024238
0.023996
0.023757
0.023523
0.023292
0.023065
0.022841
0.022621
0.022404
0.022190
0.021980
0.021771
0.021566
0.021363
0.021161
0.020962
0.020764
0.020568
0.020373
0.020179
0.019985
0.019793
0.019601
0.019409
0.019217
0.019026
0.018834
0.018643
0.018452
0.018260
0.018069
0.017878
0.017688
0.017497
0.017307
0.017118
0.016929
0.016741
0.016554
0.016368
0.016183
0.015999
0.015817
0.015637
0.015458
0.015281
0.015105
0.014932
0.014760
0.014591
0.014424
0.014258
0.014095
0.013934
0.013775
0.013618
0.013464
0.013311
0.013160
0.013011
0.012865
0.012720
0.012577
0.012436
0.012296
0.012158
0.012022
0.011887
0.011754
0.011623
0.011492
0.011364
0.011236
0.011110
0.010985
0.010862
0.010740
0.010619
0.010500
0.010381
0.010265
0.010149
0.010035
0.009923
0.009812
0.009702
0.009594
0.009487
0.009382
0.009279
0.009177
0.009077
0.008978
0.008880
0.008784
0.008690
0.008597
0.008505
0.008414
0.008325
0.008236
0.008149
0.008063
0.007978
0.007893
0.007810
0.007727
0.007644
0.007562
0.007481
0.007400
0.007319
0.007239
0.007159
0.007079
0.007000
0.006920
0.006841
0.006762
0.006684
0.006605
0.006527
0.006448
0.006370
0.006293
0.006215
0.006138
0.006061
0.005984
0.005908
0.005832
0.005757
0.005682
0.005607
0.005533
0.005460
0.005387
0.005316
0.005244
0.005174
0.005104
0.005035
0.004968
0.004901
0.004835
0.004770
0.004706
0.004644
0.004583
0.004523
0.004464
0.004407
0.004351
0.004296
0.004243
0.004192
0.004142
0.004093
0.004046
0.004001
0.003957
0.003914
0.003873
0.003833
0.003795
0.003758
0.003722
0.003687
0.003652
0.003619
0.003587
0.003555
0.003523
0.003492
0.003462
0.003431
0.003400
0.003369
0.003338
0.003307
0.003275
0.003243
0.003211
0.003177
0.003144
0.003110
0.003075
0.003040
0.003004
0.002968
0.002931
0.002894
0.002857
0.002820
0.002783
0.002745
0.002708
0.002671
0.002634
0.002598
0.002561
0.002526
0.002490
0.002455
0.002421
0.002387
0.002354
0.002322
0.002290
0.002259
0.002228
0.002199
0.002170
0.002141
0.002114
0.002087
0.002060
0.002035
0.002010
0.001986
0.001962
0.001939
0.001917
0.001895
0.001875
0.001854
0.001835
0.001816
0.001797
0.001779
0.001762
0.001745
0.001729
0.001712
0.001697
0.001681
0.001666
0.001651
0.001636
0.001622
0.001607
0.001593
0.001578
0.001564
0.001549
0.001535
0.001520
0.001505
0.001490
0.001475
0.001459
0.001444
0.001428
0.001412
0.001396
0.001379
0.001362
0.001345
0.001328
0.001310
0.001292
0.001274
0.001256
0.001237
0.001218
0.001199
0.001180
0.001161
0.001141
0.001122
0.001102
0.001082
0.001063
0.001043
0.001024
0.001005
0.000986
0.000967
0.000949
0.000930
0.000912
0.000895
0.000877
0.000861
0.000844
0.000828
0.000812
0.000797
0.000783
0.000769
0.000755
0.000742
0.000730
0.000719
0.000708
0.000699
0.000690
0.000683
0.000676
0.000671
0.000667
0.000664
0.000663
0.000663
0.000665
0.000668
0.000673
0.000680
0.000688
0.000697
0.000708
0.000721
0.000735
0.000749
0.000765
0.000782
0.000799
0.000817
0.000834
0.000852
0.000870
0.000887
0.000903
0.000918
0.000933
0.000945
0.000957
0.000966
0.000974
0.000980
0.000983
0.000985
0.000985
0.000983
0.000978
0.000972
0.000964
0.000954
0.000943
0.000930
0.000917
0.000902
0.000886
0.000869
0.000852
0.000834
0.000817
0.000799
0.000781
0.000763
0.000745
0.000728
0.000711
0.000695
0.000679
0.000664
0.000649
0.000634
0.000621
0.000607
0.000595
0.000583
0.000571
0.000561
0.000550
0.000541
0.000532
0.000523
0.000516
0.000509
0.000502
0.000497
0.000492
0.000488
0.000485
0.000482
0.000481
0.000480
0.000479
0.000480
0.000481
0.000482
0.000484
0.000487
0.000489
0.000492
0.000495
0.000498
0.000501
0.000503
0.000505
0.000507
0.000508
0.000509
0.000509
0.000508
0.000507
0.000505
0.000502
0.000499
0.000495
0.000491
0.000486
0.000481
0.000476
0.000470
0.000465
0.000459
0.000454
0.000448
0.000443
0.000439
0.000435
0.000431
0.000428
0.000425
0.000423
0.000422
0.000421
0.000420
0.000421
0.000422
0.000423
0.000425
0.000427
0.000430
0.000433
0.000436
0.000439
0.000443
0.000447
0.000450
0.000454
0.000458
0.000461
0.000464
0.000467
0.000470
0.000473
0.000475
0.000477
0.000479
0.000480
0.000481
0.000482
0.000483
0.000483
0.000484
0.000484
0.000485
0.000485
0.000486
0.000488
0.000489
0.000492
0.000495
0.000499
0.000503
0.000509
0.000516
0.000523
0.000532
0.000542
0.000553
0.000565
0.000578
0.000593
0.000608
0.000624
0.000641
0.000659
0.000677
0.000695
0.000714
0.000732
0.000751
0.000768
0.000785
0.000802
0.000817
0.000831
0.000844
0.000856
0.000865
0.000874
0.000880
0.000885
0.000888
0.000889
0.000888
0.000886
0.000882
0.000876
0.000869
0.000860
0.000851
0.000840
0.000828
0.000816
0.000802
0.000789
0.000775
0.000760
0.000746
0.000732
0.000717
0.000703
0.000690
0.000677
0.000664
0.000652
0.000640
0.000629
0.000619
0.000609
0.000600
0.000592
0.000585
0.000578
0.000572
0.000566
0.000562
0.000557
0.000554
0.000551
0.000549
0.000548
0.000547
0.000547
0.000548
0.000549
0.000552
0.000555
0.000559
0.000563
0.000569
0.000575
0.000582
0.000590
0.000598
0.000608
0.000617
0.000628
0.000639
0.000650
0.000661
0.000673
0.000684
0.000696
0.000707
0.000717
0.000727
0.000736
0.000744
0.000751
0.000757
0.000761
0.000764
0.000766
0.000766
0.000765
0.000762
0.000758
0.000753
0.000746
0.000738
0.000730
0.000720
0.000709
0.000698
0.000686
0.000673
0.000661
0.000648
0.000636
0.000624
0.000612
0.000601
0.000590
0.000580
0.000571
0.000563
0.000556
0.000550
0.000545
0.000542
0.000539
0.000538
0.000538
0.000539
0.000542
0.000545
0.000550
0.000556
0.000563
0.000572
0.000581
0.000591
0.000602
0.000614
0.000627
0.000641
0.000655
0.000670
0.000686
0.000702
0.000718
0.000735
0.000753
0.000770
0.000789
0.000807
0.000826
0.000845
0.000864
0.000883
0.000902
0.000921
0.000940
0.000958
0.000976
0.000993
0.001010
0.001025
0.001039
0.001052
0.001064
0.001073
0.001081
0.001087
0.001091
0.001093
0.001093
0.001091
0.001086
0.001079
0.001070
0.001060
0.001047
0.001033
0.001017
0.001000
0.000981
0.000961
0.000941
0.000920
0.000898
0.000876
0.000853
0.000831
0.000809
0.000787
0.000765
0.000743
0.000722
0.000701
0.000681
0.000662
0.000643
0.000624
0.000606
0.000589
0.000572
0.000556
0.000541
0.000526
0.000511
0.000497
0.000484
0.000471
0.000459
0.000447
0.000436
0.000425
0.000415
0.000405
0.000395
0.000386
0.000378
0.000369
0.000361
0.000354
0.000346
0.000339
0.000331
0.000324
0.000317
0.000310
0.000302
0.000294
0.000286
0.000278
0.000269
0.000259
0.000248
0.000237
0.000225
0.000211
0.000197
0.000181
0.000163
0.000144
0.000124
0.000101
0.000077
0.000050
0.000022
-0.000009
-0.000043
-0.000078
-0.000116
-0.000157
-0.000200
-0.000246
-0.000294
-0.000344
-0.000396
-0.000451
-0.000508
-0.000566
-0.000626
-0.000687
-0.000749
-0.000812
-0.000876
-0.000940
-0.001004
-0.001067
-0.001130
-0.001193
-0.001254
-0.001314
-0.001373
-0.001431
-0.001487
-0.001541
-0.001594
-0.001645
-0.001695
-0.001743
-0.001790
-0.001835
-0.001878
-0.001921
-0.001962
-0.002003
-0.002043
-0.002082
-0.002120
-0.002157
-0.002195
-0.002231
-0.002267
-0.002303
-0.002338
-0.002373
-0.002407
-0.002440
-0.002472
-0.002502
-0.002531
-0.002559
-0.002584
-0.002606
-0.002625
-0.002641
-0.002653
-0.002661
-0.002663
-0.002661
-0.002652
-0.002638
-0.002617
-0.002590
-0.002556
-0.002514
-0.002466
-0.002411
-0.002349
-0.002281
-0.002207
-0.002127
-0.002043
-0.001955
-0.001865
-0.001772
-0.001678
-0.001585
-0.001493
-0.001403
-0.001317
-0.001235
-0.001159
-0.001089
-0.001026
-0.000970
