0.000593
0.000501
0.000377
0.000241
0.000113
0.000009
-0.000062
-0.000101
-0.000112
-0.000104
-0.000086
-0.000065
-0.000045
-0.000031
-0.000021
-0.000016
-0.000015
-0.000017
-0.000021
-0.000026
-0.000033
-0.000042
-0.000054
-0.000069
-0.000089
-0.000112
-0.000138
-0.000166
-0.000193
-0.000216
-0.000232
-0.000238
-0.000233
-0.000215
-0.000186
-0.000148
-0.000106
-0.000065
-0.000030
-0.000005
0.000009
0.000012
0.000011
0.000014
0.000039
0.000114
0.000289
0.000645
0.001317
0.002510
0.004525
0.007766
0.012733
0.019983
0.030044
0.043293
0.059807
0.079221
0.100644
0.122667
0.143500
0.161219
0.174097
0.180913
0.181188
0.175261
0.164202
0.149573
0.133125
0.116496
0.100986
0.087438
0.076240
0.067399
0.060671
0.055686
0.052050
0.049413
0.047492
0.046081
0.045030
0.044234
0.043613
0.043101
0.042648
0.042209
0.041754
0.041261
0.040717
0.040119
0.039471
0.038779
0.038055
0.037315
0.036574
0.035847
0.035150
0.034493
0.033882
0.033320
0.032803
0.032324
0.031872
0.031437
0.031009
0.030583
0.030156
0.029729
0.029308
0.028897
0.028503
0.028130
0.027781
0.027454
0.027146
0.026852
0.026565
0.026276
0.025974
0.025653
0.025303
0.024919
0.024500
0.024046
0.023561
0.023053
0.022533
0.022012
0.021500
0.021011
0.020555
0.020141
0.019775
0.019459
0.019193
0.018972
0.018787
0.018627
0.018481
0.018339
0.018190
0.018028
0.017849
0.017652
0.017437
0.017205
0.016960
0.016702
0.016435
0.016160
0.015877
0.015590
0.015301
0.015015
0.014735
0.014466
0.014210
0.013968
0.013738
0.013518
0.013304
0.013089
0.012871
0.012645
0.012410
0.012170
0.011927
0.011688
0.011461
0.011250
0.011060
0.010893
0.010747
0.010616
0.010494
0.010373
0.010247
0.010109
0.009957
0.009792
0.009618
0.009439
0.009264
0.009097
0.008946
0.008814
0.008705
0.008619
0.008556
0.008511
0.008481
0.008456
0.008431
0.008397
0.008348
0.008278
0.008183
0.008061
0.007912
0.007738
0.007544
0.007333
0.007115
0.006897
0.006686
0.006488
0.006307
0.006146
0.006005
0.005883
0.005777
0.005683
0.005598
0.005517
0.005436
0.005352
0.005264
0.005171
0.005073
0.004974
0.004874
0.004775
0.004678
0.004583
0.004490
0.004401
0.004316
0.004236
0.004164
0.004097
0.004035
0.003975
0.003915
0.003850
0.003781
0.003706
0.003627
0.003545
0.003463
0.003385
0.003313
0.003250
0.003197
0.003155
0.003121
0.003094
0.003069
0.003041
0.003007
0.002963
0.002910
0.002847
0.002780
0.002711
0.002643
0.002580
0.002519
0.002460
0.002398
0.002331
0.002255
0.002172
0.002081
0.001988
0.001896
0.001808
0.001727
0.001654
0.001588
0.001529
0.001474
0.001423
0.001376
0.001336
0.001303
0.001281
0.001270
0.001270
0.001277
0.001287
0.001295
0.001296
0.001284
0.001258
0.001217
0.001164
0.001103
0.001040
0.000981
0.000930
0.000891
0.000866
0.000854
0.000853
0.000859
0.000867
0.000872
0.000869
0.000854
0.000824
0.000781
0.000727
0.000665
0.000600
0.000538
0.000482
0.000437
0.000403
0.000379
0.000364
0.000355
0.000348
0.000341
0.000335
0.000330
0.000327
0.000328
0.000334
0.000341
0.000349
0.000352
0.000349
0.000337
0.000317
0.000291
0.000264
0.000240
0.000225
0.000223
0.000236
0.000263
0.000302
0.000345
0.000384
0.000411
0.000419
0.000404
0.000366
0.000308
0.000239
0.000166
0.000097
0.000038
-0.000007
-0.000037
-0.000054
-0.000060
-0.000058
-0.000051
-0.000042
-0.000036
-0.000034
-0.000039
-0.000053
-0.000075
-0.000105
-0.000139
-0.000177
-0.000214
-0.000250
-0.000286
-0.000322
-0.000361
-0.000405
-0.000454
-0.000509
-0.000568
-0.000629
-0.000689
-0.000743
-0.000788
-0.000818
-0.000834
-0.000834
-0.000821
-0.000798
-0.000769
-0.000739
-0.000709
-0.000683
-0.000662
-0.000648
-0.000640
-0.000642
-0.000652
-0.000673
-0.000701
-0.000736
-0.000773
-0.000809
-0.000841
-0.000866
-0.000883
-0.000894
-0.000901
-0.000905
-0.000911
-0.000920
-0.000935
-0.000954
-0.000978
-0.001005
-0.001032
-0.001056
-0.001076
-0.001091
-0.001101
-0.001109
-0.001116
-0.001125
-0.001138
-0.001153
-0.001168
-0.001182
-0.001191
-0.001193
-0.001189
-0.001179
-0.001169
-0.001159
-0.001154
-0.001154
-0.001157
-0.001159
-0.001158
-0.001150
-0.001134
-0.001114
-0.001092
-0.001073
-0.001062
-0.001064
-0.001079
-0.001107
-0.001147
-0.001193
-0.001243
-0.001292
-0.001336
-0.001374
-0.001406
-0.001432
-0.001454
-0.001472
-0.001486
-0.001498
-0.001505
-0.001507
-0.001502
-0.001491
-0.001475
-0.001458
-0.001443
-0.001435
-0.001435
-0.001445
-0.001462
-0.001484
-0.001505
-0.001520
-0.001524
-0.001516
-0.001494
-0.001460
-0.001421
-0.001381
-0.001348
-0.001325
-0.001317
-0.001322
-0.001338
-0.001358
-0.001375
-0.001381
-0.001371
-0.001340
-0.001288
-0.001218
-0.001137
-0.001055
-0.000982
-0.000926
-0.000893
-0.000886
-0.000902
-0.000935
-0.000978
-0.001025
-0.001068
-0.001106
-0.001136
-0.001160
-0.001180
-0.001198
-0.001216
-0.001235
-0.001254
-0.001274
-0.001292
-0.001310
-0.001325
-0.001338
-0.001348
-0.001354
-0.001355
-0.001352
-0.001343
-0.001331
-0.001315
-0.001298
-0.001281
-0.001265
-0.001254
-0.001248
-0.001249
-0.001259
-0.001278
-0.001303
-0.001334
-0.001367
-0.001400
-0.001430
-0.001457
-0.001479
-0.001498
-0.001512
-0.001519
-0.001518
-0.001507
-0.001483
-0.001446
-0.001396
-0.001334
-0.001262
-0.001184
-0.001100
-0.001015
-0.000930
-0.000849
-0.000775
-0.000710
-0.000658
-0.000618
-0.000588
-0.000567
-0.000551
-0.000537
-0.000523
-0.000511
-0.000503
-0.000503
-0.000515
-0.000544
-0.000589
-0.000650
-0.000722
-0.000801
-0.000881
-0.000957
-0.001027
-0.001091
-0.001147
-0.001197
-0.001239
-0.001272
-0.001292
-0.001298
-0.001288
-0.001263
-0.001228
-0.001189
-0.001152
-0.001124
-0.001110
-0.001111
-0.001124
-0.001144
-0.001166
-0.001182
-0.001187
-0.001180
-0.001161
-0.001134
-0.001105
-0.001080
-0.001063
-0.001059
-0.001070
-0.001094
-0.001128
-0.001168
-0.001209
-0.001245
-0.001274
-0.001290
-0.001295
-0.001289
-0.001274
-0.001255
-0.001236
-0.001219
-0.001207
-0.001200
-0.001199
-0.001200
-0.001203
-0.001208
-0.001214
-0.001222
-0.001232
-0.001241
-0.001249
-0.001252
-0.001250
-0.001243
-0.001231
-0.001219
-0.001209
-0.001204
-0.001203
-0.001205
-0.001206
-0.001202
-0.001193
-0.001176
-0.001153
-0.001128
-0.001105
-0.001086
-0.001075
-0.001073
-0.001078
-0.001091
-0.001108
-0.001128
-0.001150
-0.001171
-0.001191
-0.001208
-0.001221
-0.001231
-0.001238
-0.001242
-0.001243
-0.001242
-0.001239
-0.001234
-0.001226
-0.001215
-0.001204
-0.001194
-0.001187
-0.001187
-0.001195
-0.001211
-0.001232
-0.001256
-0.001277
-0.001290
-0.001293
-0.001284
-0.001265
-0.001240
-0.001213
-0.001188
-0.001170
-0.001161
-0.001159
-0.001163
-0.001168
-0.001172
-0.001172
-0.001164
-0.001151
-0.001132
-0.001112
-0.001093
-0.001078
-0.001066
-0.001058
-0.001051
-0.001045
-0.001039
-0.001032
-0.001025
-0.001020
-0.001018
-0.001017
-0.001017
-0.001015
-0.001008
-0.000996
-0.000979
-0.000958
-0.000936
-0.000918
-0.000905
-0.000901
-0.000904
-0.000914
-0.000927
-0.000940
-0.000951
-0.000958
-0.000962
-0.000963
-0.000963
-0.000960
-0.000954
-0.000940
-0.000915
-0.000876
-0.000823
-0.000757
-0.000682
-0.000605
-0.000533
-0.000470
-0.000422
-0.000390
-0.000375
-0.000375
-0.000386
-0.000406
-0.000431
-0.000457
-0.000484
-0.000510
-0.000536
-0.000564
-0.000594
-0.000627
-0.000662
-0.000697
-0.000731
-0.000759
-0.000781
-0.000794
-0.000798
-0.000794
-0.000784
-0.000773
-0.000762
-0.000756
-0.000756
-0.000761
-0.000769
-0.000778
-0.000785
-0.000787
-0.000783
-0.000775
-0.000762
-0.000748
-0.000732
-0.000717
-0.000701
-0.000685
-0.000667
-0.000645
-0.000618
-0.000585
-0.000545
-0.000500
-0.000452
-0.000405
-0.000363
-0.000332
-0.000314
-0.000311
-0.000321
-0.000341
-0.000368
-0.000397
-0.000425
-0.000451
-0.000475
-0.000498
-0.000519
-0.000540
-0.000560
-0.000579
-0.000595
-0.000607
-0.000614
-0.000616
-0.000615
-0.000611
-0.000608
-0.000607
-0.000610
-0.000617
-0.000629
-0.000642
-0.000653
-0.000658
-0.000656
-0.000645
-0.000625
-0.000599
-0.000571
-0.000545
-0.000526
-0.000517
-0.000520
-0.000534
-0.000555
-0.000579
-0.000603
-0.000621
-0.000631
-0.000632
-0.000625
-0.000613
-0.000598
-0.000586
-0.000579
-0.000577
-0.000582
-0.000590
-0.000597
-0.000601
-0.000598
-0.000589
-0.000575
-0.000561
-0.000549
-0.000544
-0.000546
-0.000555
-0.000568
-0.000579
-0.000585
-0.000584
-0.000575
-0.000558
-0.000537
-0.000514
-0.000492
-0.000472
-0.000457
-0.000445
-0.000437
-0.000432
-0.000429
-0.000428
-0.000428
-0.000428
-0.000430
-0.000431
-0.000431
-0.000429
-0.000424
-0.000415
-0.000404
-0.000391
-0.000379
-0.000371
-0.000367
-0.000368
-0.000373
-0.000380
-0.000387
-0.000393
-0.000397
-0.000398
-0.000399
-0.000400
-0.000402
-0.000404
-0.000405
-0.000403
-0.000397
-0.000384
-0.000367
-0.000345
-0.000322
-0.000300
-0.000281
-0.000268
-0.000261
-0.000260
-0.000264
-0.000272
-0.000284
-0.000298
-0.000313
-0.000328
-0.000340
-0.000349
-0.000352
-0.000348
-0.000337
-0.000323
-0.000307
-0.000293
-0.000285
-0.000284
-0.000291
-0.000305
-0.000321
-0.000336
-0.000348
-0.000355
-0.000354
-0.000349
-0.000341
-0.000332
-0.000325
-0.000322
-0.000323
-0.000329
-0.000337
-0.000346
-0.000354
-0.000359
-0.000358
-0.000351
-0.000337
-0.000317
-0.000294
-0.000269
-0.000244
-0.000221
-0.000202
-0.000186
-0.000172
-0.000160
-0.000148
-0.000136
-0.000121
-0.000103
-0.000079
-0.000051
-0.000017
0.000021
0.000060
0.000096
0.000125
0.000143
0.000147
0.000138
0.000117
0.000085
0.000047
0.000004
-0.000042
-0.000093
-0.000151
-0.000216
-0.000290
-0.000372
-0.000456
-0.000537
-0.000608
-0.000660
-0.000690
-0.000697
-0.000686
-0.000661
-0.000631
-0.000601
-0.000577
-0.000558
-0.000546
-0.000536
-0.000529
-0.000521
-0.000513
-0.000508
-0.000506
-0.000510
-0.000523
-0.000546
-0.000577
-0.000613
-0.000651
-0.000685
-0.000710
-0.000725
-0.000726
-0.000717
-0.000701
-0.000681
-0.000663
-0.000651
-0.000648
-0.000654
-0.000669
-0.000689
-0.000710
-0.000728
-0.000740
-0.000744
-0.000741
-0.000735
-0.000729
-0.000726
-0.000731
-0.000743
-0.000760
-0.000781
-0.000801
-0.000814
-0.000815
-0.000800
-0.000765
-0.000711
-0.000639
-0.000555
-0.000465
-0.000375
-0.000290
-0.000213
-0.000141
-0.000067
0.000015
0.000111
0.000223
0.000345
0.000465
0.000564
0.000626
0.000637
