-0.401855
0.077754
-0.097040
0.006381
0.029389
-0.005996
-0.033074
-0.001459
0.033287
-0.069849
0.089063
-0.071881
-0.012385
0.034350
-0.017377
-0.004200
-0.017857
-0.004993
0.007327
0.010663
-0.054754
0.044222
-0.031165
-0.012955
0.025558
-0.025988
-0.005283
-0.003097
0.001404
-0.013882
-0.001401
-0.008741
-0.001805
-0.008088
-0.005144
0.001243
-0.019060
0.007146
-0.005117
-0.010180
-0.012901
-0.000863
0.003328
-0.008474
-0.014575
0.008999
-0.018329
0.002235
-0.011777
-0.011359
0.010912
-0.019368
-0.000558
0.002719
-0.052375
0.044664
0.058288
-0.170103
-0.035920
0.426769
-0.211182
-1.171588
2.355141
1.868808
1.139579
0.512798
0.442385
0.528683
0.208627
0.055917
0.166852
0.228727
0.140996
0.386081
0.071102
0.108327
0.239699
0.273585
0.126298
0.128394
0.164663
0.144163
0.170089
0.109239
0.184189
0.109754
0.116020
0.190137
0.112869
0.085855
0.158536
0.183720
0.081296
0.130682
0.098095
0.140027
0.155656
0.083970
0.108143
0.125266
0.125882
0.101828
0.108280
0.101882
0.119926
0.104428
0.082319
0.108537
0.108109
0.085030
0.089256
0.113398
0.087037
0.083971
0.104391
0.096337
0.086422
0.089232
0.081174
0.100328
0.077009
0.083791
0.087518
0.089976
0.082857
0.070610
0.075430
0.094530
0.070143
0.059120
0.100617
0.066429
0.070928
0.074004
0.072846
0.064034
0.064191
0.065608
0.073289
0.068497
0.059969
0.049217
0.072879
0.074525
0.051071
0.050851
0.073669
0.065600
0.056556
0.058074
0.054839
0.060029
0.057124
0.054138
0.057135
0.050624
0.060708
0.048576
0.041367
0.065942
0.034304
0.047515
0.060693
0.042031
0.043567
0.036540
0.051440
0.053006
0.036598
0.048098
0.052645
0.041148
0.025088
0.054195
0.034835
0.048026
0.029353
0.030944
0.052106
0.040077
0.014836
0.053523
0.035762
0.038403
0.031021
0.030219
0.046424
0.039670
0.026982
0.020777
0.044361
0.046398
0.012271
0.023546
0.054373
0.032587
0.004773
0.043692
0.028141
0.034105
0.022572
0.023226
0.036318
0.024681
0.018973
0.020860
0.028872
0.041027
0.000107
0.026043
0.030813
0.040152
0.003722
0.020597
0.037203
0.022104
0.006828
0.026878
0.026749
0.029429
0.005032
0.022429
0.029977
0.031436
0.000973
0.013029
0.046053
0.008965
0.014318
0.008063
0.036166
-0.002243
0.031964
0.005799
0.034313
0.005108
0.024910
-0.002419
0.027406
0.024575
0.005607
0.015504
0.017492
0.035218
-0.004867
0.015089
0.018745
0.025274
-0.001991
0.014441
0.027144
0.009526
0.010426
0.005467
0.020873
0.019163
0.012447
-0.014855
0.039484
0.008130
0.004196
0.012870
0.007317
0.016779
0.006655
0.008675
0.009128
0.023846
-0.000404
0.003957
0.010286
0.025209
0.004555
-0.002048
0.028735
0.011166
-0.008292
0.005184
0.017546
0.007068
0.011933
-0.010436
0.036599
0.007898
0.000832
-0.011006
0.029307
0.009970
0.001165
-0.008572
0.022537
0.016958
-0.020406
0.024396
-0.006393
0.021450
-0.012223
0.020490
0.008314
0.006275
-0.000579
0.006349
0.002964
0.020230
-0.008791
-0.007664
0.030321
0.002298
-0.007534
0.002081
0.013215
0.006548
0.001062
-0.010947
0.034190
0.001123
-0.004357
-0.009178
0.014657
0.011227
0.002874
-0.020319
0.030174
-0.007256
0.027186
0.018289
-0.004928
0.000527
-0.017073
0.012768
0.012904
-0.000923
-0.010610
0.013856
0.007267
0.020040
-0.018229
-0.005276
0.033155
-0.010224
-0.001370
-0.000261
0.008696
0.014376
-0.006571
-0.023078
0.031656
0.013889
-0.027452
0.008868
0.004735
0.022043
-0.007372
-0.020066
0.031073
-0.005166
0.002719
-0.008034
0.014019
-0.002389
0.005526
-0.012978
0.026177
-0.011960
0.018993
-0.019695
0.002006
0.025962
-0.011368
-0.006327
0.015388
0.010749
-0.016411
-0.006620
0.021867
-0.008764
0.000605
-0.009923
0.023457
-0.003182
-0.006657
-0.004430
0.014231
0.003524
-0.007375
-0.007385
0.013828
0.004849
-0.008182
-0.005642
0.005777
0.009737
-0.003930
0.003725
-0.006097
0.010214
-0.000967
-0.007777
-0.006062
0.030783
-0.022932
-0.006967
0.024565
-0.002382
-0.006441
-0.005707
0.007769
0.012943
-0.009503
-0.015996
0.022037
-0.005079
-0.002695
-0.012260
0.013106
0.012786
-0.012376
-0.017822
0.021680
0.000185
-0.009400
-0.009277
0.018003
-0.012213
0.006631
-0.008346
0.008588
0.003190
-0.006576
-0.015234
0.016196
0.004008
-0.009482
-0.010254
0.016844
0.003839
-0.015999
-0.003446
0.011687
-0.001655
-0.009633
0.000837
0.010619
-0.012758
0.004272
-0.010285
0.007709
0.004748
-0.012063
-0.008556
0.031338
-0.023609
-0.003857
-0.001224
0.008805
-0.011598
0.011084
-0.021060
0.017770
-0.010331
0.000439
-0.007071
0.002494
0.003548
-0.011662
-0.008248
0.021775
0.000936
-0.030997
0.016199
-0.017066
0.026607
-0.020722
-0.008664
0.006683
0.018100
-0.029927
0.008209
-0.008531
0.017710
-0.008003
-0.021169
0.018547
-0.005085
-0.007308
-0.004789
0.004070
-0.011196
0.001813
-0.002346
0.005395
-0.004531
0.009130
-0.018845
-0.000409
0.013140
-0.013301
-0.005447
0.005538
0.001217
-0.004096
-0.013920
0.006110
0.006140
-0.009128
-0.005785
0.011572
-0.003020
-0.005474
-0.014142
0.006784
0.015753
-0.016260
-0.022715
0.025554
0.003812
-0.029577
0.010630
0.001915
-0.000889
-0.003567
-0.008088
-0.000850
0.012311
-0.016798
-0.006957
-0.004424
0.030311
-0.031557
-0.003753
0.010868
0.003998
-0.018621
-0.005555
0.013777
0.005735
-0.020350
-0.003080
0.012975
-0.004151
-0.003253
-0.014771
0.005075
0.012730
-0.013111
-0.012671
0.018413
-0.016118
0.004335
-0.009969
0.005509
-0.000933
-0.003542
-0.009904
0.013904
-0.005542
-0.004919
-0.015910
0.005151
0.012577
-0.010418
-0.025439
0.025218
0.005300
-0.023436
0.002573
-0.003191
0.008933
-0.009580
-0.012859
0.011318
0.003052
-0.017305
0.000557
0.002972
0.005329
0.002882
-0.025770
0.020856
-0.010292
-0.001059
-0.008480
0.006228
-0.003305
-0.003853
-0.006286
0.006509
-0.003637
0.003702
-0.016371
0.001394
0.008320
-0.000140
-0.026725
0.027160
-0.010110
-0.001417
-0.016040
0.003125
0.010186
-0.012979
-0.007186
0.010804
-0.001493
-0.007204
-0.006539
-0.003104
0.017107
-0.021605
-0.002603
0.009554
-0.003768
-0.006796
-0.008762
0.008749
-0.000266
-0.007180
-0.009288
0.011557
0.013148
-0.007142
-0.012959
0.001193
0.015444
-0.014781
-0.010991
0.016522
0.000985
-0.021688
0.008092
-0.000211
-0.007869
0.006300
-0.015571
0.014375
-0.005185
-0.004870
-0.003979
-0.003705
0.017926
-0.025935
-0.000714
0.018078
0.000089
-0.018312
0.003985
-0.003583
0.009698
-0.009905
-0.010577
0.016995
-0.009864
0.004174
-0.016416
0.006211
0.023150
-0.011394
-0.019984
0.014124
0.015203
-0.025585
0.005477
0.001921
0.006939
-0.012630
-0.008241
0.010199
0.005433
-0.013247
-0.003862
0.007043
0.002402
-0.012958
-0.010198
0.024681
-0.017579
0.003053
-0.010098
0.021108
-0.016752
-0.001528
-0.011968
0.011068
0.001428
-0.005677
-0.008827
-0.000666
0.015400
-0.013557
-0.014558
0.022221
-0.013352
-0.006138
0.003055
-0.000546
-0.001302
-0.005914
-0.002024
0.004912
-0.000778
-0.003771
-0.015476
0.012015
0.000788
-0.008835
-0.010049
0.015788
-0.003509
-0.016002
0.007977
0.006971
-0.010904
-0.009811
0.003190
0.004532
-0.001064
-0.006068
-0.004205
0.002658
0.003044
-0.005550
-0.019403
0.029033
-0.017105
-0.004969
-0.002132
-0.006613
0.013507
-0.009313
-0.011248
0.008067
0.009601
-0.012250
-0.013281
0.002878
0.018376
-0.015901
-0.018868
0.020634
-0.000262
-0.014036
-0.004045
-0.005908
0.021370
-0.014249
-0.010231
0.009256
0.001370
-0.014940
-0.003663
0.002057
0.007914
-0.006831
-0.008625
0.012446
-0.001210
-0.011744
-0.001863
-0.004639
0.021203
-0.031772
0.012637
-0.002388
0.006365
-0.014590
-0.010621
0.013372
0.003931
-0.008337
-0.026801
0.043482
-0.019623
-0.001898
-0.012515
0.008974
-0.011381
0.011979
-0.011599
0.007807
-0.007434
-0.002343
-0.011023
0.002336
0.017846
-0.019193
-0.004235
0.009859
0.017159
-0.029428
0.010933
0.000959
0.001576
-0.012752
0.002345
0.007145
-0.003876
-0.002893
-0.008299
0.003557
0.011318
-0.011876
-0.019606
0.028715
-0.008347
-0.005086
-0.005013
0.003045
-0.002932
0.003821
-0.017578
0.009270
0.001603
0.000514
-0.014544
-0.001217
0.013554
-0.009231
-0.025088
0.030758
-0.012586
-0.002550
-0.014735
0.018497
-0.014572
0.006452
-0.016612
0.011538
0.003582
-0.008680
-0.013606
0.002942
0.009821
-0.007616
-0.017053
0.022694
-0.007103
-0.014542
-0.002730
0.008365
-0.005344
-0.000361
-0.018774
0.018107
0.000866
-0.013561
-0.006298
0.002147
0.015210
-0.023141
-0.006516
0.019164
-0.005061
-0.025805
0.015217
-0.000832
-0.005279
-0.005468
-0.004881
0.005560
0.006998
-0.019793
0.001659
-0.009308
0.024034
-0.025387
-0.004109
0.014308
-0.010754
0.001471
-0.008778
-0.002092
0.007999
-0.010694
-0.006802
0.000747
0.002783
-0.002651
-0.010503
-0.006000
0.021375
-0.018706
-0.018387
0.022817
0.004458
-0.034307
0.020623
-0.019492
0.019212
-0.029520
0.036345
-0.068319
0.094661
-0.093880
0.037676
-0.008396
0.009750
-0.016436
-0.010678
0.019165
-0.012034
-0.007993
-0.010164
0.027906
-0.026788
-0.002700
0.002893
-0.000039
-0.001451
0.001186
-0.015665
0.003473
0.009650
-0.025715
0.007786
-0.001225
0.001655
-0.009990
-0.008768
0.007943
0.003533
-0.018634
0.002015
0.005299
-0.006833
0.003026
-0.023722
0.019679
-0.001819
-0.014424
-0.009541
0.011597
0.000601
-0.016813
-0.004986
0.012600
-0.001324
-0.014737
-0.011845
0.008207
0.008852
-0.004275
-0.027178
0.008796
0.012099
-0.023409
-0.000820
-0.001619
0.020670
-0.029738
-0.009631
0.009743
0.013253
-0.010699
-0.072436
0.122712
-0.075252
-0.004612
-0.032761
0.013843
0.015198
-0.018444
-0.020375
0.016596
0.003205
-0.026293
0.019334
-0.025612
0.000590
0.001070
-0.007669
-0.010905
-0.000378
-0.004395
-0.001010
-0.015207
0.004127
-0.002893
-0.021684
0.011830
-0.010250
-0.017009
0.000901
0.001885
-0.008834
-0.009995
-0.008328
0.005056
-0.012034
-0.006765
-0.004321
-0.010580
0.002140
-0.015234
-0.004902
0.004937
-0.010003
-0.015201
-0.001627
0.000497
-0.017628
0.001463
-0.019288
0.014513
-0.016750
-0.007389
0.001355
-0.020967
0.009025
-0.010037
-0.011447
0.004843
-0.000497
-0.022955
0.004928
-0.010680
0.000840
-0.044188
0.068550
-0.098671
0.069830
-0.123575
0.378348
-0.850572
0.955129
