-0.480498
0.093656
-0.109820
0.001516
0.040002
0.002776
-0.060505
0.009712
0.050414
-0.097923
0.121248
-0.097564
0.004032
0.016554
-0.001099
-0.020976
0.004990
-0.022959
0.017721
-0.000988
-0.041673
0.043129
-0.036414
-0.012375
0.036091
-0.042350
0.004409
-0.002059
0.006668
-0.021900
-0.008426
0.002613
-0.009421
0.002530
-0.010615
0.000652
-0.022596
0.022307
-0.028974
0.006213
-0.002037
-0.019778
0.013003
-0.020509
0.002020
-0.004466
-0.006660
-0.008392
0.004094
-0.025005
0.025443
-0.036452
0.015089
-0.008210
-0.035573
0.034514
0.049871
-0.162597
-0.018142
0.439901
-0.370045
-0.946177
2.466586
1.412943
1.144924
0.780037
0.487263
0.442862
0.208499
0.069511
0.180082
0.171732
0.219181
0.316206
0.021375
0.117136
0.234047
0.220480
0.095700
0.154831
0.137506
0.113503
0.139866
0.137006
0.125616
0.080608
0.151362
0.155185
0.063768
0.100451
0.142680
0.153738
0.095314
0.093521
0.102251
0.124070
0.154727
0.064052
0.083805
0.124711
0.120047
0.086772
0.087377
0.097685
0.106600
0.089675
0.098275
0.085509
0.081561
0.098585
0.085063
0.092367
0.084305
0.073035
0.103584
0.077599
0.074681
0.091378
0.072595
0.081182
0.098942
0.053133
0.086685
0.083141
0.077670
0.066917
0.063172
0.089515
0.066411
0.065877
0.071865
0.071595
0.054674
0.085212
0.044841
0.081091
0.050715
0.078437
0.051276
0.065303
0.057975
0.060893
0.043188
0.083526
0.033281
0.058274
0.048990
0.075259
0.036986
0.054563
0.054200
0.064049
0.034437
0.045586
0.063127
0.056410
0.037820
0.031843
0.062791
0.049966
0.049243
0.030560
0.058096
0.043762
0.054457
0.032974
0.032026
0.054124
0.039759
0.034720
0.047840
0.048270
0.032691
0.035746
0.040295
0.057003
0.020908
0.027529
0.062235
0.028832
0.034800
0.022371
0.057728
0.017938
0.036758
0.023405
0.048428
0.037506
0.011449
0.042937
0.017216
0.067869
-0.006928
0.050159
0.014811
0.041777
0.027691
0.025208
0.031276
0.019357
0.039729
0.022791
0.050071
-0.008428
0.062517
-0.000949
0.036520
0.031814
0.010354
0.024717
0.042759
0.016222
0.009851
0.041243
0.010185
0.042598
-0.001086
0.038717
0.021044
0.022792
0.013724
0.024350
0.028212
0.019231
0.011271
0.009314
0.045649
-0.000040
0.023503
0.018420
0.022592
0.020903
0.006106
0.027398
0.015230
0.008456
0.027522
0.002139
0.032599
0.024953
-0.018906
0.025685
0.040333
0.011773
-0.000527
0.016641
0.021081
0.034153
-0.011972
0.012937
0.032461
0.006561
0.009822
0.014565
0.014436
0.016281
0.011229
0.009482
0.047104
0.009162
0.002358
0.041164
-0.010156
0.024650
-0.002128
0.023086
0.017218
0.016892
-0.004522
0.024909
0.000999
0.020090
0.026263
-0.027701
0.031567
0.018836
-0.001638
0.015042
0.001825
0.014631
0.021122
-0.009585
0.020230
0.014638
0.005078
-0.011742
0.023842
0.013743
-0.000880
0.011610
0.014468
0.011723
-0.010511
0.025891
0.002740
-0.002924
0.009565
0.026485
0.007480
-0.009411
0.013675
-0.003905
0.025522
-0.004271
-0.000162
-0.000994
0.032691
-0.000220
-0.000812
0.000898
0.006704
0.013538
0.001708
-0.000617
0.012663
0.013195
0.004788
-0.017993
0.013515
0.020233
-0.003120
-0.013793
0.026865
0.009310
-0.012962
0.005654
0.007045
0.001606
0.004474
0.006213
0.014097
-0.007192
0.000353
0.013439
-0.000083
0.003098
0.008984
-0.011459
0.025566
-0.000615
-0.011946
-0.000678
0.012998
0.005701
0.003049
-0.014194
0.021039
0.003447
-0.012039
0.004435
0.005397
0.008027
-0.009330
-0.002851
0.027708
-0.021909
-0.000647
0.014790
0.012334
-0.029388
0.015446
0.005593
0.003713
-0.013144
0.013395
-0.001582
-0.006116
0.006777
0.005070
-0.015308
0.027049
-0.017079
0.003225
-0.010259
0.019856
-0.003194
-0.005424
-0.000454
0.001637
0.009930
-0.009468
0.002817
0.003240
-0.000741
-0.006175
0.009212
0.003326
-0.004042
0.003637
0.001349
-0.008217
0.003161
-0.001895
0.002127
-0.002974
0.006146
0.002472
-0.015250
0.000781
0.013510
-0.014021
-0.003746
0.018292
-0.009958
-0.004289
-0.005382
0.006392
0.007070
-0.016198
0.001531
0.012570
-0.013360
0.005723
-0.015973
0.016147
-0.006811
0.006210
-0.021837
0.026315
-0.014731
-0.007820
0.000049
-0.000510
0.002184
-0.000319
-0.013156
0.019580
-0.005083
-0.012757
0.003474
-0.006241
0.009265
0.000394
-0.022489
0.028122
-0.016977
-0.012545
0.011421
-0.002637
-0.002070
-0.006293
0.006618
0.000098
-0.001177
-0.017796
-0.000682
0.004894
0.003935
-0.008875
-0.002459
0.005687
-0.007820
-0.010743
0.017065
-0.019984
0.001703
0.009194
-0.007586
-0.011179
0.010542
-0.007221
-0.001114
-0.003343
-0.004347
-0.003757
-0.008006
0.022449
-0.018781
-0.001075
-0.001356
-0.005604
0.004309
-0.005122
-0.004293
0.004962
-0.010068
-0.001342
-0.006788
-0.001056
0.011094
-0.014767
-0.013125
0.017867
-0.007560
-0.018816
0.015136
-0.009588
-0.001961
-0.000206
-0.003612
-0.009708
0.002706
0.000317
-0.008388
-0.007216
0.008847
-0.005240
-0.018184
0.013705
-0.009200
-0.004362
-0.001173
-0.003643
-0.000642
-0.010198
-0.002424
0.000906
0.002442
-0.013200
-0.000295
-0.009101
0.019246
-0.028155
0.005421
-0.004480
0.004690
-0.018340
0.006826
-0.003557
-0.006162
0.002949
-0.008903
0.000748
-0.000746
-0.006082
-0.012043
-0.001088
0.026062
-0.034562
-0.003589
0.004424
0.009599
-0.008475
-0.024726
0.021589
-0.010267
0.001649
-0.023738
0.017020
-0.001980
0.000191
-0.042513
0.040105
-0.011939
-0.013188
0.006452
-0.005909
-0.007753
-0.008238
0.009819
-0.008928
-0.004359
-0.014339
0.012168
0.000556
-0.014066
0.001747
-0.005704
-0.000742
-0.005236
0.000104
-0.020201
0.024535
-0.014870
0.002945
-0.011734
-0.003056
0.000382
-0.008799
0.000250
-0.008404
0.012843
-0.026939
0.007471
-0.013161
0.018797
-0.015444
-0.014427
0.012508
-0.003507
-0.013738
-0.000819
-0.001891
0.005359
-0.013522
-0.003954
0.003438
-0.003566
-0.006641
-0.010964
-0.005151
0.021962
-0.016371
-0.026896
0.029667
-0.028137
0.014273
-0.023149
0.008033
-0.001902
0.005159
-0.022116
-0.001347
0.011482
-0.001146
-0.013949
-0.014847
0.024214
-0.025038
-0.006742
0.017134
-0.017722
0.005030
-0.012949
0.011354
-0.020602
0.010531
-0.016613
-0.003340
0.012383
-0.004138
-0.018775
-0.000783
0.007962
-0.010164
-0.010525
-0.001118
0.007845
-0.009455
-0.009876
0.008578
-0.012908
0.012347
-0.034966
0.020869
-0.012610
0.010605
-0.019447
0.007878
-0.014660
0.003144
-0.009569
0.010962
-0.008652
-0.016765
0.010956
-0.000305
0.001413
0.007307
-0.006990
0.011638
-0.023229
0.017559
-0.025239
0.011997
-0.011345
0.006364
-0.008884
0.004995
0.004184
-0.024562
0.017151
-0.013033
0.010754
-0.022987
-0.003634
0.019177
-0.013529
0.002655
-0.019906
0.013649
-0.011734
0.006397
-0.023808
0.025662
-0.018412
-0.004242
-0.002547
0.005365
-0.014127
0.008234
-0.012834
0.003914
-0.003541
-0.000631
-0.010733
-0.003325
0.010278
-0.012294
-0.009233
0.012773
-0.008302
-0.001125
-0.014925
0.010345
-0.010955
0.008790
-0.011802
0.000260
-0.004169
0.000666
-0.019139
0.012177
0.016737
-0.041363
0.004135
0.012753
-0.002423
-0.020624
0.014281
-0.004014
-0.004733
-0.008144
0.003406
-0.000631
-0.000960
-0.011298
-0.003630
-0.007966
0.020179
-0.022980
0.001269
0.002450
-0.001506
-0.007238
0.001866
-0.009805
0.002529
-0.016855
0.015356
-0.012657
0.009714
-0.008653
-0.006979
0.004334
-0.002506
-0.011332
0.008755
0.001209
-0.004988
-0.005224
-0.004798
0.003889
-0.007191
0.000646
-0.016273
0.010425
-0.002219
0.001893
-0.003900
-0.014781
0.010937
-0.005292
-0.009375
0.010313
-0.011725
0.000437
-0.006447
-0.005495
0.017988
-0.016152
0.000652
-0.004103
0.012215
-0.016873
-0.011369
0.012468
-0.004138
-0.003355
-0.020285
0.023732
-0.008967
-0.004936
-0.002345
0.001602
-0.009324
-0.010076
0.000864
0.012657
-0.015481
0.000807
-0.009647
0.001984
0.009999
-0.009948
-0.019745
0.020776
-0.009749
-0.012905
0.011006
-0.001811
-0.000094
-0.002172
-0.011322
0.004608
0.000850
-0.004248
-0.003929
0.005429
-0.000098
-0.010434
-0.010590
0.015002
-0.000672
-0.013985
-0.005361
0.009306
-0.002977
-0.008754
-0.005371
0.011634
-0.012844
0.001090
-0.010503
-0.000248
0.017615
-0.032007
0.004354
0.013126
-0.013544
-0.004587
-0.001729
0.005568
-0.011313
0.006039
-0.019659
0.016534
-0.006140
-0.005096
-0.016009
-0.002862
0.028688
-0.032008
0.000769
0.010347
-0.005958
-0.004406
0.001789
-0.013759
0.009174
-0.013639
-0.005291
0.010105
-0.004984
-0.010515
0.013227
-0.020410
0.015179
-0.014627
-0.011580
0.016599
-0.008950
-0.000162
-0.012466
0.007157
-0.004538
-0.003356
-0.005325
-0.000817
0.007056
-0.021302
0.004949
-0.001808
0.025335
-0.034363
-0.006370
0.011013
0.015468
-0.037156
0.008819
0.005183
-0.004055
-0.011305
0.002176
0.002975
-0.001169
-0.010778
-0.008098
0.007835
0.003477
-0.011394
-0.015879
0.022380
-0.007618
-0.023496
0.028106
-0.040291
0.039755
-0.035760
0.032207
-0.071442
0.108449
-0.096851
0.028074
-0.008805
0.010343
-0.015605
-0.006986
0.013122
-0.008667
-0.005093
-0.022016
0.037314
-0.040624
0.013289
-0.007667
0.001508
-0.005970
-0.003772
-0.012258
0.021835
-0.014015
-0.014756
0.002857
0.003383
0.002166
-0.016940
-0.000482
-0.004670
0.008070
-0.014442
-0.002755
0.004133
-0.009171
0.005179
-0.020653
0.007116
0.008363
-0.021581
-0.000839
-0.000052
0.004503
-0.013974
0.001459
-0.001078
-0.005779
-0.003567
-0.009342
0.010540
-0.006235
-0.008590
-0.009114
0.007212
0.006713
-0.025477
0.000066
0.002604
0.013452
-0.020764
-0.011090
-0.002689
0.016608
-0.021671
-0.044774
0.108459
-0.091700
0.013715
-0.024042
-0.009784
0.026949
-0.025067
-0.005627
0.008009
-0.007297
-0.008553
0.011770
-0.045669
0.029430
-0.013738
-0.002526
-0.008942
-0.008172
-0.001545
-0.007239
-0.009264
0.006338
-0.010100
-0.012582
0.011702
-0.010409
-0.023175
0.012411
-0.013760
-0.001561
-0.006028
-0.010671
-0.005817
0.000609
-0.009789
-0.006988
-0.008154
0.004641
-0.007604
-0.017206
0.003710
-0.013546
-0.004349
-0.000071
-0.014485
0.006394
-0.018950
-0.002937
-0.003851
-0.006452
-0.016994
-0.000860
-0.002850
-0.014768
0.004629
-0.015962
-0.001884
-0.009905
-0.018100
0.013181
-0.018330
0.002384
-0.049306
0.075235
-0.104152
0.079593
-0.145282
0.451816
-1.021600
1.150012
