-0.428595
0.082981
-0.097607
0.006062
0.033827
-0.007600
-0.032887
-0.001234
0.041861
-0.085422
0.110221
-0.084834
-0.001756
0.021830
-0.005460
-0.012209
0.001655
-0.020834
0.010730
0.013547
-0.047545
0.040458
-0.035273
0.002344
0.014073
-0.024265
-0.004106
0.003507
0.000081
-0.014013
0.002338
-0.016875
0.006186
-0.003114
-0.005117
-0.003487
-0.019167
0.019452
-0.017613
-0.003982
-0.008490
0.001498
-0.006062
-0.001057
-0.015726
0.012857
-0.023691
0.011085
-0.006658
-0.018083
0.010158
-0.008317
0.000061
-0.002625
-0.044590
0.036523
0.065674
-0.166681
-0.052706
0.476435
-0.295401
-1.112944
2.412482
1.854809
1.088523
0.407585
0.401007
0.479465
0.156927
-0.007162
0.141562
0.206557
0.123796
0.343770
0.032133
0.081776
0.226052
0.227936
0.087516
0.122601
0.136876
0.120271
0.132401
0.083745
0.171858
0.083839
0.099754
0.153605
0.093061
0.061339
0.151671
0.140992
0.062707
0.111187
0.069270
0.118107
0.143001
0.038169
0.091373
0.099466
0.106800
0.080375
0.079710
0.081531
0.111831
0.069436
0.071616
0.098396
0.084599
0.068010
0.073461
0.093234
0.065498
0.066403
0.082478
0.074744
0.063407
0.071982
0.074302
0.073103
0.064790
0.059520
0.071441
0.064608
0.063425
0.056769
0.055365
0.076579
0.054805
0.052138
0.070095
0.051750
0.045412
0.066736
0.039794
0.060668
0.055912
0.046642
0.053227
0.054364
0.049638
0.039436
0.047373
0.067153
0.035096
0.041497
0.050380
0.050861
0.024108
0.048714
0.036427
0.044697
0.041619
0.035489
0.041289
0.040717
0.033054
0.043204
0.024012
0.058722
0.019755
0.030078
0.048729
0.032197
0.034480
0.031912
0.029803
0.044927
0.021964
0.018275
0.056509
0.019027
0.031318
0.018714
0.025561
0.055364
0.004108
0.025016
0.041212
0.031101
0.010914
0.023855
0.030013
0.031985
0.019270
0.018770
0.034001
0.028209
0.016064
0.019068
0.016198
0.045058
0.012300
0.014027
0.018553
0.043449
0.003573
0.021286
0.020981
0.034883
0.007289
0.011384
0.028626
0.018538
0.030125
-0.008752
0.036402
0.029094
-0.001891
0.008165
0.040950
0.009343
0.004261
0.017720
0.021681
0.006788
0.014304
0.014654
0.020661
0.011514
0.013310
0.005971
0.017686
0.027120
-0.001923
0.005071
0.024108
0.015844
0.007095
0.001892
0.027906
0.013699
0.003988
0.003360
0.020041
0.012175
0.002205
0.009800
0.007017
0.026222
-0.002818
0.003490
0.020783
0.013662
-0.006121
0.017201
0.012251
0.010940
-0.003442
0.014813
0.018338
0.004208
-0.002405
0.004988
0.019799
0.013429
-0.001481
-0.003428
0.029588
0.005164
-0.007262
0.011628
0.007496
0.015101
-0.009493
0.007882
0.010171
0.015608
-0.004344
-0.003438
0.008945
0.019859
-0.003129
-0.006126
0.019729
0.003690
-0.002344
0.004292
0.015384
-0.004114
0.003590
-0.006038
0.026390
-0.002289
0.003069
-0.015159
0.025528
0.009011
-0.012352
-0.005734
0.025439
0.004957
-0.017401
0.011553
0.005956
0.006084
-0.004176
-0.001551
0.011565
0.008740
-0.005081
-0.010764
0.008887
0.015073
0.001933
-0.022350
0.019486
0.012994
-0.016158
0.003790
0.002511
0.016603
-0.013406
0.000808
0.015114
-0.006875
0.002929
-0.008579
0.005514
0.017997
-0.014807
-0.003438
0.009108
0.007435
-0.015865
0.011914
-0.007133
0.009840
-0.005481
0.001920
-0.003353
0.011624
-0.009533
0.001151
0.002800
0.008336
-0.008774
-0.017811
0.031938
-0.007858
-0.015792
0.000573
0.020052
-0.007868
-0.003281
-0.013159
0.028253
-0.015282
0.003002
-0.014302
0.006112
0.016081
-0.019239
-0.001061
0.015360
-0.009825
-0.007426
0.005232
0.001338
0.000518
-0.007063
-0.003925
0.009982
-0.007244
0.005505
-0.011209
-0.002600
0.012675
-0.001875
-0.020663
0.021503
-0.006609
-0.005303
-0.005107
0.003209
-0.000238
-0.002788
-0.006454
0.003702
0.006474
-0.010483
-0.002963
-0.001469
0.010829
-0.009858
-0.011890
0.007505
0.007014
-0.016945
0.000658
0.000189
0.005690
-0.000456
-0.015165
0.006877
0.002691
0.003582
-0.018783
-0.000635
0.013908
-0.006037
-0.021244
0.020575
0.000773
-0.013387
-0.002871
0.003302
0.000280
-0.008953
-0.004091
0.006688
0.002427
-0.008696
-0.005983
0.000358
0.011611
-0.013631
-0.011314
0.014666
-0.004558
-0.009015
-0.002872
0.003597
-0.008239
-0.001674
-0.005129
0.009495
-0.004692
-0.009167
-0.009044
0.001680
0.009944
-0.006791
-0.018372
0.024950
-0.016138
-0.001013
-0.011124
0.006523
0.003828
-0.010612
-0.013321
0.011727
-0.007798
0.005645
-0.017588
-0.001227
0.019977
-0.017683
-0.011044
0.012647
0.003146
-0.018036
-0.004154
0.010490
-0.002523
-0.011577
-0.004980
0.008597
0.002624
-0.017270
0.002701
-0.006018
0.013967
-0.009225
-0.021457
0.021641
-0.001602
-0.017577
-0.004400
0.011831
-0.007953
-0.008065
-0.001678
0.003579
0.003312
-0.013206
0.001954
-0.005293
0.013576
-0.019190
-0.002278
0.013162
-0.010788
-0.015571
0.006258
0.002343
-0.008701
0.002661
-0.012381
0.006032
0.003292
-0.006278
-0.010572
-0.000619
0.019700
-0.030318
-0.000181
0.016113
-0.005947
-0.016671
0.000332
0.006780
-0.008616
0.001164
-0.007451
0.004987
-0.004515
0.001132
-0.019056
0.010759
0.007706
-0.017370
-0.004697
0.010768
-0.004597
-0.011666
-0.000090
0.002428
-0.000875
-0.011408
-0.000764
0.004448
-0.002249
-0.010580
-0.005642
-0.002634
0.021182
-0.026617
-0.008426
0.020295
-0.005714
-0.009297
-0.004479
-0.002652
0.009797
-0.015796
0.000289
-0.000482
-0.001357
-0.000397
-0.012889
0.002927
0.009931
-0.010230
-0.021332
0.022702
-0.009662
-0.002596
-0.013950
0.009790
-0.002501
-0.003127
-0.013251
0.009829
0.007299
-0.016226
-0.006177
0.000615
0.013360
-0.012279
-0.018178
0.027057
-0.003722
-0.015100
0.001660
0.001546
0.000853
-0.011965
0.002531
0.004302
-0.009772
-0.000218
-0.011570
0.008687
0.000024
-0.000646
-0.020494
0.016696
-0.005118
-0.005757
-0.008781
0.001547
0.009695
-0.016337
0.001769
-0.004998
0.009113
-0.009289
-0.008392
0.002518
0.014275
-0.019501
-0.015097
0.025522
-0.010157
-0.009845
-0.003697
0.002876
0.000511
-0.001669
-0.014370
0.008776
0.001418
-0.008393
-0.002154
-0.011370
0.017668
-0.010398
-0.018514
0.019895
-0.010948
-0.003702
-0.001146
0.002243
-0.005169
-0.002477
-0.010697
0.000475
0.013682
-0.009311
-0.014068
0.000589
0.019569
-0.021415
-0.011416
0.018984
0.003489
-0.022821
0.004689
-0.005519
0.003393
-0.000747
-0.008157
0.003192
-0.000687
-0.002083
-0.014593
0.003158
0.013215
-0.018158
-0.007936
0.015371
-0.002496
-0.021982
0.016950
-0.011160
0.007102
-0.006826
-0.009464
0.006718
0.002079
-0.011566
-0.006343
0.001493
0.005873
-0.005432
-0.013607
0.018282
-0.006149
-0.011388
-0.004768
0.003381
0.001487
-0.005479
-0.010924
0.011704
-0.003171
-0.006347
-0.007756
0.006891
0.007836
-0.020613
-0.003697
0.013202
-0.001620
-0.015052
0.002926
-0.003892
-0.000439
-0.005394
0.005271
-0.002606
0.005307
-0.009888
-0.004262
-0.001303
0.010497
-0.010151
-0.018265
0.020665
0.001697
-0.023328
0.004410
0.005751
-0.008223
0.003975
-0.011985
0.007709
-0.000384
-0.004231
-0.014850
0.006791
0.008789
-0.011137
-0.016709
0.022236
-0.003805
-0.012548
-0.004195
0.014015
-0.005800
-0.008592
-0.003302
0.009215
-0.003244
-0.009839
0.004950
-0.011566
0.014002
-0.010266
-0.003430
0.011868
-0.004672
-0.007095
-0.004874
0.009637
-0.009938
-0.001148
-0.006818
0.013415
-0.005040
-0.010129
-0.007530
0.007101
0.006964
-0.009500
-0.013154
0.013737
0.003426
-0.019841
0.005459
-0.003904
0.005985
-0.002744
-0.014893
0.016372
-0.005805
-0.007985
-0.007552
0.004337
0.009876
-0.015158
-0.009072
0.009938
0.001064
-0.012652
0.006957
-0.013892
0.020334
-0.026109
0.011145
-0.005776
0.004845
-0.002659
-0.013601
0.001997
0.010273
-0.005575
-0.026253
0.029686
-0.014430
-0.001609
-0.010494
0.011879
-0.001590
-0.013960
0.000706
0.006047
-0.004606
0.002467
-0.017152
0.001824
0.018816
-0.016909
-0.003499
0.013052
0.004898
-0.023579
0.009495
0.004911
-0.006709
-0.003961
-0.007614
0.017456
-0.009113
-0.005905
-0.012575
0.008323
0.013102
-0.011797
-0.023213
0.025327
-0.003136
-0.011584
-0.006330
0.004389
0.006469
-0.014227
-0.002710
0.005083
0.003409
-0.010672
0.000584
-0.014837
0.028116
-0.020650
-0.013173
0.013752
0.003105
-0.012465
-0.006161
0.007387
-0.005161
-0.001697
-0.010726
0.011150
-0.000782
-0.007191
-0.008625
-0.001391
0.015504
-0.019172
-0.008919
0.014162
0.011615
-0.011424
-0.000609
0.010587
-0.011722
-0.002365
-0.006183
0.005980
0.003874
-0.006083
-0.009972
0.001791
0.015004
-0.013891
-0.017831
0.028048
-0.009569
-0.012218
-0.002261
0.009310
-0.000769
-0.012399
-0.003019
0.013112
-0.003438
-0.006829
-0.008940
0.007393
0.008833
-0.016241
-0.001810
0.004173
0.001972
-0.006672
0.000865
-0.007027
0.001989
-0.001074
-0.006480
0.004806
0.000225
-0.002130
-0.011908
0.001278
0.012717
-0.010174
-0.018072
0.022463
-0.011351
-0.002475
0.001527
-0.015787
0.025544
-0.039183
0.045684
-0.077988
0.110177
-0.099415
0.038155
-0.013701
0.011292
-0.003740
-0.016036
0.016625
-0.007120
-0.003915
-0.010592
0.012957
-0.019794
0.004265
0.002143
-0.002194
-0.005398
0.000978
-0.006275
0.004130
0.003295
-0.020957
0.008602
-0.001310
0.000814
-0.005508
-0.003125
-0.003744
-0.000452
-0.004758
-0.002593
0.002008
0.002839
-0.003200
-0.012727
0.006198
0.004896
-0.017355
0.001248
0.003799
0.006949
-0.021420
0.004289
0.001234
-0.005277
-0.005179
-0.000279
0.000465
-0.002990
0.001578
-0.019496
0.011116
0.006302
-0.017324
-0.006718
0.013744
-0.000888
-0.008603
-0.022285
0.016654
0.017708
-0.023561
-0.057036
0.122291
-0.076774
-0.011114
-0.021480
0.011194
0.022098
-0.027144
-0.017199
0.021229
-0.003713
-0.023100
0.020093
-0.025730
0.004980
0.002806
-0.016684
0.005968
-0.009082
-0.004730
-0.002767
-0.008668
0.000631
-0.001264
-0.021033
0.014538
-0.006403
-0.018231
0.003405
-0.003378
-0.003629
-0.009889
-0.005419
0.008408
-0.011385
-0.007478
-0.006829
-0.001392
-0.002415
-0.008127
-0.010923
0.005701
-0.004269
-0.008209
-0.013538
0.008705
-0.012729
-0.006916
-0.007759
0.001544
0.000985
-0.018161
-0.002305
-0.005140
-0.002672
-0.004627
-0.019521
0.009705
-0.005535
-0.018471
0.002924
-0.010582
0.003335
-0.042795
0.072015
-0.107441
0.077485
-0.118518
0.392778
-0.905039
1.023274
