-0.309268
0.061994
-0.052212
-0.008044
0.025352
0.004457
-0.023130
-0.004273
0.031901
-0.052843
0.074268
-0.057847
0.000246
0.028115
-0.019986
0.010084
-0.009799
-0.004656
0.011121
0.003345
-0.027637
0.031814
-0.024611
0.006921
0.011577
-0.026796
0.015294
-0.010536
0.008687
-0.004651
-0.000568
-0.005798
0.001111
-0.002007
0.006047
-0.002868
-0.023441
0.028280
-0.011287
-0.000933
-0.002201
-0.005421
0.011786
-0.011755
-0.006281
0.018171
-0.021872
0.004125
0.008684
-0.018384
0.020276
-0.023096
0.009690
0.006246
-0.021346
-0.006219
0.090397
-0.153324
0.020131
0.193131
0.105878
-1.146619
2.213052
1.279372
0.748832
0.553853
0.366006
0.302796
0.144745
0.074691
0.050665
0.171272
0.133274
0.253262
-0.004230
0.163512
0.140566
0.139560
0.116310
0.100766
0.102815
0.116850
0.121189
0.068466
0.146941
0.059339
0.101113
0.156455
0.044281
0.074814
0.140627
0.109489
0.050391
0.105080
0.069105
0.101303
0.123413
0.038644
0.075583
0.099282
0.098840
0.065310
0.068654
0.085965
0.080879
0.072725
0.066640
0.067560
0.088735
0.063593
0.064796
0.075143
0.055957
0.066618
0.080025
0.060922
0.067897
0.055826
0.063683
0.066420
0.070411
0.028909
0.083997
0.057112
0.056520
0.046013
0.049215
0.075523
0.039906
0.059330
0.041783
0.061817
0.052957
0.059874
0.037193
0.047992
0.050401
0.056331
0.052059
0.033110
0.064356
0.033257
0.048781
0.065940
0.021404
0.034404
0.074473
0.031249
0.032299
0.049067
0.044874
0.042612
0.037615
0.030951
0.049585
0.032434
0.052980
0.018587
0.031268
0.061538
0.022506
0.016566
0.063236
0.026396
0.019756
0.052943
0.025537
0.026772
0.030354
0.032954
0.041098
0.021012
0.038632
0.029560
0.023966
0.056438
0.016287
0.016601
0.050612
0.014470
0.029151
0.022130
0.030885
0.031444
0.030418
0.007724
0.051388
0.026258
0.011305
0.023717
0.018682
0.053612
-0.006151
0.017488
0.046641
0.018423
0.007018
0.043585
0.003045
0.030840
0.027004
0.014276
0.025967
0.029598
0.017558
-0.001510
0.028130
0.046772
0.000794
0.003220
0.045777
0.019288
0.005389
0.034481
-0.001526
0.029758
0.011421
0.028259
0.013736
0.023550
0.004499
0.016853
0.019650
0.030845
-0.000404
0.019309
0.025304
0.010214
0.008215
0.022352
0.026888
-0.012071
0.031530
0.013988
0.014064
0.003984
0.025533
0.008827
0.007819
0.036222
-0.013556
0.013359
0.021660
0.013491
0.006968
0.012468
0.018994
0.011461
0.004295
0.010475
0.037584
-0.015347
0.025648
0.004189
0.039509
0.018355
0.028322
-0.024510
0.026180
0.025453
-0.009115
0.024311
-0.002475
0.013467
0.031685
-0.004399
0.008632
0.025511
-0.003290
0.019965
0.006149
0.024865
0.001544
-0.007228
0.030518
0.006246
0.009013
-0.001184
0.015859
0.006113
0.009768
0.009439
0.014137
0.012215
0.009448
-0.016046
0.033994
0.006706
-0.005247
0.007469
0.030763
0.003967
-0.008584
0.005321
0.017005
0.019200
-0.006382
-0.000180
0.015056
0.002451
0.026107
-0.021372
0.009249
0.037592
-0.016688
0.008229
0.014858
0.006140
-0.005823
0.019272
-0.001950
0.008265
0.003038
0.000074
0.022291
0.001349
0.001371
0.005900
0.004923
0.027240
-0.009238
-0.000648
0.030639
-0.000569
-0.003128
0.005078
0.010212
0.009192
0.001469
0.006737
-0.002743
0.014303
0.006622
0.008747
-0.014618
0.029728
-0.011852
-0.008214
0.029293
-0.008205
0.009130
-0.006582
0.018995
0.010429
-0.019305
0.026643
0.002061
-0.005127
0.000783
0.000130
0.010525
0.016905
-0.017178
0.003881
0.024607
-0.014351
0.003600
0.006677
0.004132
0.006092
-0.004182
0.002861
0.008035
0.003156
0.002047
-0.001552
0.004262
0.019851
-0.009577
-0.006537
0.011625
-0.000031
0.003492
0.003183
-0.001780
0.008459
0.000036
0.000142
0.004790
0.006630
0.000313
-0.006174
0.000645
0.017883
-0.014240
-0.001344
0.025774
-0.012686
-0.007188
0.007503
0.002018
0.001545
0.008208
-0.009768
0.026373
-0.021837
0.013359
0.001213
-0.011384
0.019397
-0.008107
-0.000316
0.012115
-0.014309
0.008422
0.001556
0.001466
0.002044
-0.006751
-0.002616
0.018274
-0.007274
0.001209
-0.005595
0.009135
0.009110
-0.014473
-0.001832
0.020195
-0.004917
-0.019487
0.022015
-0.003084
-0.007739
0.009923
-0.010258
0.014270
-0.009657
0.011145
0.002507
-0.018468
0.022204
-0.002879
-0.025509
0.027669
-0.005352
0.002085
0.013751
-0.023077
0.012278
-0.006280
0.007237
-0.011181
0.017696
-0.010524
-0.004221
-0.000821
0.019914
-0.009972
-0.017654
0.031338
-0.011673
-0.002884
-0.007929
0.016187
-0.010734
-0.005579
0.006025
0.004265
0.005391
-0.008187
-0.000788
-0.008251
0.017255
-0.004277
-0.013767
0.025455
-0.011993
-0.005432
0.002880
-0.009607
0.011636
0.000878
-0.009869
0.014819
-0.003780
-0.017825
0.011342
0.001688
0.005591
-0.018079
-0.000570
0.023877
-0.006591
-0.024683
0.009252
0.014139
-0.005910
-0.004018
0.001846
0.004311
0.002636
-0.016344
0.003558
0.002960
0.009531
-0.006346
-0.014570
0.020128
-0.011784
0.003787
-0.006355
-0.001821
0.016052
-0.012829
0.000984
-0.004094
-0.003038
0.003261
-0.002347
-0.006245
0.019593
-0.016363
-0.007726
0.025828
-0.009175
-0.013751
0.006992
-0.001408
0.003444
0.000460
-0.011999
0.026000
-0.018058
0.009051
-0.008108
-0.003406
0.004980
-0.002158
-0.008655
0.026529
-0.023722
-0.000968
0.003776
0.001182
-0.002132
0.008558
-0.011596
0.011493
-0.019235
0.020834
-0.024316
0.011330
0.012623
-0.015059
-0.020233
0.039794
-0.012894
-0.016068
0.006567
0.003946
0.006384
-0.018095
-0.002993
0.013931
0.002712
-0.007319
-0.012779
0.009431
-0.003130
0.005438
-0.015280
0.022246
-0.009480
-0.007140
0.013768
-0.019762
0.008403
-0.006327
0.011102
-0.006293
0.008747
-0.017016
0.000430
0.002479
0.007721
-0.000862
-0.018772
0.028673
-0.017323
-0.000210
-0.008117
0.010243
0.005439
-0.004704
-0.015296
0.012131
-0.003968
0.006695
-0.017846
0.001110
0.027965
-0.021011
-0.013306
0.019372
-0.002046
-0.015546
0.004516
0.016174
-0.008876
-0.015472
0.013570
0.007194
-0.012718
0.000996
-0.001957
-0.004723
0.019815
-0.020042
-0.003473
0.011476
-0.001211
-0.006225
-0.001773
0.002974
0.000365
0.005106
-0.014844
0.011342
-0.009713
0.013147
-0.015557
0.002707
0.005455
-0.000376
-0.013358
0.020115
-0.023292
0.006639
0.006047
0.004590
-0.004342
-0.009585
-0.004607
0.011453
0.008445
-0.009489
-0.016085
0.000530
0.028220
-0.026338
-0.010110
0.021602
0.004582
-0.022410
0.012619
-0.003045
-0.000059
-0.006765
0.000393
0.018176
-0.020168
0.011517
-0.005929
-0.008609
0.017721
-0.003332
-0.018828
0.016156
0.001316
0.020102
-0.015372
0.037610
-0.014957
-0.010743
-0.002394
0.022768
-0.019521
0.007441
-0.000215
-0.004406
0.012749
-0.001723
-0.004642
0.015441
-0.012463
0.005243
0.010848
-0.016171
0.001751
0.005675
0.001322
0.006839
-0.005827
-0.005710
-0.000331
0.006948
0.017988
-0.021028
0.004355
0.015414
-0.002831
-0.018695
0.004851
0.007809
0.007872
-0.010218
0.007980
0.002518
-0.008780
0.011897
-0.007223
-0.007053
0.023672
-0.019549
0.000351
0.013687
-0.003640
-0.006244
0.005910
0.001955
0.006109
-0.010664
-0.001464
0.009055
-0.000675
-0.002049
0.000206
-0.012853
0.029828
-0.016513
-0.010874
0.028647
-0.021833
0.012057
-0.005557
0.001486
0.001872
-0.004703
0.002868
0.013977
-0.005588
-0.004834
0.001724
0.000574
0.018680
-0.026840
0.009621
0.014070
-0.008602
-0.009976
0.007845
0.001153
0.002634
-0.004106
0.004257
-0.001304
-0.001883
0.006094
-0.003798
-0.007571
0.022048
-0.017568
0.012316
0.003540
-0.003036
-0.004701
0.008619
0.000734
-0.006334
0.004940
-0.003748
0.012622
-0.007235
0.002030
-0.007066
-0.002206
0.020172
-0.015270
0.005010
0.002883
0.008173
-0.018553
0.014729
-0.009161
0.008826
-0.006639
0.004172
0.000291
0.002074
-0.000289
-0.000175
-0.004106
0.016781
-0.016437
-0.010299
0.034181
-0.013569
-0.012027
0.013334
0.001486
-0.000986
-0.003003
-0.001390
0.008186
-0.003256
0.009075
-0.015979
0.005418
0.016639
-0.011339
-0.011261
0.028289
-0.016109
-0.000842
0.004177
-0.011803
0.021520
-0.010621
-0.001901
0.010686
-0.004737
-0.003648
0.003440
-0.009828
0.018923
-0.008574
-0.015520
0.030167
-0.016860
0.000427
-0.000460
0.008370
-0.008627
0.010497
-0.013924
0.019075
-0.014285
0.004334
-0.006093
0.005656
0.013097
-0.018159
-0.003113
0.022177
-0.004180
-0.015517
0.009224
0.000429
0.007775
-0.007239
-0.000397
0.001084
0.012454
-0.011887
0.006171
-0.018679
0.039850
-0.023033
-0.010338
0.023152
-0.008822
-0.005867
0.009683
-0.001265
-0.001055
-0.006290
0.012261
-0.007272
0.012251
-0.017562
0.007176
-0.006728
0.024162
-0.025034
0.003374
0.018659
-0.008973
-0.007358
0.011540
-0.007226
0.004758
-0.006563
0.006080
0.004837
-0.008113
-0.000305
0.001845
-0.007086
0.022902
-0.015609
-0.006905
0.015233
-0.000816
-0.020390
0.020322
-0.010042
0.021334
-0.029662
0.033043
-0.050544
0.078310
-0.066926
0.028007
-0.011696
0.025153
-0.023987
-0.002047
0.019438
-0.008966
-0.002374
-0.003994
0.014747
-0.014531
-0.002897
0.004206
0.010666
0.003080
-0.005365
-0.004827
-0.002942
0.019278
-0.025087
0.008953
0.006945
-0.001905
-0.000257
-0.010050
0.012523
-0.000378
-0.002047
-0.014422
0.020322
-0.009764
0.009585
-0.020947
0.013689
0.022838
-0.031393
0.008791
0.007047
-0.002066
-0.012143
0.014976
-0.002581
-0.005401
-0.006481
0.017469
-0.015106
0.009302
0.002711
-0.013034
0.000100
0.022223
-0.022467
0.000403
0.009161
0.002190
0.000219
-0.020003
0.023117
-0.004928
0.013330
-0.074448
0.121124
-0.077621
0.002254
0.003193
-0.017549
0.024260
-0.014954
-0.009185
0.010070
0.010211
-0.020570
0.022871
-0.035885
0.031807
-0.019084
-0.001972
0.014913
-0.016374
-0.003490
0.006848
-0.002252
-0.004204
0.002595
-0.014489
0.015271
-0.008104
-0.005137
0.004060
-0.003767
0.002747
-0.007108
0.004085
0.001622
-0.012464
0.007506
-0.003165
-0.009517
0.018352
-0.018698
0.001116
0.010663
-0.012074
-0.011083
0.006252
0.004396
0.001363
-0.024564
0.017104
-0.006269
-0.002067
-0.007984
0.017930
-0.020671
0.010967
-0.010407
0.001232
0.001726
-0.008452
-0.005774
0.009603
-0.012608
0.002940
-0.022960
0.047433
-0.057978
0.040150
-0.083943
0.286683
-0.641613
0.727372
