-0.307059
0.058114
-0.069060
-0.000653
0.032791
-0.008908
-0.025760
-0.002741
0.027146
-0.057349
0.069417
-0.053928
-0.005510
0.022789
-0.011317
-0.001462
-0.023290
0.010682
-0.001110
0.006599
-0.036246
0.032300
-0.022629
-0.002861
0.015359
-0.031958
0.005267
0.008238
-0.011667
-0.001685
-0.007681
-0.001773
-0.004391
0.000710
-0.006989
-0.005189
-0.008369
0.012212
-0.012918
-0.009041
-0.000742
0.001487
-0.002163
-0.004208
-0.018442
0.021904
-0.020263
-0.004677
0.012200
-0.025780
0.023273
-0.029137
-0.000068
0.010503
-0.034564
0.029758
0.043166
-0.148091
0.012117
0.349254
-0.285524
-0.883916
2.399047
1.123143
0.889566
0.458493
0.390503
0.360741
0.158531
0.039632
0.151223
0.115523
0.179892
0.257893
0.015725
0.074998
0.189104
0.196876
0.076477
0.083985
0.114240
0.095169
0.107201
0.106401
0.113502
0.048157
0.122783
0.122253
0.049665
0.078961
0.115541
0.131774
0.047583
0.081679
0.065446
0.132210
0.089605
0.051096
0.078887
0.080784
0.107353
0.059587
0.065731
0.072828
0.091496
0.062375
0.079208
0.059201
0.075584
0.059980
0.074674
0.072144
0.050990
0.078108
0.059003
0.072513
0.050772
0.066436
0.060968
0.051533
0.072762
0.049918
0.054860
0.061817
0.053179
0.048126
0.054014
0.066311
0.046509
0.048438
0.059752
0.034321
0.062922
0.054594
0.025729
0.065706
0.046677
0.037842
0.052385
0.042823
0.041843
0.057190
0.002557
0.091682
0.016409
0.030124
0.053393
0.028503
0.043577
0.047759
0.023312
0.049539
0.034907
0.025064
0.052238
0.026739
0.039973
0.030315
0.022670
0.056910
0.016678
0.031539
0.041490
0.030824
0.031585
0.031434
0.038164
0.031464
0.018789
0.034443
0.043452
0.014686
0.037411
0.025087
0.026965
0.045295
0.003085
0.029604
0.039792
0.005913
0.045282
0.012591
0.034207
0.009640
0.040484
0.016298
0.035699
0.019330
0.014741
0.024150
0.028646
0.033866
0.011823
0.008161
0.042334
0.009174
0.019942
0.022462
0.018384
0.022488
0.010840
0.015390
0.037658
0.013694
0.008628
0.024479
0.019161
0.032075
-0.003391
0.013617
0.034066
0.016516
-0.001013
0.023392
0.017659
0.014546
0.012756
0.024837
0.018771
0.014303
0.009372
0.001536
0.026571
0.021407
-0.003950
0.022212
0.020255
0.011250
0.010960
0.011879
0.010322
0.017583
0.009830
0.005638
0.028548
0.010021
0.005388
0.006818
0.008541
0.017486
0.000183
0.018330
0.028887
-0.003841
-0.001222
0.010203
0.022598
0.010067
0.000572
0.005424
0.007983
0.034553
-0.008019
-0.002764
0.015965
0.028901
0.001761
-0.016416
0.026365
0.010659
-0.001689
0.009075
0.010628
0.005485
0.001817
0.015238
0.002782
0.021044
-0.006461
0.008708
-0.000542
0.026832
-0.015965
0.018004
0.004146
0.013895
-0.004975
0.003203
0.018301
-0.004654
0.013140
-0.005339
0.016698
0.005291
0.011413
-0.013555
0.020484
0.000045
0.003731
0.003057
0.016242
0.000129
-0.001001
0.000149
0.009265
0.015340
-0.005302
0.000666
0.017384
-0.009395
0.003735
-0.000556
0.017747
-0.000402
-0.007005
0.015780
-0.002483
-0.002778
0.003828
0.017994
-0.014221
0.008578
0.002019
-0.004664
0.013435
-0.004585
0.007643
-0.002694
-0.007409
0.026409
-0.017771
-0.006884
0.030003
-0.005235
-0.011774
0.012928
-0.002800
0.005720
-0.006679
0.000507
0.017691
-0.001752
-0.007756
0.010562
0.009027
0.013593
-0.035631
0.009955
0.032311
-0.014399
-0.009662
0.014922
0.012390
0.005477
-0.032056
0.019431
0.026225
-0.014408
-0.019027
0.019872
-0.004973
0.016019
-0.015135
0.000466
0.008691
-0.016589
0.022828
-0.017359
0.009953
-0.006304
0.003073
0.002704
-0.001354
0.006137
-0.002212
-0.018118
0.012894
0.017840
-0.020878
-0.003520
0.017812
-0.005500
-0.004343
-0.008732
0.017100
-0.002776
-0.012160
0.003294
0.009872
0.002211
-0.023356
0.013432
-0.003865
0.013460
-0.022827
0.013714
0.004804
-0.014397
0.005115
-0.010454
0.014035
0.002331
0.002770
-0.003755
0.005695
0.001840
0.000160
-0.009562
0.000187
0.018098
-0.013361
-0.010074
0.016665
-0.007000
-0.003306
-0.001680
0.011768
0.000924
-0.019355
0.001661
0.001224
0.009241
-0.011130
-0.011139
0.009099
0.005220
-0.006144
-0.012007
0.017396
-0.005324
-0.005037
-0.003056
0.001019
-0.000929
-0.010821
0.008387
0.004759
-0.006544
-0.009201
-0.005357
0.002891
0.009843
-0.011744
-0.011956
0.025572
-0.025206
0.012078
-0.011916
-0.001000
0.008963
-0.014157
0.010384
-0.017766
0.019044
-0.020111
-0.002782
-0.000684
0.010119
-0.008822
-0.014454
0.018651
-0.009301
-0.004494
-0.015145
0.019057
-0.013269
-0.002879
-0.006144
0.022113
-0.019788
-0.009628
-0.001578
0.008066
-0.002412
-0.010708
-0.000421
0.004682
-0.005034
-0.012607
0.013586
-0.017623
0.008487
-0.007884
0.005754
-0.011496
0.004789
-0.007980
0.002589
-0.009359
0.016702
-0.027635
0.008366
-0.000488
0.000108
-0.020616
0.016504
-0.019570
0.007527
-0.007578
0.001474
0.002890
-0.008667
-0.009949
-0.000688
0.005616
0.001775
-0.023982
0.009490
0.008389
-0.011028
-0.006099
-0.006860
0.007377
-0.013157
0.007750
-0.013612
0.002646
0.004508
-0.008748
-0.006952
-0.001032
0.008860
-0.020219
0.005880
-0.002803
-0.001935
-0.009431
-0.000403
-0.007380
0.002643
-0.004062
-0.000298
-0.000663
-0.005490
-0.003633
-0.006997
-0.000726
0.009961
-0.027986
0.011055
0.005437
-0.019458
0.007202
-0.010509
0.007802
-0.010988
-0.001115
-0.004703
0.003095
-0.008433
0.000889
-0.005005
-0.012189
0.010937
-0.007663
-0.013029
0.014865
-0.018332
0.006944
-0.003710
-0.013440
-0.002433
0.005760
-0.010926
0.014114
-0.011865
-0.015969
0.000058
0.004403
0.004963
-0.018336
-0.007089
0.016225
-0.012204
-0.003879
0.008335
-0.010991
-0.006261
0.000501
-0.004607
-0.005187
0.009439
-0.010390
-0.023577
0.021415
0.002773
-0.011567
-0.021565
0.021580
-0.013903
0.000723
-0.013097
0.004499
0.000356
-0.012072
-0.004370
0.015016
-0.014371
-0.017105
0.013966
-0.006707
0.006523
-0.016142
-0.009370
0.013759
-0.005207
-0.004273
-0.007820
-0.002008
-0.004920
0.002211
-0.012738
0.008994
-0.005816
-0.000029
-0.014695
-0.000568
0.005625
-0.008068
-0.007702
0.001697
-0.000547
0.000372
-0.012937
0.002310
-0.007685
0.004100
-0.012152
-0.000700
0.010982
-0.019090
-0.001373
-0.007909
0.011327
-0.015861
0.001154
0.002798
-0.008020
-0.009123
-0.002407
0.005830
-0.009533
0.001014
-0.005779
-0.001466
0.000642
0.003461
-0.025665
0.008812
0.005133
-0.009509
-0.019944
0.024680
-0.010314
-0.016270
0.004497
-0.001405
0.001562
-0.013464
0.000269
0.005741
-0.008243
-0.012007
0.007261
-0.010312
0.020015
-0.042210
0.025757
-0.004056
0.000031
-0.024985
0.019639
-0.019002
0.015892
-0.020968
-0.006511
0.011668
-0.012248
0.002615
-0.011484
0.009630
-0.002799
-0.012615
-0.001995
0.001290
0.002899
-0.014927
0.006254
-0.015920
0.005816
0.002689
-0.010684
-0.011445
0.014622
-0.011600
-0.006443
-0.001461
0.014855
-0.022650
-0.010696
0.028188
-0.015429
-0.013495
-0.002829
0.009763
-0.018474
0.006108
-0.002856
0.004867
-0.014590
0.004222
-0.015886
0.014128
-0.007569
-0.004387
-0.019468
0.026531
-0.020015
0.004017
-0.012054
0.001782
0.002364
-0.008017
-0.012929
0.014139
-0.005338
-0.006273
-0.008771
-0.010080
0.030030
-0.028942
-0.003861
0.009004
-0.005945
-0.010326
0.004246
-0.001443
0.004518
-0.019167
0.005776
0.002721
0.001124
-0.008851
-0.009022
0.002157
0.010724
-0.027917
0.007759
0.002033
-0.002356
-0.011588
0.010612
-0.017132
0.002938
0.001467
-0.010762
0.009693
-0.009340
-0.008627
0.000925
-0.005328
0.012099
-0.011031
-0.007146
0.003965
-0.013336
0.006325
-0.000517
-0.013479
0.014038
-0.025438
0.012339
0.002726
-0.011248
-0.005675
0.001525
0.002032
0.000720
-0.020968
0.000800
0.022352
-0.019109
-0.010467
0.017907
-0.022646
0.007477
-0.001259
-0.009241
-0.001465
0.002956
0.002722
-0.012923
-0.003320
0.008918
-0.011799
-0.008179
0.010907
-0.000158
-0.023569
0.007590
-0.000368
0.000455
-0.019100
0.007166
0.008281
-0.001686
-0.015214
-0.010800
0.004406
0.016151
-0.019749
-0.005904
0.009908
-0.005558
-0.011174
0.005891
-0.008313
0.000973
-0.000124
-0.014150
0.010700
-0.003835
-0.002578
-0.010075
-0.001367
0.005851
-0.007940
-0.018857
0.020557
-0.009359
-0.002107
-0.002848
-0.002884
-0.012586
0.008825
-0.012150
0.012931
-0.009251
-0.008787
-0.006701
0.017857
-0.014673
-0.010451
0.004384
0.005843
-0.004949
-0.016019
0.012495
-0.011156
0.002152
-0.014259
0.001326
0.004666
-0.000891
-0.002653
-0.018713
0.008379
0.005456
-0.006360
-0.022308
0.026106
-0.014762
0.002199
-0.016739
0.011289
-0.001088
-0.012382
-0.002054
0.012882
-0.012702
-0.004394
-0.008753
-0.000340
0.015856
-0.020588
-0.007529
0.013712
-0.011454
0.002771
-0.006543
-0.004920
0.010379
-0.014655
-0.008045
0.003493
0.009749
-0.010249
-0.007566
-0.011481
0.027169
-0.024278
-0.009672
0.027491
-0.024607
0.006388
-0.002368
-0.011726
0.011498
-0.017461
0.028141
-0.057644
0.070979
-0.065672
0.023926
-0.006535
0.007690
-0.010127
-0.010277
0.007851
-0.008700
0.006885
-0.020564
0.015718
-0.021487
0.008725
0.008338
-0.019656
0.006889
-0.005891
-0.003954
0.002960
0.009232
-0.030129
0.015235
-0.001838
-0.009501
-0.005081
0.000143
0.010546
-0.024100
0.005386
0.002639
-0.012475
0.008217
-0.012195
0.003350
0.004063
-0.012169
-0.007544
0.011871
-0.009175
-0.009360
0.008277
-0.011719
0.004009
-0.004673
-0.004438
-0.002232
-0.006698
0.011854
-0.013557
-0.006433
0.001893
0.013746
-0.029683
0.011309
-0.007798
0.000435
0.000639
-0.016320
0.002220
0.017599
-0.023905
-0.043634
0.113152
-0.101103
0.022479
-0.029243
0.007964
0.016955
-0.020969
-0.017091
0.019414
-0.006800
-0.017996
0.021736
-0.033510
0.012693
-0.004453
-0.008301
-0.003248
-0.007754
0.003677
-0.003661
-0.011092
-0.002976
-0.001162
-0.017867
0.019842
-0.019040
-0.002113
-0.005185
-0.001663
0.001534
-0.020544
0.012404
-0.015315
0.010841
-0.023166
-0.000224
-0.007098
0.009125
-0.011783
-0.007444
-0.006312
0.003003
-0.007637
-0.001349
-0.014255
0.000754
-0.001786
-0.007764
0.002058
-0.007327
-0.012839
-0.001253
-0.012283
0.007872
-0.010485
-0.008242
0.003363
-0.012012
-0.010897
0.006562
-0.012463
0.008945
-0.033539
0.048156
-0.070087
0.041273
-0.075143
0.276028
-0.645505
0.731024
