-0.000935
-0.000895
-0.000864
-0.000842
-0.000828
-0.000822
-0.000823
-0.000830
-0.000841
-0.000856
-0.000873
-0.000888
-0.000901
-0.000907
-0.000905
-0.000889
-0.000855
-0.000798
-0.000712
-0.000589
-0.000421
-0.000199
0.000089
0.000455
0.000915
0.001485
0.002183
0.003030
0.004050
0.005266
0.006706
0.008398
0.010374
0.012665
0.015303
0.018322
0.021752
0.025626
0.029972
0.034817
0.040182
0.046084
0.052534
0.059536
0.067085
0.075169
0.083764
0.092840
0.102351
0.112246
0.122461
0.132924
0.143552
0.154256
0.164942
0.175509
0.185854
0.195875
0.205468
0.214535
0.222984
0.230729
0.237694
0.243815
0.249039
0.253328
0.256659
0.259020
0.260418
0.260872
0.260414
0.259088
0.256951
0.254068
0.250510
0.246356
0.241688
0.236589
0.231143
0.225432
0.219535
0.213527
0.207475
0.201444
0.195487
0.189653
0.183982
0.178507
0.173255
0.168242
0.163483
0.158984
0.154746
0.150766
0.147038
0.143553
0.140299
0.137262
0.134429
0.131783
0.129309
0.126993
0.124819
0.122774
0.120843
0.119016
0.117279
0.115624
0.114040
0.112519
0.111054
0.109639
0.108267
0.106934
0.105636
0.104368
0.103128
0.101913
0.100720
0.099547
0.098393
0.097257
0.096136
0.095031
0.093939
0.092862
0.091796
0.090743
0.089702
0.088672
0.087654
0.086646
0.085650
0.084664
0.083689
0.082725
0.081771
0.080828
0.079897
0.078976
0.078066
0.077168
0.076281
0.075405
0.074541
0.073688
0.072847
0.072018
0.071201
0.070396
0.069602
0.068820
0.068051
0.067293
0.066546
0.065812
0.065088
0.064376
0.063676
0.062986
0.062307
0.061638
0.060979
0.060330
0.059691
0.059061
0.058440
0.057827
0.057223
0.056626
0.056036
0.055453
0.054877
0.054307
0.053743
0.053185
0.052631
0.052083
0.051539
0.051000
0.050465
0.049934
0.049407
0.048884
0.048366
0.047851
0.047340
0.046833
0.046330
0.045832
0.045338
0.044849
0.044365
0.043886
0.043412
0.042944
0.042481
0.042023
0.041572
0.041127
0.040688
0.040256
0.039830
0.039411
0.038999
0.038593
0.038194
0.037802
0.037417
0.037039
0.036668
0.036304
0.035947
0.035597
0.035253
0.034916
0.034586
0.034262
0.033944
0.033632
0.033325
0.033024
0.032729
0.032437
0.032150
0.031868
0.031588
0.031312
0.031038
0.030767
0.030498
0.030231
0.029964
0.029699
0.029434
0.029169
0.028905
0.028640
0.028376
0.028111
0.027847
0.027582
0.027318
0.027053
0.026790
0.026527
0.026265
0.026005
0.025746
0.025489
0.025235
0.024984
0.024736
0.024491
0.024250
0.024012
0.023779
0.023550
0.023325
0.023105
0.022890
0.022678
0.022471
0.022269
0.022070
0.021875
0.021684
0.021496
0.021310
0.021128
0.020948
0.020769
0.020593
0.020417
0.020243
0.020070
0.019897
0.019725
0.019553
0.019382
0.019210
0.019039
0.018869
0.018699
0.018530
0.018362
0.018195
0.018030
0.017868
0.017708
0.017550
0.017397
0.017246
0.017100
0.016959
0.016822
0.016690
0.016563
0.016441
0.016324
0.016213
0.016107
0.016005
0.015908
0.015815
0.015727
0.015641
0.015559
0.015479
0.015401
0.015324
0.015248
0.015173
0.015097
0.015021
0.014944
0.014865
0.014785
0.014703
0.014618
0.014531
0.014442
0.014350
0.014255
0.014158
0.014058
0.013955
0.013851
0.013743
0.013634
0.013523
0.013410
0.013295
0.013178
0.013060
0.012941
0.012820
0.012699
0.012576
0.012453
0.012329
0.012204
0.012078
0.011953
0.011827
0.011700
0.011574
0.011448
0.011322
0.011196
0.011072
0.010947
0.010824
0.010702
0.010581
0.010461
0.010343
0.010226
0.010112
0.009999
0.009888
0.009780
0.009674
0.009570
0.009469
0.009370
0.009274
0.009181
0.009089
0.009001
0.008914
0.008830
0.008749
0.008669
0.008592
0.008517
0.008444
0.008372
0.008302
0.008234
0.008168
0.008103
0.008039
0.007976
0.007915
0.007854
0.007795
0.007736
0.007679
0.007622
0.007565
0.007509
0.007454
0.007399
0.007345
0.007290
0.007236
0.007183
0.007129
0.007075
0.007021
0.006967
0.006912
0.006857
0.006802
0.006746
0.006689
0.006632
0.006574
0.006515
0.006455
0.006395
0.006333
0.006271
0.006209
0.006145
0.006081
0.006017
0.005952
0.005888
0.005823
0.005758
0.005694
0.005630
0.005566
0.005504
0.005442
0.005381
0.005321
0.005262
0.005204
0.005147
0.005091
0.005037
0.004983
0.004931
0.004880
0.004830
0.004781
0.004732
0.004685
0.004639
0.004593
0.004548
0.004504
0.004461
0.004419
0.004377
0.004336
0.004296
0.004257
0.004219
0.004181
0.004145
0.004109
0.004074
0.004040
0.004007
0.003974
0.003943
0.003912
0.003882
0.003853
0.003824
0.003796
0.003768
0.003741
0.003715
0.003688
0.003662
0.003635
0.003609
0.003583
0.003557
0.003530
0.003503
0.003476
0.003449
0.003422
0.003394
0.003366
0.003338
0.003309
0.003281
0.003252
0.003224
0.003195
0.003167
0.003140
0.003112
0.003086
0.003060
0.003035
0.003011
0.002988
0.002967
0.002947
0.002928
0.002911
0.002896
0.002882
0.002870
0.002860
0.002852
0.002845
0.002841
0.002838
0.002837
0.002837
0.002839
0.002842
0.002845
0.002850
0.002856
0.002862
0.002868
0.002873
0.002879
0.002884
0.002888
0.002892
0.002894
0.002894
0.002893
0.002891
0.002886
0.002880
0.002871
0.002860
0.002847
0.002832
0.002815
0.002796
0.002775
0.002752
0.002728
0.002702
0.002675
0.002646
0.002616
0.002586
0.002555
0.002523
0.002492
0.002460
0.002428
0.002396
0.002365
0.002334
0.002303
0.002273
0.002244
0.002216
0.002188
0.002162
0.002136
0.002111
0.002087
0.002063
0.002041
0.002019
0.001998
0.001978
0.001959
0.001940
0.001922
0.001905
0.001888
0.001872
0.001857
0.001843
0.001829
0.001816
0.001803
0.001791
0.001780
0.001770
0.001760
0.001752
0.001743
0.001736
0.001729
0.001723
0.001718
0.001713
0.001708
0.001704
0.001701
0.001698
0.001695
0.001692
0.001689
0.001687
0.001684
0.001681
0.001678
0.001675
0.001671
0.001667
0.001663
0.001658
0.001653
0.001647
0.001641
0.001634
0.001628
0.001620
0.001613
0.001605
0.001598
0.001590
0.001582
0.001574
0.001567
0.001560
0.001553
0.001547
0.001541
0.001536
0.001531
0.001528
0.001525
0.001523
0.001523
0.001523
0.001525
0.001527
0.001531
0.001536
0.001542
0.001550
0.001559
0.001569
0.001580
0.001593
0.001606
0.001621
0.001636
0.001652
0.001669
0.001686
0.001704
0.001722
0.001740
0.001757
0.001775
0.001792
0.001808
0.001824
0.001839
0.001853
0.001866
0.001878
0.001889
0.001899
0.001907
0.001915
0.001922
0.001928
0.001934
0.001938
0.001942
0.001946
0.001949
0.001952
0.001955
0.001958
0.001960
0.001963
0.001965
0.001967
0.001970
0.001972
0.001973
0.001975
0.001976
0.001977
0.001977
0.001977
0.001975
0.001973
0.001970
0.001966
0.001961
0.001955
0.001948
0.001940
0.001931
0.001921
0.001911
0.001899
0.001887
0.001874
0.001860
0.001846
0.001832
0.001818
0.001804
0.001791
0.001777
0.001764
0.001752
0.001741
0.001730
0.001720
0.001712
0.001704
0.001698
0.001693
0.001689
0.001687
0.001686
0.001687
0.001689
0.001693
0.001698
0.001705
0.001713
0.001722
0.001732
0.001744
0.001756
0.001769
0.001783
0.001797
0.001811
0.001826
0.001840
0.001855
0.001868
0.001882
0.001894
0.001906
0.001916
0.001925
0.001933
0.001940
0.001945
0.001949
0.001951
0.001952
0.001951
0.001949
0.001946
0.001941
0.001935
0.001929
0.001921
0.001913
0.001903
0.001894
0.001884
0.001874
0.001863
0.001853
0.001843
0.001833
0.001824
0.001815
0.001807
0.001799
0.001793
0.001787
0.001783
0.001780
0.001779
0.001779
0.001780
0.001783
0.001788
0.001794
0.001802
0.001812
0.001823
0.001836
0.001850
0.001865
0.001882
0.001899
0.001918
0.001936
0.001955
0.001974
0.001993
0.002012
0.002030
0.002047
0.002062
0.002077
0.002089
0.002100
0.002109
0.002116
0.002121
0.002123
0.002123
0.002121
0.002116
0.002109
0.002100
0.002089
0.002076
0.002061
0.002044
0.002026
0.002007
0.001986
0.001965
0.001943
0.001920
0.001898
0.001874
0.001851
0.001829
0.001806
0.001784
0.001762
0.001740
0.001720
0.001700
0.001680
0.001661
0.001643
0.001625
0.001608
0.001591
0.001575
0.001559
0.001544
0.001529
0.001514
0.001499
0.001484
0.001470
0.001455
0.001441
0.001427
0.001413
0.001398
0.001384
0.001370
0.001356
0.001342
0.001328
0.001314
0.001300
0.001287
0.001273
0.001260
0.001247
0.001234
0.001222
0.001209
0.001197
0.001186
0.001174
0.001163
0.001153
0.001143
0.001133
0.001124
0.001115
0.001106
0.001098
0.001090
0.001083
0.001076
0.001069
0.001063
0.001057
0.001051
0.001045
0.001039
0.001033
0.001028
0.001022
0.001016
0.001010
0.001004
0.000998
0.000991
0.000985
0.000978
0.000970
0.000963
0.000955
0.000948
0.000940
0.000932
0.000925
0.000917
0.000910
0.000903
0.000897
0.000892
0.000887
0.000882
0.000879
0.000876
0.000875
0.000874
0.000874
0.000875
0.000877
0.000880
0.000884
0.000888
0.000892
0.000897
0.000902
0.000906
0.000911
0.000915
0.000918
0.000920
0.000921
0.000921
0.000919
0.000916
0.000910
0.000902
0.000893
0.000880
0.000866
0.000848
0.000828
0.000806
0.000780
0.000752
0.000721
0.000687
0.000651
0.000611
0.000569
0.000524
0.000476
0.000425
0.000372
0.000316
0.000258
0.000198
0.000135
0.000070
0.000003
-0.000065
-0.000135
-0.000206
-0.000277
-0.000350
-0.000423
-0.000497
-0.000570
-0.000643
-0.000715
-0.000787
-0.000857
-0.000927
-0.000995
-0.001061
-0.001126
-0.001189
-0.001250
-0.001310
-0.001368
-0.001424
-0.001479
-0.001532
-0.001584
-0.001635
-0.001684
-0.001733
-0.001780
-0.001827
-0.001873
-0.001919
-0.001964
-0.002009
-0.002054
-0.002098
-0.002143
-0.002187
-0.002231
-0.002274
-0.002317
-0.002359
-0.002400
-0.002441
-0.002480
-0.002517
-0.002552
-0.002585
-0.002615
-0.002641
-0.002664
-0.002682
-0.002696
-0.002704
-0.002707
-0.002703
-0.002692
-0.002675
-0.002650
-0.002617
-0.002577
-0.002529
-0.002474
-0.002411
-0.002342
-0.002266
-0.002184
-0.002097
-0.002006
-0.001912
-0.001816
-0.001718
-0.001621
-0.001525
-0.001432
-0.001342
-0.001257
-0.001178
-0.001105
-0.001040
-0.000983
