0.001704
0.001502
0.001206
0.000869
0.000544
0.000269
0.000067
-0.000061
-0.000127
-0.000151
-0.000153
-0.000150
-0.000153
-0.000166
-0.000189
-0.000219
-0.000252
-0.000285
-0.000314
-0.000337
-0.000353
-0.000363
-0.000368
-0.000370
-0.000368
-0.000365
-0.000362
-0.000357
-0.000352
-0.000347
-0.000343
-0.000340
-0.000339
-0.000341
-0.000348
-0.000358
-0.000373
-0.000391
-0.000410
-0.000428
-0.000440
-0.000444
-0.000435
-0.000409
-0.000352
-0.000238
-0.000014
0.000424
0.001255
0.002779
0.005453
0.009924
0.017039
0.027799
0.043240
0.064233
0.091215
0.123913
0.161116
0.200612
0.239346
0.273806
0.300602
0.317079
0.321830
0.314956
0.298006
0.273620
0.244981
0.215229
0.186978
0.162026
0.141290
0.124918
0.112511
0.103369
0.096708
0.091812
0.088103
0.085165
0.082723
0.080607
0.078717
0.076994
0.075401
0.073917
0.072525
0.071218
0.069988
0.068833
0.067746
0.066719
0.065741
0.064795
0.063867
0.062942
0.062008
0.061058
0.060088
0.059098
0.058092
0.057076
0.056057
0.055045
0.054048
0.053080
0.052149
0.051264
0.050432
0.049653
0.048923
0.048235
0.047579
0.046944
0.046318
0.045694
0.045065
0.044429
0.043785
0.043138
0.042496
0.041869
0.041265
0.040692
0.040155
0.039654
0.039186
0.038743
0.038317
0.037900
0.037485
0.037063
0.036629
0.036178
0.035711
0.035227
0.034731
0.034231
0.033735
0.033253
0.032789
0.032347
0.031924
0.031516
0.031115
0.030714
0.030308
0.029897
0.029482
0.029065
0.028650
0.028237
0.027828
0.027417
0.027002
0.026579
0.026144
0.025698
0.025244
0.024789
0.024340
0.023905
0.023492
0.023103
0.022740
0.022403
0.022088
0.021792
0.021508
0.021234
0.020966
0.020699
0.020432
0.020161
0.019884
0.019602
0.019313
0.019022
0.018730
0.018443
0.018164
0.017898
0.017647
0.017411
0.017190
0.016981
0.016784
0.016595
0.016415
0.016241
0.016073
0.015909
0.015745
0.015578
0.015405
0.015225
0.015036
0.014841
0.014641
0.014441
0.014245
0.014057
0.013881
0.013719
0.013574
0.013446
0.013331
0.013228
0.013131
0.013034
0.012932
0.012819
0.012690
0.012545
0.012381
0.012202
0.012011
0.011813
0.011615
0.011422
0.011237
0.011062
0.010895
0.010738
0.010589
0.010449
0.010320
0.010203
0.010099
0.010007
0.009920
0.009832
0.009735
0.009620
0.009482
0.009320
0.009137
0.008941
0.008738
0.008539
0.008351
0.008180
0.008028
0.007896
0.007782
0.007684
0.007598
0.007524
0.007458
0.007400
0.007348
0.007300
0.007253
0.007205
0.007155
0.007103
0.007052
0.007007
0.006973
0.006955
0.006956
0.006971
0.006995
0.007016
0.007021
0.006999
0.006940
0.006841
0.006706
0.006542
0.006362
0.006180
0.006011
0.005865
0.005751
0.005670
0.005622
0.005599
0.005592
0.005591
0.005585
0.005564
0.005521
0.005453
0.005360
0.005242
0.005103
0.004948
0.004783
0.004616
0.004455
0.004308
0.004182
0.004082
0.004009
0.003961
0.003932
0.003915
0.003900
0.003879
0.003846
0.003798
0.003736
0.003662
0.003584
0.003506
0.003434
0.003373
0.003322
0.003280
0.003244
0.003209
0.003170
0.003124
0.003070
0.003008
0.002941
0.002874
0.002811
0.002756
0.002712
0.002679
0.002655
0.002637
0.002621
0.002601
0.002573
0.002533
0.002477
0.002406
0.002322
0.002227
0.002127
0.002028
0.001934
0.001850
0.001780
0.001725
0.001688
0.001669
0.001668
0.001682
0.001708
0.001741
0.001776
0.001807
0.001828
0.001836
0.001829
0.001806
0.001767
0.001714
0.001652
0.001587
0.001522
0.001465
0.001417
0.001379
0.001350
0.001325
0.001301
0.001275
0.001248
0.001223
0.001206
0.001203
0.001218
0.001253
0.001306
0.001373
0.001447
0.001518
0.001581
0.001629
0.001656
0.001661
0.001642
0.001601
0.001540
0.001464
0.001375
0.001277
0.001172
0.001064
0.000955
0.000849
0.000751
0.000666
0.000600
0.000554
0.000527
0.000515
0.000514
0.000516
0.000515
0.000509
0.000495
0.000475
0.000452
0.000428
0.000408
0.000395
0.000391
0.000395
0.000406
0.000420
0.000432
0.000435
0.000426
0.000403
0.000367
0.000321
0.000269
0.000215
0.000161
0.000110
0.000061
0.000013
-0.000030
-0.000068
-0.000097
-0.000112
-0.000110
-0.000090
-0.000053
-0.000003
0.000055
0.000116
0.000170
0.000213
0.000237
0.000239
0.000216
0.000169
0.000100
0.000014
-0.000083
-0.000182
-0.000277
-0.000362
-0.000431
-0.000481
-0.000510
-0.000517
-0.000502
-0.000469
-0.000421
-0.000366
-0.000309
-0.000258
-0.000219
-0.000197
-0.000191
-0.000202
-0.000225
-0.000254
-0.000285
-0.000311
-0.000325
-0.000325
-0.000305
-0.000267
-0.000213
-0.000148
-0.000080
-0.000018
0.000030
0.000060
0.000071
0.000063
0.000041
0.000007
-0.000034
-0.000081
-0.000132
-0.000185
-0.000240
-0.000292
-0.000340
-0.000380
-0.000411
-0.000432
-0.000443
-0.000445
-0.000441
-0.000432
-0.000421
-0.000410
-0.000402
-0.000399
-0.000402
-0.000412
-0.000429
-0.000452
-0.000480
-0.000510
-0.000539
-0.000564
-0.000583
-0.000596
-0.000603
-0.000608
-0.000613
-0.000620
-0.000631
-0.000645
-0.000660
-0.000672
-0.000678
-0.000676
-0.000665
-0.000648
-0.000627
-0.000606
-0.000589
-0.000579
-0.000578
-0.000586
-0.000603
-0.000628
-0.000657
-0.000688
-0.000717
-0.000739
-0.000752
-0.000758
-0.000758
-0.000757
-0.000757
-0.000762
-0.000772
-0.000785
-0.000798
-0.000808
-0.000811
-0.000806
-0.000792
-0.000769
-0.000738
-0.000702
-0.000664
-0.000627
-0.000597
-0.000579
-0.000574
-0.000582
-0.000603
-0.000630
-0.000661
-0.000692
-0.000720
-0.000747
-0.000772
-0.000798
-0.000823
-0.000847
-0.000867
-0.000880
-0.000884
-0.000879
-0.000865
-0.000844
-0.000818
-0.000789
-0.000756
-0.000722
-0.000687
-0.000651
-0.000614
-0.000576
-0.000536
-0.000494
-0.000447
-0.000397
-0.000344
-0.000292
-0.000244
-0.000206
-0.000181
-0.000173
-0.000186
-0.000218
-0.000268
-0.000329
-0.000394
-0.000457
-0.000510
-0.000549
-0.000574
-0.000585
-0.000585
-0.000580
-0.000573
-0.000565
-0.000556
-0.000546
-0.000535
-0.000520
-0.000501
-0.000479
-0.000451
-0.000416
-0.000370
-0.000311
-0.000237
-0.000146
-0.000043
0.000066
0.000173
0.000265
0.000335
0.000373
0.000378
0.000350
0.000297
0.000226
0.000146
0.000067
-0.000006
-0.000068
-0.000118
-0.000157
-0.000187
-0.000211
-0.000231
-0.000250
-0.000269
-0.000287
-0.000305
-0.000320
-0.000331
-0.000335
-0.000330
-0.000315
-0.000292
-0.000261
-0.000227
-0.000195
-0.000172
-0.000161
-0.000164
-0.000180
-0.000209
-0.000244
-0.000283
-0.000323
-0.000361
-0.000398
-0.000431
-0.000460
-0.000481
-0.000493
-0.000494
-0.000483
-0.000465
-0.000441
-0.000419
-0.000401
-0.000389
-0.000384
-0.000383
-0.000383
-0.000380
-0.000374
-0.000364
-0.000350
-0.000334
-0.000317
-0.000298
-0.000278
-0.000254
-0.000224
-0.000185
-0.000136
-0.000077
-0.000009
0.000065
0.000138
0.000207
0.000266
0.000311
0.000339
0.000351
0.000347
0.000330
0.000300
0.000261
0.000215
0.000165
0.000114
0.000066
0.000025
-0.000008
-0.000031
-0.000044
-0.000049
-0.000049
-0.000045
-0.000040
-0.000033
-0.000023
-0.000008
0.000014
0.000046
0.000087
0.000136
0.000190
0.000246
0.000296
0.000338
0.000366
0.000378
0.000375
0.000358
0.000332
0.000301
0.000267
0.000235
0.000203
0.000172
0.000142
0.000111
0.000081
0.000053
0.000030
0.000012
0.000001
-0.000005
-0.000008
-0.000012
-0.000020
-0.000034
-0.000053
-0.000078
-0.000106
-0.000133
-0.000156
-0.000173
-0.000180
-0.000177
-0.000163
-0.000141
-0.000114
-0.000084
-0.000054
-0.000026
-0.000001
0.000023
0.000045
0.000068
0.000090
0.000112
0.000133
0.000153
0.000174
0.000199
0.000230
0.000273
0.000327
0.000391
0.000462
0.000532
0.000594
0.000642
0.000672
0.000682
0.000673
0.000646
0.000605
0.000550
0.000485
0.000412
0.000335
0.000258
0.000185
0.000121
0.000069
0.000030
0.000008
0.000000
0.000007
0.000027
0.000055
0.000087
0.000117
0.000139
0.000150
0.000150
0.000139
0.000122
0.000103
0.000086
0.000075
0.000069
0.000070
0.000074
0.000081
0.000089
0.000098
0.000108
0.000118
0.000129
0.000140
0.000149
0.000155
0.000157
0.000154
0.000145
0.000133
0.000118
0.000103
0.000090
0.000078
0.000068
0.000059
0.000049
0.000039
0.000026
0.000014
0.000002
-0.000006
-0.000009
-0.000007
-0.000000
0.000011
0.000026
0.000043
0.000062
0.000081
0.000101
0.000120
0.000138
0.000152
0.000162
0.000168
0.000171
0.000171
0.000170
0.000170
0.000172
0.000176
0.000182
0.000189
0.000197
0.000204
0.000207
0.000206
0.000200
0.000190
0.000177
0.000163
0.000151
0.000142
0.000138
0.000138
0.000140
0.000144
0.000147
0.000151
0.000153
0.000155
0.000154
0.000150
0.000142
0.000128
0.000109
0.000086
0.000065
0.000050
0.000045
0.000054
0.000076
0.000107
0.000142
0.000172
0.000192
0.000197
0.000186
0.000161
0.000125
0.000085
0.000046
0.000010
-0.000018
-0.000036
-0.000044
-0.000041
-0.000031
-0.000015
0.000004
0.000021
0.000036
0.000046
0.000052
0.000056
0.000058
0.000061
0.000065
0.000069
0.000073
0.000078
0.000083
0.000087
0.000092
0.000097
0.000102
0.000108
0.000115
0.000126
0.000142
0.000164
0.000192
0.000226
0.000266
0.000311
0.000358
0.000405
0.000450
0.000491
0.000524
0.000547
0.000558
0.000557
0.000544
0.000521
0.000492
0.000459
0.000426
0.000394
0.000365
0.000341
0.000320
0.000305
0.000295
0.000292
0.000296
0.000310
0.000333
0.000365
0.000405
0.000452
0.000499
0.000544
0.000579
0.000599
0.000599
0.000572
0.000516
0.000427
0.000305
0.000152
-0.000025
-0.000215
-0.000406
-0.000580
-0.000722
-0.000821
-0.000872
-0.000877
-0.000845
-0.000791
-0.000729
-0.000672
-0.000626
-0.000596
-0.000579
-0.000573
-0.000574
-0.000579
-0.000585
-0.000593
-0.000602
-0.000614
-0.000627
-0.000643
-0.000658
-0.000672
-0.000684
-0.000692
-0.000695
-0.000693
-0.000689
-0.000684
-0.000682
-0.000686
-0.000700
-0.000725
-0.000761
-0.000804
-0.000851
-0.000900
-0.000947
-0.000991
-0.001032
-0.001071
-0.001110
-0.001150
-0.001192
-0.001233
-0.001274
-0.001312
-0.001346
-0.001377
-0.001404
-0.001428
-0.001451
-0.001474
-0.001498
-0.001521
-0.001540
-0.001548
-0.001536
-0.001491
-0.001398
-0.001241
-0.001009
-0.000696
-0.000306
0.000141
0.000610
0.001056
0.001426
0.001673
0.001768
