-0.000761
-0.000738
-0.000719
-0.000704
-0.000692
-0.000684
-0.000678
-0.000674
-0.000672
-0.000671
-0.000669
-0.000666
-0.000660
-0.000649
-0.000631
-0.000603
-0.000563
-0.000508
-0.000432
-0.000333
-0.000203
-0.000037
0.000172
0.000433
0.000756
0.001151
0.001629
0.002205
0.002893
0.003708
0.004668
0.005791
0.007095
0.008601
0.010327
0.012294
0.014521
0.017025
0.019824
0.022932
0.026360
0.030116
0.034204
0.038623
0.043367
0.048424
0.053777
0.059400
0.065264
0.071332
0.077559
0.083899
0.090296
0.096694
0.103030
0.109241
0.115264
0.121035
0.126490
0.131572
0.136226
0.140403
0.144059
0.147162
0.149685
0.151610
0.152930
0.153646
0.153769
0.153317
0.152318
0.150806
0.148822
0.146412
0.143624
0.140512
0.137129
0.133528
0.129764
0.125887
0.121945
0.117983
0.114042
0.110158
0.106361
0.102679
0.099133
0.095738
0.092507
0.089447
0.086563
0.083853
0.081317
0.078949
0.076742
0.074689
0.072778
0.071001
0.069347
0.067805
0.066365
0.065017
0.063752
0.062561
0.061435
0.060367
0.059351
0.058380
0.057450
0.056554
0.055691
0.054854
0.054043
0.053254
0.052484
0.051732
0.050996
0.050275
0.049567
0.048871
0.048187
0.047513
0.046850
0.046195
0.045549
0.044912
0.044282
0.043660
0.043046
0.042439
0.041839
0.041246
0.040661
0.040083
0.039512
0.038948
0.038392
0.037844
0.037303
0.036771
0.036246
0.035731
0.035223
0.034725
0.034235
0.033755
0.033283
0.032820
0.032367
0.031922
0.031486
0.031059
0.030641
0.030230
0.029828
0.029433
0.029046
0.028666
0.028292
0.027924
0.027562
0.027206
0.026854
0.026507
0.026165
0.025826
0.025491
0.025158
0.024829
0.024503
0.024180
0.023859
0.023540
0.023223
0.022909
0.022597
0.022288
0.021980
0.021675
0.021373
0.021073
0.020776
0.020481
0.020189
0.019900
0.019614
0.019331
0.019051
0.018775
0.018502
0.018232
0.017966
0.017703
0.017444
0.017188
0.016936
0.016687
0.016442
0.016201
0.015963
0.015729
0.015499
0.015271
0.015048
0.014828
0.014611
0.014398
0.014189
0.013982
0.013780
0.013581
0.013385
0.013192
0.013003
0.012818
0.012636
0.012457
0.012281
0.012109
0.011940
0.011774
0.011611
0.011451
0.011293
0.011138
0.010985
0.010834
0.010685
0.010537
0.010391
0.010247
0.010103
0.009960
0.009818
0.009676
0.009535
0.009394
0.009254
0.009113
0.008974
0.008834
0.008695
0.008557
0.008419
0.008283
0.008147
0.008012
0.007878
0.007746
0.007616
0.007487
0.007360
0.007235
0.007112
0.006991
0.006872
0.006756
0.006642
0.006530
0.006421
0.006315
0.006210
0.006109
0.006009
0.005912
0.005817
0.005724
0.005634
0.005545
0.005459
0.005374
0.005291
0.005209
0.005128
0.005049
0.004971
0.004894
0.004817
0.004741
0.004665
0.004590
0.004514
0.004439
0.004364
0.004289
0.004214
0.004139
0.004064
0.003989
0.003913
0.003838
0.003763
0.003689
0.003614
0.003540
0.003467
0.003394
0.003322
0.003250
0.003180
0.003110
0.003042
0.002974
0.002908
0.002843
0.002779
0.002717
0.002656
0.002596
0.002538
0.002482
0.002427
0.002373
0.002322
0.002272
0.002223
0.002177
0.002132
0.002089
0.002048
0.002008
0.001971
0.001935
0.001901
0.001869
0.001839
0.001810
0.001784
0.001759
0.001736
0.001714
0.001695
0.001677
0.001661
0.001646
0.001634
0.001622
0.001613
0.001605
0.001598
0.001592
0.001587
0.001584
0.001581
0.001578
0.001576
0.001574
0.001571
0.001568
0.001565
0.001560
0.001554
0.001546
0.001537
0.001526
0.001513
0.001497
0.001479
0.001459
0.001437
0.001412
0.001384
0.001355
0.001323
0.001290
0.001254
0.001217
0.001178
0.001139
0.001098
0.001056
0.001014
0.000971
0.000928
0.000885
0.000842
0.000799
0.000756
0.000714
0.000673
0.000632
0.000592
0.000553
0.000514
0.000477
0.000440
0.000405
0.000371
0.000339
0.000308
0.000278
0.000250
0.000223
0.000199
0.000175
0.000154
0.000134
0.000116
0.000099
0.000084
0.000070
0.000058
0.000046
0.000036
0.000026
0.000017
0.000008
-0.000000
-0.000009
-0.000018
-0.000028
-0.000038
-0.000049
-0.000061
-0.000074
-0.000089
-0.000104
-0.000121
-0.000139
-0.000159
-0.000180
-0.000202
-0.000225
-0.000249
-0.000274
-0.000300
-0.000327
-0.000354
-0.000382
-0.000410
-0.000438
-0.000466
-0.000494
-0.000522
-0.000550
-0.000578
-0.000605
-0.000632
-0.000659
-0.000685
-0.000711
-0.000736
-0.000761
-0.000785
-0.000809
-0.000832
-0.000855
-0.000877
-0.000899
-0.000920
-0.000940
-0.000960
-0.000980
-0.000998
-0.001017
-0.001035
-0.001052
-0.001069
-0.001085
-0.001101
-0.001116
-0.001131
-0.001145
-0.001159
-0.001172
-0.001185
-0.001197
-0.001209
-0.001220
-0.001231
-0.001241
-0.001251
-0.001260
-0.001269
-0.001277
-0.001285
-0.001293
-0.001300
-0.001306
-0.001312
-0.001318
-0.001323
-0.001328
-0.001333
-0.001337
-0.001341
-0.001345
-0.001349
-0.001352
-0.001356
-0.001359
-0.001363
-0.001366
-0.001370
-0.001374
-0.001378
-0.001382
-0.001386
-0.001391
-0.001396
-0.001401
-0.001406
-0.001412
-0.001418
-0.001424
-0.001430
-0.001437
-0.001443
-0.001450
-0.001457
-0.001463
-0.001469
-0.001476
-0.001482
-0.001487
-0.001493
-0.001498
-0.001503
-0.001507
-0.001511
-0.001515
-0.001518
-0.001520
-0.001523
-0.001524
-0.001526
-0.001527
-0.001528
-0.001529
-0.001530
-0.001530
-0.001531
-0.001531
-0.001532
-0.001533
-0.001533
-0.001534
-0.001536
-0.001537
-0.001539
-0.001540
-0.001542
-0.001544
-0.001546
-0.001548
-0.001549
-0.001551
-0.001552
-0.001553
-0.001554
-0.001554
-0.001554
-0.001553
-0.001551
-0.001549
-0.001547
-0.001544
-0.001541
-0.001537
-0.001533
-0.001528
-0.001523
-0.001518
-0.001513
-0.001508
-0.001503
-0.001497
-0.001492
-0.001488
-0.001483
-0.001479
-0.001475
-0.001472
-0.001469
-0.001466
-0.001464
-0.001462
-0.001461
-0.001461
-0.001460
-0.001460
-0.001461
-0.001461
-0.001462
-0.001463
-0.001465
-0.001466
-0.001468
-0.001470
-0.001472
-0.001474
-0.001476
-0.001478
-0.001480
-0.001482
-0.001483
-0.001485
-0.001487
-0.001488
-0.001490
-0.001491
-0.001492
-0.001492
-0.001493
-0.001493
-0.001493
-0.001492
-0.001491
-0.001490
-0.001488
-0.001485
-0.001482
-0.001479
-0.001475
-0.001470
-0.001466
-0.001460
-0.001454
-0.001448
-0.001442
-0.001435
-0.001428
-0.001421
-0.001414
-0.001407
-0.001400
-0.001393
-0.001387
-0.001380
-0.001374
-0.001369
-0.001363
-0.001358
-0.001354
-0.001350
-0.001346
-0.001343
-0.001340
-0.001338
-0.001336
-0.001334
-0.001332
-0.001330
-0.001329
-0.001328
-0.001326
-0.001325
-0.001323
-0.001322
-0.001320
-0.001319
-0.001317
-0.001315
-0.001313
-0.001311
-0.001309
-0.001306
-0.001304
-0.001302
-0.001300
-0.001297
-0.001295
-0.001293
-0.001291
-0.001289
-0.001287
-0.001285
-0.001283
-0.001281
-0.001279
-0.001277
-0.001276
-0.001274
-0.001272
-0.001270
-0.001269
-0.001267
-0.001265
-0.001263
-0.001261
-0.001259
-0.001257
-0.001255
-0.001253
-0.001251
-0.001249
-0.001247
-0.001246
-0.001244
-0.001242
-0.001240
-0.001239
-0.001237
-0.001236
-0.001235
-0.001233
-0.001232
-0.001231
-0.001229
-0.001228
-0.001227
-0.001225
-0.001224
-0.001222
-0.001220
-0.001219
-0.001217
-0.001214
-0.001212
-0.001210
-0.001207
-0.001204
-0.001201
-0.001198
-0.001195
-0.001192
-0.001189
-0.001186
-0.001182
-0.001179
-0.001175
-0.001172
-0.001168
-0.001165
-0.001161
-0.001158
-0.001154
-0.001150
-0.001146
-0.001142
-0.001138
-0.001134
-0.001129
-0.001125
-0.001120
-0.001115
-0.001110
-0.001104
-0.001099
-0.001093
-0.001088
-0.001082
-0.001076
-0.001070
-0.001064
-0.001058
-0.001052
-0.001045
-0.001039
-0.001033
-0.001026
-0.001019
-0.001012
-0.001005
-0.000998
-0.000990
-0.000982
-0.000974
-0.000965
-0.000957
-0.000947
-0.000938
-0.000928
-0.000919
-0.000909
-0.000898
-0.000888
-0.000878
-0.000868
-0.000858
-0.000849
-0.000839
-0.000831
-0.000823
-0.000815
-0.000808
-0.000802
-0.000797
-0.000793
-0.000790
-0.000787
-0.000785
-0.000784
-0.000784
-0.000785
-0.000787
-0.000789
-0.000791
-0.000794
-0.000798
-0.000802
-0.000806
-0.000810
-0.000814
-0.000819
-0.000823
-0.000827
-0.000831
-0.000835
-0.000838
-0.000842
-0.000845
-0.000847
-0.000849
-0.000851
-0.000852
-0.000853
-0.000854
-0.000854
-0.000853
-0.000852
-0.000850
-0.000848
-0.000845
-0.000842
-0.000838
-0.000833
-0.000827
-0.000820
-0.000812
-0.000803
-0.000794
-0.000783
-0.000770
-0.000757
-0.000742
-0.000727
-0.000709
-0.000691
-0.000671
-0.000650
-0.000628
-0.000605
-0.000581
-0.000557
-0.000532
-0.000507
-0.000481
-0.000456
-0.000431
-0.000407
-0.000384
-0.000362
-0.000341
-0.000323
-0.000306
-0.000292
-0.000280
-0.000271
-0.000264
-0.000260
-0.000259
-0.000260
-0.000264
-0.000271
-0.000279
-0.000290
-0.000303
-0.000318
-0.000334
-0.000351
-0.000369
-0.000388
-0.000407
-0.000426
-0.000445
-0.000464
-0.000481
-0.000498
-0.000514
-0.000529
-0.000542
-0.000555
-0.000566
-0.000575
-0.000583
-0.000590
-0.000595
-0.000600
-0.000603
-0.000604
-0.000605
-0.000605
-0.000604
-0.000602
-0.000600
-0.000597
-0.000594
-0.000590
-0.000586
-0.000582
-0.000578
-0.000574
-0.000570
-0.000567
-0.000564
-0.000561
-0.000559
-0.000558
-0.000557
-0.000556
-0.000556
-0.000557
-0.000559
-0.000560
-0.000563
-0.000566
-0.000569
-0.000572
-0.000576
-0.000579
-0.000583
-0.000587
-0.000590
-0.000593
-0.000596
-0.000599
-0.000601
-0.000603
-0.000604
-0.000605
-0.000606
-0.000606
-0.000606
-0.000606
-0.000606
-0.000606
-0.000606
-0.000606
-0.000607
-0.000609
-0.000611
-0.000615
-0.000619
-0.000625
-0.000633
-0.000642
-0.000652
-0.000665
-0.000680
-0.000697
-0.000716
-0.000737
-0.000760
-0.000785
-0.000813
-0.000842
-0.000874
-0.000907
-0.000941
-0.000977
-0.001014
-0.001053
-0.001091
-0.001131
-0.001171
-0.001211
-0.001251
-0.001290
-0.001329
-0.001367
-0.001405
-0.001441
-0.001477
-0.001511
-0.001544
-0.001575
-0.001605
-0.001633
-0.001660
-0.001686
-0.001709
-0.001731
-0.001751
-0.001770
-0.001787
-0.001802
-0.001815
-0.001827
-0.001837
-0.001845
-0.001852
-0.001857
-0.001861
-0.001863
-0.001863
-0.001862
-0.001859
-0.001855
-0.001849
-0.001842
-0.001834
-0.001824
-0.001812
-0.001800
-0.001785
-0.001769
-0.001752
-0.001732
-0.001711
-0.001688
-0.001662
-0.001635
-0.001605
-0.001573
-0.001539
-0.001503
-0.001464
-0.001424
-0.001382
-0.001338
-0.001292
-0.001246
-0.001199
-0.001152
-0.001105
-0.001058
-0.001013
-0.000969
-0.000927
-0.000888
-0.000851
-0.000818
-0.000788
