-0.000612
-0.000589
-0.000570
-0.000555
-0.000544
-0.000536
-0.000532
-0.000529
-0.000529
-0.000529
-0.000530
-0.000529
-0.000527
-0.000520
-0.000508
-0.000489
-0.000459
-0.000417
-0.000358
-0.000279
-0.000176
-0.000043
0.000125
0.000336
0.000597
0.000916
0.001304
0.001770
0.002327
0.002988
0.003765
0.004674
0.005729
0.006946
0.008340
0.009927
0.011723
0.013741
0.015993
0.018492
0.021246
0.024261
0.027539
0.031080
0.034878
0.038924
0.043202
0.047693
0.052374
0.057213
0.062178
0.067228
0.072323
0.077416
0.082459
0.087403
0.092198
0.096793
0.101140
0.105193
0.108911
0.112254
0.115191
0.117696
0.119747
0.121332
0.122445
0.123087
0.123266
0.122997
0.122301
0.121204
0.119737
0.117936
0.115838
0.113482
0.110911
0.108164
0.105282
0.102304
0.099268
0.096206
0.093151
0.090129
0.087164
0.084278
0.081486
0.078802
0.076234
0.073789
0.071471
0.069281
0.067217
0.065277
0.063455
0.061747
0.060145
0.058643
0.057233
0.055909
0.054661
0.053484
0.052371
0.051316
0.050312
0.049355
0.048439
0.047561
0.046717
0.045904
0.045119
0.044359
0.043623
0.042909
0.042216
0.041542
0.040887
0.040249
0.039627
0.039021
0.038430
0.037854
0.037292
0.036743
0.036206
0.035682
0.035168
0.034665
0.034172
0.033689
0.033214
0.032747
0.032288
0.031835
0.031389
0.030949
0.030515
0.030085
0.029661
0.029241
0.028826
0.028415
0.028007
0.027604
0.027205
0.026809
0.026418
0.026030
0.025647
0.025267
0.024891
0.024520
0.024152
0.023789
0.023429
0.023074
0.022723
0.022376
0.022033
0.021695
0.021360
0.021030
0.020704
0.020382
0.020065
0.019751
0.019442
0.019137
0.018836
0.018539
0.018247
0.017960
0.017677
0.017399
0.017126
0.016857
0.016594
0.016336
0.016083
0.015835
0.015593
0.015357
0.015126
0.014901
0.014682
0.014468
0.014260
0.014058
0.013862
0.013671
0.013485
0.013305
0.013129
0.012959
0.012793
0.012631
0.012473
0.012320
0.012169
0.012022
0.011878
0.011737
0.011598
0.011461
0.011326
0.011193
0.011062
0.010932
0.010803
0.010676
0.010549
0.010424
0.010300
0.010176
0.010054
0.009932
0.009810
0.009690
0.009570
0.009451
0.009332
0.009214
0.009096
0.008978
0.008862
0.008745
0.008629
0.008513
0.008398
0.008283
0.008168
0.008054
0.007940
0.007827
0.007715
0.007603
0.007492
0.007382
0.007273
0.007165
0.007058
0.006951
0.006847
0.006743
0.006640
0.006539
0.006438
0.006339
0.006241
0.006144
0.006048
0.005953
0.005859
0.005765
0.005672
0.005580
0.005488
0.005396
0.005305
0.005215
0.005125
0.005035
0.004946
0.004856
0.004768
0.004680
0.004592
0.004505
0.004418
0.004332
0.004247
0.004163
0.004079
0.003997
0.003916
0.003836
0.003757
0.003679
0.003603
0.003528
0.003455
0.003384
0.003313
0.003245
0.003178
0.003113
0.003049
0.002987
0.002926
0.002867
0.002809
0.002753
0.002698
0.002645
0.002593
0.002542
0.002492
0.002443
0.002396
0.002349
0.002303
0.002258
0.002214
0.002170
0.002127
0.002084
0.002041
0.001999
0.001957
0.001914
0.001872
0.001830
0.001787
0.001744
0.001701
0.001657
0.001613
0.001568
0.001523
0.001477
0.001431
0.001385
0.001338
0.001291
0.001243
0.001196
0.001148
0.001100
0.001052
0.001005
0.000957
0.000910
0.000863
0.000817
0.000771
0.000726
0.000681
0.000637
0.000594
0.000551
0.000510
0.000469
0.000428
0.000389
0.000351
0.000313
0.000276
0.000240
0.000205
0.000170
0.000136
0.000103
0.000070
0.000038
0.000007
-0.000024
-0.000055
-0.000085
-0.000116
-0.000146
-0.000176
-0.000206
-0.000235
-0.000265
-0.000295
-0.000326
-0.000356
-0.000386
-0.000417
-0.000448
-0.000478
-0.000509
-0.000540
-0.000571
-0.000601
-0.000632
-0.000662
-0.000691
-0.000721
-0.000749
-0.000777
-0.000804
-0.000830
-0.000856
-0.000880
-0.000903
-0.000926
-0.000947
-0.000967
-0.000987
-0.001005
-0.001022
-0.001039
-0.001054
-0.001069
-0.001084
-0.001098
-0.001112
-0.001125
-0.001138
-0.001151
-0.001165
-0.001178
-0.001192
-0.001206
-0.001221
-0.001236
-0.001251
-0.001267
-0.001283
-0.001300
-0.001317
-0.001334
-0.001351
-0.001368
-0.001386
-0.001403
-0.001419
-0.001436
-0.001451
-0.001467
-0.001481
-0.001495
-0.001507
-0.001519
-0.001530
-0.001540
-0.001549
-0.001556
-0.001563
-0.001570
-0.001575
-0.001580
-0.001584
-0.001587
-0.001591
-0.001594
-0.001597
-0.001599
-0.001602
-0.001605
-0.001609
-0.001612
-0.001617
-0.001621
-0.001626
-0.001632
-0.001638
-0.001645
-0.001652
-0.001660
-0.001669
-0.001678
-0.001688
-0.001698
-0.001709
-0.001720
-0.001732
-0.001744
-0.001756
-0.001769
-0.001782
-0.001795
-0.001808
-0.001821
-0.001835
-0.001848
-0.001862
-0.001875
-0.001888
-0.001901
-0.001914
-0.001927
-0.001939
-0.001951
-0.001963
-0.001974
-0.001986
-0.001996
-0.002007
-0.002017
-0.002027
-0.002037
-0.002047
-0.002056
-0.002065
-0.002074
-0.002083
-0.002091
-0.002100
-0.002108
-0.002116
-0.002124
-0.002132
-0.002140
-0.002147
-0.002155
-0.002162
-0.002170
-0.002177
-0.002184
-0.002191
-0.002198
-0.002205
-0.002211
-0.002218
-0.002224
-0.002231
-0.002237
-0.002243
-0.002249
-0.002255
-0.002261
-0.002266
-0.002272
-0.002278
-0.002283
-0.002288
-0.002294
-0.002299
-0.002304
-0.002308
-0.002313
-0.002318
-0.002322
-0.002326
-0.002330
-0.002334
-0.002337
-0.002340
-0.002343
-0.002346
-0.002348
-0.002350
-0.002352
-0.002354
-0.002355
-0.002356
-0.002356
-0.002356
-0.002356
-0.002355
-0.002353
-0.002351
-0.002349
-0.002346
-0.002342
-0.002337
-0.002331
-0.002324
-0.002315
-0.002306
-0.002294
-0.002281
-0.002266
-0.002248
-0.002228
-0.002205
-0.002179
-0.002150
-0.002116
-0.002079
-0.002037
-0.001990
-0.001938
-0.001881
-0.001819
-0.001750
-0.001676
-0.001596
-0.001510
-0.001418
-0.001320
-0.001217
-0.001109
-0.000996
-0.000880
-0.000760
-0.000637
-0.000513
-0.000387
-0.000262
-0.000138
-0.000017
0.000102
0.000217
0.000327
0.000431
0.000528
0.000618
0.000700
0.000773
0.000837
0.000893
0.000939
0.000975
0.001002
0.001020
0.001030
0.001031
0.001024
0.001009
0.000987
0.000959
0.000925
0.000886
0.000843
0.000795
0.000744
0.000689
0.000633
0.000574
0.000514
0.000453
0.000392
0.000330
0.000268
0.000207
0.000146
0.000086
0.000027
-0.000031
-0.000087
-0.000141
-0.000194
-0.000245
-0.000293
-0.000340
-0.000385
-0.000428
-0.000468
-0.000506
-0.000542
-0.000576
-0.000608
-0.000637
-0.000664
-0.000689
-0.000711
-0.000732
-0.000750
-0.000767
-0.000781
-0.000794
-0.000805
-0.000814
-0.000821
-0.000827
-0.000832
-0.000835
-0.000837
-0.000838
-0.000838
-0.000837
-0.000836
-0.000834
-0.000831
-0.000828
-0.000824
-0.000821
-0.000816
-0.000812
-0.000807
-0.000802
-0.000798
-0.000792
-0.000787
-0.000782
-0.000777
-0.000771
-0.000766
-0.000761
-0.000756
-0.000751
-0.000747
-0.000742
-0.000739
-0.000735
-0.000733
-0.000731
-0.000730
-0.000729
-0.000730
-0.000732
-0.000734
-0.000737
-0.000741
-0.000747
-0.000752
-0.000759
-0.000766
-0.000774
-0.000782
-0.000790
-0.000798
-0.000806
-0.000814
-0.000822
-0.000829
-0.000836
-0.000842
-0.000847
-0.000852
-0.000856
-0.000859
-0.000861
-0.000863
-0.000863
-0.000864
-0.000863
-0.000863
-0.000862
-0.000860
-0.000858
-0.000857
-0.000855
-0.000853
-0.000851
-0.000850
-0.000849
-0.000848
-0.000848
-0.000848
-0.000849
-0.000850
-0.000852
-0.000855
-0.000858
-0.000862
-0.000866
-0.000871
-0.000877
-0.000883
-0.000890
-0.000897
-0.000905
-0.000912
-0.000921
-0.000929
-0.000937
-0.000946
-0.000954
-0.000962
-0.000970
-0.000978
-0.000985
-0.000992
-0.000998
-0.001004
-0.001009
-0.001014
-0.001018
-0.001022
-0.001025
-0.001027
-0.001029
-0.001030
-0.001031
-0.001032
-0.001032
-0.001032
-0.001032
-0.001031
-0.001030
-0.001030
-0.001029
-0.001028
-0.001027
-0.001026
-0.001026
-0.001025
-0.001025
-0.001024
-0.001024
-0.001023
-0.001023
-0.001023
-0.001022
-0.001021
-0.001021
-0.001019
-0.001018
-0.001017
-0.001015
-0.001012
-0.001010
-0.001007
-0.001004
-0.001000
-0.000996
-0.000992
-0.000988
-0.000983
-0.000978
-0.000974
-0.000969
-0.000965
-0.000961
-0.000957
-0.000954
-0.000951
-0.000949
-0.000947
-0.000946
-0.000945
-0.000945
-0.000946
-0.000948
-0.000950
-0.000952
-0.000955
-0.000959
-0.000963
-0.000967
-0.000971
-0.000976
-0.000981
-0.000985
-0.000990
-0.000994
-0.000999
-0.001003
-0.001006
-0.001009
-0.001012
-0.001015
-0.001016
-0.001018
-0.001019
-0.001019
-0.001019
-0.001018
-0.001016
-0.001014
-0.001011
-0.001007
-0.001003
-0.000998
-0.000992
-0.000985
-0.000978
-0.000970
-0.000960
-0.000950
-0.000940
-0.000928
-0.000915
-0.000902
-0.000888
-0.000873
-0.000857
-0.000841
-0.000824
-0.000807
-0.000789
-0.000771
-0.000753
-0.000734
-0.000715
-0.000696
-0.000677
-0.000659
-0.000640
-0.000622
-0.000605
-0.000587
-0.000571
-0.000555
-0.000540
-0.000526
-0.000513
-0.000501
-0.000490
-0.000480
-0.000471
-0.000464
-0.000457
-0.000452
-0.000448
-0.000445
-0.000442
-0.000441
-0.000440
-0.000439
-0.000438
-0.000438
-0.000437
-0.000435
-0.000433
-0.000430
-0.000425
-0.000419
-0.000412
-0.000402
-0.000391
-0.000377
-0.000361
-0.000344
-0.000324
-0.000303
-0.000280
-0.000255
-0.000230
-0.000203
-0.000176
-0.000148
-0.000121
-0.000095
-0.000069
-0.000045
-0.000023
-0.000002
0.000015
0.000030
0.000042
0.000051
0.000057
0.000059
0.000058
0.000054
0.000046
0.000035
0.000021
0.000004
-0.000015
-0.000037
-0.000061
-0.000087
-0.000115
-0.000144
-0.000174
-0.000205
-0.000237
-0.000270
-0.000303
-0.000337
-0.000371
-0.000405
-0.000439
-0.000474
-0.000508
-0.000543
-0.000578
-0.000612
-0.000647
-0.000682
-0.000716
-0.000751
-0.000785
-0.000819
-0.000853
-0.000886
-0.000919
-0.000952
-0.000983
-0.001014
-0.001045
-0.001074
-0.001102
-0.001130
-0.001156
-0.001181
-0.001206
-0.001229
-0.001251
-0.001271
-0.001291
-0.001310
-0.001328
-0.001345
-0.001361
-0.001377
-0.001392
-0.001406
-0.001420
-0.001433
-0.001447
-0.001459
-0.001472
-0.001485
-0.001497
-0.001509
-0.001521
-0.001533
-0.001544
-0.001555
-0.001566
-0.001576
-0.001585
-0.001594
-0.001601
-0.001607
-0.001612
-0.001614
-0.001615
-0.001614
-0.001610
-0.001603
-0.001593
-0.001580
-0.001564
-0.001545
-0.001522
-0.001495
-0.001465
-0.001432
-0.001395
-0.001356
-0.001313
-0.001269
-0.001221
-0.001173
-0.001123
-0.001072
-0.001021
-0.000971
-0.000921
-0.000873
-0.000827
-0.000783
-0.000742
-0.000704
-0.000669
-0.000639
