-0.000781
-0.000751
-0.000726
-0.000707
-0.000693
-0.000684
-0.000680
-0.000678
-0.000680
-0.000683
-0.000686
-0.000688
-0.000688
-0.000683
-0.000670
-0.000648
-0.000612
-0.000559
-0.000485
-0.000385
-0.000252
-0.000079
0.000141
0.000417
0.000760
0.001182
0.001695
0.002314
0.003055
0.003935
0.004973
0.006189
0.007603
0.009237
0.011113
0.013252
0.015675
0.018403
0.021454
0.024844
0.028587
0.032690
0.037161
0.041997
0.047194
0.052739
0.058614
0.064793
0.071244
0.077927
0.084797
0.091800
0.098879
0.105973
0.113013
0.119933
0.126662
0.133130
0.139269
0.145015
0.150308
0.155092
0.159322
0.162957
0.165967
0.168332
0.170041
0.171092
0.171496
0.171269
0.170440
0.169043
0.167119
0.164716
0.161887
0.158684
0.155167
0.151391
0.147414
0.143289
0.139071
0.134806
0.130540
0.126312
0.122158
0.118106
0.114182
0.110404
0.106788
0.103343
0.100076
0.096988
0.094080
0.091347
0.088784
0.086384
0.084137
0.082035
0.080066
0.078222
0.076491
0.074864
0.073331
0.071884
0.070512
0.069210
0.067970
0.066785
0.065651
0.064561
0.063512
0.062499
0.061520
0.060571
0.059649
0.058753
0.057880
0.057029
0.056197
0.055384
0.054588
0.053808
0.053042
0.052291
0.051553
0.050827
0.050112
0.049408
0.048714
0.048030
0.047355
0.046689
0.046031
0.045381
0.044740
0.044106
0.043479
0.042861
0.042249
0.041646
0.041049
0.040460
0.039879
0.039305
0.038739
0.038180
0.037629
0.037086
0.036550
0.036022
0.035502
0.034990
0.034485
0.033988
0.033499
0.033018
0.032544
0.032078
0.031620
0.031169
0.030726
0.030290
0.029861
0.029440
0.029026
0.028620
0.028220
0.027827
0.027440
0.027060
0.026686
0.026318
0.025956
0.025599
0.025248
0.024901
0.024559
0.024221
0.023887
0.023557
0.023231
0.022909
0.022589
0.022273
0.021961
0.021651
0.021344
0.021040
0.020740
0.020442
0.020148
0.019857
0.019569
0.019284
0.019003
0.018726
0.018452
0.018181
0.017914
0.017651
0.017391
0.017135
0.016883
0.016633
0.016388
0.016145
0.015906
0.015670
0.015437
0.015208
0.014981
0.014757
0.014537
0.014319
0.014105
0.013894
0.013686
0.013481
0.013280
0.013083
0.012889
0.012699
0.012514
0.012332
0.012155
0.011983
0.011815
0.011652
0.011494
0.011342
0.011194
0.011052
0.010915
0.010784
0.010658
0.010538
0.010423
0.010313
0.010208
0.010108
0.010013
0.009922
0.009836
0.009753
0.009674
0.009598
0.009524
0.009452
0.009382
0.009313
0.009244
0.009175
0.009105
0.009034
0.008961
0.008886
0.008808
0.008728
0.008643
0.008555
0.008464
0.008368
0.008269
0.008165
0.008058
0.007947
0.007832
0.007715
0.007594
0.007471
0.007346
0.007219
0.007091
0.006961
0.006832
0.006702
0.006572
0.006443
0.006314
0.006187
0.006061
0.005937
0.005814
0.005694
0.005576
0.005459
0.005345
0.005233
0.005123
0.005016
0.004910
0.004807
0.004705
0.004606
0.004508
0.004412
0.004317
0.004224
0.004133
0.004042
0.003954
0.003866
0.003780
0.003694
0.003610
0.003528
0.003446
0.003365
0.003286
0.003207
0.003130
0.003054
0.002979
0.002906
0.002833
0.002762
0.002691
0.002622
0.002554
0.002487
0.002421
0.002356
0.002292
0.002228
0.002166
0.002104
0.002043
0.001983
0.001924
0.001865
0.001807
0.001750
0.001693
0.001638
0.001583
0.001529
0.001476
0.001424
0.001373
0.001323
0.001274
0.001226
0.001179
0.001134
0.001090
0.001047
0.001005
0.000964
0.000925
0.000886
0.000849
0.000813
0.000778
0.000743
0.000710
0.000677
0.000645
0.000613
0.000582
0.000551
0.000520
0.000490
0.000460
0.000430
0.000400
0.000370
0.000339
0.000309
0.000278
0.000248
0.000217
0.000186
0.000154
0.000123
0.000091
0.000059
0.000027
-0.000005
-0.000037
-0.000069
-0.000100
-0.000132
-0.000163
-0.000194
-0.000225
-0.000255
-0.000285
-0.000314
-0.000343
-0.000370
-0.000397
-0.000424
-0.000449
-0.000473
-0.000497
-0.000519
-0.000541
-0.000561
-0.000580
-0.000598
-0.000614
-0.000629
-0.000643
-0.000656
-0.000668
-0.000678
-0.000687
-0.000694
-0.000701
-0.000706
-0.000711
-0.000714
-0.000717
-0.000719
-0.000721
-0.000722
-0.000723
-0.000724
-0.000725
-0.000727
-0.000729
-0.000731
-0.000734
-0.000739
-0.000744
-0.000750
-0.000757
-0.000766
-0.000775
-0.000786
-0.000798
-0.000811
-0.000826
-0.000840
-0.000856
-0.000872
-0.000889
-0.000906
-0.000923
-0.000941
-0.000958
-0.000975
-0.000991
-0.001007
-0.001022
-0.001037
-0.001051
-0.001064
-0.001077
-0.001088
-0.001099
-0.001110
-0.001120
-0.001129
-0.001138
-0.001147
-0.001155
-0.001164
-0.001172
-0.001181
-0.001189
-0.001198
-0.001207
-0.001216
-0.001226
-0.001236
-0.001246
-0.001257
-0.001268
-0.001279
-0.001290
-0.001302
-0.001313
-0.001325
-0.001337
-0.001348
-0.001360
-0.001371
-0.001383
-0.001394
-0.001404
-0.001415
-0.001425
-0.001435
-0.001444
-0.001453
-0.001462
-0.001470
-0.001478
-0.001485
-0.001492
-0.001499
-0.001505
-0.001510
-0.001515
-0.001520
-0.001524
-0.001527
-0.001530
-0.001532
-0.001534
-0.001535
-0.001535
-0.001535
-0.001534
-0.001532
-0.001530
-0.001527
-0.001524
-0.001520
-0.001516
-0.001511
-0.001506
-0.001500
-0.001495
-0.001489
-0.001484
-0.001478
-0.001473
-0.001467
-0.001463
-0.001458
-0.001455
-0.001452
-0.001449
-0.001448
-0.001447
-0.001447
-0.001448
-0.001449
-0.001452
-0.001455
-0.001459
-0.001463
-0.001468
-0.001473
-0.001479
-0.001484
-0.001490
-0.001496
-0.001501
-0.001506
-0.001511
-0.001514
-0.001518
-0.001520
-0.001522
-0.001522
-0.001522
-0.001521
-0.001519
-0.001516
-0.001512
-0.001508
-0.001503
-0.001497
-0.001491
-0.001485
-0.001478
-0.001472
-0.001465
-0.001458
-0.001452
-0.001446
-0.001441
-0.001436
-0.001432
-0.001428
-0.001426
-0.001423
-0.001422
-0.001421
-0.001422
-0.001422
-0.001424
-0.001426
-0.001428
-0.001431
-0.001435
-0.001438
-0.001442
-0.001446
-0.001450
-0.001454
-0.001458
-0.001462
-0.001465
-0.001468
-0.001471
-0.001473
-0.001475
-0.001475
-0.001476
-0.001476
-0.001475
-0.001473
-0.001471
-0.001469
-0.001465
-0.001462
-0.001458
-0.001453
-0.001448
-0.001443
-0.001437
-0.001431
-0.001425
-0.001419
-0.001412
-0.001405
-0.001398
-0.001391
-0.001384
-0.001376
-0.001368
-0.001360
-0.001351
-0.001342
-0.001332
-0.001321
-0.001310
-0.001298
-0.001286
-0.001272
-0.001258
-0.001243
-0.001226
-0.001209
-0.001191
-0.001172
-0.001153
-0.001133
-0.001112
-0.001090
-0.001069
-0.001047
-0.001026
-0.001005
-0.000984
-0.000964
-0.000944
-0.000926
-0.000909
-0.000893
-0.000878
-0.000866
-0.000854
-0.000845
-0.000837
-0.000831
-0.000827
-0.000825
-0.000824
-0.000824
-0.000826
-0.000830
-0.000834
-0.000840
-0.000847
-0.000854
-0.000862
-0.000870
-0.000879
-0.000888
-0.000897
-0.000906
-0.000915
-0.000924
-0.000933
-0.000941
-0.000949
-0.000956
-0.000962
-0.000968
-0.000974
-0.000978
-0.000982
-0.000985
-0.000988
-0.000989
-0.000990
-0.000989
-0.000988
-0.000986
-0.000983
-0.000979
-0.000975
-0.000969
-0.000962
-0.000955
-0.000947
-0.000938
-0.000929
-0.000919
-0.000908
-0.000897
-0.000885
-0.000873
-0.000861
-0.000849
-0.000837
-0.000824
-0.000812
-0.000799
-0.000787
-0.000774
-0.000762
-0.000750
-0.000737
-0.000725
-0.000713
-0.000700
-0.000687
-0.000674
-0.000661
-0.000647
-0.000633
-0.000618
-0.000603
-0.000588
-0.000572
-0.000556
-0.000539
-0.000522
-0.000505
-0.000489
-0.000472
-0.000455
-0.000439
-0.000423
-0.000408
-0.000394
-0.000381
-0.000368
-0.000357
-0.000347
-0.000338
-0.000330
-0.000324
-0.000319
-0.000315
-0.000312
-0.000310
-0.000310
-0.000310
-0.000311
-0.000312
-0.000315
-0.000317
-0.000320
-0.000324
-0.000327
-0.000331
-0.000335
-0.000338
-0.000341
-0.000345
-0.000347
-0.000350
-0.000352
-0.000353
-0.000354
-0.000355
-0.000355
-0.000354
-0.000352
-0.000349
-0.000346
-0.000342
-0.000337
-0.000331
-0.000323
-0.000315
-0.000307
-0.000297
-0.000286
-0.000274
-0.000262
-0.000249
-0.000236
-0.000222
-0.000208
-0.000193
-0.000179
-0.000165
-0.000151
-0.000138
-0.000125
-0.000114
-0.000103
-0.000093
-0.000084
-0.000077
-0.000071
-0.000066
-0.000063
-0.000061
-0.000060
-0.000061
-0.000063
-0.000066
-0.000070
-0.000075
-0.000081
-0.000088
-0.000095
-0.000103
-0.000112
-0.000121
-0.000130
-0.000139
-0.000148
-0.000157
-0.000166
-0.000175
-0.000184
-0.000192
-0.000200
-0.000208
-0.000215
-0.000222
-0.000229
-0.000234
-0.000240
-0.000244
-0.000248
-0.000251
-0.000254
-0.000255
-0.000256
-0.000255
-0.000254
-0.000251
-0.000248
-0.000243
-0.000237
-0.000230
-0.000221
-0.000212
-0.000202
-0.000190
-0.000178
-0.000165
-0.000151
-0.000137
-0.000122
-0.000107
-0.000092
-0.000077
-0.000063
-0.000048
-0.000035
-0.000022
-0.000010
0.000002
0.000011
0.000020
0.000028
0.000034
0.000038
0.000042
0.000043
0.000043
0.000042
0.000040
0.000036
0.000030
0.000024
0.000017
0.000008
-0.000001
-0.000012
-0.000022
-0.000034
-0.000046
-0.000058
-0.000070
-0.000083
-0.000095
-0.000108
-0.000120
-0.000132
-0.000144
-0.000155
-0.000166
-0.000177
-0.000187
-0.000197
-0.000206
-0.000214
-0.000223
-0.000230
-0.000238
-0.000245
-0.000251
-0.000258
-0.000264
-0.000270
-0.000275
-0.000281
-0.000286
-0.000291
-0.000296
-0.000301
-0.000306
-0.000311
-0.000315
-0.000320
-0.000325
-0.000330
-0.000334
-0.000339
-0.000343
-0.000347
-0.000352
-0.000356
-0.000360
-0.000364
-0.000368
-0.000373
-0.000377
-0.000381
-0.000386
-0.000391
-0.000396
-0.000402
-0.000408
-0.000416
-0.000424
-0.000433
-0.000443
-0.000455
-0.000468
-0.000482
-0.000499
-0.000517
-0.000536
-0.000558
-0.000581
-0.000606
-0.000633
-0.000662
-0.000692
-0.000724
-0.000758
-0.000792
-0.000828
-0.000864
-0.000901
-0.000939
-0.000977
-0.001014
-0.001052
-0.001089
-0.001125
-0.001161
-0.001195
-0.001229
-0.001261
-0.001292
-0.001322
-0.001351
-0.001378
-0.001405
-0.001430
-0.001454
-0.001478
-0.001501
-0.001523
-0.001545
-0.001567
-0.001588
-0.001610
-0.001632
-0.001654
-0.001676
-0.001699
-0.001722
-0.001746
-0.001770
-0.001794
-0.001818
-0.001843
-0.001867
-0.001892
-0.001916
-0.001939
-0.001961
-0.001983
-0.002002
-0.002020
-0.002036
-0.002050
-0.002060
-0.002068
-0.002072
-0.002073
-0.002069
-0.002061
-0.002049
-0.002031
-0.002009
-0.001982
-0.001950
-0.001912
-0.001870
-0.001824
-0.001772
-0.001717
-0.001658
-0.001596
-0.001532
-0.001466
-0.001398
-0.001330
-0.001263
-0.001196
-0.001131
-0.001069
-0.001010
-0.000955
-0.000904
-0.000857
-0.000816
