-0.364458
0.063374
-0.098108
0.011743
0.036167
-0.013318
-0.046704
0.013938
0.023653
-0.064761
0.074312
-0.068978
-0.007203
0.025010
-0.007723
-0.022136
-0.001364
-0.008618
-0.000291
-0.001118
-0.034383
0.033108
-0.024157
-0.028127
0.038604
-0.044629
0.014225
-0.019647
0.006706
-0.020015
0.015176
-0.031474
0.012448
-0.010526
-0.014155
0.004574
-0.022720
0.011269
-0.014500
-0.006398
-0.004517
-0.009447
0.000705
-0.007613
-0.024883
0.018209
-0.023946
0.009555
-0.013174
-0.011843
0.002939
-0.020209
-0.004261
0.014786
-0.047047
0.006729
0.092682
-0.162351
-0.055953
0.344974
-0.001273
-1.266600
2.160292
2.092864
1.028808
0.223075
0.031891
0.352987
0.171026
-0.041302
0.099788
0.166933
0.183108
0.227464
0.135266
0.033152
0.176021
0.224318
0.108240
0.074628
0.139833
0.094304
0.133254
0.086759
0.154803
0.070114
0.086871
0.159143
0.078672
0.040459
0.141497
0.124134
0.090681
0.051451
0.080069
0.107564
0.128648
0.049196
0.088713
0.061524
0.115544
0.077259
0.054496
0.073963
0.104823
0.066663
0.060055
0.086651
0.047799
0.069999
0.068319
0.087815
0.060940
0.056985
0.061807
0.075625
0.051859
0.077316
0.041578
0.070322
0.052660
0.061597
0.065232
0.040668
0.073667
0.048287
0.058063
0.053951
0.062799
0.034507
0.064173
0.048981
0.037065
0.072075
0.024894
0.066686
0.029318
0.050597
0.056948
0.044916
0.030534
0.050232
0.045496
0.053756
0.017975
0.048263
0.052148
0.032796
0.047194
0.037826
0.033957
0.050202
0.028029
0.038073
0.035700
0.037480
0.030358
0.041385
0.026135
0.056518
0.016958
0.021340
0.052647
0.034998
0.006603
0.048714
0.034377
0.026865
0.030174
0.012033
0.061885
0.014285
0.017642
0.023062
0.044682
0.030206
-0.000837
0.029548
0.033954
0.033044
0.007769
0.012183
0.038764
0.017050
0.034481
-0.000692
0.045454
0.018829
0.011798
0.011906
0.029720
0.031770
0.011436
0.000157
0.043426
0.013342
0.015321
0.008202
0.024773
0.029142
-0.004172
0.018319
0.028137
0.015359
0.013478
0.016242
0.007436
0.027387
0.009714
0.021940
0.000012
0.036949
-0.001428
0.020607
0.003735
0.022030
0.013045
0.009555
0.011356
0.030799
-0.001257
0.002979
0.019813
0.028900
-0.002739
0.002241
0.031040
0.022062
-0.005528
-0.006828
0.037054
-0.000918
0.015129
0.006362
0.017457
0.013062
0.009951
-0.000438
0.005210
0.036137
-0.009855
0.004533
0.023532
0.007420
-0.002402
0.016062
-0.000869
0.020361
0.002475
0.003653
0.018448
0.009561
0.005178
-0.000686
0.004678
0.036349
-0.017924
-0.003994
0.020875
0.017360
-0.019347
0.018900
0.009897
0.003904
0.007978
-0.008573
0.014417
0.011644
-0.004283
-0.000880
0.010740
0.009001
0.009073
-0.009901
0.017523
0.015285
-0.036513
0.023478
0.009655
0.007288
-0.017627
0.025268
0.010039
-0.005702
-0.001863
0.001258
0.021214
-0.003650
-0.004470
-0.017675
0.035828
0.005400
-0.029173
0.009240
0.024919
-0.004691
-0.010744
0.002172
0.012264
0.015287
-0.012931
-0.000135
-0.002816
0.023408
-0.029197
0.017416
0.001553
0.017608
-0.038001
0.036534
-0.007131
0.011157
-0.017410
0.013675
-0.008586
0.002548
-0.003068
-0.000306
0.002522
0.020899
-0.019819
-0.003718
0.017082
0.000174
-0.012614
0.002495
-0.004088
0.005831
0.009043
-0.016506
0.013257
-0.000375
-0.011522
0.008337
-0.008564
0.001214
0.014646
-0.038003
0.045577
-0.023663
-0.004412
-0.003423
0.018872
-0.013841
0.006322
-0.012734
0.004043
0.012586
-0.020885
0.004499
0.002908
0.020800
-0.031744
0.001822
0.001149
0.016115
-0.027380
0.006108
0.011665
-0.010238
-0.003677
-0.012171
0.020708
-0.016879
0.011638
-0.023094
0.014369
0.001223
-0.006800
-0.018909
0.012405
0.009425
-0.017909
-0.007573
0.007028
-0.001382
-0.005206
-0.014440
0.011201
0.010465
-0.024176
0.009692
-0.017069
0.016628
-0.017725
-0.005446
0.013593
-0.007412
-0.016717
0.021784
-0.016899
-0.003122
-0.001624
-0.010372
0.010890
-0.006566
-0.001891
-0.010046
0.001591
-0.006720
0.013537
-0.035226
0.028249
-0.008039
-0.007513
0.000075
-0.009044
0.004558
-0.015537
0.000412
-0.001018
0.021088
-0.029199
0.006889
-0.000336
0.004916
-0.006806
-0.020038
0.016486
-0.009320
-0.000918
-0.002114
0.000331
0.000726
-0.009417
-0.006038
-0.003517
0.016068
-0.033731
0.006229
-0.001387
0.015716
-0.018760
-0.018710
0.024060
-0.007567
-0.023154
-0.001243
0.006032
0.011064
-0.025833
-0.002599
0.005075
0.003134
-0.009523
-0.015750
0.007219
-0.000638
-0.004620
-0.023277
0.008269
0.008442
-0.015717
-0.005383
-0.001315
0.011915
-0.027156
-0.001965
0.004337
0.012207
-0.027568
-0.002232
0.001891
-0.003843
-0.003465
-0.025967
0.034251
-0.022813
0.004243
-0.020466
0.008117
-0.003675
-0.010310
0.002920
-0.005871
0.005967
-0.017594
-0.001530
-0.012893
0.017001
-0.007816
-0.032348
0.024791
-0.002981
-0.016783
-0.014910
0.019693
-0.006672
-0.011940
-0.015316
0.010646
0.003421
-0.012336
-0.016061
0.004806
0.009049
-0.023092
-0.008554
0.019280
-0.020718
0.009655
-0.022397
0.008256
-0.013627
0.005032
-0.019338
0.008645
0.003974
-0.019018
-0.005235
-0.006618
0.023278
-0.029333
-0.005253
0.000113
-0.001152
-0.013467
0.008244
-0.016669
0.006778
-0.013750
-0.005734
-0.000885
0.011383
-0.017829
-0.016525
0.005030
0.001641
-0.006554
-0.006692
0.006037
-0.005185
-0.012247
0.001882
0.001528
-0.006261
-0.007356
-0.025806
0.031832
-0.015360
-0.013365
-0.021744
0.031642
-0.006315
-0.015818
-0.030772
0.032407
-0.001516
-0.024107
-0.004301
0.004137
-0.003034
-0.013979
-0.007903
0.000224
-0.000460
0.000015
-0.021506
0.006072
-0.000768
0.000452
-0.027709
0.026012
-0.016156
-0.016897
0.005933
-0.006694
0.004221
-0.025388
0.005693
0.008248
-0.013760
-0.006865
-0.005056
-0.004204
-0.001392
-0.002666
-0.020388
0.017358
-0.013398
-0.006459
-0.010249
0.015854
-0.027350
0.015714
-0.024531
0.009664
-0.007139
-0.017018
0.009663
-0.024974
0.031191
-0.032812
-0.002963
0.008163
-0.005281
-0.011155
-0.005659
-0.005105
0.015276
-0.027945
-0.004723
-0.001773
0.003166
-0.003139
-0.013105
-0.004724
0.011317
-0.019245
-0.009184
0.008450
-0.006185
-0.006842
-0.007701
-0.010029
-0.001324
-0.002600
-0.002352
-0.008006
-0.002617
-0.001755
-0.005673
-0.011986
0.008868
-0.019072
-0.006430
0.012977
-0.008803
-0.012429
-0.005675
0.000547
-0.003950
-0.012211
-0.001009
0.007521
-0.009900
-0.020981
0.007660
-0.010603
0.007454
-0.016662
-0.006229
0.001278
0.008731
-0.031220
0.008891
-0.006448
0.007893
-0.018245
-0.009000
0.007270
-0.000905
-0.016705
-0.012467
0.011006
0.001470
-0.011511
-0.015864
0.013326
-0.002071
-0.014988
0.004137
-0.020627
0.005851
-0.002504
-0.015146
0.013063
-0.018121
0.005189
-0.019090
0.003564
0.007563
-0.013565
-0.018297
0.008769
0.002416
-0.020560
0.008912
-0.013420
-0.001812
-0.009925
0.001957
0.003710
-0.024712
0.004221
-0.006728
0.000783
-0.002293
-0.010847
-0.014785
0.019591
-0.012763
-0.019125
0.005961
-0.003590
-0.003231
-0.014597
0.001935
0.005574
-0.016584
-0.001137
-0.019888
0.019402
-0.005689
-0.018760
-0.011061
0.011829
-0.000930
-0.015686
-0.008110
0.006591
-0.002971
-0.016233
-0.004830
0.010310
-0.020707
0.006814
-0.012116
0.001831
-0.014579
-0.000701
-0.002259
0.012691
-0.006304
-0.017865
-0.004599
0.010130
0.003286
-0.016435
-0.020954
0.022617
-0.002997
-0.017596
-0.009468
-0.000609
0.008230
-0.014788
-0.018941
0.030009
-0.025472
-0.014207
0.013234
-0.004803
-0.010082
-0.014109
0.008099
-0.002306
-0.005937
0.001818
-0.020835
-0.008172
0.019977
-0.012127
-0.019219
-0.001580
0.010760
-0.015390
-0.006852
-0.009485
0.018267
-0.016356
-0.010020
0.000097
0.002137
-0.018220
0.005017
-0.012330
0.016711
-0.015148
-0.029377
0.029896
-0.020406
-0.003967
-0.003493
-0.005760
0.000223
-0.005349
-0.020458
0.011707
-0.002210
-0.007804
-0.005982
-0.017381
0.019049
-0.005846
-0.035062
0.029570
-0.010283
-0.013381
-0.008088
-0.009474
0.008039
0.001836
-0.023754
0.007213
-0.003996
-0.011170
-0.003346
-0.001388
0.001425
-0.012178
-0.010901
0.006131
-0.007328
-0.012200
0.010222
-0.006526
-0.021117
0.007623
-0.004859
-0.008787
0.001860
-0.008342
-0.006230
-0.001644
0.003245
-0.012296
-0.019912
0.011588
0.006326
-0.019890
-0.011953
0.012190
-0.012454
0.004827
-0.021811
0.012651
-0.010213
-0.017640
0.001532
-0.000683
0.000900
-0.006596
-0.014868
0.007221
-0.013578
0.000980
-0.008872
0.000339
-0.009879
0.001011
-0.022888
0.016165
-0.008592
-0.012470
0.000919
-0.015654
0.016201
-0.022690
-0.010761
0.014464
0.006303
-0.038050
0.010563
-0.003412
0.004480
-0.022787
-0.004599
0.001548
0.008424
-0.025669
0.007709
-0.018975
0.018719
-0.023489
-0.007305
0.005388
0.002934
-0.019150
-0.007431
0.006075
-0.009294
-0.003394
-0.016488
0.008387
-0.001341
-0.017218
0.000936
-0.013203
0.025949
-0.023741
-0.016929
0.014555
-0.011824
-0.008344
0.002375
-0.010686
0.011031
-0.030192
0.034128
-0.073403
0.093945
-0.088020
0.029348
-0.018606
0.004269
0.001344
-0.026842
0.014090
-0.005204
-0.005954
-0.017945
0.021369
-0.031699
0.002727
-0.005620
-0.001783
0.004965
-0.018338
-0.001621
-0.011571
0.014296
-0.021453
-0.002868
-0.006405
0.001437
-0.005455
-0.014561
0.006701
-0.010192
-0.011728
0.004526
-0.001797
-0.010902
-0.007575
-0.010877
0.007364
0.011978
-0.046683
0.018316
0.000445
-0.002541
-0.013505
0.002289
-0.007016
0.012533
-0.025485
-0.004599
0.000900
0.002470
-0.010529
-0.022329
0.010001
0.008562
-0.018912
-0.009724
0.007968
-0.011714
-0.005086
-0.025013
0.019649
0.002861
-0.010004
-0.067497
0.101529
-0.055573
-0.017618
-0.029195
0.003541
0.020883
-0.011027
-0.028912
0.015464
-0.007021
-0.022602
0.005131
-0.011207
-0.013974
0.026736
-0.039134
0.010321
-0.020019
0.004754
-0.007120
-0.008522
-0.006884
-0.000865
-0.020646
-0.001645
-0.002668
-0.012025
-0.000804
-0.005475
-0.009900
-0.011171
-0.007146
-0.007909
0.004837
-0.017461
-0.004476
-0.002056
-0.018624
0.011097
-0.034416
0.020849
-0.024732
-0.004368
-0.011961
0.006803
-0.022292
-0.002449
-0.009671
0.002308
-0.002865
-0.033137
0.008830
-0.007100
-0.010742
-0.003151
-0.019684
0.000711
0.001507
-0.029157
0.009925
-0.021076
0.001570
-0.032505
0.049737
-0.090124
0.064132
-0.108290
0.334604
-0.775114
0.874219
