-0.000743
-0.000715
-0.000691
-0.000671
-0.000656
-0.000644
-0.000636
-0.000631
-0.000628
-0.000626
-0.000624
-0.000622
-0.000617
-0.000607
-0.000591
-0.000567
-0.000531
-0.000480
-0.000410
-0.000318
-0.000196
-0.000041
0.000157
0.000404
0.000709
0.001084
0.001539
0.002087
0.002743
0.003521
0.004438
0.005512
0.006760
0.008202
0.009856
0.011742
0.013879
0.016283
0.018972
0.021959
0.025256
0.028870
0.032806
0.037063
0.041637
0.046517
0.051685
0.057120
0.062792
0.068667
0.074705
0.080859
0.087078
0.093308
0.099490
0.105564
0.111469
0.117144
0.122530
0.127569
0.132209
0.136403
0.140110
0.143295
0.145933
0.148005
0.149503
0.150426
0.150782
0.150588
0.149869
0.148654
0.146980
0.144891
0.142430
0.139646
0.136589
0.133310
0.129857
0.126279
0.122620
0.118925
0.115230
0.111572
0.107979
0.104478
0.101089
0.097830
0.094712
0.091745
0.088933
0.086278
0.083780
0.081434
0.079236
0.077179
0.075256
0.073457
0.071775
0.070199
0.068721
0.067332
0.066023
0.064786
0.063615
0.062502
0.061440
0.060425
0.059451
0.058513
0.057608
0.056732
0.055883
0.055056
0.054251
0.053465
0.052696
0.051943
0.051205
0.050480
0.049767
0.049066
0.048377
0.047697
0.047027
0.046367
0.045715
0.045073
0.044438
0.043812
0.043193
0.042583
0.041980
0.041385
0.040797
0.040216
0.039644
0.039078
0.038520
0.037970
0.037427
0.036891
0.036363
0.035843
0.035330
0.034824
0.034326
0.033836
0.033353
0.032878
0.032409
0.031949
0.031495
0.031049
0.030611
0.030179
0.029755
0.029338
0.028927
0.028524
0.028128
0.027739
0.027357
0.026981
0.026612
0.026250
0.025894
0.025544
0.025200
0.024862
0.024530
0.024204
0.023882
0.023566
0.023255
0.022949
0.022647
0.022350
0.022056
0.021767
0.021482
0.021200
0.020922
0.020648
0.020377
0.020109
0.019845
0.019584
0.019326
0.019072
0.018821
0.018573
0.018328
0.018086
0.017848
0.017613
0.017381
0.017153
0.016927
0.016705
0.016485
0.016269
0.016055
0.015844
0.015636
0.015431
0.015228
0.015027
0.014829
0.014633
0.014439
0.014248
0.014058
0.013871
0.013686
0.013503
0.013322
0.013144
0.012967
0.012794
0.012623
0.012454
0.012288
0.012125
0.011966
0.011809
0.011656
0.011506
0.011360
0.011217
0.011078
0.010943
0.010811
0.010684
0.010560
0.010441
0.010325
0.010213
0.010104
0.009999
0.009897
0.009798
0.009702
0.009608
0.009517
0.009428
0.009340
0.009254
0.009169
0.009084
0.009000
0.008915
0.008831
0.008745
0.008659
0.008571
0.008483
0.008392
0.008300
0.008206
0.008109
0.008011
0.007911
0.007809
0.007704
0.007598
0.007490
0.007380
0.007269
0.007156
0.007042
0.006927
0.006811
0.006695
0.006578
0.006460
0.006342
0.006224
0.006106
0.005989
0.005872
0.005755
0.005639
0.005524
0.005410
0.005297
0.005185
0.005075
0.004966
0.004858
0.004753
0.004649
0.004548
0.004448
0.004351
0.004256
0.004164
0.004075
0.003988
0.003904
0.003822
0.003744
0.003668
0.003596
0.003526
0.003459
0.003395
0.003334
0.003275
0.003218
0.003165
0.003113
0.003063
0.003015
0.002969
0.002924
0.002881
0.002839
0.002797
0.002756
0.002716
0.002676
0.002635
0.002595
0.002554
0.002513
0.002471
0.002428
0.002385
0.002340
0.002294
0.002248
0.002200
0.002151
0.002102
0.002051
0.002000
0.001948
0.001895
0.001842
0.001789
0.001736
0.001682
0.001629
0.001577
0.001525
0.001474
0.001423
0.001374
0.001326
0.001279
0.001233
0.001188
0.001144
0.001101
0.001060
0.001019
0.000980
0.000941
0.000903
0.000865
0.000828
0.000792
0.000755
0.000719
0.000683
0.000647
0.000611
0.000574
0.000538
0.000501
0.000464
0.000427
0.000390
0.000352
0.000315
0.000278
0.000240
0.000203
0.000166
0.000130
0.000094
0.000058
0.000023
-0.000011
-0.000044
-0.000077
-0.000108
-0.000139
-0.000168
-0.000196
-0.000223
-0.000249
-0.000273
-0.000297
-0.000318
-0.000339
-0.000358
-0.000376
-0.000392
-0.000408
-0.000422
-0.000434
-0.000446
-0.000457
-0.000467
-0.000476
-0.000484
-0.000491
-0.000498
-0.000504
-0.000510
-0.000516
-0.000521
-0.000527
-0.000532
-0.000538
-0.000545
-0.000551
-0.000558
-0.000566
-0.000575
-0.000584
-0.000594
-0.000605
-0.000617
-0.000630
-0.000644
-0.000658
-0.000674
-0.000690
-0.000707
-0.000725
-0.000743
-0.000762
-0.000782
-0.000801
-0.000821
-0.000841
-0.000860
-0.000880
-0.000899
-0.000919
-0.000937
-0.000955
-0.000973
-0.000990
-0.001007
-0.001023
-0.001039
-0.001054
-0.001068
-0.001082
-0.001096
-0.001110
-0.001123
-0.001136
-0.001149
-0.001162
-0.001175
-0.001188
-0.001201
-0.001215
-0.001228
-0.001242
-0.001256
-0.001270
-0.001285
-0.001299
-0.001314
-0.001329
-0.001345
-0.001360
-0.001375
-0.001390
-0.001406
-0.001421
-0.001436
-0.001451
-0.001465
-0.001480
-0.001494
-0.001508
-0.001521
-0.001535
-0.001548
-0.001561
-0.001573
-0.001586
-0.001598
-0.001610
-0.001622
-0.001633
-0.001644
-0.001655
-0.001666
-0.001676
-0.001686
-0.001696
-0.001705
-0.001714
-0.001722
-0.001730
-0.001737
-0.001744
-0.001750
-0.001755
-0.001760
-0.001763
-0.001766
-0.001768
-0.001769
-0.001770
-0.001769
-0.001768
-0.001766
-0.001763
-0.001760
-0.001756
-0.001751
-0.001745
-0.001739
-0.001732
-0.001724
-0.001716
-0.001707
-0.001697
-0.001686
-0.001674
-0.001660
-0.001646
-0.001629
-0.001611
-0.001591
-0.001570
-0.001545
-0.001519
-0.001490
-0.001458
-0.001424
-0.001387
-0.001347
-0.001305
-0.001260
-0.001212
-0.001163
-0.001112
-0.001059
-0.001005
-0.000951
-0.000896
-0.000842
-0.000789
-0.000738
-0.000689
-0.000642
-0.000599
-0.000559
-0.000523
-0.000493
-0.000466
-0.000445
-0.000429
-0.000419
-0.000414
-0.000414
-0.000419
-0.000428
-0.000443
-0.000461
-0.000483
-0.000509
-0.000537
-0.000568
-0.000601
-0.000635
-0.000670
-0.000705
-0.000741
-0.000777
-0.000811
-0.000845
-0.000878
-0.000910
-0.000939
-0.000967
-0.000994
-0.001018
-0.001041
-0.001061
-0.001080
-0.001097
-0.001112
-0.001125
-0.001137
-0.001147
-0.001156
-0.001164
-0.001171
-0.001176
-0.001181
-0.001185
-0.001188
-0.001190
-0.001192
-0.001193
-0.001194
-0.001194
-0.001194
-0.001193
-0.001192
-0.001190
-0.001188
-0.001186
-0.001182
-0.001178
-0.001174
-0.001168
-0.001161
-0.001154
-0.001145
-0.001136
-0.001125
-0.001113
-0.001100
-0.001086
-0.001070
-0.001054
-0.001036
-0.001018
-0.000998
-0.000978
-0.000957
-0.000936
-0.000914
-0.000892
-0.000871
-0.000850
-0.000829
-0.000809
-0.000791
-0.000773
-0.000757
-0.000743
-0.000730
-0.000719
-0.000710
-0.000704
-0.000699
-0.000697
-0.000697
-0.000699
-0.000703
-0.000709
-0.000716
-0.000726
-0.000737
-0.000750
-0.000764
-0.000779
-0.000794
-0.000811
-0.000828
-0.000845
-0.000863
-0.000881
-0.000898
-0.000915
-0.000932
-0.000948
-0.000964
-0.000979
-0.000993
-0.001006
-0.001018
-0.001030
-0.001040
-0.001050
-0.001058
-0.001066
-0.001072
-0.001077
-0.001082
-0.001085
-0.001088
-0.001090
-0.001090
-0.001090
-0.001090
-0.001088
-0.001086
-0.001083
-0.001079
-0.001075
-0.001070
-0.001065
-0.001060
-0.001054
-0.001047
-0.001041
-0.001034
-0.001027
-0.001020
-0.001012
-0.001005
-0.000997
-0.000989
-0.000982
-0.000974
-0.000966
-0.000958
-0.000950
-0.000942
-0.000933
-0.000925
-0.000916
-0.000907
-0.000898
-0.000889
-0.000880
-0.000870
-0.000861
-0.000851
-0.000841
-0.000831
-0.000821
-0.000811
-0.000801
-0.000791
-0.000781
-0.000772
-0.000763
-0.000754
-0.000746
-0.000738
-0.000731
-0.000724
-0.000718
-0.000713
-0.000708
-0.000703
-0.000700
-0.000696
-0.000694
-0.000692
-0.000690
-0.000689
-0.000688
-0.000687
-0.000687
-0.000687
-0.000687
-0.000687
-0.000687
-0.000686
-0.000686
-0.000685
-0.000684
-0.000683
-0.000680
-0.000678
-0.000674
-0.000670
-0.000664
-0.000658
-0.000650
-0.000641
-0.000631
-0.000619
-0.000606
-0.000591
-0.000575
-0.000558
-0.000539
-0.000519
-0.000498
-0.000475
-0.000452
-0.000428
-0.000404
-0.000379
-0.000355
-0.000330
-0.000307
-0.000284
-0.000262
-0.000241
-0.000222
-0.000205
-0.000189
-0.000176
-0.000165
-0.000156
-0.000150
-0.000146
-0.000144
-0.000145
-0.000148
-0.000153
-0.000160
-0.000169
-0.000180
-0.000192
-0.000205
-0.000219
-0.000234
-0.000250
-0.000266
-0.000282
-0.000299
-0.000315
-0.000331
-0.000347
-0.000363
-0.000378
-0.000392
-0.000406
-0.000418
-0.000430
-0.000442
-0.000452
-0.000461
-0.000469
-0.000476
-0.000483
-0.000488
-0.000492
-0.000495
-0.000497
-0.000499
-0.000499
-0.000498
-0.000496
-0.000493
-0.000489
-0.000484
-0.000478
-0.000472
-0.000464
-0.000456
-0.000448
-0.000439
-0.000429
-0.000419
-0.000410
-0.000400
-0.000390
-0.000380
-0.000370
-0.000361
-0.000353
-0.000345
-0.000337
-0.000331
-0.000325
-0.000320
-0.000316
-0.000312
-0.000310
-0.000308
-0.000308
-0.000308
-0.000309
-0.000311
-0.000313
-0.000316
-0.000320
-0.000325
-0.000330
-0.000335
-0.000341
-0.000348
-0.000355
-0.000362
-0.000370
-0.000377
-0.000385
-0.000393
-0.000402
-0.000410
-0.000418
-0.000427
-0.000435
-0.000443
-0.000451
-0.000458
-0.000465
-0.000472
-0.000479
-0.000484
-0.000489
-0.000494
-0.000498
-0.000501
-0.000503
-0.000505
-0.000506
-0.000506
-0.000505
-0.000504
-0.000502
-0.000499
-0.000496
-0.000493
-0.000489
-0.000485
-0.000480
-0.000475
-0.000471
-0.000466
-0.000462
-0.000458
-0.000455
-0.000452
-0.000449
-0.000448
-0.000447
-0.000447
-0.000447
-0.000449
-0.000452
-0.000456
-0.000461
-0.000467
-0.000474
-0.000483
-0.000492
-0.000503
-0.000515
-0.000529
-0.000543
-0.000559
-0.000576
-0.000594
-0.000614
-0.000634
-0.000656
-0.000679
-0.000702
-0.000727
-0.000752
-0.000778
-0.000805
-0.000832
-0.000859
-0.000886
-0.000913
-0.000940
-0.000966
-0.000991
-0.001016
-0.001039
-0.001062
-0.001083
-0.001102
-0.001121
-0.001138
-0.001153
-0.001167
-0.001180
-0.001191
-0.001202
-0.001211
-0.001220
-0.001228
-0.001236
-0.001244
-0.001253
-0.001261
-0.001271
-0.001281
-0.001293
-0.001305
-0.001319
-0.001334
-0.001351
-0.001370
-0.001390
-0.001411
-0.001433
-0.001457
-0.001482
-0.001508
-0.001534
-0.001561
-0.001587
-0.001614
-0.001640
-0.001665
-0.001689
-0.001711
-0.001732
-0.001750
-0.001766
-0.001779
-0.001789
-0.001796
-0.001799
-0.001798
-0.001793
-0.001783
-0.001769
-0.001751
-0.001727
-0.001700
-0.001668
-0.001631
-0.001590
-0.001546
-0.001498
-0.001447
-0.001394
-0.001339
-0.001282
-0.001225
-0.001167
-0.001111
-0.001055
-0.001001
-0.000949
-0.000900
-0.000855
-0.000814
-0.000776
