0.001443
0.001271
0.001022
0.000742
0.000472
0.000245
0.000078
-0.000029
-0.000088
-0.000115
-0.000126
-0.000134
-0.000145
-0.000162
-0.000184
-0.000208
-0.000231
-0.000250
-0.000266
-0.000277
-0.000284
-0.000288
-0.000291
-0.000294
-0.000298
-0.000304
-0.000312
-0.000321
-0.000330
-0.000337
-0.000341
-0.000342
-0.000341
-0.000338
-0.000335
-0.000334
-0.000334
-0.000337
-0.000342
-0.000347
-0.000351
-0.000351
-0.000344
-0.000323
-0.000276
-0.000175
0.000034
0.000454
0.001260
0.002745
0.005350
0.009704
0.016621
0.027062
0.042019
0.062315
0.088356
0.119853
0.155620
0.193513
0.230588
0.263482
0.288961
0.304514
0.308834
0.302060
0.285706
0.262317
0.234942
0.206570
0.179679
0.155966
0.136284
0.120760
0.109004
0.100346
0.094036
0.089388
0.085851
0.083025
0.080645
0.078552
0.076655
0.074906
0.073279
0.071755
0.070322
0.068964
0.067667
0.066417
0.065205
0.064025
0.062875
0.061758
0.060678
0.059638
0.058640
0.057681
0.056754
0.055853
0.054971
0.054106
0.053259
0.052435
0.051641
0.050884
0.050166
0.049486
0.048839
0.048215
0.047604
0.046995
0.046382
0.045761
0.045132
0.044500
0.043868
0.043243
0.042627
0.042021
0.041422
0.040827
0.040229
0.039624
0.039008
0.038381
0.037744
0.037106
0.036473
0.035854
0.035260
0.034698
0.034173
0.033688
0.033243
0.032832
0.032449
0.032084
0.031728
0.031370
0.031004
0.030625
0.030231
0.029823
0.029402
0.028972
0.028532
0.028086
0.027635
0.027179
0.026720
0.026262
0.025807
0.025359
0.024924
0.024509
0.024122
0.023769
0.023459
0.023196
0.022977
0.022799
0.022648
0.022510
0.022365
0.022199
0.021999
0.021759
0.021480
0.021169
0.020838
0.020499
0.020162
0.019835
0.019523
0.019225
0.018942
0.018672
0.018412
0.018162
0.017922
0.017688
0.017458
0.017226
0.016988
0.016739
0.016476
0.016199
0.015912
0.015621
0.015337
0.015067
0.014820
0.014601
0.014413
0.014257
0.014127
0.014018
0.013921
0.013825
0.013721
0.013600
0.013459
0.013296
0.013114
0.012917
0.012712
0.012503
0.012294
0.012089
0.011889
0.011697
0.011513
0.011339
0.011175
0.011021
0.010875
0.010735
0.010598
0.010461
0.010322
0.010180
0.010033
0.009882
0.009727
0.009572
0.009417
0.009264
0.009115
0.008971
0.008832
0.008700
0.008574
0.008458
0.008350
0.008253
0.008164
0.008081
0.008001
0.007919
0.007832
0.007737
0.007632
0.007521
0.007405
0.007288
0.007174
0.007064
0.006958
0.006855
0.006751
0.006642
0.006527
0.006405
0.006278
0.006148
0.006022
0.005904
0.005798
0.005709
0.005636
0.005576
0.005525
0.005477
0.005423
0.005358
0.005278
0.005184
0.005077
0.004960
0.004838
0.004716
0.004597
0.004483
0.004378
0.004283
0.004201
0.004133
0.004081
0.004046
0.004027
0.004020
0.004019
0.004015
0.004002
0.003973
0.003923
0.003851
0.003761
0.003658
0.003547
0.003437
0.003334
0.003240
0.003160
0.003094
0.003040
0.002998
0.002964
0.002934
0.002904
0.002869
0.002827
0.002775
0.002714
0.002648
0.002579
0.002513
0.002452
0.002399
0.002353
0.002312
0.002275
0.002237
0.002198
0.002155
0.002108
0.002058
0.002006
0.001955
0.001907
0.001867
0.001838
0.001824
0.001827
0.001846
0.001880
0.001924
0.001976
0.002032
0.002087
0.002140
0.002187
0.002227
0.002256
0.002271
0.002270
0.002253
0.002222
0.002181
0.002135
0.002089
0.002045
0.002006
0.001970
0.001936
0.001902
0.001865
0.001826
0.001785
0.001743
0.001701
0.001659
0.001617
0.001572
0.001523
0.001471
0.001414
0.001356
0.001297
0.001241
0.001187
0.001137
0.001089
0.001043
0.000997
0.000951
0.000907
0.000866
0.000832
0.000807
0.000793
0.000791
0.000797
0.000806
0.000811
0.000806
0.000787
0.000754
0.000711
0.000663
0.000619
0.000585
0.000564
0.000556
0.000558
0.000565
0.000570
0.000570
0.000560
0.000538
0.000506
0.000464
0.000417
0.000369
0.000323
0.000284
0.000253
0.000229
0.000211
0.000195
0.000175
0.000150
0.000117
0.000076
0.000030
-0.000017
-0.000063
-0.000102
-0.000132
-0.000152
-0.000162
-0.000165
-0.000162
-0.000159
-0.000156
-0.000159
-0.000167
-0.000181
-0.000199
-0.000219
-0.000235
-0.000246
-0.000249
-0.000245
-0.000235
-0.000224
-0.000214
-0.000209
-0.000213
-0.000226
-0.000248
-0.000278
-0.000315
-0.000356
-0.000396
-0.000432
-0.000461
-0.000483
-0.000497
-0.000504
-0.000507
-0.000510
-0.000514
-0.000523
-0.000534
-0.000548
-0.000562
-0.000574
-0.000583
-0.000589
-0.000593
-0.000598
-0.000606
-0.000620
-0.000640
-0.000668
-0.000701
-0.000736
-0.000769
-0.000797
-0.000816
-0.000824
-0.000820
-0.000805
-0.000782
-0.000754
-0.000724
-0.000697
-0.000674
-0.000658
-0.000648
-0.000641
-0.000633
-0.000617
-0.000588
-0.000543
-0.000482
-0.000407
-0.000328
-0.000255
-0.000197
-0.000162
-0.000153
-0.000170
-0.000207
-0.000257
-0.000313
-0.000370
-0.000423
-0.000471
-0.000512
-0.000546
-0.000571
-0.000586
-0.000590
-0.000581
-0.000562
-0.000534
-0.000501
-0.000470
-0.000443
-0.000425
-0.000419
-0.000426
-0.000445
-0.000477
-0.000521
-0.000573
-0.000630
-0.000690
-0.000746
-0.000795
-0.000832
-0.000856
-0.000865
-0.000861
-0.000845
-0.000823
-0.000796
-0.000768
-0.000742
-0.000720
-0.000701
-0.000688
-0.000682
-0.000684
-0.000696
-0.000717
-0.000746
-0.000782
-0.000820
-0.000854
-0.000881
-0.000897
-0.000900
-0.000891
-0.000871
-0.000843
-0.000811
-0.000777
-0.000744
-0.000710
-0.000677
-0.000641
-0.000601
-0.000558
-0.000510
-0.000460
-0.000412
-0.000368
-0.000332
-0.000305
-0.000287
-0.000278
-0.000274
-0.000274
-0.000279
-0.000288
-0.000304
-0.000329
-0.000364
-0.000408
-0.000459
-0.000513
-0.000565
-0.000609
-0.000643
-0.000664
-0.000674
-0.000675
-0.000668
-0.000658
-0.000648
-0.000641
-0.000637
-0.000640
-0.000649
-0.000663
-0.000679
-0.000692
-0.000696
-0.000689
-0.000667
-0.000632
-0.000588
-0.000543
-0.000503
-0.000476
-0.000464
-0.000469
-0.000486
-0.000510
-0.000534
-0.000554
-0.000567
-0.000574
-0.000578
-0.000582
-0.000589
-0.000599
-0.000612
-0.000623
-0.000632
-0.000635
-0.000634
-0.000629
-0.000623
-0.000618
-0.000617
-0.000618
-0.000622
-0.000625
-0.000629
-0.000631
-0.000634
-0.000639
-0.000645
-0.000652
-0.000658
-0.000661
-0.000659
-0.000654
-0.000646
-0.000639
-0.000634
-0.000633
-0.000636
-0.000641
-0.000646
-0.000650
-0.000651
-0.000648
-0.000641
-0.000629
-0.000614
-0.000596
-0.000576
-0.000557
-0.000542
-0.000534
-0.000534
-0.000544
-0.000564
-0.000592
-0.000626
-0.000661
-0.000692
-0.000716
-0.000727
-0.000725
-0.000709
-0.000683
-0.000652
-0.000620
-0.000592
-0.000570
-0.000556
-0.000546
-0.000538
-0.000529
-0.000520
-0.000510
-0.000503
-0.000500
-0.000507
-0.000522
-0.000546
-0.000575
-0.000604
-0.000628
-0.000643
-0.000648
-0.000643
-0.000631
-0.000615
-0.000600
-0.000588
-0.000582
-0.000583
-0.000588
-0.000594
-0.000596
-0.000590
-0.000570
-0.000536
-0.000486
-0.000424
-0.000353
-0.000279
-0.000208
-0.000145
-0.000095
-0.000062
-0.000050
-0.000058
-0.000085
-0.000128
-0.000178
-0.000230
-0.000276
-0.000312
-0.000334
-0.000344
-0.000342
-0.000331
-0.000313
-0.000289
-0.000258
-0.000222
-0.000181
-0.000134
-0.000083
-0.000031
0.000023
0.000076
0.000128
0.000180
0.000232
0.000283
0.000332
0.000376
0.000414
0.000442
0.000459
0.000465
0.000459
0.000443
0.000417
0.000382
0.000339
0.000287
0.000228
0.000163
0.000095
0.000027
-0.000038
-0.000094
-0.000141
-0.000174
-0.000194
-0.000199
-0.000192
-0.000173
-0.000145
-0.000110
-0.000071
-0.000029
0.000012
0.000051
0.000087
0.000120
0.000148
0.000173
0.000193
0.000209
0.000223
0.000235
0.000246
0.000259
0.000276
0.000300
0.000332
0.000371
0.000416
0.000461
0.000500
0.000527
0.000537
0.000527
0.000500
0.000458
0.000409
0.000358
0.000315
0.000282
0.000264
0.000261
0.000270
0.000289
0.000312
0.000334
0.000350
0.000356
0.000347
0.000323
0.000286
0.000239
0.000189
0.000142
0.000105
0.000084
0.000081
0.000098
0.000130
0.000174
0.000222
0.000269
0.000308
0.000335
0.000348
0.000344
0.000325
0.000293
0.000251
0.000204
0.000157
0.000113
0.000075
0.000045
0.000026
0.000016
0.000015
0.000024
0.000038
0.000057
0.000077
0.000095
0.000107
0.000114
0.000113
0.000106
0.000094
0.000081
0.000069
0.000059
0.000055
0.000057
0.000063
0.000071
0.000080
0.000087
0.000091
0.000092
0.000090
0.000089
0.000091
0.000098
0.000110
0.000128
0.000149
0.000171
0.000192
0.000209
0.000221
0.000228
0.000228
0.000223
0.000209
0.000190
0.000164
0.000135
0.000108
0.000085
0.000072
0.000072
0.000085
0.000110
0.000142
0.000178
0.000212
0.000240
0.000261
0.000273
0.000276
0.000273
0.000264
0.000251
0.000235
0.000220
0.000205
0.000194
0.000187
0.000185
0.000189
0.000197
0.000209
0.000226
0.000246
0.000267
0.000285
0.000298
0.000303
0.000298
0.000283
0.000261
0.000236
0.000213
0.000195
0.000185
0.000181
0.000182
0.000186
0.000188
0.000187
0.000181
0.000170
0.000155
0.000138
0.000121
0.000107
0.000098
0.000096
0.000102
0.000115
0.000134
0.000156
0.000179
0.000198
0.000212
0.000219
0.000219
0.000213
0.000202
0.000187
0.000170
0.000154
0.000142
0.000134
0.000132
0.000133
0.000136
0.000136
0.000132
0.000122
0.000110
0.000099
0.000097
0.000110
0.000144
0.000202
0.000281
0.000377
0.000481
0.000583
0.000673
0.000743
0.000788
0.000804
0.000793
0.000757
0.000700
0.000629
0.000547
0.000460
0.000370
0.000277
0.000181
0.000079
-0.000032
-0.000153
-0.000285
-0.000422
-0.000556
-0.000675
-0.000769
-0.000828
-0.000850
-0.000837
-0.000801
-0.000754
-0.000709
-0.000677
-0.000663
-0.000666
-0.000682
-0.000703
-0.000721
-0.000732
-0.000733
-0.000727
-0.000717
-0.000705
-0.000697
-0.000692
-0.000692
-0.000696
-0.000703
-0.000712
-0.000724
-0.000739
-0.000758
-0.000781
-0.000809
-0.000840
-0.000871
-0.000900
-0.000923
-0.000939
-0.000946
-0.000944
-0.000935
-0.000923
-0.000914
-0.000911
-0.000918
-0.000936
-0.000966
-0.001004
-0.001049
-0.001095
-0.001141
-0.001183
-0.001220
-0.001249
-0.001270
-0.001282
-0.001283
-0.001273
-0.001252
-0.001216
-0.001164
-0.001089
-0.000984
-0.000841
-0.000649
-0.000402
-0.000100
0.000244
0.000608
0.000954
0.001243
0.001434
0.001503
