-0.481880
0.083915
-0.096115
-0.008220
0.056610
-0.017103
-0.025755
-0.005096
0.046718
-0.084961
0.116266
-0.091748
0.004141
0.026833
-0.005606
-0.008094
-0.008782
-0.006835
0.004755
0.015813
-0.042627
0.040410
-0.028456
-0.009784
0.029973
-0.034971
0.012166
-0.008884
0.014225
-0.023037
0.005953
-0.005402
0.002896
-0.000683
-0.013805
0.008510
-0.020101
0.021762
-0.015744
-0.005528
-0.000724
-0.006546
0.006859
-0.010501
-0.005908
0.006881
-0.010106
-0.000190
0.004022
-0.025281
0.023289
-0.013439
-0.003733
0.008849
-0.045152
0.035502
0.064801
-0.171683
-0.004019
0.402592
-0.269070
-1.033188
2.441799
1.458317
0.975691
0.634503
0.607386
0.493813
0.172260
0.114110
0.188661
0.199489
0.126660
0.353922
0.036985
0.078164
0.217409
0.227332
0.091671
0.109837
0.177190
0.092056
0.135427
0.129901
0.152834
0.068111
0.131184
0.171523
0.074629
0.086283
0.148709
0.155703
0.083554
0.097896
0.087547
0.141139
0.133404
0.062395
0.111429
0.097913
0.122266
0.099737
0.081116
0.091376
0.117851
0.086763
0.094886
0.091362
0.085095
0.104228
0.075700
0.106354
0.070870
0.085181
0.096082
0.093740
0.060041
0.083959
0.097864
0.077037
0.079604
0.073637
0.076920
0.082587
0.078469
0.064008
0.067574
0.085522
0.072972
0.053904
0.085106
0.063625
0.074801
0.059811
0.073602
0.052344
0.084803
0.053674
0.076314
0.056529
0.057062
0.062501
0.065638
0.066626
0.052732
0.052963
0.070702
0.060723
0.040080
0.059221
0.057815
0.062179
0.047706
0.048957
0.054412
0.053616
0.059433
0.028934
0.058767
0.054539
0.049789
0.035696
0.058723
0.051955
0.040190
0.049347
0.048271
0.047279
0.035674
0.044432
0.051705
0.048234
0.027983
0.047656
0.039814
0.059776
0.013855
0.041372
0.061534
0.025859
0.030061
0.040037
0.047697
0.039256
0.034585
0.029052
0.044039
0.037064
0.040260
0.024830
0.034581
0.055867
0.011601
0.029114
0.050462
0.040673
0.009288
0.043030
0.030601
0.036601
0.023615
0.024740
0.046924
0.026028
0.038986
0.001432
0.047633
0.041561
0.010516
0.019995
0.047452
0.041643
0.002145
0.030197
0.024902
0.044987
0.003242
0.032374
0.024115
0.038658
0.011962
0.020209
0.033595
0.035040
0.009552
0.017666
0.040992
0.020134
0.017329
0.018095
0.033651
0.016809
0.023645
0.007288
0.037843
0.020703
0.019402
0.007736
0.031145
0.029537
0.009247
0.011040
0.041983
0.019315
-0.000985
0.030533
0.026645
0.012237
0.012561
0.021440
0.026629
0.026890
-0.000626
0.018199
0.025057
0.026811
0.015431
-0.000277
0.038298
0.014404
0.007116
0.021599
0.016246
0.014597
0.016714
0.014522
0.016234
0.018981
0.009942
0.010183
0.017470
0.026286
0.003866
0.005455
0.036768
0.010794
-0.003008
0.017351
0.019215
0.015476
0.006324
0.008131
0.027715
0.007913
0.008604
0.001942
0.026497
0.013432
0.005041
0.004359
0.028911
0.010154
-0.003865
0.015371
0.012807
0.022145
-0.003557
0.010855
0.019957
0.010871
0.005486
-0.000017
0.013318
0.028421
-0.005351
0.008959
0.020028
0.003745
-0.002022
0.023848
0.006947
0.007701
0.004485
0.016505
0.004159
0.012486
0.001112
0.007470
0.008973
0.021498
-0.007088
-0.002503
0.034070
-0.003404
-0.006172
0.030023
-0.002117
0.008443
0.000492
0.014545
0.006820
0.007635
0.003895
-0.001019
0.015429
0.019934
-0.008851
-0.007382
0.038851
-0.005344
-0.003752
0.001144
0.031083
-0.005817
-0.001407
0.002231
0.025076
0.000044
-0.004574
0.008203
0.009756
0.017457
-0.012774
-0.002673
0.035674
-0.012451
-0.003689
0.021348
0.005684
-0.003223
-0.004257
0.006282
0.022693
-0.000787
-0.007085
0.012029
-0.000543
0.020112
-0.013164
-0.005838
0.029866
0.002640
-0.016967
0.022234
-0.004944
0.009014
-0.000436
-0.004613
0.018314
-0.004404
0.010415
-0.007386
0.005005
0.011131
-0.000666
-0.008414
0.020232
-0.002099
0.003351
-0.004619
0.008950
0.001736
0.008778
-0.005289
-0.000566
0.013401
0.003633
-0.011546
0.005360
0.014509
-0.005344
-0.011083
0.024042
0.001877
-0.001517
-0.007699
0.013788
0.004415
-0.009642
0.002860
0.015968
0.001708
-0.003712
-0.005456
0.013379
0.006070
-0.003312
-0.008429
0.022822
-0.006533
-0.007317
0.013342
-0.006572
0.006880
0.003326
-0.009108
0.010721
0.006721
-0.007878
-0.003820
0.008014
0.015634
-0.006773
-0.017104
0.027461
-0.001305
-0.016222
0.008943
-0.000241
0.007266
-0.007137
0.004919
0.001660
0.008488
-0.003609
-0.004136
0.000378
0.014210
-0.004250
-0.012637
0.011371
0.009309
-0.009765
-0.001402
0.007120
-0.001243
-0.001280
0.002092
0.000366
0.013308
-0.014205
0.000574
-0.004174
0.023843
-0.016665
-0.004396
0.017044
-0.001879
-0.012198
0.007406
0.003349
-0.000258
0.003142
-0.013993
0.015836
0.005068
-0.005575
-0.006531
0.003545
0.018394
-0.015093
-0.013491
0.027991
-0.013619
0.001392
-0.009443
0.013934
-0.002091
-0.002205
-0.007225
0.014088
-0.003706
0.004983
-0.007157
0.002832
0.012948
-0.017957
0.000415
0.015942
0.002556
-0.021518
0.002842
0.010405
0.000286
-0.009067
-0.000976
0.012179
-0.005232
0.002173
-0.011525
0.009584
0.007529
-0.009413
-0.009146
0.019289
-0.007443
-0.004822
0.000589
0.001389
0.001488
0.000645
-0.011117
0.014511
-0.004115
0.001434
-0.011138
0.006313
0.011270
-0.012703
-0.016373
0.030788
-0.012925
-0.005006
0.003502
-0.001332
0.003402
-0.006794
0.002779
0.003105
-0.002092
-0.003438
-0.002476
0.001161
0.004788
-0.002655
-0.015324
0.027740
-0.015735
-0.006476
0.001370
0.007725
0.002326
-0.002183
-0.010742
0.016087
0.005398
-0.005868
-0.012426
0.009459
0.010199
-0.013378
-0.010026
0.031272
-0.009718
-0.007460
-0.003581
0.012117
-0.000592
-0.011854
0.004518
0.004325
0.007387
-0.014572
0.004630
-0.000557
0.004943
-0.004520
-0.013909
0.024285
-0.007590
-0.008214
0.000155
0.004090
0.002485
-0.003135
-0.007240
0.008893
-0.006065
0.008574
-0.011261
-0.002617
0.015802
-0.005625
-0.011955
0.012687
0.004692
-0.017001
0.004110
0.000464
0.000894
0.003067
-0.009670
0.008523
0.001956
-0.003268
-0.013284
0.004654
0.016379
-0.014888
-0.008710
0.016826
-0.004275
-0.004414
-0.011601
0.013346
0.000406
-0.008235
-0.003167
0.014084
-0.008219
0.004325
-0.015819
0.016287
0.006046
-0.015521
-0.003133
0.018705
-0.001113
-0.022172
0.014685
-0.001179
-0.000843
-0.001729
-0.008713
0.016760
-0.014796
0.004354
-0.004461
0.004026
0.005008
-0.006935
-0.010986
0.016779
-0.000117
-0.014973
0.001539
0.005931
0.000614
-0.004921
0.002491
-0.003026
0.008163
-0.005750
-0.012130
0.007934
0.007126
-0.007435
-0.008102
0.012136
0.003806
-0.021427
0.017954
-0.010438
0.013529
-0.017979
0.001814
0.011131
-0.005429
0.000800
-0.009738
0.009605
0.004413
-0.011968
-0.004075
0.020761
-0.011661
-0.006197
0.002066
0.004181
-0.004670
-0.001558
-0.000048
0.009201
-0.005841
-0.000585
-0.005359
-0.006597
0.023016
-0.017869
-0.010300
0.023865
-0.004427
-0.018427
0.007632
0.004464
0.000226
-0.007054
0.000730
0.003528
0.003648
-0.008619
-0.006078
0.006450
0.011034
-0.017637
-0.006584
0.020881
-0.003561
-0.006715
0.002014
0.010014
-0.011351
0.008465
-0.004478
0.009643
-0.002370
-0.007038
-0.002415
-0.001128
0.011325
-0.008093
-0.010549
0.028989
-0.014627
-0.001456
0.001803
0.007162
-0.012046
0.001353
-0.001106
0.006275
0.001768
-0.010056
0.001323
0.005889
0.006558
-0.018246
-0.000198
0.016052
-0.001823
-0.015337
0.004526
0.007116
-0.007300
0.005610
-0.010933
0.015102
-0.007040
-0.001070
-0.005695
-0.001594
0.019136
-0.022424
0.004365
0.002904
0.012319
-0.023504
0.012069
-0.003407
0.010495
-0.021704
0.013349
0.001974
0.000196
-0.005607
-0.005670
0.007788
0.002320
-0.003456
-0.019179
0.032672
-0.019142
-0.002041
0.000873
0.005693
-0.005399
0.001287
-0.004799
0.005733
0.002737
-0.004440
-0.005368
-0.002701
0.016944
-0.009432
-0.007716
0.021403
-0.003678
-0.014885
0.004724
0.005389
0.006213
-0.010311
-0.002744
0.008246
-0.001593
-0.001317
-0.005430
0.001374
0.011916
-0.009085
-0.016619
0.027048
-0.009784
-0.010149
0.005056
0.007850
-0.005938
-0.003638
-0.002352
0.003015
0.008428
-0.010465
-0.000809
-0.002698
0.013831
-0.011989
-0.010326
0.019824
-0.002378
-0.006656
-0.013561
0.019554
-0.010964
0.007595
-0.015355
0.016822
-0.006117
-0.002093
-0.006132
0.002915
0.009252
-0.009840
-0.007957
0.012737
0.001526
-0.004903
0.001992
0.000681
0.000864
-0.001250
-0.000994
-0.000562
0.007129
-0.006416
-0.002194
-0.004134
0.017359
-0.019020
-0.003003
0.020372
-0.004718
-0.020160
0.007689
0.006798
-0.000312
-0.010322
0.009677
0.008247
0.013883
-0.023556
0.011276
-0.003213
0.019170
-0.027365
0.000797
0.021022
-0.008305
-0.007314
0.001769
0.010436
-0.007334
0.001713
-0.006259
0.009998
-0.006837
0.000205
-0.002841
0.000671
0.011828
-0.010760
-0.011036
0.022305
-0.004640
-0.017378
0.018240
-0.020168
0.033009
-0.045086
0.054320
-0.084379
0.121020
-0.108208
0.046161
-0.012941
0.016140
-0.011991
-0.010225
0.022823
-0.012795
0.000313
-0.009333
0.020831
-0.022969
0.005057
0.000820
-0.000274
0.006488
-0.007727
-0.007152
0.010983
0.003546
-0.011012
-0.002561
0.015228
-0.008308
-0.005953
-0.006159
0.010772
-0.000072
-0.013793
0.006620
0.000697
0.008330
-0.014194
0.001778
0.001285
0.014604
-0.022136
0.003473
0.011045
-0.008516
0.002637
-0.009669
0.010304
-0.010624
0.003703
-0.006957
0.011049
-0.006778
0.006059
-0.021723
0.015549
0.007080
-0.023220
0.014390
-0.007792
0.015897
-0.014793
-0.014487
0.020479
0.006677
-0.008885
-0.062343
0.126376
-0.087523
0.009500
-0.027241
0.016342
0.007476
-0.019058
-0.001777
0.008279
0.005861
-0.028660
0.026681
-0.031191
0.015384
-0.003549
-0.010628
0.001294
-0.007257
0.006803
-0.010896
0.003370
-0.008214
0.005357
-0.019380
0.013729
-0.008132
-0.013070
0.004464
0.001045
-0.007562
-0.007676
-0.004850
0.013146
-0.008500
-0.011442
-0.004265
0.001679
-0.000632
-0.005375
-0.015816
0.012212
-0.005760
-0.011746
-0.000505
0.001235
-0.012055
0.001151
-0.004837
-0.005293
-0.003832
-0.008366
0.002414
-0.004217
-0.007050
-0.003020
-0.007314
-0.001232
-0.000901
-0.024986
0.015877
-0.012272
0.004724
-0.051728
0.096766
-0.131844
0.095506
-0.145486
0.468095
-1.047904
1.181062
