-0.391537
0.089177
-0.106050
0.009983
0.046606
-0.025578
-0.030007
0.023289
0.014924
-0.060661
0.085854
-0.055667
-0.028002
0.052702
-0.022313
-0.007497
-0.010133
0.005674
-0.002100
0.008163
-0.048695
0.058371
-0.037365
-0.001182
0.016731
-0.024467
0.011694
-0.020018
0.022265
-0.024890
0.014318
-0.028105
0.013690
-0.008195
0.003756
-0.001191
-0.021040
0.020251
-0.019848
0.009830
-0.010860
0.007031
-0.016895
0.004831
-0.005990
-0.003160
-0.005290
0.004515
-0.014625
0.000309
0.009405
-0.007883
-0.006230
0.001123
-0.036326
0.031369
0.072740
-0.183112
0.027954
0.301134
-0.149750
-0.984765
2.279862
1.274219
0.741835
0.447729
0.525326
0.403734
0.145837
0.074489
0.169840
0.158474
0.090906
0.317910
0.011431
0.055999
0.190882
0.196011
0.061234
0.096303
0.136577
0.059533
0.145944
0.080745
0.184535
0.015290
0.144732
0.121322
0.075221
0.063975
0.124993
0.123278
0.074989
0.070792
0.076412
0.118513
0.110506
0.052465
0.090132
0.080094
0.086255
0.076399
0.074707
0.075036
0.098398
0.051318
0.082613
0.096777
0.059110
0.091044
0.064523
0.082904
0.063541
0.057929
0.086445
0.062992
0.085586
0.051715
0.056768
0.081188
0.064351
0.058244
0.080340
0.058918
0.066969
0.053934
0.056627
0.056785
0.054709
0.043415
0.091694
0.021770
0.054567
0.062205
0.040588
0.057167
0.063028
0.052435
0.046489
0.043593
0.073599
0.029889
0.053496
0.074860
0.015392
0.038776
0.070310
0.059844
0.028516
0.040342
0.045277
0.066076
0.012291
0.061033
0.047375
0.026161
0.059313
0.047742
0.015046
0.056359
0.041865
0.032592
0.047419
0.034706
0.021347
0.063738
0.019431
0.029576
0.051372
0.034159
0.042065
0.013240
0.043913
0.047936
0.033234
0.032120
0.012346
0.047290
0.051246
0.007852
0.019946
0.044042
0.046638
0.011152
0.031298
0.016915
0.053981
0.013368
0.031761
0.025267
0.050520
0.003406
0.026569
0.021169
0.034113
0.019856
0.012334
0.036766
0.036850
0.020020
0.004158
0.024945
0.046352
0.013037
0.019921
0.007268
0.048308
0.015741
0.014160
0.017455
0.026208
0.042931
0.008799
0.004647
0.033708
0.024751
0.015109
0.011316
0.022358
0.024368
0.023532
0.011824
0.001070
0.047654
0.000085
0.010113
0.043705
0.009621
0.017028
-0.004216
0.034028
0.024171
0.004030
0.020344
0.004248
0.034196
0.015500
0.000107
0.012862
0.024511
0.016892
-0.001249
0.026652
0.004898
0.017163
0.003753
0.020943
0.020816
0.005428
0.008015
0.038623
0.022270
-0.005527
0.007627
0.023796
0.035527
-0.006865
-0.004327
0.030403
0.023534
-0.000619
0.012366
0.001064
0.022672
0.002130
0.028291
-0.009223
0.016367
0.015248
0.007100
0.007649
0.015526
0.010528
-0.010327
0.033380
0.002527
0.000072
0.020277
-0.000970
0.010715
0.014924
-0.003717
0.007616
0.024525
-0.005159
0.022428
-0.003426
0.006201
0.009509
-0.001438
0.027046
0.010019
-0.020177
0.024597
0.011406
0.014498
-0.026587
0.018765
0.024923
-0.019017
0.023490
0.006373
0.006854
0.010278
-0.005887
0.011276
0.017514
-0.001219
-0.009522
0.023615
-0.002425
0.000952
0.017595
-0.007601
0.021125
-0.004329
0.015476
0.000305
-0.005447
0.024961
0.004578
-0.012175
0.028735
-0.011804
0.016737
-0.009696
0.026754
-0.018864
0.027808
-0.024601
0.037173
-0.018264
0.009737
0.007247
0.012491
-0.014069
0.013938
-0.005779
0.012416
0.010153
-0.021461
0.035376
-0.011217
0.004232
-0.014839
0.023548
-0.000528
0.011581
-0.010630
0.010692
0.006701
0.011038
-0.010121
0.012070
-0.007887
-0.004851
0.012866
0.003849
0.009516
-0.005843
0.002440
0.004187
-0.006280
0.008952
0.014929
-0.010359
-0.011741
0.021856
-0.001031
-0.003377
-0.000152
0.006583
-0.000970
0.003810
0.004675
-0.000104
0.000871
-0.014343
0.019436
0.000902
-0.005536
0.006745
-0.008236
0.015983
-0.019989
0.026061
-0.014390
0.011230
-0.024810
0.021842
-0.002043
-0.001417
0.000483
0.015490
-0.006335
0.000828
-0.000242
-0.009371
0.013401
-0.004044
-0.008071
0.007958
0.009496
-0.011702
-0.005089
0.018063
-0.018654
0.028451
-0.034818
0.032874
-0.025916
0.007961
-0.001936
0.005894
-0.002066
-0.003602
0.002801
-0.003391
0.011603
-0.018875
0.007191
0.007042
-0.007310
0.003480
-0.001700
0.002064
-0.007574
0.011448
-0.013590
0.010782
-0.016620
0.027352
-0.017659
-0.011928
0.021584
-0.001027
-0.019249
0.008892
0.005597
0.013585
-0.038461
0.022579
-0.003473
0.010768
-0.008551
-0.014267
0.008803
0.005871
-0.001564
-0.010386
0.000820
0.005579
-0.007022
0.002262
0.018113
-0.024996
0.006541
-0.004734
0.010551
-0.018775
0.013831
-0.021265
0.030583
0.000577
-0.026673
-0.009822
0.025435
0.004290
-0.012117
-0.002760
-0.022542
0.037614
-0.039125
0.030029
-0.015541
0.023831
-0.045474
0.021297
-0.005772
0.024194
-0.029992
-0.002594
0.022790
-0.018049
-0.003786
0.011574
-0.008302
-0.003310
-0.007319
0.002343
0.008913
-0.005761
-0.022776
0.013121
0.004040
-0.002198
-0.016046
0.001147
0.014642
-0.015949
-0.016425
0.031776
-0.018282
-0.001650
0.002604
-0.021246
0.016611
-0.002437
0.006582
-0.023066
0.001939
0.021843
-0.011236
-0.023245
0.021077
-0.014613
0.001012
0.002548
-0.011125
-0.003350
0.021561
-0.035860
0.029286
-0.021575
-0.004824
0.007392
-0.004212
0.005582
-0.018502
0.004445
0.011417
-0.009963
-0.012221
-0.007572
0.020055
-0.005998
-0.007148
-0.020184
0.014926
0.021435
-0.035891
0.002320
-0.007217
0.014106
0.009944
-0.038943
0.025451
0.009492
-0.037408
0.015960
-0.010895
0.012055
-0.004049
-0.011138
-0.003906
0.010679
-0.019035
0.013642
-0.010099
0.007464
-0.016403
0.000849
0.010392
-0.003679
-0.006613
-0.003959
-0.003728
-0.006480
0.016667
-0.013944
-0.015189
0.013613
-0.003433
-0.016372
0.011429
0.001158
-0.009222
-0.008777
0.032332
-0.038441
0.003288
-0.000623
0.008248
-0.017393
0.007307
-0.005105
0.004248
-0.020454
0.019378
-0.017760
0.006819
0.025582
0.002606
-0.000197
0.008886
-0.010424
0.011574
-0.008163
0.003119
-0.010619
0.015182
-0.023753
0.015280
0.003508
0.000232
-0.017834
0.007024
0.006591
-0.013778
0.007495
0.008256
-0.006779
-0.002872
0.003569
-0.003384
-0.005773
0.007610
-0.027212
0.027207
-0.006289
-0.000928
-0.018549
0.016076
0.005094
-0.016521
0.003764
-0.008328
0.012927
-0.007160
-0.009468
0.006205
0.009121
-0.022508
0.014314
-0.019470
0.020379
-0.002717
-0.019733
0.006571
-0.000638
-0.009043
0.004633
0.006821
-0.012957
-0.004273
0.002804
0.003936
-0.007354
-0.004611
0.001009
0.020172
-0.046941
0.028734
-0.011500
-0.006459
0.007354
0.003105
-0.008848
0.004549
-0.000328
0.002607
0.006003
-0.024403
0.027413
-0.012914
0.006751
-0.003390
-0.018276
0.023847
-0.008646
-0.004590
0.016773
-0.024286
-0.003424
0.023942
-0.020497
-0.009687
0.007012
0.011196
-0.015229
-0.002993
-0.003919
0.013140
0.005671
-0.018223
-0.003115
0.008345
0.010286
-0.006018
-0.013975
0.018087
-0.002673
-0.023319
0.027705
-0.028516
0.015817
0.000592
-0.005847
-0.000078
0.010500
-0.013750
-0.005231
0.006412
0.004119
-0.004504
-0.020349
0.021190
-0.000155
-0.014929
-0.003356
0.009162
-0.003642
-0.000088
-0.003859
-0.007578
0.019178
-0.021044
-0.005121
0.002834
0.011354
-0.013139
-0.001604
0.016165
-0.005927
-0.019736
0.001788
-0.002255
0.015751
-0.020713
0.007957
0.003204
-0.003864
-0.008962
-0.000737
0.012110
0.007018
-0.025858
0.009389
0.007016
-0.007527
0.000358
-0.002929
-0.002808
-0.011890
0.015606
-0.007580
-0.003491
-0.001456
0.001566
-0.003290
0.004014
0.000170
-0.009067
-0.004953
0.008315
-0.003386
-0.010470
-0.002470
0.011987
0.005333
-0.029393
0.013564
0.001225
0.007149
-0.021097
0.007021
0.005837
-0.010005
0.003164
-0.008861
0.006446
-0.009738
0.000319
-0.007091
0.009043
-0.002235
-0.009040
0.003769
0.008224
-0.018623
-0.000466
0.009548
-0.011873
0.019199
-0.031321
-0.000895
0.026848
-0.022039
0.000856
0.000032
-0.003631
-0.004108
0.013962
-0.028446
0.023457
-0.012750
0.017327
-0.041432
0.036240
-0.028620
0.034108
-0.050513
0.026205
0.006580
-0.016550
0.000079
-0.000212
-0.004189
0.001959
-0.009359
0.019835
-0.024167
0.001998
-0.014507
0.025270
0.005198
-0.033414
-0.003582
0.038931
-0.020730
-0.018595
-0.003260
0.031421
-0.018053
-0.009319
-0.009735
0.021325
-0.015190
0.004699
-0.015454
0.002921
0.007977
-0.001766
-0.016087
0.013491
0.000216
-0.022401
0.019678
-0.018039
0.011264
-0.004536
-0.014588
0.011600
-0.010040
0.006404
-0.003895
-0.010056
0.009327
-0.004901
-0.001079
-0.008848
0.011429
-0.021141
0.005704
0.014930
-0.021556
0.003991
0.006954
-0.017446
0.006502
0.003480
-0.004956
-0.008819
0.014159
-0.026908
0.021199
-0.007888
-0.003815
-0.004447
0.004736
-0.012911
0.013361
-0.008364
-0.004634
0.004690
-0.011214
0.017574
-0.008595
-0.001622
0.006890
0.001596
-0.017125
0.019890
-0.005057
-0.014923
0.014084
-0.018283
0.031457
-0.048657
0.054150
-0.079293
0.112839
-0.107040
0.045081
-0.009665
0.004748
-0.017180
-0.003247
0.023524
-0.024008
0.006577
-0.011366
0.022951
-0.024966
0.009730
-0.019340
0.019865
-0.014501
-0.000751
-0.006944
0.003835
0.012832
-0.012320
0.004502
-0.009321
0.017108
-0.014975
0.003748
0.011061
-0.007270
-0.009987
0.015763
-0.013632
0.009839
-0.008340
-0.002591
0.000266
-0.000519
0.006604
-0.021979
0.031295
-0.024165
-0.008977
0.019894
-0.024689
0.034803
-0.039354
0.017722
-0.009268
0.011598
-0.014506
0.002838
-0.010009
0.017317
-0.021622
0.006265
0.007019
-0.006115
0.001165
-0.019013
0.025370
-0.022101
0.021732
-0.077117
0.130696
-0.110030
0.014555
0.002142
-0.007503
0.016882
-0.022589
-0.000301
0.012086
-0.006999
-0.019396
0.005272
-0.003494
0.005290
-0.013543
-0.008810
0.019876
-0.016760
-0.007629
-0.006755
0.021331
-0.022459
0.008471
-0.026952
0.021740
-0.011792
-0.022081
0.029102
-0.023013
0.003916
-0.015278
-0.002279
0.008856
-0.007938
-0.008305
-0.002513
-0.015748
0.016225
-0.015221
-0.012453
0.018411
-0.016221
0.000860
-0.010940
-0.006680
0.008048
-0.013309
-0.010211
-0.001158
0.008221
-0.008591
-0.011051
0.003323
-0.010601
0.003575
-0.013765
0.007017
-0.015016
-0.027918
0.035744
-0.019575
0.003927
-0.047952
0.077174
-0.094141
0.060589
-0.117391
0.386259
-0.839564
0.937279
