-0.369525
0.070384
-0.084286
0.008202
0.032457
-0.003666
-0.031693
0.004567
0.036576
-0.063091
0.087185
-0.068469
-0.001958
0.031090
-0.011775
-0.002103
-0.001467
-0.014179
0.014357
-0.000524
-0.024657
0.037769
-0.032133
0.000449
0.024148
-0.028055
0.002297
0.005409
0.006090
-0.011040
-0.003723
0.008567
-0.019602
0.015843
-0.005549
-0.002209
-0.018666
0.029910
-0.018440
-0.000411
-0.000360
-0.000117
0.005261
-0.016031
0.000005
0.013357
-0.019159
0.011416
-0.007753
-0.003453
0.006484
-0.011472
0.007521
0.001449
-0.023586
-0.000322
0.080835
-0.143491
0.016393
0.239103
-0.066476
-0.897737
2.182257
0.953549
0.838425
0.603006
0.490179
0.324394
0.214899
0.103292
0.156780
0.103049
0.177759
0.260385
-0.024296
0.074957
0.178926
0.175342
0.050382
0.108959
0.111968
0.078007
0.123411
0.094110
0.095718
0.076290
0.120054
0.133308
0.048182
0.080082
0.133593
0.135247
0.038050
0.109050
0.081964
0.110340
0.094377
0.070965
0.073266
0.090934
0.104437
0.077348
0.060665
0.085090
0.105752
0.055586
0.077735
0.078364
0.080607
0.073316
0.064846
0.089722
0.065145
0.057927
0.094437
0.050818
0.066826
0.067585
0.062866
0.060718
0.075796
0.048241
0.074133
0.057451
0.066556
0.047524
0.059228
0.068398
0.058882
0.039280
0.087622
0.033890
0.061616
0.054935
0.050752
0.048565
0.049789
0.049498
0.055255
0.058940
0.039904
0.045000
0.035244
0.067348
0.032025
0.040007
0.054354
0.040457
0.047799
0.034490
0.050405
0.040878
0.041713
0.034085
0.050622
0.022133
0.068719
0.013886
0.042896
0.047535
0.038469
0.017066
0.052138
0.034434
0.031480
0.037595
0.039514
0.021338
0.031186
0.043107
0.024939
0.041164
0.021951
0.036076
0.017311
0.056122
0.006429
0.037790
0.034019
0.025393
0.013968
0.048753
0.016182
0.027120
0.035599
0.012606
0.035365
0.028115
0.022540
0.016017
0.030982
0.025335
0.017110
0.019242
0.024275
0.034629
0.004150
0.026152
0.026387
0.029385
0.014203
0.018089
0.035849
0.010411
0.021705
0.017218
0.013511
0.041478
-0.003512
0.027495
0.023580
0.010879
0.017848
0.021771
0.011712
0.023968
0.011808
0.013688
0.032854
0.008716
0.017943
0.012297
0.015775
0.022040
0.004625
0.004658
0.042488
0.005223
-0.002751
0.036923
0.003957
0.018042
0.009513
0.015741
0.026609
0.020036
-0.002066
0.019959
0.017011
0.021748
0.008092
-0.000681
0.032025
0.009172
0.007445
0.009865
0.010332
0.027297
0.005456
0.002142
0.024257
0.011832
0.012693
-0.001208
0.014536
0.023218
0.003289
-0.002753
0.032671
0.014684
-0.010278
0.015715
0.006177
0.020558
0.007667
-0.004831
0.009596
0.017301
0.011382
0.005459
0.002169
0.019592
0.003227
0.002133
0.024475
-0.002017
-0.005100
0.025914
0.012910
-0.007469
0.019344
-0.015310
0.039280
-0.006213
0.020980
-0.024465
0.028261
0.006961
0.013262
-0.009790
0.020546
-0.003071
0.007156
0.007592
0.017064
-0.009840
0.018208
-0.011842
0.024042
0.002032
0.004397
-0.002873
0.005619
0.021649
-0.016385
0.008044
0.011912
0.013280
-0.009560
0.016940
-0.011700
0.023585
-0.011615
0.004985
0.014277
0.024390
0.007661
-0.008643
0.028950
0.000077
-0.000073
-0.006413
0.014703
0.006930
0.004034
0.005644
0.011226
0.003396
0.014705
-0.011673
0.017308
-0.006927
0.023537
-0.020855
0.010965
0.025019
-0.017303
-0.005526
0.024451
0.002884
-0.011182
0.015011
0.003041
0.009005
0.001890
-0.010820
0.025149
-0.008723
-0.004337
0.010620
0.013731
0.002223
-0.009985
-0.004687
0.031056
-0.008627
-0.006900
0.020132
-0.017401
0.017598
-0.007135
0.010603
0.004232
0.001478
-0.003930
0.003761
0.005609
0.005019
-0.005649
-0.000429
0.010513
0.000741
-0.006706
0.010185
-0.000600
-0.003989
0.008850
0.001039
-0.004186
0.004407
0.008348
-0.008832
0.001785
0.011044
0.000490
-0.014620
0.017971
-0.004642
0.007083
-0.007029
0.004894
-0.000681
0.000331
-0.001942
0.016209
-0.012661
0.006127
-0.009287
0.010049
0.015547
-0.022606
0.007863
0.012559
0.000998
-0.020885
0.018564
-0.005444
0.009789
-0.022225
0.014603
0.018386
-0.001896
0.002053
-0.000670
0.011995
0.002444
-0.008610
0.003577
0.002376
0.006846
-0.012146
0.021421
-0.024688
0.015624
0.002075
-0.007890
0.009059
-0.009827
0.017509
-0.018893
0.008030
0.009089
-0.013782
0.005192
0.016598
-0.017576
0.002250
0.006027
-0.005923
0.007580
-0.014619
0.012546
-0.005941
0.004832
0.000119
-0.002896
-0.013394
0.018559
-0.008587
-0.005827
0.010050
-0.005799
0.003366
-0.002168
-0.004688
0.009722
-0.004090
-0.012674
0.007495
0.001746
0.011369
-0.014798
-0.008363
0.012160
0.002478
-0.014835
0.010083
0.001634
-0.004693
-0.000915
-0.009471
0.006347
0.006964
-0.008548
-0.001837
0.004043
-0.000828
-0.002391
-0.005839
0.016823
-0.007584
-0.016319
0.023801
-0.015151
0.002490
-0.001614
0.000784
0.000792
-0.007889
0.002815
0.005108
-0.003817
0.000784
-0.009774
0.002483
0.004504
-0.003913
-0.004861
0.013980
-0.017354
-0.001809
0.005873
-0.004624
-0.002031
0.003669
-0.007283
0.010388
-0.016941
0.015555
-0.011388
0.004746
0.002049
-0.009841
-0.010310
0.010613
0.004892
-0.025939
0.025402
-0.010544
-0.005776
0.000882
0.003451
0.016199
-0.021365
0.010915
-0.006007
0.000742
0.002476
-0.010971
0.007068
0.014179
-0.018398
-0.000101
0.021928
-0.024018
0.005746
-0.003551
0.002389
0.006186
-0.011639
0.001301
-0.001092
0.001200
0.008690
-0.010287
-0.007615
0.016169
-0.014092
-0.000192
0.009630
-0.018451
0.013646
-0.017081
0.015228
-0.009810
0.015870
-0.016712
-0.005671
0.001133
0.015379
-0.012118
-0.006641
0.010329
0.002074
-0.012741
0.005012
0.003649
-0.004495
-0.005723
0.006703
-0.000673
-0.001279
-0.000444
-0.007693
0.006238
-0.005224
0.004782
-0.013464
0.016090
-0.010471
0.001404
-0.005763
0.000359
-0.001181
-0.002862
-0.001149
0.009981
-0.008561
-0.002700
0.005315
-0.005916
0.006108
-0.012352
0.000381
0.013666
-0.018875
0.007582
-0.004788
0.002626
-0.009554
0.008711
-0.007011
0.003331
-0.000390
0.004727
-0.017214
0.009255
0.006231
-0.012234
-0.009087
0.018832
-0.018314
0.005076
-0.005714
0.012465
-0.010050
0.002990
-0.010893
0.009416
0.000434
-0.007316
0.000441
-0.011922
0.027395
-0.031467
0.004965
0.011694
0.003878
-0.022550
0.004022
0.011403
-0.009768
-0.000722
-0.011711
0.016420
-0.009632
0.001782
-0.001786
-0.002955
0.003191
0.001296
-0.021474
0.024546
-0.010081
-0.005461
0.001468
-0.001594
-0.006628
0.011005
-0.004748
-0.002013
-0.001871
0.010201
-0.011527
0.006666
-0.001928
-0.003640
0.001303
0.004449
-0.000914
-0.018301
0.024876
-0.010309
-0.001339
-0.012385
0.015038
0.000600
-0.007318
0.001395
-0.010690
0.014593
0.004464
-0.023198
0.005866
0.013715
-0.010085
-0.002717
0.004924
-0.007703
0.002919
0.000043
-0.001271
-0.003551
0.005183
-0.005421
0.011794
-0.017890
0.018701
-0.014846
-0.003694
0.020167
-0.018126
-0.000567
0.001643
0.005776
-0.002608
-0.008066
0.001280
0.003055
0.004234
-0.002854
-0.011765
0.008556
0.005919
-0.012539
0.001304
0.015739
-0.017060
-0.009485
0.017018
-0.004102
-0.004164
-0.004511
0.002764
0.007501
-0.009345
-0.000854
-0.004812
0.016988
-0.015027
0.002589
-0.008301
0.021548
-0.017145
-0.001112
0.008354
-0.001200
-0.005897
-0.011580
0.006707
0.009859
-0.002558
-0.007440
-0.010249
0.019824
-0.003046
-0.008368
-0.001535
0.018110
-0.001814
-0.017514
0.015683
-0.004741
-0.004132
-0.000836
-0.000822
0.006710
-0.000391
0.001973
-0.012520
0.003193
0.006531
-0.007263
-0.006223
0.013912
-0.004988
-0.009240
0.011255
-0.004142
0.003770
-0.010689
0.013593
-0.005014
-0.007773
0.006458
-0.006050
0.014235
-0.013533
0.003746
-0.012786
0.023081
-0.012916
-0.004083
0.006410
-0.003161
0.002204
-0.010102
0.010300
0.000787
-0.003576
-0.001971
0.003477
-0.006765
0.004925
0.002311
-0.010130
0.015239
-0.001808
-0.010496
0.010722
-0.009578
0.013301
-0.004865
-0.005342
0.007239
0.005329
-0.002074
-0.014785
0.013912
0.007716
-0.012111
-0.002784
0.011941
0.003536
-0.017921
0.010244
0.005109
0.000224
-0.014938
0.012923
0.001363
-0.003897
0.004028
-0.012321
0.005670
0.015568
-0.021999
-0.002765
0.026618
-0.020699
0.001545
-0.004757
0.019020
-0.016944
0.015125
-0.031546
0.035253
-0.020192
0.011841
-0.014667
0.006199
0.006674
0.001460
-0.018329
0.007718
0.008880
-0.010126
0.007807
-0.006737
0.001201
0.001893
-0.001676
0.002308
0.004834
-0.007534
-0.005912
-0.000153
0.018182
-0.016659
-0.005135
0.020989
-0.008954
-0.001953
-0.002307
0.002695
-0.000854
-0.002603
-0.000896
-0.000570
0.008367
-0.003980
-0.006512
0.000556
0.017019
-0.017904
-0.007426
0.022828
-0.017713
0.009064
-0.005923
0.010003
-0.012324
0.006188
-0.013157
0.019892
-0.004722
-0.012088
0.002947
0.003973
0.013110
-0.027330
0.014527
-0.004687
0.012265
-0.018962
0.015845
-0.018158
0.016299
-0.022011
0.037334
-0.062007
0.090808
-0.080949
0.034604
-0.001975
-0.003597
0.005233
-0.016649
0.020205
-0.011227
0.010863
-0.022157
0.028451
-0.026190
0.009266
0.003312
-0.004768
0.005414
-0.003982
-0.013217
0.024607
-0.007850
-0.010570
0.002594
0.016521
-0.019756
0.011562
-0.010857
0.007903
-0.000867
0.002280
0.000547
0.000817
-0.002843
-0.009123
0.019315
-0.018491
0.020265
-0.015500
-0.008582
0.020908
-0.007929
-0.008165
0.007208
-0.000643
0.007349
-0.015147
0.005939
0.007119
-0.005512
-0.004895
-0.007744
0.019046
-0.004305
-0.015181
0.011921
-0.001392
0.006585
-0.013183
-0.000768
0.003537
0.011031
0.000222
-0.064526
0.116887
-0.090261
0.027746
-0.034313
0.020515
0.001990
-0.006623
-0.015915
0.023530
-0.011315
-0.013504
0.018602
-0.013686
0.001902
-0.004499
0.005096
-0.006484
-0.010679
0.007838
0.002869
-0.014213
0.008071
-0.003419
-0.006560
0.006591
-0.009154
-0.006006
0.008858
-0.009954
0.007240
-0.007592
-0.005878
0.003745
-0.000081
-0.013240
0.011264
-0.016171
0.014451
-0.012644
0.000918
-0.007886
0.008149
-0.009513
-0.008879
0.008571
-0.005860
0.003955
-0.016006
0.014343
-0.019105
0.008205
-0.009088
0.003515
-0.010567
0.002839
-0.012061
0.011191
-0.010313
-0.007415
0.010508
-0.014366
0.008309
-0.036359
0.068873
-0.092032
0.063949
-0.108789
0.359888
-0.803330
0.905363
