-0.000819
-0.000785
-0.000756
-0.000731
-0.000711
-0.000695
-0.000682
-0.000673
-0.000666
-0.000660
-0.000655
-0.000648
-0.000640
-0.000626
-0.000607
-0.000578
-0.000537
-0.000482
-0.000407
-0.000308
-0.000180
-0.000016
0.000190
0.000446
0.000763
0.001150
0.001619
0.002183
0.002856
0.003654
0.004593
0.005691
0.006966
0.008437
0.010124
0.012046
0.014220
0.016666
0.019398
0.022432
0.025776
0.029441
0.033428
0.037737
0.042362
0.047291
0.052506
0.057984
0.063695
0.069603
0.075664
0.081833
0.088056
0.094277
0.100437
0.106474
0.112325
0.117929
0.123225
0.128156
0.132670
0.136720
0.140263
0.143268
0.145710
0.147571
0.148845
0.149534
0.149648
0.149205
0.148233
0.146765
0.144840
0.142503
0.139803
0.136788
0.133512
0.130027
0.126383
0.122631
0.118816
0.114981
0.111167
0.107406
0.103730
0.100163
0.096726
0.093434
0.090298
0.087327
0.084523
0.081886
0.079415
0.077105
0.074948
0.072938
0.071065
0.069319
0.067691
0.066169
0.064746
0.063410
0.062154
0.060967
0.059844
0.058776
0.057757
0.056781
0.055844
0.054940
0.054066
0.053219
0.052396
0.051593
0.050810
0.050044
0.049295
0.048560
0.047838
0.047130
0.046434
0.045750
0.045077
0.044414
0.043763
0.043122
0.042492
0.041871
0.041260
0.040660
0.040068
0.039487
0.038914
0.038351
0.037797
0.037251
0.036714
0.036185
0.035664
0.035151
0.034645
0.034146
0.033654
0.033169
0.032689
0.032216
0.031749
0.031288
0.030831
0.030381
0.029935
0.029495
0.029060
0.028630
0.028205
0.027785
0.027370
0.026960
0.026556
0.026157
0.025762
0.025374
0.024990
0.024612
0.024239
0.023871
0.023509
0.023152
0.022801
0.022454
0.022113
0.021778
0.021447
0.021122
0.020802
0.020487
0.020177
0.019872
0.019572
0.019277
0.018987
0.018703
0.018423
0.018147
0.017877
0.017612
0.017351
0.017095
0.016844
0.016597
0.016355
0.016117
0.015884
0.015655
0.015430
0.015209
0.014992
0.014778
0.014568
0.014362
0.014159
0.013959
0.013763
0.013569
0.013378
0.013191
0.013005
0.012823
0.012643
0.012465
0.012290
0.012117
0.011947
0.011779
0.011613
0.011449
0.011288
0.011128
0.010972
0.010817
0.010664
0.010514
0.010366
0.010220
0.010076
0.009934
0.009794
0.009657
0.009521
0.009388
0.009256
0.009126
0.008997
0.008871
0.008745
0.008621
0.008498
0.008377
0.008256
0.008136
0.008017
0.007899
0.007781
0.007664
0.007547
0.007430
0.007314
0.007198
0.007083
0.006967
0.006852
0.006738
0.006624
0.006511
0.006398
0.006287
0.006176
0.006067
0.005958
0.005852
0.005747
0.005643
0.005541
0.005442
0.005344
0.005248
0.005155
0.005064
0.004975
0.004888
0.004804
0.004722
0.004642
0.004565
0.004489
0.004416
0.004344
0.004275
0.004207
0.004142
0.004078
0.004015
0.003955
0.003895
0.003837
0.003780
0.003725
0.003670
0.003616
0.003563
0.003511
0.003460
0.003409
0.003358
0.003308
0.003258
0.003208
0.003158
0.003108
0.003058
0.003007
0.002956
0.002905
0.002853
0.002800
0.002747
0.002694
0.002640
0.002586
0.002532
0.002477
0.002422
0.002367
0.002312
0.002258
0.002203
0.002150
0.002097
0.002045
0.001994
0.001944
0.001896
0.001849
0.001803
0.001759
0.001717
0.001676
0.001636
0.001598
0.001562
0.001526
0.001492
0.001459
0.001427
0.001396
0.001366
0.001335
0.001306
0.001276
0.001246
0.001216
0.001185
0.001154
0.001123
0.001090
0.001057
0.001024
0.000989
0.000954
0.000918
0.000881
0.000843
0.000805
0.000767
0.000728
0.000689
0.000649
0.000610
0.000571
0.000531
0.000492
0.000454
0.000415
0.000378
0.000340
0.000303
0.000267
0.000232
0.000197
0.000162
0.000128
0.000095
0.000062
0.000030
-0.000002
-0.000033
-0.000063
-0.000094
-0.000123
-0.000152
-0.000181
-0.000209
-0.000237
-0.000264
-0.000291
-0.000317
-0.000343
-0.000368
-0.000392
-0.000416
-0.000439
-0.000461
-0.000483
-0.000505
-0.000525
-0.000545
-0.000565
-0.000584
-0.000602
-0.000620
-0.000637
-0.000653
-0.000669
-0.000684
-0.000698
-0.000712
-0.000725
-0.000737
-0.000749
-0.000760
-0.000769
-0.000778
-0.000786
-0.000794
-0.000800
-0.000805
-0.000810
-0.000814
-0.000817
-0.000819
-0.000821
-0.000822
-0.000823
-0.000823
-0.000824
-0.000825
-0.000825
-0.000826
-0.000828
-0.000830
-0.000832
-0.000836
-0.000840
-0.000846
-0.000852
-0.000859
-0.000867
-0.000877
-0.000887
-0.000899
-0.000912
-0.000925
-0.000939
-0.000954
-0.000970
-0.000987
-0.001004
-0.001021
-0.001039
-0.001057
-0.001075
-0.001093
-0.001111
-0.001129
-0.001147
-0.001165
-0.001183
-0.001200
-0.001218
-0.001235
-0.001251
-0.001268
-0.001284
-0.001300
-0.001315
-0.001330
-0.001345
-0.001360
-0.001374
-0.001388
-0.001402
-0.001415
-0.001428
-0.001440
-0.001452
-0.001464
-0.001475
-0.001486
-0.001496
-0.001505
-0.001514
-0.001522
-0.001530
-0.001537
-0.001544
-0.001550
-0.001555
-0.001560
-0.001564
-0.001568
-0.001572
-0.001575
-0.001578
-0.001580
-0.001582
-0.001584
-0.001586
-0.001588
-0.001589
-0.001590
-0.001592
-0.001593
-0.001594
-0.001596
-0.001597
-0.001598
-0.001599
-0.001601
-0.001602
-0.001603
-0.001605
-0.001606
-0.001607
-0.001608
-0.001610
-0.001611
-0.001612
-0.001613
-0.001614
-0.001615
-0.001616
-0.001617
-0.001618
-0.001620
-0.001621
-0.001622
-0.001623
-0.001624
-0.001625
-0.001626
-0.001627
-0.001628
-0.001629
-0.001630
-0.001631
-0.001631
-0.001632
-0.001632
-0.001631
-0.001631
-0.001630
-0.001629
-0.001627
-0.001624
-0.001621
-0.001617
-0.001613
-0.001608
-0.001602
-0.001595
-0.001587
-0.001578
-0.001569
-0.001558
-0.001547
-0.001535
-0.001522
-0.001508
-0.001494
-0.001479
-0.001463
-0.001447
-0.001431
-0.001414
-0.001397
-0.001380
-0.001364
-0.001347
-0.001331
-0.001315
-0.001300
-0.001286
-0.001273
-0.001260
-0.001249
-0.001239
-0.001229
-0.001222
-0.001215
-0.001210
-0.001206
-0.001203
-0.001202
-0.001201
-0.001202
-0.001204
-0.001207
-0.001211
-0.001216
-0.001221
-0.001227
-0.001234
-0.001240
-0.001247
-0.001254
-0.001261
-0.001268
-0.001275
-0.001281
-0.001288
-0.001293
-0.001299
-0.001304
-0.001308
-0.001312
-0.001315
-0.001317
-0.001319
-0.001321
-0.001322
-0.001322
-0.001322
-0.001321
-0.001319
-0.001317
-0.001314
-0.001311
-0.001307
-0.001303
-0.001297
-0.001292
-0.001285
-0.001279
-0.001271
-0.001263
-0.001254
-0.001245
-0.001236
-0.001226
-0.001215
-0.001204
-0.001193
-0.001181
-0.001170
-0.001158
-0.001146
-0.001134
-0.001122
-0.001111
-0.001100
-0.001089
-0.001079
-0.001069
-0.001059
-0.001050
-0.001042
-0.001035
-0.001028
-0.001021
-0.001016
-0.001010
-0.001006
-0.001001
-0.000997
-0.000994
-0.000990
-0.000987
-0.000984
-0.000980
-0.000977
-0.000973
-0.000969
-0.000965
-0.000960
-0.000955
-0.000949
-0.000943
-0.000936
-0.000929
-0.000922
-0.000914
-0.000906
-0.000897
-0.000889
-0.000880
-0.000872
-0.000863
-0.000855
-0.000847
-0.000840
-0.000833
-0.000827
-0.000821
-0.000816
-0.000812
-0.000809
-0.000807
-0.000805
-0.000805
-0.000805
-0.000806
-0.000808
-0.000811
-0.000815
-0.000819
-0.000824
-0.000830
-0.000836
-0.000842
-0.000849
-0.000856
-0.000863
-0.000870
-0.000877
-0.000884
-0.000891
-0.000898
-0.000905
-0.000912
-0.000919
-0.000925
-0.000931
-0.000937
-0.000943
-0.000948
-0.000953
-0.000958
-0.000963
-0.000968
-0.000973
-0.000977
-0.000982
-0.000986
-0.000990
-0.000994
-0.000998
-0.001002
-0.001006
-0.001010
-0.001013
-0.001016
-0.001019
-0.001022
-0.001024
-0.001026
-0.001028
-0.001028
-0.001029
-0.001028
-0.001027
-0.001025
-0.001022
-0.001019
-0.001015
-0.001010
-0.001004
-0.000997
-0.000990
-0.000982
-0.000973
-0.000964
-0.000955
-0.000945
-0.000935
-0.000925
-0.000915
-0.000905
-0.000896
-0.000887
-0.000879
-0.000871
-0.000864
-0.000858
-0.000853
-0.000849
-0.000846
-0.000844
-0.000843
-0.000843
-0.000845
-0.000847
-0.000850
-0.000855
-0.000860
-0.000866
-0.000872
-0.000879
-0.000887
-0.000895
-0.000904
-0.000912
-0.000921
-0.000929
-0.000938
-0.000946
-0.000954
-0.000962
-0.000969
-0.000976
-0.000982
-0.000988
-0.000993
-0.000998
-0.001002
-0.001005
-0.001008
-0.001011
-0.001013
-0.001014
-0.001015
-0.001016
-0.001017
-0.001017
-0.001017
-0.001017
-0.001017
-0.001016
-0.001016
-0.001016
-0.001015
-0.001015
-0.001015
-0.001015
-0.001016
-0.001016
-0.001017
-0.001018
-0.001019
-0.001020
-0.001021
-0.001023
-0.001025
-0.001027
-0.001029
-0.001031
-0.001033
-0.001036
-0.001039
-0.001042
-0.001045
-0.001048
-0.001051
-0.001055
-0.001058
-0.001062
-0.001066
-0.001070
-0.001075
-0.001079
-0.001084
-0.001089
-0.001094
-0.001099
-0.001104
-0.001109
-0.001114
-0.001120
-0.001125
-0.001130
-0.001135
-0.001140
-0.001145
-0.001149
-0.001153
-0.001157
-0.001161
-0.001164
-0.001166
-0.001169
-0.001170
-0.001171
-0.001172
-0.001172
-0.001172
-0.001171
-0.001169
-0.001167
-0.001165
-0.001163
-0.001160
-0.001156
-0.001153
-0.001149
-0.001145
-0.001141
-0.001137
-0.001133
-0.001128
-0.001124
-0.001120
-0.001116
-0.001112
-0.001107
-0.001103
-0.001099
-0.001094
-0.001089
-0.001084
-0.001078
-0.001072
-0.001064
-0.001056
-0.001047
-0.001037
-0.001026
-0.001013
-0.000999
-0.000983
-0.000966
-0.000947
-0.000927
-0.000905
-0.000881
-0.000857
-0.000831
-0.000804
-0.000776
-0.000748
-0.000719
-0.000690
-0.000662
-0.000633
-0.000606
-0.000579
-0.000553
-0.000529
-0.000506
-0.000485
-0.000465
-0.000448
-0.000432
-0.000418
-0.000406
-0.000396
-0.000388
-0.000382
-0.000377
-0.000374
-0.000373
-0.000374
-0.000376
-0.000379
-0.000384
-0.000391
-0.000399
-0.000408
-0.000419
-0.000432
-0.000447
-0.000463
-0.000481
-0.000501
-0.000523
-0.000546
-0.000572
-0.000599
-0.000628
-0.000658
-0.000689
-0.000722
-0.000755
-0.000789
-0.000823
-0.000857
-0.000891
-0.000925
-0.000957
-0.000988
-0.001018
-0.001047
-0.001074
-0.001099
-0.001123
-0.001144
-0.001165
-0.001183
-0.001201
-0.001217
-0.001233
-0.001248
-0.001262
-0.001277
-0.001292
-0.001307
-0.001324
-0.001341
-0.001359
-0.001379
-0.001401
-0.001424
-0.001448
-0.001475
-0.001502
-0.001531
-0.001561
-0.001592
-0.001623
-0.001655
-0.001686
-0.001717
-0.001747
-0.001775
-0.001802
-0.001826
-0.001848
-0.001866
-0.001880
-0.001891
-0.001897
-0.001899
-0.001896
-0.001888
-0.001874
-0.001855
-0.001831
-0.001801
-0.001767
-0.001727
-0.001683
-0.001635
-0.001583
-0.001528
-0.001471
-0.001411
-0.001350
-0.001289
-0.001228
-0.001167
-0.001108
-0.001052
-0.000998
-0.000947
-0.000900
-0.000857
