-0.362505
0.062964
-0.074909
-0.003958
0.035692
-0.006955
-0.024957
-0.016149
0.044195
-0.076896
0.093618
-0.068764
-0.008491
0.021463
-0.002846
-0.013495
-0.004734
-0.015371
0.013535
0.004169
-0.042611
0.038688
-0.028833
0.001500
0.003834
-0.021771
0.014631
-0.018978
0.008323
-0.015497
0.002863
-0.013162
0.007059
-0.009341
-0.011089
0.012163
-0.031627
0.021500
-0.018792
0.002840
-0.008461
0.001193
-0.008160
-0.001273
-0.014244
0.007844
-0.016794
0.000915
0.003228
-0.018287
0.007034
-0.013188
0.001285
0.003872
-0.033831
-0.007708
0.113912
-0.173684
-0.051628
0.342346
0.055395
-1.401666
2.270941
2.095154
1.093596
0.124075
0.221150
0.344146
0.164758
-0.043781
0.086644
0.211705
0.158019
0.233570
0.122816
0.058250
0.166435
0.239126
0.089817
0.088068
0.114511
0.119548
0.128688
0.075857
0.145136
0.070835
0.101034
0.167212
0.058264
0.064953
0.120229
0.155534
0.064165
0.082199
0.056734
0.128566
0.136394
0.037662
0.080446
0.075588
0.122159
0.072528
0.065745
0.070495
0.109180
0.072740
0.067478
0.077538
0.071634
0.080633
0.054046
0.091815
0.063176
0.077711
0.064958
0.081141
0.044898
0.079030
0.065563
0.056359
0.069975
0.054941
0.057509
0.067405
0.060043
0.052903
0.046476
0.075467
0.051917
0.047023
0.075020
0.040169
0.041882
0.066028
0.049402
0.045827
0.053657
0.044765
0.053840
0.046030
0.041873
0.039931
0.055896
0.062436
0.034157
0.030672
0.062102
0.041166
0.029858
0.050441
0.038942
0.031013
0.041347
0.045659
0.039014
0.034799
0.044850
0.031407
0.034956
0.050550
0.019404
0.037684
0.049910
0.034448
0.001330
0.057757
0.043104
0.012636
0.027324
0.035293
0.048546
0.024582
0.028800
0.010951
0.038189
0.039746
0.019272
0.013153
0.047483
0.035426
0.002745
0.028198
0.039234
0.018706
0.020970
0.018336
0.048823
0.005701
0.024174
0.021401
0.021642
0.041966
0.006878
0.016596
0.033146
0.018025
0.010175
0.029350
0.025936
0.016733
0.015724
0.019206
0.028889
0.019214
0.013872
-0.003421
0.031728
0.041349
-0.001101
0.002984
0.040847
0.026424
-0.001872
0.017262
0.015558
0.026393
0.009075
0.001416
0.025104
0.027423
0.001059
0.011608
0.020587
0.037676
-0.009969
-0.003820
0.036717
0.017695
0.005375
-0.004127
0.035686
-0.001553
0.029934
-0.003618
0.019768
0.007681
0.015031
0.003942
0.014126
0.025945
-0.010260
0.001142
0.031460
0.009697
-0.014039
0.040945
-0.001094
0.015986
-0.006742
0.023641
0.004362
0.020014
-0.003010
0.008579
0.008928
0.028882
-0.005883
-0.013240
0.041244
-0.001878
0.008663
-0.003884
0.016356
0.008308
0.004893
0.001860
0.036464
-0.015251
0.004938
0.010026
0.012462
0.017499
-0.003424
-0.011096
0.022198
0.021859
-0.018721
0.011113
0.022124
0.006914
-0.010823
0.013136
0.016979
0.020180
0.000233
-0.005498
0.008119
0.011381
0.014658
-0.020439
0.020741
0.008888
-0.004858
0.005962
0.006948
0.011919
0.001736
0.008564
-0.002883
0.009374
0.006413
-0.004682
0.005358
0.015309
-0.004564
-0.006932
0.015247
0.007025
-0.001656
0.002520
0.001014
0.008581
-0.005240
0.004782
0.006412
0.008311
-0.000244
-0.003178
0.001481
0.015436
-0.006456
-0.001075
0.011375
0.003354
-0.011686
0.013295
-0.003813
0.004943
0.004417
-0.002323
0.007806
-0.011557
0.020221
-0.012045
0.009135
-0.001174
0.012340
-0.022346
0.027204
-0.006891
-0.015773
0.010107
0.013541
-0.011831
-0.001218
0.003057
0.012749
-0.005973
0.003637
-0.004238
0.004062
0.007259
-0.002153
-0.015525
0.023120
0.003536
-0.021388
0.011655
0.000845
-0.003649
-0.003833
0.003085
0.001848
0.007039
-0.000700
-0.004053
-0.010301
0.022068
-0.009862
-0.012132
0.013917
0.002842
-0.013581
-0.005007
0.009165
0.015487
-0.012260
-0.003498
0.016167
0.008546
-0.021925
0.000805
0.001839
0.008904
-0.005204
-0.016260
0.025548
-0.005469
-0.006975
-0.011941
0.018511
-0.006485
-0.000558
-0.013334
0.015149
-0.002618
0.000095
-0.019509
0.004567
0.019629
-0.007582
-0.030360
0.027656
0.002117
-0.011031
-0.009857
0.010634
-0.000996
-0.003324
-0.004836
0.004012
0.001227
-0.002308
-0.011676
0.003151
0.018296
-0.016084
-0.018079
0.019141
0.007319
-0.017542
0.001313
-0.005818
0.006992
-0.005724
-0.008572
0.004058
0.011298
-0.016217
-0.009140
0.000968
0.015254
-0.003875
-0.022756
0.024680
-0.002790
-0.014908
-0.004403
0.004579
-0.002426
0.007736
-0.021989
0.020851
-0.006094
-0.010680
0.001409
-0.003859
0.006193
-0.010494
-0.003641
0.014151
-0.005376
-0.018646
0.003743
0.007963
-0.006942
0.005130
-0.014122
0.004787
0.003070
-0.009307
-0.004474
0.003165
0.007898
-0.008325
-0.015984
0.014871
-0.002976
-0.004784
-0.006652
0.008655
-0.007853
0.001008
-0.019832
0.024057
-0.007930
-0.001464
-0.015597
-0.002436
0.022239
-0.016313
-0.011528
0.013252
-0.008779
-0.006425
0.000346
-0.005745
0.003864
-0.012198
0.007382
-0.004539
0.004386
-0.009234
0.003135
-0.010098
0.016736
-0.021759
-0.016364
0.031639
-0.013873
-0.013339
-0.000839
0.011943
-0.003770
-0.015843
-0.010233
0.021210
-0.003596
-0.003744
-0.016327
-0.006302
0.024756
-0.015864
-0.023405
0.023441
0.002306
-0.019091
0.002412
-0.005249
-0.000302
0.006756
-0.015041
-0.006094
0.006702
0.004748
-0.013376
-0.008573
0.015718
-0.009632
-0.014152
0.012240
-0.004542
-0.006539
-0.003950
-0.002146
0.008352
-0.007880
-0.014046
0.004090
0.006155
-0.002467
-0.022812
0.002931
0.020917
-0.002626
-0.034630
0.028508
-0.014633
-0.007827
0.004916
-0.009594
0.005061
-0.012579
0.008664
-0.008722
0.008479
-0.009194
-0.011257
0.000172
0.014990
-0.021764
-0.006384
0.008936
0.014347
-0.029078
-0.002450
0.014421
-0.005547
-0.007786
-0.001094
0.003641
0.000509
-0.010957
-0.004988
0.005347
-0.002687
-0.005938
-0.010110
0.012367
0.003419
-0.022528
0.006644
0.004615
-0.012225
0.002090
-0.013943
0.014363
-0.007229
0.002951
-0.020085
0.005126
0.010352
-0.004642
-0.020836
0.013667
-0.001003
-0.013508
-0.002754
0.001567
0.007454
-0.007695
-0.012337
0.001867
0.008012
-0.010960
-0.003297
-0.009002
0.015187
-0.009615
-0.007737
0.010179
0.005979
-0.011725
-0.011798
0.006451
-0.002767
-0.008066
-0.003905
0.010882
-0.005330
-0.000519
-0.016184
0.001667
0.015215
-0.017289
-0.002119
0.008109
-0.004399
-0.017954
0.002653
0.009996
-0.007175
-0.000759
-0.014323
0.000509
0.013579
-0.013913
-0.001257
-0.014958
0.032866
-0.021943
-0.013135
0.006275
0.013223
-0.023727
0.008270
-0.004944
0.005020
-0.021081
0.006476
0.007053
-0.002050
-0.005197
-0.009620
-0.001822
0.014592
-0.012195
-0.012522
0.012785
-0.003871
-0.019311
0.014319
-0.005004
0.007618
-0.017187
-0.005541
0.013499
-0.007496
-0.004486
-0.015905
0.014591
0.000156
-0.010080
-0.009096
0.017128
-0.004859
-0.019693
0.003534
0.006652
-0.000001
-0.005064
-0.005592
0.010637
-0.003551
-0.009986
0.000396
-0.018399
0.040341
-0.023447
-0.016926
0.020858
-0.009966
-0.012999
0.009578
-0.001071
-0.012574
0.004716
-0.005289
0.006487
-0.002279
-0.005538
-0.003601
-0.008440
0.019570
-0.015738
-0.019596
0.029118
-0.006226
-0.025374
0.009387
0.004308
-0.006147
-0.001718
-0.005486
0.008464
-0.001885
0.000235
-0.018799
0.007097
0.001109
-0.003572
-0.021134
0.024672
-0.007140
-0.006380
-0.006385
0.005451
0.001830
-0.015182
0.001068
0.004577
0.003853
-0.008496
-0.010561
-0.001143
0.018900
-0.021918
-0.009109
0.014011
0.004476
-0.026253
0.006686
-0.001961
0.007994
-0.013174
-0.001977
0.002186
0.003829
-0.012796
-0.003764
-0.005764
0.025473
-0.026689
-0.007605
0.013143
-0.000202
-0.014370
0.007245
-0.004585
0.004343
-0.018066
0.007045
0.009809
-0.012197
-0.003043
-0.007037
-0.003398
0.018541
-0.014986
-0.023310
0.027046
0.001016
-0.010600
-0.013180
0.004522
-0.000417
-0.002919
-0.003700
-0.001038
0.000628
0.003005
-0.014966
-0.000869
0.018827
-0.018232
-0.014623
0.020708
-0.009018
-0.014725
0.001113
0.006168
-0.000485
-0.014668
-0.004967
0.011841
0.004175
-0.013571
-0.011505
0.006971
0.014790
-0.021003
-0.013999
0.013134
0.005228
-0.015456
-0.008254
0.011013
-0.002200
-0.006562
-0.003851
-0.000809
-0.001042
-0.003775
-0.005931
-0.013914
0.026559
-0.020700
-0.007997
0.015639
-0.002922
-0.015751
0.003544
-0.001093
-0.011790
0.005189
-0.010225
0.008310
0.002517
-0.014860
-0.004749
-0.002068
0.010086
-0.001624
-0.024515
0.022703
-0.006285
-0.017974
0.005480
-0.004694
0.002310
-0.000330
-0.019805
0.014993
-0.005092
0.003940
-0.019057
0.000849
0.014249
-0.015359
-0.014346
0.017152
0.002652
-0.027520
0.011936
-0.003859
0.004756
-0.016859
-0.001550
0.012320
-0.005169
-0.012612
-0.007870
0.001634
0.021445
-0.024745
-0.013040
0.015396
0.003149
-0.021471
-0.001678
0.011443
-0.010189
-0.003522
-0.002557
0.001891
-0.005870
-0.006967
0.006363
-0.013261
0.013176
-0.008739
-0.017739
0.014979
0.008302
-0.035816
0.020607
-0.020978
0.029239
-0.042507
0.035688
-0.062553
0.093896
-0.092977
0.034163
-0.012503
0.022456
-0.026401
-0.009692
0.016010
-0.002476
-0.005458
-0.024761
0.026241
-0.017041
-0.000418
0.000377
-0.011015
0.009807
-0.010281
-0.008508
0.003430
0.004943
-0.011347
-0.011391
0.011107
-0.001413
-0.014643
0.000555
0.004131
-0.009621
-0.006819
0.006635
0.007412
-0.002887
-0.002547
-0.013251
0.012256
-0.006823
-0.000654
-0.017802
0.008604
0.008870
-0.021701
-0.000679
0.004289
0.006655
-0.020611
0.005977
-0.005263
0.006042
-0.002603
-0.020063
0.004058
0.009958
-0.010920
-0.010061
0.014542
-0.006335
0.002889
-0.032263
0.020171
0.000978
0.001997
-0.080698
0.129763
-0.078991
0.002786
-0.038065
0.014463
0.017043
-0.017275
-0.013654
0.008970
0.000108
-0.013483
0.010519
-0.022542
-0.000872
-0.003356
-0.001518
-0.004866
-0.011768
0.002331
-0.001275
-0.002518
-0.011149
0.003686
-0.027245
0.013136
0.005591
-0.022969
-0.002109
-0.000114
0.003834
-0.020722
-0.001125
-0.002194
0.001607
-0.008022
-0.006744
-0.009432
0.006074
-0.006626
-0.016157
-0.002027
0.006556
-0.012595
-0.007541
-0.003001
-0.001720
-0.014218
-0.003980
0.004703
-0.013944
-0.006440
0.000301
-0.012386
0.000158
-0.006739
-0.014903
0.008562
-0.005698
-0.026357
0.008730
-0.000680
-0.006067
-0.040481
0.065609
-0.091275
0.064722
-0.108244
0.340757
-0.775917
0.870666
