-0.000668
-0.000647
-0.000631
-0.000617
-0.000606
-0.000598
-0.000593
-0.000590
-0.000587
-0.000586
-0.000584
-0.000580
-0.000573
-0.000563
-0.000546
-0.000521
-0.000485
-0.000435
-0.000369
-0.000281
-0.000168
-0.000023
0.000158
0.000385
0.000664
0.001004
0.001417
0.001913
0.002505
0.003205
0.004030
0.004993
0.006111
0.007401
0.008879
0.010562
0.012466
0.014607
0.016998
0.019650
0.022574
0.025777
0.029260
0.033023
0.037061
0.041362
0.045913
0.050692
0.055672
0.060823
0.066107
0.071485
0.076909
0.082332
0.087703
0.092966
0.098070
0.102961
0.107586
0.111897
0.115847
0.119397
0.122511
0.125160
0.127323
0.128986
0.130142
0.130793
0.130947
0.130621
0.129836
0.128622
0.127012
0.125043
0.122758
0.120199
0.117410
0.114436
0.111320
0.108106
0.104833
0.101539
0.098256
0.095016
0.091843
0.088761
0.085787
0.082935
0.080215
0.077634
0.075197
0.072903
0.070751
0.068737
0.066857
0.065103
0.063469
0.061946
0.060526
0.059200
0.057959
0.056795
0.055701
0.054669
0.053692
0.052764
0.051879
0.051032
0.050219
0.049435
0.048677
0.047942
0.047228
0.046532
0.045853
0.045189
0.044539
0.043902
0.043277
0.042663
0.042061
0.041469
0.040888
0.040316
0.039754
0.039201
0.038657
0.038122
0.037596
0.037078
0.036569
0.036067
0.035573
0.035086
0.034606
0.034133
0.033667
0.033207
0.032753
0.032305
0.031863
0.031426
0.030995
0.030570
0.030149
0.029734
0.029324
0.028918
0.028518
0.028123
0.027733
0.027348
0.026967
0.026592
0.026221
0.025855
0.025494
0.025137
0.024785
0.024437
0.024094
0.023755
0.023420
0.023090
0.022764
0.022441
0.022123
0.021808
0.021498
0.021191
0.020889
0.020590
0.020295
0.020004
0.019717
0.019434
0.019154
0.018879
0.018608
0.018341
0.018079
0.017820
0.017565
0.017315
0.017068
0.016825
0.016587
0.016352
0.016121
0.015894
0.015670
0.015450
0.015233
0.015020
0.014810
0.014603
0.014399
0.014199
0.014001
0.013806
0.013613
0.013424
0.013237
0.013053
0.012872
0.012693
0.012517
0.012343
0.012172
0.012004
0.011838
0.011675
0.011514
0.011356
0.011201
0.011047
0.010896
0.010748
0.010602
0.010458
0.010316
0.010176
0.010038
0.009902
0.009767
0.009635
0.009504
0.009374
0.009246
0.009120
0.008995
0.008871
0.008749
0.008627
0.008508
0.008389
0.008272
0.008156
0.008042
0.007929
0.007817
0.007707
0.007598
0.007491
0.007385
0.007280
0.007177
0.007075
0.006974
0.006875
0.006777
0.006679
0.006583
0.006488
0.006393
0.006299
0.006206
0.006113
0.006021
0.005930
0.005838
0.005747
0.005657
0.005567
0.005477
0.005388
0.005299
0.005211
0.005123
0.005037
0.004951
0.004866
0.004782
0.004699
0.004617
0.004537
0.004458
0.004381
0.004306
0.004232
0.004159
0.004089
0.004020
0.003953
0.003888
0.003824
0.003762
0.003702
0.003643
0.003585
0.003529
0.003474
0.003420
0.003367
0.003315
0.003264
0.003213
0.003163
0.003113
0.003063
0.003014
0.002964
0.002915
0.002867
0.002818
0.002770
0.002721
0.002674
0.002626
0.002579
0.002533
0.002487
0.002442
0.002398
0.002355
0.002313
0.002272
0.002233
0.002195
0.002159
0.002125
0.002092
0.002062
0.002033
0.002006
0.001981
0.001958
0.001938
0.001919
0.001902
0.001887
0.001874
0.001863
0.001854
0.001846
0.001840
0.001835
0.001832
0.001830
0.001829
0.001828
0.001828
0.001829
0.001829
0.001830
0.001830
0.001829
0.001827
0.001825
0.001820
0.001814
0.001806
0.001796
0.001784
0.001769
0.001751
0.001731
0.001708
0.001683
0.001655
0.001624
0.001591
0.001556
0.001519
0.001480
0.001439
0.001398
0.001355
0.001311
0.001267
0.001223
0.001179
0.001136
0.001093
0.001050
0.001009
0.000970
0.000931
0.000894
0.000859
0.000826
0.000795
0.000766
0.000739
0.000714
0.000692
0.000672
0.000655
0.000640
0.000627
0.000617
0.000609
0.000604
0.000601
0.000600
0.000602
0.000605
0.000611
0.000618
0.000626
0.000636
0.000646
0.000658
0.000669
0.000680
0.000691
0.000701
0.000710
0.000717
0.000723
0.000726
0.000727
0.000725
0.000720
0.000712
0.000700
0.000686
0.000668
0.000647
0.000623
0.000596
0.000566
0.000533
0.000498
0.000461
0.000423
0.000383
0.000341
0.000299
0.000257
0.000214
0.000172
0.000129
0.000087
0.000046
0.000006
-0.000032
-0.000070
-0.000106
-0.000141
-0.000175
-0.000207
-0.000237
-0.000266
-0.000294
-0.000320
-0.000345
-0.000369
-0.000392
-0.000413
-0.000434
-0.000454
-0.000473
-0.000492
-0.000510
-0.000528
-0.000545
-0.000562
-0.000578
-0.000595
-0.000611
-0.000628
-0.000644
-0.000660
-0.000676
-0.000692
-0.000708
-0.000724
-0.000740
-0.000755
-0.000771
-0.000787
-0.000802
-0.000818
-0.000833
-0.000848
-0.000863
-0.000878
-0.000893
-0.000908
-0.000923
-0.000937
-0.000951
-0.000965
-0.000979
-0.000993
-0.001006
-0.001019
-0.001032
-0.001044
-0.001057
-0.001069
-0.001080
-0.001091
-0.001102
-0.001113
-0.001123
-0.001132
-0.001141
-0.001150
-0.001159
-0.001167
-0.001175
-0.001182
-0.001189
-0.001196
-0.001203
-0.001210
-0.001216
-0.001223
-0.001229
-0.001235
-0.001241
-0.001247
-0.001253
-0.001259
-0.001265
-0.001271
-0.001277
-0.001282
-0.001288
-0.001293
-0.001299
-0.001304
-0.001309
-0.001314
-0.001318
-0.001323
-0.001327
-0.001331
-0.001335
-0.001338
-0.001342
-0.001345
-0.001348
-0.001350
-0.001353
-0.001355
-0.001358
-0.001360
-0.001362
-0.001364
-0.001366
-0.001368
-0.001370
-0.001372
-0.001374
-0.001376
-0.001378
-0.001380
-0.001382
-0.001384
-0.001386
-0.001388
-0.001391
-0.001393
-0.001395
-0.001397
-0.001400
-0.001402
-0.001404
-0.001406
-0.001407
-0.001409
-0.001410
-0.001411
-0.001412
-0.001413
-0.001413
-0.001413
-0.001413
-0.001413
-0.001412
-0.001411
-0.001410
-0.001408
-0.001407
-0.001405
-0.001403
-0.001402
-0.001400
-0.001398
-0.001396
-0.001394
-0.001392
-0.001390
-0.001389
-0.001387
-0.001386
-0.001385
-0.001384
-0.001383
-0.001383
-0.001382
-0.001382
-0.001382
-0.001381
-0.001381
-0.001381
-0.001381
-0.001381
-0.001382
-0.001381
-0.001381
-0.001381
-0.001381
-0.001380
-0.001380
-0.001379
-0.001378
-0.001377
-0.001375
-0.001373
-0.001371
-0.001369
-0.001366
-0.001364
-0.001361
-0.001358
-0.001354
-0.001351
-0.001348
-0.001344
-0.001341
-0.001338
-0.001334
-0.001331
-0.001328
-0.001325
-0.001323
-0.001320
-0.001318
-0.001316
-0.001314
-0.001313
-0.001311
-0.001310
-0.001308
-0.001307
-0.001306
-0.001305
-0.001305
-0.001304
-0.001303
-0.001302
-0.001301
-0.001300
-0.001299
-0.001299
-0.001298
-0.001297
-0.001296
-0.001295
-0.001294
-0.001293
-0.001292
-0.001291
-0.001290
-0.001289
-0.001288
-0.001287
-0.001286
-0.001285
-0.001283
-0.001282
-0.001280
-0.001278
-0.001276
-0.001274
-0.001272
-0.001270
-0.001267
-0.001265
-0.001262
-0.001259
-0.001256
-0.001253
-0.001250
-0.001247
-0.001244
-0.001241
-0.001238
-0.001235
-0.001232
-0.001229
-0.001227
-0.001224
-0.001222
-0.001220
-0.001218
-0.001216
-0.001214
-0.001212
-0.001211
-0.001209
-0.001207
-0.001205
-0.001204
-0.001202
-0.001200
-0.001198
-0.001196
-0.001194
-0.001192
-0.001190
-0.001188
-0.001186
-0.001184
-0.001182
-0.001180
-0.001178
-0.001175
-0.001173
-0.001171
-0.001169
-0.001167
-0.001165
-0.001164
-0.001162
-0.001160
-0.001159
-0.001157
-0.001156
-0.001154
-0.001153
-0.001151
-0.001150
-0.001148
-0.001147
-0.001145
-0.001143
-0.001141
-0.001139
-0.001137
-0.001135
-0.001133
-0.001130
-0.001127
-0.001125
-0.001122
-0.001118
-0.001115
-0.001112
-0.001108
-0.001104
-0.001100
-0.001096
-0.001092
-0.001088
-0.001083
-0.001078
-0.001073
-0.001068
-0.001062
-0.001056
-0.001050
-0.001044
-0.001037
-0.001030
-0.001022
-0.001014
-0.001006
-0.000998
-0.000989
-0.000980
-0.000971
-0.000961
-0.000952
-0.000942
-0.000932
-0.000923
-0.000913
-0.000904
-0.000895
-0.000886
-0.000877
-0.000869
-0.000862
-0.000855
-0.000848
-0.000842
-0.000836
-0.000831
-0.000827
-0.000823
-0.000819
-0.000816
-0.000814
-0.000812
-0.000810
-0.000809
-0.000808
-0.000808
-0.000808
-0.000808
-0.000809
-0.000810
-0.000811
-0.000812
-0.000813
-0.000815
-0.000816
-0.000818
-0.000820
-0.000821
-0.000823
-0.000825
-0.000827
-0.000828
-0.000829
-0.000830
-0.000831
-0.000832
-0.000832
-0.000831
-0.000830
-0.000829
-0.000826
-0.000823
-0.000819
-0.000814
-0.000808
-0.000801
-0.000793
-0.000784
-0.000774
-0.000762
-0.000750
-0.000735
-0.000720
-0.000704
-0.000686
-0.000668
-0.000648
-0.000628
-0.000607
-0.000585
-0.000563
-0.000541
-0.000519
-0.000497
-0.000476
-0.000456
-0.000436
-0.000418
-0.000401
-0.000386
-0.000373
-0.000361
-0.000351
-0.000344
-0.000339
-0.000335
-0.000334
-0.000335
-0.000338
-0.000343
-0.000350
-0.000358
-0.000368
-0.000378
-0.000390
-0.000403
-0.000416
-0.000430
-0.000443
-0.000457
-0.000471
-0.000484
-0.000497
-0.000509
-0.000520
-0.000531
-0.000541
-0.000550
-0.000558
-0.000565
-0.000571
-0.000576
-0.000580
-0.000583
-0.000585
-0.000586
-0.000587
-0.000586
-0.000585
-0.000584
-0.000581
-0.000579
-0.000575
-0.000572
-0.000568
-0.000565
-0.000561
-0.000557
-0.000554
-0.000551
-0.000548
-0.000546
-0.000545
-0.000544
-0.000544
-0.000544
-0.000545
-0.000547
-0.000550
-0.000553
-0.000557
-0.000561
-0.000566
-0.000571
-0.000577
-0.000583
-0.000589
-0.000595
-0.000600
-0.000606
-0.000612
-0.000617
-0.000621
-0.000626
-0.000630
-0.000633
-0.000636
-0.000639
-0.000642
-0.000644
-0.000646
-0.000648
-0.000650
-0.000652
-0.000654
-0.000657
-0.000660
-0.000665
-0.000670
-0.000676
-0.000683
-0.000692
-0.000702
-0.000713
-0.000726
-0.000740
-0.000756
-0.000773
-0.000792
-0.000812
-0.000834
-0.000857
-0.000881
-0.000905
-0.000931
-0.000957
-0.000984
-0.001011
-0.001038
-0.001066
-0.001093
-0.001120
-0.001147
-0.001173
-0.001199
-0.001225
-0.001250
-0.001274
-0.001298
-0.001321
-0.001343
-0.001365
-0.001385
-0.001406
-0.001425
-0.001444
-0.001462
-0.001479
-0.001495
-0.001511
-0.001526
-0.001540
-0.001553
-0.001565
-0.001576
-0.001586
-0.001594
-0.001602
-0.001609
-0.001614
-0.001618
-0.001620
-0.001621
-0.001621
-0.001619
-0.001615
-0.001610
-0.001602
-0.001593
-0.001582
-0.001570
-0.001554
-0.001537
-0.001518
-0.001496
-0.001472
-0.001445
-0.001416
-0.001385
-0.001351
-0.001315
-0.001277
-0.001238
-0.001197
-0.001155
-0.001111
-0.001068
-0.001024
-0.000980
-0.000938
-0.000896
-0.000856
-0.000818
-0.000782
-0.000749
-0.000719
-0.000692
