0.007182
0.006324
0.005103
0.003734
0.002425
0.001332
0.000535
0.000037
-0.000218
-0.000315
-0.000340
-0.000360
-0.000414
-0.000515
-0.000659
-0.000826
-0.001000
-0.001163
-0.001306
-0.001424
-0.001519
-0.001596
-0.001659
-0.001717
-0.001775
-0.001835
-0.001901
-0.001970
-0.002043
-0.002115
-0.002185
-0.002250
-0.002312
-0.002371
-0.002429
-0.002490
-0.002556
-0.002628
-0.002706
-0.002787
-0.002868
-0.002941
-0.002999
-0.003026
-0.002994
-0.002847
-0.002466
-0.001620
0.000116
0.003479
0.009662
0.020460
0.038380
0.066616
0.108828
0.168628
0.248788
0.350248
0.471142
0.606164
0.746569
0.881008
0.997168
1.083904
1.133341
1.142399
1.113292
1.052884
0.971105
0.878909
0.786312
0.700966
0.627516
0.567695
0.520960
0.485362
0.458392
0.437620
0.421062
0.407312
0.395493
0.385124
0.375970
0.367912
0.360865
0.354731
0.349390
0.344700
0.340520
0.336715
0.333170
0.329796
0.326531
0.323338
0.320201
0.317122
0.314107
0.311166
0.308306
0.305524
0.302810
0.300148
0.297519
0.294906
0.292301
0.289700
0.287111
0.284546
0.282020
0.279547
0.277134
0.274780
0.272477
0.270207
0.267947
0.265675
0.263368
0.261007
0.258585
0.256098
0.253554
0.250963
0.248342
0.245706
0.243069
0.240443
0.237835
0.235249
0.232688
0.230152
0.227640
0.225155
0.222701
0.220290
0.217937
0.215660
0.213484
0.211429
0.209511
0.207732
0.206081
0.204531
0.203042
0.201571
0.200073
0.198516
0.196881
0.195165
0.193378
0.191537
0.189661
0.187766
0.185861
0.183947
0.182021
0.180082
0.178129
0.176169
0.174214
0.172281
0.170387
0.168541
0.166746
0.164990
0.163254
0.161515
0.159755
0.157972
0.156183
0.154422
0.152737
0.151177
0.149776
0.148547
0.147478
0.146532
0.145660
0.144810
0.143940
0.143025
0.142059
0.141047
0.140006
0.138953
0.137901
0.136861
0.135833
0.134816
0.133806
0.132796
0.131780
0.130752
0.129709
0.128650
0.127580
0.126503
0.125426
0.124357
0.123302
0.122263
0.121239
0.120228
0.119225
0.118225
0.117227
0.116232
0.115243
0.114265
0.113305
0.112370
0.111467
0.110598
0.109764
0.108962
0.108183
0.107417
0.106654
0.105886
0.105106
0.104314
0.103517
0.102721
0.101935
0.101167
0.100419
0.099691
0.098979
0.098280
0.097588
0.096902
0.096220
0.095545
0.094878
0.094224
0.093585
0.092966
0.092368
0.091792
0.091238
0.090703
0.090184
0.089677
0.089179
0.088689
0.088208
0.087738
0.087284
0.086848
0.086435
0.086042
0.085668
0.085303
0.084934
0.084544
0.084117
0.083639
0.083102
0.082509
0.081869
0.081201
0.080524
0.079856
0.079212
0.078600
0.078022
0.077475
0.076956
0.076458
0.075977
0.075508
0.075046
0.074591
0.074140
0.073693
0.073253
0.072820
0.072394
0.071973
0.071550
0.071118
0.070669
0.070196
0.069699
0.069182
0.068657
0.068135
0.067629
0.067149
0.066699
0.066275
0.065872
0.065477
0.065080
0.064672
0.064250
0.063814
0.063372
0.062932
0.062505
0.062097
0.061713
0.061348
0.060995
0.060643
0.060280
0.059899
0.059498
0.059080
0.058653
0.058228
0.057813
0.057414
0.057031
0.056661
0.056296
0.055930
0.055559
0.055182
0.054803
0.054429
0.054068
0.053728
0.053413
0.053123
0.052856
0.052604
0.052355
0.052099
0.051823
0.051518
0.051179
0.050805
0.050403
0.049982
0.049553
0.049126
0.048711
0.048314
0.047938
0.047583
0.047247
0.046928
0.046622
0.046327
0.046040
0.045761
0.045488
0.045222
0.044961
0.044704
0.044448
0.044188
0.043921
0.043648
0.043367
0.043083
0.042800
0.042521
0.042248
0.041983
0.041721
0.041461
0.041199
0.040933
0.040663
0.040390
0.040117
0.039849
0.039589
0.039342
0.039111
0.038901
0.038711
0.038542
0.038392
0.038254
0.038124
0.037994
0.037859
0.037715
0.037560
0.037394
0.037220
0.037042
0.036864
0.036690
0.036523
0.036365
0.036217
0.036079
0.035950
0.035827
0.035708
0.035590
0.035471
0.035352
0.035231
0.035111
0.034991
0.034872
0.034751
0.034625
0.034490
0.034342
0.034179
0.033999
0.033805
0.033597
0.033380
0.033157
0.032932
0.032710
0.032493
0.032284
0.032085
0.031895
0.031716
0.031547
0.031390
0.031245
0.031113
0.030993
0.030883
0.030777
0.030672
0.030564
0.030452
0.030334
0.030212
0.030088
0.029962
0.029832
0.029696
0.029552
0.029397
0.029233
0.029062
0.028889
0.028717
0.028552
0.028395
0.028246
0.028103
0.027968
0.027838
0.027714
0.027598
0.027488
0.027384
0.027286
0.027191
0.027099
0.027010
0.026922
0.026837
0.026753
0.026671
0.026589
0.026506
0.026422
0.026336
0.026247
0.026155
0.026057
0.025954
0.025847
0.025739
0.025635
0.025539
0.025457
0.025391
0.025342
0.025307
0.025283
0.025263
0.025245
0.025224
0.025198
0.025164
0.025119
0.025063
0.024994
0.024912
0.024818
0.024718
0.024614
0.024511
0.024413
0.024321
0.024236
0.024157
0.024084
0.024017
0.023959
0.023913
0.023884
0.023880
0.023905
0.023961
0.024048
0.024157
0.024277
0.024387
0.024470
0.024506
0.024484
0.024401
0.024263
0.024083
0.023880
0.023673
0.023478
0.023305
0.023157
0.023033
0.022928
0.022837
0.022753
0.022674
0.022596
0.022518
0.022441
0.022366
0.022294
0.022228
0.022168
0.022116
0.022072
0.022036
0.022008
0.021985
0.021966
0.021949
0.021930
0.021905
0.021869
0.021820
0.021756
0.021679
0.021594
0.021507
0.021426
0.021355
0.021293
0.021241
0.021194
0.021148
0.021102
0.021055
0.021007
0.020959
0.020912
0.020865
0.020816
0.020765
0.020711
0.020657
0.020604
0.020554
0.020509
0.020468
0.020427
0.020384
0.020337
0.020282
0.020222
0.020159
0.020094
0.020033
0.019977
0.019928
0.019885
0.019849
0.019818
0.019791
0.019766
0.019743
0.019720
0.019700
0.019683
0.019670
0.019665
0.019667
0.019678
0.019696
0.019720
0.019746
0.019771
0.019792
0.019802
0.019799
0.019777
0.019735
0.019672
0.019591
0.019497
0.019398
0.019300
0.019209
0.019131
0.019066
0.019013
0.018971
0.018936
0.018905
0.018878
0.018854
0.018834
0.018819
0.018812
0.018817
0.018836
0.018872
0.018926
0.018998
0.019083
0.019176
0.019266
0.019345
0.019402
0.019428
0.019418
0.019369
0.019284
0.019168
0.019031
0.018885
0.018745
0.018620
0.018522
0.018453
0.018414
0.018400
0.018406
0.018425
0.018451
0.018479
0.018508
0.018534
0.018555
0.018568
0.018569
0.018554
0.018523
0.018477
0.018421
0.018363
0.018315
0.018288
0.018291
0.018328
0.018398
0.018490
0.018590
0.018678
0.018733
0.018740
0.018692
0.018589
0.018443
0.018270
0.018089
0.017918
0.017768
0.017645
0.017548
0.017475
0.017417
0.017370
0.017328
0.017286
0.017244
0.017200
0.017156
0.017110
0.017064
0.017018
0.016971
0.016922
0.016874
0.016826
0.016780
0.016738
0.016701
0.016669
0.016641
0.016611
0.016578
0.016538
0.016489
0.016433
0.016374
0.016316
0.016261
0.016213
0.016171
0.016133
0.016097
0.016061
0.016023
0.015982
0.015938
0.015891
0.015841
0.015789
0.015737
0.015689
0.015649
0.015622
0.015607
0.015606
0.015612
0.015619
0.015618
0.015603
0.015571
0.015521
0.015458
0.015388
0.015316
0.015248
0.015188
0.015136
0.015094
0.015061
0.015038
0.015021
0.015010
0.015002
0.014991
0.014973
0.014943
0.014899
0.014837
0.014760
0.014669
0.014570
0.014468
0.014369
0.014281
0.014208
0.014153
0.014117
0.014100
0.014097
0.014104
0.014117
0.014129
0.014137
0.014138
0.014128
0.014106
0.014072
0.014026
0.013973
0.013915
0.013858
0.013807
0.013766
0.013736
0.013718
0.013708
0.013706
0.013706
0.013706
0.013705
0.013701
0.013694
0.013684
0.013671
0.013653
0.013630
0.013605
0.013578
0.013553
0.013536
0.013534
0.013553
0.013603
0.013691
0.013819
0.013985
0.014179
0.014385
0.014580
0.014741
0.014847
0.014887
0.014855
0.014760
0.014615
0.014441
0.014258
0.014084
0.013928
0.013797
0.013689
0.013599
0.013520
0.013446
0.013372
0.013294
0.013213
0.013130
0.013046
0.012964
0.012884
0.012806
0.012730
0.012655
0.012580
0.012506
0.012435
0.012367
0.012303
0.012242
0.012184
0.012127
0.012070
0.012014
0.011960
0.011909
0.011863
0.011823
0.011786
0.011751
0.011715
0.011678
0.011635
0.011586
0.011528
0.011459
0.011377
0.011283
0.011180
0.011074
0.010972
0.010882
0.010811
0.010761
0.010731
0.010718
0.010714
0.010713
0.010708
0.010694
0.010667
0.010627
0.010573
0.010509
0.010437
0.010362
0.010290
0.010225
0.010170
0.010124
0.010086
0.010052
0.010019
0.009985
0.009948
0.009909
0.009869
0.009829
0.009789
0.009748
0.009706
0.009660
0.009611
0.009558
0.009502
0.009444
0.009385
0.009324
0.009265
0.009208
0.009153
0.009101
0.009052
0.009002
0.008950
0.008894
0.008832
0.008765
0.008692
0.008617
0.008540
0.008463
0.008387
0.008313
0.008242
0.008177
0.008120
0.008075
0.008047
0.008036
0.008046
0.008076
0.008126
0.008194
0.008277
0.008370
0.008463
0.008544
0.008602
0.008624
0.008602
0.008531
0.008415
0.008263
0.008089
0.007907
0.007733
0.007578
0.007450
0.007350
0.007274
0.007219
0.007175
0.007136
0.007095
0.007050
0.007000
0.006944
0.006886
0.006827
0.006768
0.006710
0.006652
0.006593
0.006533
0.006473
0.006411
0.006351
0.006292
0.006233
0.006176
0.006119
0.006060
0.005999
0.005934
0.005863
0.005783
0.005690
0.005576
0.005436
0.005260
0.005039
0.004762
0.004418
0.004003
0.003520
0.002983
0.002422
0.001878
0.001398
0.001024
0.000783
0.000682
0.000703
0.000806
0.000946
0.001076
0.001161
0.001184
0.001143
0.001048
0.000916
0.000761
0.000596
0.000428
0.000258
0.000088
-0.000083
-0.000253
-0.000419
-0.000578
-0.000726
-0.000862
-0.000985
-0.001098
-0.001204
-0.001308
-0.001416
-0.001529
-0.001651
-0.001780
-0.001917
-0.002058
-0.002202
-0.002346
-0.002489
-0.002629
-0.002764
-0.002889
-0.002998
-0.003082
-0.003128
-0.003127
-0.003068
-0.002948
-0.002771
-0.002550
-0.002308
-0.002079
-0.001897
-0.001797
-0.001804
-0.001924
-0.002142
-0.002420
-0.002693
-0.002883
-0.002901
-0.002660
-0.002092
-0.001160
0.000121
0.001675
0.003360
0.004984
0.006333
0.007216
0.007507
