-0.285766
0.052386
-0.056046
-0.005938
0.026665
0.003352
-0.028847
0.004593
0.008161
-0.021659
0.039898
-0.029015
-0.025411
0.033610
-0.005738
-0.009648
-0.005452
-0.008453
0.025324
-0.021615
-0.022628
0.031685
-0.005614
-0.025948
0.024997
-0.023400
0.007555
-0.008482
0.003323
-0.002258
-0.006244
-0.004074
0.006016
-0.005240
-0.005009
-0.004014
-0.000892
0.005639
-0.002485
-0.018886
0.006657
-0.009344
0.019254
-0.027326
0.006026
0.005245
-0.012146
-0.001076
0.004969
-0.010655
0.011037
-0.024547
0.013564
0.003381
-0.033950
0.018218
0.065178
-0.146891
0.003503
0.279007
-0.096054
-0.920913
2.211526
1.058212
0.718432
0.666960
0.429369
0.278394
0.152741
0.056925
0.100713
0.187553
0.118202
0.139742
0.087350
0.097645
0.072947
0.156388
0.072463
0.086903
0.126523
0.068672
0.088045
0.104035
0.114089
0.052409
0.090111
0.150868
0.039277
0.074737
0.108395
0.106618
0.054729
0.086605
0.066230
0.083119
0.100676
0.055839
0.078149
0.083669
0.068073
0.075986
0.071904
0.056793
0.074052
0.087942
0.044753
0.075175
0.067235
0.064154
0.053132
0.067818
0.072559
0.042805
0.072132
0.052092
0.061629
0.061070
0.054627
0.061458
0.067124
0.034118
0.070864
0.059382
0.058729
0.054592
0.049980
0.059025
0.068256
0.021686
0.056602
0.060670
0.041514
0.054553
0.030143
0.065560
0.022351
0.056124
0.040167
0.043668
0.039322
0.060126
-0.012562
0.151746
-0.046704
0.013429
0.031737
0.040712
0.049034
0.032082
0.038543
0.031671
0.038362
0.035325
0.038670
0.026953
0.033811
0.044596
0.025801
0.038717
0.015956
0.036522
0.047852
0.016366
0.013123
0.061885
0.020742
0.010218
0.044604
0.029080
0.032925
0.015121
0.053237
-0.006124
0.047420
0.022435
0.026833
0.010245
0.049047
0.001359
0.031064
0.015243
0.043142
0.016990
0.010518
0.025902
0.040046
0.012567
0.017153
0.000495
0.056402
0.017880
0.005651
0.013534
0.046238
0.012716
0.008733
0.019420
0.020499
0.029862
0.003966
0.024117
0.025122
0.006165
0.024297
0.017734
0.026045
0.009802
-0.003334
0.046460
0.017949
-0.003746
0.019983
0.020457
0.020915
0.011021
0.002803
0.010308
0.032605
0.022958
-0.009535
0.000689
0.038159
0.020164
-0.004559
-0.008381
0.048204
-0.000053
0.020035
-0.007079
0.026821
0.002401
0.018780
0.018038
0.007267
0.001481
0.018950
0.016268
-0.003036
0.014232
-0.003194
0.022231
0.037892
-0.016185
-0.003298
0.016812
0.026580
-0.006144
0.024426
-0.008449
0.027547
-0.012657
0.037589
-0.028503
0.034612
0.004721
-0.002152
-0.000318
0.032338
-0.007445
-0.001741
0.015191
0.017781
-0.001030
-0.000520
0.014095
0.000814
0.023853
-0.007370
-0.002228
0.018553
0.011162
0.002158
0.000675
0.020311
0.000876
-0.001488
0.012784
0.005381
-0.003994
0.013965
0.000157
0.016884
-0.004162
0.000385
0.016264
-0.000596
0.018730
-0.018777
0.003601
0.028864
-0.019754
0.006039
0.004924
0.009833
-0.010663
0.021354
-0.011339
0.026308
-0.018265
0.010519
0.002869
0.012672
0.004925
-0.017038
0.020789
0.003686
0.010135
-0.013352
0.001656
0.005090
0.009446
-0.003805
0.019319
-0.009753
-0.005528
0.006747
0.006332
0.007246
-0.003035
0.001469
-0.017681
0.031785
-0.011843
0.003346
0.000821
0.000743
0.016865
-0.009650
-0.011844
0.023744
-0.012589
0.001906
0.011237
-0.006102
0.014117
-0.016940
-0.009642
0.037416
-0.025666
-0.000950
0.020592
-0.015769
0.014934
-0.019559
0.010011
-0.005544
0.019591
-0.009811
-0.009535
0.008517
0.015707
-0.020796
-0.003568
0.015531
-0.004621
-0.000007
-0.007400
0.008815
-0.003870
0.000733
0.007311
-0.009256
0.007576
0.002949
-0.010371
-0.003880
0.026226
-0.021130
0.007498
-0.000330
0.002802
-0.014712
0.011305
0.001095
-0.010925
-0.001591
0.009476
-0.000094
-0.007756
0.001865
-0.005555
0.006639
0.008798
-0.018485
-0.011256
0.025031
-0.005966
-0.007848
0.003821
-0.003904
0.006452
-0.000543
0.003749
-0.015568
0.015153
-0.007901
0.001719
-0.016841
0.031146
-0.034558
0.012252
0.007093
-0.009261
0.002023
-0.000969
-0.008609
0.004914
-0.004277
0.000260
0.008363
-0.012836
0.010407
-0.019298
0.018832
-0.003252
-0.010695
-0.005294
0.015293
-0.011072
-0.008994
0.001579
0.008472
-0.005719
-0.005904
-0.005052
0.008924
-0.003582
-0.005402
0.006702
-0.012519
0.006959
0.000187
-0.004976
0.010826
-0.019049
-0.003560
-0.000915
0.010147
-0.009496
0.000517
-0.016861
0.027014
-0.018798
-0.005054
-0.007329
0.001857
0.016586
-0.016737
-0.020304
0.023712
0.000814
-0.009329
-0.002425
-0.009657
0.012175
-0.001403
-0.015231
-0.002075
0.010994
-0.002358
-0.019263
0.007496
0.004166
-0.004444
-0.020830
0.021697
-0.007098
-0.009190
-0.002981
0.008971
-0.019954
0.016381
-0.015232
-0.000058
0.000387
0.006446
-0.013564
-0.007954
0.015887
-0.014173
-0.005211
0.014959
-0.022327
-0.005357
0.018152
-0.013292
-0.006059
0.006654
-0.012088
0.004397
0.001898
-0.012141
0.002350
-0.003619
0.001393
-0.002768
-0.010893
0.014361
-0.020133
0.004695
-0.003813
-0.004994
-0.002653
0.009671
-0.014988
0.007597
-0.016734
0.011742
-0.006379
-0.015148
0.010275
-0.011833
0.010364
-0.013566
-0.000613
-0.004692
0.008133
-0.011128
0.006933
-0.008727
-0.002743
0.002531
-0.004043
-0.004639
-0.005089
-0.011954
0.034514
-0.036053
0.001646
0.001790
-0.001037
-0.009773
0.009643
-0.016687
0.016188
-0.015234
-0.000794
0.008369
-0.018140
0.006840
0.001943
-0.011998
0.002372
-0.006472
-0.002981
0.009224
-0.007528
-0.010549
0.002798
-0.003294
0.002884
-0.002049
-0.017049
0.013469
0.005732
-0.017241
-0.014033
0.022292
-0.009887
-0.014417
-0.001571
0.015016
-0.014098
0.005843
-0.006868
0.010965
-0.011419
0.005168
-0.001527
0.001247
-0.011349
0.018493
-0.017719
0.001193
0.002426
-0.010380
-0.005492
0.018456
-0.013936
-0.004416
-0.000830
-0.001223
-0.000260
-0.009205
0.010254
-0.007013
-0.003923
-0.010136
0.008474
-0.010710
0.018555
-0.016561
-0.006965
0.008474
-0.002511
-0.015068
0.009928
-0.005965
0.007136
-0.016672
-0.003205
0.018665
-0.011029
-0.012915
-0.004969
0.013696
0.002984
-0.024143
0.015398
0.002090
-0.011121
-0.008955
0.007945
-0.008297
0.003292
0.002014
-0.014420
0.015054
-0.010884
0.005255
-0.014224
0.010418
0.004938
-0.026949
0.017985
0.002315
0.002082
0.002203
-0.005571
0.010953
-0.009984
-0.006127
0.013024
-0.016375
0.001291
0.008432
-0.004302
-0.010012
0.011882
-0.004899
-0.008112
0.008980
-0.008029
-0.002805
0.003294
0.000571
-0.006653
-0.000997
-0.005980
0.006397
-0.006656
-0.003955
0.000251
0.003622
-0.003771
-0.000876
-0.021086
0.024625
-0.005365
-0.013755
0.003610
0.001151
-0.010178
0.013464
-0.014111
0.002780
-0.002305
0.002764
-0.010739
0.006815
0.002745
-0.014021
-0.001398
0.009736
-0.001911
-0.017679
0.011977
-0.002070
-0.010412
0.005803
0.002253
-0.005432
-0.003217
-0.002112
0.002729
-0.015728
0.008592
-0.003409
0.000095
0.007829
-0.020814
0.007561
-0.001982
-0.000382
0.000178
-0.007253
0.000623
0.001140
0.003305
-0.012209
-0.011421
0.011167
0.006813
-0.019832
0.003944
0.019354
-0.012577
-0.009113
0.001196
0.000433
-0.002061
0.008427
-0.022198
0.024710
-0.015987
-0.000784
-0.002809
-0.003386
0.010983
-0.018548
0.008083
-0.001692
-0.001044
-0.014037
0.014094
-0.014554
0.017484
-0.013000
0.005903
0.000636
0.002253
-0.008398
0.001126
0.005594
0.003585
-0.026046
0.022312
-0.012514
0.009806
-0.025610
0.024991
-0.003375
-0.013845
0.008667
-0.012033
0.015456
-0.006800
-0.001777
-0.013358
0.018428
-0.002202
-0.018284
0.002660
0.015650
-0.014219
-0.007655
0.006212
-0.009182
0.014423
-0.015417
-0.000471
0.006855
0.003365
-0.008807
-0.006823
0.000155
0.021008
-0.024241
-0.006458
0.014763
-0.006438
-0.006719
0.007761
-0.011000
0.003417
-0.001751
-0.003369
0.003229
0.000256
-0.006488
-0.002353
-0.001594
0.004543
-0.006265
-0.002781
0.012794
-0.014845
-0.008296
0.009205
-0.002117
-0.002285
-0.004764
0.006051
-0.008953
0.004147
0.000713
-0.013138
0.002833
0.013573
-0.016255
-0.011132
0.025672
-0.027561
0.016403
-0.010871
0.004179
-0.000772
-0.010140
0.002821
0.008986
-0.016800
0.005420
0.004792
-0.019061
0.022010
-0.015859
-0.016769
0.028492
-0.022092
0.006177
-0.001182
0.004799
-0.014899
0.009102
-0.011662
0.001785
0.010114
-0.008571
-0.009034
-0.001366
0.018111
-0.020070
-0.002086
0.005668
0.007033
-0.023262
0.008660
0.007136
-0.008583
-0.003197
-0.010068
0.020660
-0.022495
0.024434
-0.035728
0.017613
0.002922
-0.010471
-0.008419
0.027572
-0.028707
0.001570
0.006664
-0.010124
0.007031
-0.014885
0.008430
-0.007453
0.015108
-0.020136
0.006649
-0.003134
0.005394
-0.011499
-0.008668
0.025857
-0.025634
0.005782
-0.002602
0.000754
-0.003059
0.000663
-0.015217
0.015875
-0.001847
-0.007681
-0.001090
-0.003354
0.006436
-0.013134
0.002263
0.009660
-0.007325
-0.011719
0.012255
-0.014031
0.009662
-0.019937
0.036928
-0.059913
0.070757
-0.068203
0.038382
-0.020883
0.008508
-0.008019
-0.005558
0.013124
-0.014317
0.005954
-0.001239
-0.003367
-0.001630
-0.010311
0.013230
-0.015137
0.016332
-0.006615
-0.014939
0.008410
0.003049
-0.016063
0.011469
0.001211
-0.004727
-0.005945
0.005922
-0.007326
0.004071
-0.018358
0.026771
-0.019307
0.001295
-0.004241
0.001144
-0.003259
0.007299
-0.010481
-0.001646
0.009018
-0.015616
0.000521
-0.001565
0.006708
-0.006546
0.006903
-0.012074
-0.006947
0.021956
-0.022983
-0.000112
0.009763
-0.003475
-0.015364
0.006991
0.011887
-0.008525
0.006031
-0.021810
0.017770
-0.004233
-0.004000
-0.046508
0.105806
-0.083989
0.012159
-0.013289
-0.007290
0.009996
-0.001352
-0.008766
0.001527
0.009105
-0.023319
0.017154
-0.021992
0.005294
0.000885
-0.004844
-0.006890
0.008240
0.000493
-0.005340
-0.012806
0.013546
-0.012688
-0.006440
0.009292
-0.004789
-0.018627
0.007526
0.005735
-0.016111
0.000566
-0.001467
-0.000664
-0.006724
-0.005453
0.012311
-0.032843
0.026767
-0.024545
0.000794
0.010181
-0.009385
-0.013090
0.006507
-0.003949
-0.009229
-0.002283
-0.000015
0.000023
-0.009100
-0.002100
0.000077
-0.005414
-0.005211
0.000348
-0.007127
-0.009244
0.016558
-0.022497
0.004249
-0.008937
0.009156
-0.032542
0.041681
-0.063843
0.052577
-0.087845
0.266441
-0.600167
0.682327
