-0.072402
0.004645
0.000172
-0.016360
0.024431
-0.013974
0.003405
-0.004166
0.018307
-0.029877
0.043837
-0.035981
0.013504
0.000143
0.008761
-0.012125
0.007712
-0.000268
0.005895
-0.000655
-0.014504
0.020150
-0.009656
0.005638
0.005075
-0.011215
0.012333
-0.009685
0.006752
0.002980
-0.005373
0.004988
0.004067
-0.011104
0.003383
0.007595
-0.002309
-0.003080
0.005038
-0.001033
0.006428
-0.004063
0.001509
0.002389
0.001321
-0.003154
0.007392
-0.010758
0.016196
-0.017599
0.019600
-0.013101
0.007809
-0.002146
0.004215
-0.018036
0.058507
-0.065166
0.011032
0.026447
0.219926
-0.330499
0.859242
0.880348
0.130684
0.056756
0.156130
0.187471
0.045866
-0.018383
0.056085
0.091278
0.037162
0.102548
0.003832
0.021863
0.112337
0.061161
-0.003565
0.025968
0.081397
0.039682
0.028632
0.035835
0.078197
0.027506
0.038774
0.057979
0.019110
0.042532
0.059029
0.055152
0.005167
0.036947
0.058551
0.032385
0.036379
0.026233
0.029813
0.041933
0.037762
0.023518
0.032605
0.030373
0.048502
0.019531
0.028339
0.034238
0.035189
0.030120
0.013430
0.043005
0.023636
0.028466
0.027470
0.029301
0.020194
0.041647
0.013826
0.030335
0.028475
0.024306
0.028961
0.024936
0.024576
0.027653
0.015381
0.022494
0.036353
0.002322
0.025458
0.036572
0.014177
0.008053
0.014758
0.021063
0.043690
0.002412
0.025132
0.000939
0.032096
0.022731
0.020512
0.020105
0.009742
0.010518
0.037020
0.014833
0.009619
0.010417
0.024403
0.029612
0.007211
0.007922
0.014120
0.026525
0.017514
0.002235
0.013832
0.019473
0.022696
0.003673
0.013305
0.011132
0.020413
0.018255
0.010826
0.000803
0.017419
0.012724
0.023408
-0.009933
0.022431
0.007568
0.017264
0.011417
0.001735
0.015216
0.013713
0.021907
-0.003233
0.009744
0.011523
0.014724
0.005658
0.003679
0.024662
-0.002433
0.016190
-0.005874
0.021232
0.009073
0.009947
0.002937
0.015837
0.013868
-0.002019
0.013137
0.010685
0.011398
0.007499
0.001512
0.017812
0.010598
-0.005651
0.009404
0.008145
0.015336
0.000678
-0.004803
0.026962
-0.002002
0.004306
-0.000866
0.014043
0.012345
0.002825
0.003284
-0.001849
0.027728
-0.012682
0.010145
-0.002138
0.021368
-0.004342
0.009273
0.000131
0.012842
0.000931
-0.006141
0.019639
-0.000818
0.008931
-0.003585
0.009891
0.011198
-0.006314
0.013518
-0.008089
0.015047
-0.000523
0.012898
-0.010196
0.013549
-0.005509
0.016168
-0.005614
0.009118
-0.002073
0.012825
-0.001616
0.005362
0.003171
0.010010
-0.007996
0.012408
-0.002280
-0.008712
0.027902
-0.003010
-0.004816
0.001300
0.013446
0.003541
-0.008328
0.006405
0.005194
0.006524
-0.008160
0.001353
0.013203
0.001162
0.003405
-0.016706
0.022849
0.003511
-0.009931
-0.003941
0.016146
-0.002361
0.006898
-0.006538
0.005883
-0.003134
0.013868
0.009400
-0.021242
0.012824
-0.002542
0.014261
-0.008159
0.001557
-0.005166
0.012837
0.005588
-0.004911
-0.013384
0.021506
-0.004530
0.012517
-0.008948
0.000023
-0.002458
0.020010
-0.005174
-0.018449
0.018776
0.006709
-0.002476
-0.019415
0.018955
-0.001958
0.009143
-0.007494
0.009043
-0.007409
-0.001544
0.009667
-0.003154
0.003087
-0.003119
0.006660
0.002941
-0.000641
-0.005224
0.010457
-0.003589
0.002943
-0.001271
-0.003600
0.014470
-0.009482
-0.002163
0.007886
-0.003606
0.006291
0.008205
-0.012793
0.009656
0.015024
-0.020462
-0.003743
0.019354
-0.006391
-0.001761
-0.001119
0.006046
0.006007
-0.013900
0.011737
-0.008001
0.014390
-0.011964
0.003786
0.004138
0.008852
-0.016388
0.012448
-0.002307
-0.001617
0.000482
-0.001000
0.007528
-0.004026
0.005096
-0.004427
-0.004373
0.008134
0.001614
-0.006949
0.009868
-0.009752
0.000716
0.001132
0.003821
-0.006786
-0.000639
0.010523
-0.002736
-0.005872
-0.000059
0.006756
0.001236
-0.008038
0.002300
-0.000151
0.009121
-0.000548
-0.007983
0.000666
0.000492
0.007197
-0.009645
-0.001813
0.010697
-0.000488
-0.009056
0.005864
-0.012652
0.022824
-0.012956
0.000387
0.002236
-0.000483
-0.009294
0.010869
-0.002850
0.002555
-0.009814
-0.000104
0.008607
0.004770
-0.011712
-0.000166
0.004252
0.001468
-0.005531
-0.003579
0.001507
0.008911
-0.011296
0.006171
0.004100
-0.005138
-0.004477
0.000612
0.000508
0.003414
-0.004620
0.002502
-0.003143
0.001182
0.007835
-0.015371
0.019009
-0.015915
0.005049
-0.001445
-0.000832
0.002482
-0.000163
-0.010899
0.011262
-0.010377
0.012488
-0.009843
-0.005173
0.008114
0.008042
-0.022531
0.005001
0.006792
-0.003821
0.002049
-0.005874
0.008530
-0.007026
-0.001523
-0.002674
0.013891
-0.017140
0.006425
-0.006511
0.004049
0.004530
-0.018806
0.013502
0.005166
-0.007643
-0.002428
0.002670
0.002866
-0.004503
0.001238
-0.009538
0.013033
-0.006824
-0.004096
-0.000845
0.002147
0.002491
-0.006512
0.012690
-0.003666
-0.009885
0.014264
-0.005662
0.000050
-0.010903
0.011514
0.000269
-0.008392
0.005867
-0.003162
-0.000581
0.004545
0.000441
-0.014022
0.013227
-0.005423
0.000657
-0.005195
0.007500
-0.001542
-0.004243
-0.004254
0.003852
0.002906
-0.005913
0.004079
-0.008805
0.012590
-0.004132
-0.014608
0.013781
-0.000219
-0.005960
0.004811
0.002221
-0.012984
0.012110
-0.009349
0.002362
0.001135
-0.003493
-0.000794
0.001915
0.009112
-0.023889
0.012982
-0.000052
0.001725
-0.016199
0.010445
0.005554
-0.004758
-0.003441
0.002697
-0.001421
-0.006524
0.010859
0.000336
-0.002092
-0.002392
0.005867
-0.006109
0.004853
0.005401
-0.020410
0.024816
-0.017654
0.012804
-0.006392
0.004590
0.000799
0.000095
-0.003000
0.002164
0.000317
-0.003136
-0.000384
-0.006129
0.017137
-0.013698
0.005514
-0.005100
0.001267
0.003424
-0.014111
0.014164
-0.012803
0.009621
-0.002206
-0.001431
0.001512
0.000108
0.001513
-0.008111
0.012980
-0.010988
-0.006656
0.013872
-0.009379
0.001358
0.001477
-0.000718
0.002133
0.000178
-0.002363
-0.002567
0.003063
0.002540
-0.002343
-0.006973
0.008038
-0.004154
-0.008002
0.013347
-0.009920
0.007248
-0.015691
0.012099
0.007216
-0.009707
0.000039
-0.003398
-0.002148
0.009540
-0.007238
0.002106
-0.000386
0.001209
-0.000589
-0.005011
0.004117
-0.007316
0.000992
0.005348
0.000073
0.000438
-0.005467
0.004406
-0.004989
0.001020
0.001072
-0.006850
0.006232
0.002248
-0.008194
0.009367
-0.007248
0.003412
-0.001080
-0.003328
0.003959
0.000144
-0.004029
0.001215
-0.002234
0.009378
-0.008424
-0.013842
0.024026
-0.011481
-0.000993
0.000061
-0.000523
0.003454
-0.003791
-0.004014
0.007734
-0.007189
-0.001841
0.010023
-0.007229
0.000659
0.005223
-0.010531
0.003741
0.006816
-0.013606
0.002538
0.002834
0.004135
-0.009533
0.001394
0.007196
0.002769
-0.015578
0.004557
0.009048
-0.005634
-0.000520
-0.008123
0.009770
-0.004311
-0.005587
0.014760
-0.010060
-0.000179
0.000207
0.008258
-0.015145
0.009344
-0.009956
0.014412
-0.010822
0.011620
-0.008194
-0.009788
0.016218
-0.002663
-0.011887
0.007709
-0.001398
0.007053
-0.010681
-0.002127
0.015856
-0.005349
-0.007089
0.002205
0.002922
-0.001700
-0.002570
-0.004139
0.013315
-0.007881
-0.000595
0.002696
-0.001713
0.003255
-0.008347
0.002049
-0.002274
0.007130
0.005928
-0.013080
0.001807
0.015074
-0.011851
0.002232
-0.000509
0.010804
-0.009958
0.001195
0.000947
0.006745
-0.010606
0.006632
0.002554
-0.005684
0.005231
-0.000427
-0.001044
0.000225
0.003060
-0.016702
0.028432
-0.022790
0.009180
-0.000520
-0.004701
0.002885
0.003880
-0.000916
0.000759
-0.002263
0.002233
-0.004857
-0.001500
0.008413
-0.000955
-0.010948
0.016951
-0.009017
-0.002367
-0.000259
0.009934
-0.006165
-0.001559
0.002186
-0.001536
0.007354
-0.008926
0.005999
-0.008793
0.013678
-0.003761
-0.004017
0.008821
0.004729
-0.012154
-0.004636
0.018383
-0.005715
-0.005495
-0.003723
0.017519
-0.008117
-0.004619
0.006272
-0.006465
0.010940
-0.008206
0.002452
-0.003234
0.011071
-0.015268
0.009097
0.002358
0.000076
-0.007453
0.008382
-0.001426
0.002151
-0.006573
-0.001722
0.009538
0.000492
-0.005980
-0.009248
0.016568
0.000579
-0.003215
-0.001443
-0.004928
0.016164
-0.012640
0.003760
-0.006445
0.015384
-0.014791
0.008201
-0.008870
0.015799
-0.012100
-0.002733
0.020486
-0.018311
0.008365
-0.007505
0.015533
-0.018566
0.013168
-0.015894
0.020205
-0.012328
0.012286
-0.005246
-0.007538
0.014111
-0.008374
-0.004924
0.006542
0.004164
-0.005252
-0.002717
0.010537
-0.006128
0.002178
-0.008521
0.019562
-0.014695
0.007948
-0.007477
0.001301
0.012728
-0.005639
-0.012894
0.016509
-0.002225
-0.002600
-0.000694
0.003884
-0.000531
-0.006389
0.004842
0.009502
-0.009086
0.005953
-0.002431
-0.003163
0.007167
-0.000519
-0.012152
0.017819
-0.004974
-0.001166
-0.002655
0.001333
0.014749
-0.019965
0.014388
-0.011787
0.005744
0.005548
0.002730
-0.018836
0.022134
-0.000862
-0.012022
0.006865
0.003710
-0.002398
-0.001175
0.000352
0.012887
-0.019887
0.016795
-0.011047
0.019972
-0.027877
0.014477
0.004045
0.000048
-0.003496
-0.004859
0.013237
-0.000751
-0.003342
-0.003984
0.011324
-0.015230
0.013691
-0.006500
0.009380
-0.011231
0.004510
0.008376
-0.009020
0.005765
0.001293
-0.006860
0.003645
0.013842
-0.020023
0.016081
-0.015113
0.015215
-0.009240
0.007478
-0.004570
0.004876
-0.002163
0.000988
0.003766
-0.000277
-0.003273
0.003428
-0.003372
0.010886
-0.006320
0.001500
0.002626
-0.002967
0.000618
0.003799
-0.000357
0.002661
0.002195
0.000397
-0.000187
0.008560
-0.012468
0.003985
0.009351
-0.002938
0.001315
-0.012143
0.018333
-0.007894
0.015130
-0.041082
0.060691
-0.030237
-0.014052
0.002334
0.009041
0.009809
-0.010880
-0.001859
0.008063
0.005927
-0.020624
0.015663
0.001227
-0.013718
0.021619
-0.016976
0.006884
0.001042
-0.002898
-0.000541
0.006498
0.001981
-0.002054
-0.007247
0.006882
0.001294
-0.011446
0.008022
0.009199
-0.014661
0.007507
-0.003962
0.008313
-0.008995
0.002283
0.012626
-0.012530
0.004646
-0.001548
-0.010230
0.016979
-0.005174
-0.004554
-0.005487
0.017969
0.000231
-0.017469
0.006124
0.001758
0.006882
-0.003207
-0.009312
0.011347
-0.011111
0.010451
-0.007650
0.000775
0.002595
0.002777
-0.001068
0.004751
-0.000500
-0.009349
0.028119
-0.030476
0.012710
-0.012474
0.066863
-0.161472
0.191217
