-0.284267
0.036193
-0.058943
-0.006094
0.020893
-0.019768
-0.014242
-0.021597
0.040612
-0.074719
0.078311
-0.058510
-0.020123
0.021219
-0.011027
-0.019808
0.006070
-0.026285
0.010611
-0.007600
-0.031208
0.026523
-0.022540
-0.024180
0.023156
-0.031543
0.005799
-0.020450
0.001518
-0.011714
-0.000165
-0.018925
-0.008947
0.006134
-0.016640
0.017112
-0.054454
0.023164
-0.024144
0.011706
-0.025720
-0.006130
-0.001872
0.002202
-0.030642
0.011920
-0.018530
-0.008382
-0.000945
-0.026080
0.020220
-0.030752
0.005343
-0.001673
-0.035661
-0.019107
0.116882
-0.166898
-0.093133
0.382287
0.083753
-1.507064
2.165219
2.518268
1.010996
0.201404
0.292396
0.364565
0.160703
-0.037816
0.070215
0.232613
0.173132
0.235615
0.175092
0.019946
0.172017
0.284221
0.090006
0.090583
0.103525
0.140274
0.143965
0.079349
0.167306
0.082826
0.088691
0.185619
0.062433
0.068564
0.127641
0.150617
0.084406
0.069448
0.058422
0.135382
0.132689
0.060624
0.054967
0.119883
0.091690
0.099248
0.045776
0.087781
0.100095
0.082665
0.071012
0.086445
0.069029
0.089499
0.066915
0.091387
0.064909
0.065569
0.089295
0.072429
0.067291
0.060519
0.078041
0.077139
0.059531
0.048389
0.069314
0.061135
0.080440
0.047466
0.062825
0.071816
0.049034
0.040859
0.126609
-0.027310
0.055040
0.049546
0.061040
0.044229
0.060851
0.062164
0.054165
0.044956
0.052449
0.041256
0.033444
0.087070
0.023832
0.044517
0.056683
0.051923
0.035622
0.044333
0.034599
0.056791
0.033756
0.026345
0.060364
0.022945
0.044087
0.031198
0.042233
0.043507
0.026344
0.027852
0.049669
0.028905
0.026510
0.037804
0.030157
0.043018
0.008082
0.051675
0.018553
0.036322
0.025274
0.027794
0.021425
0.057713
0.008260
0.026810
0.038428
0.032888
0.011101
0.030292
0.031787
0.027778
0.024121
0.000872
0.043429
0.027907
0.024145
0.015409
0.020150
0.046189
0.000245
0.014477
0.046372
0.017270
0.005518
0.022343
0.039597
0.012433
0.011035
0.013807
0.028789
0.008661
0.026040
0.004219
0.008188
0.059202
-0.015162
0.007841
0.044904
0.020521
-0.008666
0.025232
0.022865
0.021558
0.001099
0.017260
0.020875
0.024165
0.001590
0.014217
0.007681
0.034613
0.003884
-0.011881
0.037923
0.016570
-0.004130
0.009186
0.026881
-0.000631
0.017168
-0.001896
0.041850
-0.003024
0.001628
0.016506
0.003943
0.027774
-0.001622
-0.009116
0.037287
0.009814
-0.011291
0.021241
0.004276
0.018055
-0.001894
0.003903
0.014036
0.023142
-0.013951
-0.002953
0.025320
0.013715
0.009745
-0.025713
0.045338
-0.002506
-0.000411
-0.003062
0.020532
0.006601
0.000983
-0.002013
0.013355
0.008654
0.003688
0.003901
-0.008897
0.023477
0.006518
-0.007877
0.013097
0.013817
-0.017106
0.015232
-0.000092
0.004988
0.005410
-0.013591
0.027363
0.011442
-0.013083
-0.016953
0.026547
0.013139
-0.016933
-0.013961
0.033210
0.004006
-0.017501
0.005350
0.011176
-0.002178
-0.010417
0.014972
-0.008405
0.018067
-0.013850
0.011978
-0.024272
0.036368
-0.024530
-0.000901
0.017505
0.006647
-0.021981
0.003732
0.005502
-0.002637
0.002133
-0.014398
0.024483
-0.016434
0.021031
-0.022998
-0.000311
0.016203
-0.010638
-0.010830
0.005727
0.002192
-0.018816
0.021814
-0.009546
-0.004168
0.001897
-0.004262
0.011156
-0.015159
0.004037
-0.008972
-0.008254
0.017768
-0.008462
-0.021444
0.026303
0.002615
-0.039222
0.011793
-0.000035
0.006963
-0.016147
-0.004259
0.005005
0.006063
-0.017208
-0.006553
-0.000211
0.013941
-0.013289
-0.026912
0.047242
-0.033518
-0.016000
0.014280
-0.000682
0.001635
-0.023842
-0.005758
0.023951
-0.023277
0.004766
-0.013144
-0.008446
0.015821
-0.009699
-0.017317
0.014707
0.005881
-0.035530
0.005255
-0.000773
0.006765
-0.022097
-0.012787
0.023382
-0.005107
-0.025545
0.002677
-0.006822
0.013032
-0.017736
-0.005701
0.009866
-0.009322
-0.011714
0.000929
-0.003969
-0.006616
0.012920
-0.030383
0.006845
0.007425
-0.014462
-0.011172
-0.012274
0.019882
-0.022300
-0.011707
0.012043
-0.006946
-0.025950
0.016373
-0.009516
-0.002704
-0.010300
-0.005710
0.009417
-0.011282
-0.014135
-0.013867
0.008142
-0.000034
-0.016920
-0.009096
0.008203
0.003027
-0.022710
0.001257
-0.010323
0.000241
-0.008346
-0.003741
-0.011711
0.009209
-0.013701
-0.014185
-0.005345
0.017137
-0.021122
-0.024588
0.030118
-0.012146
-0.021771
-0.002601
-0.006157
0.005523
-0.019549
-0.012595
0.015988
-0.011847
-0.008616
-0.025699
0.011246
0.004040
-0.017962
-0.027328
0.033533
-0.008722
-0.027064
-0.002109
0.005049
-0.007413
-0.006009
-0.025312
0.013738
-0.003497
-0.013423
-0.015999
-0.004718
0.023635
-0.032487
-0.006989
-0.011855
0.030363
-0.043451
0.011462
-0.012989
0.005633
-0.023829
0.005299
-0.009137
0.005456
-0.023596
-0.008940
-0.003906
0.010835
-0.009869
-0.030712
0.021617
-0.015480
-0.014270
0.004786
-0.012103
-0.010052
-0.000216
-0.009584
-0.006425
-0.006210
0.000530
-0.019884
-0.005937
0.016869
-0.011346
-0.041290
0.028714
-0.002584
-0.025113
-0.003193
-0.004464
0.000109
-0.016781
-0.020915
0.019711
-0.004690
-0.015276
-0.015139
-0.001046
0.007724
-0.017318
-0.016650
0.010546
-0.008698
-0.017904
0.007846
-0.013779
-0.000930
-0.004905
-0.015933
0.012386
-0.022166
-0.008743
-0.003717
-0.010938
0.015982
-0.013985
-0.019654
-0.009375
0.017167
-0.031635
0.006940
-0.007098
-0.011344
-0.005972
-0.007758
0.006708
-0.011324
-0.017127
0.001521
-0.010494
0.009504
-0.018179
-0.041244
0.043307
-0.022385
-0.018306
-0.001508
-0.005664
-0.004820
0.005014
-0.024611
0.000632
0.009399
-0.022824
-0.010437
0.000239
0.001435
-0.008323
-0.043865
0.038789
0.002511
-0.038925
-0.049479
0.174814
-0.062430
-0.032969
-0.017412
0.007381
0.018082
-0.023978
-0.007618
-0.001269
0.008536
-0.010399
-0.011480
0.007532
-0.007720
0.001138
-0.017219
0.009490
-0.012464
0.010677
-0.030819
0.029945
-0.021523
0.004757
-0.016404
-0.003711
0.023724
-0.034482
-0.009706
0.031184
-0.014565
-0.023063
0.012414
-0.004871
-0.003386
-0.007368
0.003912
-0.012420
0.011965
-0.004365
-0.018997
-0.002173
0.019165
-0.022520
0.000045
0.008438
-0.009866
-0.012288
-0.017754
0.029415
-0.018241
-0.009807
-0.006150
0.006064
0.003549
-0.014186
-0.013115
0.004192
0.020184
-0.036668
-0.007464
0.023939
-0.001734
-0.009428
-0.015016
0.002281
0.004163
-0.007923
-0.011994
-0.000106
0.001863
-0.005641
-0.010929
-0.008550
0.023711
-0.020537
-0.025218
0.021692
0.003757
-0.026273
0.002255
-0.011459
0.012559
-0.014343
-0.013572
0.013522
-0.009908
-0.005171
-0.012505
-0.008326
0.016253
-0.017787
-0.006658
0.003339
0.002284
-0.030983
0.016929
-0.018719
0.012688
-0.025447
0.000878
0.010955
-0.018662
0.000750
-0.025889
0.017242
0.011700
-0.028166
-0.013050
0.027234
-0.015614
-0.019813
0.003009
-0.002616
-0.005161
-0.007720
-0.005533
0.001377
-0.007846
-0.005076
-0.007118
-0.014289
0.021577
-0.011451
-0.033656
0.026212
-0.004558
-0.017450
-0.006293
-0.005443
0.012543
-0.028206
0.001887
-0.003095
0.011038
-0.022162
-0.011400
-0.001090
0.017640
-0.030808
-0.014941
0.028671
-0.006003
-0.031151
0.011532
-0.009061
0.003642
-0.014997
-0.002055
-0.001733
-0.001369
-0.008711
-0.020182
0.009627
0.007914
-0.014455
-0.028657
0.022087
-0.012392
-0.008873
-0.000498
-0.006683
-0.002948
-0.005788
-0.001661
-0.004764
0.003546
-0.011490
-0.009629
-0.006515
0.006943
-0.003083
-0.033194
0.024189
-0.006873
-0.014347
0.000377
-0.005386
0.005255
-0.003920
-0.019119
-0.001080
0.001367
-0.002128
-0.017538
-0.005373
0.018237
-0.024782
-0.008641
0.000653
0.016697
-0.027409
0.004913
-0.016702
0.002643
-0.003559
-0.009738
0.009763
-0.019323
-0.010814
0.008717
-0.015297
0.006867
-0.012180
-0.017418
0.013646
0.001078
-0.026363
0.000778
0.002164
-0.007423
-0.010739
-0.007440
0.004465
-0.006823
-0.004853
-0.018560
0.003873
0.002630
0.001831
-0.040924
0.034285
-0.011526
-0.027107
0.001312
0.009210
-0.011534
-0.014041
-0.008351
0.012820
-0.009252
-0.007386
-0.017065
-0.004349
0.014892
-0.014642
-0.031838
0.023751
0.002130
-0.028091
0.001550
-0.001619
-0.003501
-0.008639
-0.015922
0.009493
-0.009190
-0.007108
-0.005858
-0.006293
0.000570
-0.002146
-0.029700
0.016690
-0.003649
-0.015525
-0.010706
0.012554
-0.014694
-0.008806
-0.006741
0.007605
-0.013080
-0.014772
0.007402
-0.016132
0.007507
-0.012811
-0.001695
-0.014172
0.009892
-0.031068
0.018455
-0.017888
0.004602
-0.010352
-0.009669
-0.000069
-0.005170
-0.007856
-0.005397
-0.015750
0.011361
-0.014336
-0.015554
0.011188
0.002767
-0.029623
-0.002209
0.001460
0.003446
-0.002179
-0.038895
0.026354
-0.011438
-0.014854
-0.009654
-0.000414
0.003224
-0.009006
-0.024180
0.024645
-0.019998
-0.012862
-0.005347
0.002780
-0.000340
-0.021110
-0.003030
0.001559
-0.010367
0.000693
-0.015899
-0.009621
0.016120
-0.015297
-0.022724
0.013502
0.000024
-0.023384
0.006179
-0.019482
0.022257
-0.052622
0.043641
-0.056115
0.062754
-0.069528
0.020353
-0.016557
0.017184
-0.006251
-0.051230
0.042888
-0.028429
0.001072
-0.011220
0.005920
-0.004504
-0.028081
0.015714
-0.014044
0.008370
-0.023680
-0.001142
-0.006929
0.011691
-0.030314
-0.009862
0.019723
-0.016122
-0.009561
-0.008394
0.000269
-0.008076
-0.004220
-0.014455
0.009037
-0.013058
-0.007345
-0.007241
-0.001329
0.004933
-0.029724
-0.001327
0.011607
-0.000919
-0.040838
0.009495
-0.004529
0.008484
-0.032851
0.005326
0.000044
-0.006538
-0.011141
-0.012442
0.002228
0.004878
-0.017934
-0.012409
0.008394
-0.001787
-0.014073
-0.022375
0.012081
-0.004934
0.016674
-0.108896
0.131684
-0.047739
-0.059747
-0.003692
0.007611
0.007293
-0.010826
-0.031982
0.014669
0.003019
-0.029896
0.009477
-0.010157
-0.023812
0.006210
-0.009245
-0.012633
0.004006
-0.016047
-0.011376
0.005220
-0.017445
0.001868
-0.025906
0.002172
0.010274
-0.028190
-0.003109
-0.002498
-0.013779
-0.011642
-0.005672
-0.006789
-0.003237
-0.012880
-0.017852
0.007149
-0.013527
-0.003039
-0.023286
0.010020
-0.017444
-0.020213
0.003926
0.000873
-0.016337
-0.020239
-0.005388
0.005914
-0.015526
-0.014719
-0.000379
-0.008070
-0.009725
-0.006035
-0.018781
0.004280
-0.005942
-0.029167
0.012533
-0.025415
0.005723
-0.036930
0.054341
-0.085407
0.048304
-0.104172
0.284572
-0.621273
0.685063
