-0.000717
-0.000687
-0.000661
-0.000641
-0.000625
-0.000613
-0.000604
-0.000599
-0.000596
-0.000595
-0.000594
-0.000593
-0.000589
-0.000581
-0.000567
-0.000544
-0.000510
-0.000462
-0.000396
-0.000308
-0.000191
-0.000042
0.000148
0.000385
0.000678
0.001037
0.001474
0.001999
0.002626
0.003369
0.004244
0.005267
0.006455
0.007826
0.009396
0.011185
0.013208
0.015483
0.018024
0.020843
0.023951
0.027356
0.031059
0.035061
0.039356
0.043934
0.048779
0.053869
0.059178
0.064674
0.070318
0.076069
0.081879
0.087697
0.093471
0.099146
0.104665
0.109973
0.115017
0.119744
0.124108
0.128066
0.131581
0.134623
0.137168
0.139200
0.140712
0.141704
0.142182
0.142162
0.141664
0.140718
0.139354
0.137611
0.135528
0.133148
0.130516
0.127674
0.124668
0.121539
0.118327
0.115070
0.111802
0.108555
0.105354
0.102222
0.099180
0.096242
0.093419
0.090721
0.088152
0.085715
0.083409
0.081234
0.079184
0.077255
0.075442
0.073737
0.072132
0.070622
0.069197
0.067852
0.066578
0.065369
0.064219
0.063121
0.062071
0.061063
0.060094
0.059159
0.058255
0.057378
0.056527
0.055698
0.054891
0.054102
0.053331
0.052576
0.051837
0.051112
0.050400
0.049702
0.049015
0.048340
0.047675
0.047022
0.046379
0.045745
0.045121
0.044507
0.043901
0.043305
0.042717
0.042137
0.041565
0.041002
0.040447
0.039899
0.039359
0.038827
0.038303
0.037786
0.037277
0.036776
0.036282
0.035795
0.035316
0.034845
0.034380
0.033924
0.033474
0.033032
0.032597
0.032170
0.031749
0.031335
0.030928
0.030528
0.030134
0.029747
0.029366
0.028991
0.028623
0.028260
0.027903
0.027552
0.027206
0.026865
0.026530
0.026200
0.025875
0.025555
0.025239
0.024928
0.024621
0.024319
0.024021
0.023727
0.023436
0.023149
0.022865
0.022585
0.022307
0.022032
0.021760
0.021490
0.021222
0.020957
0.020693
0.020431
0.020170
0.019911
0.019654
0.019399
0.019145
0.018892
0.018642
0.018394
0.018147
0.017903
0.017662
0.017423
0.017187
0.016954
0.016725
0.016499
0.016277
0.016059
0.015845
0.015636
0.015431
0.015231
0.015036
0.014845
0.014660
0.014479
0.014304
0.014133
0.013967
0.013806
0.013650
0.013498
0.013350
0.013206
0.013065
0.012928
0.012794
0.012663
0.012535
0.012408
0.012283
0.012160
0.012037
0.011916
0.011795
0.011674
0.011554
0.011433
0.011312
0.011191
0.011069
0.010948
0.010826
0.010704
0.010582
0.010460
0.010339
0.010219
0.010101
0.009984
0.009869
0.009756
0.009647
0.009540
0.009437
0.009337
0.009242
0.009150
0.009063
0.008980
0.008901
0.008826
0.008756
0.008689
0.008625
0.008565
0.008507
0.008452
0.008398
0.008346
0.008294
0.008242
0.008191
0.008138
0.008085
0.008030
0.007974
0.007916
0.007855
0.007793
0.007728
0.007662
0.007593
0.007523
0.007451
0.007378
0.007304
0.007230
0.007156
0.007081
0.007008
0.006936
0.006865
0.006796
0.006729
0.006664
0.006602
0.006543
0.006486
0.006433
0.006382
0.006334
0.006289
0.006247
0.006207
0.006169
0.006134
0.006101
0.006069
0.006038
0.006009
0.005980
0.005951
0.005923
0.005894
0.005865
0.005835
0.005804
0.005771
0.005737
0.005702
0.005664
0.005624
0.005582
0.005537
0.005490
0.005441
0.005389
0.005334
0.005277
0.005218
0.005156
0.005092
0.005026
0.004957
0.004887
0.004815
0.004742
0.004668
0.004593
0.004517
0.004441
0.004365
0.004288
0.004213
0.004138
0.004064
0.003991
0.003919
0.003849
0.003780
0.003713
0.003648
0.003584
0.003523
0.003463
0.003405
0.003349
0.003294
0.003240
0.003188
0.003138
0.003088
0.003040
0.002992
0.002945
0.002899
0.002853
0.002809
0.002764
0.002721
0.002678
0.002635
0.002593
0.002552
0.002511
0.002472
0.002432
0.002394
0.002357
0.002320
0.002284
0.002250
0.002216
0.002183
0.002151
0.002120
0.002090
0.002061
0.002033
0.002006
0.001979
0.001953
0.001928
0.001903
0.001878
0.001854
0.001830
0.001806
0.001783
0.001759
0.001735
0.001710
0.001686
0.001661
0.001635
0.001608
0.001581
0.001553
0.001524
0.001494
0.001463
0.001432
0.001399
0.001365
0.001331
0.001295
0.001259
0.001221
0.001183
0.001145
0.001105
0.001066
0.001025
0.000985
0.000944
0.000903
0.000861
0.000820
0.000779
0.000738
0.000698
0.000657
0.000617
0.000578
0.000539
0.000500
0.000462
0.000425
0.000389
0.000353
0.000317
0.000283
0.000249
0.000216
0.000184
0.000153
0.000123
0.000094
0.000065
0.000037
0.000011
-0.000015
-0.000040
-0.000063
-0.000086
-0.000108
-0.000129
-0.000149
-0.000169
-0.000187
-0.000205
-0.000222
-0.000239
-0.000255
-0.000271
-0.000286
-0.000301
-0.000316
-0.000331
-0.000346
-0.000360
-0.000375
-0.000390
-0.000405
-0.000420
-0.000434
-0.000449
-0.000464
-0.000479
-0.000494
-0.000508
-0.000523
-0.000537
-0.000550
-0.000563
-0.000576
-0.000587
-0.000598
-0.000609
-0.000618
-0.000627
-0.000635
-0.000642
-0.000648
-0.000653
-0.000658
-0.000661
-0.000664
-0.000665
-0.000666
-0.000666
-0.000666
-0.000664
-0.000662
-0.000660
-0.000657
-0.000654
-0.000650
-0.000646
-0.000642
-0.000638
-0.000634
-0.000631
-0.000627
-0.000624
-0.000621
-0.000619
-0.000618
-0.000618
-0.000618
-0.000619
-0.000622
-0.000625
-0.000629
-0.000635
-0.000641
-0.000649
-0.000658
-0.000668
-0.000679
-0.000691
-0.000704
-0.000718
-0.000732
-0.000748
-0.000764
-0.000780
-0.000797
-0.000815
-0.000833
-0.000850
-0.000868
-0.000886
-0.000904
-0.000922
-0.000940
-0.000957
-0.000974
-0.000990
-0.001006
-0.001021
-0.001036
-0.001050
-0.001064
-0.001077
-0.001089
-0.001101
-0.001112
-0.001123
-0.001133
-0.001142
-0.001152
-0.001160
-0.001168
-0.001176
-0.001184
-0.001191
-0.001198
-0.001205
-0.001211
-0.001217
-0.001223
-0.001229
-0.001235
-0.001241
-0.001247
-0.001252
-0.001258
-0.001264
-0.001269
-0.001274
-0.001280
-0.001285
-0.001291
-0.001296
-0.001301
-0.001306
-0.001312
-0.001317
-0.001322
-0.001327
-0.001332
-0.001337
-0.001342
-0.001347
-0.001353
-0.001358
-0.001363
-0.001368
-0.001373
-0.001378
-0.001384
-0.001389
-0.001394
-0.001399
-0.001405
-0.001410
-0.001415
-0.001420
-0.001425
-0.001430
-0.001435
-0.001440
-0.001444
-0.001448
-0.001452
-0.001455
-0.001458
-0.001460
-0.001462
-0.001463
-0.001464
-0.001464
-0.001463
-0.001462
-0.001460
-0.001457
-0.001453
-0.001448
-0.001443
-0.001436
-0.001429
-0.001421
-0.001413
-0.001403
-0.001393
-0.001382
-0.001371
-0.001359
-0.001347
-0.001335
-0.001322
-0.001309
-0.001296
-0.001284
-0.001271
-0.001259
-0.001247
-0.001235
-0.001224
-0.001213
-0.001203
-0.001194
-0.001185
-0.001176
-0.001169
-0.001162
-0.001155
-0.001150
-0.001144
-0.001140
-0.001135
-0.001131
-0.001128
-0.001124
-0.001121
-0.001118
-0.001116
-0.001113
-0.001111
-0.001109
-0.001107
-0.001105
-0.001104
-0.001103
-0.001102
-0.001101
-0.001101
-0.001101
-0.001101
-0.001102
-0.001103
-0.001105
-0.001107
-0.001110
-0.001113
-0.001117
-0.001121
-0.001125
-0.001130
-0.001135
-0.001141
-0.001146
-0.001151
-0.001157
-0.001162
-0.001167
-0.001172
-0.001177
-0.001181
-0.001184
-0.001187
-0.001188
-0.001190
-0.001190
-0.001189
-0.001187
-0.001184
-0.001180
-0.001174
-0.001168
-0.001160
-0.001151
-0.001140
-0.001129
-0.001116
-0.001102
-0.001088
-0.001072
-0.001055
-0.001038
-0.001020
-0.001001
-0.000983
-0.000964
-0.000945
-0.000926
-0.000908
-0.000890
-0.000873
-0.000857
-0.000841
-0.000827
-0.000815
-0.000803
-0.000793
-0.000785
-0.000778
-0.000772
-0.000768
-0.000765
-0.000764
-0.000764
-0.000765
-0.000767
-0.000770
-0.000773
-0.000777
-0.000782
-0.000786
-0.000791
-0.000795
-0.000799
-0.000802
-0.000804
-0.000805
-0.000805
-0.000804
-0.000801
-0.000797
-0.000790
-0.000782
-0.000772
-0.000760
-0.000746
-0.000729
-0.000711
-0.000691
-0.000668
-0.000644
-0.000618
-0.000590
-0.000560
-0.000530
-0.000498
-0.000466
-0.000433
-0.000400
-0.000366
-0.000333
-0.000301
-0.000269
-0.000239
-0.000210
-0.000183
-0.000157
-0.000134
-0.000113
-0.000095
-0.000079
-0.000066
-0.000055
-0.000047
-0.000043
-0.000040
-0.000041
-0.000043
-0.000049
-0.000056
-0.000066
-0.000077
-0.000091
-0.000105
-0.000122
-0.000139
-0.000157
-0.000176
-0.000195
-0.000215
-0.000235
-0.000254
-0.000274
-0.000294
-0.000313
-0.000331
-0.000349
-0.000366
-0.000383
-0.000399
-0.000414
-0.000428
-0.000442
-0.000454
-0.000466
-0.000477
-0.000487
-0.000497
-0.000505
-0.000513
-0.000521
-0.000527
-0.000534
-0.000539
-0.000544
-0.000549
-0.000553
-0.000557
-0.000560
-0.000563
-0.000566
-0.000568
-0.000571
-0.000572
-0.000574
-0.000576
-0.000577
-0.000578
-0.000579
-0.000580
-0.000580
-0.000581
-0.000581
-0.000581
-0.000581
-0.000581
-0.000581
-0.000580
-0.000580
-0.000579
-0.000578
-0.000577
-0.000576
-0.000575
-0.000574
-0.000573
-0.000571
-0.000570
-0.000568
-0.000567
-0.000565
-0.000563
-0.000561
-0.000559
-0.000557
-0.000555
-0.000553
-0.000551
-0.000549
-0.000546
-0.000544
-0.000541
-0.000539
-0.000536
-0.000533
-0.000529
-0.000526
-0.000522
-0.000518
-0.000514
-0.000510
-0.000505
-0.000500
-0.000494
-0.000489
-0.000482
-0.000476
-0.000469
-0.000461
-0.000454
-0.000446
-0.000437
-0.000429
-0.000420
-0.000411
-0.000402
-0.000394
-0.000385
-0.000376
-0.000368
-0.000361
-0.000353
-0.000347
-0.000341
-0.000336
-0.000332
-0.000329
-0.000326
-0.000325
-0.000325
-0.000326
-0.000329
-0.000333
-0.000338
-0.000344
-0.000351
-0.000360
-0.000371
-0.000382
-0.000395
-0.000410
-0.000426
-0.000443
-0.000462
-0.000482
-0.000504
-0.000527
-0.000552
-0.000578
-0.000605
-0.000634
-0.000664
-0.000695
-0.000727
-0.000761
-0.000795
-0.000829
-0.000864
-0.000900
-0.000936
-0.000972
-0.001007
-0.001043
-0.001077
-0.001111
-0.001145
-0.001177
-0.001209
-0.001239
-0.001269
-0.001297
-0.001324
-0.001350
-0.001375
-0.001399
-0.001422
-0.001444
-0.001466
-0.001486
-0.001506
-0.001526
-0.001545
-0.001564
-0.001583
-0.001602
-0.001620
-0.001639
-0.001657
-0.001676
-0.001694
-0.001713
-0.001731
-0.001750
-0.001768
-0.001785
-0.001803
-0.001819
-0.001835
-0.001850
-0.001864
-0.001876
-0.001887
-0.001896
-0.001902
-0.001906
-0.001907
-0.001905
-0.001900
-0.001891
-0.001879
-0.001862
-0.001841
-0.001816
-0.001787
-0.001753
-0.001715
-0.001673
-0.001627
-0.001578
-0.001525
-0.001469
-0.001411
-0.001352
-0.001291
-0.001229
-0.001168
-0.001107
-0.001047
-0.000990
-0.000935
-0.000884
-0.000835
-0.000791
-0.000752
