-0.269956
0.043779
-0.057447
0.003770
0.035790
-0.015422
-0.011974
-0.001214
0.023540
-0.036765
0.063229
-0.044068
-0.009279
0.021292
0.006695
-0.013891
0.001219
0.000427
0.005751
0.004199
-0.029904
0.036504
-0.018547
0.000071
0.010369
-0.007392
0.000949
-0.004520
0.007056
-0.000477
-0.004349
0.000917
-0.004498
0.014943
-0.017435
0.013344
-0.010056
0.013557
-0.012553
-0.001902
0.010890
-0.003941
0.003295
-0.012021
0.005291
0.007988
-0.003061
-0.012508
0.024073
-0.031133
0.028950
-0.020381
0.005822
0.004597
-0.001299
-0.029497
0.105676
-0.148375
0.021257
0.148395
0.172912
-1.044958
2.011102
1.216545
0.351772
0.095446
0.298021
0.314348
0.046232
0.000220
0.113369
0.086636
0.131155
0.233581
-0.022205
0.078814
0.177996
0.161565
0.045782
0.073021
0.107038
0.105748
0.076575
0.065096
0.128815
0.055296
0.069803
0.130669
0.041189
0.051652
0.116251
0.095507
0.030728
0.085214
0.057186
0.079477
0.102294
0.034445
0.054425
0.086602
0.087209
0.038970
0.070805
0.058584
0.086116
0.051640
0.050970
0.068572
0.073847
0.032662
0.062698
0.058499
0.058843
0.057511
0.057056
0.053733
0.050911
0.052128
0.041827
0.068555
0.044221
0.041024
0.048706
0.053642
0.048209
0.049750
0.027425
0.073789
0.042198
0.033144
0.055536
0.034961
0.048997
0.035295
0.044570
0.039974
0.045910
0.036912
0.044775
0.032339
0.039065
0.039272
0.039321
0.038837
0.036951
0.029327
0.045317
0.036685
0.024624
0.029840
0.054213
0.014236
0.039000
0.028787
0.041299
0.027255
0.026183
0.032487
0.031886
0.042800
0.008304
0.041356
0.023325
0.038476
0.030474
0.015934
0.023465
0.039528
0.027906
0.016859
0.039238
0.028815
0.017164
0.025251
0.020204
0.049226
0.008567
0.007456
0.050052
0.005213
0.034197
0.000309
0.051386
0.011900
0.023522
0.008941
0.044134
0.014754
0.021301
0.013216
0.021992
0.045212
0.002610
0.021722
0.023196
0.033229
0.003513
0.013120
0.026342
0.022368
0.016771
0.006507
0.034395
0.015545
0.016290
-0.003090
0.037245
0.028515
-0.008479
0.012254
0.033142
0.028096
-0.012117
0.022276
0.024122
0.018182
-0.000809
0.023562
0.019623
0.001689
0.021918
0.011613
0.003568
0.043575
-0.001521
-0.004763
0.038465
0.006876
0.004380
0.016477
0.014492
0.017478
-0.003877
0.021024
0.019332
0.020682
-0.004005
0.020720
0.015276
0.021181
0.001997
0.002225
0.032496
0.009103
-0.005595
0.021652
0.009237
0.026127
-0.008418
0.017985
0.017217
0.012491
0.002316
0.006565
0.019736
0.010106
-0.003949
0.003950
0.034623
-0.000896
0.012130
-0.008541
0.030655
0.000580
0.009232
-0.002242
0.023568
0.005509
0.004118
0.008489
0.005592
0.014233
0.005675
0.002880
0.034436
-0.051083
0.049295
0.089114
-0.044057
0.002794
-0.006231
0.014688
0.029552
-0.008598
-0.003020
0.018982
0.008574
0.015489
0.006317
-0.011731
0.028663
0.015673
-0.012649
0.012876
0.002478
0.025004
-0.005444
-0.000291
0.014361
0.013195
-0.003174
0.011952
0.007132
0.011997
0.001422
0.001822
0.019806
-0.003055
0.003565
0.011063
0.010092
0.003582
0.000258
0.012848
0.012212
0.011196
-0.000488
0.011161
0.002003
0.022311
-0.005753
-0.004536
0.025589
0.011127
-0.021117
0.023748
0.013244
0.002830
-0.000113
0.012333
0.008082
0.005645
-0.001504
0.011095
0.012077
0.007985
-0.000814
-0.006103
0.029407
-0.009605
0.001720
0.018809
0.007017
-0.000250
-0.004179
0.024220
0.011253
-0.010538
0.004435
0.032833
-0.036118
0.017464
-0.015339
0.004584
0.027759
-0.014341
0.014971
0.007274
0.005398
0.001351
0.011771
-0.013243
0.025307
-0.006865
0.002717
0.008287
-0.000684
0.012641
0.000562
-0.011113
0.024676
-0.006266
0.002187
0.009361
-0.005178
0.020613
-0.012840
0.002101
0.013600
0.006155
-0.001701
-0.003624
0.005832
-0.000033
0.013968
-0.011990
0.015127
0.008938
-0.008141
-0.003608
0.018428
0.001081
-0.002066
-0.000888
0.010240
0.003082
-0.001003
-0.001704
0.003420
0.025259
-0.026203
0.015491
0.007105
-0.000347
-0.008413
0.007943
0.013341
0.000178
-0.011167
0.003494
0.018861
0.000244
-0.000425
-0.009566
0.019570
0.005980
-0.004346
-0.014881
0.020490
0.007472
-0.010381
0.009270
-0.003878
0.007706
-0.007295
0.005580
0.009034
0.007079
-0.011141
0.005109
-0.005465
0.020203
-0.007443
-0.019139
0.031910
-0.002216
-0.005088
-0.006451
-0.001029
0.017706
0.000942
-0.008324
0.007602
-0.001112
0.002227
-0.004859
-0.001953
0.018343
-0.012466
-0.005866
0.022880
-0.011204
-0.003002
0.006067
0.002867
0.005394
0.000407
-0.007825
0.000312
0.006923
-0.010403
0.016606
-0.016951
0.016940
-0.004157
-0.013334
0.018287
0.005500
-0.015286
0.002985
0.000410
0.001138
0.007086
-0.011826
0.019244
0.000958
-0.015579
0.021808
-0.019754
0.020245
-0.016227
0.002159
0.012444
-0.003900
-0.016341
0.015347
0.003125
-0.009457
0.000654
-0.001831
0.015984
-0.013904
0.001986
0.003105
-0.003485
0.013436
-0.003936
-0.021658
0.027594
-0.006767
-0.005663
-0.002363
0.018371
-0.008664
-0.017051
0.014655
0.003827
0.005289
-0.012548
-0.000460
0.004393
0.013640
-0.021528
0.003404
0.018718
-0.017020
-0.003569
0.018689
-0.014642
0.018362
-0.018488
0.005804
0.006920
0.002106
-0.000016
-0.008336
0.000342
0.022069
-0.015668
-0.011774
0.021784
-0.007219
-0.008924
0.007739
-0.001607
0.013438
-0.015398
-0.002663
0.017034
-0.001110
-0.006847
-0.001770
-0.001555
0.019936
-0.021967
-0.008207
0.022887
-0.006753
-0.003685
0.004875
-0.001640
0.001250
-0.003463
0.002150
0.003612
-0.003275
-0.012410
0.009097
-0.003887
0.016367
-0.006136
-0.021550
0.022025
-0.000660
-0.006094
-0.001348
-0.003762
0.013449
-0.004517
-0.011490
0.009659
0.006294
-0.013437
-0.002909
0.004656
0.007802
-0.006352
-0.002275
0.009144
-0.003706
-0.007287
0.003135
0.000782
0.002215
-0.003522
0.000433
-0.001140
0.009599
-0.017562
0.010835
-0.011463
0.021896
-0.018283
-0.008768
0.020244
0.001495
-0.011888
-0.002120
-0.003801
0.008202
0.005688
-0.002741
-0.005621
-0.000377
0.003766
-0.014573
0.006844
0.020241
-0.017202
-0.016676
0.018962
0.011653
-0.021403
0.005951
-0.001907
-0.003864
0.007339
-0.003297
0.005620
-0.002162
-0.007501
-0.004166
0.006455
0.010742
-0.015591
-0.008806
0.019208
-0.004353
-0.009070
0.002702
0.001284
0.001728
-0.007199
0.002164
0.005347
-0.005676
0.006659
-0.010860
-0.002083
0.017303
-0.010848
-0.011521
0.010461
0.005548
-0.010583
0.009693
-0.014285
0.008418
-0.006545
0.007007
0.001738
-0.002153
-0.004124
-0.000565
0.005903
0.001201
0.006210
-0.015581
0.007451
-0.000890
0.004549
-0.006939
0.002875
-0.001978
0.001073
0.002701
0.006835
-0.015882
-0.000401
0.001176
0.005827
0.008413
-0.018859
0.013769
0.000240
-0.001171
-0.016793
0.018135
-0.000452
-0.003518
-0.002892
-0.002998
0.004772
0.007648
-0.011238
0.002679
-0.005306
0.017204
-0.012338
-0.007705
0.023459
-0.008248
-0.012641
0.007771
0.004076
0.002800
-0.014412
0.005338
0.003642
-0.002415
-0.008220
0.010375
-0.004655
0.004809
-0.003636
-0.012855
0.028363
-0.011590
-0.010485
0.000094
0.009008
-0.002289
-0.008187
0.003384
0.008709
-0.003201
-0.009039
0.014180
-0.015445
0.006369
0.005461
-0.013997
0.014019
-0.005576
-0.001230
-0.000239
-0.001030
-0.004992
0.005614
0.006195
-0.006980
0.007151
-0.007939
-0.003134
0.008541
0.010565
-0.011720
0.005428
0.004763
-0.003419
-0.005564
0.002765
0.005941
-0.006151
0.005134
-0.009661
0.014060
-0.006677
0.007768
-0.008109
0.007419
-0.004960
0.002966
-0.015265
0.019548
-0.000240
-0.009252
0.004474
-0.006364
0.009527
-0.004796
0.002454
-0.004250
0.008062
-0.002165
-0.012364
0.012925
0.000424
-0.003362
-0.002700
0.007457
0.001036
-0.012275
0.001052
0.013380
-0.006868
-0.003905
0.008486
-0.002069
-0.004693
0.003372
-0.006117
0.006269
0.004478
0.006140
-0.007415
0.009867
0.001769
-0.019042
0.033031
-0.023911
0.019986
-0.020530
0.021635
-0.011040
0.018381
-0.014495
-0.006839
0.014672
0.013317
-0.012836
-0.018280
0.033156
-0.000606
-0.016239
0.011870
-0.006973
0.014033
-0.020787
0.009428
0.009454
-0.004522
-0.004242
0.010760
-0.009033
0.013435
-0.008358
-0.007560
0.017417
-0.005991
-0.005545
-0.001080
0.011482
0.002322
-0.011901
0.002145
0.010211
-0.001987
-0.009170
0.005969
-0.000890
0.014825
-0.014438
-0.004389
0.012516
0.002750
-0.015245
0.012482
-0.004581
0.012615
-0.010621
-0.006130
0.010020
0.009453
-0.013887
0.001016
-0.000109
0.015060
-0.015855
-0.006478
0.026480
-0.007689
-0.012212
0.007906
0.006064
-0.006477
-0.002070
0.003677
0.001958
0.011585
-0.018222
0.010221
-0.008924
0.012200
0.001179
-0.021083
0.024170
-0.009688
0.005812
-0.003734
-0.000666
0.006729
-0.008447
0.006304
0.008471
-0.012228
0.009547
-0.008651
-0.002996
0.020174
-0.013913
-0.004332
0.019625
-0.011966
-0.005842
0.012009
-0.012691
0.021236
-0.028483
0.037256
-0.041391
0.052307
-0.049553
0.027499
-0.006397
0.006875
-0.001187
-0.014822
0.021677
-0.013528
0.007593
-0.004489
0.005512
-0.005635
0.004486
0.003759
-0.000381
-0.014022
0.021208
-0.006636
-0.003415
0.007383
-0.005974
0.000315
0.005166
0.000941
-0.001153
0.005781
-0.006677
0.010709
-0.003715
0.002937
-0.000479
0.002084
-0.003373
-0.002913
0.012076
-0.004025
0.002702
-0.009676
0.015830
-0.004532
-0.007570
0.002177
0.008262
-0.002971
-0.002307
0.004997
0.005030
-0.005532
0.002089
-0.008575
0.007784
0.009644
-0.016280
0.011085
0.004445
-0.000421
0.002048
-0.017168
0.019142
-0.006196
0.023012
-0.078145
0.122754
-0.086879
0.008172
-0.005387
0.004728
0.023779
-0.027467
0.001596
0.012227
0.000314
-0.010832
0.011698
-0.021285
0.020763
0.000038
-0.012042
0.003965
-0.001259
-0.004724
0.015754
-0.017497
0.008711
-0.000378
-0.009821
0.007697
-0.002525
-0.003259
-0.005594
0.012803
-0.012542
0.010797
-0.011834
0.006595
0.003597
-0.010624
0.001806
0.003062
-0.006322
0.002865
-0.003064
0.000208
-0.005259
0.003100
-0.002226
0.004747
-0.010037
0.001979
-0.006306
0.009512
0.003456
-0.022504
0.023502
-0.015376
-0.005844
0.007207
-0.011664
0.007961
0.003974
-0.016236
0.005281
-0.004944
0.014670
-0.031425
0.049757
-0.071533
0.059170
-0.096469
0.288327
-0.606498
0.678748
