-0.061180
0.004605
-0.005040
-0.000021
0.008376
0.006317
-0.004365
-0.006873
0.017831
-0.011804
0.015255
0.002288
-0.015142
0.016333
-0.002118
0.005177
-0.002605
0.003995
-0.003255
0.019480
-0.025249
0.023728
-0.007635
0.008118
-0.010243
0.020978
-0.007068
-0.002779
0.009443
0.003691
-0.005146
0.002347
-0.000878
0.008464
0.006163
-0.001796
-0.009578
0.020582
-0.010561
0.007873
-0.006449
0.002649
0.015843
-0.005848
-0.002521
0.002653
0.007071
-0.005080
0.015410
-0.018177
0.022825
-0.004410
-0.005810
0.004526
0.013572
-0.027672
0.076472
-0.074532
-0.013693
0.046781
0.293142
-0.561188
1.063317
1.107382
0.008608
-0.223086
0.125299
0.251058
0.005352
-0.092360
0.053927
0.120983
0.021184
0.124147
0.000026
0.002040
0.141506
0.086904
0.004751
0.012298
0.048222
0.087816
0.030323
0.021953
0.066707
0.035252
0.011573
0.083165
0.028358
0.010606
0.055099
0.067550
0.012987
0.023206
0.041178
0.047946
0.043134
0.010291
0.029679
0.049324
0.042909
0.033148
0.002610
0.051757
0.048591
0.018079
0.020999
0.020338
0.055773
0.020528
0.018084
0.033058
0.033409
0.029071
0.032383
0.007918
0.032887
0.030730
0.034044
0.016774
0.015174
0.033055
0.032709
0.013018
0.026151
0.022263
0.015678
0.037277
0.032203
-0.002191
0.031937
0.023651
0.021260
0.021470
0.014699
0.015210
0.035086
0.020645
0.010157
0.025299
0.023132
0.023110
0.003273
0.030397
0.021470
0.002747
0.030631
0.025050
0.008063
0.006767
0.028498
0.018895
0.014184
0.001618
0.035192
0.016747
0.008696
0.013645
0.009983
0.026413
0.005977
0.017494
0.022842
0.015312
0.003107
0.018105
0.016698
0.012109
0.024547
-0.002733
0.023636
0.004754
0.010971
0.020668
0.001023
0.039907
-0.010964
0.008574
0.035447
0.003052
-0.000074
0.022477
0.010334
0.013870
-0.000374
0.009794
0.021968
0.006070
0.019604
0.000616
0.005581
0.021000
0.009455
0.003684
0.021191
0.005926
0.001890
0.008862
0.023715
-0.001927
0.005089
0.009006
0.033170
-0.014402
0.013703
0.012889
0.002697
0.011695
0.012603
-0.002224
0.011961
0.013827
0.004417
0.000935
0.008410
0.022961
-0.004190
-0.001268
0.017493
0.015083
0.007439
-0.012264
0.014946
0.021687
-0.005495
0.013589
-0.004692
0.021742
-0.007543
0.012669
0.005128
-0.001392
0.009171
0.013454
0.010990
-0.009303
0.012520
-0.002464
0.018532
0.013947
-0.007725
-0.010246
0.024975
0.014417
-0.014106
0.009290
0.004469
0.022365
-0.002383
-0.013813
0.022318
-0.001277
0.004932
0.012869
-0.015742
0.027392
-0.008781
0.012996
0.008694
-0.005077
0.004090
0.004908
0.012061
-0.009514
0.013881
-0.001352
0.008134
0.008731
-0.004816
0.010571
-0.006570
0.024029
-0.003162
-0.000214
-0.003607
0.027125
-0.023821
0.016578
0.002230
0.004642
-0.003503
0.014342
-0.000201
0.003396
-0.000212
0.001722
0.013914
0.006146
-0.018902
0.019131
0.005737
0.016433
-0.030919
0.020802
0.007500
0.002366
-0.010195
0.010650
0.006663
0.004605
0.006260
-0.010282
0.006781
0.007787
-0.000504
-0.002326
0.007402
0.007958
-0.005255
0.007788
-0.000544
0.005013
-0.007620
0.019534
-0.012895
0.023361
-0.021031
0.015063
-0.006346
0.017273
-0.013174
0.003171
0.011976
-0.005005
-0.001477
0.008304
0.004753
0.005027
-0.003354
0.000748
0.006523
-0.001809
-0.001359
0.009354
-0.000239
0.003271
0.004786
-0.010410
0.019021
0.006550
-0.011791
-0.007471
0.025872
-0.008651
0.003815
-0.009860
0.018292
-0.005657
0.000005
0.008768
-0.003015
0.012282
-0.017527
0.005985
0.014558
0.004409
-0.016741
0.011022
0.005875
0.001799
-0.010921
0.008492
0.004362
-0.001469
0.007481
-0.001081
-0.009942
0.024353
-0.009981
-0.013359
0.021300
-0.005202
-0.000651
0.000285
0.006061
0.005778
-0.006622
0.006944
-0.004906
0.008104
-0.010905
0.005492
0.000938
0.017846
-0.011497
0.005030
-0.003514
0.019110
-0.028044
0.016166
-0.000631
0.007740
-0.003070
0.002658
-0.000976
0.005193
-0.006340
0.000742
-0.000818
0.017266
-0.007380
-0.012102
0.020113
-0.004949
-0.002152
-0.006452
0.012747
0.004109
-0.004812
-0.004021
0.010583
-0.002564
-0.001300
-0.000856
0.002180
0.011621
-0.007278
-0.005893
0.012538
0.000638
-0.003766
0.005715
-0.007980
0.005752
0.000396
-0.000310
0.008874
-0.014140
0.014910
-0.012579
0.006257
0.002198
0.004700
-0.007531
0.013092
0.001421
-0.015999
0.018720
-0.012516
0.012751
-0.010540
0.001994
0.003349
0.002538
-0.002137
-0.005140
0.005779
0.014329
-0.011485
-0.012079
0.016840
0.005853
-0.017994
0.003020
0.023601
-0.014499
-0.004597
0.005999
0.007979
-0.000221
-0.007643
0.000701
-0.007047
0.024821
-0.015642
0.000093
-0.000105
0.009601
-0.003857
0.009210
-0.014506
0.007984
0.002637
-0.005683
0.009649
-0.007762
0.008494
-0.008110
0.002932
0.011275
-0.010451
-0.005681
0.014156
0.003768
-0.010031
0.010279
-0.004528
0.002427
0.004234
-0.003607
0.001476
0.006382
-0.006736
0.000268
0.002244
0.002787
0.006669
-0.015173
0.011180
0.000822
-0.005447
0.003653
0.007356
-0.002748
-0.004405
0.005632
0.001970
0.007052
-0.014272
0.009330
-0.005572
0.019878
-0.023762
0.010417
0.002014
0.006468
-0.014843
0.010561
-0.003416
0.006220
-0.003014
-0.000095
0.005894
0.001534
-0.005504
0.008011
-0.016161
0.020220
-0.005591
-0.011112
0.022018
-0.009076
-0.006194
0.008472
-0.006614
0.002055
0.005846
-0.003282
0.013050
-0.013955
0.001803
0.004605
0.000896
0.008420
-0.002175
-0.010981
0.003927
0.023028
-0.025307
0.008851
0.008186
0.003340
0.000206
-0.009832
0.008511
-0.004308
0.012144
-0.013165
0.006949
0.003016
0.008608
-0.015811
0.014210
-0.000826
-0.005029
0.001155
-0.000864
0.006669
-0.009158
0.009389
0.003221
-0.007003
0.001556
0.004468
-0.000491
0.001526
0.006511
-0.019232
0.021996
-0.003945
-0.006361
0.001012
0.004452
0.000447
0.008267
-0.014005
0.012777
-0.010793
0.018645
-0.013679
0.011731
-0.010271
0.018781
-0.031845
0.028422
-0.007747
0.005010
-0.007033
0.004894
-0.011065
0.017993
0.001209
-0.005698
-0.002837
0.007163
-0.001246
-0.002127
0.004817
-0.001774
-0.007280
0.011912
0.000433
-0.001910
-0.001699
-0.001066
0.010412
-0.002179
-0.000907
0.002714
0.003558
-0.012925
0.012683
-0.009885
0.016131
-0.009822
-0.003441
0.015162
-0.006648
-0.007612
0.013590
-0.006107
0.007963
-0.013386
0.008669
0.006704
-0.001800
0.001248
0.000318
-0.009416
0.011194
0.000528
-0.007188
0.012370
-0.001183
-0.000726
-0.000654
-0.000246
0.005447
-0.017689
0.012980
0.006449
0.002767
-0.006331
0.000328
-0.001067
0.013203
-0.001953
-0.019343
0.024343
-0.003746
-0.006749
-0.000655
0.002137
0.012027
-0.006552
-0.007059
0.014466
-0.000927
0.003938
-0.010714
0.009044
0.001061
0.001834
-0.016598
0.019337
-0.000785
-0.009732
0.011519
0.001937
-0.008121
0.005229
-0.000562
0.004224
0.003613
-0.006487
-0.000178
0.001052
0.010312
0.002452
-0.022054
0.021216
0.004193
-0.004481
-0.009236
0.020838
-0.010678
0.003424
-0.008117
0.021571
-0.021621
0.012435
0.004554
-0.012803
0.021114
-0.007792
-0.008040
0.007999
0.013208
-0.016541
0.006392
0.006685
-0.004241
-0.002314
0.006065
0.006221
-0.005594
0.001323
0.001821
0.001137
0.012561
-0.001834
-0.016690
0.017278
-0.001957
-0.000100
-0.000507
0.000436
0.007262
0.000462
-0.003176
0.009897
-0.005889
0.004703
0.003358
-0.005742
0.016943
-0.019753
0.001260
0.014451
0.006699
-0.021901
0.012269
0.006615
0.006803
-0.013794
0.009906
0.001278
0.003893
-0.003397
-0.006269
-0.001115
0.019281
-0.003257
-0.015600
0.018723
-0.003118
-0.001049
0.009147
-0.005378
0.001090
0.000748
0.004655
0.002360
0.004272
-0.006489
0.010209
-0.007464
0.007379
0.006060
-0.014454
0.020889
-0.004023
-0.001372
0.002374
0.002510
0.006002
-0.015574
0.015507
-0.002410
0.002165
0.004728
-0.002214
-0.005854
0.017439
-0.007686
0.004446
-0.002555
0.011448
-0.005393
-0.000181
-0.004174
0.014745
-0.012302
0.011311
-0.003173
0.008605
-0.005957
0.009095
-0.013155
0.019749
-0.010516
-0.006953
0.014323
0.002343
-0.005593
0.010886
-0.005063
0.000513
0.002828
0.001167
0.018366
-0.021508
0.011025
0.003149
-0.001799
0.002373
0.010527
-0.021275
0.023438
-0.003709
-0.007981
0.001911
0.016165
-0.010393
0.007020
-0.003987
0.008195
-0.004829
0.013111
-0.015394
0.004679
0.017594
-0.001114
-0.016159
0.008329
0.011364
-0.009644
0.007691
-0.003966
0.013781
-0.008087
-0.000321
0.010335
-0.007929
0.010089
0.001027
-0.009955
0.022974
-0.007580
-0.015093
0.026306
-0.010146
-0.001747
0.003745
0.008285
-0.006939
0.010790
-0.006651
0.005260
0.004660
-0.007491
0.008132
-0.000174
0.015495
-0.017736
0.009333
0.002105
0.009075
-0.012746
0.001706
0.012267
-0.001471
-0.001042
0.002697
-0.001450
0.005533
0.004565
-0.004551
0.007168
0.010751
-0.004232
-0.018199
0.021759
0.001221
-0.003916
0.003285
-0.000942
0.010283
-0.006818
0.011792
-0.012536
0.017807
-0.012112
0.005443
0.001341
0.008611
0.001407
-0.012764
0.024070
-0.005484
-0.008642
0.002967
0.014992
-0.005616
-0.005752
0.011683
0.000563
0.002033
0.001089
0.004511
-0.004264
0.004356
0.002161
-0.009418
0.015899
-0.003307
0.004362
0.006158
-0.010094
0.011984
-0.002730
0.000062
0.008807
0.003082
-0.009557
0.005386
0.002616
0.016841
-0.013618
0.003404
0.005381
0.001855
-0.004539
0.006475
-0.000694
0.008431
-0.004188
0.006650
0.005319
-0.002118
0.005969
-0.007228
0.003672
0.011663
-0.000988
-0.010797
0.017012
-0.002121
0.003413
-0.009872
0.016842
-0.001583
0.012872
-0.044188
0.062285
-0.015853
-0.034229
0.016913
0.012578
0.001350
0.001320
-0.016074
0.016153
0.009048
-0.005012
0.001583
-0.004692
0.006617
0.007668
-0.008947
0.003026
0.002484
-0.002417
0.017711
-0.019221
0.009801
0.007906
-0.002880
-0.000435
0.005881
-0.004671
0.002870
0.009281
-0.013460
0.014638
-0.007077
0.007716
0.001057
-0.003587
0.004090
0.005315
-0.003178
0.009012
-0.012185
0.007817
0.003288
0.002144
-0.005624
0.013134
-0.005432
0.007977
-0.011977
0.007536
-0.005149
0.007365
0.006491
-0.004767
-0.000451
0.005696
0.002103
-0.000298
0.001125
0.001244
0.004023
0.002764
0.011544
-0.012618
0.013299
-0.012969
0.019704
-0.025847
0.076858
-0.157304
0.176167
