0.002168
0.001856
0.001429
0.000959
0.000518
0.000159
-0.000088
-0.000222
-0.000264
-0.000245
-0.000197
-0.000149
-0.000115
-0.000104
-0.000113
-0.000137
-0.000172
-0.000211
-0.000251
-0.000291
-0.000331
-0.000369
-0.000406
-0.000440
-0.000469
-0.000491
-0.000506
-0.000512
-0.000510
-0.000501
-0.000486
-0.000468
-0.000447
-0.000425
-0.000402
-0.000379
-0.000359
-0.000345
-0.000338
-0.000341
-0.000354
-0.000376
-0.000399
-0.000413
-0.000399
-0.000319
-0.000110
0.000347
0.001259
0.002966
0.005998
0.011116
0.019332
0.031862
0.049994
0.074852
0.107077
0.146476
0.191735
0.240317
0.288608
0.332375
0.367427
0.390377
0.399277
0.393968
0.376057
0.348526
0.315100
0.279551
0.245107
0.214081
0.187759
0.166503
0.149990
0.137494
0.128141
0.121090
0.115638
0.111259
0.107587
0.104389
0.101523
0.098907
0.096491
0.094248
0.092160
0.090215
0.088409
0.086738
0.085201
0.083796
0.082521
0.081365
0.080314
0.079346
0.078429
0.077531
0.076616
0.075655
0.074628
0.073528
0.072360
0.071144
0.069907
0.068680
0.067494
0.066375
0.065338
0.064388
0.063517
0.062710
0.061947
0.061205
0.060465
0.059713
0.058944
0.058155
0.057348
0.056529
0.055701
0.054873
0.054054
0.053254
0.052488
0.051768
0.051104
0.050499
0.049952
0.049452
0.048985
0.048534
0.048080
0.047610
0.047114
0.046586
0.046029
0.045449
0.044853
0.044251
0.043654
0.043066
0.042494
0.041937
0.041395
0.040868
0.040355
0.039855
0.039367
0.038891
0.038426
0.037970
0.037519
0.037067
0.036607
0.036129
0.035624
0.035084
0.034507
0.033894
0.033255
0.032605
0.031962
0.031346
0.030774
0.030255
0.029791
0.029376
0.028999
0.028648
0.028311
0.027984
0.027664
0.027357
0.027064
0.026789
0.026529
0.026277
0.026026
0.025767
0.025496
0.025211
0.024916
0.024615
0.024313
0.024012
0.023714
0.023417
0.023121
0.022829
0.022545
0.022275
0.022027
0.021805
0.021612
0.021448
0.021310
0.021193
0.021093
0.021008
0.020931
0.020857
0.020777
0.020678
0.020546
0.020366
0.020126
0.019819
0.019450
0.019027
0.018569
0.018095
0.017627
0.017180
0.016767
0.016394
0.016064
0.015775
0.015523
0.015306
0.015118
0.014957
0.014816
0.014692
0.014580
0.014476
0.014377
0.014287
0.014210
0.014156
0.014137
0.014163
0.014240
0.014369
0.014538
0.014727
0.014910
0.015053
0.015128
0.015110
0.014987
0.014760
0.014442
0.014056
0.013632
0.013197
0.012779
0.012396
0.012061
0.011779
0.011550
0.011369
0.011228
0.011114
0.011013
0.010909
0.010789
0.010643
0.010467
0.010265
0.010048
0.009829
0.009627
0.009454
0.009320
0.009225
0.009159
0.009109
0.009056
0.008980
0.008868
0.008712
0.008515
0.008287
0.008046
0.007810
0.007596
0.007416
0.007275
0.007170
0.007094
0.007038
0.006991
0.006947
0.006900
0.006844
0.006779
0.006704
0.006618
0.006526
0.006433
0.006345
0.006269
0.006212
0.006175
0.006154
0.006142
0.006129
0.006102
0.006052
0.005970
0.005855
0.005705
0.005525
0.005320
0.005097
0.004868
0.004647
0.004453
0.004305
0.004220
0.004210
0.004279
0.004420
0.004615
0.004841
0.005069
0.005275
0.005439
0.005551
0.005610
0.005621
0.005596
0.005547
0.005484
0.005415
0.005343
0.005269
0.005191
0.005107
0.005015
0.004913
0.004798
0.004669
0.004528
0.004377
0.004218
0.004059
0.003908
0.003773
0.003663
0.003583
0.003534
0.003512
0.003511
0.003525
0.003547
0.003571
0.003596
0.003622
0.003650
0.003682
0.003718
0.003757
0.003797
0.003833
0.003861
0.003875
0.003871
0.003846
0.003797
0.003723
0.003627
0.003511
0.003379
0.003238
0.003093
0.002947
0.002806
0.002675
0.002558
0.002458
0.002380
0.002324
0.002287
0.002265
0.002248
0.002227
0.002195
0.002145
0.002078
0.001995
0.001902
0.001807
0.001716
0.001635
0.001570
0.001522
0.001493
0.001483
0.001488
0.001505
0.001525
0.001541
0.001547
0.001537
0.001511
0.001469
0.001417
0.001360
0.001302
0.001247
0.001199
0.001157
0.001125
0.001104
0.001097
0.001107
0.001134
0.001178
0.001236
0.001303
0.001372
0.001435
0.001485
0.001514
0.001515
0.001484
0.001418
0.001321
0.001196
0.001053
0.000904
0.000762
0.000642
0.000555
0.000513
0.000523
0.000590
0.000715
0.000898
0.001134
0.001415
0.001725
0.002047
0.002357
0.002630
0.002839
0.002965
0.002996
0.002931
0.002782
0.002570
0.002323
0.002071
0.001839
0.001645
0.001495
0.001386
0.001309
0.001249
0.001194
0.001134
0.001063
0.000984
0.000900
0.000818
0.000745
0.000684
0.000642
0.000617
0.000610
0.000617
0.000633
0.000653
0.000672
0.000684
0.000688
0.000681
0.000665
0.000640
0.000609
0.000575
0.000540
0.000508
0.000482
0.000465
0.000458
0.000461
0.000475
0.000497
0.000526
0.000558
0.000591
0.000622
0.000647
0.000662
0.000666
0.000656
0.000633
0.000600
0.000560
0.000518
0.000478
0.000444
0.000417
0.000398
0.000390
0.000393
0.000410
0.000439
0.000481
0.000531
0.000582
0.000625
0.000652
0.000654
0.000629
0.000575
0.000498
0.000406
0.000310
0.000221
0.000145
0.000089
0.000052
0.000031
0.000024
0.000025
0.000031
0.000040
0.000051
0.000063
0.000077
0.000089
0.000099
0.000103
0.000101
0.000092
0.000078
0.000062
0.000048
0.000039
0.000035
0.000036
0.000039
0.000039
0.000031
0.000011
-0.000020
-0.000060
-0.000105
-0.000148
-0.000183
-0.000204
-0.000207
-0.000188
-0.000149
-0.000091
-0.000018
0.000065
0.000152
0.000240
0.000323
0.000400
0.000470
0.000532
0.000587
0.000632
0.000666
0.000687
0.000694
0.000686
0.000664
0.000629
0.000582
0.000525
0.000458
0.000383
0.000304
0.000227
0.000156
0.000099
0.000060
0.000042
0.000044
0.000062
0.000093
0.000134
0.000181
0.000237
0.000303
0.000381
0.000470
0.000566
0.000662
0.000747
0.000809
0.000841
0.000837
0.000799
0.000736
0.000657
0.000576
0.000501
0.000442
0.000402
0.000382
0.000382
0.000400
0.000432
0.000475
0.000523
0.000568
0.000602
0.000620
0.000617
0.000593
0.000554
0.000508
0.000464
0.000431
0.000413
0.000413
0.000426
0.000447
0.000469
0.000486
0.000495
0.000495
0.000488
0.000477
0.000465
0.000454
0.000448
0.000448
0.000455
0.000469
0.000487
0.000508
0.000528
0.000547
0.000561
0.000572
0.000577
0.000579
0.000574
0.000563
0.000544
0.000518
0.000485
0.000448
0.000413
0.000384
0.000364
0.000356
0.000359
0.000373
0.000395
0.000421
0.000451
0.000483
0.000517
0.000551
0.000586
0.000621
0.000656
0.000691
0.000723
0.000751
0.000771
0.000781
0.000778
0.000762
0.000735
0.000700
0.000663
0.000629
0.000604
0.000590
0.000590
0.000603
0.000629
0.000665
0.000707
0.000753
0.000796
0.000834
0.000863
0.000882
0.000891
0.000891
0.000884
0.000872
0.000856
0.000835
0.000808
0.000773
0.000731
0.000682
0.000632
0.000585
0.000545
0.000517
0.000503
0.000501
0.000509
0.000524
0.000542
0.000561
0.000579
0.000595
0.000609
0.000622
0.000630
0.000635
0.000634
0.000630
0.000624
0.000620
0.000623
0.000637
0.000664
0.000701
0.000743
0.000783
0.000813
0.000825
0.000817
0.000790
0.000752
0.000712
0.000686
0.000685
0.000720
0.000797
0.000917
0.001074
0.001261
0.001464
0.001672
0.001871
0.002048
0.002192
0.002293
0.002345
0.002345
0.002297
0.002205
0.002083
0.001943
0.001800
0.001666
0.001550
0.001457
0.001388
0.001341
0.001312
0.001294
0.001283
0.001273
0.001260
0.001241
0.001215
0.001181
0.001139
0.001091
0.001039
0.000986
0.000937
0.000895
0.000865
0.000848
0.000845
0.000855
0.000874
0.000898
0.000924
0.000950
0.000972
0.000993
0.001011
0.001031
0.001052
0.001077
0.001106
0.001138
0.001172
0.001205
0.001233
0.001253
0.001260
0.001252
0.001228
0.001190
0.001142
0.001092
0.001046
0.001011
0.000990
0.000985
0.000994
0.001013
0.001037
0.001061
0.001084
0.001103
0.001119
0.001134
0.001147
0.001159
0.001169
0.001175
0.001176
0.001171
0.001161
0.001145
0.001126
0.001104
0.001078
0.001052
0.001023
0.000996
0.000969
0.000947
0.000928
0.000916
0.000909
0.000907
0.000909
0.000912
0.000913
0.000909
0.000898
0.000878
0.000849
0.000814
0.000775
0.000736
0.000702
0.000677
0.000665
0.000669
0.000691
0.000730
0.000786
0.000854
0.000930
0.001006
0.001077
0.001135
0.001176
0.001196
0.001193
0.001169
0.001128
0.001075
0.001018
0.000965
0.000923
0.000899
0.000895
0.000911
0.000944
0.000988
0.001036
0.001080
0.001116
0.001140
0.001149
0.001143
0.001124
0.001093
0.001052
0.001004
0.000955
0.000910
0.000876
0.000859
0.000862
0.000885
0.000924
0.000972
0.001021
0.001065
0.001099
0.001119
0.001128
0.001126
0.001114
0.001094
0.001063
0.001022
0.000971
0.000911
0.000845
0.000780
0.000722
0.000678
0.000653
0.000648
0.000662
0.000691
0.000727
0.000763
0.000792
0.000809
0.000813
0.000806
0.000793
0.000779
0.000769
0.000766
0.000771
0.000785
0.000804
0.000828
0.000856
0.000890
0.000931
0.000981
0.001041
0.001105
0.001168
0.001220
0.001252
0.001258
0.001235
0.001187
0.001122
0.001050
0.000983
0.000932
0.000901
0.000892
0.000901
0.000918
0.000936
0.000944
0.000937
0.000913
0.000872
0.000821
0.000765
0.000712
0.000669
0.000642
0.000631
0.000639
0.000661
0.000691
0.000723
0.000750
0.000765
0.000765
0.000746
0.000706
0.000645
0.000561
0.000451
0.000315
0.000155
-0.000022
-0.000207
-0.000384
-0.000537
-0.000651
-0.000716
-0.000730
-0.000699
-0.000636
-0.000557
-0.000475
-0.000404
-0.000351
-0.000318
-0.000304
-0.000308
-0.000326
-0.000357
-0.000398
-0.000445
-0.000496
-0.000547
-0.000594
-0.000635
-0.000671
-0.000701
-0.000727
-0.000752
-0.000776
-0.000799
-0.000822
-0.000845
-0.000867
-0.000890
-0.000914
-0.000941
-0.000974
-0.001013
-0.001060
-0.001114
-0.001171
-0.001230
-0.001283
-0.001327
-0.001359
-0.001377
-0.001384
-0.001384
-0.001383
-0.001388
-0.001404
-0.001432
-0.001470
-0.001515
-0.001558
-0.001592
-0.001610
-0.001604
-0.001571
-0.001504
-0.001399
-0.001244
-0.001031
-0.000745
-0.000379
0.000066
0.000570
0.001097
0.001594
0.001997
0.002248
0.002307
