-0.191241
0.037325
-0.036716
-0.003831
0.012057
0.009386
-0.019466
-0.008360
0.024711
-0.036740
0.053110
-0.044470
-0.002161
0.022973
-0.013829
0.005709
-0.020443
0.003382
0.008070
0.005669
-0.026077
0.023653
-0.019023
0.007809
0.000028
-0.003700
-0.004382
-0.005522
0.013883
-0.003305
-0.017212
0.008293
-0.004369
0.001214
-0.006258
-0.000583
-0.004126
0.012922
-0.019407
0.006183
-0.009348
0.009854
0.004695
-0.020227
0.005529
0.007793
-0.014826
0.009744
-0.012673
-0.003076
0.016135
-0.022645
0.017596
-0.011219
-0.015503
0.006701
0.072813
-0.149552
0.021999
0.242113
-0.048401
-0.963776
2.227748
1.087879
0.606917
0.272463
0.348663
0.339310
0.112612
0.050433
0.124535
0.087536
0.172908
0.215547
-0.004474
0.035939
0.189015
0.188167
0.035893
0.061630
0.099332
0.085600
0.121561
0.051289
0.112063
0.035861
0.109873
0.114671
0.014668
0.086025
0.106205
0.107279
0.037895
0.079643
0.060517
0.089825
0.106779
0.037909
0.062015
0.053349
0.118340
0.047801
0.043844
0.073115
0.068282
0.061790
0.057358
0.060120
0.054404
0.059453
0.072905
0.052801
0.040367
0.052038
0.057613
0.066360
0.031519
0.056681
0.050589
0.060780
0.045852
0.041856
0.057230
0.032916
0.068136
0.036080
0.032363
0.064996
0.034427
0.050935
0.039439
0.035859
0.053117
0.038981
0.042880
0.020550
0.042752
0.052145
0.029156
0.029695
0.038130
0.041636
0.020243
0.061117
-0.006941
0.069872
0.018951
0.035862
0.022502
0.040713
0.030361
0.036719
0.029876
0.017213
0.044967
0.023640
0.022236
0.021600
0.029198
0.053119
-0.006062
0.036874
0.029618
0.034848
-0.003313
0.042631
0.020962
0.031842
0.007840
0.027369
0.040265
0.004628
0.024187
0.023818
0.017767
0.043655
0.014064
0.007687
0.037605
0.017317
0.023751
0.002013
0.049936
-0.004755
0.025725
0.014336
0.043103
0.010667
0.015489
0.002025
0.029094
0.040055
-0.006129
0.016232
0.018468
0.034355
-0.002970
0.021638
0.000905
0.045624
-0.010799
0.024069
0.023952
-0.003610
0.026839
0.002684
0.025933
0.022553
-0.019830
0.025818
0.034494
-0.003928
0.013131
0.003680
0.031942
0.008569
0.009221
0.002914
0.024852
0.002240
0.011784
0.015923
0.008371
0.028211
-0.008604
0.013296
0.019230
0.005030
0.006448
0.013555
0.001643
0.015722
0.011413
0.001852
0.021320
0.002014
0.010439
-0.000805
0.014291
0.025242
-0.016200
0.020911
-0.000460
0.022421
-0.011698
0.019406
0.011257
0.005686
-0.005903
0.014956
0.011887
0.008177
0.000879
0.010492
0.002521
0.012278
0.006336
-0.009739
0.030777
-0.012596
0.014553
0.009174
-0.008743
0.009150
0.005398
0.012493
0.002722
0.010956
-0.001636
0.013023
-0.011903
0.017574
0.003292
0.002663
0.010741
-0.004436
0.000329
0.016626
0.000222
-0.009051
0.014652
0.002146
0.010745
-0.001601
0.011391
-0.016771
0.017338
0.018916
-0.014966
0.004454
-0.002751
0.018827
-0.013211
0.005211
0.007569
0.017525
-0.013177
0.007647
0.006895
-0.006960
0.001113
0.002134
0.011081
0.000555
-0.014144
0.008077
0.013645
-0.009913
-0.005080
0.010064
0.006063
-0.014654
0.007531
0.001940
0.018072
-0.013795
0.003538
-0.005836
0.001894
0.019584
-0.007553
-0.007502
0.017934
-0.017484
0.015223
-0.007531
-0.000295
0.009520
-0.017812
0.022214
-0.006839
0.004373
-0.012165
0.006496
-0.006536
0.031818
-0.034251
0.005163
0.016717
-0.009214
-0.007187
0.001164
0.016026
-0.008211
-0.014003
0.009696
0.008877
-0.003039
-0.025049
0.024830
-0.013191
0.028762
-0.034755
0.005577
0.012395
-0.006656
-0.002302
-0.005800
0.005439
0.023531
-0.035474
0.009463
0.000100
0.007403
-0.008764
-0.005448
-0.000957
0.025167
-0.028683
-0.001758
0.007724
0.007840
-0.013460
0.003793
-0.014068
0.011538
-0.011433
0.002994
0.006117
0.004150
-0.018227
0.010012
-0.015834
0.027032
-0.021673
-0.009156
0.010902
0.007187
-0.006977
-0.004740
-0.008260
0.006907
0.002404
-0.011136
0.005290
0.000927
0.004637
-0.021486
0.012242
0.003761
-0.011851
-0.004906
0.005488
-0.006525
0.004255
0.006762
-0.007201
-0.006137
0.003110
0.009850
-0.014609
0.007935
-0.011942
0.006504
-0.013679
0.009703
0.001695
-0.012781
0.010849
-0.013355
0.005572
0.001088
-0.009675
0.014690
-0.022705
0.013075
-0.011029
0.013253
-0.018251
-0.001213
0.007282
0.003588
-0.017986
0.003431
0.005331
-0.002169
-0.008904
-0.005749
0.007851
0.004917
-0.008016
-0.007713
-0.004245
0.009407
-0.002636
-0.010305
0.000299
0.011873
-0.011910
-0.014624
0.015988
-0.008236
-0.006732
0.000277
0.004019
-0.005623
-0.003573
-0.010929
0.012721
-0.008103
-0.007203
0.008220
-0.009616
0.000302
-0.002756
0.001830
0.000478
0.002109
-0.009177
-0.004859
-0.009264
0.017007
-0.003165
-0.022745
0.002191
0.018707
-0.006509
-0.007719
-0.010435
0.012129
-0.018460
0.012557
-0.006091
-0.001760
-0.007806
0.007276
-0.015323
0.012837
-0.021619
0.013997
-0.018467
0.023743
-0.007570
-0.020240
0.006032
0.012557
-0.012215
-0.016357
0.013763
-0.002800
-0.004648
-0.007927
0.011785
-0.016824
0.004606
-0.012039
0.020418
-0.013057
-0.002360
-0.007910
0.010208
-0.005872
-0.003921
-0.021185
0.031635
-0.020107
0.004075
-0.009813
-0.002188
-0.000055
0.001999
-0.006471
0.007940
-0.017714
0.008328
-0.019924
0.018532
0.001696
-0.016469
-0.009615
0.022268
-0.010555
-0.001141
-0.007913
0.000416
0.002037
-0.019298
0.017258
-0.003222
0.002248
-0.019117
0.003912
0.009518
-0.008515
0.003187
-0.025093
0.027131
-0.014472
0.006666
-0.023312
0.014559
-0.007200
0.003491
-0.010357
0.008092
-0.007754
-0.001581
-0.002991
-0.011540
0.019533
-0.019374
-0.004480
0.011113
-0.003845
-0.002732
-0.002215
0.006594
0.003533
-0.021304
0.004438
0.008653
-0.000628
-0.012776
-0.003357
0.015245
-0.012459
0.003807
-0.013645
0.022415
-0.012701
-0.011476
-0.001546
0.016211
-0.008357
-0.020461
0.010682
0.010734
-0.013239
-0.002274
-0.003051
-0.005875
0.007626
-0.007880
-0.009007
0.023028
-0.018951
0.009270
-0.022193
0.016990
-0.010384
0.008701
-0.017769
0.006724
0.012264
-0.018162
-0.001067
0.003138
0.005376
-0.024167
0.017160
0.013399
-0.006297
-0.006647
0.012717
0.001817
0.016340
-0.016640
0.006622
-0.003068
0.006967
0.002464
-0.014579
0.005857
0.000925
-0.005987
-0.004386
0.015025
-0.013712
0.003459
0.002178
-0.002651
-0.001283
0.000487
-0.010176
0.014398
-0.013863
0.004263
-0.005988
0.003881
0.005487
-0.019624
0.008018
0.001252
0.000553
-0.009961
0.013205
-0.012379
0.006940
-0.013483
0.001654
0.003026
0.002048
0.003478
-0.005130
-0.014352
0.016334
0.003911
-0.019874
0.009508
-0.000607
0.000110
-0.013401
0.005357
0.013443
-0.018799
0.007051
-0.007351
0.004712
-0.001868
-0.009319
0.009767
-0.003071
-0.011048
0.005557
0.016147
-0.021708
-0.003811
0.003073
0.004554
-0.003920
-0.009397
0.008311
-0.000674
-0.002319
-0.008438
0.003854
-0.008133
0.015113
-0.013523
0.007830
-0.013996
0.008676
-0.005214
-0.001358
0.003444
0.000111
-0.014190
0.005582
0.014708
-0.015071
0.000187
-0.004034
0.008358
-0.001005
-0.006752
-0.010805
0.024212
-0.021230
0.007956
-0.002421
0.002904
-0.004080
-0.005826
-0.003289
0.016044
-0.008359
-0.012630
0.016481
-0.018419
0.023268
-0.023814
-0.001931
0.016247
-0.011720
-0.006843
0.013824
-0.005335
-0.009348
0.006682
-0.005403
0.008749
-0.002884
0.010032
-0.016751
-0.000657
0.012311
-0.009319
0.002282
-0.006672
0.014068
-0.021112
0.012749
-0.004050
0.011955
-0.016652
0.005781
-0.001851
0.016862
-0.021533
0.002904
0.001624
0.012814
-0.028309
0.011357
0.012099
-0.007086
-0.011596
0.012374
-0.005681
-0.000118
-0.006784
0.001518
0.009183
-0.015527
0.009003
-0.004742
0.003317
0.003456
-0.014099
-0.001960
0.021513
-0.010525
-0.021139
0.022567
-0.014446
0.016799
-0.023910
0.015887
-0.008614
0.002488
-0.001148
-0.005225
0.000295
0.009164
-0.012986
0.004429
-0.000397
-0.006737
0.005795
-0.011536
0.016702
-0.013147
-0.000351
0.003010
-0.003541
0.003337
-0.007170
-0.006268
0.006354
0.010949
-0.016131
-0.003159
0.008126
-0.005269
0.011350
-0.023363
0.013229
0.000959
-0.009545
0.003993
0.007927
-0.013829
0.004161
-0.014187
0.017730
0.003449
-0.019615
-0.003113
0.027693
-0.009953
-0.006466
0.001550
0.014141
-0.018239
0.009998
-0.007176
0.005203
0.003089
-0.015507
0.002568
-0.001215
0.014135
-0.018175
-0.000175
0.002439
0.017231
-0.026290
0.011468
-0.005099
0.015141
-0.011086
-0.004230
0.010249
-0.008506
0.008292
-0.022277
0.017954
0.000076
-0.005874
-0.005687
0.010121
0.004022
-0.018276
0.002433
0.012959
-0.004632
-0.016384
0.015250
0.000293
-0.007640
-0.002149
-0.005428
0.014734
-0.006619
-0.007752
0.000808
0.008186
-0.002094
-0.012314
0.010020
-0.005078
0.007672
-0.012418
0.001266
0.008092
-0.015915
0.021779
-0.031425
0.018248
0.016272
-0.025887
-0.002434
0.019695
-0.017106
-0.001823
0.011702
-0.018066
0.019325
-0.020534
0.022682
-0.032645
0.040587
-0.034369
0.002473
0.009023
0.003726
-0.013454
-0.000444
0.012130
-0.007081
-0.000133
0.003988
-0.002237
-0.002732
-0.008776
0.000055
0.017020
-0.022403
0.014253
-0.007104
0.001728
0.005096
-0.008979
-0.007617
0.022238
-0.013843
-0.005271
0.006735
-0.007030
0.009298
-0.015424
0.002620
0.003856
0.004647
-0.010836
0.001153
0.002505
0.003580
-0.013015
0.009792
-0.003671
0.000774
-0.013058
0.011577
-0.003040
-0.002781
-0.000239
-0.000767
-0.002498
0.005955
-0.008637
-0.000992
0.001745
0.014962
-0.031050
0.014772
-0.003854
0.011056
-0.003905
-0.017676
0.016351
-0.005797
0.007161
-0.068526
0.127694
-0.088623
-0.000309
-0.007095
0.016266
-0.002440
-0.002127
-0.019825
0.019657
-0.002837
-0.012812
0.013910
-0.023939
0.011979
-0.004931
0.004269
-0.003440
-0.014585
0.007210
-0.000332
-0.004072
-0.006547
0.005384
-0.013495
0.014986
-0.015165
0.006076
-0.014360
0.013889
-0.008426
-0.013881
0.008429
0.001988
-0.010105
0.000400
0.000085
-0.002651
0.001702
-0.001696
-0.006087
-0.004634
0.000372
0.003047
-0.007917
0.000959
-0.008660
-0.001038
-0.005451
0.008581
-0.008309
-0.000354
0.009386
-0.008120
0.005868
-0.003996
-0.012896
0.014214
-0.006001
-0.008966
-0.002659
0.000156
0.006105
-0.031261
0.026287
-0.029589
0.039853
-0.079578
0.204625
-0.421817
0.460899
