-0.394326
0.069724
-0.092806
-0.002393
0.042520
-0.021701
-0.036545
0.001168
0.025803
-0.068128
0.072598
-0.062789
-0.007289
0.011764
-0.001546
-0.017298
-0.013981
-0.006257
0.002034
-0.001097
-0.041966
0.028983
-0.029648
-0.007281
0.012930
-0.033088
0.006873
-0.017571
0.009995
-0.030824
0.012881
-0.022569
0.004531
-0.020523
-0.000771
-0.007640
-0.018739
0.016605
-0.025703
-0.006135
-0.015876
0.001625
-0.002148
-0.011705
-0.018780
0.009009
-0.024483
0.002909
-0.003827
-0.025600
0.010987
-0.025151
0.010806
-0.013325
-0.043831
0.029218
0.065510
-0.178329
-0.017273
0.393905
-0.247178
-1.064432
2.391604
1.540790
1.335035
0.205078
0.528091
0.224483
0.218902
-0.026831
0.133697
0.232691
0.146023
0.236299
0.131185
0.037542
0.173750
0.260264
0.064760
0.126384
0.112962
0.123083
0.137850
0.090771
0.140037
0.075362
0.115720
0.136994
0.083846
0.061377
0.137707
0.161994
0.046524
0.108477
0.074165
0.115554
0.125776
0.059611
0.076993
0.098981
0.119843
0.070674
0.086733
0.076319
0.099943
0.087284
0.053943
0.097637
0.066620
0.095030
0.059966
0.087892
0.070755
0.058638
0.088334
0.064705
0.070907
0.059103
0.071144
0.067529
0.068174
0.054227
0.072590
0.064242
0.065066
0.064953
0.053273
0.057828
0.077164
0.031878
0.077228
0.060121
0.025688
0.086737
0.057854
0.006109
0.072118
0.034540
0.066705
0.051624
0.044709
0.034601
0.068304
0.054838
0.022020
0.057095
0.054691
0.040884
0.030128
0.049203
0.045821
0.030171
0.064444
0.014745
0.063242
0.027627
0.052229
0.010470
0.055573
0.039128
0.037306
0.014415
0.056261
0.028723
0.026089
0.040415
0.038519
0.029779
0.010630
0.042287
0.041356
0.025318
0.020350
0.027193
0.035492
0.035994
0.019850
0.010932
0.046395
0.026899
0.023993
0.011642
0.037413
0.017044
0.037837
0.010112
0.021243
0.033070
0.027937
0.004832
0.027968
0.042220
-0.002855
0.024614
0.027203
0.028565
0.001563
0.027092
0.023328
0.016372
0.010749
0.028580
0.026658
0.010168
0.013900
0.017580
0.010595
0.040231
-0.005905
0.021163
0.014783
0.022420
0.004580
0.016843
0.021698
0.008046
0.014855
0.004228
0.025316
0.011350
0.000494
0.024877
0.007324
0.017673
0.009199
-0.003751
0.035142
0.001994
0.010448
0.011219
0.016358
0.001150
0.015029
0.003094
0.020493
0.007271
0.010844
-0.004794
0.027540
0.009555
0.006248
-0.012257
0.037977
0.002526
-0.005121
0.013215
0.010967
0.010023
-0.004007
0.019869
0.011902
0.001480
-0.001557
0.003660
0.015306
0.006021
0.014248
-0.012119
0.027468
0.006980
-0.007063
-0.000397
0.021643
-0.002272
0.021940
-0.009680
0.018191
0.003235
0.009449
-0.009072
0.022810
0.008373
-0.011310
-0.006713
0.035523
0.007709
-0.033487
0.027961
0.002318
0.002077
-0.001368
0.010182
0.022177
-0.013727
0.005817
-0.017384
0.027219
0.000680
0.002364
-0.022769
0.026176
0.008363
-0.010915
-0.000560
0.013566
0.005302
-0.010525
-0.001355
0.016593
0.005228
-0.015195
-0.002584
0.016771
0.004127
-0.020045
0.013897
0.004681
0.008247
-0.019082
0.019854
-0.004926
0.001778
-0.004880
-0.003532
0.014000
-0.011854
0.009675
-0.008073
0.000795
0.001884
0.003714
-0.017449
0.025169
-0.009048
-0.009365
0.005159
-0.001700
0.004142
-0.008870
0.004489
0.001941
0.001254
-0.008534
-0.003127
0.002191
0.008892
-0.016640
-0.002080
0.005694
0.013907
-0.022786
0.000961
-0.001433
0.008825
-0.010291
-0.014861
0.018100
-0.002517
0.000434
-0.016033
0.004034
-0.003667
0.002212
-0.007878
0.005079
-0.002956
-0.001852
-0.000221
-0.012109
-0.007422
0.014938
-0.023505
0.020135
-0.011290
-0.002017
-0.012155
0.006303
0.001766
-0.008811
-0.012037
0.003909
0.011767
-0.025021
-0.007813
0.022741
-0.000964
-0.013762
0.001791
0.013306
-0.013938
-0.003399
-0.003793
0.010780
-0.006999
-0.002467
-0.024778
0.018990
-0.003317
0.001027
-0.020981
0.013197
-0.009258
0.000610
-0.015778
0.006568
0.003070
-0.016026
-0.001712
-0.001779
-0.000667
-0.009195
0.003980
-0.005084
-0.008870
-0.008013
0.011988
-0.017873
0.000173
-0.007318
-0.000844
0.004614
-0.008648
-0.010189
-0.006640
0.006762
-0.007071
-0.001166
-0.012161
0.004381
-0.001738
-0.020496
0.003466
-0.000557
-0.005232
-0.004973
-0.010939
0.002850
-0.010427
0.007494
-0.013808
-0.008890
0.013459
-0.015859
-0.013914
0.021353
-0.016750
-0.012180
0.009207
-0.008560
0.004349
-0.021699
-0.004128
0.006184
-0.004016
-0.007761
-0.016582
-0.002288
0.015559
-0.022993
-0.008394
0.016463
-0.021762
0.000368
-0.009480
-0.000035
-0.009064
0.004952
-0.021769
0.012676
0.002850
-0.028656
-0.006124
0.001466
0.011124
-0.023952
-0.003601
-0.000153
0.010761
-0.023054
0.009549
-0.019593
0.016306
-0.014945
-0.004068
-0.014304
0.011483
-0.004234
-0.022433
0.000633
0.004639
-0.007256
-0.006903
-0.002601
-0.007999
-0.010564
0.001034
-0.005451
-0.006471
-0.003518
-0.014417
0.004987
-0.003548
-0.007758
-0.007200
-0.007575
0.007393
-0.014690
-0.014438
0.009734
-0.002998
-0.015764
-0.001935
-0.007642
0.004362
-0.013799
-0.004443
-0.006100
0.008266
-0.016022
-0.009692
0.001647
0.008283
-0.032328
0.004530
0.009781
-0.021887
-0.004524
0.006078
-0.016148
0.002522
-0.010317
-0.005269
-0.005524
0.003252
-0.009017
-0.018990
0.008669
0.000082
-0.017382
-0.001127
0.003502
-0.009106
-0.025857
0.019144
-0.011406
0.003030
-0.025386
0.003051
0.005178
-0.014005
-0.010614
0.001496
-0.010721
0.017732
-0.025707
-0.008651
0.000601
0.004636
-0.017833
0.000021
-0.001479
-0.013867
-0.011302
-0.013152
0.022407
-0.005848
-0.022497
-0.005008
0.002453
-0.000260
-0.022513
-0.011469
0.015521
0.002969
-0.028759
-0.007578
0.010596
-0.005830
-0.012518
-0.000810
0.000290
-0.012525
-0.005995
-0.004302
-0.004442
0.003556
-0.016605
-0.008899
0.009221
-0.002956
-0.016384
-0.011005
0.018291
-0.014042
-0.016033
-0.004098
0.005311
-0.003639
-0.017560
-0.006550
-0.003403
0.015161
-0.023320
-0.019451
0.016776
-0.000974
-0.017581
-0.016963
0.008183
0.002933
-0.011270
-0.022300
0.012207
-0.003828
-0.012617
-0.000165
-0.012897
0.008508
-0.017153
-0.006345
0.014421
-0.026233
0.003900
-0.007233
0.003282
-0.014811
-0.006071
-0.002671
0.000918
-0.006184
-0.011320
-0.008723
-0.003714
0.009132
-0.011163
-0.021006
0.011937
-0.001283
-0.027510
0.003836
-0.003803
-0.005198
0.002832
-0.024776
0.006606
-0.000335
-0.009356
-0.013301
-0.001351
0.012387
-0.034326
0.003187
0.001136
-0.004487
-0.014794
0.001399
-0.002274
-0.002102
-0.017543
0.001143
-0.003837
-0.009143
-0.001558
-0.020260
0.006618
0.003303
-0.011067
-0.016375
0.006721
-0.002535
-0.021309
0.001419
-0.006362
0.005599
-0.022784
0.000883
-0.004769
0.001116
-0.005229
-0.019576
0.007209
-0.008036
0.004428
-0.035529
0.020729
-0.013456
-0.005763
-0.009733
0.005270
-0.007887
-0.012306
-0.003272
0.006758
-0.004106
-0.016912
-0.002154
-0.004895
0.011374
-0.011895
-0.024483
0.015648
-0.003415
-0.017414
-0.006897
0.004746
-0.010545
0.004062
-0.017159
-0.002165
0.001868
-0.015745
-0.004892
-0.005621
0.011615
-0.021360
-0.002997
0.005231
-0.008208
-0.017762
0.004682
-0.007286
-0.004900
-0.003303
-0.020909
0.013077
-0.001567
-0.003172
-0.028016
0.003976
0.006188
-0.007052
-0.026117
0.022440
-0.014250
-0.013403
-0.002179
-0.002951
-0.003281
-0.016818
-0.005535
0.006857
-0.002146
-0.007255
-0.023509
0.002145
0.012226
-0.017610
-0.011105
-0.005022
0.010779
-0.022137
0.004173
-0.018060
0.001660
0.000462
-0.016772
-0.001465
0.001388
-0.011535
-0.000799
-0.014180
0.009669
-0.019618
-0.007352
0.004308
-0.000307
-0.021766
0.002954
-0.003152
-0.004758
-0.023027
0.016235
-0.017844
0.006949
-0.006259
-0.013719
-0.006438
0.007561
-0.006425
-0.026639
0.018232
-0.011041
-0.014117
-0.005700
0.006236
-0.013362
-0.000095
-0.017387
0.010124
-0.008443
-0.010851
-0.007781
-0.004058
0.003342
-0.010830
-0.016296
0.004500
0.000477
-0.025146
0.005884
-0.000602
-0.009299
-0.008952
-0.006352
0.002361
-0.009013
-0.003949
-0.020844
0.006001
0.007928
-0.026503
-0.008541
0.008648
-0.001563
-0.018520
-0.003959
0.004365
-0.012839
-0.011339
-0.002010
0.001111
-0.000278
-0.026438
-0.000358
-0.007201
0.011792
-0.017354
-0.015877
0.006309
0.001347
-0.019597
-0.004700
0.007857
-0.024863
0.006276
-0.024384
0.016264
-0.011868
-0.009000
-0.011530
-0.004394
0.010826
-0.013739
-0.017823
0.008250
-0.008404
-0.007742
-0.004446
-0.010229
0.004673
-0.024221
0.006911
-0.013889
0.002500
-0.006319
-0.017281
0.006355
0.000717
-0.019666
-0.015293
0.025268
-0.019148
-0.016141
-0.000446
-0.007310
0.008520
-0.027676
0.000477
-0.001869
-0.004202
-0.016700
0.005520
-0.014098
0.014250
-0.032226
0.002365
-0.001922
-0.010660
-0.006506
-0.008780
0.002541
-0.006199
-0.015207
0.002174
-0.011898
-0.002616
-0.004444
-0.018589
0.008385
0.004265
-0.022955
-0.024166
0.020568
-0.000910
-0.033732
0.020199
-0.021643
0.005278
-0.030790
0.039179
-0.073495
0.084636
-0.088364
0.034122
-0.019641
0.001947
-0.010071
-0.009965
0.003394
-0.011855
-0.007108
-0.012883
0.009397
-0.015378
-0.009340
-0.006739
-0.005234
0.004994
-0.015421
-0.012031
0.003031
-0.002019
-0.013722
-0.014830
0.010823
-0.008544
-0.022114
0.000041
0.001796
-0.010034
-0.014788
0.011417
-0.010043
0.005365
-0.020273
-0.010321
0.009452
-0.005358
-0.016636
-0.009857
0.004409
-0.001109
-0.019461
-0.006499
0.000747
-0.006887
-0.004631
-0.004400
-0.019227
0.009171
-0.008943
-0.025491
0.014385
0.004449
-0.031482
-0.004297
0.013624
-0.018259
0.004095
-0.035539
0.023272
-0.001605
-0.013836
-0.070083
0.127106
-0.103155
0.016510
-0.048998
0.022541
0.001494
-0.018581
-0.017262
0.005549
0.006857
-0.030006
0.009379
-0.026720
0.006957
-0.016183
-0.005503
-0.012195
-0.000680
-0.007562
-0.015575
-0.002801
-0.006160
-0.011189
-0.014508
0.013333
-0.015141
-0.018575
-0.014190
0.021548
-0.036766
0.000806
-0.017516
0.009704
-0.013098
-0.014467
-0.004991
-0.018424
0.012020
-0.025026
-0.001769
-0.012848
0.002640
-0.024741
-0.005707
-0.001241
-0.009499
-0.009370
-0.015564
-0.004984
-0.001662
-0.021942
-0.010622
0.002604
-0.015486
0.001842
-0.034996
0.013075
-0.011955
-0.022478
-0.000253
-0.009073
0.002420
-0.051573
0.066566
-0.105825
0.068225
-0.114382
0.346684
-0.811894
0.920352
