-0.000704
-0.000674
-0.000648
-0.000629
-0.000614
-0.000604
-0.000598
-0.000596
-0.000597
-0.000599
-0.000602
-0.000604
-0.000604
-0.000599
-0.000588
-0.000569
-0.000537
-0.000491
-0.000426
-0.000337
-0.000220
-0.000067
0.000127
0.000370
0.000673
0.001044
0.001496
0.002040
0.002691
0.003464
0.004374
0.005439
0.006677
0.008105
0.009743
0.011609
0.013722
0.016097
0.018750
0.021696
0.024944
0.028501
0.032371
0.036554
0.041042
0.045825
0.050886
0.056201
0.061742
0.067473
0.073354
0.079339
0.085378
0.091415
0.097395
0.103257
0.108942
0.114389
0.119541
0.124342
0.128742
0.132694
0.136160
0.139107
0.141511
0.143355
0.144632
0.145342
0.145496
0.145110
0.144210
0.142827
0.140997
0.138764
0.136172
0.133270
0.130107
0.126733
0.123198
0.119547
0.115827
0.112079
0.108342
0.104648
0.101028
0.097506
0.094104
0.090837
0.087718
0.084755
0.081952
0.079311
0.076830
0.074507
0.072335
0.070308
0.068418
0.066656
0.065013
0.063480
0.062047
0.060706
0.059447
0.058262
0.057144
0.056086
0.055081
0.054123
0.053207
0.052328
0.051482
0.050666
0.049877
0.049111
0.048366
0.047641
0.046934
0.046242
0.045565
0.044902
0.044252
0.043614
0.042987
0.042371
0.041765
0.041169
0.040583
0.040005
0.039437
0.038876
0.038324
0.037779
0.037243
0.036713
0.036190
0.035674
0.035164
0.034661
0.034163
0.033671
0.033185
0.032704
0.032228
0.031758
0.031292
0.030832
0.030376
0.029925
0.029480
0.029039
0.028604
0.028175
0.027750
0.027332
0.026919
0.026513
0.026112
0.025718
0.025331
0.024950
0.024575
0.024207
0.023846
0.023492
0.023144
0.022802
0.022467
0.022138
0.021815
0.021499
0.021187
0.020882
0.020581
0.020285
0.019994
0.019708
0.019425
0.019147
0.018872
0.018601
0.018334
0.018070
0.017808
0.017550
0.017295
0.017043
0.016793
0.016547
0.016303
0.016062
0.015824
0.015589
0.015357
0.015129
0.014903
0.014681
0.014463
0.014247
0.014036
0.013828
0.013624
0.013424
0.013228
0.013035
0.012847
0.012662
0.012481
0.012303
0.012129
0.011958
0.011791
0.011626
0.011465
0.011306
0.011150
0.010996
0.010843
0.010693
0.010545
0.010398
0.010252
0.010107
0.009964
0.009821
0.009679
0.009538
0.009398
0.009258
0.009119
0.008981
0.008843
0.008706
0.008570
0.008434
0.008300
0.008167
0.008035
0.007904
0.007774
0.007646
0.007519
0.007394
0.007270
0.007148
0.007028
0.006910
0.006793
0.006678
0.006566
0.006455
0.006346
0.006239
0.006134
0.006031
0.005930
0.005831
0.005735
0.005640
0.005547
0.005456
0.005367
0.005280
0.005195
0.005112
0.005031
0.004951
0.004874
0.004798
0.004724
0.004651
0.004580
0.004510
0.004441
0.004374
0.004307
0.004242
0.004177
0.004113
0.004050
0.003988
0.003926
0.003864
0.003803
0.003742
0.003682
0.003622
0.003562
0.003503
0.003444
0.003385
0.003327
0.003269
0.003211
0.003154
0.003096
0.003039
0.002982
0.002925
0.002869
0.002812
0.002755
0.002698
0.002641
0.002583
0.002525
0.002467
0.002408
0.002349
0.002289
0.002229
0.002168
0.002107
0.002046
0.001984
0.001922
0.001860
0.001797
0.001735
0.001673
0.001612
0.001551
0.001491
0.001431
0.001373
0.001315
0.001259
0.001204
0.001151
0.001099
0.001049
0.001000
0.000953
0.000908
0.000864
0.000822
0.000781
0.000742
0.000705
0.000669
0.000635
0.000601
0.000569
0.000538
0.000508
0.000478
0.000450
0.000422
0.000394
0.000367
0.000340
0.000314
0.000287
0.000261
0.000234
0.000208
0.000181
0.000154
0.000127
0.000100
0.000072
0.000044
0.000016
-0.000012
-0.000040
-0.000069
-0.000097
-0.000126
-0.000154
-0.000182
-0.000209
-0.000236
-0.000263
-0.000288
-0.000313
-0.000337
-0.000360
-0.000382
-0.000402
-0.000422
-0.000439
-0.000456
-0.000470
-0.000483
-0.000495
-0.000505
-0.000513
-0.000519
-0.000523
-0.000526
-0.000527
-0.000527
-0.000524
-0.000521
-0.000515
-0.000509
-0.000501
-0.000491
-0.000481
-0.000470
-0.000459
-0.000447
-0.000434
-0.000422
-0.000409
-0.000397
-0.000385
-0.000375
-0.000365
-0.000356
-0.000348
-0.000342
-0.000338
-0.000335
-0.000334
-0.000334
-0.000337
-0.000341
-0.000347
-0.000355
-0.000365
-0.000376
-0.000389
-0.000403
-0.000418
-0.000434
-0.000452
-0.000470
-0.000489
-0.000508
-0.000528
-0.000548
-0.000568
-0.000588
-0.000608
-0.000628
-0.000647
-0.000667
-0.000686
-0.000704
-0.000723
-0.000740
-0.000758
-0.000775
-0.000791
-0.000807
-0.000822
-0.000837
-0.000852
-0.000865
-0.000879
-0.000892
-0.000904
-0.000916
-0.000927
-0.000938
-0.000949
-0.000959
-0.000968
-0.000977
-0.000986
-0.000994
-0.001002
-0.001009
-0.001016
-0.001022
-0.001028
-0.001033
-0.001039
-0.001043
-0.001048
-0.001052
-0.001055
-0.001059
-0.001062
-0.001064
-0.001067
-0.001069
-0.001072
-0.001074
-0.001076
-0.001078
-0.001081
-0.001083
-0.001085
-0.001088
-0.001091
-0.001094
-0.001098
-0.001102
-0.001106
-0.001110
-0.001116
-0.001121
-0.001127
-0.001133
-0.001140
-0.001147
-0.001154
-0.001162
-0.001170
-0.001177
-0.001185
-0.001193
-0.001201
-0.001209
-0.001216
-0.001224
-0.001230
-0.001237
-0.001243
-0.001249
-0.001254
-0.001258
-0.001263
-0.001266
-0.001269
-0.001272
-0.001274
-0.001276
-0.001277
-0.001278
-0.001278
-0.001279
-0.001279
-0.001279
-0.001279
-0.001278
-0.001278
-0.001277
-0.001276
-0.001276
-0.001275
-0.001275
-0.001274
-0.001273
-0.001272
-0.001271
-0.001271
-0.001270
-0.001269
-0.001268
-0.001266
-0.001265
-0.001264
-0.001263
-0.001262
-0.001261
-0.001260
-0.001260
-0.001259
-0.001259
-0.001259
-0.001260
-0.001261
-0.001262
-0.001264
-0.001267
-0.001270
-0.001273
-0.001277
-0.001282
-0.001287
-0.001292
-0.001298
-0.001304
-0.001311
-0.001318
-0.001325
-0.001332
-0.001339
-0.001347
-0.001354
-0.001361
-0.001368
-0.001375
-0.001382
-0.001388
-0.001393
-0.001399
-0.001403
-0.001408
-0.001411
-0.001414
-0.001416
-0.001418
-0.001419
-0.001419
-0.001418
-0.001417
-0.001415
-0.001412
-0.001409
-0.001405
-0.001400
-0.001395
-0.001389
-0.001383
-0.001376
-0.001369
-0.001362
-0.001354
-0.001347
-0.001339
-0.001332
-0.001324
-0.001317
-0.001311
-0.001304
-0.001298
-0.001293
-0.001288
-0.001283
-0.001279
-0.001276
-0.001273
-0.001271
-0.001269
-0.001267
-0.001266
-0.001266
-0.001265
-0.001265
-0.001265
-0.001266
-0.001266
-0.001266
-0.001266
-0.001266
-0.001266
-0.001266
-0.001266
-0.001265
-0.001264
-0.001263
-0.001262
-0.001260
-0.001258
-0.001256
-0.001254
-0.001252
-0.001250
-0.001248
-0.001246
-0.001244
-0.001242
-0.001240
-0.001238
-0.001236
-0.001235
-0.001233
-0.001232
-0.001231
-0.001230
-0.001229
-0.001229
-0.001229
-0.001228
-0.001228
-0.001228
-0.001229
-0.001229
-0.001229
-0.001229
-0.001230
-0.001230
-0.001230
-0.001230
-0.001230
-0.001229
-0.001229
-0.001229
-0.001228
-0.001227
-0.001226
-0.001225
-0.001224
-0.001222
-0.001220
-0.001219
-0.001217
-0.001214
-0.001212
-0.001210
-0.001207
-0.001204
-0.001201
-0.001197
-0.001193
-0.001189
-0.001185
-0.001179
-0.001174
-0.001168
-0.001161
-0.001153
-0.001145
-0.001136
-0.001126
-0.001116
-0.001104
-0.001092
-0.001079
-0.001065
-0.001050
-0.001034
-0.001018
-0.001001
-0.000984
-0.000967
-0.000949
-0.000931
-0.000913
-0.000895
-0.000878
-0.000862
-0.000846
-0.000831
-0.000816
-0.000804
-0.000792
-0.000781
-0.000772
-0.000765
-0.000759
-0.000754
-0.000751
-0.000749
-0.000748
-0.000749
-0.000750
-0.000753
-0.000756
-0.000759
-0.000763
-0.000767
-0.000771
-0.000774
-0.000778
-0.000780
-0.000783
-0.000784
-0.000784
-0.000784
-0.000783
-0.000781
-0.000777
-0.000773
-0.000768
-0.000763
-0.000757
-0.000750
-0.000742
-0.000735
-0.000727
-0.000720
-0.000712
-0.000705
-0.000698
-0.000692
-0.000687
-0.000682
-0.000678
-0.000674
-0.000672
-0.000670
-0.000670
-0.000670
-0.000671
-0.000673
-0.000676
-0.000679
-0.000684
-0.000688
-0.000693
-0.000699
-0.000705
-0.000711
-0.000717
-0.000724
-0.000730
-0.000737
-0.000743
-0.000749
-0.000755
-0.000761
-0.000767
-0.000773
-0.000778
-0.000783
-0.000788
-0.000793
-0.000798
-0.000802
-0.000806
-0.000810
-0.000814
-0.000817
-0.000821
-0.000824
-0.000827
-0.000830
-0.000833
-0.000836
-0.000839
-0.000841
-0.000844
-0.000847
-0.000849
-0.000852
-0.000854
-0.000857
-0.000859
-0.000862
-0.000864
-0.000867
-0.000869
-0.000872
-0.000874
-0.000877
-0.000879
-0.000881
-0.000884
-0.000886
-0.000888
-0.000890
-0.000891
-0.000893
-0.000894
-0.000895
-0.000896
-0.000896
-0.000896
-0.000896
-0.000895
-0.000894
-0.000893
-0.000891
-0.000888
-0.000885
-0.000882
-0.000878
-0.000873
-0.000867
-0.000861
-0.000854
-0.000846
-0.000837
-0.000827
-0.000816
-0.000804
-0.000791
-0.000776
-0.000760
-0.000742
-0.000723
-0.000702
-0.000679
-0.000654
-0.000628
-0.000600
-0.000569
-0.000537
-0.000503
-0.000468
-0.000431
-0.000392
-0.000352
-0.000311
-0.000270
-0.000227
-0.000185
-0.000143
-0.000101
-0.000060
-0.000020
0.000018
0.000054
0.000088
0.000119
0.000148
0.000173
0.000195
0.000213
0.000228
0.000239
0.000247
0.000250
0.000251
0.000247
0.000241
0.000231
0.000219
0.000204
0.000188
0.000169
0.000149
0.000128
0.000106
0.000084
0.000061
0.000039
0.000017
-0.000004
-0.000025
-0.000044
-0.000062
-0.000079
-0.000094
-0.000108
-0.000121
-0.000132
-0.000142
-0.000150
-0.000157
-0.000164
-0.000169
-0.000173
-0.000177
-0.000180
-0.000183
-0.000186
-0.000189
-0.000193
-0.000197
-0.000201
-0.000207
-0.000214
-0.000222
-0.000231
-0.000242
-0.000255
-0.000270
-0.000287
-0.000306
-0.000327
-0.000350
-0.000375
-0.000403
-0.000432
-0.000464
-0.000498
-0.000533
-0.000571
-0.000609
-0.000650
-0.000691
-0.000733
-0.000777
-0.000820
-0.000864
-0.000908
-0.000952
-0.000996
-0.001040
-0.001082
-0.001125
-0.001166
-0.001206
-0.001245
-0.001283
-0.001320
-0.001356
-0.001391
-0.001424
-0.001457
-0.001488
-0.001519
-0.001548
-0.001577
-0.001605
-0.001633
-0.001660
-0.001686
-0.001712
-0.001737
-0.001762
-0.001787
-0.001811
-0.001835
-0.001858
-0.001881
-0.001904
-0.001925
-0.001946
-0.001966
-0.001986
-0.002004
-0.002020
-0.002036
-0.002049
-0.002061
-0.002070
-0.002077
-0.002081
-0.002082
-0.002079
-0.002073
-0.002063
-0.002049
-0.002031
-0.002009
-0.001981
-0.001949
-0.001912
-0.001871
-0.001825
-0.001774
-0.001720
-0.001662
-0.001600
-0.001536
-0.001469
-0.001401
-0.001332
-0.001262
-0.001193
-0.001126
-0.001060
-0.000997
-0.000937
-0.000881
-0.000829
-0.000782
-0.000740
