-0.000808
-0.000778
-0.000755
-0.000737
-0.000724
-0.000717
-0.000714
-0.000714
-0.000717
-0.000722
-0.000727
-0.000731
-0.000732
-0.000727
-0.000714
-0.000691
-0.000654
-0.000599
-0.000521
-0.000415
-0.000274
-0.000091
0.000142
0.000434
0.000798
0.001245
0.001790
0.002447
0.003235
0.004171
0.005276
0.006570
0.008077
0.009819
0.011821
0.014105
0.016696
0.019614
0.022880
0.026513
0.030527
0.034931
0.039734
0.044935
0.050528
0.056503
0.062839
0.069511
0.076484
0.083717
0.091162
0.098762
0.106456
0.114179
0.121857
0.129419
0.136789
0.143892
0.150653
0.157003
0.162877
0.168213
0.172961
0.177075
0.180524
0.183281
0.185334
0.186680
0.187326
0.187291
0.186602
0.185295
0.183413
0.181006
0.178128
0.174838
0.171197
0.167265
0.163102
0.158769
0.154322
0.149813
0.145290
0.140797
0.136372
0.132048
0.127852
0.123807
0.119927
0.116226
0.112711
0.109385
0.106248
0.103297
0.100526
0.097929
0.095495
0.093217
0.091082
0.089080
0.087201
0.085433
0.083766
0.082192
0.080699
0.079281
0.077930
0.076638
0.075399
0.074208
0.073059
0.071949
0.070873
0.069828
0.068810
0.067819
0.066850
0.065903
0.064974
0.064064
0.063170
0.062291
0.061427
0.060575
0.059736
0.058909
0.058093
0.057287
0.056491
0.055705
0.054928
0.054160
0.053401
0.052651
0.051910
0.051177
0.050453
0.049738
0.049032
0.048334
0.047646
0.046967
0.046298
0.045639
0.044989
0.044349
0.043720
0.043101
0.042492
0.041893
0.041305
0.040728
0.040161
0.039604
0.039058
0.038521
0.037995
0.037478
0.036970
0.036471
0.035982
0.035500
0.035027
0.034562
0.034104
0.033653
0.033209
0.032771
0.032340
0.031914
0.031493
0.031078
0.030668
0.030262
0.029861
0.029465
0.029072
0.028684
0.028299
0.027918
0.027541
0.027168
0.026799
0.026433
0.026071
0.025712
0.025357
0.025007
0.024660
0.024316
0.023977
0.023642
0.023311
0.022983
0.022661
0.022342
0.022028
0.021718
0.021412
0.021111
0.020815
0.020523
0.020236
0.019953
0.019676
0.019403
0.019135
0.018872
0.018613
0.018360
0.018111
0.017867
0.017628
0.017393
0.017164
0.016939
0.016719
0.016503
0.016292
0.016085
0.015882
0.015684
0.015489
0.015298
0.015111
0.014927
0.014747
0.014569
0.014394
0.014222
0.014051
0.013883
0.013716
0.013551
0.013387
0.013224
0.013061
0.012899
0.012738
0.012577
0.012417
0.012256
0.012096
0.011936
0.011777
0.011618
0.011459
0.011302
0.011145
0.010989
0.010834
0.010681
0.010530
0.010380
0.010233
0.010087
0.009945
0.009804
0.009667
0.009532
0.009400
0.009271
0.009145
0.009022
0.008901
0.008783
0.008668
0.008555
0.008444
0.008335
0.008228
0.008123
0.008019
0.007916
0.007814
0.007713
0.007612
0.007512
0.007412
0.007312
0.007213
0.007113
0.007015
0.006916
0.006818
0.006720
0.006624
0.006528
0.006434
0.006341
0.006249
0.006160
0.006073
0.005988
0.005905
0.005825
0.005748
0.005674
0.005602
0.005534
0.005468
0.005404
0.005343
0.005285
0.005228
0.005173
0.005119
0.005067
0.005015
0.004964
0.004912
0.004861
0.004809
0.004755
0.004701
0.004645
0.004588
0.004529
0.004468
0.004405
0.004340
0.004273
0.004205
0.004134
0.004062
0.003988
0.003913
0.003837
0.003759
0.003681
0.003603
0.003524
0.003444
0.003365
0.003286
0.003208
0.003130
0.003053
0.002977
0.002902
0.002827
0.002755
0.002683
0.002613
0.002544
0.002476
0.002410
0.002346
0.002283
0.002221
0.002161
0.002103
0.002046
0.001991
0.001937
0.001885
0.001834
0.001784
0.001736
0.001689
0.001644
0.001600
0.001558
0.001517
0.001477
0.001439
0.001402
0.001366
0.001332
0.001299
0.001268
0.001238
0.001209
0.001181
0.001155
0.001130
0.001106
0.001084
0.001062
0.001042
0.001022
0.001003
0.000986
0.000969
0.000952
0.000937
0.000922
0.000907
0.000893
0.000879
0.000866
0.000853
0.000840
0.000828
0.000816
0.000803
0.000791
0.000780
0.000768
0.000756
0.000744
0.000732
0.000720
0.000708
0.000696
0.000683
0.000669
0.000655
0.000641
0.000625
0.000609
0.000591
0.000573
0.000553
0.000532
0.000510
0.000487
0.000462
0.000436
0.000409
0.000380
0.000351
0.000320
0.000288
0.000255
0.000222
0.000187
0.000152
0.000117
0.000081
0.000046
0.000010
-0.000026
-0.000062
-0.000097
-0.000132
-0.000167
-0.000201
-0.000234
-0.000266
-0.000298
-0.000329
-0.000358
-0.000387
-0.000414
-0.000441
-0.000466
-0.000490
-0.000513
-0.000535
-0.000555
-0.000575
-0.000593
-0.000610
-0.000626
-0.000641
-0.000655
-0.000668
-0.000681
-0.000693
-0.000704
-0.000714
-0.000725
-0.000735
-0.000744
-0.000754
-0.000764
-0.000773
-0.000783
-0.000793
-0.000803
-0.000814
-0.000825
-0.000836
-0.000848
-0.000860
-0.000872
-0.000884
-0.000897
-0.000910
-0.000923
-0.000937
-0.000950
-0.000963
-0.000976
-0.000988
-0.001001
-0.001012
-0.001024
-0.001034
-0.001044
-0.001053
-0.001061
-0.001068
-0.001075
-0.001080
-0.001084
-0.001086
-0.001088
-0.001088
-0.001087
-0.001085
-0.001081
-0.001076
-0.001070
-0.001062
-0.001053
-0.001043
-0.001032
-0.001019
-0.001006
-0.000992
-0.000978
-0.000962
-0.000947
-0.000931
-0.000915
-0.000899
-0.000883
-0.000868
-0.000853
-0.000839
-0.000827
-0.000815
-0.000804
-0.000795
-0.000788
-0.000782
-0.000777
-0.000774
-0.000773
-0.000774
-0.000776
-0.000780
-0.000785
-0.000792
-0.000800
-0.000809
-0.000820
-0.000832
-0.000844
-0.000857
-0.000871
-0.000885
-0.000899
-0.000914
-0.000928
-0.000943
-0.000957
-0.000971
-0.000985
-0.000998
-0.001011
-0.001023
-0.001034
-0.001045
-0.001056
-0.001066
-0.001075
-0.001084
-0.001092
-0.001099
-0.001107
-0.001113
-0.001120
-0.001126
-0.001131
-0.001137
-0.001141
-0.001146
-0.001150
-0.001154
-0.001158
-0.001161
-0.001164
-0.001167
-0.001169
-0.001171
-0.001173
-0.001175
-0.001177
-0.001178
-0.001179
-0.001180
-0.001181
-0.001182
-0.001183
-0.001183
-0.001184
-0.001185
-0.001185
-0.001186
-0.001187
-0.001187
-0.001188
-0.001189
-0.001189
-0.001190
-0.001191
-0.001191
-0.001192
-0.001192
-0.001193
-0.001193
-0.001193
-0.001193
-0.001193
-0.001192
-0.001192
-0.001191
-0.001190
-0.001188
-0.001186
-0.001184
-0.001182
-0.001179
-0.001176
-0.001172
-0.001168
-0.001163
-0.001158
-0.001153
-0.001146
-0.001140
-0.001132
-0.001124
-0.001115
-0.001105
-0.001095
-0.001084
-0.001072
-0.001059
-0.001046
-0.001032
-0.001017
-0.001001
-0.000985
-0.000968
-0.000950
-0.000932
-0.000914
-0.000895
-0.000876
-0.000857
-0.000837
-0.000818
-0.000799
-0.000780
-0.000761
-0.000742
-0.000724
-0.000707
-0.000690
-0.000674
-0.000658
-0.000642
-0.000628
-0.000613
-0.000600
-0.000587
-0.000575
-0.000563
-0.000551
-0.000540
-0.000530
-0.000520
-0.000510
-0.000501
-0.000492
-0.000484
-0.000476
-0.000469
-0.000462
-0.000456
-0.000450
-0.000445
-0.000441
-0.000438
-0.000435
-0.000433
-0.000432
-0.000431
-0.000432
-0.000433
-0.000434
-0.000437
-0.000440
-0.000444
-0.000448
-0.000453
-0.000458
-0.000463
-0.000469
-0.000475
-0.000480
-0.000486
-0.000492
-0.000497
-0.000502
-0.000506
-0.000510
-0.000513
-0.000516
-0.000517
-0.000518
-0.000517
-0.000516
-0.000513
-0.000509
-0.000504
-0.000498
-0.000490
-0.000481
-0.000470
-0.000458
-0.000445
-0.000430
-0.000414
-0.000397
-0.000378
-0.000359
-0.000338
-0.000317
-0.000295
-0.000273
-0.000251
-0.000228
-0.000206
-0.000184
-0.000162
-0.000142
-0.000122
-0.000103
-0.000086
-0.000071
-0.000056
-0.000044
-0.000033
-0.000025
-0.000018
-0.000013
-0.000010
-0.000009
-0.000010
-0.000012
-0.000016
-0.000021
-0.000028
-0.000035
-0.000044
-0.000053
-0.000062
-0.000071
-0.000081
-0.000090
-0.000099
-0.000107
-0.000114
-0.000120
-0.000125
-0.000129
-0.000130
-0.000130
-0.000128
-0.000124
-0.000118
-0.000110
-0.000100
-0.000087
-0.000072
-0.000055
-0.000036
-0.000015
0.000008
0.000033
0.000059
0.000087
0.000116
0.000145
0.000175
0.000206
0.000236
0.000266
0.000296
0.000324
0.000352
0.000378
0.000402
0.000424
0.000444
0.000462
0.000478
0.000491
0.000501
0.000509
0.000514
0.000517
0.000517
0.000515
0.000510
0.000503
0.000494
0.000483
0.000471
0.000457
0.000441
0.000424
0.000407
0.000389
0.000370
0.000350
0.000331
0.000311
0.000291
0.000272
0.000253
0.000234
0.000215
0.000198
0.000180
0.000164
0.000148
0.000132
0.000117
0.000103
0.000090
0.000077
0.000064
0.000052
0.000041
0.000030
0.000020
0.000010
0.000000
-0.000009
-0.000018
-0.000026
-0.000035
-0.000043
-0.000050
-0.000057
-0.000064
-0.000071
-0.000077
-0.000083
-0.000089
-0.000094
-0.000099
-0.000104
-0.000108
-0.000112
-0.000115
-0.000118
-0.000121
-0.000123
-0.000125
-0.000126
-0.000128
-0.000129
-0.000130
-0.000130
-0.000130
-0.000130
-0.000130
-0.000130
-0.000130
-0.000130
-0.000129
-0.000129
-0.000128
-0.000128
-0.000127
-0.000127
-0.000126
-0.000126
-0.000125
-0.000125
-0.000125
-0.000124
-0.000124
-0.000123
-0.000123
-0.000122
-0.000122
-0.000121
-0.000120
-0.000119
-0.000118
-0.000116
-0.000114
-0.000112
-0.000109
-0.000106
-0.000103
-0.000099
-0.000095
-0.000090
-0.000085
-0.000079
-0.000073
-0.000067
-0.000060
-0.000053
-0.000046
-0.000038
-0.000031
-0.000024
-0.000017
-0.000010
-0.000004
0.000002
0.000007
0.000012
0.000015
0.000018
0.000019
0.000019
0.000018
0.000015
0.000012
0.000006
-0.000001
-0.000009
-0.000019
-0.000031
-0.000044
-0.000059
-0.000075
-0.000093
-0.000113
-0.000134
-0.000157
-0.000182
-0.000208
-0.000236
-0.000266
-0.000297
-0.000330
-0.000364
-0.000400
-0.000438
-0.000477
-0.000517
-0.000559
-0.000602
-0.000647
-0.000692
-0.000738
-0.000785
-0.000832
-0.000879
-0.000927
-0.000975
-0.001022
-0.001069
-0.001115
-0.001160
-0.001204
-0.001248
-0.001290
-0.001331
-0.001370
-0.001408
-0.001444
-0.001480
-0.001513
-0.001546
-0.001577
-0.001607
-0.001635
-0.001663
-0.001690
-0.001715
-0.001741
-0.001765
-0.001789
-0.001812
-0.001836
-0.001858
-0.001881
-0.001903
-0.001925
-0.001947
-0.001968
-0.001988
-0.002009
-0.002028
-0.002047
-0.002064
-0.002080
-0.002095
-0.002107
-0.002118
-0.002126
-0.002131
-0.002133
-0.002132
-0.002127
-0.002117
-0.002104
-0.002085
-0.002062
-0.002034
-0.002001
-0.001963
-0.001920
-0.001872
-0.001819
-0.001763
-0.001703
-0.001639
-0.001573
-0.001505
-0.001436
-0.001366
-0.001297
-0.001229
-0.001162
-0.001099
-0.001038
-0.000982
-0.000931
-0.000884
-0.000843
