-0.432329
0.086000
-0.095407
0.005509
0.032930
0.004474
-0.041440
0.004408
0.045625
-0.082790
0.104179
-0.077933
-0.000645
0.030588
-0.016139
-0.007568
0.008243
-0.017189
0.014792
-0.001250
-0.039197
0.052852
-0.032825
-0.012168
0.020980
-0.024679
0.012972
0.000648
-0.014987
0.003884
0.002004
-0.006244
-0.005753
0.004443
-0.007287
-0.008878
0.000530
0.011088
-0.004541
-0.020909
0.005012
-0.004374
0.011693
-0.018402
-0.001134
0.010685
-0.014561
-0.001316
-0.001010
-0.002408
0.002091
-0.002558
-0.011977
0.019237
-0.048553
0.039413
0.052884
-0.156129
-0.006200
0.373491
-0.275347
-0.882258
2.339859
1.270156
0.754246
0.512306
0.526820
0.399061
0.174839
0.055553
0.185780
0.149261
0.118601
0.321494
-0.002699
0.076665
0.191863
0.211250
0.053172
0.114674
0.131865
0.096258
0.111131
0.108203
0.136039
0.049826
0.110657
0.155356
0.068145
0.076824
0.117327
0.134533
0.076284
0.080736
0.080230
0.130962
0.103851
0.055618
0.093638
0.094046
0.103606
0.063473
0.078436
0.076406
0.101866
0.083129
0.066733
0.082955
0.072234
0.077556
0.094374
0.060447
0.083688
0.066646
0.084223
0.074101
0.058235
0.084690
0.074222
0.059434
0.056750
0.089442
0.050453
0.076568
0.065934
0.050391
0.067750
0.076325
0.050559
0.054824
0.066388
0.052760
0.073322
0.040971
0.067988
0.048106
0.063321
0.058908
0.050242
0.060547
0.057211
0.051696
0.045057
0.068952
0.026862
0.043231
0.079510
0.033322
0.045976
0.037439
0.062324
0.040047
0.057269
0.027379
0.069088
0.038306
0.034893
0.044695
0.035487
0.056103
0.032725
0.030466
0.065005
0.021048
0.035012
0.063867
0.016195
0.046122
0.029998
0.044360
0.031314
0.031746
0.040524
0.041759
0.048556
0.003513
0.039132
0.051576
0.017500
0.038109
0.028620
0.041897
0.021242
0.038592
0.041621
0.028694
0.023446
0.030387
0.042827
0.024502
0.019588
0.048288
0.004749
0.032296
0.033400
0.032503
0.014303
0.046409
0.006493
0.034066
0.026672
0.025904
0.032171
0.025672
0.007649
0.038065
0.025123
0.028097
0.017775
0.005996
0.047103
0.029541
0.001760
0.014971
0.046174
0.020270
0.017535
0.012115
0.037785
0.018106
0.013636
0.014349
0.040512
0.021785
0.000891
0.008157
0.043081
0.026091
-0.003185
0.026292
0.019773
0.019594
0.025242
-0.003881
0.035565
0.013750
0.013544
0.017422
0.019847
0.029630
-0.005426
0.012181
0.053931
0.002620
-0.009829
0.033207
0.019897
0.020233
0.006694
0.013871
0.022597
0.024799
-0.001537
0.019932
0.007157
0.043754
-0.016615
0.021810
0.020409
0.018368
-0.004818
0.028785
0.007226
0.018395
0.008392
0.010845
0.025844
0.002529
0.017145
0.014206
0.015188
0.015711
-0.003472
0.022922
0.009130
0.020259
0.000330
0.016566
0.014228
0.009934
0.010838
0.002649
0.018605
0.018176
0.002070
0.007876
0.011288
0.025900
-0.017157
0.031710
0.000413
0.016974
-0.002044
0.023338
0.000710
0.018257
-0.004299
0.016987
0.012048
0.011428
-0.013807
0.022383
0.009804
0.014528
-0.003148
0.004557
0.017685
0.004280
-0.000202
0.015512
0.020908
-0.003324
0.017225
0.003153
-0.008577
0.028097
0.005877
-0.016782
0.032035
0.006759
0.005309
-0.001227
0.009207
0.018491
-0.005027
0.004836
0.011500
0.007470
0.003423
0.005820
0.008829
0.001138
0.010922
0.001843
0.003083
0.015857
0.004543
-0.016825
0.033274
0.000372
-0.011134
0.012356
0.011860
0.000980
0.002700
0.005918
0.008995
0.006318
-0.006027
0.001164
0.003973
0.022782
-0.008791
-0.002407
0.020186
0.001532
0.010033
-0.014384
0.012376
0.004292
0.011924
-0.009124
0.012396
-0.005416
0.022945
-0.007419
-0.003209
0.017723
0.003192
-0.016228
0.029661
-0.005336
-0.010149
0.006694
0.010931
-0.000627
0.011809
-0.014472
0.021326
-0.005561
0.012499
-0.019119
0.010110
0.022386
-0.018316
0.005574
0.008259
-0.001295
0.005764
0.003913
-0.008960
0.018087
-0.006781
-0.000194
0.012446
-0.002609
0.016749
-0.032974
0.018956
0.015999
-0.008756
-0.012934
0.026450
-0.003500
-0.008455
0.010106
-0.005815
0.011020
-0.009965
0.008157
0.004684
-0.000044
0.010807
-0.005189
0.012643
0.003643
-0.002012
0.000615
0.006491
-0.002010
0.004276
0.003495
0.006923
-0.002264
0.004426
-0.018216
0.025419
0.001414
-0.003733
-0.004043
0.001065
0.024640
-0.019194
-0.005291
0.028934
-0.002469
-0.014288
0.006385
0.004281
0.007756
-0.007938
-0.002940
0.006297
0.008836
-0.011331
0.006575
-0.002780
0.006318
0.002353
-0.013010
0.033439
-0.022680
-0.004501
0.002297
0.019996
-0.018796
0.008097
-0.014876
0.029835
-0.009855
-0.011196
0.013170
-0.006027
0.008142
-0.004856
-0.006451
0.018844
-0.010614
-0.008451
0.022644
-0.015815
0.003284
0.003028
0.004349
0.001945
0.001206
0.001125
-0.004075
0.004993
0.004580
-0.001608
-0.021962
0.028734
-0.004402
-0.013070
0.006208
0.007211
0.001648
-0.008776
0.011748
-0.004828
0.004196
0.000313
-0.020030
0.029448
0.005245
-0.021802
-0.009477
0.033529
-0.011036
-0.016620
0.012803
-0.004072
0.011004
-0.013539
0.004055
0.007988
0.000095
-0.006775
-0.007538
0.010715
0.001550
-0.002604
-0.010717
0.011705
0.002886
-0.002701
-0.007906
0.012998
-0.015828
0.004647
0.005369
-0.006991
0.004021
0.009293
-0.015669
0.004147
0.011105
-0.008345
-0.003315
0.020342
-0.021427
0.001441
0.005143
0.001881
0.002988
-0.015561
0.010239
0.004318
0.002205
-0.014474
0.004418
-0.001908
0.009896
-0.003940
-0.020538
0.025723
-0.015463
0.007667
0.007377
-0.011773
-0.002617
-0.002681
0.006688
-0.004037
0.008541
-0.014161
-0.002205
0.010299
0.005565
-0.017274
0.002946
0.010286
0.006086
-0.033746
0.023816
-0.003305
-0.004167
-0.000472
0.003188
-0.005005
0.010523
-0.012999
-0.011521
0.018365
-0.001776
0.001188
-0.015628
0.015690
0.004876
-0.017967
-0.003946
0.011584
-0.000258
-0.003232
-0.013618
0.015759
0.003864
-0.015252
-0.006330
0.011205
0.016989
-0.026827
-0.002621
0.017825
0.001118
-0.020114
0.007377
-0.006338
0.024689
-0.017615
-0.012246
0.018429
-0.004939
-0.008343
0.000036
0.007041
-0.005633
0.008841
-0.025550
0.026125
-0.009870
-0.006206
-0.004443
0.007446
0.000143
0.005618
-0.021994
0.016246
-0.000772
0.000612
-0.021323
0.026884
-0.015176
0.006430
-0.016177
0.023920
-0.005592
-0.011557
-0.005200
0.013704
-0.012441
-0.000128
0.003088
-0.011470
0.021763
-0.013311
-0.008533
0.003104
0.019535
-0.020952
-0.008126
0.016164
0.008128
-0.022354
0.007338
-0.001779
0.007259
-0.009692
-0.004506
0.006094
0.009124
-0.016326
-0.009477
0.012313
0.006963
-0.000887
-0.021821
0.022521
-0.005149
-0.008377
-0.002581
0.008839
-0.003200
-0.013357
0.006679
-0.000175
0.006550
-0.020598
0.014619
-0.008071
0.011035
-0.015524
0.005839
0.002557
-0.006956
-0.003912
0.008931
-0.002669
-0.008507
0.003410
0.006238
-0.002809
-0.008338
-0.001086
-0.001292
0.004775
0.003677
-0.006004
-0.003849
-0.000178
-0.001897
0.000562
-0.003418
0.002717
0.000492
-0.005948
0.000999
0.001255
0.002064
-0.004133
-0.004978
0.006074
0.001335
-0.012048
-0.007586
0.024402
-0.016217
-0.005806
0.013022
0.003605
-0.026759
0.024182
-0.019302
0.014607
0.000625
-0.018586
0.016612
-0.024993
0.031535
-0.019668
0.002856
0.008275
0.005790
-0.014929
0.007789
-0.002923
0.003625
-0.012147
0.017654
-0.016872
0.021180
-0.024245
0.009298
-0.002647
0.002264
-0.002225
-0.009407
0.026270
-0.022245
0.001170
0.003676
0.004522
-0.020783
0.011232
-0.007511
0.019510
-0.010709
-0.004631
-0.008663
0.012124
0.004923
-0.016951
0.000586
0.015362
-0.012959
-0.009019
0.013020
-0.007685
0.005960
-0.005680
0.017250
-0.026619
0.014941
-0.000438
-0.009711
0.001840
0.009529
-0.005645
-0.010142
0.020658
-0.017207
0.000839
0.005494
-0.000793
-0.011831
-0.003630
0.006538
0.017340
-0.022346
0.011691
-0.013163
0.012589
-0.001030
-0.007325
-0.008457
0.018059
-0.005202
-0.024039
0.025536
-0.006702
0.003614
-0.016627
0.006302
0.005736
0.000518
-0.009211
-0.001210
-0.013909
0.030537
-0.019479
0.002346
0.006338
-0.011983
0.003125
0.009589
-0.011927
-0.006483
0.000032
0.015918
-0.019080
0.014380
-0.006181
-0.003565
-0.005751
0.012881
-0.009354
-0.013721
0.026128
-0.014962
-0.000170
-0.009380
0.022847
-0.019422
0.007531
-0.011405
0.010655
-0.004696
-0.004062
-0.000290
-0.005129
0.015071
-0.009196
-0.015007
0.022738
-0.006165
-0.019824
0.016953
-0.019685
0.020301
-0.008013
-0.013333
0.013864
-0.003944
-0.001522
-0.011102
0.005249
0.022339
-0.030593
-0.010009
0.034106
-0.019449
0.001462
-0.004080
0.006317
-0.011092
-0.000820
-0.000795
0.014096
-0.010364
-0.008456
0.000785
-0.000924
0.020724
-0.026529
-0.003843
0.021270
-0.009827
-0.004663
-0.003168
0.001549
0.001950
-0.005284
-0.004757
0.013245
-0.018663
0.015113
-0.009757
0.005634
0.018964
-0.028814
0.011916
0.005438
0.003476
-0.023181
0.027597
-0.019606
0.027386
-0.037598
0.056788
-0.091128
0.120658
-0.105713
0.050522
-0.019611
0.009930
-0.005745
-0.003815
0.009253
-0.020966
0.023986
-0.022235
0.032091
-0.048273
0.032279
-0.014658
0.014188
-0.018589
0.010202
-0.008332
0.009579
-0.006917
-0.013900
0.010531
0.016342
-0.019842
0.008066
-0.012262
0.019144
-0.015883
0.002648
-0.000841
-0.005696
0.007561
-0.008548
0.004777
-0.002739
0.000627
-0.005836
-0.006899
0.014247
0.004051
-0.010763
0.002595
0.000851
0.000839
0.006554
-0.017334
0.000802
0.013224
-0.007156
-0.007566
0.001909
0.010280
-0.021741
0.015546
-0.015823
0.015846
-0.005086
-0.025403
0.025909
-0.001917
-0.007702
-0.042743
0.103441
-0.081452
0.012738
-0.029722
0.022011
0.006896
-0.017649
-0.009494
0.013389
-0.003502
-0.007370
0.010506
-0.024791
0.009793
-0.004693
-0.002920
-0.002337
-0.007937
0.002563
-0.007972
0.004510
-0.001582
-0.003273
-0.016188
0.015295
-0.000797
-0.022090
0.000525
0.012359
-0.016406
-0.001356
-0.005261
0.001767
-0.001503
-0.005827
-0.010300
0.000233
0.003122
-0.002758
-0.013283
-0.000282
-0.000421
-0.005149
-0.006087
-0.004624
0.010950
-0.019414
-0.010705
0.010557
-0.001770
-0.006733
-0.012022
0.004471
-0.003938
0.000425
-0.025705
0.018892
-0.014522
-0.002187
-0.000647
-0.011528
0.004725
-0.029029
0.057163
-0.096763
0.076657
-0.127879
0.406986
-0.909737
1.031564
