0.006097
0.005329
0.004243
0.003032
0.001878
0.000918
0.000221
-0.000210
-0.000424
-0.000493
-0.000491
-0.000476
-0.000482
-0.000524
-0.000601
-0.000702
-0.000814
-0.000928
-0.001033
-0.001126
-0.001202
-0.001261
-0.001304
-0.001332
-0.001350
-0.001361
-0.001371
-0.001385
-0.001408
-0.001442
-0.001486
-0.001539
-0.001596
-0.001652
-0.001703
-0.001746
-0.001780
-0.001806
-0.001827
-0.001843
-0.001858
-0.001871
-0.001881
-0.001882
-0.001858
-0.001774
-0.001559
-0.001076
-0.000074
0.001871
0.005435
0.011620
0.021793
0.037655
0.061079
0.093805
0.136978
0.190614
0.253126
0.321090
0.389401
0.451896
0.502377
0.535800
0.549330
0.542935
0.519355
0.483442
0.441073
0.397956
0.358642
0.325960
0.300937
0.283112
0.271080
0.263065
0.257385
0.252737
0.248297
0.243687
0.238850
0.233924
0.229109
0.224591
0.220492
0.216863
0.213685
0.210900
0.208425
0.206176
0.204078
0.202073
0.200119
0.198190
0.196271
0.194357
0.192447
0.190548
0.188672
0.186831
0.185042
0.183313
0.181653
0.180057
0.178516
0.177013
0.175530
0.174047
0.172549
0.171024
0.169467
0.167875
0.166254
0.164608
0.162946
0.161276
0.159605
0.157942
0.156290
0.154654
0.153037
0.151440
0.149861
0.148300
0.146755
0.145225
0.143710
0.142213
0.140736
0.139282
0.137854
0.136453
0.135077
0.133725
0.132390
0.131070
0.129760
0.128455
0.127154
0.125856
0.124560
0.123266
0.121974
0.120685
0.119399
0.118114
0.116831
0.115548
0.114264
0.112981
0.111697
0.110417
0.109141
0.107875
0.106624
0.105395
0.104194
0.103027
0.101897
0.100807
0.099756
0.098742
0.097759
0.096800
0.095857
0.094922
0.093986
0.093041
0.092084
0.091112
0.090125
0.089124
0.088113
0.087093
0.086068
0.085039
0.084011
0.082988
0.081977
0.080986
0.080021
0.079088
0.078187
0.077317
0.076475
0.075657
0.074858
0.074076
0.073310
0.072561
0.071831
0.071121
0.070430
0.069753
0.069084
0.068412
0.067729
0.067024
0.066295
0.065542
0.064770
0.063992
0.063221
0.062469
0.061746
0.061056
0.060398
0.059765
0.059147
0.058534
0.057917
0.057289
0.056647
0.055990
0.055320
0.054643
0.053965
0.053296
0.052644
0.052016
0.051419
0.050854
0.050319
0.049810
0.049323
0.048853
0.048396
0.047952
0.047520
0.047099
0.046687
0.046277
0.045862
0.045435
0.044989
0.044522
0.044035
0.043536
0.043034
0.042537
0.042056
0.041598
0.041167
0.040762
0.040381
0.040015
0.039655
0.039292
0.038916
0.038521
0.038108
0.037681
0.037249
0.036823
0.036412
0.036024
0.035661
0.035319
0.034994
0.034674
0.034353
0.034023
0.033680
0.033321
0.032948
0.032563
0.032171
0.031777
0.031384
0.030998
0.030622
0.030261
0.029916
0.029590
0.029283
0.028992
0.028716
0.028450
0.028191
0.027937
0.027685
0.027438
0.027196
0.026963
0.026739
0.026523
0.026312
0.026102
0.025887
0.025666
0.025438
0.025206
0.024975
0.024750
0.024536
0.024332
0.024136
0.023943
0.023745
0.023537
0.023315
0.023077
0.022824
0.022559
0.022286
0.022009
0.021732
0.021459
0.021192
0.020932
0.020680
0.020436
0.020202
0.019977
0.019764
0.019565
0.019381
0.019211
0.019053
0.018904
0.018758
0.018612
0.018466
0.018320
0.018181
0.018053
0.017941
0.017848
0.017773
0.017714
0.017664
0.017619
0.017573
0.017522
0.017463
0.017393
0.017311
0.017214
0.017100
0.016966
0.016810
0.016634
0.016439
0.016228
0.016010
0.015790
0.015577
0.015376
0.015189
0.015018
0.014859
0.014709
0.014562
0.014415
0.014269
0.014123
0.013981
0.013846
0.013723
0.013613
0.013517
0.013434
0.013360
0.013290
0.013221
0.013146
0.013063
0.012969
0.012865
0.012754
0.012642
0.012534
0.012436
0.012348
0.012270
0.012197
0.012122
0.012036
0.011933
0.011811
0.011671
0.011516
0.011356
0.011198
0.011051
0.010922
0.010814
0.010727
0.010659
0.010603
0.010551
0.010496
0.010430
0.010353
0.010264
0.010169
0.010074
0.009985
0.009907
0.009843
0.009790
0.009746
0.009706
0.009668
0.009628
0.009585
0.009540
0.009492
0.009442
0.009391
0.009340
0.009287
0.009233
0.009178
0.009121
0.009060
0.008995
0.008926
0.008854
0.008781
0.008711
0.008645
0.008585
0.008534
0.008490
0.008453
0.008422
0.008396
0.008374
0.008354
0.008335
0.008316
0.008295
0.008270
0.008240
0.008202
0.008156
0.008100
0.008034
0.007960
0.007879
0.007795
0.007713
0.007637
0.007568
0.007510
0.007459
0.007414
0.007372
0.007328
0.007283
0.007237
0.007191
0.007150
0.007114
0.007083
0.007057
0.007031
0.007003
0.006969
0.006927
0.006877
0.006819
0.006753
0.006681
0.006604
0.006525
0.006445
0.006369
0.006298
0.006237
0.006186
0.006147
0.006120
0.006103
0.006095
0.006096
0.006104
0.006117
0.006132
0.006145
0.006156
0.006161
0.006162
0.006159
0.006152
0.006142
0.006127
0.006107
0.006078
0.006039
0.005989
0.005930
0.005865
0.005798
0.005736
0.005683
0.005645
0.005623
0.005619
0.005630
0.005652
0.005680
0.005704
0.005720
0.005723
0.005712
0.005688
0.005654
0.005612
0.005567
0.005520
0.005473
0.005428
0.005386
0.005352
0.005327
0.005312
0.005306
0.005305
0.005303
0.005296
0.005278
0.005249
0.005212
0.005173
0.005136
0.005107
0.005086
0.005073
0.005062
0.005052
0.005039
0.005024
0.005008
0.004994
0.004985
0.004983
0.004987
0.004995
0.005005
0.005013
0.005017
0.005014
0.005005
0.004989
0.004968
0.004942
0.004913
0.004884
0.004856
0.004832
0.004814
0.004803
0.004800
0.004804
0.004814
0.004827
0.004840
0.004849
0.004851
0.004847
0.004836
0.004822
0.004806
0.004792
0.004781
0.004772
0.004765
0.004755
0.004740
0.004717
0.004684
0.004643
0.004597
0.004550
0.004508
0.004477
0.004461
0.004463
0.004481
0.004512
0.004549
0.004585
0.004615
0.004633
0.004638
0.004629
0.004609
0.004579
0.004543
0.004502
0.004459
0.004418
0.004380
0.004350
0.004329
0.004316
0.004311
0.004309
0.004308
0.004304
0.004298
0.004288
0.004275
0.004260
0.004242
0.004222
0.004197
0.004167
0.004133
0.004098
0.004066
0.004040
0.004026
0.004024
0.004036
0.004061
0.004095
0.004134
0.004173
0.004208
0.004235
0.004250
0.004254
0.004248
0.004233
0.004213
0.004192
0.004172
0.004153
0.004137
0.004121
0.004105
0.004087
0.004068
0.004046
0.004020
0.003992
0.003963
0.003935
0.003911
0.003895
0.003887
0.003890
0.003902
0.003919
0.003938
0.003955
0.003970
0.003982
0.003992
0.003999
0.004004
0.004005
0.003997
0.003977
0.003946
0.003904
0.003859
0.003817
0.003787
0.003772
0.003774
0.003787
0.003805
0.003819
0.003822
0.003812
0.003790
0.003758
0.003723
0.003690
0.003663
0.003643
0.003632
0.003627
0.003627
0.003630
0.003635
0.003640
0.003646
0.003654
0.003665
0.003681
0.003704
0.003731
0.003764
0.003797
0.003829
0.003855
0.003872
0.003878
0.003875
0.003862
0.003842
0.003817
0.003789
0.003760
0.003730
0.003700
0.003669
0.003638
0.003608
0.003578
0.003552
0.003530
0.003515
0.003509
0.003512
0.003522
0.003539
0.003560
0.003585
0.003614
0.003653
0.003707
0.003783
0.003888
0.004026
0.004198
0.004396
0.004608
0.004817
0.005003
0.005146
0.005231
0.005252
0.005211
0.005119
0.004992
0.004851
0.004714
0.004594
0.004497
0.004423
0.004367
0.004322
0.004281
0.004240
0.004196
0.004148
0.004098
0.004046
0.003994
0.003943
0.003896
0.003856
0.003825
0.003806
0.003801
0.003811
0.003837
0.003881
0.003943
0.004028
0.004140
0.004288
0.004479
0.004719
0.005008
0.005339
0.005692
0.006036
0.006336
0.006553
0.006660
0.006645
0.006518
0.006305
0.006046
0.005783
0.005552
0.005377
0.005265
0.005210
0.005196
0.005205
0.005219
0.005228
0.005223
0.005205
0.005177
0.005146
0.005117
0.005097
0.005091
0.005101
0.005127
0.005166
0.005214
0.005264
0.005309
0.005341
0.005356
0.005352
0.005330
0.005296
0.005256
0.005221
0.005198
0.005193
0.005206
0.005235
0.005275
0.005318
0.005357
0.005388
0.005408
0.005418
0.005421
0.005422
0.005424
0.005427
0.005433
0.005440
0.005446
0.005449
0.005449
0.005448
0.005448
0.005451
0.005459
0.005472
0.005491
0.005513
0.005538
0.005563
0.005589
0.005614
0.005639
0.005662
0.005682
0.005697
0.005705
0.005704
0.005692
0.005667
0.005626
0.005567
0.005488
0.005391
0.005279
0.005159
0.005041
0.004935
0.004852
0.004799
0.004776
0.004780
0.004801
0.004829
0.004851
0.004861
0.004853
0.004828
0.004789
0.004742
0.004691
0.004641
0.004595
0.004554
0.004516
0.004480
0.004444
0.004409
0.004375
0.004345
0.004320
0.004301
0.004288
0.004281
0.004275
0.004271
0.004267
0.004264
0.004263
0.004265
0.004270
0.004278
0.004285
0.004288
0.004283
0.004264
0.004229
0.004176
0.004104
0.004015
0.003916
0.003814
0.003716
0.003632
0.003565
0.003518
0.003490
0.003474
0.003463
0.003451
0.003432
0.003403
0.003367
0.003328
0.003291
0.003261
0.003238
0.003223
0.003211
0.003197
0.003176
0.003144
0.003100
0.003046
0.002988
0.002929
0.002875
0.002828
0.002789
0.002757
0.002730
0.002705
0.002679
0.002649
0.002613
0.002569
0.002519
0.002462
0.002400
0.002336
0.002272
0.002209
0.002150
0.002095
0.002047
0.002005
0.001969
0.001939
0.001911
0.001884
0.001857
0.001826
0.001791
0.001754
0.001713
0.001670
0.001623
0.001567
0.001498
0.001407
0.001285
0.001125
0.000922
0.000679
0.000406
0.000119
-0.000159
-0.000402
-0.000591
-0.000715
-0.000775
-0.000784
-0.000763
-0.000734
-0.000717
-0.000724
-0.000757
-0.000812
-0.000878
-0.000948
-0.001014
-0.001074
-0.001129
-0.001184
-0.001244
-0.001313
-0.001392
-0.001484
-0.001588
-0.001700
-0.001819
-0.001939
-0.002058
-0.002170
-0.002273
-0.002365
-0.002444
-0.002513
-0.002573
-0.002627
-0.002680
-0.002734
-0.002794
-0.002859
-0.002931
-0.003008
-0.003087
-0.003167
-0.003247
-0.003324
-0.003399
-0.003473
-0.003547
-0.003623
-0.003700
-0.003779
-0.003860
-0.003942
-0.004023
-0.004100
-0.004169
-0.004219
-0.004235
-0.004190
-0.004048
-0.003762
-0.003280
-0.002556
-0.001561
-0.000304
0.001153
0.002696
0.004160
0.005365
0.006145
0.006395
