-0.325069
0.074772
-0.079129
0.006878
0.025022
-0.005400
-0.030535
-0.000413
0.034610
-0.060143
0.056181
-0.043863
-0.000075
0.006245
-0.005119
0.002233
-0.008360
-0.005718
-0.003516
0.011750
-0.032464
0.024914
-0.031952
0.020860
-0.008746
-0.007580
-0.000919
-0.021592
0.018440
-0.007735
-0.007689
-0.008609
0.004538
-0.002072
-0.017277
0.011043
-0.024167
0.013631
-0.005872
-0.009087
0.005595
-0.008707
-0.007218
0.008842
-0.028773
0.026182
-0.026348
0.004604
-0.000365
-0.024395
0.018098
-0.007539
-0.002600
-0.001875
-0.034465
0.025986
0.066729
-0.159821
-0.020363
0.371386
-0.197101
-1.024722
2.257819
1.610412
0.794696
0.310981
0.360361
0.325821
0.122034
-0.026335
0.124431
0.190091
0.077246
0.309179
0.020777
0.057128
0.189386
0.219277
0.043763
0.109808
0.125026
0.103358
0.097132
0.077838
0.138964
0.067131
0.071685
0.149335
0.069108
0.025563
0.137496
0.121770
0.057915
0.078943
0.064122
0.104110
0.112320
0.033018
0.064834
0.092145
0.088424
0.064237
0.077724
0.052832
0.094411
0.078949
0.031162
0.089275
0.064846
0.054671
0.062481
0.079306
0.044673
0.042208
0.076395
0.053314
0.048728
0.056904
0.044615
0.085142
0.041143
0.052183
0.050449
0.066815
0.031788
0.060236
0.032707
0.053596
0.058796
0.038430
0.069559
0.020589
0.043444
0.057145
0.034051
0.054563
0.046172
0.035076
0.048992
0.039553
0.036375
0.042118
0.008335
0.075833
0.023018
0.044099
0.031724
0.028247
0.056199
0.003272
0.047425
0.016699
0.063227
0.002790
0.042879
0.021780
0.049227
0.009548
0.031691
0.039887
0.005916
0.027714
0.055597
0.013320
0.015818
0.037134
0.016767
0.039200
-0.000698
0.027668
0.050697
0.005225
0.016884
0.012842
0.051716
0.003898
0.022753
0.014247
0.033902
0.007209
0.028652
0.011085
0.012760
0.033216
0.013479
0.018157
0.016116
0.023340
0.021979
-0.008067
0.035414
0.042508
0.003930
0.002615
0.017681
0.017979
0.022428
0.017759
-0.007544
0.013888
0.019490
0.027416
0.012078
0.005371
0.016444
0.003821
0.034185
-0.004858
0.018040
-0.011531
0.040689
0.004252
-0.013685
0.031829
0.001102
0.035710
-0.017677
0.015926
0.015142
0.015116
-0.000501
0.013648
-0.009159
0.038177
0.005737
-0.001716
0.009904
0.025070
-0.017404
0.035935
-0.002078
-0.003158
0.034673
-0.024671
0.044354
-0.010224
0.013589
-0.006122
0.003412
0.024839
0.005764
-0.005438
0.010390
0.018486
-0.015438
0.016490
-0.003734
0.025473
-0.002506
0.010897
-0.008628
0.040001
-0.030859
0.027376
-0.015578
0.027858
-0.005353
-0.012011
0.035617
-0.001832
-0.001422
-0.006762
0.014661
0.006252
0.005715
-0.022946
0.024988
0.007239
-0.008438
0.005951
0.008243
0.010674
-0.018842
-0.007511
0.043973
-0.006355
-0.019730
0.010837
0.011496
0.001402
0.008445
-0.029407
0.029247
-0.001607
0.006505
-0.014569
0.005729
0.018060
-0.005609
-0.015489
0.012729
0.024915
-0.015503
-0.017134
0.021642
-0.006007
0.021918
-0.042878
0.035226
-0.005372
-0.001277
-0.006040
0.003465
-0.001654
0.023046
-0.022264
0.017532
-0.016054
0.018080
-0.005231
-0.005720
-0.005525
0.008368
-0.010742
0.017816
-0.000160
-0.010324
-0.001257
-0.000086
0.023075
-0.021603
-0.009091
0.021248
0.000730
-0.010798
-0.000893
-0.003422
0.023051
-0.009687
-0.012914
0.011625
-0.004004
-0.001475
-0.000649
0.001795
0.007587
-0.026299
-0.000870
0.034890
-0.013685
-0.026989
0.023733
0.003817
-0.010198
-0.018478
0.022200
0.001340
0.001883
-0.016772
0.002569
0.012764
-0.005749
-0.009819
-0.025884
0.038745
-0.010323
-0.007942
-0.016930
0.012037
-0.004782
0.005787
-0.018128
0.023971
-0.025293
0.031419
-0.042848
0.009523
0.014286
0.001298
-0.027026
0.019060
-0.005106
-0.011182
0.000143
0.005034
0.010561
-0.049494
0.035581
-0.002398
0.002157
-0.038214
0.024653
0.011668
-0.022166
-0.002261
-0.005155
0.005783
-0.006125
-0.009282
0.001673
-0.001131
0.006380
-0.008567
-0.003279
-0.011904
0.023862
-0.025044
0.006950
-0.007251
0.001627
-0.006174
-0.014251
0.020021
-0.013282
-0.007436
0.004421
-0.013527
0.009103
-0.001886
-0.008199
-0.005895
0.009024
0.013474
-0.038424
0.010662
0.001731
0.000303
-0.021080
0.016052
-0.002751
-0.013048
-0.004736
0.004395
-0.009259
0.002809
-0.021360
0.011123
0.004622
0.001025
-0.039299
0.031482
0.006443
-0.016827
-0.029952
0.036988
-0.017386
-0.006935
-0.011630
-0.002718
0.030288
-0.034797
0.002669
0.010314
-0.005731
-0.010302
-0.000283
-0.013486
0.036909
-0.032231
-0.016404
0.018761
-0.008759
-0.000424
-0.008627
-0.008807
0.011075
0.002613
-0.029523
0.021687
-0.005875
-0.007604
-0.006865
0.003847
0.004363
-0.009928
-0.019323
0.009807
0.006203
-0.002885
-0.012983
-0.006148
0.008529
-0.002109
-0.025390
0.013317
-0.017923
0.022951
-0.024511
-0.001000
0.007022
0.001289
-0.027632
0.028117
-0.013817
-0.010434
-0.001859
0.000813
-0.005707
-0.011000
0.017114
-0.022711
0.018684
-0.037612
0.036322
-0.038297
0.034525
-0.031258
-0.013583
0.019926
-0.001775
-0.009956
-0.016513
0.007083
0.001296
-0.011938
-0.006715
0.016115
-0.002634
-0.014487
0.002655
-0.020258
0.025303
-0.029908
0.009400
0.011136
-0.019464
-0.024656
0.018117
0.005084
-0.021917
0.011928
-0.027983
0.033844
-0.012087
-0.023072
0.002681
0.019813
-0.026668
0.007643
-0.024458
0.034108
-0.019542
-0.007781
-0.007824
-0.003553
0.016094
-0.017091
0.002126
-0.018499
0.018522
-0.007357
-0.016180
0.006600
-0.001792
-0.002996
-0.020492
0.020802
-0.008730
-0.000681
-0.024151
0.009491
-0.003779
-0.005343
-0.001793
-0.007665
0.017642
-0.020958
-0.003928
-0.006465
0.013974
-0.021477
-0.007795
0.025590
-0.021710
-0.006536
0.002915
0.003808
-0.008792
-0.013778
0.002174
0.003387
0.004223
-0.022859
0.008460
-0.006174
0.004867
-0.018208
-0.003444
0.013352
-0.006658
-0.025323
0.017991
-0.013675
0.006765
0.003878
-0.035245
0.041830
-0.042196
0.024008
-0.028384
0.021308
0.001372
-0.013481
-0.022433
0.036007
-0.018307
-0.010306
0.009972
-0.006568
0.001181
-0.015808
0.007773
0.003369
0.001976
-0.017940
-0.007724
0.006848
0.010535
-0.017542
-0.024906
0.043161
-0.032420
0.002786
-0.000664
0.009987
-0.018813
0.001476
-0.021977
0.027832
-0.009603
-0.007825
-0.001948
-0.018312
0.036269
-0.036979
0.003340
-0.001830
0.022107
-0.032374
0.006378
0.004020
-0.009707
-0.012933
0.002064
0.003357
-0.001364
-0.004431
-0.008622
0.003474
0.003548
-0.005945
-0.028577
0.028621
-0.001632
-0.028181
0.003402
0.014501
0.000265
-0.018150
-0.028470
0.043516
-0.007848
-0.014825
-0.030495
0.027327
0.014936
-0.034062
-0.005859
0.028660
-0.033040
0.014801
0.003043
0.022953
-0.016553
-0.000607
0.016172
-0.011794
-0.003636
-0.006332
0.002180
-0.002885
0.015522
-0.017508
-0.016696
0.020793
0.003923
-0.019610
0.004753
-0.015364
0.021880
-0.013382
-0.004602
0.011489
0.010397
-0.035665
-0.003074
0.015944
0.011883
-0.017715
-0.001425
0.003970
0.001462
-0.011995
0.003391
0.003819
-0.006976
-0.001804
-0.009158
0.001613
-0.000556
0.012973
-0.028394
0.000358
0.028747
-0.022170
-0.023809
0.025089
-0.004444
-0.006612
-0.006140
0.002105
0.005336
0.005013
-0.029288
0.019706
-0.000280
-0.010194
-0.014518
-0.007069
0.031773
-0.021128
-0.005949
0.010219
-0.008262
-0.001799
-0.012879
0.018315
-0.017516
0.004291
-0.008327
0.012729
-0.022910
0.017973
-0.024790
0.011278
0.005552
-0.012571
-0.025692
0.065922
-0.036627
-0.009497
-0.005442
0.007600
0.000545
0.000835
-0.024744
0.025142
-0.006180
-0.015924
0.004306
-0.007836
0.014117
-0.018654
-0.002622
0.011408
-0.006874
-0.010494
0.010387
-0.003071
0.002196
-0.009491
-0.014591
0.010286
0.001790
-0.008488
-0.012991
0.005011
0.011056
-0.012734
-0.015742
0.012418
0.009549
-0.010377
-0.020867
0.010617
-0.001440
0.001551
0.000228
-0.022538
0.014613
0.000429
-0.002917
-0.021287
0.018382
0.002219
-0.040351
0.036519
-0.007848
-0.012625
-0.002522
-0.009710
0.011733
-0.002662
-0.011796
0.004372
0.001059
-0.012183
-0.010045
0.006374
0.005325
-0.014891
-0.005477
0.017874
-0.013407
-0.002678
-0.001487
-0.002305
-0.005131
0.005547
-0.010591
-0.008840
0.013672
-0.019758
0.017447
-0.031992
0.040470
-0.026744
-0.012958
0.011982
-0.000047
-0.003425
-0.010452
0.004399
-0.011685
0.011007
-0.020546
0.021215
-0.004378
-0.018638
0.004752
-0.006182
0.018299
-0.035823
0.020414
-0.017720
0.018643
-0.026651
0.012888
-0.011357
-0.002333
-0.001211
-0.006465
0.009651
-0.006685
0.004679
-0.021189
0.015020
0.011305
-0.034828
0.003698
-0.001590
0.016059
-0.013026
-0.014215
0.009258
-0.006226
0.000524
-0.008908
0.013535
-0.009841
-0.007606
-0.002007
0.001945
0.009594
-0.022371
-0.003418
0.020246
-0.010260
-0.020050
0.003770
0.014322
-0.038626
0.027986
-0.020726
0.020554
-0.018021
0.000729
-0.002198
-0.006638
0.032897
-0.043273
-0.000550
0.006526
0.011354
-0.026606
0.020610
-0.032097
0.034622
-0.047161
0.038968
-0.040460
0.054795
-0.061480
0.019584
0.015314
-0.017638
-0.000527
-0.030430
0.045926
-0.036375
0.020505
-0.028802
0.021581
-0.016108
-0.006179
0.002091
0.004275
-0.002157
-0.014610
-0.003743
0.012878
0.002775
-0.022755
0.000805
-0.003780
0.026462
-0.029519
0.014921
-0.015216
0.012803
-0.005861
-0.006364
0.002227
0.000970
0.006220
-0.033011
0.027241
-0.000522
-0.029851
0.000416
0.020377
-0.019201
0.001243
-0.002389
-0.010765
0.019671
-0.014702
-0.002344
-0.001598
0.004997
-0.005851
-0.018802
0.020603
-0.005715
-0.016701
-0.000091
0.002243
0.006726
-0.005183
-0.017331
0.011473
0.002934
-0.019396
-0.044584
0.110216
-0.076925
-0.014590
0.001764
0.000516
0.010921
-0.023838
0.003082
-0.002898
0.012372
-0.032634
0.026126
-0.031979
0.012642
-0.002029
-0.011347
-0.012537
0.018387
-0.022931
0.025407
-0.041830
0.016805
0.002857
-0.020178
-0.002544
0.009255
-0.024535
0.007043
0.010644
-0.018142
-0.002280
-0.013608
0.017187
-0.019473
-0.004269
-0.009174
0.010483
-0.014368
0.002481
-0.015445
0.010598
-0.024950
0.005471
0.013695
-0.031781
0.006924
-0.011123
-0.001072
0.000918
-0.010359
0.005386
-0.020308
-0.003569
0.004100
-0.005379
-0.012467
-0.008728
0.009833
-0.030640
0.023935
-0.017716
-0.005297
-0.017295
0.043975
-0.075623
0.059682
-0.100705
0.292109
-0.651149
0.738986
