0.000659
0.000542
0.000403
0.000263
0.000143
0.000054
0.000000
-0.000021
-0.000018
-0.000003
0.000013
0.000020
0.000015
-0.000005
-0.000037
-0.000078
-0.000123
-0.000165
-0.000201
-0.000225
-0.000234
-0.000228
-0.000206
-0.000173
-0.000133
-0.000093
-0.000059
-0.000038
-0.000032
-0.000043
-0.000067
-0.000099
-0.000131
-0.000158
-0.000173
-0.000174
-0.000162
-0.000140
-0.000114
-0.000089
-0.000069
-0.000055
-0.000045
-0.000031
0.000004
0.000086
0.000266
0.000629
0.001315
0.002543
0.004633
0.008021
0.013253
0.020937
0.031662
0.045860
0.063649
0.084674
0.108011
0.132167
0.155222
0.175091
0.189870
0.198187
0.199454
0.193963
0.182796
0.167590
0.150205
0.132402
0.115601
0.100750
0.088312
0.078344
0.070628
0.064794
0.060434
0.057172
0.054696
0.052767
0.051212
0.049908
0.048771
0.047744
0.046789
0.045885
0.045020
0.044191
0.043398
0.042640
0.041918
0.041231
0.040577
0.039953
0.039356
0.038780
0.038215
0.037653
0.037085
0.036505
0.035910
0.035305
0.034701
0.034112
0.033554
0.033039
0.032570
0.032144
0.031751
0.031373
0.030991
0.030592
0.030167
0.029712
0.029235
0.028747
0.028261
0.027791
0.027346
0.026932
0.026549
0.026195
0.025864
0.025547
0.025238
0.024931
0.024620
0.024302
0.023974
0.023635
0.023286
0.022929
0.022566
0.022200
0.021834
0.021468
0.021104
0.020743
0.020385
0.020032
0.019684
0.019347
0.019022
0.018716
0.018431
0.018171
0.017936
0.017725
0.017534
0.017358
0.017188
0.017018
0.016844
0.016662
0.016471
0.016273
0.016070
0.015864
0.015657
0.015451
0.015244
0.015034
0.014822
0.014605
0.014385
0.014165
0.013947
0.013733
0.013525
0.013322
0.013124
0.012929
0.012736
0.012547
0.012365
0.012192
0.012030
0.011878
0.011734
0.011590
0.011439
0.011273
0.011086
0.010876
0.010645
0.010397
0.010142
0.009888
0.009645
0.009418
0.009213
0.009029
0.008866
0.008720
0.008587
0.008462
0.008341
0.008221
0.008099
0.007976
0.007851
0.007728
0.007610
0.007500
0.007400
0.007310
0.007227
0.007149
0.007070
0.006989
0.006903
0.006815
0.006726
0.006640
0.006561
0.006492
0.006431
0.006376
0.006323
0.006266
0.006202
0.006128
0.006042
0.005947
0.005846
0.005744
0.005644
0.005550
0.005462
0.005380
0.005302
0.005225
0.005147
0.005065
0.004978
0.004883
0.004779
0.004662
0.004533
0.004391
0.004240
0.004084
0.003930
0.003784
0.003653
0.003542
0.003454
0.003390
0.003352
0.003335
0.003338
0.003354
0.003378
0.003403
0.003423
0.003432
0.003425
0.003401
0.003358
0.003298
0.003226
0.003147
0.003067
0.002991
0.002924
0.002867
0.002817
0.002769
0.002719
0.002659
0.002587
0.002503
0.002411
0.002318
0.002230
0.002151
0.002086
0.002033
0.001989
0.001948
0.001907
0.001864
0.001817
0.001768
0.001717
0.001664
0.001609
0.001550
0.001485
0.001413
0.001336
0.001258
0.001185
0.001123
0.001076
0.001044
0.001027
0.001020
0.001017
0.001013
0.001003
0.000984
0.000956
0.000920
0.000878
0.000834
0.000788
0.000743
0.000700
0.000660
0.000623
0.000592
0.000568
0.000551
0.000540
0.000532
0.000523
0.000509
0.000486
0.000455
0.000416
0.000374
0.000333
0.000300
0.000278
0.000268
0.000274
0.000293
0.000326
0.000370
0.000422
0.000474
0.000522
0.000556
0.000569
0.000558
0.000522
0.000461
0.000383
0.000294
0.000203
0.000117
0.000040
-0.000025
-0.000079
-0.000123
-0.000161
-0.000194
-0.000225
-0.000255
-0.000283
-0.000309
-0.000331
-0.000348
-0.000359
-0.000361
-0.000355
-0.000342
-0.000322
-0.000299
-0.000274
-0.000250
-0.000227
-0.000204
-0.000181
-0.000154
-0.000122
-0.000083
-0.000036
0.000017
0.000072
0.000124
0.000166
0.000190
0.000192
0.000168
0.000118
0.000048
-0.000036
-0.000124
-0.000209
-0.000284
-0.000347
-0.000398
-0.000441
-0.000478
-0.000514
-0.000549
-0.000586
-0.000623
-0.000660
-0.000698
-0.000736
-0.000774
-0.000812
-0.000850
-0.000886
-0.000919
-0.000946
-0.000963
-0.000969
-0.000962
-0.000943
-0.000912
-0.000875
-0.000838
-0.000806
-0.000786
-0.000782
-0.000796
-0.000828
-0.000874
-0.000928
-0.000982
-0.001029
-0.001063
-0.001080
-0.001082
-0.001072
-0.001057
-0.001045
-0.001040
-0.001046
-0.001064
-0.001092
-0.001123
-0.001155
-0.001183
-0.001205
-0.001220
-0.001228
-0.001231
-0.001229
-0.001223
-0.001213
-0.001200
-0.001186
-0.001170
-0.001156
-0.001143
-0.001135
-0.001132
-0.001133
-0.001137
-0.001141
-0.001143
-0.001140
-0.001132
-0.001119
-0.001103
-0.001089
-0.001078
-0.001073
-0.001075
-0.001083
-0.001097
-0.001113
-0.001130
-0.001145
-0.001159
-0.001171
-0.001182
-0.001191
-0.001198
-0.001203
-0.001205
-0.001204
-0.001201
-0.001198
-0.001196
-0.001200
-0.001211
-0.001231
-0.001259
-0.001292
-0.001326
-0.001357
-0.001383
-0.001402
-0.001414
-0.001421
-0.001427
-0.001434
-0.001446
-0.001463
-0.001484
-0.001508
-0.001532
-0.001553
-0.001571
-0.001586
-0.001599
-0.001610
-0.001620
-0.001630
-0.001638
-0.001641
-0.001637
-0.001625
-0.001605
-0.001577
-0.001543
-0.001505
-0.001466
-0.001429
-0.001397
-0.001372
-0.001357
-0.001355
-0.001364
-0.001385
-0.001415
-0.001449
-0.001484
-0.001515
-0.001539
-0.001556
-0.001564
-0.001565
-0.001560
-0.001549
-0.001536
-0.001522
-0.001512
-0.001507
-0.001509
-0.001518
-0.001533
-0.001551
-0.001567
-0.001580
-0.001587
-0.001586
-0.001576
-0.001558
-0.001533
-0.001502
-0.001469
-0.001436
-0.001408
-0.001386
-0.001374
-0.001370
-0.001374
-0.001385
-0.001399
-0.001414
-0.001430
-0.001445
-0.001460
-0.001475
-0.001491
-0.001506
-0.001518
-0.001526
-0.001527
-0.001522
-0.001513
-0.001501
-0.001492
-0.001487
-0.001487
-0.001493
-0.001501
-0.001508
-0.001513
-0.001514
-0.001514
-0.001515
-0.001522
-0.001538
-0.001564
-0.001600
-0.001644
-0.001689
-0.001729
-0.001759
-0.001773
-0.001768
-0.001745
-0.001704
-0.001650
-0.001588
-0.001524
-0.001465
-0.001414
-0.001376
-0.001354
-0.001349
-0.001359
-0.001381
-0.001409
-0.001438
-0.001461
-0.001475
-0.001479
-0.001474
-0.001466
-0.001458
-0.001456
-0.001461
-0.001475
-0.001493
-0.001511
-0.001524
-0.001525
-0.001513
-0.001485
-0.001443
-0.001390
-0.001328
-0.001259
-0.001185
-0.001101
-0.001007
-0.000898
-0.000774
-0.000636
-0.000491
-0.000348
-0.000220
-0.000117
-0.000048
-0.000018
-0.000026
-0.000067
-0.000133
-0.000215
-0.000305
-0.000395
-0.000484
-0.000572
-0.000658
-0.000743
-0.000826
-0.000902
-0.000966
-0.001012
-0.001036
-0.001037
-0.001018
-0.000986
-0.000949
-0.000916
-0.000894
-0.000889
-0.000901
-0.000928
-0.000964
-0.001001
-0.001031
-0.001048
-0.001047
-0.001027
-0.000992
-0.000948
-0.000901
-0.000859
-0.000825
-0.000802
-0.000788
-0.000779
-0.000773
-0.000770
-0.000769
-0.000774
-0.000787
-0.000809
-0.000839
-0.000872
-0.000906
-0.000935
-0.000957
-0.000972
-0.000983
-0.000992
-0.001002
-0.001013
-0.001025
-0.001035
-0.001043
-0.001048
-0.001050
-0.001050
-0.001050
-0.001049
-0.001045
-0.001036
-0.001020
-0.000994
-0.000962
-0.000924
-0.000886
-0.000852
-0.000826
-0.000810
-0.000805
-0.000809
-0.000822
-0.000841
-0.000864
-0.000888
-0.000909
-0.000927
-0.000939
-0.000943
-0.000940
-0.000929
-0.000912
-0.000892
-0.000871
-0.000854
-0.000841
-0.000833
-0.000830
-0.000829
-0.000827
-0.000824
-0.000817
-0.000808
-0.000798
-0.000789
-0.000782
-0.000779
-0.000779
-0.000782
-0.000789
-0.000798
-0.000809
-0.000823
-0.000838
-0.000852
-0.000865
-0.000876
-0.000884
-0.000889
-0.000891
-0.000891
-0.000887
-0.000879
-0.000867
-0.000853
-0.000837
-0.000821
-0.000808
-0.000800
-0.000798
-0.000800
-0.000805
-0.000808
-0.000807
-0.000799
-0.000783
-0.000759
-0.000730
-0.000700
-0.000673
-0.000650
-0.000635
-0.000629
-0.000632
-0.000643
-0.000662
-0.000686
-0.000714
-0.000741
-0.000763
-0.000778
-0.000782
-0.000773
-0.000751
-0.000718
-0.000677
-0.000631
-0.000583
-0.000538
-0.000498
-0.000467
-0.000446
-0.000435
-0.000433
-0.000438
-0.000448
-0.000459
-0.000470
-0.000480
-0.000488
-0.000494
-0.000499
-0.000502
-0.000506
-0.000508
-0.000509
-0.000508
-0.000504
-0.000493
-0.000477
-0.000454
-0.000428
-0.000402
-0.000383
-0.000374
-0.000382
-0.000407
-0.000448
-0.000499
-0.000551
-0.000596
-0.000627
-0.000639
-0.000633
-0.000613
-0.000587
-0.000563
-0.000546
-0.000539
-0.000541
-0.000549
-0.000556
-0.000557
-0.000548
-0.000528
-0.000498
-0.000463
-0.000429
-0.000400
-0.000380
-0.000370
-0.000371
-0.000379
-0.000394
-0.000412
-0.000430
-0.000444
-0.000453
-0.000454
-0.000448
-0.000437
-0.000423
-0.000412
-0.000406
-0.000407
-0.000415
-0.000427
-0.000438
-0.000446
-0.000448
-0.000444
-0.000433
-0.000417
-0.000398
-0.000376
-0.000352
-0.000326
-0.000301
-0.000276
-0.000256
-0.000242
-0.000238
-0.000244
-0.000261
-0.000285
-0.000315
-0.000344
-0.000372
-0.000394
-0.000409
-0.000418
-0.000419
-0.000415
-0.000406
-0.000393
-0.000377
-0.000357
-0.000336
-0.000313
-0.000291
-0.000272
-0.000257
-0.000248
-0.000247
-0.000252
-0.000262
-0.000276
-0.000291
-0.000303
-0.000311
-0.000312
-0.000304
-0.000290
-0.000269
-0.000246
-0.000225
-0.000208
-0.000197
-0.000192
-0.000192
-0.000192
-0.000191
-0.000188
-0.000181
-0.000171
-0.000160
-0.000149
-0.000138
-0.000127
-0.000118
-0.000110
-0.000105
-0.000103
-0.000105
-0.000111
-0.000119
-0.000129
-0.000139
-0.000148
-0.000157
-0.000165
-0.000174
-0.000185
-0.000199
-0.000216
-0.000234
-0.000252
-0.000267
-0.000276
-0.000278
-0.000272
-0.000260
-0.000243
-0.000224
-0.000203
-0.000182
-0.000160
-0.000137
-0.000113
-0.000088
-0.000064
-0.000042
-0.000025
-0.000014
-0.000011
-0.000014
-0.000024
-0.000039
-0.000059
-0.000086
-0.000122
-0.000169
-0.000229
-0.000302
-0.000385
-0.000471
-0.000551
-0.000615
-0.000653
-0.000663
-0.000647
-0.000611
-0.000569
-0.000531
-0.000511
-0.000514
-0.000542
-0.000591
-0.000650
-0.000711
-0.000764
-0.000802
-0.000823
-0.000825
-0.000812
-0.000787
-0.000754
-0.000717
-0.000679
-0.000643
-0.000611
-0.000586
-0.000569
-0.000563
-0.000568
-0.000585
-0.000613
-0.000649
-0.000690
-0.000733
-0.000774
-0.000807
-0.000831
-0.000842
-0.000839
-0.000820
-0.000787
-0.000743
-0.000691
-0.000637
-0.000588
-0.000547
-0.000519
-0.000507
-0.000510
-0.000528
-0.000557
-0.000594
-0.000636
-0.000679
-0.000716
-0.000744
-0.000755
-0.000745
-0.000707
-0.000638
-0.000537
-0.000406
-0.000248
-0.000069
0.000120
0.000308
0.000480
0.000621
0.000717
0.000756
0.000735
