0.008492
0.007491
0.006052
0.004431
0.002873
0.001564
0.000600
-0.000013
-0.000339
-0.000477
-0.000526
-0.000564
-0.000634
-0.000752
-0.000906
-0.001078
-0.001247
-0.001396
-0.001519
-0.001616
-0.001694
-0.001761
-0.001827
-0.001898
-0.001978
-0.002067
-0.002161
-0.002257
-0.002352
-0.002441
-0.002522
-0.002596
-0.002664
-0.002728
-0.002794
-0.002863
-0.002939
-0.003023
-0.003112
-0.003203
-0.003291
-0.003370
-0.003433
-0.003470
-0.003461
-0.003365
-0.003097
-0.002491
-0.001239
0.001192
0.005670
0.013498
0.026492
0.046959
0.077521
0.120729
0.178464
0.251204
0.337333
0.432706
0.530730
0.623066
0.700921
0.756674
0.785413
0.785960
0.761071
0.716747
0.660870
0.601558
0.545686
0.497923
0.460433
0.433161
0.414516
0.402165
0.393734
0.387270
0.381452
0.375586
0.369465
0.363190
0.356999
0.351137
0.345788
0.341048
0.336926
0.333370
0.330285
0.327561
0.325088
0.322771
0.320535
0.318329
0.316127
0.313924
0.311727
0.309549
0.307403
0.305298
0.303233
0.301202
0.299196
0.297210
0.295241
0.293295
0.291378
0.289497
0.287654
0.285838
0.284029
0.282200
0.280322
0.278370
0.276331
0.274208
0.272015
0.269777
0.267528
0.265299
0.263116
0.260995
0.258941
0.256950
0.255005
0.253087
0.251172
0.249240
0.247276
0.245272
0.243228
0.241148
0.239046
0.236932
0.234819
0.232718
0.230634
0.228574
0.226538
0.224528
0.222547
0.220595
0.218671
0.216774
0.214900
0.213041
0.211191
0.209336
0.207468
0.205577
0.203655
0.201702
0.199720
0.197718
0.195710
0.193712
0.191742
0.189815
0.187946
0.186142
0.184403
0.182727
0.181104
0.179519
0.177957
0.176403
0.174842
0.173266
0.171672
0.170063
0.168450
0.166845
0.165263
0.163714
0.162202
0.160729
0.159291
0.157882
0.156498
0.155135
0.153795
0.152477
0.151181
0.149902
0.148635
0.147370
0.146098
0.144811
0.143507
0.142185
0.140854
0.139526
0.138213
0.136929
0.135685
0.134487
0.133336
0.132225
0.131143
0.130077
0.129012
0.127938
0.126849
0.125742
0.124621
0.123492
0.122364
0.121244
0.120140
0.119059
0.118006
0.116984
0.115992
0.115030
0.114092
0.113171
0.112258
0.111346
0.110429
0.109506
0.108578
0.107649
0.106727
0.105817
0.104927
0.104064
0.103231
0.102431
0.101666
0.100934
0.100232
0.099553
0.098889
0.098231
0.097573
0.096907
0.096229
0.095537
0.094833
0.094118
0.093398
0.092677
0.091963
0.091260
0.090573
0.089908
0.089266
0.088649
0.088056
0.087485
0.086932
0.086392
0.085860
0.085331
0.084799
0.084262
0.083717
0.083161
0.082595
0.082017
0.081430
0.080836
0.080239
0.079644
0.079056
0.078481
0.077923
0.077384
0.076863
0.076359
0.075870
0.075392
0.074922
0.074457
0.073996
0.073537
0.073080
0.072626
0.072174
0.071726
0.071283
0.070845
0.070413
0.069987
0.069566
0.069148
0.068730
0.068310
0.067888
0.067463
0.067038
0.066616
0.066197
0.065782
0.065367
0.064948
0.064520
0.064078
0.063621
0.063154
0.062681
0.062213
0.061757
0.061320
0.060905
0.060510
0.060132
0.059764
0.059401
0.059038
0.058676
0.058316
0.057964
0.057629
0.057318
0.057039
0.056796
0.056590
0.056412
0.056253
0.056095
0.055921
0.055713
0.055458
0.055147
0.054779
0.054359
0.053897
0.053409
0.052910
0.052418
0.051948
0.051513
0.051124
0.050787
0.050501
0.050264
0.050066
0.049894
0.049734
0.049571
0.049393
0.049191
0.048959
0.048695
0.048402
0.048084
0.047747
0.047398
0.047044
0.046690
0.046341
0.045998
0.045664
0.045339
0.045024
0.044721
0.044431
0.044156
0.043896
0.043651
0.043420
0.043197
0.042977
0.042756
0.042526
0.042284
0.042023
0.041743
0.041444
0.041129
0.040807
0.040484
0.040170
0.039875
0.039605
0.039365
0.039158
0.038982
0.038835
0.038712
0.038607
0.038511
0.038417
0.038316
0.038203
0.038073
0.037926
0.037765
0.037591
0.037409
0.037222
0.037030
0.036834
0.036633
0.036426
0.036212
0.035993
0.035770
0.035545
0.035325
0.035114
0.034919
0.034745
0.034597
0.034476
0.034382
0.034308
0.034245
0.034180
0.034102
0.034000
0.033868
0.033705
0.033510
0.033290
0.033053
0.032805
0.032558
0.032320
0.032099
0.031903
0.031736
0.031599
0.031491
0.031404
0.031332
0.031264
0.031192
0.031108
0.031006
0.030883
0.030741
0.030585
0.030424
0.030265
0.030116
0.029981
0.029861
0.029750
0.029642
0.029527
0.029400
0.029258
0.029104
0.028943
0.028786
0.028639
0.028510
0.028399
0.028306
0.028225
0.028149
0.028071
0.027985
0.027887
0.027776
0.027654
0.027525
0.027393
0.027264
0.027143
0.027033
0.026936
0.026851
0.026779
0.026716
0.026661
0.026609
0.026556
0.026498
0.026429
0.026345
0.026246
0.026131
0.026006
0.025877
0.025750
0.025631
0.025524
0.025429
0.025344
0.025269
0.025201
0.025141
0.025087
0.025041
0.024998
0.024957
0.024912
0.024858
0.024791
0.024710
0.024613
0.024504
0.024386
0.024264
0.024144
0.024032
0.023930
0.023842
0.023766
0.023701
0.023643
0.023588
0.023532
0.023474
0.023412
0.023348
0.023287
0.023231
0.023187
0.023158
0.023151
0.023169
0.023213
0.023280
0.023364
0.023452
0.023529
0.023581
0.023596
0.023568
0.023502
0.023405
0.023293
0.023179
0.023074
0.022986
0.022914
0.022854
0.022799
0.022742
0.022679
0.022606
0.022525
0.022438
0.022350
0.022265
0.022186
0.022118
0.022059
0.022010
0.021966
0.021925
0.021882
0.021838
0.021792
0.021745
0.021699
0.021655
0.021613
0.021570
0.021525
0.021480
0.021434
0.021390
0.021351
0.021317
0.021289
0.021263
0.021233
0.021196
0.021147
0.021084
0.021009
0.020927
0.020842
0.020761
0.020688
0.020625
0.020571
0.020524
0.020480
0.020435
0.020388
0.020336
0.020280
0.020223
0.020168
0.020117
0.020073
0.020036
0.020004
0.019974
0.019945
0.019913
0.019879
0.019842
0.019805
0.019770
0.019736
0.019705
0.019678
0.019654
0.019634
0.019616
0.019602
0.019588
0.019574
0.019555
0.019528
0.019491
0.019442
0.019382
0.019313
0.019238
0.019163
0.019091
0.019027
0.018973
0.018931
0.018898
0.018873
0.018854
0.018835
0.018815
0.018792
0.018767
0.018740
0.018712
0.018683
0.018652
0.018616
0.018574
0.018526
0.018472
0.018415
0.018361
0.018311
0.018267
0.018229
0.018195
0.018163
0.018129
0.018092
0.018053
0.018013
0.017972
0.017932
0.017894
0.017859
0.017830
0.017810
0.017801
0.017806
0.017825
0.017856
0.017895
0.017935
0.017970
0.017995
0.018006
0.018002
0.017982
0.017949
0.017906
0.017855
0.017801
0.017746
0.017694
0.017651
0.017617
0.017593
0.017580
0.017573
0.017571
0.017567
0.017560
0.017548
0.017530
0.017507
0.017480
0.017451
0.017425
0.017404
0.017394
0.017399
0.017423
0.017467
0.017529
0.017602
0.017678
0.017746
0.017794
0.017813
0.017799
0.017749
0.017668
0.017563
0.017445
0.017325
0.017212
0.017115
0.017037
0.016979
0.016940
0.016916
0.016903
0.016893
0.016883
0.016867
0.016839
0.016797
0.016737
0.016663
0.016578
0.016488
0.016401
0.016323
0.016260
0.016212
0.016176
0.016150
0.016128
0.016108
0.016088
0.016067
0.016046
0.016026
0.016008
0.015992
0.015981
0.015977
0.015983
0.016002
0.016032
0.016072
0.016116
0.016156
0.016185
0.016198
0.016194
0.016173
0.016139
0.016096
0.016050
0.016003
0.015958
0.015915
0.015874
0.015834
0.015792
0.015747
0.015695
0.015636
0.015571
0.015500
0.015428
0.015358
0.015293
0.015236
0.015185
0.015140
0.015097
0.015053
0.015008
0.014960
0.014910
0.014858
0.014807
0.014757
0.014711
0.014669
0.014632
0.014600
0.014572
0.014545
0.014519
0.014493
0.014465
0.014436
0.014406
0.014378
0.014351
0.014325
0.014300
0.014274
0.014249
0.014223
0.014198
0.014176
0.014158
0.014143
0.014133
0.014124
0.014118
0.014111
0.014104
0.014095
0.014083
0.014065
0.014039
0.014004
0.013961
0.013912
0.013862
0.013815
0.013777
0.013749
0.013728
0.013711
0.013692
0.013664
0.013623
0.013567
0.013500
0.013426
0.013350
0.013277
0.013211
0.013152
0.013096
0.013041
0.012984
0.012921
0.012854
0.012783
0.012713
0.012645
0.012583
0.012527
0.012478
0.012433
0.012390
0.012345
0.012298
0.012247
0.012192
0.012137
0.012082
0.012028
0.011977
0.011927
0.011880
0.011835
0.011792
0.011750
0.011711
0.011672
0.011633
0.011593
0.011552
0.011508
0.011462
0.011414
0.011364
0.011311
0.011254
0.011195
0.011134
0.011073
0.011012
0.010954
0.010896
0.010837
0.010775
0.010706
0.010632
0.010553
0.010471
0.010392
0.010317
0.010249
0.010187
0.010130
0.010077
0.010027
0.009979
0.009936
0.009900
0.009872
0.009851
0.009834
0.009818
0.009798
0.009769
0.009729
0.009677
0.009615
0.009548
0.009479
0.009414
0.009358
0.009312
0.009276
0.009248
0.009225
0.009201
0.009172
0.009133
0.009082
0.009020
0.008948
0.008866
0.008775
0.008677
0.008573
0.008467
0.008363
0.008267
0.008186
0.008125
0.008084
0.008061
0.008051
0.008043
0.008030
0.008003
0.007959
0.007897
0.007820
0.007735
0.007650
0.007569
0.007500
0.007444
0.007400
0.007365
0.007332
0.007293
0.007244
0.007179
0.007099
0.007006
0.006906
0.006803
0.006704
0.006611
0.006526
0.006448
0.006376
0.006307
0.006242
0.006180
0.006121
0.006064
0.006008
0.005952
0.005894
0.005831
0.005764
0.005688
0.005602
0.005502
0.005383
0.005239
0.005062
0.004842
0.004574
0.004254
0.003885
0.003481
0.003064
0.002664
0.002313
0.002037
0.001850
0.001751
0.001723
0.001737
0.001763
0.001772
0.001747
0.001682
0.001580
0.001452
0.001309
0.001161
0.001015
0.000875
0.000740
0.000613
0.000493
0.000381
0.000276
0.000178
0.000085
-0.000004
-0.000094
-0.000187
-0.000289
-0.000402
-0.000528
-0.000668
-0.000822
-0.000985
-0.001156
-0.001330
-0.001504
-0.001675
-0.001841
-0.002005
-0.002167
-0.002328
-0.002492
-0.002660
-0.002830
-0.003004
-0.003179
-0.003355
-0.003530
-0.003703
-0.003876
-0.004048
-0.004217
-0.004383
-0.004540
-0.004682
-0.004796
-0.004861
-0.004846
-0.004705
-0.004379
-0.003800
-0.002903
-0.001647
-0.000038
0.001851
0.003873
0.005813
0.007426
0.008491
0.008857
