0.003643
0.003208
0.002571
0.001851
0.001160
0.000584
0.000166
-0.000094
-0.000226
-0.000277
-0.000292
-0.000306
-0.000337
-0.000389
-0.000456
-0.000528
-0.000594
-0.000648
-0.000685
-0.000707
-0.000716
-0.000718
-0.000718
-0.000721
-0.000731
-0.000750
-0.000776
-0.000807
-0.000840
-0.000871
-0.000897
-0.000919
-0.000936
-0.000949
-0.000961
-0.000973
-0.000985
-0.000998
-0.001010
-0.001021
-0.001030
-0.001035
-0.001033
-0.001017
-0.000968
-0.000846
-0.000574
-0.000004
0.001126
0.003251
0.007051
0.013522
0.023997
0.040104
0.063604
0.096073
0.138469
0.190637
0.250883
0.315798
0.380442
0.438962
0.485552
0.515543
0.526339
0.517933
0.492843
0.455506
0.411309
0.365531
0.322485
0.285017
0.254421
0.230685
0.212921
0.199827
0.190067
0.182510
0.176332
0.171011
0.166260
0.161949
0.158029
0.154479
0.151283
0.148411
0.145826
0.143485
0.141345
0.139367
0.137519
0.135776
0.134117
0.132528
0.130996
0.129510
0.128062
0.126644
0.125253
0.123889
0.122551
0.121238
0.119944
0.118663
0.117384
0.116094
0.114787
0.113456
0.112103
0.110731
0.109347
0.107961
0.106579
0.105204
0.103835
0.102467
0.101090
0.099693
0.098265
0.096799
0.095296
0.093770
0.092244
0.090748
0.089318
0.087984
0.086770
0.085681
0.084708
0.083830
0.083013
0.082226
0.081439
0.080631
0.079793
0.078926
0.078039
0.077146
0.076264
0.075405
0.074580
0.073791
0.073031
0.072291
0.071557
0.070814
0.070051
0.069264
0.068453
0.067625
0.066791
0.065960
0.065139
0.064334
0.063541
0.062758
0.061979
0.061199
0.060414
0.059624
0.058831
0.058038
0.057249
0.056465
0.055690
0.054922
0.054163
0.053414
0.052676
0.051956
0.051258
0.050591
0.049959
0.049365
0.048807
0.048279
0.047773
0.047279
0.046787
0.046290
0.045784
0.045265
0.044735
0.044196
0.043651
0.043104
0.042560
0.042024
0.041502
0.040996
0.040510
0.040042
0.039594
0.039162
0.038746
0.038342
0.037950
0.037569
0.037199
0.036839
0.036488
0.036145
0.035807
0.035473
0.035139
0.034805
0.034468
0.034130
0.033790
0.033450
0.033112
0.032778
0.032449
0.032126
0.031808
0.031494
0.031179
0.030863
0.030542
0.030218
0.029895
0.029579
0.029274
0.028986
0.028715
0.028460
0.028216
0.027978
0.027740
0.027500
0.027256
0.027010
0.026765
0.026526
0.026296
0.026077
0.025871
0.025677
0.025493
0.025314
0.025138
0.024961
0.024780
0.024593
0.024399
0.024199
0.023995
0.023789
0.023583
0.023382
0.023187
0.023001
0.022824
0.022655
0.022492
0.022331
0.022170
0.022005
0.021832
0.021651
0.021460
0.021259
0.021048
0.020826
0.020593
0.020352
0.020104
0.019855
0.019612
0.019381
0.019169
0.018983
0.018822
0.018684
0.018560
0.018443
0.018322
0.018189
0.018041
0.017878
0.017706
0.017530
0.017359
0.017195
0.017042
0.016898
0.016756
0.016611
0.016456
0.016286
0.016099
0.015896
0.015681
0.015460
0.015239
0.015026
0.014826
0.014644
0.014483
0.014343
0.014222
0.014115
0.014017
0.013922
0.013828
0.013734
0.013639
0.013548
0.013465
0.013393
0.013335
0.013294
0.013266
0.013247
0.013231
0.013207
0.013168
0.013104
0.013010
0.012887
0.012738
0.012571
0.012397
0.012226
0.012065
0.011917
0.011781
0.011655
0.011534
0.011415
0.011299
0.011186
0.011081
0.010982
0.010890
0.010799
0.010705
0.010601
0.010486
0.010360
0.010228
0.010098
0.009979
0.009877
0.009795
0.009732
0.009683
0.009641
0.009597
0.009543
0.009473
0.009384
0.009277
0.009156
0.009027
0.008899
0.008777
0.008667
0.008572
0.008492
0.008425
0.008364
0.008306
0.008244
0.008176
0.008099
0.008015
0.007928
0.007843
0.007765
0.007702
0.007656
0.007631
0.007624
0.007631
0.007646
0.007659
0.007663
0.007651
0.007622
0.007575
0.007514
0.007444
0.007371
0.007300
0.007233
0.007173
0.007119
0.007069
0.007021
0.006972
0.006918
0.006856
0.006784
0.006703
0.006615
0.006525
0.006439
0.006363
0.006302
0.006260
0.006237
0.006231
0.006236
0.006245
0.006249
0.006240
0.006212
0.006164
0.006095
0.006012
0.005922
0.005834
0.005756
0.005693
0.005647
0.005615
0.005594
0.005581
0.005572
0.005564
0.005556
0.005545
0.005532
0.005515
0.005497
0.005478
0.005460
0.005445
0.005433
0.005421
0.005407
0.005385
0.005350
0.005302
0.005241
0.005170
0.005095
0.005020
0.004953
0.004896
0.004854
0.004825
0.004807
0.004795
0.004786
0.004772
0.004749
0.004716
0.004673
0.004624
0.004576
0.004535
0.004508
0.004499
0.004507
0.004531
0.004566
0.004608
0.004652
0.004694
0.004730
0.004759
0.004777
0.004782
0.004773
0.004752
0.004719
0.004678
0.004632
0.004584
0.004535
0.004485
0.004435
0.004383
0.004332
0.004281
0.004234
0.004191
0.004154
0.004121
0.004092
0.004065
0.004040
0.004016
0.003992
0.003971
0.003951
0.003934
0.003920
0.003909
0.003901
0.003893
0.003885
0.003875
0.003862
0.003843
0.003819
0.003788
0.003752
0.003712
0.003672
0.003633
0.003597
0.003566
0.003540
0.003518
0.003500
0.003487
0.003481
0.003482
0.003491
0.003509
0.003536
0.003571
0.003611
0.003654
0.003698
0.003741
0.003782
0.003820
0.003856
0.003887
0.003915
0.003937
0.003952
0.003958
0.003951
0.003930
0.003894
0.003845
0.003789
0.003731
0.003675
0.003625
0.003584
0.003550
0.003522
0.003496
0.003470
0.003441
0.003406
0.003365
0.003317
0.003263
0.003206
0.003150
0.003101
0.003063
0.003041
0.003036
0.003046
0.003067
0.003095
0.003124
0.003151
0.003174
0.003192
0.003206
0.003218
0.003230
0.003243
0.003256
0.003269
0.003280
0.003286
0.003285
0.003274
0.003252
0.003220
0.003179
0.003132
0.003083
0.003038
0.002999
0.002970
0.002952
0.002945
0.002949
0.002963
0.002984
0.003011
0.003041
0.003070
0.003096
0.003115
0.003123
0.003120
0.003104
0.003077
0.003039
0.002993
0.002945
0.002898
0.002857
0.002828
0.002815
0.002818
0.002836
0.002864
0.002895
0.002923
0.002940
0.002944
0.002934
0.002912
0.002883
0.002851
0.002821
0.002795
0.002776
0.002764
0.002758
0.002758
0.002765
0.002776
0.002790
0.002806
0.002822
0.002836
0.002845
0.002849
0.002845
0.002833
0.002812
0.002785
0.002754
0.002720
0.002687
0.002657
0.002630
0.002606
0.002583
0.002560
0.002535
0.002508
0.002481
0.002456
0.002435
0.002421
0.002416
0.002420
0.002433
0.002455
0.002487
0.002527
0.002573
0.002622
0.002669
0.002707
0.002732
0.002738
0.002725
0.002694
0.002649
0.002595
0.002540
0.002488
0.002445
0.002415
0.002397
0.002391
0.002392
0.002396
0.002400
0.002399
0.002394
0.002385
0.002376
0.002368
0.002364
0.002364
0.002368
0.002372
0.002376
0.002376
0.002372
0.002365
0.002356
0.002348
0.002343
0.002344
0.002350
0.002360
0.002373
0.002387
0.002400
0.002411
0.002422
0.002434
0.002448
0.002466
0.002486
0.002507
0.002524
0.002531
0.002527
0.002508
0.002475
0.002433
0.002387
0.002341
0.002302
0.002272
0.002251
0.002240
0.002236
0.002238
0.002246
0.002258
0.002272
0.002286
0.002299
0.002308
0.002312
0.002311
0.002307
0.002300
0.002294
0.002291
0.002290
0.002294
0.002302
0.002312
0.002325
0.002340
0.002356
0.002373
0.002391
0.002407
0.002423
0.002437
0.002449
0.002458
0.002464
0.002466
0.002464
0.002460
0.002452
0.002444
0.002436
0.002431
0.002430
0.002435
0.002451
0.002481
0.002531
0.002612
0.002731
0.002897
0.003115
0.003382
0.003684
0.004002
0.004306
0.004566
0.004752
0.004845
0.004838
0.004735
0.004554
0.004321
0.004064
0.003809
0.003577
0.003382
0.003228
0.003113
0.003029
0.002968
0.002920
0.002878
0.002841
0.002806
0.002775
0.002748
0.002726
0.002708
0.002691
0.002675
0.002656
0.002634
0.002609
0.002584
0.002562
0.002545
0.002535
0.002534
0.002540
0.002551
0.002563
0.002575
0.002583
0.002589
0.002592
0.002596
0.002602
0.002611
0.002625
0.002643
0.002663
0.002681
0.002694
0.002699
0.002694
0.002677
0.002649
0.002612
0.002570
0.002528
0.002492
0.002470
0.002465
0.002482
0.002517
0.002567
0.002623
0.002675
0.002714
0.002731
0.002723
0.002689
0.002633
0.002560
0.002479
0.002396
0.002318
0.002250
0.002194
0.002151
0.002117
0.002091
0.002068
0.002048
0.002028
0.002013
0.002003
0.002003
0.002014
0.002036
0.002067
0.002103
0.002138
0.002168
0.002188
0.002198
0.002196
0.002186
0.002170
0.002153
0.002139
0.002131
0.002132
0.002141
0.002158
0.002181
0.002208
0.002236
0.002263
0.002287
0.002303
0.002310
0.002303
0.002283
0.002250
0.002207
0.002157
0.002106
0.002058
0.002016
0.001981
0.001954
0.001934
0.001920
0.001914
0.001913
0.001917
0.001922
0.001926
0.001926
0.001918
0.001901
0.001874
0.001839
0.001798
0.001754
0.001710
0.001669
0.001632
0.001600
0.001575
0.001556
0.001545
0.001541
0.001541
0.001545
0.001550
0.001552
0.001551
0.001546
0.001537
0.001526
0.001513
0.001498
0.001482
0.001464
0.001444
0.001422
0.001398
0.001373
0.001347
0.001320
0.001293
0.001266
0.001242
0.001224
0.001213
0.001212
0.001222
0.001242
0.001269
0.001295
0.001315
0.001325
0.001320
0.001303
0.001276
0.001245
0.001216
0.001194
0.001183
0.001180
0.001185
0.001193
0.001200
0.001199
0.001190
0.001170
0.001139
0.001100
0.001056
0.001009
0.000962
0.000919
0.000878
0.000839
0.000796
0.000741
0.000666
0.000560
0.000417
0.000235
0.000022
-0.000206
-0.000429
-0.000622
-0.000766
-0.000849
-0.000871
-0.000843
-0.000785
-0.000717
-0.000658
-0.000620
-0.000606
-0.000614
-0.000640
-0.000675
-0.000713
-0.000750
-0.000783
-0.000811
-0.000834
-0.000855
-0.000875
-0.000900
-0.000931
-0.000973
-0.001027
-0.001095
-0.001174
-0.001262
-0.001354
-0.001444
-0.001527
-0.001597
-0.001652
-0.001691
-0.001716
-0.001732
-0.001746
-0.001764
-0.001793
-0.001837
-0.001895
-0.001968
-0.002050
-0.002135
-0.002217
-0.002291
-0.002353
-0.002403
-0.002441
-0.002471
-0.002497
-0.002523
-0.002553
-0.002589
-0.002629
-0.002669
-0.002697
-0.002695
-0.002638
-0.002495
-0.002231
-0.001813
-0.001224
-0.000465
0.000427
0.001383
0.002303
0.003073
0.003590
0.003785
