0.003403
0.002994
0.002401
0.001733
0.001092
0.000557
0.000167
-0.000077
-0.000200
-0.000245
-0.000252
-0.000254
-0.000269
-0.000304
-0.000355
-0.000417
-0.000481
-0.000542
-0.000596
-0.000643
-0.000681
-0.000712
-0.000736
-0.000754
-0.000768
-0.000780
-0.000793
-0.000808
-0.000827
-0.000851
-0.000879
-0.000911
-0.000945
-0.000979
-0.001014
-0.001048
-0.001082
-0.001113
-0.001142
-0.001167
-0.001186
-0.001197
-0.001195
-0.001173
-0.001114
-0.000982
-0.000704
-0.000139
0.000965
0.003036
0.006750
0.013096
0.023413
0.039354
0.062732
0.095229
0.137976
0.191062
0.253100
0.320999
0.390078
0.454592
0.508595
0.546992
0.566487
0.566193
0.547734
0.514814
0.472397
0.425730
0.379471
0.337085
0.300616
0.270782
0.247283
0.229203
0.215381
0.204685
0.196174
0.189153
0.183161
0.177919
0.173277
0.169152
0.165496
0.162266
0.159413
0.156882
0.154605
0.152517
0.150555
0.148670
0.146827
0.145010
0.143216
0.141455
0.139741
0.138083
0.136484
0.134938
0.133428
0.131933
0.130433
0.128913
0.127367
0.125799
0.124221
0.122650
0.121104
0.119593
0.118124
0.116692
0.115290
0.113905
0.112530
0.111156
0.109786
0.108424
0.107082
0.105771
0.104502
0.103280
0.102109
0.100985
0.099901
0.098846
0.097808
0.096775
0.095733
0.094674
0.093589
0.092476
0.091339
0.090184
0.089023
0.087869
0.086732
0.085622
0.084541
0.083486
0.082450
0.081426
0.080407
0.079388
0.078373
0.077367
0.076379
0.075417
0.074490
0.073600
0.072746
0.071923
0.071125
0.070344
0.069573
0.068811
0.068054
0.067303
0.066558
0.065816
0.065078
0.064340
0.063602
0.062864
0.062127
0.061393
0.060663
0.059933
0.059198
0.058445
0.057659
0.056825
0.055931
0.054976
0.053970
0.052940
0.051923
0.050966
0.050112
0.049394
0.048826
0.048401
0.048089
0.047850
0.047639
0.047417
0.047156
0.046846
0.046488
0.046092
0.045672
0.045239
0.044802
0.044362
0.043918
0.043467
0.043007
0.042534
0.042050
0.041557
0.041060
0.040562
0.040070
0.039586
0.039112
0.038650
0.038200
0.037762
0.037334
0.036919
0.036516
0.036129
0.035760
0.035415
0.035096
0.034805
0.034540
0.034296
0.034062
0.033828
0.033579
0.033301
0.032984
0.032620
0.032209
0.031756
0.031276
0.030784
0.030301
0.029847
0.029437
0.029081
0.028780
0.028528
0.028314
0.028120
0.027929
0.027728
0.027506
0.027258
0.026986
0.026695
0.026396
0.026100
0.025818
0.025561
0.025334
0.025139
0.024973
0.024831
0.024703
0.024576
0.024440
0.024281
0.024092
0.023868
0.023610
0.023320
0.023006
0.022677
0.022343
0.022012
0.021692
0.021388
0.021104
0.020842
0.020604
0.020391
0.020204
0.020042
0.019904
0.019787
0.019686
0.019594
0.019504
0.019408
0.019297
0.019167
0.019012
0.018830
0.018623
0.018394
0.018151
0.017902
0.017657
0.017423
0.017207
0.017008
0.016826
0.016656
0.016492
0.016328
0.016159
0.015981
0.015793
0.015595
0.015391
0.015186
0.014984
0.014791
0.014613
0.014452
0.014308
0.014182
0.014071
0.013972
0.013883
0.013801
0.013723
0.013646
0.013567
0.013483
0.013389
0.013282
0.013160
0.013023
0.012875
0.012721
0.012566
0.012419
0.012283
0.012165
0.012064
0.011981
0.011911
0.011852
0.011797
0.011741
0.011681
0.011616
0.011548
0.011478
0.011410
0.011347
0.011287
0.011230
0.011170
0.011102
0.011019
0.010919
0.010800
0.010665
0.010519
0.010369
0.010224
0.010090
0.009971
0.009868
0.009782
0.009707
0.009640
0.009578
0.009518
0.009460
0.009403
0.009347
0.009292
0.009237
0.009179
0.009114
0.009040
0.008957
0.008866
0.008769
0.008671
0.008577
0.008491
0.008419
0.008363
0.008327
0.008310
0.008312
0.008328
0.008352
0.008376
0.008389
0.008384
0.008353
0.008295
0.008215
0.008120
0.008018
0.007919
0.007829
0.007748
0.007675
0.007607
0.007539
0.007471
0.007406
0.007351
0.007311
0.007293
0.007298
0.007326
0.007369
0.007418
0.007463
0.007493
0.007501
0.007480
0.007430
0.007351
0.007246
0.007123
0.006989
0.006852
0.006720
0.006602
0.006501
0.006420
0.006361
0.006320
0.006293
0.006276
0.006263
0.006251
0.006236
0.006218
0.006196
0.006171
0.006140
0.006104
0.006061
0.006010
0.005954
0.005893
0.005833
0.005778
0.005729
0.005688
0.005651
0.005615
0.005576
0.005529
0.005474
0.005412
0.005346
0.005283
0.005226
0.005180
0.005146
0.005126
0.005118
0.005121
0.005131
0.005145
0.005161
0.005177
0.005192
0.005202
0.005208
0.005208
0.005199
0.005181
0.005152
0.005112
0.005063
0.005011
0.004962
0.004920
0.004890
0.004874
0.004871
0.004875
0.004881
0.004882
0.004872
0.004848
0.004809
0.004757
0.004695
0.004627
0.004560
0.004496
0.004441
0.004395
0.004359
0.004332
0.004310
0.004292
0.004276
0.004260
0.004245
0.004232
0.004224
0.004222
0.004226
0.004237
0.004253
0.004272
0.004292
0.004313
0.004335
0.004360
0.004389
0.004428
0.004479
0.004543
0.004620
0.004704
0.004790
0.004868
0.004931
0.004971
0.004983
0.004968
0.004929
0.004871
0.004800
0.004723
0.004645
0.004569
0.004497
0.004429
0.004368
0.004313
0.004265
0.004224
0.004186
0.004151
0.004114
0.004075
0.004035
0.003995
0.003960
0.003933
0.003916
0.003909
0.003911
0.003920
0.003932
0.003943
0.003953
0.003959
0.003962
0.003961
0.003957
0.003952
0.003946
0.003941
0.003937
0.003934
0.003931
0.003930
0.003929
0.003930
0.003934
0.003941
0.003953
0.003967
0.003983
0.003997
0.004007
0.004012
0.004011
0.004003
0.003989
0.003972
0.003951
0.003928
0.003904
0.003879
0.003853
0.003827
0.003802
0.003780
0.003762
0.003747
0.003736
0.003728
0.003721
0.003716
0.003712
0.003710
0.003710
0.003713
0.003717
0.003721
0.003726
0.003729
0.003732
0.003736
0.003741
0.003750
0.003762
0.003777
0.003792
0.003804
0.003811
0.003810
0.003800
0.003781
0.003756
0.003730
0.003706
0.003690
0.003686
0.003694
0.003712
0.003736
0.003762
0.003784
0.003798
0.003802
0.003796
0.003784
0.003768
0.003754
0.003745
0.003745
0.003757
0.003781
0.003817
0.003866
0.003924
0.003989
0.004055
0.004119
0.004174
0.004215
0.004240
0.004246
0.004236
0.004212
0.004179
0.004141
0.004105
0.004076
0.004056
0.004047
0.004048
0.004058
0.004071
0.004083
0.004089
0.004085
0.004071
0.004046
0.004015
0.003980
0.003947
0.003920
0.003901
0.003893
0.003895
0.003909
0.003933
0.003968
0.004012
0.004066
0.004127
0.004192
0.004255
0.004311
0.004351
0.004369
0.004361
0.004328
0.004272
0.004203
0.004130
0.004066
0.004017
0.003988
0.003979
0.003986
0.004001
0.004017
0.004027
0.004024
0.004006
0.003975
0.003932
0.003883
0.003833
0.003788
0.003753
0.003729
0.003716
0.003713
0.003716
0.003722
0.003728
0.003733
0.003734
0.003733
0.003727
0.003718
0.003708
0.003699
0.003693
0.003692
0.003696
0.003706
0.003718
0.003729
0.003736
0.003736
0.003727
0.003709
0.003684
0.003655
0.003625
0.003594
0.003566
0.003540
0.003519
0.003502
0.003492
0.003489
0.003494
0.003504
0.003517
0.003530
0.003541
0.003547
0.003547
0.003542
0.003533
0.003524
0.003516
0.003511
0.003509
0.003511
0.003514
0.003517
0.003519
0.003518
0.003512
0.003501
0.003486
0.003466
0.003443
0.003417
0.003388
0.003355
0.003319
0.003283
0.003250
0.003224
0.003209
0.003210
0.003228
0.003262
0.003307
0.003358
0.003411
0.003458
0.003496
0.003521
0.003534
0.003534
0.003523
0.003503
0.003479
0.003452
0.003428
0.003407
0.003392
0.003382
0.003377
0.003374
0.003372
0.003369
0.003366
0.003361
0.003357
0.003355
0.003354
0.003356
0.003359
0.003361
0.003360
0.003355
0.003345
0.003332
0.003319
0.003312
0.003319
0.003344
0.003394
0.003466
0.003558
0.003662
0.003766
0.003861
0.003937
0.003990
0.004018
0.004023
0.004007
0.003975
0.003933
0.003883
0.003830
0.003776
0.003722
0.003672
0.003625
0.003584
0.003546
0.003512
0.003480
0.003450
0.003418
0.003385
0.003351
0.003315
0.003277
0.003240
0.003202
0.003167
0.003134
0.003107
0.003085
0.003070
0.003062
0.003060
0.003062
0.003067
0.003072
0.003077
0.003079
0.003077
0.003070
0.003055
0.003033
0.003004
0.002968
0.002926
0.002880
0.002834
0.002791
0.002754
0.002727
0.002710
0.002704
0.002710
0.002723
0.002741
0.002761
0.002777
0.002788
0.002792
0.002789
0.002780
0.002766
0.002748
0.002727
0.002705
0.002683
0.002662
0.002643
0.002627
0.002615
0.002606
0.002601
0.002601
0.002605
0.002610
0.002617
0.002621
0.002622
0.002616
0.002601
0.002578
0.002545
0.002505
0.002460
0.002414
0.002369
0.002329
0.002295
0.002269
0.002250
0.002236
0.002227
0.002221
0.002215
0.002210
0.002205
0.002199
0.002194
0.002189
0.002186
0.002184
0.002181
0.002175
0.002166
0.002153
0.002137
0.002119
0.002102
0.002091
0.002089
0.002097
0.002118
0.002153
0.002202
0.002261
0.002328
0.002395
0.002456
0.002501
0.002524
0.002519
0.002485
0.002427
0.002351
0.002267
0.002185
0.002113
0.002054
0.002011
0.001985
0.001971
0.001968
0.001973
0.001984
0.001997
0.002012
0.002025
0.002036
0.002042
0.002044
0.002042
0.002036
0.002028
0.002018
0.002006
0.001991
0.001973
0.001951
0.001924
0.001893
0.001857
0.001820
0.001781
0.001743
0.001706
0.001671
0.001635
0.001597
0.001554
0.001499
0.001428
0.001333
0.001210
0.001051
0.000855
0.000624
0.000367
0.000101
-0.000154
-0.000375
-0.000544
-0.000647
-0.000684
-0.000664
-0.000605
-0.000526
-0.000447
-0.000382
-0.000341
-0.000325
-0.000331
-0.000357
-0.000398
-0.000449
-0.000509
-0.000575
-0.000645
-0.000717
-0.000791
-0.000864
-0.000937
-0.001008
-0.001078
-0.001146
-0.001211
-0.001272
-0.001329
-0.001379
-0.001424
-0.001462
-0.001496
-0.001525
-0.001553
-0.001582
-0.001613
-0.001646
-0.001682
-0.001717
-0.001748
-0.001769
-0.001776
-0.001763
-0.001730
-0.001679
-0.001616
-0.001551
-0.001495
-0.001459
-0.001453
-0.001481
-0.001545
-0.001640
-0.001758
-0.001886
-0.002006
-0.002095
-0.002125
-0.002062
-0.001872
-0.001527
-0.001010
-0.000326
0.000487
0.001362
0.002204
0.002906
0.003373
0.003543
