-0.000741
-0.000725
-0.000713
-0.000706
-0.000702
-0.000702
-0.000705
-0.000709
-0.000716
-0.000722
-0.000728
-0.000731
-0.000731
-0.000725
-0.000710
-0.000685
-0.000646
-0.000589
-0.000510
-0.000404
-0.000264
-0.000084
0.000145
0.000432
0.000787
0.001222
0.001752
0.002391
0.003155
0.004063
0.005134
0.006389
0.007850
0.009539
0.011480
0.013695
0.016207
0.019038
0.022208
0.025735
0.029633
0.033914
0.038583
0.043643
0.049088
0.054909
0.061086
0.067597
0.074408
0.081480
0.088766
0.096215
0.103767
0.111358
0.118919
0.126380
0.133667
0.140709
0.147433
0.153770
0.159657
0.165033
0.169849
0.174059
0.177630
0.180536
0.182763
0.184306
0.185170
0.185371
0.184934
0.183892
0.182285
0.180159
0.177567
0.174564
0.171207
0.167555
0.163667
0.159600
0.155408
0.151143
0.146853
0.142580
0.138362
0.134233
0.130218
0.126342
0.122620
0.119067
0.115689
0.112491
0.109474
0.106636
0.103972
0.101476
0.099139
0.096952
0.094906
0.092988
0.091190
0.089500
0.087908
0.086405
0.084981
0.083628
0.082338
0.081104
0.079919
0.078778
0.077676
0.076608
0.075571
0.074561
0.073575
0.072611
0.071667
0.070741
0.069832
0.068938
0.068059
0.067193
0.066341
0.065501
0.064674
0.063858
0.063053
0.062260
0.061478
0.060706
0.059946
0.059195
0.058455
0.057725
0.057004
0.056293
0.055591
0.054899
0.054215
0.053539
0.052872
0.052212
0.051560
0.050914
0.050276
0.049644
0.049018
0.048398
0.047784
0.047175
0.046572
0.045973
0.045380
0.044792
0.044208
0.043630
0.043056
0.042488
0.041925
0.041367
0.040814
0.040267
0.039726
0.039191
0.038662
0.038140
0.037623
0.037114
0.036611
0.036114
0.035625
0.035143
0.034667
0.034198
0.033736
0.033281
0.032833
0.032391
0.031955
0.031526
0.031102
0.030685
0.030274
0.029868
0.029468
0.029073
0.028684
0.028300
0.027921
0.027547
0.027178
0.026815
0.026456
0.026103
0.025755
0.025412
0.025074
0.024741
0.024414
0.024091
0.023774
0.023462
0.023156
0.022854
0.022558
0.022267
0.021981
0.021699
0.021423
0.021151
0.020884
0.020621
0.020363
0.020108
0.019858
0.019611
0.019368
0.019128
0.018891
0.018656
0.018425
0.018196
0.017969
0.017745
0.017522
0.017302
0.017083
0.016865
0.016650
0.016435
0.016222
0.016011
0.015801
0.015592
0.015384
0.015179
0.014974
0.014771
0.014570
0.014370
0.014173
0.013977
0.013783
0.013592
0.013402
0.013216
0.013031
0.012850
0.012671
0.012495
0.012322
0.012152
0.011985
0.011821
0.011660
0.011503
0.011349
0.011198
0.011051
0.010906
0.010765
0.010626
0.010491
0.010358
0.010227
0.010099
0.009973
0.009849
0.009726
0.009605
0.009485
0.009366
0.009248
0.009130
0.009013
0.008895
0.008778
0.008660
0.008542
0.008424
0.008306
0.008187
0.008067
0.007948
0.007828
0.007708
0.007587
0.007467
0.007348
0.007228
0.007110
0.006992
0.006874
0.006758
0.006643
0.006530
0.006418
0.006307
0.006198
0.006091
0.005985
0.005881
0.005779
0.005678
0.005579
0.005482
0.005386
0.005292
0.005199
0.005107
0.005017
0.004928
0.004840
0.004753
0.004668
0.004583
0.004499
0.004416
0.004335
0.004254
0.004174
0.004095
0.004017
0.003940
0.003865
0.003790
0.003717
0.003645
0.003575
0.003505
0.003437
0.003371
0.003306
0.003243
0.003181
0.003121
0.003062
0.003005
0.002949
0.002895
0.002842
0.002790
0.002740
0.002691
0.002643
0.002595
0.002549
0.002504
0.002459
0.002415
0.002372
0.002329
0.002287
0.002245
0.002203
0.002162
0.002121
0.002081
0.002040
0.002000
0.001960
0.001921
0.001881
0.001842
0.001804
0.001766
0.001728
0.001690
0.001654
0.001617
0.001581
0.001546
0.001511
0.001477
0.001444
0.001411
0.001379
0.001348
0.001317
0.001286
0.001257
0.001228
0.001199
0.001171
0.001143
0.001116
0.001090
0.001063
0.001037
0.001012
0.000986
0.000961
0.000937
0.000912
0.000888
0.000864
0.000841
0.000818
0.000796
0.000774
0.000753
0.000733
0.000713
0.000695
0.000677
0.000660
0.000645
0.000630
0.000616
0.000604
0.000592
0.000581
0.000571
0.000561
0.000552
0.000544
0.000535
0.000527
0.000518
0.000508
0.000498
0.000488
0.000476
0.000463
0.000448
0.000432
0.000415
0.000395
0.000374
0.000352
0.000327
0.000302
0.000274
0.000245
0.000215
0.000184
0.000151
0.000118
0.000084
0.000049
0.000015
-0.000020
-0.000055
-0.000090
-0.000125
-0.000159
-0.000192
-0.000225
-0.000257
-0.000289
-0.000319
-0.000349
-0.000377
-0.000405
-0.000432
-0.000457
-0.000482
-0.000506
-0.000528
-0.000550
-0.000571
-0.000590
-0.000609
-0.000627
-0.000644
-0.000660
-0.000675
-0.000689
-0.000703
-0.000716
-0.000728
-0.000739
-0.000750
-0.000760
-0.000770
-0.000779
-0.000788
-0.000796
-0.000804
-0.000812
-0.000820
-0.000827
-0.000834
-0.000842
-0.000849
-0.000856
-0.000864
-0.000871
-0.000879
-0.000887
-0.000895
-0.000903
-0.000912
-0.000921
-0.000930
-0.000940
-0.000950
-0.000960
-0.000970
-0.000981
-0.000992
-0.001003
-0.001014
-0.001025
-0.001036
-0.001047
-0.001058
-0.001069
-0.001079
-0.001089
-0.001099
-0.001108
-0.001116
-0.001124
-0.001131
-0.001137
-0.001143
-0.001147
-0.001151
-0.001154
-0.001156
-0.001157
-0.001157
-0.001156
-0.001155
-0.001153
-0.001150
-0.001147
-0.001143
-0.001139
-0.001134
-0.001129
-0.001124
-0.001119
-0.001114
-0.001109
-0.001104
-0.001100
-0.001096
-0.001092
-0.001089
-0.001086
-0.001084
-0.001082
-0.001081
-0.001080
-0.001080
-0.001081
-0.001082
-0.001083
-0.001085
-0.001087
-0.001090
-0.001092
-0.001095
-0.001098
-0.001101
-0.001105
-0.001108
-0.001111
-0.001114
-0.001117
-0.001120
-0.001122
-0.001125
-0.001127
-0.001129
-0.001131
-0.001133
-0.001135
-0.001137
-0.001138
-0.001139
-0.001141
-0.001142
-0.001143
-0.001144
-0.001145
-0.001145
-0.001146
-0.001146
-0.001146
-0.001145
-0.001144
-0.001143
-0.001141
-0.001138
-0.001134
-0.001130
-0.001124
-0.001118
-0.001110
-0.001101
-0.001091
-0.001079
-0.001066
-0.001052
-0.001036
-0.001019
-0.001001
-0.000981
-0.000961
-0.000939
-0.000916
-0.000893
-0.000869
-0.000844
-0.000819
-0.000794
-0.000769
-0.000745
-0.000720
-0.000696
-0.000673
-0.000651
-0.000629
-0.000609
-0.000589
-0.000570
-0.000553
-0.000537
-0.000521
-0.000507
-0.000493
-0.000480
-0.000467
-0.000455
-0.000444
-0.000433
-0.000422
-0.000411
-0.000400
-0.000389
-0.000378
-0.000367
-0.000356
-0.000345
-0.000334
-0.000323
-0.000312
-0.000302
-0.000292
-0.000283
-0.000274
-0.000266
-0.000259
-0.000253
-0.000248
-0.000244
-0.000242
-0.000241
-0.000242
-0.000244
-0.000247
-0.000252
-0.000258
-0.000265
-0.000274
-0.000284
-0.000295
-0.000306
-0.000319
-0.000333
-0.000347
-0.000361
-0.000376
-0.000392
-0.000407
-0.000422
-0.000438
-0.000453
-0.000467
-0.000482
-0.000495
-0.000509
-0.000521
-0.000534
-0.000545
-0.000556
-0.000566
-0.000575
-0.000584
-0.000592
-0.000600
-0.000607
-0.000613
-0.000619
-0.000624
-0.000629
-0.000633
-0.000637
-0.000640
-0.000642
-0.000644
-0.000646
-0.000647
-0.000648
-0.000648
-0.000648
-0.000647
-0.000645
-0.000643
-0.000640
-0.000636
-0.000632
-0.000626
-0.000621
-0.000614
-0.000607
-0.000599
-0.000590
-0.000581
-0.000571
-0.000560
-0.000549
-0.000538
-0.000526
-0.000514
-0.000501
-0.000489
-0.000476
-0.000463
-0.000450
-0.000437
-0.000424
-0.000410
-0.000397
-0.000384
-0.000370
-0.000357
-0.000343
-0.000330
-0.000316
-0.000302
-0.000288
-0.000273
-0.000259
-0.000244
-0.000229
-0.000214
-0.000199
-0.000183
-0.000168
-0.000153
-0.000137
-0.000123
-0.000108
-0.000094
-0.000080
-0.000066
-0.000054
-0.000042
-0.000030
-0.000019
-0.000009
0.000001
0.000010
0.000019
0.000028
0.000036
0.000044
0.000053
0.000061
0.000070
0.000079
0.000089
0.000099
0.000110
0.000122
0.000135
0.000148
0.000163
0.000179
0.000195
0.000212
0.000229
0.000247
0.000265
0.000283
0.000301
0.000318
0.000335
0.000351
0.000366
0.000380
0.000392
0.000402
0.000411
0.000418
0.000423
0.000425
0.000426
0.000425
0.000421
0.000416
0.000409
0.000400
0.000390
0.000378
0.000364
0.000350
0.000335
0.000319
0.000303
0.000286
0.000269
0.000252
0.000236
0.000219
0.000203
0.000187
0.000172
0.000158
0.000144
0.000131
0.000118
0.000106
0.000095
0.000085
0.000075
0.000066
0.000057
0.000049
0.000041
0.000034
0.000027
0.000020
0.000013
0.000007
0.000001
-0.000004
-0.000010
-0.000015
-0.000021
-0.000026
-0.000031
-0.000036
-0.000040
-0.000045
-0.000049
-0.000053
-0.000057
-0.000061
-0.000065
-0.000068
-0.000072
-0.000075
-0.000078
-0.000081
-0.000084
-0.000086
-0.000089
-0.000092
-0.000094
-0.000097
-0.000100
-0.000103
-0.000106
-0.000109
-0.000113
-0.000117
-0.000121
-0.000126
-0.000131
-0.000136
-0.000142
-0.000147
-0.000153
-0.000159
-0.000165
-0.000171
-0.000178
-0.000184
-0.000189
-0.000195
-0.000200
-0.000204
-0.000209
-0.000212
-0.000215
-0.000217
-0.000219
-0.000220
-0.000220
-0.000219
-0.000218
-0.000216
-0.000213
-0.000210
-0.000207
-0.000203
-0.000199
-0.000194
-0.000190
-0.000185
-0.000181
-0.000176
-0.000173
-0.000169
-0.000166
-0.000163
-0.000161
-0.000160
-0.000159
-0.000158
-0.000159
-0.000160
-0.000162
-0.000164
-0.000167
-0.000170
-0.000174
-0.000179
-0.000184
-0.000189
-0.000195
-0.000201
-0.000207
-0.000214
-0.000221
-0.000229
-0.000237
-0.000246
-0.000255
-0.000265
-0.000276
-0.000287
-0.000300
-0.000313
-0.000328
-0.000344
-0.000361
-0.000380
-0.000401
-0.000423
-0.000446
-0.000472
-0.000499
-0.000529
-0.000560
-0.000592
-0.000627
-0.000663
-0.000701
-0.000740
-0.000780
-0.000821
-0.000863
-0.000906
-0.000950
-0.000993
-0.001037
-0.001081
-0.001124
-0.001166
-0.001208
-0.001249
-0.001289
-0.001328
-0.001366
-0.001402
-0.001437
-0.001471
-0.001503
-0.001534
-0.001564
-0.001593
-0.001620
-0.001647
-0.001672
-0.001697
-0.001720
-0.001743
-0.001765
-0.001786
-0.001807
-0.001826
-0.001846
-0.001864
-0.001881
-0.001898
-0.001913
-0.001927
-0.001940
-0.001952
-0.001962
-0.001970
-0.001976
-0.001981
-0.001983
-0.001982
-0.001980
-0.001974
-0.001965
-0.001954
-0.001939
-0.001922
-0.001900
-0.001876
-0.001848
-0.001817
-0.001782
-0.001744
-0.001703
-0.001659
-0.001612
-0.001563
-0.001512
-0.001459
-0.001404
-0.001349
-0.001293
-0.001237
-0.001181
-0.001127
-0.001074
-0.001023
-0.000975
-0.000930
-0.000888
-0.000850
-0.000816
-0.000787
-0.000761
