-0.125249
0.028326
-0.031580
0.005400
0.002700
0.011942
-0.008907
-0.012704
0.028405
-0.038525
0.045871
-0.032266
0.015185
-0.012854
0.018523
-0.014835
0.006724
-0.009123
-0.000887
0.022775
-0.031396
0.027293
-0.016115
0.005534
0.002826
-0.001798
-0.005208
-0.002373
0.009213
-0.006686
0.005581
-0.006840
0.003690
-0.003179
0.009368
-0.000930
-0.023577
0.031647
-0.019485
0.008247
-0.012480
0.009066
0.007621
-0.017723
0.013538
0.000198
-0.006060
0.003043
-0.003186
-0.001654
0.008902
-0.005916
-0.001554
0.002133
-0.002003
-0.018458
0.078521
-0.113731
0.017215
0.114199
0.109428
-0.772764
1.740451
1.018433
0.503805
0.288021
0.275791
0.234174
0.114511
0.084428
0.055988
0.073336
0.156441
0.180477
-0.010967
0.054656
0.148894
0.116966
0.062846
0.079913
0.044398
0.107716
0.083455
0.053937
0.106556
0.041766
0.066227
0.120488
0.032801
0.047999
0.102737
0.090443
0.029076
0.083529
0.034336
0.083612
0.102385
0.035121
0.040902
0.069392
0.078289
0.050360
0.047813
0.051793
0.077189
0.051560
0.050505
0.044628
0.068235
0.050787
0.040534
0.057044
0.041118
0.057885
0.059656
0.036180
0.039995
0.054648
0.043368
0.051418
0.046199
0.029620
0.046944
0.043381
0.053359
0.035613
0.020418
0.071723
0.019184
0.043226
0.033754
0.041726
0.027635
0.052381
0.022506
0.040677
0.027485
0.044704
0.042378
0.019679
0.030794
0.042176
0.027810
0.025809
0.035956
0.030912
0.036214
0.036239
0.010848
0.031511
0.035908
0.014234
0.028666
0.032944
0.037910
-0.003935
0.050312
0.020739
0.019059
0.050483
0.007405
0.035881
0.021738
0.035668
0.006993
0.037739
0.010391
0.038571
0.020320
0.015947
0.028063
0.009149
0.028453
0.010048
0.026561
0.027344
0.005879
0.027163
0.018995
0.023697
0.013593
0.016700
0.025764
0.018206
0.020610
0.001486
0.039146
0.008739
0.030829
0.001522
0.027846
0.008330
0.019613
0.018204
0.020542
0.000862
0.022235
0.028396
0.007253
0.012823
0.015058
0.019264
0.016192
0.016709
0.006814
0.004528
0.019805
0.028697
-0.003580
0.014896
0.025886
0.008571
-0.001154
0.028624
0.000815
0.018034
0.006621
0.015165
0.011194
0.011357
0.016687
0.004487
0.012323
0.005222
0.013666
0.010904
0.006604
0.014141
0.002808
0.012513
0.014378
0.008883
0.013734
0.005710
-0.001483
0.034951
-0.012341
0.006132
0.025343
0.009833
-0.000983
0.001282
0.030750
0.000666
0.002699
0.008557
0.007932
0.012114
-0.000548
0.008451
0.023391
0.002156
-0.004285
0.018735
-0.010014
0.034287
-0.009947
-0.000017
0.022236
0.007530
0.005501
0.004121
0.006748
-0.000922
0.014400
0.003204
-0.002055
0.021107
0.003502
-0.005673
0.016844
0.009368
-0.001321
-0.001973
0.025094
-0.001363
-0.002638
0.006223
0.017715
0.003813
-0.014179
0.015807
0.013394
-0.007575
0.005875
-0.001042
0.014103
0.014991
-0.012090
0.003515
0.024872
-0.010363
-0.000318
0.010310
-0.001006
0.013907
-0.009164
0.012158
0.010947
-0.002641
0.001469
-0.002753
-0.001539
0.028710
-0.017263
-0.003647
0.017983
-0.003651
0.014292
-0.015143
0.017777
0.002848
-0.009652
0.012434
-0.000863
0.008327
-0.008973
0.010489
-0.003217
0.025095
-0.018238
-0.005351
0.021477
-0.001507
-0.006955
0.008893
0.001479
-0.002287
0.007971
-0.003330
0.012422
-0.005645
-0.008417
0.013449
-0.007650
0.029362
-0.014482
-0.016659
0.032263
-0.016626
0.000156
0.007647
0.001193
0.008753
-0.015736
0.006462
0.011002
-0.000606
-0.015977
0.019016
-0.003649
0.022683
-0.035699
0.013639
0.021673
-0.017134
0.001090
-0.001897
0.019411
-0.017744
0.001192
0.010464
-0.001173
-0.002296
0.011425
-0.019976
0.002613
0.018476
-0.010572
0.000001
0.006460
0.000310
-0.008990
0.004704
-0.006827
0.014191
-0.011323
0.002911
0.009908
-0.006360
0.000792
-0.001290
-0.006367
0.022711
-0.026994
0.007469
0.013131
-0.018008
0.008417
0.003492
-0.004228
-0.004740
0.003299
0.005349
0.003388
-0.018754
0.011049
0.005544
-0.018732
0.026605
-0.011431
-0.008776
0.021043
-0.015047
0.009933
-0.008161
0.012874
-0.000464
-0.018207
0.018497
-0.005580
0.003214
-0.011850
0.007681
-0.013286
0.031428
-0.027121
0.004974
-0.001884
0.004907
-0.006918
0.016484
-0.016690
0.004601
0.010461
-0.015595
0.004026
0.013162
-0.021975
0.006528
-0.002313
0.015429
-0.007334
-0.019416
0.046928
-0.041879
0.014611
-0.007685
0.009494
-0.003822
-0.002276
-0.004440
0.004036
-0.003835
0.001454
0.002020
-0.002528
-0.008534
0.007040
-0.001464
0.007657
-0.011521
-0.000466
0.007248
-0.005809
-0.010089
0.001762
0.009799
-0.001766
-0.009490
0.009654
-0.017658
0.002733
0.013707
-0.006881
0.000514
-0.010143
0.010106
-0.007932
-0.003361
0.005585
0.007040
-0.012640
0.001782
-0.003223
0.010612
-0.010900
0.005854
-0.019228
0.024499
-0.021540
-0.002843
0.017560
-0.013194
-0.000789
0.001608
0.000266
-0.006610
0.009202
-0.012138
0.006553
-0.003271
-0.000992
-0.012589
0.008399
0.013646
-0.018618
-0.008502
0.017671
-0.005409
-0.010365
0.001817
-0.000493
0.002347
-0.008071
-0.003923
0.019157
-0.020221
0.007040
-0.015908
0.014756
0.002434
-0.009810
-0.022523
0.036796
-0.014372
0.001058
-0.008320
0.002057
-0.002057
0.001813
-0.017205
0.021332
-0.015526
0.005381
-0.003305
-0.009706
0.019371
-0.022291
0.009383
-0.000797
0.004798
-0.018649
0.012539
-0.013438
0.018671
-0.013798
-0.012582
0.014252
0.002770
-0.005471
-0.010583
0.003152
0.013463
-0.003832
-0.019694
0.022229
-0.020624
0.004543
0.001882
-0.006951
0.005579
-0.006001
-0.004983
0.018867
-0.019726
0.001331
-0.020108
0.032637
-0.011116
-0.017017
0.013557
0.007715
-0.010068
-0.011084
0.004249
0.012542
-0.011338
-0.007338
0.019325
0.019461
0.006441
0.027836
-0.031402
-0.001937
0.011140
-0.004022
-0.004839
0.003346
0.002194
0.005754
-0.006898
0.009493
-0.004370
-0.001401
0.005130
0.014879
-0.015811
-0.002587
0.003948
-0.008775
0.017818
-0.009217
-0.018959
0.035506
-0.011476
-0.013612
0.019934
-0.021053
0.007526
0.005002
-0.010323
0.001927
0.004794
-0.007651
0.016242
-0.023118
0.020375
-0.010586
-0.010630
0.028665
-0.008396
-0.013461
0.018023
-0.004380
0.000234
0.016907
-0.015082
0.000832
0.009760
-0.004610
-0.000430
-0.000806
0.008462
-0.019942
0.015274
0.005933
-0.000466
-0.015732
0.008287
0.001677
0.008725
-0.012930
0.002039
0.004143
-0.003010
0.008324
-0.009104
-0.000731
0.011019
-0.002150
-0.014740
0.015340
-0.003935
-0.010633
0.007869
0.009990
-0.005992
-0.016450
0.014186
0.009404
-0.005488
-0.005677
-0.002683
-0.002564
0.016561
-0.013877
0.001240
0.008799
-0.005901
-0.003684
0.004937
-0.006472
0.003343
-0.004883
0.009719
0.003333
-0.009344
-0.004299
-0.005060
0.012479
0.005732
-0.018272
0.001388
0.009313
0.003956
-0.012472
0.004707
0.007622
-0.017436
0.009317
-0.006772
0.005076
0.000074
-0.002504
-0.012173
0.015664
-0.003973
0.011279
-0.026576
0.022191
-0.004200
0.005583
-0.018138
0.010303
0.002901
-0.015044
0.022008
-0.009624
0.006516
-0.003533
0.001806
-0.006218
0.014649
-0.016633
0.004598
0.007516
-0.000680
-0.008603
0.011025
-0.004488
-0.000351
-0.002195
0.000440
0.006398
0.005424
-0.017348
0.003206
0.006694
0.012433
-0.016424
-0.006980
0.023694
-0.024228
0.002698
0.015719
-0.012592
0.007016
-0.008648
0.013590
-0.003647
0.002659
-0.006578
0.008538
-0.002855
0.003850
-0.001180
0.000325
0.007135
-0.007592
0.000272
-0.000616
0.005858
-0.004442
0.000174
0.005687
-0.003682
0.008313
0.005927
-0.014592
0.001545
0.007600
0.001683
-0.020382
0.033477
-0.018448
-0.006820
0.007495
0.009813
-0.004024
-0.002626
-0.005615
0.016801
-0.007708
0.000672
-0.005697
0.001974
0.009499
-0.010339
-0.001043
0.010446
-0.002165
-0.009509
0.008180
0.002401
-0.004395
0.002108
-0.000631
0.002493
-0.001729
0.000625
-0.003609
-0.005779
0.023630
-0.018266
-0.000855
0.010856
-0.010926
0.002940
-0.001097
0.005354
0.008574
-0.014231
0.009606
-0.001722
0.001798
-0.003759
-0.004994
0.007566
0.015192
-0.028307
0.009724
0.012114
-0.021537
0.007326
0.008266
-0.009745
0.008727
-0.008491
0.001572
0.014266
-0.011342
0.008089
-0.012848
0.000443
0.015224
-0.020626
0.002336
0.034725
-0.021542
0.005549
-0.007412
0.013735
0.005188
-0.015658
0.012402
-0.006878
0.012288
-0.008814
0.000927
-0.006906
0.021099
-0.024551
0.019036
0.002926
-0.008247
-0.000431
0.007193
-0.007185
0.010096
-0.011918
0.010361
-0.002178
0.003839
-0.001025
-0.012644
0.013688
0.008345
-0.013868
-0.007042
0.017928
0.008939
-0.024196
0.009009
0.003107
0.002014
-0.005463
0.001357
0.002186
0.010766
-0.007501
0.000330
-0.010741
0.021563
-0.013958
0.003372
0.011907
-0.009368
-0.001943
-0.001729
0.012211
-0.010140
0.009317
-0.018898
0.021464
-0.015683
0.016260
-0.013118
0.000556
0.013157
-0.010478
-0.004501
0.007703
0.008823
-0.015870
0.008526
0.002769
-0.002982
-0.008094
0.016459
-0.020511
0.037433
-0.035318
0.006982
0.007489
0.004686
-0.011133
0.000985
0.013841
-0.009484
-0.006077
0.011695
0.003225
-0.002676
-0.010649
0.009856
0.005627
-0.009570
0.009185
-0.019567
0.011041
0.010651
-0.007289
0.001725
-0.004760
0.012195
-0.011690
0.010249
-0.005611
0.009861
-0.018813
0.016158
-0.007495
0.014204
-0.016929
0.004375
-0.003583
0.025398
-0.034965
0.023706
-0.002919
-0.006651
-0.000598
0.008716
-0.014711
0.012693
0.004328
-0.018015
0.019439
-0.002333
0.000985
-0.011776
0.006574
0.008415
-0.009654
-0.003428
0.019778
-0.012883
0.005723
-0.025644
0.032055
-0.010121
0.011018
-0.056271
0.104857
-0.080164
0.005811
0.005004
-0.004523
0.019363
-0.024808
0.012960
0.002423
0.003432
-0.021248
0.025980
-0.023580
0.015760
-0.012585
0.006054
-0.007225
0.001126
0.007405
-0.005280
-0.003897
0.009876
-0.003919
-0.007026
0.007646
-0.002564
-0.007271
0.007884
-0.006586
-0.000153
0.001933
-0.014687
0.021935
-0.010157
-0.001595
-0.001790
-0.000797
0.012698
-0.012149
0.003864
0.006666
-0.002044
-0.009140
-0.005434
0.020107
-0.017555
-0.000863
0.004520
-0.005350
0.014738
-0.014081
0.012596
-0.010885
0.005118
0.000049
-0.010674
0.008991
-0.002746
-0.012751
0.017953
-0.008409
-0.002085
-0.004268
0.017343
-0.030547
0.027527
-0.046756
0.148897
-0.288787
0.305689
