-0.000784
-0.000769
-0.000757
-0.000748
-0.000741
-0.000737
-0.000734
-0.000732
-0.000731
-0.000730
-0.000727
-0.000722
-0.000714
-0.000699
-0.000677
-0.000645
-0.000599
-0.000537
-0.000455
-0.000346
-0.000206
-0.000028
0.000195
0.000473
0.000815
0.001233
0.001740
0.002349
0.003075
0.003937
0.004951
0.006137
0.007515
0.009106
0.010931
0.013010
0.015365
0.018014
0.020976
0.024265
0.027894
0.031871
0.036202
0.040884
0.045912
0.051273
0.056949
0.062914
0.069136
0.075575
0.082187
0.088919
0.095714
0.102511
0.109246
0.115850
0.122256
0.128396
0.134204
0.139616
0.144575
0.149028
0.152931
0.156246
0.158946
0.161011
0.162434
0.163215
0.163366
0.162906
0.161865
0.160278
0.158188
0.155645
0.152700
0.149410
0.145830
0.142019
0.138032
0.133925
0.129749
0.125551
0.121375
0.117258
0.113235
0.109332
0.105573
0.101976
0.098552
0.095309
0.092253
0.089382
0.086695
0.084185
0.081846
0.079669
0.077642
0.075756
0.073999
0.072359
0.070826
0.069389
0.068038
0.066762
0.065554
0.064405
0.063309
0.062258
0.061249
0.060274
0.059332
0.058417
0.057526
0.056659
0.055811
0.054981
0.054168
0.053371
0.052588
0.051818
0.051062
0.050317
0.049585
0.048864
0.048154
0.047455
0.046766
0.046088
0.045420
0.044762
0.044114
0.043476
0.042847
0.042229
0.041620
0.041021
0.040431
0.039850
0.039279
0.038717
0.038165
0.037621
0.037086
0.036560
0.036042
0.035532
0.035031
0.034538
0.034052
0.033574
0.033104
0.032641
0.032185
0.031736
0.031294
0.030859
0.030431
0.030010
0.029595
0.029187
0.028786
0.028391
0.028003
0.027621
0.027246
0.026877
0.026514
0.026157
0.025806
0.025461
0.025121
0.024786
0.024456
0.024131
0.023810
0.023493
0.023181
0.022872
0.022566
0.022264
0.021965
0.021669
0.021375
0.021085
0.020797
0.020512
0.020229
0.019949
0.019672
0.019398
0.019127
0.018859
0.018594
0.018332
0.018074
0.017819
0.017568
0.017321
0.017078
0.016839
0.016604
0.016373
0.016146
0.015923
0.015705
0.015490
0.015280
0.015073
0.014871
0.014673
0.014478
0.014287
0.014100
0.013916
0.013735
0.013558
0.013383
0.013211
0.013042
0.012875
0.012710
0.012548
0.012387
0.012228
0.012070
0.011913
0.011757
0.011603
0.011448
0.011295
0.011141
0.010988
0.010835
0.010682
0.010528
0.010375
0.010221
0.010068
0.009914
0.009760
0.009605
0.009451
0.009298
0.009144
0.008991
0.008838
0.008686
0.008535
0.008385
0.008236
0.008088
0.007942
0.007798
0.007655
0.007514
0.007375
0.007239
0.007104
0.006972
0.006843
0.006716
0.006591
0.006469
0.006350
0.006234
0.006120
0.006009
0.005900
0.005794
0.005691
0.005591
0.005493
0.005397
0.005305
0.005214
0.005126
0.005040
0.004957
0.004875
0.004796
0.004719
0.004643
0.004570
0.004498
0.004428
0.004359
0.004292
0.004226
0.004161
0.004097
0.004035
0.003973
0.003911
0.003851
0.003791
0.003731
0.003671
0.003611
0.003551
0.003491
0.003431
0.003370
0.003309
0.003247
0.003185
0.003122
0.003058
0.002993
0.002927
0.002861
0.002794
0.002727
0.002659
0.002591
0.002522
0.002453
0.002384
0.002315
0.002247
0.002179
0.002111
0.002044
0.001978
0.001912
0.001848
0.001785
0.001723
0.001661
0.001602
0.001543
0.001485
0.001429
0.001374
0.001319
0.001266
0.001214
0.001163
0.001113
0.001064
0.001016
0.000969
0.000922
0.000876
0.000831
0.000787
0.000743
0.000701
0.000659
0.000617
0.000577
0.000537
0.000498
0.000460
0.000423
0.000386
0.000350
0.000315
0.000281
0.000247
0.000214
0.000181
0.000149
0.000117
0.000086
0.000056
0.000025
-0.000005
-0.000034
-0.000064
-0.000093
-0.000122
-0.000150
-0.000179
-0.000207
-0.000234
-0.000261
-0.000288
-0.000314
-0.000340
-0.000365
-0.000389
-0.000412
-0.000435
-0.000457
-0.000478
-0.000499
-0.000518
-0.000537
-0.000555
-0.000572
-0.000588
-0.000604
-0.000619
-0.000634
-0.000648
-0.000663
-0.000677
-0.000690
-0.000704
-0.000718
-0.000732
-0.000746
-0.000761
-0.000775
-0.000790
-0.000805
-0.000820
-0.000835
-0.000850
-0.000865
-0.000880
-0.000895
-0.000910
-0.000925
-0.000940
-0.000954
-0.000968
-0.000982
-0.000996
-0.001009
-0.001022
-0.001036
-0.001049
-0.001062
-0.001075
-0.001088
-0.001101
-0.001115
-0.001129
-0.001143
-0.001157
-0.001172
-0.001187
-0.001202
-0.001218
-0.001234
-0.001250
-0.001266
-0.001282
-0.001298
-0.001314
-0.001330
-0.001346
-0.001361
-0.001376
-0.001390
-0.001403
-0.001416
-0.001429
-0.001440
-0.001451
-0.001461
-0.001470
-0.001479
-0.001487
-0.001494
-0.001501
-0.001507
-0.001513
-0.001518
-0.001522
-0.001527
-0.001531
-0.001535
-0.001539
-0.001543
-0.001547
-0.001551
-0.001555
-0.001559
-0.001563
-0.001567
-0.001571
-0.001576
-0.001581
-0.001585
-0.001590
-0.001595
-0.001600
-0.001605
-0.001610
-0.001616
-0.001621
-0.001626
-0.001631
-0.001636
-0.001640
-0.001645
-0.001650
-0.001654
-0.001659
-0.001663
-0.001667
-0.001671
-0.001675
-0.001679
-0.001683
-0.001687
-0.001691
-0.001695
-0.001699
-0.001703
-0.001707
-0.001711
-0.001716
-0.001720
-0.001724
-0.001728
-0.001733
-0.001737
-0.001741
-0.001746
-0.001750
-0.001754
-0.001758
-0.001762
-0.001766
-0.001769
-0.001773
-0.001775
-0.001778
-0.001780
-0.001782
-0.001784
-0.001785
-0.001786
-0.001786
-0.001786
-0.001785
-0.001784
-0.001782
-0.001779
-0.001776
-0.001773
-0.001769
-0.001764
-0.001758
-0.001752
-0.001745
-0.001737
-0.001729
-0.001719
-0.001709
-0.001697
-0.001685
-0.001672
-0.001657
-0.001642
-0.001626
-0.001609
-0.001592
-0.001574
-0.001555
-0.001535
-0.001516
-0.001496
-0.001476
-0.001457
-0.001438
-0.001420
-0.001402
-0.001385
-0.001370
-0.001356
-0.001343
-0.001332
-0.001323
-0.001316
-0.001310
-0.001306
-0.001304
-0.001303
-0.001304
-0.001306
-0.001310
-0.001314
-0.001319
-0.001325
-0.001331
-0.001336
-0.001341
-0.001346
-0.001349
-0.001351
-0.001351
-0.001349
-0.001345
-0.001339
-0.001329
-0.001317
-0.001301
-0.001283
-0.001261
-0.001237
-0.001209
-0.001179
-0.001145
-0.001110
-0.001072
-0.001033
-0.000992
-0.000950
-0.000908
-0.000866
-0.000824
-0.000784
-0.000745
-0.000708
-0.000674
-0.000642
-0.000614
-0.000589
-0.000568
-0.000552
-0.000539
-0.000531
-0.000527
-0.000527
-0.000531
-0.000539
-0.000550
-0.000565
-0.000583
-0.000603
-0.000626
-0.000650
-0.000676
-0.000703
-0.000731
-0.000759
-0.000788
-0.000816
-0.000844
-0.000871
-0.000898
-0.000923
-0.000948
-0.000971
-0.000993
-0.001014
-0.001034
-0.001052
-0.001069
-0.001085
-0.001100
-0.001114
-0.001127
-0.001139
-0.001149
-0.001159
-0.001168
-0.001177
-0.001184
-0.001191
-0.001197
-0.001202
-0.001207
-0.001211
-0.001215
-0.001218
-0.001221
-0.001223
-0.001224
-0.001225
-0.001226
-0.001226
-0.001225
-0.001224
-0.001223
-0.001221
-0.001219
-0.001216
-0.001213
-0.001209
-0.001205
-0.001201
-0.001196
-0.001190
-0.001184
-0.001178
-0.001171
-0.001163
-0.001156
-0.001147
-0.001139
-0.001129
-0.001120
-0.001110
-0.001100
-0.001089
-0.001078
-0.001067
-0.001056
-0.001044
-0.001032
-0.001020
-0.001008
-0.000995
-0.000982
-0.000969
-0.000956
-0.000943
-0.000929
-0.000915
-0.000901
-0.000886
-0.000871
-0.000856
-0.000840
-0.000824
-0.000807
-0.000790
-0.000772
-0.000754
-0.000736
-0.000717
-0.000698
-0.000679
-0.000660
-0.000641
-0.000622
-0.000603
-0.000584
-0.000567
-0.000550
-0.000534
-0.000519
-0.000505
-0.000492
-0.000481
-0.000471
-0.000463
-0.000456
-0.000451
-0.000448
-0.000446
-0.000446
-0.000448
-0.000451
-0.000456
-0.000462
-0.000470
-0.000478
-0.000488
-0.000498
-0.000509
-0.000521
-0.000534
-0.000546
-0.000559
-0.000572
-0.000585
-0.000598
-0.000611
-0.000623
-0.000635
-0.000647
-0.000658
-0.000668
-0.000678
-0.000687
-0.000696
-0.000704
-0.000711
-0.000718
-0.000724
-0.000729
-0.000733
-0.000737
-0.000741
-0.000744
-0.000746
-0.000748
-0.000749
-0.000750
-0.000750
-0.000750
-0.000750
-0.000749
-0.000748
-0.000746
-0.000744
-0.000741
-0.000738
-0.000734
-0.000730
-0.000726
-0.000720
-0.000714
-0.000708
-0.000700
-0.000692
-0.000683
-0.000673
-0.000661
-0.000648
-0.000634
-0.000619
-0.000603
-0.000585
-0.000565
-0.000544
-0.000522
-0.000498
-0.000474
-0.000448
-0.000421
-0.000393
-0.000365
-0.000337
-0.000308
-0.000280
-0.000251
-0.000224
-0.000197
-0.000172
-0.000148
-0.000125
-0.000104
-0.000085
-0.000068
-0.000052
-0.000039
-0.000029
-0.000020
-0.000013
-0.000008
-0.000006
-0.000005
-0.000005
-0.000007
-0.000011
-0.000016
-0.000021
-0.000028
-0.000036
-0.000044
-0.000052
-0.000061
-0.000071
-0.000080
-0.000090
-0.000100
-0.000110
-0.000120
-0.000130
-0.000140
-0.000150
-0.000159
-0.000169
-0.000179
-0.000188
-0.000198
-0.000207
-0.000216
-0.000225
-0.000234
-0.000243
-0.000251
-0.000259
-0.000267
-0.000275
-0.000282
-0.000289
-0.000296
-0.000303
-0.000309
-0.000315
-0.000320
-0.000325
-0.000331
-0.000335
-0.000340
-0.000344
-0.000349
-0.000353
-0.000357
-0.000360
-0.000364
-0.000368
-0.000372
-0.000375
-0.000379
-0.000382
-0.000386
-0.000390
-0.000393
-0.000397
-0.000400
-0.000404
-0.000407
-0.000410
-0.000414
-0.000417
-0.000421
-0.000424
-0.000427
-0.000431
-0.000434
-0.000437
-0.000441
-0.000444
-0.000448
-0.000452
-0.000455
-0.000459
-0.000464
-0.000468
-0.000472
-0.000477
-0.000482
-0.000487
-0.000492
-0.000497
-0.000503
-0.000509
-0.000515
-0.000522
-0.000529
-0.000536
-0.000544
-0.000552
-0.000560
-0.000570
-0.000579
-0.000590
-0.000601
-0.000613
-0.000626
-0.000640
-0.000655
-0.000671
-0.000688
-0.000707
-0.000727
-0.000749
-0.000772
-0.000797
-0.000823
-0.000850
-0.000879
-0.000910
-0.000941
-0.000974
-0.001008
-0.001042
-0.001078
-0.001113
-0.001149
-0.001186
-0.001222
-0.001257
-0.001293
-0.001327
-0.001361
-0.001393
-0.001425
-0.001455
-0.001483
-0.001510
-0.001535
-0.001558
-0.001580
-0.001599
-0.001617
-0.001633
-0.001647
-0.001660
-0.001670
-0.001679
-0.001686
-0.001691
-0.001695
-0.001697
-0.001697
-0.001697
-0.001695
-0.001691
-0.001686
-0.001681
-0.001674
-0.001666
-0.001657
-0.001648
-0.001638
-0.001627
-0.001616
-0.001605
-0.001592
-0.001580
-0.001568
-0.001555
-0.001541
-0.001528
-0.001514
-0.001500
-0.001485
-0.001470
-0.001454
-0.001437
-0.001420
-0.001401
-0.001382
-0.001361
-0.001338
-0.001315
-0.001289
-0.001263
-0.001235
-0.001206
-0.001176
-0.001145
-0.001113
-0.001081
-0.001048
-0.001016
-0.000984
-0.000953
-0.000923
-0.000894
-0.000868
-0.000843
-0.000821
-0.000801
