0.003624
0.003187
0.002559
0.001853
0.001175
0.000606
0.000189
-0.000075
-0.000210
-0.000261
-0.000270
-0.000270
-0.000283
-0.000318
-0.000374
-0.000445
-0.000524
-0.000603
-0.000676
-0.000739
-0.000787
-0.000820
-0.000836
-0.000839
-0.000832
-0.000819
-0.000806
-0.000797
-0.000797
-0.000810
-0.000836
-0.000876
-0.000928
-0.000986
-0.001045
-0.001101
-0.001146
-0.001179
-0.001198
-0.001204
-0.001199
-0.001186
-0.001166
-0.001135
-0.001080
-0.000965
-0.000717
-0.000199
0.000836
0.002801
0.006344
0.012413
0.022293
0.037576
0.060025
0.091303
0.132576
0.184048
0.244531
0.311198
0.379646
0.444349
0.499446
0.539728
0.561576
0.563615
0.546904
0.514635
0.471423
0.422409
0.372395
0.325206
0.283371
0.248120
0.219609
0.197265
0.180128
0.167140
0.157327
0.149890
0.144223
0.139887
0.136566
0.134026
0.132084
0.130586
0.129396
0.128398
0.127495
0.126614
0.125698
0.124717
0.123654
0.122505
0.121275
0.119973
0.118606
0.117182
0.115703
0.114169
0.112582
0.110942
0.109255
0.107530
0.105786
0.104045
0.102334
0.100677
0.099098
0.097615
0.096234
0.094958
0.093778
0.092681
0.091649
0.090663
0.089705
0.088759
0.087816
0.086870
0.085917
0.084959
0.083995
0.083023
0.082038
0.081036
0.080013
0.078968
0.077903
0.076827
0.075751
0.074689
0.073653
0.072653
0.071692
0.070768
0.069870
0.068987
0.068107
0.067218
0.066316
0.065401
0.064478
0.063555
0.062641
0.061747
0.060880
0.060048
0.059257
0.058509
0.057805
0.057146
0.056525
0.055938
0.055378
0.054835
0.054304
0.053775
0.053245
0.052709
0.052163
0.051605
0.051035
0.050451
0.049854
0.049248
0.048636
0.048021
0.047408
0.046801
0.046203
0.045617
0.045045
0.044488
0.043948
0.043425
0.042916
0.042422
0.041942
0.041473
0.041013
0.040560
0.040114
0.039671
0.039231
0.038794
0.038360
0.037931
0.037508
0.037095
0.036693
0.036301
0.035917
0.035538
0.035156
0.034766
0.034361
0.033938
0.033498
0.033045
0.032589
0.032138
0.031706
0.031302
0.030932
0.030599
0.030302
0.030035
0.029791
0.029562
0.029339
0.029116
0.028888
0.028649
0.028398
0.028135
0.027861
0.027579
0.027292
0.027007
0.026727
0.026459
0.026206
0.025972
0.025758
0.025564
0.025386
0.025220
0.025059
0.024898
0.024730
0.024549
0.024350
0.024129
0.023884
0.023616
0.023328
0.023024
0.022711
0.022397
0.022091
0.021802
0.021540
0.021312
0.021123
0.020973
0.020856
0.020763
0.020681
0.020593
0.020486
0.020350
0.020179
0.019972
0.019733
0.019467
0.019186
0.018897
0.018612
0.018339
0.018084
0.017853
0.017646
0.017462
0.017298
0.017150
0.017015
0.016889
0.016771
0.016660
0.016554
0.016452
0.016351
0.016248
0.016138
0.016019
0.015886
0.015738
0.015573
0.015395
0.015205
0.015011
0.014818
0.014633
0.014460
0.014302
0.014156
0.014020
0.013887
0.013753
0.013614
0.013470
0.013322
0.013172
0.013026
0.012887
0.012757
0.012639
0.012532
0.012435
0.012346
0.012262
0.012184
0.012113
0.012051
0.011999
0.011960
0.011930
0.011904
0.011873
0.011827
0.011759
0.011664
0.011544
0.011403
0.011251
0.011096
0.010946
0.010808
0.010683
0.010572
0.010473
0.010386
0.010309
0.010243
0.010189
0.010145
0.010111
0.010082
0.010052
0.010017
0.009971
0.009913
0.009841
0.009756
0.009661
0.009559
0.009454
0.009350
0.009251
0.009162
0.009085
0.009021
0.008972
0.008935
0.008911
0.008894
0.008882
0.008870
0.008852
0.008824
0.008782
0.008723
0.008648
0.008557
0.008455
0.008345
0.008233
0.008122
0.008017
0.007920
0.007832
0.007751
0.007676
0.007603
0.007528
0.007449
0.007363
0.007271
0.007175
0.007080
0.006992
0.006920
0.006868
0.006840
0.006834
0.006846
0.006866
0.006885
0.006893
0.006884
0.006856
0.006809
0.006747
0.006673
0.006593
0.006507
0.006419
0.006328
0.006235
0.006142
0.006050
0.005963
0.005884
0.005815
0.005760
0.005718
0.005690
0.005676
0.005676
0.005689
0.005716
0.005760
0.005822
0.005901
0.005996
0.006100
0.006206
0.006302
0.006378
0.006426
0.006441
0.006424
0.006380
0.006316
0.006241
0.006164
0.006089
0.006018
0.005952
0.005889
0.005828
0.005766
0.005706
0.005650
0.005601
0.005562
0.005536
0.005526
0.005528
0.005541
0.005558
0.005573
0.005581
0.005576
0.005554
0.005516
0.005463
0.005399
0.005328
0.005257
0.005191
0.005133
0.005084
0.005046
0.005015
0.004987
0.004959
0.004926
0.004887
0.004841
0.004788
0.004733
0.004678
0.004630
0.004590
0.004562
0.004547
0.004542
0.004542
0.004542
0.004537
0.004521
0.004493
0.004453
0.004406
0.004357
0.004312
0.004280
0.004263
0.004265
0.004283
0.004312
0.004346
0.004376
0.004394
0.004397
0.004382
0.004352
0.004309
0.004259
0.004209
0.004163
0.004128
0.004108
0.004108
0.004128
0.004165
0.004216
0.004273
0.004326
0.004368
0.004391
0.004390
0.004363
0.004311
0.004240
0.004156
0.004068
0.003984
0.003911
0.003853
0.003814
0.003792
0.003786
0.003793
0.003808
0.003828
0.003849
0.003869
0.003884
0.003892
0.003892
0.003883
0.003867
0.003848
0.003829
0.003818
0.003821
0.003842
0.003886
0.003954
0.004043
0.004148
0.004261
0.004374
0.004475
0.004555
0.004606
0.004623
0.004606
0.004556
0.004480
0.004386
0.004284
0.004181
0.004085
0.004001
0.003930
0.003873
0.003832
0.003804
0.003789
0.003786
0.003793
0.003807
0.003825
0.003843
0.003857
0.003864
0.003861
0.003848
0.003825
0.003797
0.003766
0.003738
0.003715
0.003700
0.003692
0.003688
0.003684
0.003678
0.003665
0.003646
0.003622
0.003598
0.003576
0.003561
0.003557
0.003564
0.003583
0.003611
0.003645
0.003682
0.003719
0.003750
0.003772
0.003783
0.003781
0.003767
0.003744
0.003715
0.003684
0.003656
0.003632
0.003615
0.003606
0.003604
0.003609
0.003617
0.003626
0.003633
0.003636
0.003632
0.003625
0.003617
0.003612
0.003613
0.003621
0.003635
0.003652
0.003667
0.003676
0.003677
0.003669
0.003654
0.003635
0.003616
0.003600
0.003588
0.003583
0.003582
0.003585
0.003586
0.003585
0.003577
0.003562
0.003537
0.003504
0.003466
0.003426
0.003388
0.003357
0.003336
0.003328
0.003335
0.003355
0.003389
0.003432
0.003481
0.003530
0.003575
0.003610
0.003634
0.003645
0.003645
0.003637
0.003626
0.003613
0.003600
0.003586
0.003572
0.003556
0.003537
0.003516
0.003494
0.003473
0.003454
0.003437
0.003419
0.003401
0.003379
0.003355
0.003327
0.003296
0.003262
0.003227
0.003192
0.003159
0.003133
0.003118
0.003119
0.003138
0.003174
0.003224
0.003282
0.003339
0.003388
0.003424
0.003442
0.003443
0.003427
0.003398
0.003361
0.003319
0.003277
0.003238
0.003204
0.003176
0.003153
0.003136
0.003126
0.003122
0.003125
0.003137
0.003156
0.003183
0.003214
0.003246
0.003279
0.003309
0.003337
0.003364
0.003388
0.003410
0.003427
0.003436
0.003435
0.003422
0.003397
0.003362
0.003322
0.003282
0.003247
0.003221
0.003205
0.003199
0.003202
0.003212
0.003227
0.003246
0.003269
0.003296
0.003326
0.003362
0.003402
0.003448
0.003497
0.003549
0.003599
0.003645
0.003683
0.003710
0.003723
0.003724
0.003714
0.003696
0.003673
0.003647
0.003620
0.003593
0.003567
0.003541
0.003517
0.003494
0.003473
0.003453
0.003435
0.003416
0.003396
0.003375
0.003350
0.003323
0.003295
0.003266
0.003239
0.003215
0.003199
0.003192
0.003198
0.003217
0.003248
0.003290
0.003339
0.003388
0.003434
0.003471
0.003496
0.003507
0.003503
0.003487
0.003461
0.003428
0.003391
0.003354
0.003319
0.003288
0.003260
0.003235
0.003212
0.003190
0.003166
0.003141
0.003117
0.003095
0.003079
0.003071
0.003071
0.003081
0.003096
0.003114
0.003130
0.003140
0.003141
0.003131
0.003111
0.003084
0.003054
0.003024
0.002998
0.002978
0.002965
0.002959
0.002956
0.002954
0.002951
0.002943
0.002929
0.002908
0.002881
0.002851
0.002820
0.002793
0.002773
0.002764
0.002768
0.002785
0.002812
0.002845
0.002879
0.002909
0.002930
0.002942
0.002943
0.002936
0.002923
0.002908
0.002894
0.002880
0.002868
0.002856
0.002843
0.002827
0.002810
0.002790
0.002769
0.002747
0.002727
0.002708
0.002690
0.002671
0.002650
0.002625
0.002598
0.002568
0.002539
0.002513
0.002493
0.002481
0.002478
0.002482
0.002491
0.002501
0.002510
0.002516
0.002517
0.002516
0.002512
0.002508
0.002504
0.002499
0.002493
0.002485
0.002475
0.002463
0.002452
0.002443
0.002440
0.002444
0.002455
0.002472
0.002492
0.002513
0.002532
0.002546
0.002555
0.002560
0.002563
0.002566
0.002573
0.002585
0.002605
0.002633
0.002670
0.002716
0.002770
0.002830
0.002890
0.002946
0.002990
0.003016
0.003022
0.003005
0.002968
0.002915
0.002852
0.002785
0.002717
0.002652
0.002590
0.002530
0.002472
0.002417
0.002366
0.002321
0.002283
0.002253
0.002230
0.002212
0.002195
0.002176
0.002155
0.002131
0.002103
0.002072
0.002042
0.002012
0.001983
0.001957
0.001934
0.001915
0.001901
0.001893
0.001892
0.001900
0.001916
0.001939
0.001968
0.001999
0.002030
0.002060
0.002088
0.002117
0.002149
0.002188
0.002237
0.002297
0.002363
0.002433
0.002497
0.002548
0.002579
0.002585
0.002564
0.002515
0.002441
0.002346
0.002234
0.002111
0.001983
0.001856
0.001737
0.001630
0.001536
0.001455
0.001383
0.001315
0.001241
0.001152
0.001038
0.000893
0.000714
0.000505
0.000277
0.000048
-0.000162
-0.000332
-0.000449
-0.000507
-0.000510
-0.000472
-0.000409
-0.000340
-0.000279
-0.000238
-0.000218
-0.000220
-0.000240
-0.000273
-0.000316
-0.000364
-0.000416
-0.000470
-0.000526
-0.000583
-0.000639
-0.000696
-0.000751
-0.000804
-0.000854
-0.000900
-0.000943
-0.000981
-0.001015
-0.001048
-0.001081
-0.001117
-0.001159
-0.001207
-0.001261
-0.001320
-0.001382
-0.001444
-0.001505
-0.001564
-0.001619
-0.001672
-0.001723
-0.001773
-0.001824
-0.001877
-0.001934
-0.001996
-0.002065
-0.002138
-0.002216
-0.002293
-0.002366
-0.002427
-0.002469
-0.002481
-0.002449
-0.002356
-0.002176
-0.001885
-0.001457
-0.000877
-0.000148
0.000697
0.001593
0.002448
0.003157
0.003623
0.003783
