0.003132
0.002730
0.002160
0.001522
0.000915
0.000410
0.000046
-0.000179
-0.000288
-0.000322
-0.000320
-0.000311
-0.000314
-0.000334
-0.000369
-0.000411
-0.000454
-0.000491
-0.000520
-0.000540
-0.000553
-0.000562
-0.000570
-0.000579
-0.000591
-0.000605
-0.000622
-0.000641
-0.000660
-0.000679
-0.000698
-0.000719
-0.000741
-0.000765
-0.000789
-0.000814
-0.000836
-0.000855
-0.000869
-0.000877
-0.000881
-0.000880
-0.000872
-0.000852
-0.000803
-0.000688
-0.000434
0.000100
0.001163
0.003170
0.006768
0.012893
0.022797
0.037999
0.060125
0.090620
0.130335
0.179077
0.235231
0.295597
0.355583
0.409779
0.452839
0.480478
0.490319
0.482351
0.458871
0.423932
0.382464
0.339323
0.298506
0.262698
0.233173
0.210008
0.192458
0.179369
0.169528
0.161886
0.155660
0.150343
0.145647
0.141435
0.137649
0.134264
0.131254
0.128584
0.126203
0.124055
0.122082
0.120229
0.118451
0.116714
0.115001
0.113305
0.111630
0.109989
0.108397
0.106866
0.105404
0.104011
0.102679
0.101393
0.100133
0.098882
0.097625
0.096354
0.095070
0.093780
0.092498
0.091237
0.090011
0.088824
0.087678
0.086565
0.085477
0.084401
0.083330
0.082257
0.081180
0.080103
0.079030
0.077967
0.076920
0.075891
0.074880
0.073883
0.072893
0.071905
0.070913
0.069916
0.068918
0.067926
0.066947
0.065988
0.065052
0.064135
0.063233
0.062341
0.061457
0.060588
0.059746
0.058949
0.058212
0.057546
0.056951
0.056414
0.055915
0.055430
0.054936
0.054416
0.053860
0.053271
0.052657
0.052030
0.051404
0.050790
0.050194
0.049617
0.049054
0.048498
0.047940
0.047373
0.046789
0.046189
0.045573
0.044947
0.044317
0.043688
0.043064
0.042447
0.041836
0.041229
0.040626
0.040026
0.039430
0.038843
0.038268
0.037709
0.037171
0.036657
0.036168
0.035707
0.035271
0.034858
0.034464
0.034085
0.033715
0.033348
0.032979
0.032604
0.032220
0.031828
0.031430
0.031030
0.030639
0.030264
0.029917
0.029604
0.029331
0.029097
0.028896
0.028719
0.028551
0.028377
0.028182
0.027954
0.027685
0.027373
0.027021
0.026637
0.026233
0.025823
0.025418
0.025030
0.024663
0.024320
0.023999
0.023695
0.023406
0.023125
0.022849
0.022576
0.022306
0.022039
0.021776
0.021520
0.021274
0.021043
0.020829
0.020633
0.020454
0.020288
0.020129
0.019970
0.019808
0.019638
0.019459
0.019272
0.019079
0.018883
0.018686
0.018492
0.018303
0.018121
0.017947
0.017781
0.017622
0.017469
0.017318
0.017166
0.017014
0.016859
0.016701
0.016540
0.016375
0.016207
0.016034
0.015855
0.015671
0.015482
0.015291
0.015101
0.014917
0.014742
0.014578
0.014426
0.014285
0.014152
0.014024
0.013898
0.013771
0.013640
0.013507
0.013370
0.013233
0.013095
0.012957
0.012820
0.012684
0.012549
0.012416
0.012285
0.012156
0.012030
0.011906
0.011782
0.011656
0.011526
0.011391
0.011251
0.011109
0.010968
0.010834
0.010710
0.010599
0.010503
0.010421
0.010353
0.010296
0.010248
0.010205
0.010163
0.010118
0.010066
0.010002
0.009924
0.009835
0.009736
0.009632
0.009526
0.009420
0.009314
0.009205
0.009091
0.008969
0.008838
0.008701
0.008559
0.008418
0.008281
0.008151
0.008029
0.007914
0.007803
0.007695
0.007587
0.007477
0.007365
0.007251
0.007138
0.007027
0.006922
0.006824
0.006735
0.006654
0.006581
0.006514
0.006451
0.006390
0.006331
0.006272
0.006215
0.006159
0.006107
0.006060
0.006018
0.005981
0.005948
0.005916
0.005878
0.005831
0.005770
0.005692
0.005599
0.005493
0.005381
0.005269
0.005163
0.005069
0.004988
0.004921
0.004864
0.004816
0.004773
0.004733
0.004694
0.004656
0.004618
0.004577
0.004535
0.004489
0.004440
0.004389
0.004338
0.004289
0.004246
0.004210
0.004180
0.004157
0.004139
0.004125
0.004111
0.004098
0.004085
0.004069
0.004052
0.004031
0.004008
0.003983
0.003958
0.003934
0.003913
0.003895
0.003878
0.003860
0.003839
0.003810
0.003772
0.003723
0.003663
0.003596
0.003526
0.003460
0.003403
0.003360
0.003334
0.003324
0.003325
0.003332
0.003338
0.003335
0.003319
0.003288
0.003243
0.003185
0.003118
0.003048
0.002979
0.002915
0.002858
0.002813
0.002780
0.002762
0.002759
0.002770
0.002792
0.002823
0.002858
0.002891
0.002917
0.002930
0.002928
0.002908
0.002871
0.002822
0.002767
0.002710
0.002658
0.002615
0.002584
0.002563
0.002550
0.002542
0.002534
0.002523
0.002506
0.002482
0.002452
0.002416
0.002378
0.002341
0.002307
0.002279
0.002256
0.002236
0.002219
0.002201
0.002182
0.002162
0.002144
0.002129
0.002119
0.002115
0.002116
0.002121
0.002128
0.002136
0.002145
0.002155
0.002167
0.002184
0.002205
0.002230
0.002255
0.002277
0.002292
0.002298
0.002292
0.002274
0.002246
0.002208
0.002165
0.002121
0.002079
0.002043
0.002017
0.002002
0.001996
0.001996
0.002000
0.002003
0.002003
0.001998
0.001989
0.001974
0.001954
0.001929
0.001899
0.001866
0.001834
0.001803
0.001779
0.001763
0.001756
0.001759
0.001767
0.001779
0.001791
0.001800
0.001804
0.001802
0.001794
0.001783
0.001771
0.001761
0.001755
0.001755
0.001759
0.001765
0.001771
0.001776
0.001777
0.001776
0.001774
0.001772
0.001774
0.001780
0.001791
0.001805
0.001822
0.001841
0.001860
0.001878
0.001891
0.001898
0.001897
0.001885
0.001863
0.001834
0.001802
0.001771
0.001748
0.001735
0.001734
0.001745
0.001764
0.001788
0.001813
0.001837
0.001860
0.001884
0.001910
0.001942
0.001979
0.002022
0.002068
0.002113
0.002152
0.002180
0.002197
0.002199
0.002189
0.002169
0.002140
0.002106
0.002068
0.002027
0.001984
0.001938
0.001890
0.001840
0.001792
0.001746
0.001707
0.001677
0.001656
0.001645
0.001643
0.001648
0.001660
0.001678
0.001701
0.001731
0.001768
0.001815
0.001869
0.001928
0.001989
0.002046
0.002093
0.002125
0.002140
0.002135
0.002113
0.002077
0.002032
0.001983
0.001935
0.001892
0.001855
0.001823
0.001795
0.001767
0.001739
0.001710
0.001680
0.001652
0.001628
0.001611
0.001604
0.001608
0.001622
0.001646
0.001675
0.001709
0.001743
0.001775
0.001804
0.001828
0.001848
0.001862
0.001872
0.001876
0.001873
0.001864
0.001850
0.001831
0.001810
0.001789
0.001771
0.001757
0.001745
0.001736
0.001728
0.001718
0.001708
0.001697
0.001686
0.001679
0.001675
0.001676
0.001681
0.001688
0.001697
0.001706
0.001715
0.001724
0.001732
0.001741
0.001751
0.001761
0.001771
0.001779
0.001785
0.001787
0.001784
0.001775
0.001761
0.001745
0.001729
0.001717
0.001713
0.001717
0.001731
0.001751
0.001774
0.001797
0.001816
0.001827
0.001830
0.001825
0.001814
0.001800
0.001787
0.001778
0.001774
0.001777
0.001786
0.001800
0.001816
0.001834
0.001852
0.001872
0.001897
0.001930
0.001974
0.002031
0.002101
0.002180
0.002264
0.002344
0.002412
0.002461
0.002484
0.002480
0.002449
0.002395
0.002326
0.002250
0.002176
0.002111
0.002060
0.002024
0.002004
0.001995
0.001995
0.002001
0.002009
0.002019
0.002029
0.002037
0.002044
0.002049
0.002050
0.002048
0.002041
0.002032
0.002019
0.002005
0.001988
0.001970
0.001948
0.001925
0.001900
0.001874
0.001851
0.001833
0.001821
0.001816
0.001816
0.001819
0.001823
0.001826
0.001824
0.001819
0.001812
0.001804
0.001798
0.001797
0.001803
0.001814
0.001828
0.001840
0.001845
0.001839
0.001819
0.001787
0.001746
0.001704
0.001665
0.001636
0.001619
0.001616
0.001624
0.001639
0.001657
0.001675
0.001689
0.001697
0.001699
0.001694
0.001683
0.001667
0.001647
0.001625
0.001603
0.001584
0.001572
0.001567
0.001572
0.001587
0.001611
0.001642
0.001676
0.001708
0.001735
0.001754
0.001765
0.001767
0.001764
0.001761
0.001760
0.001764
0.001774
0.001790
0.001810
0.001831
0.001852
0.001871
0.001887
0.001899
0.001905
0.001904
0.001895
0.001877
0.001852
0.001822
0.001789
0.001757
0.001728
0.001704
0.001683
0.001666
0.001651
0.001636
0.001622
0.001607
0.001591
0.001576
0.001560
0.001543
0.001524
0.001504
0.001482
0.001458
0.001435
0.001414
0.001396
0.001385
0.001380
0.001384
0.001394
0.001410
0.001431
0.001456
0.001486
0.001525
0.001576
0.001644
0.001733
0.001841
0.001963
0.002090
0.002212
0.002314
0.002385
0.002419
0.002412
0.002368
0.002295
0.002201
0.002097
0.001992
0.001895
0.001809
0.001738
0.001683
0.001644
0.001621
0.001611
0.001614
0.001628
0.001650
0.001677
0.001706
0.001733
0.001751
0.001759
0.001753
0.001732
0.001697
0.001653
0.001603
0.001553
0.001508
0.001470
0.001441
0.001423
0.001413
0.001412
0.001415
0.001421
0.001427
0.001433
0.001436
0.001436
0.001433
0.001429
0.001423
0.001415
0.001407
0.001400
0.001393
0.001391
0.001393
0.001402
0.001419
0.001442
0.001468
0.001496
0.001520
0.001539
0.001548
0.001547
0.001536
0.001514
0.001483
0.001443
0.001399
0.001353
0.001308
0.001269
0.001237
0.001215
0.001203
0.001198
0.001197
0.001198
0.001197
0.001192
0.001180
0.001164
0.001143
0.001122
0.001104
0.001093
0.001093
0.001104
0.001127
0.001159
0.001196
0.001234
0.001267
0.001291
0.001305
0.001306
0.001295
0.001275
0.001248
0.001217
0.001186
0.001156
0.001131
0.001109
0.001091
0.001076
0.001060
0.001044
0.001028
0.001011
0.000995
0.000980
0.000965
0.000949
0.000929
0.000901
0.000858
0.000794
0.000703
0.000580
0.000424
0.000238
0.000032
-0.000179
-0.000374
-0.000535
-0.000646
-0.000701
-0.000704
-0.000669
-0.000614
-0.000558
-0.000518
-0.000504
-0.000517
-0.000554
-0.000607
-0.000669
-0.000731
-0.000790
-0.000842
-0.000885
-0.000921
-0.000950
-0.000973
-0.000991
-0.001006
-0.001018
-0.001027
-0.001032
-0.001035
-0.001034
-0.001034
-0.001035
-0.001042
-0.001058
-0.001084
-0.001123
-0.001172
-0.001231
-0.001296
-0.001365
-0.001435
-0.001505
-0.001574
-0.001641
-0.001707
-0.001771
-0.001835
-0.001900
-0.001965
-0.002031
-0.002098
-0.002165
-0.002230
-0.002290
-0.002342
-0.002384
-0.002410
-0.002418
-0.002401
-0.002348
-0.002244
-0.002069
-0.001797
-0.001406
-0.000881
-0.000224
0.000537
0.001342
0.002108
0.002740
0.003152
0.003286
