-0.239576
0.042987
-0.052041
-0.007217
0.036598
-0.008087
-0.005663
-0.023330
0.037208
-0.045635
0.069976
-0.055817
-0.002810
0.032898
-0.010132
-0.019798
0.012978
-0.007089
0.013859
-0.003925
-0.017022
0.017333
-0.011517
-0.009539
0.026272
-0.025336
0.018512
-0.010107
0.001035
-0.002946
-0.000792
0.000850
-0.000403
0.000300
0.002210
0.000682
-0.017062
0.018200
-0.013068
0.011108
-0.019396
0.013931
-0.002736
-0.002053
-0.007938
0.016176
-0.012354
0.003176
0.001331
-0.013085
0.019501
-0.022637
0.018066
-0.012016
0.004271
-0.024651
0.101306
-0.161397
0.045433
0.140447
0.128643
-1.035072
2.063176
1.240152
0.548540
0.517726
0.218262
0.212693
0.121393
0.050787
0.032326
0.150360
0.094796
0.237632
-0.043545
0.163594
0.101207
0.099310
0.130883
0.058859
0.084251
0.062436
0.150177
0.026196
0.117197
0.051981
0.092541
0.133035
0.021125
0.067793
0.114484
0.087516
0.038697
0.091469
0.058619
0.066371
0.111851
0.028397
0.071852
0.061681
0.093349
0.054059
0.053935
0.058557
0.074199
0.060067
0.034519
0.075935
0.064037
0.044406
0.052182
0.076290
0.041540
0.048264
0.066574
0.043603
0.042747
0.065668
0.031197
0.061803
0.057103
0.040668
0.044160
0.059125
0.049624
0.034582
0.030679
0.066754
0.041614
0.038004
0.036641
0.042210
0.044729
0.054014
0.027743
0.034727
0.050250
0.027423
0.050836
0.032397
0.030237
0.054747
0.011909
0.058012
0.029872
0.037907
0.009496
0.058112
0.030789
0.033312
0.030443
0.032386
0.034911
0.023510
0.043039
0.020886
0.033634
0.015595
0.047879
0.025185
0.013402
0.026305
0.035989
0.029209
0.025073
0.028161
0.008773
0.043960
0.018405
0.018071
0.035954
0.021848
0.024286
0.016022
0.006824
0.060361
-0.001861
0.024864
0.032228
0.034366
-0.010654
0.050246
0.007416
0.016582
0.024265
0.013174
0.038004
0.008047
0.022693
0.009444
0.025719
0.025875
0.010848
0.013372
0.026183
0.017796
0.003848
0.032830
0.004158
0.027557
0.004094
0.025827
0.010954
0.023398
0.011946
0.015897
0.021741
0.017191
0.000775
0.004847
0.039391
0.002778
0.013336
0.012991
0.014087
0.015654
0.018724
-0.003511
0.024375
0.012791
0.017503
-0.006771
0.027170
0.016976
0.009111
0.011648
0.026756
-0.000492
0.009978
0.013803
0.017157
0.010303
0.003225
0.013279
0.012399
0.003823
0.025936
-0.005893
0.006501
0.020210
0.010843
-0.010102
0.045058
-0.015559
0.015834
0.005676
0.008775
0.015730
-0.006082
-0.000247
0.042334
-0.008858
0.003905
0.014715
0.004528
0.017258
-0.002869
0.008466
0.023440
0.002238
-0.009853
0.029058
-0.010853
0.016015
0.007019
0.003109
0.010581
0.011494
0.004015
0.004743
-0.003907
0.030107
-0.003563
-0.013327
0.023603
0.017478
-0.010886
0.004989
0.009763
0.006845
0.011677
-0.015550
0.024566
0.001193
0.003280
-0.003022
0.009955
0.008026
-0.001665
-0.003264
0.023489
0.005850
-0.010393
0.007694
0.000862
0.017166
-0.005748
0.001083
0.008193
0.000184
0.016862
-0.006151
-0.005926
0.021974
-0.014881
0.017021
0.014994
-0.007789
-0.002385
0.008193
0.006348
-0.002414
0.005054
-0.006859
0.023527
-0.006264
0.012983
-0.005614
-0.001693
0.007402
0.005146
-0.008559
0.026437
-0.008497
0.000656
0.005900
-0.010194
0.015389
0.000999
-0.007813
0.010038
0.012892
-0.011393
-0.004299
0.013778
-0.000521
-0.001672
-0.010866
0.030209
-0.022733
-0.002828
0.014678
0.002605
-0.005802
0.010095
-0.004241
0.003377
0.015396
-0.028723
0.024099
-0.009063
0.023311
-0.020376
-0.008583
0.036097
-0.021798
0.011395
-0.007048
0.006364
0.000304
-0.010677
0.018229
-0.002989
0.004446
-0.004433
0.009242
-0.008524
0.011845
-0.008366
-0.002165
0.019267
-0.009651
-0.004072
0.003995
-0.004000
0.009551
-0.003078
-0.007049
0.013506
-0.000097
-0.012240
0.012603
-0.006936
0.003700
0.007572
-0.023441
0.032643
-0.014668
-0.006414
0.017604
-0.001532
0.000724
-0.002042
0.001810
0.008614
-0.001288
-0.003326
-0.008960
0.004772
0.016546
-0.007824
-0.019610
0.026674
-0.003939
-0.009878
0.008284
-0.006304
0.012341
-0.010387
0.012331
-0.010405
0.002278
0.012524
-0.020602
0.006083
0.007932
-0.007730
-0.007409
0.028714
-0.020471
-0.002085
0.004017
0.006022
0.005061
-0.015911
0.002555
0.008559
0.001708
-0.013736
0.010090
-0.014061
0.025351
-0.008125
-0.022211
0.023797
-0.000691
-0.006116
-0.004127
-0.003600
0.010619
0.003856
-0.020406
0.026687
-0.021416
0.001492
0.006625
-0.001994
0.016245
-0.032745
0.007213
0.020086
-0.005977
-0.008227
0.003547
-0.001458
0.003793
0.002453
-0.020412
0.010686
0.002604
0.005485
-0.004571
-0.022813
0.024474
0.007339
-0.026253
0.014962
0.004273
-0.013534
-0.000496
0.001065
0.003150
-0.003210
0.006302
-0.003545
0.002785
-0.002889
-0.002637
-0.009346
0.015932
-0.019308
0.009474
0.007680
-0.011123
0.007592
-0.012426
0.005461
-0.009865
0.003703
-0.006670
0.022496
-0.003770
-0.019787
0.003877
0.001800
0.020159
-0.029073
0.000457
0.012311
-0.001950
-0.011289
0.003109
0.004085
0.003800
-0.006273
-0.006695
0.009719
-0.009694
0.016314
-0.023733
0.006416
0.007400
-0.004206
-0.003630
0.006981
0.001369
-0.021954
0.015451
-0.007025
0.009197
-0.012298
0.008401
-0.006488
-0.001053
-0.005834
0.006970
0.000587
0.001051
-0.014281
0.007043
0.012787
-0.025061
0.015195
-0.002956
-0.006352
0.006802
-0.006153
-0.001480
0.000543
-0.000099
0.005754
-0.007883
0.006408
-0.001385
-0.012652
-0.008151
0.025898
-0.018903
-0.002542
0.009437
0.003281
-0.013263
0.009059
-0.018512
0.009887
0.008132
-0.003695
-0.006290
-0.001317
-0.001224
0.007789
-0.022592
0.016101
0.005421
-0.014772
0.017349
-0.012632
0.018901
-0.006730
-0.003081
0.003302
-0.008861
0.019074
-0.016776
0.011420
0.001182
-0.008884
-0.010292
0.016548
0.004049
-0.023072
0.007109
0.005873
0.011096
-0.019712
0.001897
0.001485
0.002685
-0.004579
0.006059
-0.012515
0.011061
-0.008057
-0.004335
0.021211
-0.021770
0.002536
-0.001412
0.008140
-0.010497
-0.000972
-0.001575
0.015674
-0.007959
-0.000833
0.000345
-0.005877
0.014894
-0.016459
-0.009675
0.026036
-0.004424
-0.014896
0.011220
-0.002027
-0.005227
0.007073
-0.011432
0.016860
-0.005136
0.006454
-0.022242
0.008241
0.015767
-0.015070
-0.017626
0.037087
0.004032
-0.028378
0.028228
-0.015507
0.006981
-0.000949
-0.000901
0.003464
-0.004442
0.003930
-0.009063
0.004458
0.011112
-0.009408
-0.011625
0.025273
-0.006729
-0.012475
0.004179
-0.002525
0.006520
-0.015327
0.017568
0.000044
-0.010535
0.009629
-0.002601
-0.015918
0.022242
-0.008778
-0.006845
0.017152
-0.014345
0.004796
-0.006655
0.005945
-0.001824
-0.000436
-0.004511
0.015117
-0.017185
0.001540
0.000655
0.002799
0.009312
-0.003922
-0.015207
0.017359
-0.007909
-0.010658
0.008785
-0.005924
-0.000269
0.015411
-0.017779
0.015294
-0.010906
0.010229
-0.022455
0.008256
0.012245
-0.004974
-0.017709
0.029886
-0.017125
-0.005714
0.005260
0.003133
-0.010789
0.006057
0.001132
0.006298
-0.009566
0.007607
-0.013842
0.014546
-0.014151
0.008006
-0.004359
0.010813
0.008791
-0.020465
0.009582
-0.001428
0.003585
-0.009476
0.011429
-0.002172
-0.002050
0.006857
-0.017372
-0.002768
0.027823
-0.015707
-0.005146
0.010869
-0.000040
-0.017887
0.013400
-0.009524
0.020207
-0.014398
0.013367
0.006600
-0.016580
0.007812
-0.002245
0.002124
0.012595
-0.013216
-0.011180
0.029435
-0.011444
-0.001636
-0.001080
0.009506
-0.001671
-0.000183
-0.007140
0.009403
0.006082
0.001580
-0.015692
0.007656
0.001662
0.005715
-0.010457
0.008591
0.001041
-0.001211
0.000757
-0.015798
0.025521
-0.015673
-0.001064
0.012137
-0.006506
0.005643
-0.006245
-0.003388
0.010321
-0.007773
-0.003756
0.017329
-0.005802
-0.014778
0.010034
-0.001840
-0.000126
0.001426
0.006935
-0.006426
0.009157
-0.011852
-0.001630
-0.007894
0.024576
-0.017730
0.011072
-0.007418
0.004157
-0.005444
-0.004638
0.015086
-0.005905
-0.010844
0.005621
0.006186
0.000980
-0.007633
0.000423
0.000513
0.019596
-0.020712
-0.004767
0.016039
-0.000549
-0.013898
0.009146
-0.004806
0.009011
-0.017787
0.007160
0.013386
-0.017942
0.013025
-0.006720
-0.001567
0.012462
-0.013918
-0.009470
0.014598
-0.003933
-0.002198
0.007983
-0.009786
0.016503
-0.019698
0.006194
-0.000607
0.004641
-0.003652
0.005488
-0.018332
0.024808
-0.020454
0.005686
0.010555
-0.006157
-0.011835
0.016341
-0.010380
0.000128
0.002850
0.003867
-0.003206
-0.000068
-0.004420
-0.000333
-0.004857
0.016949
-0.011605
-0.014536
0.025546
-0.005065
-0.013683
0.005851
0.004355
0.000168
-0.002062
-0.013367
0.019371
-0.013129
0.008560
-0.006576
0.007156
0.005621
-0.020119
0.006131
0.003024
0.003033
-0.005469
0.004936
-0.000819
-0.002672
-0.006792
-0.002241
0.014205
-0.011952
0.010468
-0.008399
-0.002424
0.011157
-0.010053
-0.004836
0.031106
-0.028842
-0.000805
0.015513
-0.011634
0.015995
-0.026160
0.030398
-0.044810
0.068343
-0.056886
0.013704
0.001043
0.004879
0.003868
-0.034659
0.035420
-0.010825
0.006576
-0.007199
0.006246
-0.005985
0.005328
-0.018070
0.028653
-0.010110
-0.006940
0.002870
-0.007667
0.021319
-0.025048
0.000601
0.018174
-0.006985
-0.003321
0.003083
-0.014044
0.022797
-0.012632
-0.012197
0.017797
-0.001044
-0.004304
-0.012810
0.016077
0.004754
-0.015866
-0.003633
0.014914
-0.005043
-0.016335
0.021303
-0.005772
0.001231
-0.005711
0.001306
-0.003803
0.012694
-0.008343
-0.002531
-0.011174
0.020829
-0.016123
0.002645
0.035734
-0.024014
0.026069
-0.028142
0.023269
-0.012835
0.022591
-0.073893
0.118840
-0.086670
0.011048
0.006418
-0.026137
0.032398
-0.021612
0.001980
0.001080
0.021550
-0.045289
0.047024
-0.034747
0.010000
0.000319
-0.002320
0.011527
-0.006918
0.003061
0.004834
-0.007542
-0.009171
0.017981
-0.019058
0.009394
-0.000325
-0.021090
0.030473
-0.021166
-0.003671
0.011848
0.000272
-0.015207
0.012344
-0.003096
-0.000412
-0.012849
0.004404
0.002897
-0.012602
0.011004
-0.003106
-0.000108
0.000806
-0.015095
0.004003
-0.001462
-0.012488
0.016305
-0.010258
0.000491
0.001398
-0.004516
0.000267
-0.001619
-0.010362
0.009024
-0.005042
-0.007703
0.007258
-0.009199
-0.001104
-0.006982
0.030957
-0.060899
0.044006
-0.062616
0.232228
-0.536921
0.606088
