-0.807585
0.135445
-0.191210
0.004941
0.083651
-0.040087
-0.060938
-0.011151
0.088758
-0.169913
0.195597
-0.164082
0.003513
0.039311
-0.012208
-0.037600
-0.003124
-0.034735
0.013207
0.011908
-0.083524
0.067997
-0.062936
-0.016165
0.046988
-0.068379
-0.003280
0.002985
-0.000050
-0.052484
0.017942
-0.032272
0.014386
-0.028802
-0.018477
0.002243
-0.031445
0.013199
-0.020763
-0.028227
0.001706
-0.023327
0.000200
-0.013086
-0.035270
0.014180
-0.030879
-0.009760
0.007692
-0.052479
0.026665
-0.035545
-0.010216
0.011465
-0.061116
-0.033341
0.186358
-0.248897
-0.155606
0.478342
0.382239
-2.544088
2.688794
2.937200
1.876398
0.929633
0.392768
0.359639
-0.029126
-0.172210
0.088586
0.436515
0.212333
0.554871
0.272463
0.133844
0.386499
0.427606
0.252028
0.226120
0.267034
0.246309
0.274406
0.165472
0.319743
0.215537
0.187570
0.330848
0.171891
0.181942
0.262155
0.297361
0.185650
0.237797
0.156449
0.241868
0.290374
0.139673
0.218355
0.206462
0.229353
0.198476
0.200392
0.171154
0.239275
0.189762
0.189077
0.186465
0.200355
0.193083
0.176147
0.199057
0.198580
0.156218
0.210877
0.167752
0.183583
0.160449
0.173683
0.194959
0.170834
0.151271
0.174574
0.180466
0.162764
0.156781
0.142662
0.176511
0.172794
0.117362
0.184294
0.144286
0.157982
0.154394
0.138496
0.134442
0.167143
0.139025
0.141447
0.145606
0.133359
0.158557
0.107592
0.171172
0.127296
0.093442
0.174538
0.123923
0.100983
0.131417
0.131801
0.118836
0.131640
0.096559
0.145285
0.100205
0.133140
0.103339
0.104682
0.131670
0.108899
0.083906
0.131480
0.110400
0.091616
0.114871
0.107905
0.098827
0.095883
0.093822
0.112022
0.104171
0.072200
0.105821
0.070074
0.136962
0.073352
0.065964
0.119070
0.099015
0.063018
0.081512
0.104493
0.066144
0.109778
0.040384
0.120954
0.077331
0.070152
0.083884
0.061478
0.122555
0.036197
0.070246
0.088729
0.097089
0.039529
0.079756
0.086931
0.054926
0.083426
0.047387
0.096202
0.054505
0.074057
0.050077
0.069995
0.079585
0.067369
0.033030
0.082643
0.084089
0.032768
0.062013
0.070338
0.067499
0.045062
0.048893
0.078756
0.058675
0.046948
0.033917
0.072362
0.065403
0.047566
0.023912
0.087572
0.048408
0.034825
0.053525
0.054209
0.049067
0.050890
0.035069
0.060960
0.045272
0.054139
0.023443
0.044980
0.075189
0.032132
0.012872
0.083682
0.042424
0.023913
0.040975
0.043331
0.061699
0.024452
0.033000
0.057053
0.033905
0.042140
0.034665
0.021372
0.069751
0.036706
-0.006397
0.076258
0.041167
0.018914
0.030663
0.047134
0.035344
0.029545
0.032252
0.036581
0.052831
0.020995
0.029719
0.023353
0.056148
0.032222
0.000779
0.054746
0.047035
-0.001199
0.036716
0.038470
0.035584
0.021282
0.018194
0.050436
0.030475
0.014154
0.018563
0.030228
0.064267
0.006850
0.001254
0.046738
0.047865
-0.009989
0.036772
0.024444
0.031729
0.022510
0.018032
0.037597
0.024117
0.011307
0.027011
0.015489
0.045651
0.011239
0.001954
0.040002
0.034530
-0.000276
0.029808
0.013912
0.034592
0.016015
0.016031
0.021948
0.029948
0.012884
0.018648
0.009094
0.043793
0.012031
-0.009425
0.041231
0.041857
-0.024723
0.031297
0.022248
0.029922
0.000020
0.006878
0.041055
0.016627
0.006929
0.011993
0.016731
0.030940
0.011393
-0.020197
0.059963
0.016437
-0.017282
0.020631
0.028365
0.015340
0.005313
0.008894
0.028351
0.023897
-0.002393
0.006903
0.008907
0.041280
-0.000309
-0.021672
0.062129
0.009138
-0.013920
0.014601
0.023014
0.012611
0.003957
-0.001504
0.035634
0.006043
0.004396
0.014781
-0.007532
0.051195
-0.010606
-0.014594
0.038196
0.024702
-0.021617
0.026046
-0.010154
0.037972
-0.010281
-0.002924
0.032902
0.017153
-0.012928
0.026059
-0.017976
0.040837
-0.002458
-0.011889
0.019752
0.022249
-0.005497
0.019986
-0.006896
0.011775
0.023438
-0.017663
0.028315
-0.002861
0.011847
0.002864
-0.005007
0.033020
0.002887
-0.026497
0.036011
0.020526
-0.027026
0.021162
-0.002119
0.023215
-0.007871
0.007292
-0.001778
0.029026
-0.002413
-0.009914
-0.006687
0.040687
0.001187
-0.031502
0.039147
0.018208
-0.023580
0.001095
0.021669
0.008532
-0.004940
-0.007721
0.023226
0.018429
-0.015225
0.005979
-0.011282
0.035456
0.004218
-0.033168
0.032212
0.012415
-0.009965
0.005969
0.008473
0.009811
-0.015868
0.013287
0.006265
0.009218
-0.005808
0.003673
-0.011235
0.046209
-0.028309
-0.006290
0.024974
0.025369
-0.040861
0.009259
0.014867
0.014497
-0.012292
-0.005451
0.011890
0.028992
-0.020933
-0.008130
-0.004701
0.049691
-0.017908
-0.046827
0.061003
0.004762
-0.020809
0.001938
0.005171
0.009694
-0.004930
-0.001740
0.010016
0.019463
-0.014760
-0.007974
-0.010901
0.045329
-0.009013
-0.042294
0.048204
0.004954
-0.015898
-0.000752
0.001138
0.006531
0.002546
-0.003642
-0.007466
0.031833
-0.015507
-0.006433
-0.008427
0.035192
-0.010295
-0.022449
0.017626
0.016837
-0.023345
0.009129
0.005157
-0.003517
0.006239
-0.024029
0.032123
-0.005437
0.005908
-0.016964
0.004186
0.012535
0.001975
-0.024461
0.023971
0.005889
-0.020591
0.019341
-0.013405
0.003625
0.011199
-0.017025
0.012498
0.001317
0.001934
-0.007425
-0.011120
0.022716
0.003808
-0.035448
0.039005
0.000488
-0.026435
0.013307
-0.014268
0.023791
-0.008472
-0.004578
-0.005152
0.022378
-0.014085
-0.001823
-0.014433
0.036415
-0.018194
-0.024672
0.034515
-0.002284
-0.021571
0.010930
-0.002338
0.009561
-0.009184
-0.014589
0.011799
0.010382
-0.003727
-0.007794
-0.012370
0.028074
-0.004086
-0.037064
0.035468
-0.000203
-0.019027
0.004975
-0.006292
0.023033
-0.017117
-0.000353
0.005224
0.014908
-0.011582
-0.011271
-0.005904
0.021596
0.004739
-0.041888
0.031287
0.012379
-0.028935
0.010524
0.003858
-0.000266
0.000249
-0.009709
0.006607
0.003935
-0.011901
0.011611
-0.021482
0.027302
-0.002367
-0.032939
0.025314
0.002897
-0.009412
-0.007573
0.012760
-0.008558
-0.004104
-0.006054
0.009185
0.012618
-0.008751
-0.016805
-0.004608
0.028193
-0.004302
-0.036360
0.030670
0.003645
-0.019709
-0.001003
0.017577
-0.015750
0.005786
-0.017405
0.022345
-0.010372
-0.003066
-0.005254
-0.002281
0.021977
-0.015185
-0.035004
0.043771
0.000420
-0.034581
0.015860
-0.000742
-0.006255
0.003503
-0.006791
0.009945
-0.020593
0.023150
-0.015749
-0.009940
0.023737
-0.008548
-0.030906
0.036621
0.001130
-0.022579
-0.001053
0.000063
0.009443
-0.012641
-0.004670
0.021451
-0.016701
0.002463
-0.004310
-0.004451
0.007688
0.010165
-0.046155
0.042753
-0.001099
-0.024577
0.002157
-0.000016
0.014367
-0.029429
0.006032
0.014690
0.001950
-0.019259
-0.002763
-0.004789
0.028383
-0.019156
-0.030102
0.037311
0.002984
-0.040613
0.028446
-0.009061
-0.007278
0.003211
0.002332
0.010837
-0.002775
-0.009634
-0.008117
0.000753
0.020063
-0.003697
-0.038105
0.048609
-0.000152
-0.021044
-0.021776
0.024568
0.000184
-0.003953
-0.020642
0.020245
0.005628
-0.005536
-0.023669
0.014325
0.019937
-0.014154
-0.029290
0.027152
0.013758
-0.032483
0.006588
0.005976
-0.002119
-0.005971
-0.010036
0.009076
0.013894
-0.011103
-0.020147
0.001533
0.025124
-0.000637
-0.053262
0.049430
-0.004196
-0.014296
-0.015316
0.008816
0.014319
-0.009762
-0.026396
0.020556
0.006091
-0.008155
-0.006398
-0.017432
0.033039
-0.012988
-0.025381
0.029392
-0.006134
-0.014879
-0.007264
0.008816
-0.006001
0.005072
-0.018874
0.012944
0.009164
-0.013677
-0.007191
-0.018078
0.030460
0.001635
-0.043811
0.023466
0.015235
-0.028589
0.014835
-0.021909
0.030160
-0.032318
0.007515
-0.007178
0.012558
0.002885
-0.016282
-0.006922
0.008725
0.017270
-0.056517
0.054182
-0.025703
-0.003403
-0.010895
0.018046
-0.024318
0.018150
-0.017333
0.009007
-0.011359
0.007384
0.005156
-0.040613
0.035024
-0.009485
-0.023084
0.018798
0.006351
-0.036691
0.011717
0.005727
-0.006527
0.003526
-0.029147
0.017345
0.018384
-0.037861
0.002516
-0.011403
0.032661
-0.013033
-0.039079
0.022862
0.006403
-0.020073
0.000943
0.006179
-0.017519
0.015116
-0.025399
0.009498
-0.004810
-0.005145
0.001119
-0.021303
0.025894
-0.006681
-0.040637
0.030090
0.006656
-0.029570
0.002321
-0.002828
-0.005872
0.005209
-0.018183
0.000085
0.018544
-0.024658
-0.001082
-0.011014
0.012213
-0.005389
-0.024855
0.012815
0.004963
-0.024672
0.011560
-0.020254
0.014101
-0.016727
-0.001666
-0.006077
0.003423
-0.001138
-0.013470
-0.022645
0.038971
-0.018418
-0.043137
0.040972
-0.013841
-0.013093
-0.009729
0.001647
0.002275
-0.009762
-0.014349
0.007513
0.005184
-0.015817
-0.008081
-0.012711
0.021561
-0.017676
-0.037680
0.026976
0.007909
-0.022975
-0.008997
0.006656
-0.009038
0.000542
-0.031825
0.021026
-0.006297
-0.009442
-0.008662
-0.027159
0.042055
-0.023759
-0.036474
0.029183
-0.000458
-0.034706
0.017433
-0.024888
0.027391
-0.054782
0.065133
-0.144073
0.195883
-0.176429
0.071308
-0.041417
0.028538
-0.002991
-0.047008
0.030891
-0.012151
-0.000089
-0.044041
0.045014
-0.055775
0.024525
-0.017322
0.000332
-0.007010
-0.000173
-0.024542
-0.000090
0.015662
-0.033623
-0.004020
0.000026
0.001564
-0.020894
-0.008167
0.003393
-0.000708
-0.007450
-0.019680
0.022777
-0.015432
0.001036
-0.027162
-0.004853
0.022018
-0.033580
-0.007905
0.010121
-0.003313
-0.020288
-0.015486
0.011796
-0.009851
-0.012797
-0.011363
0.003253
-0.004360
0.000692
-0.033667
-0.001016
0.018480
-0.029343
-0.016539
0.009006
0.002117
-0.007322
-0.035692
0.010496
0.002544
0.028914
-0.156406
0.179392
-0.079347
-0.033035
-0.026177
-0.019956
0.024024
-0.004935
-0.037454
0.012708
0.015852
-0.056241
0.023256
-0.033924
-0.010117
0.010772
-0.029556
0.000814
-0.015061
-0.015505
0.002598
-0.015269
-0.033507
0.023586
-0.041476
0.004487
0.004054
-0.031595
-0.015285
0.014004
-0.033439
-0.006360
-0.020969
0.004999
-0.014622
-0.023402
0.002896
-0.031729
0.006351
-0.023368
-0.018231
-0.005676
-0.001399
-0.023124
-0.023304
0.002067
-0.014814
-0.020144
-0.016292
0.006618
-0.030041
-0.015203
-0.009441
-0.016768
-0.014343
-0.017167
-0.014371
-0.012935
-0.000745
-0.047479
0.017467
-0.026650
-0.002323
-0.082822
0.135203
-0.208136
0.136556
-0.233412
0.764821
-1.762633
1.971771
