-0.333829
0.071153
-0.071246
0.011197
0.026383
-0.006182
-0.018021
-0.000038
0.029053
-0.051594
0.076812
-0.058844
0.002266
0.028934
-0.020551
0.008373
-0.005798
-0.000905
0.000421
0.016307
-0.042076
0.046492
-0.027425
-0.005854
0.030414
-0.032057
0.009028
0.002587
0.003854
-0.006661
-0.001195
0.005783
-0.002749
-0.006595
0.004281
0.004501
-0.016925
0.026722
-0.024128
0.008266
-0.002501
0.003876
-0.004020
0.007586
-0.022842
0.026008
-0.016952
-0.000951
0.013498
-0.018543
0.016260
-0.011398
0.004658
0.006598
-0.017684
-0.009815
0.069960
-0.102773
0.005595
0.128991
0.120242
-0.872358
1.844606
1.076504
0.654442
0.369867
0.357994
0.288204
0.158743
0.091107
0.087846
0.088039
0.192989
0.196868
0.005546
0.077474
0.158429
0.151948
0.075712
0.079403
0.093952
0.096644
0.111872
0.064846
0.139006
0.049867
0.087342
0.136326
0.056374
0.061024
0.118567
0.101081
0.051230
0.091230
0.053744
0.094018
0.106484
0.055390
0.053462
0.095452
0.086793
0.072754
0.065996
0.057714
0.096489
0.067478
0.063260
0.047829
0.088139
0.060153
0.049151
0.077482
0.056382
0.053511
0.074886
0.058980
0.067694
0.044751
0.057167
0.073082
0.045714
0.058964
0.049104
0.066316
0.042799
0.053785
0.049369
0.057018
0.053053
0.035710
0.060822
0.032052
0.058466
0.064224
0.029057
0.037481
0.064927
0.023705
0.059916
0.034272
0.049642
0.033398
0.044190
0.058336
0.009460
0.050087
0.053481
0.035910
0.027041
0.040458
0.039121
0.038565
0.032661
0.035113
0.035553
0.043240
0.027866
0.034683
0.028615
0.038661
0.035475
0.031603
0.024366
0.035826
0.035836
0.016061
0.046455
0.013559
0.031773
0.025689
0.039760
0.022234
0.014564
0.049828
0.004966
0.036575
0.029280
0.007441
0.040793
0.028295
0.015035
0.028538
0.034365
0.022687
0.014379
0.028696
0.028325
0.026462
0.014663
0.019605
0.021357
0.038593
0.006315
0.023478
0.032093
0.016897
0.013502
0.020308
0.032699
0.013735
0.011304
0.018065
0.030680
0.009943
0.024473
0.005766
0.018258
0.033774
0.010155
0.007583
0.023204
0.025994
0.001555
0.022267
0.009238
0.024972
0.018309
0.014894
0.014183
0.016784
0.015098
0.010508
0.024430
0.013082
0.014064
0.005741
0.028489
0.007563
0.006917
0.022846
-0.000844
0.017723
0.020429
0.017979
0.013442
0.018494
0.019921
0.003608
0.017162
0.019377
0.017670
-0.009671
0.040941
0.003253
0.003643
0.015188
0.021211
0.006836
0.005906
0.023432
0.007120
0.015134
0.004147
0.012209
0.011677
0.024561
-0.000352
-0.002451
0.025592
0.012207
0.001702
0.004959
0.013389
0.016357
0.008101
0.004518
0.023394
-0.000137
0.005256
0.011221
0.013672
0.013734
0.006762
-0.011561
0.025340
0.017047
-0.007360
0.019128
-0.008134
0.023394
0.010593
0.001767
0.021728
-0.007032
0.017287
-0.020842
0.033987
0.003538
0.014009
-0.009838
0.019737
0.002714
0.000866
0.011396
-0.003132
0.022277
-0.009687
0.007870
0.002611
0.015448
0.009320
-0.002284
-0.008189
0.025369
0.003416
-0.004788
0.019754
0.000968
0.009866
-0.009202
0.016604
-0.002756
0.006542
-0.007092
0.025520
0.007499
0.006353
-0.001074
0.005470
0.024542
-0.002529
-0.012275
0.020999
0.015348
-0.011143
0.008627
0.003086
0.010820
0.004450
-0.000929
0.012539
-0.003896
0.009420
0.004563
-0.007049
0.020836
-0.003300
-0.003844
0.014989
0.010854
-0.013361
0.014956
0.003147
0.011676
-0.011647
0.012034
0.000457
0.011890
-0.004948
-0.003213
0.010915
0.007318
0.008100
-0.012820
0.022173
-0.000990
-0.011309
0.010483
-0.001902
0.018733
-0.017578
0.010416
0.004035
0.003966
0.000135
0.003114
-0.000985
0.017202
-0.005482
-0.012534
0.019850
0.005398
-0.006592
-0.003371
-0.000673
0.011853
-0.000017
-0.001123
-0.004268
0.020100
-0.008518
-0.006432
0.003314
0.015257
-0.005068
-0.010039
0.015182
0.002224
-0.002675
-0.006802
0.009107
0.009480
-0.003848
-0.006586
0.006839
0.008293
-0.006788
0.003211
0.000742
0.012437
-0.006557
-0.010235
0.020122
-0.010673
0.012102
-0.013874
0.008901
0.002247
-0.006162
0.010068
-0.001711
0.016450
0.003741
-0.005321
0.007061
0.017358
-0.012550
-0.007583
0.021277
-0.003789
-0.003540
-0.003615
0.006243
0.001831
0.013183
-0.027140
0.023314
0.005147
-0.015314
0.012239
-0.017603
0.014424
0.017836
-0.026472
0.022262
-0.014906
0.008262
0.006351
-0.014579
0.004894
0.009435
-0.015476
0.026093
-0.026199
0.019715
-0.014930
0.009856
0.003470
-0.005696
-0.010606
0.006926
0.012595
-0.012024
0.001407
0.001619
0.012310
-0.022383
0.015490
-0.000230
0.002959
-0.011844
0.011207
-0.013706
0.018259
-0.022902
0.004798
0.016258
-0.008230
-0.017286
0.012514
-0.000971
0.004470
-0.003582
-0.004827
0.005968
0.004255
-0.009802
0.002060
0.015159
0.004771
-0.005084
-0.026224
0.029007
-0.009000
-0.005570
-0.000843
0.002532
0.008593
-0.013361
0.012067
-0.014209
0.014554
-0.015326
0.016334
-0.018276
0.012073
-0.003481
-0.011110
0.019353
-0.010127
-0.004086
-0.003286
0.011061
-0.008510
0.000890
-0.003984
0.011978
-0.009810
0.001751
-0.005304
-0.004734
0.016025
-0.010598
-0.009052
0.008914
0.005159
-0.009640
0.003091
-0.005586
0.007821
0.000064
-0.003887
0.004628
-0.006033
0.004255
0.000880
-0.005921
0.005592
-0.003801
-0.007403
0.025854
-0.018559
0.006790
0.000227
-0.000839
-0.007869
0.012215
-0.010076
0.006313
0.002292
-0.002241
0.004581
-0.012848
0.013738
-0.006750
-0.008124
0.007344
0.005708
-0.008482
-0.003548
-0.003970
0.009788
0.005954
-0.011933
-0.010167
0.020558
-0.008227
-0.009419
-0.000590
0.016885
-0.009316
-0.013601
0.015921
-0.006413
0.002992
-0.001933
-0.009163
0.011438
-0.005359
-0.003158
0.007271
-0.010216
0.004921
-0.005243
0.005954
-0.002144
-0.001977
-0.010283
0.015754
-0.001176
-0.011859
0.002178
0.001712
0.004304
-0.010495
0.002785
0.002803
0.000623
-0.008769
0.006386
-0.012297
0.030382
-0.032863
-0.007787
0.030886
-0.008550
-0.015217
-0.000629
0.017866
-0.009849
0.002075
-0.015692
0.015192
-0.010287
0.013809
-0.007729
-0.012100
0.009804
-0.000975
-0.013185
0.028492
-0.030131
0.014761
-0.014673
0.014341
-0.012959
0.007044
0.002478
-0.000257
-0.006340
0.001511
-0.002907
-0.000653
0.009630
-0.014745
-0.005501
0.019312
-0.007546
-0.017203
0.011579
-0.001908
0.008375
-0.016412
0.005842
-0.002532
0.011169
-0.010029
-0.009165
0.006624
0.006890
0.000541
-0.022309
0.016367
-0.003329
-0.000170
-0.006786
0.003317
0.003971
-0.001767
0.004558
-0.005789
-0.000600
0.005228
-0.006991
-0.001616
0.006331
0.006530
-0.022355
0.025055
-0.002294
-0.005192
-0.004156
0.003475
0.001554
-0.001128
-0.007819
0.001487
0.010650
-0.010616
0.005805
-0.014923
0.024352
-0.007911
-0.013234
0.011572
0.005287
-0.007056
-0.003133
0.004517
-0.003939
0.000183
-0.006438
0.011946
-0.000001
-0.006149
0.005323
-0.010399
0.016632
-0.008419
-0.009383
0.020910
-0.006966
-0.012653
0.004657
0.011777
-0.011199
0.005059
-0.005675
0.004036
0.003748
-0.008365
-0.002858
0.007973
0.013116
-0.020450
-0.010840
0.031173
-0.010464
-0.013461
0.010775
-0.008919
0.010227
-0.014488
0.017785
-0.014546
0.010322
-0.004370
-0.003464
0.002077
0.005586
-0.012159
-0.003313
0.020343
-0.009356
-0.000953
-0.002695
-0.002699
0.009137
-0.007920
-0.001451
-0.000338
0.007329
-0.000710
-0.002148
-0.013187
0.021197
-0.002537
-0.011010
0.010831
0.009433
-0.008890
0.002422
0.000893
-0.004396
0.002087
-0.003968
0.003635
0.005078
-0.001616
-0.000984
-0.009888
0.016283
-0.006102
-0.011901
0.013076
0.000875
-0.002620
-0.002743
-0.000084
0.013992
-0.021151
0.006197
0.009881
-0.001629
-0.006880
0.001466
-0.005426
0.017073
-0.012279
-0.008332
0.018355
-0.013345
0.006458
0.006458
-0.017859
0.003488
0.011631
-0.005592
0.000401
-0.002632
0.006800
-0.002692
-0.012873
0.016895
0.012828
-0.029073
0.019064
0.006914
-0.009417
-0.004018
0.021823
-0.011469
0.006465
-0.017511
0.021333
-0.010436
0.004124
-0.002808
0.009747
0.001013
-0.001904
-0.006189
0.016304
-0.006224
-0.003173
0.002651
-0.000644
0.004574
-0.005861
0.001648
0.013536
-0.020070
0.014266
-0.000040
-0.006421
0.009055
0.000790
-0.019824
0.023240
-0.002793
-0.008986
0.010632
-0.007015
0.001327
0.007263
-0.010430
0.000253
0.012052
-0.007964
0.006595
-0.019151
0.029427
-0.015970
-0.007478
0.017696
0.005244
-0.015010
0.004749
-0.002573
0.010909
-0.018447
0.013266
-0.002038
-0.001401
0.009530
-0.006906
-0.007584
0.019668
-0.009393
-0.006840
0.011184
0.000177
-0.008881
0.011097
-0.011063
0.011698
-0.004534
-0.006377
0.005758
0.000195
0.006992
-0.011828
-0.001058
0.022696
-0.018719
-0.000236
0.013534
-0.014184
0.008060
-0.003682
0.002721
0.001014
0.006517
-0.015188
0.015820
-0.009518
0.004785
-0.003892
-0.006435
0.018377
-0.011078
-0.006392
0.011878
0.005768
-0.025709
0.029107
-0.020761
0.022916
-0.020886
0.018952
-0.037987
0.081338
-0.083515
0.043863
-0.022557
0.021248
-0.010810
-0.003437
0.010051
-0.006281
0.004483
-0.006157
0.011971
-0.014195
0.005864
0.002361
-0.003347
0.006838
-0.000769
-0.002018
0.002315
0.007118
-0.018431
0.013309
0.002607
0.000272
-0.001788
-0.006802
0.010449
0.000568
0.004573
-0.017927
0.029387
-0.025674
0.020555
-0.023984
0.020572
0.001362
-0.004925
-0.003939
0.005491
0.009381
-0.015227
0.011983
-0.015537
0.017953
-0.004371
-0.006201
0.005980
-0.001909
0.004449
-0.002127
-0.005027
0.011471
-0.016432
0.006699
0.005324
0.002560
-0.003501
-0.013301
0.017429
0.000811
0.006881
-0.060791
0.104704
-0.070930
0.000736
0.004873
0.000582
0.007321
-0.015500
0.000383
0.009361
-0.002852
-0.002630
0.007358
-0.017799
0.013418
-0.006797
0.009124
-0.016154
0.010022
-0.004242
0.008554
-0.018821
0.008896
0.003690
-0.018066
0.018906
-0.002179
-0.016272
0.004542
0.004572
-0.003647
-0.001388
-0.007271
0.007787
-0.004847
-0.000549
-0.001973
-0.005299
0.003221
0.002360
-0.012971
0.013885
-0.010299
0.000181
-0.002342
0.005190
-0.006774
-0.000281
-0.013497
0.018814
-0.008476
-0.012020
0.008483
-0.003599
-0.001198
-0.003863
-0.005249
0.000503
0.004901
-0.012265
0.007756
-0.011162
0.011115
-0.035504
0.071562
-0.092767
0.061360
-0.091869
0.306811
-0.683730
0.781916
