-0.279205
0.034280
-0.050491
0.003893
0.028331
0.000837
-0.029620
0.002406
0.045585
-0.075733
0.088437
-0.055424
-0.009726
0.041565
-0.017157
-0.003300
-0.006812
0.000185
0.014971
0.000757
-0.036943
0.045908
-0.027399
-0.002653
0.037936
-0.052109
0.030382
-0.015758
0.021094
-0.023098
0.012041
0.003515
-0.012011
0.005761
0.001182
0.003185
-0.020870
0.022783
-0.007992
0.005925
-0.024201
0.025746
-0.007498
-0.003845
-0.008336
0.016086
-0.003628
-0.013974
0.017539
-0.019532
0.016650
-0.010555
0.008970
0.000556
-0.017086
-0.002476
0.085530
-0.144187
0.015269
0.185365
0.095018
-1.054703
2.141462
1.248846
0.625567
0.466760
0.320606
0.247762
0.128631
0.058817
0.045370
0.147898
0.116084
0.248431
-0.035132
0.157129
0.104463
0.136322
0.099713
0.085077
0.079293
0.126428
0.099553
0.056821
0.122041
0.057701
0.086337
0.145867
0.031550
0.055719
0.133934
0.101687
0.042397
0.093396
0.040290
0.106112
0.102267
0.043431
0.053171
0.095137
0.078075
0.064573
0.059127
0.065399
0.077849
0.052003
0.079949
0.038286
0.064210
0.066558
0.066809
0.057077
0.046320
0.082526
0.052946
0.059824
0.062065
0.043561
0.052412
0.060056
0.070906
0.041988
0.044881
0.067896
0.066726
0.022446
0.042883
0.069358
0.050852
0.034751
0.062401
0.029264
0.056937
0.055155
0.016936
0.063070
0.019920
0.052096
0.053125
0.025703
0.036762
0.058691
0.017123
0.072951
0.010449
0.037861
0.056870
0.021082
0.039962
0.033207
0.034302
0.049511
0.031493
0.019490
0.048338
0.017702
0.054018
0.013964
0.035894
0.036667
0.029869
0.023499
0.055843
0.008171
0.021076
0.051984
0.027620
0.027508
0.015819
0.035316
0.033917
0.021362
0.027549
0.024050
0.019358
0.037124
0.023733
0.016591
0.040784
0.010145
0.033564
0.021302
0.023585
0.028008
0.019871
0.003569
0.056976
0.018846
-0.002484
0.026377
0.014098
0.047938
-0.007313
0.032747
0.019490
0.029149
0.001820
0.028071
0.026755
0.004341
0.026625
0.017515
0.019820
0.018636
0.018529
0.020200
0.017181
0.021996
0.005608
0.025708
0.023895
0.012729
0.014479
0.013234
0.018849
0.018251
-0.009084
0.022313
0.038630
0.004292
0.010340
0.006623
0.008475
0.034392
-0.004750
0.013192
0.026386
0.009616
0.013417
0.005251
0.021600
0.000717
0.018579
0.006270
0.032150
-0.010652
0.032913
-0.011301
0.022815
0.016464
0.009234
-0.000150
0.029923
0.017454
-0.008460
0.010312
0.026660
0.005989
0.010739
-0.001776
0.035163
0.002665
0.008589
0.003293
0.013361
0.022299
-0.004221
0.011571
0.014908
0.008761
0.008608
0.012953
0.011393
0.002174
0.007689
0.002546
0.023812
-0.003641
0.012540
0.000294
0.013208
0.015137
-0.015879
0.021855
0.010563
0.008382
-0.009349
0.023022
0.001261
0.009160
0.006030
0.001935
0.016815
0.006994
-0.002102
0.008058
0.009942
0.025136
0.000174
-0.012621
0.032382
0.000223
-0.001200
0.005233
0.011963
0.009377
0.007065
-0.014346
0.027619
0.009670
-0.009959
0.011489
0.006841
0.018224
-0.001605
-0.014382
0.024030
0.001612
0.006957
-0.011569
0.020030
0.001840
0.008820
-0.007595
0.021296
-0.004290
0.014774
-0.012698
0.005166
0.032176
-0.026680
0.012374
-0.004501
0.018281
-0.008049
0.007291
-0.001274
0.010186
0.005125
0.002640
0.007884
-0.000793
0.008154
0.002632
-0.003590
0.020224
-0.004616
-0.009283
0.019146
0.000689
-0.003505
0.005408
0.014420
-0.009178
0.000447
0.008499
0.008480
-0.001904
-0.012106
0.023479
-0.008429
0.011546
-0.004580
-0.008361
0.026175
-0.009936
0.001436
0.007894
-0.000969
0.002127
0.003774
-0.003452
0.014113
-0.000604
-0.006064
0.009820
-0.005799
0.004899
0.011736
-0.018686
0.029903
-0.004802
-0.012579
0.006932
0.005599
0.000874
-0.006651
-0.000032
0.016358
0.002947
-0.009583
0.001439
0.009349
0.012631
-0.019504
0.009174
0.004827
-0.003605
-0.001523
0.019915
-0.011880
0.000737
0.007492
-0.006779
0.006261
-0.000782
0.013544
-0.005983
-0.018593
0.030304
-0.005995
-0.019522
0.031085
-0.015154
0.013045
-0.011033
0.021251
-0.006640
-0.001068
-0.007998
0.025672
-0.011494
0.002615
-0.001792
-0.007740
0.033147
-0.020712
-0.011947
0.012182
0.002089
0.008356
-0.011790
-0.002582
0.009398
-0.010487
0.014594
-0.005843
0.011716
-0.009157
-0.001975
0.008533
0.000979
-0.003310
-0.002216
0.010533
-0.005403
0.000311
0.005934
-0.004606
0.009187
-0.007617
-0.004568
0.014596
-0.003557
-0.005925
0.001425
-0.003015
0.016445
-0.012131
-0.019357
0.043818
-0.019193
-0.005124
0.005439
-0.007835
0.012648
-0.014018
0.017429
-0.006283
0.008650
-0.009915
0.002434
-0.011784
0.023380
-0.013116
-0.008150
0.028651
-0.010020
-0.012513
0.013777
0.004997
-0.009010
0.003819
-0.011673
0.009500
0.008128
-0.009630
0.002084
-0.010899
0.022757
-0.014195
-0.006861
0.024607
-0.026142
0.010657
0.006321
-0.011012
0.002335
0.005299
-0.007199
0.002825
0.002390
0.008069
-0.011294
-0.001906
0.011591
-0.021458
0.007116
0.023365
-0.014765
-0.011458
0.004324
-0.000765
0.014197
-0.010567
-0.003228
0.002410
0.004090
-0.001892
-0.010430
0.008375
0.011461
-0.013932
-0.003386
0.005780
0.006116
-0.007931
-0.003158
0.012948
-0.009214
-0.004448
0.013714
0.003326
-0.014254
0.002357
0.002170
0.003519
0.011993
-0.018913
-0.006444
0.029048
-0.004131
-0.024196
0.009004
0.002986
0.014951
-0.023905
0.002012
0.007273
-0.001681
0.007398
-0.012989
0.000075
0.010100
0.001745
-0.017523
0.013221
-0.009677
0.002662
0.011785
-0.018518
0.013510
-0.013283
0.005937
0.011287
-0.003770
-0.014733
0.002022
0.003445
0.012328
-0.015670
-0.011618
0.034655
-0.012687
-0.021620
0.009343
0.016101
-0.013830
-0.000628
0.003676
-0.004583
0.010716
-0.008217
-0.013205
0.017406
0.006505
-0.009957
-0.008048
0.001902
0.014327
-0.005909
-0.013430
0.007470
0.005611
-0.006898
-0.003987
0.008104
0.012630
-0.019169
0.002554
-0.006940
0.030376
-0.027430
-0.007984
0.020906
-0.000044
-0.011749
-0.004937
0.007261
0.006020
-0.007011
-0.006943
0.018100
-0.011888
-0.003835
0.016586
-0.021720
0.017741
-0.009074
-0.008344
0.024082
-0.027494
0.008394
0.003100
0.002551
-0.002743
0.006928
-0.014482
0.008603
-0.003107
0.004475
-0.019180
0.016122
0.013293
-0.021177
-0.001020
0.016242
-0.002518
-0.020356
0.009655
0.006635
0.000569
-0.007290
-0.005702
0.018483
-0.006658
-0.005220
-0.008098
0.010559
0.005752
-0.011737
-0.006237
0.023684
-0.009989
-0.011315
0.014908
-0.008380
-0.005907
0.004909
-0.000649
0.011477
-0.007795
-0.005728
0.001279
-0.005125
0.022501
-0.019607
-0.008726
0.022735
-0.009129
-0.006870
0.006715
0.001265
0.007489
-0.019096
0.005208
0.013533
-0.013200
0.009248
-0.003788
-0.005005
0.018545
-0.026943
0.019219
-0.005869
0.004443
-0.014754
0.018085
-0.012526
0.010557
-0.011042
0.003363
0.008466
-0.003107
-0.011210
0.006215
-0.004145
0.029843
-0.035284
-0.001138
0.028094
-0.015992
-0.011126
0.011482
0.004701
-0.006647
0.003393
-0.003442
0.016086
-0.013253
0.005989
-0.008750
-0.002571
0.021456
-0.020750
-0.006290
0.028687
-0.009932
-0.012826
0.010922
-0.004647
0.009639
-0.004469
-0.005953
0.014735
-0.012349
0.003563
-0.006937
0.007266
0.015304
-0.017704
0.002085
0.011372
-0.005383
-0.002657
-0.000651
0.008826
-0.009578
0.007149
-0.010189
0.021720
-0.008971
-0.008407
0.000374
0.014295
0.002372
-0.017137
0.005349
0.015318
-0.005482
-0.005712
-0.000957
0.011441
-0.011658
0.005311
0.000415
0.004443
-0.002514
0.004918
-0.004132
-0.005036
0.021403
-0.021236
-0.000499
0.010730
0.008924
-0.021612
0.018819
-0.004269
0.016671
-0.028714
0.009382
0.012760
-0.003379
0.000328
0.001228
-0.003834
0.008849
-0.009526
-0.006649
0.020567
-0.007544
-0.001818
0.000343
0.010886
-0.011910
0.003664
-0.004857
0.010031
-0.003132
0.001986
-0.004245
0.000336
0.012940
-0.010936
-0.003599
0.024403
-0.020432
-0.006096
0.022187
-0.010155
0.001195
0.003439
-0.007358
0.007363
0.005402
-0.004234
-0.007813
0.003181
0.012386
0.001092
-0.023828
0.026843
-0.002949
0.003669
-0.001708
-0.006085
0.018410
-0.020750
0.005758
0.007756
0.009846
-0.009618
0.001940
-0.019806
0.045250
-0.034177
0.004317
0.010729
0.014723
-0.013869
-0.008836
0.021118
-0.007433
-0.000543
-0.010863
0.019524
-0.009589
0.007652
-0.005542
0.002458
0.007711
0.004967
-0.019509
0.016749
-0.008162
-0.003153
0.010651
0.000647
-0.001158
-0.002394
0.000728
0.005360
0.001647
-0.003552
-0.002145
0.003683
0.020282
-0.028519
0.003552
0.022479
-0.009019
-0.003409
-0.004370
0.006524
-0.000817
0.005823
-0.006897
0.014972
-0.009938
0.011975
-0.021530
0.009355
0.010505
0.004496
-0.013878
0.024124
-0.016005
0.000783
0.010342
0.001083
-0.013611
0.016992
-0.016724
0.020884
-0.004678
-0.014197
0.009109
0.000000
0.020087
-0.017587
-0.014191
0.025371
0.010789
-0.030872
0.023726
-0.021777
0.024196
-0.021219
0.031669
-0.053286
0.083586
-0.079031
0.044786
-0.020999
0.024460
-0.017716
-0.004176
0.015962
-0.009394
0.005492
-0.002060
0.014430
-0.020985
0.009744
0.005127
0.000394
-0.009176
0.005485
0.005235
0.001382
0.003416
-0.019341
0.012836
0.011761
-0.002880
-0.006555
-0.008491
0.011976
0.011264
-0.021026
0.003184
0.018003
-0.005511
-0.001410
-0.008861
0.006603
0.018252
-0.021839
0.001979
0.015968
-0.014861
0.004947
0.009038
-0.010014
0.003609
0.006537
-0.008898
0.011769
-0.005722
0.006256
-0.012525
0.011312
0.010496
-0.019251
0.001186
0.020237
-0.018572
0.014227
-0.023640
0.026059
-0.008949
0.021547
-0.078096
0.118659
-0.076391
0.003088
0.000958
-0.010374
0.033633
-0.023709
0.000858
0.003816
0.007380
-0.017528
0.020540
-0.016431
0.002240
0.004923
-0.010957
0.010464
-0.009377
-0.000067
0.004640
-0.002442
0.007305
-0.007329
-0.005340
-0.001289
0.016419
-0.022074
0.008434
-0.007231
0.014812
-0.013554
-0.004086
0.013094
-0.003327
-0.014497
0.006893
-0.003012
0.007989
-0.008146
0.000409
0.002358
-0.005496
-0.002888
0.001125
0.003694
-0.009555
0.002665
-0.008565
0.015991
-0.015701
0.004794
-0.004158
-0.009304
0.002330
0.003828
-0.008712
0.010215
-0.004872
-0.017299
0.017872
-0.012018
0.009908
-0.036378
0.055800
-0.067791
0.050681
-0.086691
0.287401
-0.634767
0.718096
