-0.186988
0.025663
-0.026513
-0.004893
0.015560
0.001655
-0.015034
-0.003847
0.038540
-0.048052
0.046702
-0.032929
0.001542
0.016328
-0.010515
0.002098
0.006291
-0.014883
0.005001
0.018999
-0.035263
0.030853
-0.015170
-0.001280
0.009670
-0.006580
-0.004110
0.006086
0.007447
-0.019303
0.014065
-0.004302
-0.003284
0.000085
0.005954
0.003516
-0.022227
0.021332
-0.005835
0.002546
-0.010574
0.007596
0.003989
-0.010053
-0.003062
0.018605
-0.018768
0.005029
0.009748
-0.016656
0.017468
-0.018508
0.011612
-0.003534
0.001554
-0.021553
0.085572
-0.134120
0.034955
0.107402
0.181805
-0.978096
1.942476
1.137405
0.411187
0.352725
0.217080
0.209971
0.103928
0.066502
0.016335
0.114213
0.092579
0.232468
-0.059495
0.123752
0.114149
0.089061
0.095643
0.044970
0.080160
0.086866
0.106395
0.027062
0.112218
0.033611
0.070206
0.125814
0.014861
0.042472
0.113682
0.074503
0.035396
0.068872
0.042271
0.068076
0.088978
0.027036
0.044085
0.070221
0.071892
0.047160
0.037435
0.066576
0.052273
0.039019
0.060381
0.037061
0.056630
0.047020
0.041331
0.066178
0.028972
0.052566
0.048101
0.043668
0.033990
0.057738
0.031095
0.051968
0.037412
0.028250
0.052094
0.046397
0.029341
0.050525
0.014242
0.069343
0.016901
0.032535
0.045557
0.024687
0.043878
0.034110
0.020320
0.033134
0.046721
0.019559
0.036057
0.029241
0.040362
0.017553
0.039835
0.041195
0.012508
0.020388
0.044520
0.032232
0.017845
0.031292
0.029226
0.020197
0.029219
0.026314
0.021220
0.024357
0.034693
0.017348
0.011036
0.047795
-0.000992
0.018704
0.046903
0.009146
0.008597
0.045951
0.017382
0.024143
0.011648
0.032537
0.020341
0.023156
0.008651
0.018503
0.020010
0.039848
-0.001079
0.012861
0.045207
0.005259
0.001121
0.037551
0.012007
0.016687
0.022989
-0.006028
0.046861
0.006472
0.017063
0.007629
0.028233
0.005184
0.013133
0.015020
0.019419
0.018658
0.001997
0.019466
0.009801
0.016647
0.016159
0.005244
0.028868
0.016240
0.002491
0.007543
0.016299
0.027935
-0.006246
0.011628
0.033827
-0.005084
0.006937
0.018780
0.016918
0.007041
0.000350
0.019094
0.011142
0.016947
-0.000644
0.016301
0.005844
0.022877
-0.010644
0.014252
0.035334
-0.008649
-0.009279
0.029665
0.010548
-0.003392
0.026530
-0.011784
0.025849
-0.005612
0.019674
-0.004132
0.008465
0.023143
0.004140
-0.005338
0.012274
0.022839
-0.006172
0.010482
0.008671
0.007114
-0.002003
0.010099
0.021150
-0.005677
0.009405
0.003891
0.009559
0.013209
-0.002804
-0.004880
0.030824
-0.000539
-0.009615
0.008364
0.012895
0.008229
0.000670
0.000400
0.015597
0.008385
0.001004
-0.005431
0.009939
0.021896
-0.008668
-0.012244
0.030489
-0.001037
-0.006042
0.012513
0.004113
0.003268
-0.002761
0.009639
0.000169
0.011477
-0.002665
0.007196
0.004077
0.009725
-0.001882
0.006747
0.002314
0.006552
-0.007546
0.013276
0.000881
0.006596
-0.003976
0.001541
0.012946
0.004819
-0.013985
0.009330
0.008310
0.011474
-0.011358
0.004098
0.011201
0.003838
-0.007070
-0.009208
0.027765
-0.005956
-0.001583
-0.001727
0.015550
-0.002503
-0.004293
-0.000565
0.018653
-0.006364
-0.001669
-0.001476
0.018591
-0.008641
-0.002897
0.005342
0.001395
0.000385
0.008755
-0.000542
-0.000352
0.005171
0.001157
0.003582
-0.003452
0.008116
0.004025
-0.008281
0.020817
-0.000200
-0.004601
-0.008367
0.013084
0.007742
-0.010693
0.012143
-0.000803
0.003028
-0.005680
0.014112
-0.008338
0.019094
-0.023668
0.014463
0.001050
-0.001303
0.013571
-0.005018
-0.003739
0.005292
-0.001024
0.002989
0.006879
-0.015394
0.024720
-0.015969
0.003051
0.006184
0.000326
-0.006664
0.017582
-0.010344
-0.009050
0.016499
-0.007714
0.007667
-0.008434
0.001354
0.012206
0.007650
-0.008105
-0.009392
0.002178
0.009607
-0.009065
0.010254
-0.000125
-0.007720
0.009734
0.000281
-0.007316
0.005723
0.005279
-0.006846
0.007334
0.000454
-0.004270
-0.002741
-0.002385
0.020104
-0.020499
0.002576
0.016494
-0.013495
0.002537
-0.000876
0.006464
-0.000326
-0.005229
-0.003967
0.006466
-0.002347
0.003735
-0.008454
0.008682
0.005946
-0.020030
-0.000273
0.028185
-0.017793
-0.005422
0.014662
-0.006012
-0.013752
0.010716
-0.001774
0.002956
0.003942
-0.002693
-0.010001
-0.004813
0.031499
-0.017980
-0.017499
0.026065
-0.009177
-0.005779
0.003321
0.003031
-0.000347
-0.008160
-0.006734
0.018979
-0.007294
-0.000268
-0.002937
-0.005984
0.017961
-0.021730
0.012670
-0.008204
0.012352
-0.019351
0.013028
-0.004273
-0.002300
0.007885
-0.007713
0.000339
-0.002256
0.002684
0.003014
-0.015160
0.015251
-0.008054
-0.009234
0.009128
0.009449
-0.021931
0.014647
-0.005886
-0.001245
0.000653
-0.000527
0.003304
0.000090
-0.004311
0.003052
-0.023021
0.022519
-0.004452
0.000041
0.008673
-0.009826
-0.005822
0.024048
-0.019840
0.001498
0.005168
-0.011515
0.012041
-0.002219
-0.001078
-0.006120
-0.002117
0.019417
-0.015567
-0.017117
0.025131
-0.007081
-0.005610
-0.002734
0.015743
-0.010308
-0.001185
-0.004561
0.012968
-0.014695
0.013008
-0.014771
0.013675
0.001406
-0.013335
-0.011012
0.023306
-0.007068
-0.007087
0.002653
-0.006151
-0.001022
0.011946
-0.008305
-0.002498
0.007117
-0.009451
-0.002201
0.002475
0.012278
-0.013391
-0.006877
0.018129
-0.012155
-0.001742
0.006132
-0.003977
-0.004588
-0.006709
0.009170
0.002260
-0.003933
-0.002940
-0.005275
0.003822
0.002324
0.005496
-0.017987
0.019090
-0.015737
0.001567
-0.003532
0.020136
-0.018572
0.000368
0.004258
0.012320
-0.012769
-0.009847
0.006873
0.009533
0.001853
-0.017607
0.001136
0.015172
0.000579
-0.014535
0.012477
-0.018119
0.021322
-0.022303
0.010530
-0.004886
0.013171
-0.011332
-0.004693
-0.004419
0.018932
-0.010639
-0.007488
0.011557
-0.007674
-0.003827
0.013593
-0.008586
-0.003727
-0.005523
0.004786
0.003655
-0.008536
0.006227
0.001782
-0.006214
0.015782
-0.016899
-0.002523
0.003258
0.008424
-0.007272
-0.010345
0.012061
0.000574
-0.005526
0.000771
0.009829
-0.022452
0.018059
-0.011494
0.000699
0.006307
-0.007179
-0.002330
0.014829
-0.007298
-0.008543
-0.001777
0.010384
-0.011577
0.005295
-0.001303
0.009163
-0.006507
-0.004907
-0.004900
0.002328
0.008249
-0.014362
0.007315
0.016334
-0.019489
-0.009287
0.012090
0.006531
-0.013142
0.002654
-0.002590
0.010880
-0.009572
0.000840
-0.004301
-0.005497
0.016936
-0.003561
-0.016018
0.016105
-0.008359
0.003665
-0.003618
-0.002286
0.005668
-0.002908
-0.000376
-0.002232
-0.000158
-0.009707
0.008974
-0.006290
0.018763
-0.023030
0.005688
0.011235
-0.009102
-0.012078
0.013548
0.003922
-0.009164
-0.005213
0.002860
0.005687
0.009413
-0.017063
0.001462
-0.000079
0.011834
-0.018640
-0.004257
0.025449
-0.019507
0.004681
-0.003872
0.003454
0.000798
-0.008073
0.004121
0.009376
-0.007093
-0.005488
-0.004227
0.000476
0.015618
-0.017915
-0.002776
0.028313
-0.022541
-0.005331
0.013580
-0.010420
0.009378
0.004489
-0.007485
0.001109
0.003085
-0.001174
-0.009618
-0.002044
0.021536
-0.016747
-0.002885
0.015386
-0.014585
-0.001674
0.011470
-0.001942
-0.004652
-0.006336
0.006663
0.009256
-0.016142
0.015636
-0.014176
0.014425
-0.005520
0.001399
-0.025244
0.043932
-0.013625
-0.011298
0.001702
0.017577
-0.012168
0.002564
-0.005322
0.011185
-0.003507
-0.000963
0.001725
-0.001128
0.007379
-0.008929
-0.002051
0.007141
0.001662
-0.011387
0.010158
-0.002938
0.000833
-0.014768
0.024476
-0.016659
0.015976
-0.023787
0.012912
0.004628
0.004543
-0.013990
-0.003395
0.021553
-0.006335
-0.010754
0.002849
0.006284
0.005950
-0.011645
0.007974
-0.006478
0.011545
-0.010969
-0.000888
0.004870
0.012287
-0.013085
-0.002740
0.019625
-0.007541
-0.004879
0.002053
0.003678
-0.001899
0.001287
-0.009018
0.015505
-0.004293
-0.005319
0.000249
0.004926
0.005865
-0.006700
-0.010330
0.028958
-0.014404
-0.007226
0.006792
0.005589
-0.003518
-0.003819
-0.004436
0.003121
0.011824
-0.005198
-0.013797
0.014568
0.005509
-0.004256
-0.018100
0.026501
-0.002310
-0.012955
0.010786
-0.000348
-0.008102
0.010176
-0.015697
0.020116
-0.009052
0.007152
-0.016993
0.005603
0.015041
-0.009253
-0.016897
0.033116
-0.018531
0.001578
-0.002156
0.008177
-0.004596
0.001872
0.000442
-0.003972
0.004882
-0.004021
0.004114
-0.004794
0.009232
-0.012482
0.006609
0.008760
-0.001808
-0.017724
0.020035
-0.011824
0.004293
-0.001998
0.007379
-0.002866
-0.005398
0.010355
-0.010582
0.008461
-0.000072
0.000965
-0.013381
0.020562
-0.009245
-0.001475
0.011165
-0.012168
0.002151
0.004929
-0.012516
0.013419
-0.006852
0.014933
-0.020737
0.009388
0.009605
-0.005563
-0.013001
0.021971
-0.015781
0.010031
-0.003376
0.005770
-0.010401
0.007410
-0.000349
-0.005456
0.009740
-0.003768
-0.004065
0.005285
0.012053
-0.023956
0.001917
0.019817
-0.005494
-0.004796
0.007228
-0.006935
0.015790
-0.028194
0.024151
-0.024449
0.038899
-0.031463
0.013864
-0.009250
0.012956
-0.006229
-0.009640
0.023097
-0.014902
0.000919
-0.001725
0.012823
-0.015137
0.007276
0.002003
-0.008741
0.009275
-0.002485
0.002146
-0.002924
0.015273
-0.029037
0.018328
0.007234
-0.008274
-0.004410
0.006352
0.004372
-0.001618
-0.009718
-0.001124
0.015918
-0.009895
0.009404
-0.011265
0.000558
0.025639
-0.028816
-0.002034
0.015993
-0.006074
0.000759
-0.002757
0.005563
0.001804
-0.007808
0.009044
0.006191
-0.000727
-0.005340
0.001683
-0.003256
0.019920
-0.016495
0.002238
0.006392
-0.004695
0.002861
-0.011471
0.019693
-0.010112
0.019887
-0.075685
0.119887
-0.078417
0.008789
-0.007353
-0.000367
0.017146
-0.012343
-0.007797
0.017476
0.002964
-0.026136
0.029057
-0.029913
0.025856
-0.013773
-0.007260
0.006488
-0.000980
0.000981
0.000603
0.002586
-0.012191
0.016121
-0.026589
0.024000
-0.005295
-0.009523
0.003055
0.007714
-0.010403
0.001957
-0.001106
0.002540
-0.002448
-0.004855
0.008156
-0.010120
0.002336
-0.005403
0.002474
0.004898
-0.001037
-0.012005
0.012068
0.000400
-0.015957
0.013180
-0.014400
0.011929
0.001009
-0.016361
0.010985
-0.012682
0.013675
-0.010977
-0.001601
0.004030
-0.001927
-0.008048
0.002100
0.005887
0.000061
-0.027050
0.045383
-0.044799
0.032701
-0.062866
0.192542
-0.416769
0.470437
