-0.297247
0.059496
-0.060230
-0.005133
0.033391
-0.009642
-0.035135
0.016919
0.020866
-0.050352
0.050290
-0.036590
-0.009509
0.020881
-0.009827
-0.009009
0.003802
-0.015455
0.014073
0.005463
-0.043585
0.040539
-0.028089
-0.004035
0.019432
-0.028520
0.013209
-0.011834
0.011212
-0.019756
0.008167
-0.013356
-0.001104
0.007270
-0.004855
-0.011559
-0.012762
0.017936
-0.012857
-0.002660
0.000096
-0.004405
0.001745
-0.014968
-0.005695
0.010340
-0.011665
-0.000865
-0.000260
-0.009905
0.004307
-0.011104
0.007299
-0.003587
-0.034688
0.024933
0.066072
-0.156748
-0.017338
0.380793
-0.227994
-0.997419
2.281041
1.606966
0.928765
0.199667
0.338866
0.398732
0.126205
-0.012240
0.125275
0.179347
0.089657
0.320372
0.044917
0.036307
0.206639
0.190187
0.084322
0.074180
0.132717
0.101071
0.118837
0.067713
0.146966
0.081300
0.065644
0.145200
0.065126
0.061326
0.113023
0.140694
0.040968
0.092877
0.059812
0.093133
0.128013
0.051687
0.041184
0.103594
0.095078
0.065417
0.070837
0.062437
0.103309
0.064361
0.051683
0.076633
0.076944
0.038038
0.076282
0.079920
0.053980
0.061997
0.066165
0.061621
0.052664
0.050931
0.061708
0.069376
0.044762
0.049452
0.061221
0.039741
0.070315
0.045063
0.036655
0.065568
0.041665
0.041621
0.065975
0.028947
0.057798
0.037444
0.042854
0.041214
0.047489
0.041174
0.040786
0.045063
0.032043
0.051046
0.033242
0.046987
0.036004
0.019743
0.063802
0.036817
0.015325
0.047713
0.040208
0.030242
0.021981
0.038514
0.035835
0.028800
0.041021
0.012389
0.038073
0.038803
0.018527
0.021532
0.053300
0.010375
0.026524
0.043375
0.012228
0.030259
0.019571
0.041914
0.019445
0.024936
0.022893
0.019789
0.020904
0.040628
0.017973
0.002232
0.053562
0.001291
0.029785
0.013989
0.018129
0.031677
0.012912
0.019311
0.028797
0.013769
0.015896
0.007440
0.033500
0.035688
-0.011515
0.027578
0.014468
0.028910
0.014821
-0.004603
0.028397
0.022934
0.009246
0.007645
0.027368
0.002696
0.028648
-0.005599
0.028979
0.019956
0.007443
-0.003651
0.031070
0.013926
0.007686
-0.004125
0.024064
0.014644
0.005767
0.008948
0.019560
0.006518
0.009109
-0.003959
0.029407
0.024644
-0.024489
0.021838
0.022421
0.023165
-0.031049
0.028285
0.011352
0.020039
-0.012826
0.011929
0.022088
0.002309
0.007012
-0.003216
0.020422
0.018965
-0.006807
0.004875
0.028399
-0.004514
-0.005565
0.016728
0.007758
0.013161
-0.004091
0.006236
0.017597
0.001643
-0.000613
0.009300
0.008420
0.009967
-0.006447
0.005582
0.018735
-0.001249
-0.009226
0.021335
0.012012
-0.004895
-0.000284
0.006898
0.016115
-0.002461
-0.002385
0.004520
0.009318
0.015913
-0.009900
-0.002179
0.024006
-0.003376
0.000660
-0.003245
0.019308
-0.010993
0.008876
-0.008628
0.025721
-0.009863
0.000322
0.000466
0.020431
0.002812
-0.016678
0.010585
0.006416
-0.000097
-0.005885
0.011458
0.000281
0.010036
-0.011633
0.004953
0.011308
-0.008274
0.008063
0.002207
-0.012095
0.016224
-0.000499
-0.008272
0.011245
-0.009526
0.012271
0.000322
-0.007815
0.003616
0.002366
-0.005536
0.008986
-0.004060
0.008992
-0.010364
0.003204
0.009061
-0.010221
-0.003089
0.005495
0.013859
-0.022355
0.014096
-0.012201
0.016466
-0.014173
0.004089
0.004582
0.003367
0.006256
-0.017090
0.010292
0.013862
-0.008122
-0.012795
0.021585
-0.007828
-0.012104
0.012099
0.007747
0.001366
-0.010279
0.000519
0.009726
0.000369
-0.013330
-0.000485
0.003238
0.011120
-0.008978
-0.010456
0.013216
0.007687
-0.013954
0.001382
0.000006
0.004632
-0.012727
0.000870
0.014396
-0.004623
-0.012117
0.002899
-0.004553
0.020676
-0.024386
0.005324
0.006331
-0.004484
-0.000193
-0.002339
0.002358
-0.010167
0.006699
-0.009556
0.015845
-0.006933
-0.001485
0.002474
-0.015197
0.013020
-0.001241
-0.015337
0.015042
-0.006860
-0.000698
-0.004819
0.004880
-0.007551
0.006637
-0.008957
0.015287
-0.010841
-0.007274
0.003608
-0.001991
0.015084
-0.020330
-0.002127
0.009470
-0.002942
-0.004328
0.003420
-0.004962
-0.003586
-0.003985
0.005886
0.006638
-0.019252
0.007073
-0.006495
0.005374
0.002782
-0.013620
-0.005295
0.020790
-0.014156
-0.006399
0.003736
-0.006065
0.003701
-0.012815
0.004125
0.005260
-0.008540
-0.001213
-0.001494
-0.007189
0.003896
0.005726
-0.017522
0.008932
0.000639
-0.003645
0.000355
-0.009885
0.007411
0.002514
-0.013526
0.002732
-0.001250
0.006582
-0.020134
0.010059
0.004273
-0.016292
-0.006446
0.023647
-0.016003
-0.005967
-0.000602
-0.002348
0.010002
-0.017359
0.009102
-0.005338
0.007567
-0.018803
0.005206
-0.002835
0.003013
-0.004242
-0.014526
0.018572
-0.000982
-0.024333
0.003651
0.020566
-0.018416
-0.005850
-0.002476
0.017193
-0.011949
-0.005042
-0.004111
-0.001617
0.015276
-0.021770
0.000070
0.006587
-0.002354
-0.018285
0.007444
0.008648
-0.002289
-0.017675
0.004490
0.000732
0.005625
-0.017816
0.003640
-0.000871
0.008413
-0.015658
-0.003510
0.014527
-0.010798
-0.008163
-0.003104
0.007722
-0.007108
-0.000552
-0.006112
0.009262
-0.004126
0.001239
-0.017955
-0.003585
0.030526
-0.033490
0.000937
0.002565
0.015823
-0.027622
0.009932
-0.010206
0.008158
-0.005180
-0.006185
0.002390
-0.013397
0.015392
-0.020832
0.012763
-0.001208
-0.013563
0.006004
-0.001783
0.001827
-0.014158
0.004980
0.001475
-0.006967
-0.007213
0.008975
-0.005078
0.001623
-0.015042
0.005946
-0.006946
0.007297
-0.009629
-0.006927
0.007655
-0.003583
-0.003962
0.006928
-0.012453
-0.002949
-0.003619
0.006367
-0.006536
0.008451
-0.018077
-0.001603
0.009429
-0.007074
-0.002727
-0.008112
0.011683
-0.003640
-0.008574
0.006311
-0.006308
-0.000592
-0.013281
0.028216
-0.031629
0.009111
-0.008474
0.002917
-0.002636
0.005603
-0.011026
-0.001128
0.014395
-0.016169
-0.009164
0.007934
-0.004536
-0.002028
-0.000370
-0.005318
0.008315
-0.010243
0.002495
-0.006477
-0.006981
0.020544
-0.027952
0.003823
0.014690
-0.014216
-0.007887
0.004320
0.001226
-0.003249
-0.003575
-0.005845
-0.001356
0.011487
-0.013388
-0.007726
0.005137
0.007565
-0.013670
-0.005605
0.013522
-0.005874
-0.006069
0.000348
-0.004231
0.003782
-0.012887
0.003294
0.005469
-0.003752
-0.012112
-0.002721
0.008214
0.007768
-0.024195
0.001976
0.018943
-0.003995
-0.027052
0.010663
0.006573
-0.004029
-0.017895
0.005525
0.008267
-0.006076
0.005949
-0.019201
0.004534
0.013700
-0.016875
-0.010619
0.017866
-0.012326
0.000061
-0.003299
0.003476
-0.002158
-0.011733
0.008705
0.000491
-0.001528
-0.013505
0.008427
-0.013244
0.020583
-0.023184
0.003195
0.003649
0.007284
-0.026867
0.020439
-0.013271
0.002158
-0.017172
0.015978
0.003703
-0.015593
0.007819
-0.015737
0.005165
0.015394
-0.022624
-0.003176
0.013316
-0.005791
-0.005914
-0.007610
0.014784
-0.015728
0.005066
-0.005851
0.009403
-0.014891
-0.005277
0.014660
-0.023036
0.023585
-0.020924
-0.005577
0.018618
-0.005469
-0.015948
0.006234
-0.000215
0.002482
-0.001313
-0.010501
0.009400
-0.008729
0.001593
-0.011421
0.008829
0.000965
-0.000639
-0.014773
0.008689
0.006514
-0.012310
-0.001896
-0.000483
-0.003401
0.003429
-0.009593
0.005505
0.000480
-0.004468
-0.006330
-0.002788
0.015492
-0.014099
-0.011112
0.020198
-0.012054
-0.002813
-0.006355
0.016254
-0.006363
-0.000570
-0.002911
-0.002686
0.010105
-0.008840
-0.010154
0.003824
0.016994
-0.021371
-0.006132
0.007379
0.010199
-0.021264
0.007216
-0.001835
0.010149
-0.013322
-0.001781
0.004546
0.001513
-0.003683
-0.016806
0.014511
0.000444
-0.007525
-0.010252
0.021859
-0.015215
-0.001091
-0.001400
-0.002319
0.004703
-0.011410
0.007397
-0.005083
0.002155
-0.005676
0.008649
-0.018558
0.019098
-0.015842
-0.005690
0.023994
-0.025266
0.010963
-0.014549
0.011265
0.001090
-0.005511
-0.005539
0.001846
0.004113
-0.006611
-0.003472
-0.001251
0.012453
-0.014501
-0.007350
0.019131
-0.008384
-0.010707
-0.004670
0.011350
0.004347
-0.025366
0.007989
0.008816
-0.006450
0.006220
-0.024303
0.009247
0.022498
-0.031553
0.001230
0.015124
-0.008511
-0.004957
0.005284
-0.012795
0.011326
-0.009723
-0.007622
0.013343
-0.011150
0.012223
-0.019589
-0.000629
0.014482
-0.003259
-0.030428
0.038252
-0.023150
0.005388
-0.018079
0.019170
-0.004533
-0.004177
-0.008390
0.007184
-0.002924
-0.005983
-0.002137
0.001523
0.009492
-0.018129
-0.004035
0.016842
-0.006163
-0.010439
0.010793
-0.020335
0.012517
-0.011401
0.007176
0.001771
-0.014160
0.015688
-0.020042
0.008406
0.006975
-0.018764
-0.002984
0.018285
-0.009439
-0.008562
0.007502
-0.009511
0.011250
-0.015363
0.001429
0.009870
-0.010916
-0.001368
-0.000132
-0.008489
0.018572
-0.025605
0.003461
0.013170
-0.006121
-0.011981
0.002891
0.002898
0.001753
-0.010468
-0.001856
0.004386
-0.002879
0.007707
-0.021776
0.004658
0.018240
-0.018137
-0.002760
0.006750
0.004715
-0.011912
0.003877
-0.008896
0.013298
-0.019347
0.014768
-0.034797
0.057957
-0.050609
0.008217
0.003942
0.001388
0.000050
-0.026642
0.028936
-0.014643
0.006027
-0.010458
0.010584
-0.014525
0.002324
0.000420
-0.010349
0.013537
-0.012505
0.002420
-0.007724
0.010919
-0.009976
-0.006206
0.005066
0.003477
-0.014823
0.004791
0.007470
-0.016922
0.009042
-0.013355
0.023531
-0.026587
0.011363
-0.021821
0.020373
-0.003287
-0.007706
-0.011518
0.013760
0.003229
-0.023022
0.013567
-0.003668
0.003553
-0.014856
0.006818
-0.005196
0.002051
0.002076
-0.016546
0.010507
0.005247
-0.019094
0.003752
0.001376
0.004907
-0.005608
-0.016051
0.008528
0.015573
-0.015897
-0.059456
0.123471
-0.085340
-0.003530
-0.019313
0.015305
0.016282
-0.029892
0.003876
0.010023
-0.008116
-0.013449
0.017477
-0.023761
0.004734
-0.003441
-0.001003
0.001771
-0.022535
0.018382
-0.013872
0.006575
-0.013704
0.005612
-0.016477
0.007242
0.002492
-0.016945
0.001278
-0.001723
-0.001406
-0.020893
0.012766
-0.000863
-0.004355
-0.015784
0.015920
-0.024077
0.008464
-0.010109
0.000318
0.006885
-0.020784
0.003011
-0.006165
0.009928
-0.016216
-0.004933
-0.005114
0.010716
-0.016165
-0.004481
-0.000638
-0.000238
-0.009709
-0.006668
-0.002407
-0.007626
0.016337
-0.035837
0.020502
-0.016552
0.005204
-0.030114
0.040702
-0.051739
0.035341
-0.072333
0.261349
-0.614648
0.697945
