-0.264685
0.041788
-0.043638
-0.011047
0.033404
-0.009004
-0.016360
0.000739
0.029212
-0.054163
0.073777
-0.056068
-0.002552
0.030163
-0.019913
0.012919
-0.013485
0.000455
0.002539
0.003759
-0.020863
0.034257
-0.031302
0.003005
0.020119
-0.026541
0.014958
-0.009980
0.011209
-0.013568
0.004113
-0.004671
0.005385
0.001541
-0.005973
-0.001422
-0.005053
0.014152
-0.016688
0.004616
-0.006024
0.005775
-0.000423
-0.003456
-0.013184
0.026100
-0.027414
0.009041
0.004165
-0.013388
0.015060
-0.014353
0.009683
-0.007242
-0.012532
-0.001292
0.091528
-0.169213
0.027792
0.239624
-0.000733
-1.055879
2.254068
1.117387
0.699724
0.336584
0.437719
0.391795
0.175994
0.066067
0.177356
0.111130
0.185014
0.273959
-0.001516
0.082834
0.203207
0.211446
0.052166
0.100185
0.131883
0.112794
0.121714
0.090001
0.127107
0.058386
0.142031
0.133034
0.039436
0.100007
0.124565
0.133108
0.051217
0.105259
0.057299
0.130324
0.107759
0.065458
0.066682
0.100026
0.113671
0.072109
0.076364
0.083187
0.097140
0.067940
0.098486
0.060766
0.083721
0.077184
0.079116
0.074116
0.069052
0.065979
0.095339
0.059709
0.063443
0.076649
0.079015
0.060173
0.066672
0.068929
0.064938
0.072395
0.065162
0.053417
0.050029
0.088220
0.052898
0.047055
0.071025
0.059286
0.055793
0.056126
0.053142
0.057119
0.044353
0.070370
0.046360
0.052465
0.052524
0.052176
0.054687
0.057022
0.040863
0.048533
0.046733
0.066392
0.029106
0.049005
0.052293
0.050894
0.034564
0.054660
0.038768
0.047982
0.040402
0.043223
0.034431
0.057076
0.028219
0.039988
0.046840
0.040842
0.028567
0.052173
0.028131
0.039287
0.025389
0.039474
0.050553
0.023749
0.023633
0.042496
0.028166
0.054728
0.002669
0.040512
0.039029
0.035195
0.013664
0.042862
0.029523
0.036394
0.020031
0.026695
0.044836
0.023030
0.021987
0.020223
0.038384
0.039205
-0.000558
0.035208
0.040948
0.017811
0.010833
0.028229
0.031635
0.024799
0.011891
0.033316
0.028234
0.013322
0.017872
0.029580
0.019393
0.040464
-0.001231
0.020072
0.035521
0.018077
0.017846
0.013710
0.014569
0.033969
0.006596
0.026119
0.017529
0.019370
0.020050
0.020560
0.004605
0.048125
-0.008523
0.023751
0.023121
0.016281
0.016821
0.004205
0.029157
0.011807
0.023375
0.001505
0.030491
0.011805
0.016988
0.005324
0.013517
0.031958
0.004741
0.004360
0.034423
0.002334
0.010665
0.013560
0.020108
0.003215
0.023446
0.000370
0.023452
0.008353
0.018197
0.003903
0.003940
0.029813
0.001610
0.006881
0.022328
0.009235
0.007218
0.010476
0.011169
0.009886
0.001119
0.019785
0.008961
0.009894
0.005170
0.014299
0.004862
0.018411
0.003668
0.008606
0.014855
0.009057
0.012140
0.000773
0.019333
-0.010394
0.027506
0.008945
0.004680
0.002664
0.015450
0.014290
-0.006248
0.022943
-0.008983
0.012602
0.013741
0.011578
-0.006769
0.013283
0.008545
0.003692
0.010784
-0.010013
0.026267
-0.004239
0.012924
-0.003272
0.005903
0.017815
-0.003866
0.003016
0.019477
0.001493
-0.011132
0.024312
-0.000902
0.012245
-0.007685
0.009945
0.007810
0.004310
0.007767
-0.004167
0.005109
0.019626
-0.012919
0.010761
0.010430
-0.008244
0.010566
0.012933
-0.004746
-0.001603
0.012909
0.006595
-0.005833
0.011673
0.000379
-0.000553
0.000574
0.019347
-0.012633
0.000462
0.015861
0.006605
-0.016028
0.015160
-0.000555
0.015066
-0.016183
0.008136
0.013799
-0.005170
0.000353
0.008185
-0.008550
0.026613
-0.011816
-0.007188
0.017951
-0.003061
0.010715
-0.009512
0.009015
0.001916
-0.003919
-0.009833
0.028373
-0.000553
-0.005363
-0.002579
0.004594
0.021948
-0.022278
0.004367
0.007401
0.002526
0.002658
-0.001985
0.000955
0.001840
0.007446
-0.002874
0.001696
0.001924
0.003915
0.000411
-0.006692
0.017683
-0.009371
-0.003261
0.017699
-0.009364
0.004370
-0.008151
0.013279
0.000715
-0.005165
-0.002082
0.013031
-0.004326
-0.003992
0.008406
-0.008862
0.031082
-0.032081
0.013615
0.002933
0.006308
-0.009133
0.002789
-0.004580
0.015037
-0.003631
-0.001151
0.001746
-0.005565
0.008716
-0.014792
0.010309
0.008312
-0.016090
0.002498
0.012540
0.004887
-0.016696
0.007707
0.003324
0.008501
-0.003844
-0.004086
0.013312
0.004091
-0.015776
0.018010
-0.023521
0.026628
-0.010376
0.001768
0.007705
-0.007455
-0.001879
-0.000234
0.003407
0.004491
-0.007542
0.006732
-0.003216
0.007279
-0.001274
-0.006989
-0.012654
0.031538
-0.016778
-0.007172
0.004289
0.011353
0.002997
-0.018658
0.004201
0.005917
-0.001393
-0.005209
0.006639
-0.010375
0.007030
0.002453
-0.010672
0.020103
-0.023911
0.011620
0.001852
0.001518
-0.018075
0.019611
-0.003916
-0.009448
-0.003917
0.010672
-0.003925
0.002840
-0.002535
-0.002845
-0.007929
0.013790
0.003297
-0.014951
0.008212
-0.012942
0.009237
0.009115
-0.018264
0.007517
-0.004189
0.004762
-0.000506
0.003073
-0.005904
-0.003296
0.002550
0.012288
-0.019682
-0.004203
0.015918
-0.001156
-0.013497
0.005621
-0.001338
0.003683
0.002488
-0.017252
0.010384
0.003554
0.005289
-0.019521
0.007128
0.016301
-0.024513
-0.000770
0.012413
-0.004566
-0.011566
0.009291
-0.004303
0.008099
-0.013509
-0.001060
0.011261
-0.000275
-0.013466
-0.001300
-0.000212
0.018579
-0.020429
-0.007346
0.020313
-0.012074
-0.000996
0.000884
-0.006666
0.014197
-0.008057
-0.001078
-0.000830
0.001732
0.000052
-0.016818
0.013749
0.013449
-0.023649
-0.001995
0.013076
0.002514
-0.018702
0.005580
0.010049
-0.003593
-0.009099
-0.001394
0.018729
-0.013079
-0.005434
0.000039
-0.000585
0.015447
-0.019579
-0.005287
0.012093
-0.002005
-0.005177
0.005631
-0.015971
0.012025
0.000907
-0.007254
0.003080
-0.001622
-0.004558
-0.001310
-0.000737
0.016814
-0.009711
-0.017389
0.018248
-0.001351
-0.004316
-0.012686
0.002258
0.017071
-0.010523
-0.007939
0.009600
-0.014139
0.014802
-0.006770
-0.010021
0.019492
-0.018293
-0.005131
0.021047
-0.013810
-0.008979
0.016982
-0.013539
0.001867
-0.002676
0.004444
-0.000097
-0.010254
0.007144
0.002282
-0.009615
0.005318
-0.001515
-0.010931
0.012488
0.002733
-0.008986
-0.001779
0.004615
-0.001532
-0.000026
0.000054
0.001345
0.006500
-0.008681
-0.000277
0.011750
0.005827
-0.018146
-0.003578
0.021975
-0.010752
-0.007098
0.003697
-0.000232
0.000241
-0.003272
0.005306
-0.002942
-0.010182
0.011003
-0.012516
0.006038
0.014776
-0.010701
-0.013227
0.027827
-0.004443
-0.011965
0.005261
-0.003593
0.006010
-0.001564
-0.001934
0.001820
-0.003357
0.005802
-0.001229
-0.011097
0.025417
-0.016473
-0.004635
0.013888
0.004606
-0.012814
0.000590
0.001648
0.005384
-0.007195
-0.001210
0.013141
-0.011129
-0.000864
-0.000753
0.009144
0.000042
-0.016819
0.005413
0.010005
-0.004189
0.000767
-0.006497
0.007809
-0.002463
-0.004880
-0.008051
0.020483
-0.015192
0.007267
-0.009719
0.003119
0.014642
-0.016504
-0.005592
0.022026
-0.010220
-0.013143
0.007528
0.011611
-0.006966
-0.012563
0.006337
0.004442
0.003761
-0.004273
-0.008172
0.004308
0.011072
-0.009618
-0.014333
0.022578
-0.005842
-0.010373
0.005141
0.002651
-0.002005
-0.010291
0.004995
0.013581
-0.009431
-0.000634
-0.009483
0.006307
0.013367
-0.011643
-0.012423
0.022945
-0.011343
-0.003045
0.005018
-0.002895
0.010610
-0.012937
0.002618
0.006700
0.004133
-0.009402
-0.003627
0.002747
0.016929
-0.019974
0.000755
0.008565
-0.000305
-0.003704
-0.001882
0.002727
-0.002930
-0.001411
-0.005025
0.017224
-0.007556
-0.003682
-0.002497
0.006523
0.012952
-0.011468
-0.004618
0.017493
-0.004644
-0.007985
0.006223
-0.003529
0.010662
-0.016926
0.009912
-0.000559
0.007782
-0.010533
0.001207
0.002407
0.009149
-0.006311
-0.013099
0.023767
-0.009191
-0.003043
0.001380
0.006790
-0.009287
-0.001029
0.008426
0.000594
-0.001261
-0.008438
0.004012
0.003669
0.001567
-0.002370
-0.003037
0.019101
0.000434
-0.009512
0.009189
-0.004598
0.007177
-0.003859
-0.009140
0.021707
-0.002436
-0.005591
-0.011325
0.011294
0.019156
-0.022328
-0.003425
0.017959
0.002326
-0.015219
0.008612
0.002534
-0.004833
0.002305
0.001167
-0.000798
0.005573
-0.003797
-0.000440
-0.009268
0.027268
-0.019432
-0.007316
0.019101
0.000460
-0.010629
-0.003053
0.013872
-0.008141
0.007546
-0.012359
0.008822
0.008181
-0.008350
-0.010518
0.013204
0.007288
-0.007317
-0.005450
0.008247
0.002782
-0.008502
0.004414
0.000039
0.002960
-0.002891
-0.001323
0.003522
0.000156
-0.002955
0.002678
-0.003614
0.015842
-0.014668
-0.008519
0.028210
-0.017118
0.001024
-0.002270
0.001934
0.008105
-0.012478
0.002479
0.008271
0.003072
-0.015378
0.011208
-0.005138
0.015637
-0.016102
-0.003160
0.024235
-0.022100
0.010527
-0.004713
0.009754
-0.009942
0.003228
-0.003134
0.011274
-0.011321
0.003027
-0.004624
0.004614
0.010129
-0.009346
-0.012054
0.018967
-0.001289
-0.009907
0.006423
-0.010723
0.020528
-0.026301
0.023937
-0.026985
0.050454
-0.051092
0.016194
0.001809
0.009619
-0.004669
-0.017816
0.019297
0.000965
-0.006455
0.001487
0.004326
-0.007086
-0.001805
0.013379
-0.004459
0.001928
-0.002536
-0.000711
-0.003782
0.016233
-0.014212
0.001255
0.007066
0.001458
-0.011530
0.002898
0.004359
0.001953
-0.011647
0.003891
0.007219
0.000094
0.001673
-0.007589
0.001238
0.015541
-0.019851
-0.000393
0.025989
-0.024994
0.005209
0.000310
0.008260
-0.004980
-0.008598
0.010566
-0.001370
-0.000622
0.001978
-0.009102
0.011311
0.002955
-0.016748
0.003556
0.014624
-0.011671
0.012514
-0.027618
0.028794
-0.010843
0.015593
-0.075063
0.132506
-0.100809
0.025207
-0.021812
0.005481
0.017949
-0.018890
-0.005690
0.018910
-0.010280
-0.005638
0.012881
-0.023216
0.016022
-0.006337
0.000936
-0.003711
-0.002615
0.002434
0.000602
-0.009564
0.001898
0.006788
-0.023016
0.027941
-0.021153
-0.004781
0.018221
-0.016557
0.000518
-0.000142
-0.003321
0.005841
-0.007241
-0.014225
0.015920
-0.013767
0.007424
-0.004316
-0.009596
0.013641
-0.013180
-0.001144
-0.000391
0.002290
-0.008349
0.001713
-0.007663
0.007925
-0.018762
0.016051
-0.007438
-0.003365
-0.000115
0.001181
-0.009910
0.012322
-0.001975
-0.008689
-0.000213
0.002596
-0.001097
-0.022844
0.039134
-0.054471
0.039934
-0.069282
0.250078
-0.576870
0.656171
