0.007676
0.006762
0.005443
0.003951
0.002514
0.001303
0.000410
-0.000158
-0.000455
-0.000569
-0.000589
-0.000587
-0.000607
-0.000668
-0.000768
-0.000895
-0.001035
-0.001174
-0.001303
-0.001418
-0.001516
-0.001600
-0.001670
-0.001729
-0.001779
-0.001823
-0.001864
-0.001905
-0.001949
-0.001999
-0.002055
-0.002119
-0.002189
-0.002263
-0.002339
-0.002411
-0.002478
-0.002535
-0.002583
-0.002622
-0.002656
-0.002686
-0.002715
-0.002737
-0.002736
-0.002669
-0.002452
-0.001918
-0.000772
0.001491
0.005677
0.012988
0.025087
0.044070
0.072298
0.112033
0.164889
0.231164
0.309224
0.395146
0.482827
0.564682
0.632847
0.680660
0.704023
0.702257
0.678192
0.637466
0.587237
0.534698
0.485786
0.444391
0.412160
0.388816
0.372803
0.361997
0.354314
0.348096
0.342265
0.336302
0.330109
0.323840
0.317748
0.312074
0.306982
0.302546
0.298747
0.295504
0.292698
0.290195
0.287871
0.285624
0.283384
0.281113
0.278804
0.276473
0.274151
0.271874
0.269675
0.267578
0.265595
0.263726
0.261960
0.260280
0.258664
0.257093
0.255548
0.254015
0.252483
0.250944
0.249391
0.247816
0.246212
0.244574
0.242897
0.241182
0.239432
0.237654
0.235856
0.234047
0.232228
0.230401
0.228558
0.226690
0.224785
0.222835
0.220836
0.218793
0.216715
0.214619
0.212524
0.210450
0.208414
0.206425
0.204486
0.202593
0.200737
0.198903
0.197082
0.195265
0.193448
0.191634
0.189828
0.188037
0.186266
0.184520
0.182803
0.181115
0.179454
0.177817
0.176200
0.174594
0.172992
0.171383
0.169761
0.168118
0.166453
0.164766
0.163064
0.161356
0.159654
0.157970
0.156317
0.154703
0.153134
0.151613
0.150135
0.148693
0.147277
0.145875
0.144477
0.143074
0.141662
0.140240
0.138813
0.137388
0.135974
0.134580
0.133217
0.131892
0.130610
0.129376
0.128186
0.127038
0.125923
0.124831
0.123753
0.122677
0.121597
0.120508
0.119409
0.118305
0.117203
0.116113
0.115042
0.113997
0.112979
0.111984
0.111004
0.110028
0.109045
0.108046
0.107028
0.105994
0.104953
0.103917
0.102901
0.101916
0.100970
0.100067
0.099201
0.098368
0.097555
0.096752
0.095948
0.095137
0.094314
0.093480
0.092640
0.091803
0.090977
0.090169
0.089384
0.088621
0.087875
0.087140
0.086409
0.085677
0.084942
0.084206
0.083474
0.082752
0.082044
0.081349
0.080666
0.079989
0.079308
0.078617
0.077911
0.077189
0.076456
0.075718
0.074987
0.074271
0.073580
0.072917
0.072284
0.071676
0.071089
0.070515
0.069948
0.069382
0.068815
0.068246
0.067676
0.067106
0.066540
0.065982
0.065435
0.064903
0.064388
0.063891
0.063409
0.062938
0.062474
0.062010
0.061543
0.061072
0.060597
0.060123
0.059654
0.059198
0.058759
0.058342
0.057947
0.057574
0.057216
0.056864
0.056507
0.056134
0.055734
0.055303
0.054841
0.054353
0.053850
0.053342
0.052838
0.052344
0.051860
0.051386
0.050918
0.050455
0.049998
0.049547
0.049108
0.048683
0.048274
0.047880
0.047500
0.047131
0.046769
0.046413
0.046061
0.045713
0.045367
0.045022
0.044678
0.044333
0.043989
0.043645
0.043305
0.042972
0.042653
0.042354
0.042082
0.041842
0.041634
0.041455
0.041295
0.041145
0.040990
0.040821
0.040629
0.040411
0.040165
0.039893
0.039597
0.039281
0.038948
0.038602
0.038249
0.037898
0.037555
0.037231
0.036930
0.036659
0.036415
0.036195
0.035991
0.035792
0.035590
0.035375
0.035144
0.034895
0.034633
0.034364
0.034094
0.033832
0.033581
0.033341
0.033110
0.032881
0.032647
0.032401
0.032143
0.031873
0.031597
0.031323
0.031059
0.030813
0.030586
0.030379
0.030184
0.029995
0.029802
0.029598
0.029378
0.029142
0.028893
0.028639
0.028389
0.028150
0.027929
0.027729
0.027549
0.027384
0.027228
0.027074
0.026919
0.026759
0.026598
0.026437
0.026281
0.026132
0.025994
0.025864
0.025743
0.025628
0.025516
0.025404
0.025288
0.025165
0.025028
0.024876
0.024706
0.024519
0.024318
0.024107
0.023893
0.023681
0.023479
0.023291
0.023124
0.022981
0.022866
0.022781
0.022724
0.022690
0.022671
0.022659
0.022642
0.022613
0.022564
0.022492
0.022396
0.022278
0.022143
0.021999
0.021854
0.021714
0.021586
0.021473
0.021375
0.021290
0.021214
0.021141
0.021069
0.020995
0.020917
0.020836
0.020750
0.020658
0.020559
0.020450
0.020330
0.020198
0.020058
0.019915
0.019774
0.019642
0.019525
0.019426
0.019346
0.019283
0.019233
0.019189
0.019146
0.019097
0.019036
0.018961
0.018872
0.018773
0.018670
0.018568
0.018475
0.018395
0.018332
0.018284
0.018248
0.018218
0.018186
0.018145
0.018089
0.018014
0.017922
0.017818
0.017709
0.017603
0.017508
0.017427
0.017361
0.017304
0.017252
0.017199
0.017141
0.017077
0.017006
0.016931
0.016854
0.016776
0.016697
0.016620
0.016545
0.016474
0.016409
0.016351
0.016301
0.016257
0.016217
0.016179
0.016140
0.016099
0.016059
0.016020
0.015984
0.015953
0.015925
0.015900
0.015873
0.015842
0.015804
0.015758
0.015702
0.015637
0.015565
0.015489
0.015413
0.015341
0.015275
0.015217
0.015168
0.015131
0.015105
0.015095
0.015102
0.015128
0.015175
0.015239
0.015313
0.015388
0.015452
0.015494
0.015504
0.015481
0.015428
0.015350
0.015261
0.015169
0.015085
0.015014
0.014957
0.014912
0.014875
0.014843
0.014813
0.014783
0.014751
0.014717
0.014682
0.014643
0.014599
0.014549
0.014490
0.014421
0.014343
0.014259
0.014177
0.014103
0.014045
0.014010
0.014000
0.014011
0.014039
0.014072
0.014102
0.014121
0.014125
0.014113
0.014088
0.014052
0.014011
0.013968
0.013926
0.013886
0.013849
0.013818
0.013791
0.013768
0.013748
0.013727
0.013703
0.013672
0.013633
0.013584
0.013527
0.013463
0.013395
0.013327
0.013261
0.013202
0.013152
0.013112
0.013084
0.013068
0.013061
0.013061
0.013063
0.013062
0.013054
0.013037
0.013008
0.012969
0.012923
0.012874
0.012826
0.012783
0.012748
0.012724
0.012709
0.012703
0.012702
0.012702
0.012701
0.012694
0.012678
0.012650
0.012611
0.012562
0.012505
0.012448
0.012395
0.012355
0.012329
0.012319
0.012323
0.012335
0.012349
0.012358
0.012359
0.012348
0.012325
0.012290
0.012247
0.012196
0.012141
0.012086
0.012035
0.011992
0.011960
0.011939
0.011928
0.011922
0.011920
0.011916
0.011910
0.011900
0.011888
0.011876
0.011864
0.011851
0.011839
0.011827
0.011817
0.011813
0.011818
0.011838
0.011873
0.011924
0.011987
0.012056
0.012122
0.012178
0.012216
0.012230
0.012218
0.012181
0.012122
0.012049
0.011972
0.011901
0.011847
0.011813
0.011803
0.011812
0.011833
0.011859
0.011884
0.011905
0.011919
0.011928
0.011932
0.011931
0.011924
0.011910
0.011891
0.011868
0.011848
0.011839
0.011849
0.011884
0.011944
0.012026
0.012121
0.012215
0.012293
0.012342
0.012353
0.012323
0.012256
0.012161
0.012051
0.011942
0.011847
0.011773
0.011724
0.011695
0.011679
0.011666
0.011647
0.011615
0.011569
0.011509
0.011440
0.011366
0.011291
0.011221
0.011158
0.011105
0.011066
0.011041
0.011032
0.011036
0.011051
0.011070
0.011087
0.011098
0.011099
0.011090
0.011070
0.011044
0.011015
0.010988
0.010968
0.010958
0.010960
0.010974
0.011000
0.011032
0.011067
0.011098
0.011121
0.011132
0.011131
0.011117
0.011096
0.011069
0.011039
0.011009
0.010979
0.010949
0.010919
0.010888
0.010856
0.010823
0.010787
0.010748
0.010706
0.010659
0.010611
0.010565
0.010525
0.010495
0.010479
0.010477
0.010486
0.010501
0.010514
0.010518
0.010506
0.010475
0.010425
0.010359
0.010282
0.010201
0.010122
0.010049
0.009984
0.009930
0.009886
0.009851
0.009826
0.009811
0.009807
0.009810
0.009820
0.009831
0.009840
0.009844
0.009843
0.009842
0.009843
0.009851
0.009869
0.009894
0.009924
0.009951
0.009969
0.009975
0.009966
0.009944
0.009912
0.009877
0.009843
0.009817
0.009801
0.009795
0.009797
0.009803
0.009807
0.009801
0.009783
0.009750
0.009705
0.009650
0.009591
0.009532
0.009476
0.009425
0.009376
0.009330
0.009284
0.009237
0.009188
0.009135
0.009077
0.009015
0.008949
0.008879
0.008809
0.008740
0.008677
0.008623
0.008582
0.008554
0.008539
0.008536
0.008544
0.008557
0.008574
0.008588
0.008595
0.008590
0.008570
0.008532
0.008478
0.008412
0.008339
0.008263
0.008190
0.008124
0.008065
0.008017
0.007979
0.007952
0.007935
0.007925
0.007920
0.007915
0.007904
0.007883
0.007848
0.007797
0.007733
0.007658
0.007577
0.007495
0.007417
0.007345
0.007281
0.007226
0.007178
0.007136
0.007099
0.007063
0.007027
0.006988
0.006948
0.006907
0.006866
0.006830
0.006801
0.006779
0.006765
0.006758
0.006753
0.006746
0.006734
0.006712
0.006678
0.006631
0.006575
0.006514
0.006453
0.006400
0.006358
0.006331
0.006317
0.006312
0.006308
0.006300
0.006280
0.006246
0.006199
0.006141
0.006075
0.006005
0.005935
0.005866
0.005799
0.005735
0.005677
0.005625
0.005582
0.005549
0.005526
0.005508
0.005494
0.005478
0.005456
0.005426
0.005389
0.005345
0.005301
0.005261
0.005230
0.005211
0.005206
0.005210
0.005219
0.005225
0.005220
0.005198
0.005155
0.005091
0.005010
0.004919
0.004824
0.004733
0.004649
0.004577
0.004517
0.004469
0.004430
0.004398
0.004367
0.004335
0.004297
0.004250
0.004193
0.004125
0.004048
0.003964
0.003876
0.003784
0.003690
0.003588
0.003475
0.003339
0.003171
0.002959
0.002699
0.002390
0.002044
0.001683
0.001335
0.001031
0.000797
0.000647
0.000580
0.000579
0.000615
0.000658
0.000679
0.000663
0.000603
0.000504
0.000377
0.000235
0.000091
-0.000048
-0.000176
-0.000289
-0.000388
-0.000474
-0.000548
-0.000616
-0.000679
-0.000743
-0.000811
-0.000884
-0.000963
-0.001048
-0.001139
-0.001237
-0.001342
-0.001455
-0.001579
-0.001714
-0.001860
-0.002015
-0.002176
-0.002340
-0.002504
-0.002663
-0.002816
-0.002962
-0.003101
-0.003236
-0.003370
-0.003506
-0.003648
-0.003797
-0.003953
-0.004114
-0.004278
-0.004439
-0.004593
-0.004735
-0.004859
-0.004954
-0.005001
-0.004972
-0.004823
-0.004498
-0.003934
-0.003071
-0.001874
-0.000350
0.001431
0.003328
0.005144
0.006653
0.007651
0.008002
