-0.443435
0.102114
-0.120733
0.022013
0.038085
0.000061
-0.033624
-0.001472
0.049743
-0.078567
0.113085
-0.087398
0.004882
0.037621
-0.008224
-0.014206
0.010894
-0.005184
-0.004309
0.024613
-0.046814
0.049109
-0.025309
-0.006918
0.033659
-0.030931
0.002222
0.004000
0.021125
-0.020234
0.004452
-0.010331
0.013471
-0.001283
-0.009192
0.013197
-0.014838
0.022173
-0.022341
0.004423
0.008364
-0.004912
0.005649
-0.008350
-0.005130
0.017569
-0.014402
0.005867
0.010917
-0.021758
0.017435
-0.007447
-0.003103
0.016347
-0.016551
-0.021846
0.083507
-0.097622
0.013390
0.059141
0.188114
-0.720873
1.579559
0.955269
0.425970
0.234702
0.249797
0.208747
0.112076
0.070197
0.065640
0.041960
0.139168
0.183829
-0.022387
0.052563
0.127420
0.112567
0.055245
0.057635
0.070348
0.056398
0.087271
0.070625
0.083784
0.027233
0.067876
0.118513
0.018210
0.050538
0.082202
0.085664
0.037040
0.070550
0.046080
0.052907
0.108327
0.012509
0.039912
0.081808
0.042008
0.063255
0.028093
0.058848
0.059176
0.039519
0.051141
0.038683
0.061868
0.047472
0.026090
0.065900
0.060005
0.014023
0.073630
0.022717
0.058319
0.027003
0.040508
0.041205
0.046314
0.023168
0.052054
0.031372
0.037526
0.044904
0.015735
0.051868
0.036091
0.019437
0.057714
0.025516
0.031922
0.033683
0.030980
0.027920
0.039832
0.021293
0.044931
0.038093
0.019645
0.035973
0.015868
0.049127
0.012720
0.035658
0.016476
0.041892
0.009740
0.046440
0.016014
0.023887
0.018658
0.039378
0.015170
0.028303
0.027915
0.023663
0.014388
0.025617
0.041304
0.000611
0.030348
0.024587
0.016477
0.032123
0.019101
0.015083
0.014714
0.033475
0.018483
0.014238
0.018852
0.028063
0.003761
0.034137
0.024224
-0.005206
0.033140
0.015156
0.014416
0.024183
0.008714
0.014149
0.019668
0.018064
0.014048
0.014799
0.011875
0.026583
-0.010964
0.060321
-0.021677
0.016219
0.023728
0.025550
-0.000279
0.015620
0.013814
0.007543
0.027516
0.006056
0.019593
0.007190
0.019590
0.000873
0.017650
0.023843
0.005845
0.002092
0.026544
0.004086
0.000829
0.027123
0.003795
0.027719
-0.013876
0.031241
0.009912
0.008731
-0.000145
0.033067
-0.004515
0.022991
-0.001097
0.001681
0.025375
0.005234
-0.001999
0.029276
-0.011853
0.023150
0.008777
0.001287
0.011409
0.004543
0.019410
0.005184
0.005889
0.010616
0.004976
0.012502
0.008286
0.018858
-0.025140
0.032750
0.005509
0.009408
0.003249
0.003547
0.014125
0.004933
0.011413
-0.007092
0.012341
0.015022
0.012989
-0.018575
0.023067
0.006365
0.013684
-0.009425
0.008034
0.013167
0.012273
-0.012366
0.011848
0.003334
0.009683
0.011549
-0.008301
0.018751
0.001872
-0.002973
0.014448
0.023842
-0.031697
0.024743
0.000519
0.019490
-0.006748
0.009261
-0.014397
0.034901
-0.005259
0.008122
-0.005637
0.004965
0.023330
-0.024477
0.014230
0.005485
0.007683
-0.006816
0.008734
0.008572
-0.001579
0.009686
-0.011884
0.019655
0.006086
0.001509
-0.019710
0.019452
0.012955
-0.004657
0.005150
0.003243
-0.005607
0.017671
-0.008466
0.009852
0.000093
0.003086
0.004760
0.007991
-0.001963
-0.002032
0.000666
0.008199
0.004399
-0.005383
0.009467
0.011797
-0.016435
0.012975
0.002610
0.002815
-0.002248
-0.001866
0.005221
0.014512
-0.001898
-0.000726
-0.007709
0.006220
0.016062
-0.023544
0.020672
0.007273
-0.021718
0.012736
-0.000583
0.016399
-0.016576
0.008318
0.004654
-0.003505
0.006903
0.005190
-0.010219
0.015654
-0.010566
0.008905
-0.005931
-0.000052
0.009083
0.002542
-0.008987
0.012010
-0.007707
0.007083
-0.003207
0.004080
0.006339
-0.015925
0.013916
0.007069
-0.005096
-0.007572
0.013856
0.000926
-0.008766
0.001702
0.000178
0.012887
-0.009976
-0.004807
0.004294
0.011285
-0.014198
0.010556
-0.017389
0.014298
0.013325
-0.027872
0.020331
-0.008160
0.003228
0.003133
0.002489
-0.014941
0.013801
-0.004139
0.008719
-0.007491
-0.007687
0.005871
-0.007237
0.007449
0.010455
-0.027300
0.030370
-0.016089
0.011608
-0.005705
-0.008661
0.002200
-0.001877
0.013391
-0.015710
0.018942
-0.015964
0.007709
-0.013368
0.010975
0.012358
-0.008336
-0.006495
0.009160
-0.014316
0.027948
-0.034019
0.008385
0.011543
-0.006234
0.003843
-0.010098
0.011042
-0.008781
0.001324
0.005651
0.006766
-0.028494
0.025630
0.003678
-0.016026
0.002350
-0.002060
0.013674
-0.020681
0.013271
-0.003032
-0.001845
-0.003207
0.010999
-0.014591
0.007332
-0.002199
-0.006944
-0.002729
0.019551
-0.025614
0.014841
-0.017170
0.012928
-0.004549
0.002842
-0.005769
0.005504
-0.011548
0.009780
-0.021362
0.032320
-0.022794
-0.009713
0.020385
-0.007172
-0.006533
0.006018
-0.001029
-0.009225
-0.001408
0.005984
-0.002611
-0.006980
-0.013672
0.019703
-0.004187
0.000624
-0.006294
-0.009659
0.009353
0.004900
-0.017307
0.006520
-0.003699
0.006865
-0.001429
-0.001328
-0.007878
0.013219
-0.014199
0.013352
-0.019526
0.009877
0.003534
-0.011523
-0.001468
0.010864
-0.015314
0.002037
0.001340
0.004093
-0.006212
-0.006764
0.001854
0.002562
-0.000401
-0.014142
0.006160
0.013920
-0.016732
-0.009904
0.017669
-0.012929
0.000029
-0.001893
0.002153
-0.006173
-0.000376
0.000871
0.002650
-0.006548
-0.002588
-0.001978
-0.003980
0.014472
-0.009751
-0.020977
0.021849
-0.001388
-0.004613
-0.009843
0.002567
-0.003164
0.011055
-0.023186
0.010283
-0.001839
0.004148
-0.017034
0.009211
0.001136
-0.010874
-0.003973
0.013069
-0.006765
-0.012431
0.011007
-0.011081
0.004448
-0.010949
-0.001704
0.008132
-0.006470
0.012409
-0.032947
0.018390
0.001133
0.011973
-0.043055
0.028884
-0.014341
0.011028
-0.019610
0.013221
-0.008971
0.000175
-0.007010
0.005704
-0.005061
0.004433
-0.015682
0.000698
-0.000517
0.008283
-0.018643
0.014123
-0.005561
-0.008655
-0.005510
0.004282
-0.001547
-0.009637
0.014244
-0.021529
0.013298
-0.015159
0.018836
-0.029235
0.020394
0.004984
-0.028002
0.011686
-0.000068
-0.006487
-0.004339
0.003222
-0.013824
0.013694
-0.016979
0.007933
-0.000040
-0.016352
0.014221
-0.011694
0.009854
-0.014823
0.001424
-0.007962
0.014040
-0.009060
-0.010486
0.010503
-0.007858
-0.004119
-0.007112
0.000230
0.007879
-0.005525
-0.021291
0.012521
0.016841
-0.029588
0.001471
0.001943
0.007469
-0.017936
0.008894
-0.019070
0.024635
-0.018704
0.002961
-0.003035
-0.015612
0.018174
-0.015081
-0.000761
-0.003554
0.004994
-0.005471
-0.010109
0.014236
-0.016940
0.005247
-0.010946
0.005004
-0.005418
-0.002840
0.000635
0.005907
-0.011299
-0.017721
0.017107
0.002859
-0.004545
-0.027714
0.022220
0.002834
-0.019666
-0.001644
-0.001178
0.006710
-0.004499
-0.014419
0.016544
-0.014356
0.000710
-0.006638
0.003416
-0.010304
0.010827
-0.025075
0.024211
-0.018358
-0.002430
0.000088
0.007497
-0.024576
0.014190
-0.006500
-0.000359
-0.004782
-0.012065
0.015022
-0.011766
0.001473
0.001274
-0.021618
0.018056
0.003515
-0.018517
-0.003036
-0.001593
-0.000446
0.001383
-0.007098
-0.004394
0.000185
-0.003496
0.001671
-0.012839
0.011708
-0.009967
-0.014331
0.005177
0.007632
-0.010977
-0.002663
-0.000261
-0.008889
0.010161
-0.017430
0.008667
-0.002365
-0.007965
-0.006690
-0.006320
0.020186
-0.007764
-0.016281
0.012555
0.010488
-0.019594
-0.005783
0.001513
-0.002409
-0.002646
-0.000200
-0.011800
0.015416
-0.018501
0.005245
-0.015042
0.024759
-0.014804
-0.013478
0.014218
-0.021241
0.005857
-0.001093
-0.004335
-0.010200
0.012262
-0.015884
0.004912
-0.006569
0.008019
-0.015629
-0.006792
0.017989
-0.016740
-0.003861
-0.000698
0.019756
-0.050920
0.037247
0.012161
-0.058718
-0.034958
0.224145
-0.124471
0.008837
-0.030999
0.008611
0.011420
-0.000162
-0.017174
0.006597
-0.000368
0.014563
0.001029
-0.029156
0.020579
-0.006872
0.003225
-0.007508
0.003457
-0.001870
0.007158
-0.005207
-0.014652
0.021522
-0.015820
0.015451
-0.004898
-0.000694
-0.008797
0.017449
-0.014890
0.003831
-0.010744
0.015600
-0.001535
-0.006190
0.005368
-0.007379
0.010486
-0.003450
0.008680
-0.020097
0.014224
-0.000966
0.003274
-0.011118
0.014831
-0.010089
0.016540
-0.022116
0.016736
-0.004524
0.003203
-0.003928
-0.001271
0.005104
0.015150
-0.027263
0.021706
-0.000237
-0.002968
-0.005365
0.013596
-0.014661
0.020642
-0.010934
0.005353
0.000946
-0.007605
0.009964
-0.002398
0.004819
0.014816
-0.027824
0.017967
0.020638
-0.030716
0.017729
0.000156
0.000420
0.007176
-0.011304
0.010474
0.004151
0.001324
-0.001271
0.002852
0.002237
0.010853
-0.020524
0.019995
0.002319
0.005858
-0.003147
-0.001218
0.007614
-0.002461
0.009288
-0.001771
0.005598
0.002897
-0.004612
0.012646
0.009893
-0.009619
0.001974
0.014803
-0.000049
-0.007489
0.004623
0.020182
-0.013970
0.019977
-0.011877
0.015989
-0.006198
0.013032
0.003180
-0.015361
0.037947
0.013579
-0.051140
-0.013669
0.050225
-0.008077
0.031480
-0.043000
0.049364
-0.015540
0.001482
-0.072140
0.016382
-0.024063
0.063473
-0.023787
0.011702
-0.002699
-0.011393
0.023030
-0.015564
0.010687
-0.020828
0.036356
-0.033088
0.020876
-0.007538
0.002986
-0.005314
0.009772
-0.013317
0.013594
0.003424
-0.008528
-0.003105
0.008502
-0.003930
0.006837
-0.010709
0.015450
-0.017785
0.018804
-0.006342
0.008788
-0.012437
0.012390
-0.018063
0.022630
-0.016949
0.013089
-0.001590
0.002641
0.003437
-0.006507
0.000629
0.010374
-0.002816
-0.002393
-0.002743
0.004052
-0.000695
0.008390
-0.019066
0.016680
0.001448
-0.010662
0.006256
-0.001964
0.007331
0.007244
-0.032705
0.032368
-0.025069
0.034383
-0.059067
0.071409
-0.046866
0.013800
-0.016801
0.004899
0.005628
-0.000487
-0.012432
0.005631
0.011259
-0.017197
0.013984
-0.023027
0.013535
0.005744
-0.007902
-0.004022
0.006934
-0.019144
0.020047
-0.014656
-0.003010
0.014150
-0.028405
0.011555
0.010092
-0.023167
0.009007
0.011841
-0.029061
0.015970
-0.008828
0.006519
-0.009651
-0.006120
0.008775
-0.008166
0.013652
-0.013689
-0.003392
0.005067
-0.002168
-0.004510
-0.011662
0.013709
-0.011265
0.004746
-0.009041
0.010649
-0.008607
-0.002429
-0.002545
-0.004065
-0.003843
0.005106
-0.010053
0.001543
0.011831
-0.034125
0.029634
-0.022577
0.005924
-0.028675
0.076162
-0.103501
0.072037
-0.116056
0.422290
-0.951599
1.081670
