-0.350974
0.053475
-0.053042
-0.023790
0.035266
-0.003174
-0.042670
0.012617
0.033116
-0.079305
0.106299
-0.091120
0.011875
0.019812
-0.024499
0.006739
-0.006542
-0.012482
0.006881
-0.002935
-0.025365
0.032075
-0.040372
0.020913
-0.004820
-0.012941
-0.009682
0.005340
0.008018
-0.036016
0.019191
-0.012337
-0.008037
0.005555
0.001941
-0.020432
-0.007613
0.015970
-0.015993
-0.006349
-0.005765
0.007376
-0.008436
-0.004441
-0.019364
0.023208
-0.025877
0.005559
-0.001889
-0.020350
0.016190
-0.020200
-0.001066
0.008861
-0.038240
0.030828
0.048840
-0.155137
-0.005243
0.395911
-0.345012
-0.863710
2.402098
1.243466
0.985499
0.522942
0.459107
0.363777
0.212523
0.015720
0.189561
0.114661
0.205311
0.273478
0.006791
0.098640
0.183657
0.230371
0.055236
0.138033
0.101849
0.096218
0.133744
0.101181
0.123339
0.046948
0.129693
0.152192
0.024088
0.095396
0.112102
0.145841
0.063945
0.082476
0.072079
0.145148
0.091815
0.070920
0.077788
0.095685
0.108540
0.083849
0.065508
0.085237
0.098018
0.067628
0.085299
0.069875
0.070583
0.073816
0.075699
0.076734
0.076560
0.052896
0.087562
0.076653
0.050176
0.082864
0.054432
0.062300
0.090422
0.056918
0.048269
0.060475
0.083405
0.036698
0.058678
0.069067
0.066211
0.053251
0.049210
0.061583
0.049754
0.067773
0.038284
0.061692
0.034651
0.057097
0.056187
0.043043
0.047293
0.042722
0.061422
0.052554
0.032395
0.031573
0.083087
0.020329
0.056269
0.021898
0.057995
0.019369
0.058850
0.042177
0.037733
0.025575
0.061559
0.026710
0.046440
0.039295
0.029259
0.052948
0.020168
0.050196
0.013350
0.060242
0.024338
0.045588
0.019068
0.040741
0.035868
0.023641
0.037410
0.026254
0.029287
0.049082
-0.004348
0.046104
0.037243
0.012565
0.044967
0.024146
0.016393
0.046892
0.009158
0.032991
0.026240
0.032251
0.030240
0.007737
0.028542
0.038066
-0.000535
0.039404
0.024688
0.024212
0.001395
0.039948
0.025028
0.023113
0.012552
0.026988
0.040318
-0.016672
0.042688
0.006333
0.036267
0.016316
0.025056
0.000692
0.031625
0.019543
0.009568
0.028178
0.014504
0.027905
0.007538
0.018583
0.022957
0.020864
-0.003239
0.006044
0.049605
0.014583
-0.007867
0.020203
0.027002
0.012749
0.014035
0.012807
0.023186
0.006978
0.007042
0.016504
0.018100
0.018955
0.017898
-0.012898
0.033805
0.000808
0.004930
0.029605
0.023592
0.001339
-0.005580
0.030393
0.003644
0.023467
-0.010135
0.023348
0.005743
0.018835
0.007359
0.015090
-0.001109
0.026482
-0.001694
-0.000553
0.032815
0.010583
-0.009389
0.007425
0.024524
0.009922
0.005165
-0.003739
0.024113
0.007538
0.011956
-0.003598
0.022725
-0.004074
0.009952
-0.006068
0.043487
-0.015200
0.000022
0.020245
0.020776
-0.012962
0.014678
0.001086
0.011571
-0.003717
0.012339
-0.011414
0.026870
0.011953
-0.002528
-0.026100
0.044461
-0.001360
-0.008618
0.015931
-0.003610
0.014133
-0.001398
0.005540
0.001250
0.011953
-0.009487
0.037290
-0.037475
0.028595
-0.002750
0.006214
0.000183
-0.002943
0.026934
-0.004517
-0.022754
0.032056
0.003857
-0.000368
-0.008474
0.014235
0.004973
0.003504
-0.018998
0.022636
0.011104
-0.007475
-0.008814
0.008693
0.012315
0.012379
-0.026097
0.017954
-0.001650
0.015161
-0.019672
0.017705
-0.013664
0.007380
0.006335
0.014374
-0.019314
-0.004345
0.029843
-0.020367
0.012474
-0.018102
0.032118
-0.019996
0.001899
-0.002774
0.019605
-0.017651
0.013324
-0.005516
0.007485
0.006697
-0.009647
-0.012035
0.035698
-0.030480
0.021817
-0.001712
0.008035
0.005062
-0.009393
0.000099
0.016929
-0.007288
0.004914
-0.017398
0.008495
0.021465
-0.025760
0.012142
0.008826
-0.019396
-0.005131
0.019628
-0.006637
0.005414
-0.008521
0.006751
-0.000347
-0.000875
0.007583
-0.003301
-0.012560
0.009675
0.006308
-0.008499
0.008458
-0.018906
0.023197
-0.015336
-0.001496
0.002784
0.005290
-0.001001
-0.005388
0.003668
0.001995
-0.018546
0.002918
0.021603
-0.027102
0.004940
0.006280
0.002687
-0.021211
0.014487
-0.002070
0.012201
-0.017343
-0.005832
0.006181
0.007657
-0.013277
-0.016065
0.033267
-0.013000
0.005107
-0.020281
0.017253
-0.004274
-0.008353
0.004863
0.003891
-0.019912
0.017519
-0.026939
0.028441
-0.012911
-0.000964
-0.017603
0.016623
0.002778
-0.009477
-0.009589
0.021463
-0.014047
-0.007404
0.001471
0.003393
0.001168
-0.014050
0.006655
-0.012285
0.011334
-0.000249
-0.022141
0.011663
0.007692
-0.007242
-0.020942
0.022658
-0.007991
-0.015009
0.005650
-0.008343
0.012420
-0.016886
0.006010
-0.005844
0.010144
-0.019289
0.002374
-0.014296
0.034709
-0.037472
-0.008340
0.032793
-0.015527
-0.017569
0.010164
-0.007684
0.008196
-0.011958
-0.011868
0.015229
0.002360
-0.019101
0.013851
-0.038705
0.049441
-0.043955
0.022694
-0.020747
0.015344
-0.024010
0.009675
-0.010231
0.017642
-0.024554
0.002529
0.005208
-0.006760
0.003684
-0.020608
0.002690
0.017925
-0.026151
0.002427
0.007957
-0.008561
-0.010067
-0.005710
0.014990
-0.015718
-0.006897
-0.001087
0.004849
-0.011664
0.001574
-0.014082
0.011282
-0.002310
-0.006503
-0.015361
0.017836
-0.012000
-0.002416
-0.010056
0.001141
-0.009914
0.003515
-0.001274
-0.008207
0.012573
-0.018098
-0.000224
-0.012866
0.012363
-0.023680
0.008766
-0.001594
0.006468
-0.021408
0.016642
-0.026098
0.017463
-0.010743
-0.011064
0.003216
0.014146
-0.024407
0.003019
-0.011100
0.022837
-0.028852
-0.007544
0.022897
-0.012052
-0.006795
-0.011681
-0.007915
0.007422
0.016446
-0.038003
0.022187
-0.018639
0.011518
-0.024599
0.015043
-0.003321
-0.011644
-0.016620
0.030637
-0.016500
-0.015453
-0.006429
0.014796
0.000446
-0.022760
0.012481
-0.023502
0.030039
-0.035918
0.011029
-0.007467
0.001008
-0.005252
-0.001485
0.001052
-0.009170
-0.001010
-0.010978
0.001065
-0.002624
0.006771
-0.003029
-0.009513
-0.008608
0.002857
0.004385
-0.020616
0.024602
-0.032431
0.009352
-0.001334
-0.006757
0.007426
-0.027014
0.018286
-0.011483
0.005166
-0.033756
0.035980
-0.018851
0.001262
-0.012703
-0.006576
0.012061
-0.015209
-0.001471
0.004152
-0.009843
-0.010313
0.015889
-0.013253
-0.005022
-0.003409
-0.003037
-0.007857
0.013927
-0.009077
-0.017047
0.000748
0.025900
-0.040779
0.007053
0.007191
-0.000931
-0.014491
-0.004407
-0.004783
0.011791
-0.011619
-0.000764
-0.000546
-0.014741
0.019365
-0.036732
0.021067
-0.002400
-0.001035
-0.025721
0.022935
-0.008687
-0.006734
-0.010675
-0.003996
0.015429
-0.019612
0.004058
0.002859
-0.004109
-0.012452
0.000540
-0.003506
0.013808
-0.028898
0.010007
0.000572
-0.012150
0.000672
-0.000956
-0.007453
0.008185
-0.025786
0.010309
-0.000132
0.000379
-0.013101
-0.004469
-0.005602
0.017022
-0.012782
-0.009345
-0.002413
0.006719
-0.014820
-0.004306
0.007759
-0.014236
0.007596
-0.006466
-0.009242
0.003705
0.012276
-0.036613
0.013775
0.018350
-0.027621
-0.009537
0.017528
-0.015389
0.000504
-0.005887
0.002207
-0.002773
-0.017683
0.011711
0.004090
-0.009714
-0.018115
0.018689
-0.017199
0.013361
-0.030255
0.013462
0.005048
0.003041
-0.031628
0.017787
-0.014608
0.009360
-0.012175
-0.007364
0.013341
-0.015132
0.002133
-0.003655
-0.011968
0.014552
-0.017714
0.002089
0.012503
-0.019070
-0.004377
0.000427
-0.006216
0.004138
-0.005367
-0.006049
-0.006460
0.013732
-0.008976
-0.012715
0.002044
0.005211
-0.007844
-0.014011
0.015658
-0.008687
-0.019305
0.016914
-0.015217
0.009745
-0.015466
0.000254
-0.000511
0.000958
-0.020294
0.018558
-0.017575
0.010204
-0.015252
-0.000667
0.007681
-0.004307
-0.022816
0.023764
-0.022136
0.016826
-0.030708
0.016558
-0.017559
0.017616
-0.008954
-0.016877
-0.002129
0.015974
-0.018665
0.003413
0.011449
-0.028479
0.011904
-0.012224
0.013598
-0.018876
-0.004158
0.014979
0.001810
-0.017372
-0.003615
-0.004313
0.003116
0.015823
-0.028110
-0.006857
0.021097
-0.010763
-0.017739
0.017845
-0.013338
0.001764
-0.007434
-0.000661
0.000028
0.003976
-0.011010
-0.017273
0.002126
0.029904
-0.032820
0.002814
-0.000836
0.004411
-0.011982
-0.011956
0.007088
0.000490
-0.001485
-0.012502
0.008605
-0.004310
-0.004955
-0.007735
-0.017966
0.035534
-0.020989
-0.020765
0.026508
-0.012509
-0.018537
0.000271
0.022183
-0.023671
-0.002301
-0.000582
0.007129
-0.007339
-0.003225
-0.008341
-0.006654
0.010892
-0.002145
-0.018259
0.017296
-0.018590
0.001344
-0.000059
-0.009621
0.007536
-0.020622
0.005912
0.004541
0.001227
-0.025143
0.014111
-0.013955
0.017414
-0.023635
-0.000370
0.026654
-0.030909
0.004066
-0.003079
0.011500
-0.018786
-0.000144
0.002024
-0.002923
-0.003566
0.001667
-0.015282
0.009785
-0.002778
-0.013361
0.005879
0.000875
-0.017291
0.007513
-0.012562
-0.001655
0.002727
-0.004231
-0.003716
0.003579
-0.014445
0.006947
-0.006563
-0.009788
0.020803
-0.019189
-0.013386
0.028688
-0.026324
-0.005764
0.014581
-0.030968
0.031882
-0.045411
0.050311
-0.075249
0.100824
-0.107112
0.060571
-0.024981
0.004076
-0.008615
-0.010677
0.013294
-0.006072
-0.016999
0.008225
0.006697
-0.016594
-0.000835
0.000682
0.000430
-0.008968
0.007093
-0.024104
0.010713
0.013131
-0.034771
0.016619
-0.004032
-0.015137
0.009374
-0.017055
0.004975
0.015062
-0.026845
0.000128
0.006805
-0.011509
0.011953
-0.026910
0.009040
0.011299
-0.026398
0.006980
0.006374
-0.019151
-0.002581
0.006614
-0.013036
0.012862
-0.015662
-0.008390
0.012387
-0.008612
-0.008018
-0.015715
0.017249
-0.006118
-0.001291
-0.013639
0.007908
-0.002829
0.002383
-0.031965
0.023281
0.002467
-0.010556
-0.054906
0.106132
-0.084397
0.008516
-0.026830
0.016854
0.003519
-0.021467
-0.006383
0.020447
-0.032017
0.021765
-0.015189
-0.012647
-0.000226
-0.000784
-0.005666
-0.015262
0.008237
-0.006125
0.000468
-0.021994
0.022752
-0.019761
-0.011798
0.000905
0.004755
-0.023150
0.009524
-0.018353
0.002629
-0.003080
-0.016995
0.012159
-0.011897
-0.010349
-0.007725
0.007630
-0.022575
0.015436
-0.034501
0.025368
-0.012952
-0.013599
0.004093
-0.026295
0.009444
-0.000005
-0.005253
0.005272
-0.020779
0.007161
-0.010367
-0.010614
0.003554
-0.003228
-0.010184
-0.010590
0.001398
-0.014875
0.010564
-0.034582
0.021136
-0.042401
0.065670
-0.082642
0.038000
-0.082990
0.319370
-0.756194
0.853333
