-0.000621
-0.000603
-0.000588
-0.000576
-0.000567
-0.000561
-0.000557
-0.000555
-0.000555
-0.000554
-0.000553
-0.000551
-0.000546
-0.000536
-0.000521
-0.000497
-0.000464
-0.000417
-0.000354
-0.000271
-0.000163
-0.000026
0.000147
0.000362
0.000626
0.000949
0.001340
0.001810
0.002369
0.003031
0.003810
0.004719
0.005773
0.006989
0.008380
0.009964
0.011755
0.013766
0.016011
0.018501
0.021244
0.024246
0.027510
0.031034
0.034813
0.038836
0.043091
0.047555
0.052206
0.057013
0.061942
0.066955
0.072009
0.077058
0.082054
0.086949
0.091691
0.096231
0.100522
0.104517
0.108174
0.111457
0.114332
0.116774
0.118762
0.120285
0.121337
0.121919
0.122040
0.121715
0.120965
0.119817
0.118303
0.116457
0.114318
0.111926
0.109322
0.106546
0.103641
0.100644
0.097592
0.094520
0.091459
0.088436
0.085475
0.082597
0.079818
0.077150
0.074604
0.072186
0.069899
0.067743
0.065719
0.063822
0.062048
0.060391
0.058845
0.057402
0.056054
0.054794
0.053615
0.052508
0.051467
0.050484
0.049554
0.048670
0.047827
0.047021
0.046247
0.045501
0.044779
0.044080
0.043399
0.042736
0.042087
0.041452
0.040829
0.040218
0.039616
0.039024
0.038440
0.037865
0.037298
0.036739
0.036187
0.035644
0.035107
0.034579
0.034057
0.033544
0.033038
0.032541
0.032050
0.031568
0.031094
0.030628
0.030169
0.029718
0.029275
0.028840
0.028412
0.027992
0.027579
0.027173
0.026775
0.026383
0.025998
0.025619
0.025247
0.024881
0.024522
0.024168
0.023820
0.023477
0.023140
0.022809
0.022483
0.022162
0.021847
0.021536
0.021231
0.020930
0.020635
0.020344
0.020059
0.019777
0.019501
0.019229
0.018961
0.018698
0.018439
0.018185
0.017934
0.017687
0.017445
0.017206
0.016971
0.016740
0.016512
0.016288
0.016068
0.015850
0.015637
0.015426
0.015219
0.015015
0.014814
0.014616
0.014422
0.014230
0.014042
0.013856
0.013673
0.013493
0.013316
0.013142
0.012970
0.012800
0.012633
0.012469
0.012306
0.012146
0.011988
0.011832
0.011677
0.011525
0.011374
0.011225
0.011078
0.010932
0.010787
0.010644
0.010502
0.010361
0.010222
0.010084
0.009946
0.009810
0.009675
0.009541
0.009408
0.009276
0.009145
0.009016
0.008887
0.008759
0.008632
0.008506
0.008381
0.008257
0.008134
0.008013
0.007892
0.007773
0.007655
0.007538
0.007422
0.007307
0.007194
0.007081
0.006970
0.006861
0.006752
0.006645
0.006539
0.006434
0.006331
0.006228
0.006127
0.006027
0.005929
0.005831
0.005735
0.005641
0.005547
0.005455
0.005364
0.005274
0.005186
0.005099
0.005013
0.004928
0.004845
0.004763
0.004683
0.004603
0.004525
0.004448
0.004373
0.004298
0.004225
0.004152
0.004081
0.004011
0.003942
0.003873
0.003806
0.003739
0.003674
0.003609
0.003545
0.003481
0.003419
0.003357
0.003296
0.003235
0.003176
0.003117
0.003058
0.003001
0.002944
0.002888
0.002833
0.002779
0.002725
0.002673
0.002621
0.002571
0.002521
0.002473
0.002426
0.002381
0.002337
0.002294
0.002253
0.002214
0.002176
0.002141
0.002107
0.002075
0.002045
0.002017
0.001991
0.001967
0.001945
0.001925
0.001907
0.001890
0.001875
0.001861
0.001849
0.001838
0.001827
0.001817
0.001808
0.001799
0.001789
0.001780
0.001769
0.001758
0.001746
0.001732
0.001717
0.001700
0.001681
0.001660
0.001637
0.001611
0.001583
0.001553
0.001520
0.001485
0.001448
0.001409
0.001368
0.001325
0.001281
0.001236
0.001189
0.001142
0.001094
0.001046
0.000999
0.000951
0.000904
0.000858
0.000813
0.000770
0.000727
0.000687
0.000648
0.000611
0.000576
0.000543
0.000512
0.000483
0.000456
0.000431
0.000408
0.000387
0.000368
0.000351
0.000335
0.000321
0.000309
0.000298
0.000288
0.000279
0.000271
0.000264
0.000257
0.000251
0.000245
0.000239
0.000233
0.000227
0.000220
0.000213
0.000205
0.000196
0.000186
0.000176
0.000164
0.000151
0.000136
0.000121
0.000104
0.000086
0.000067
0.000047
0.000027
0.000005
-0.000017
-0.000040
-0.000064
-0.000087
-0.000111
-0.000135
-0.000158
-0.000182
-0.000205
-0.000228
-0.000250
-0.000272
-0.000294
-0.000315
-0.000335
-0.000355
-0.000374
-0.000392
-0.000410
-0.000428
-0.000445
-0.000461
-0.000477
-0.000493
-0.000508
-0.000523
-0.000537
-0.000551
-0.000565
-0.000578
-0.000591
-0.000604
-0.000617
-0.000629
-0.000641
-0.000653
-0.000665
-0.000676
-0.000687
-0.000698
-0.000709
-0.000720
-0.000730
-0.000740
-0.000751
-0.000761
-0.000771
-0.000781
-0.000791
-0.000801
-0.000812
-0.000822
-0.000832
-0.000843
-0.000854
-0.000864
-0.000875
-0.000887
-0.000898
-0.000909
-0.000921
-0.000933
-0.000944
-0.000956
-0.000968
-0.000980
-0.000992
-0.001004
-0.001016
-0.001027
-0.001039
-0.001050
-0.001062
-0.001073
-0.001083
-0.001094
-0.001104
-0.001114
-0.001123
-0.001133
-0.001142
-0.001151
-0.001159
-0.001167
-0.001175
-0.001183
-0.001191
-0.001199
-0.001206
-0.001213
-0.001220
-0.001228
-0.001235
-0.001242
-0.001249
-0.001255
-0.001262
-0.001269
-0.001275
-0.001282
-0.001288
-0.001294
-0.001300
-0.001305
-0.001311
-0.001316
-0.001320
-0.001325
-0.001329
-0.001333
-0.001337
-0.001340
-0.001343
-0.001346
-0.001349
-0.001352
-0.001354
-0.001357
-0.001359
-0.001362
-0.001364
-0.001366
-0.001369
-0.001371
-0.001373
-0.001376
-0.001378
-0.001380
-0.001382
-0.001384
-0.001386
-0.001387
-0.001388
-0.001388
-0.001389
-0.001388
-0.001388
-0.001386
-0.001384
-0.001382
-0.001379
-0.001375
-0.001371
-0.001367
-0.001362
-0.001356
-0.001350
-0.001344
-0.001338
-0.001332
-0.001326
-0.001319
-0.001313
-0.001308
-0.001302
-0.001297
-0.001293
-0.001289
-0.001285
-0.001282
-0.001280
-0.001278
-0.001277
-0.001276
-0.001276
-0.001277
-0.001278
-0.001279
-0.001281
-0.001283
-0.001285
-0.001287
-0.001289
-0.001291
-0.001294
-0.001296
-0.001298
-0.001300
-0.001302
-0.001303
-0.001305
-0.001306
-0.001307
-0.001308
-0.001309
-0.001310
-0.001311
-0.001312
-0.001313
-0.001314
-0.001315
-0.001316
-0.001317
-0.001318
-0.001320
-0.001321
-0.001323
-0.001325
-0.001327
-0.001329
-0.001332
-0.001334
-0.001337
-0.001340
-0.001342
-0.001345
-0.001348
-0.001350
-0.001353
-0.001356
-0.001358
-0.001360
-0.001362
-0.001364
-0.001365
-0.001367
-0.001367
-0.001368
-0.001368
-0.001368
-0.001367
-0.001366
-0.001364
-0.001362
-0.001360
-0.001356
-0.001353
-0.001349
-0.001344
-0.001339
-0.001333
-0.001326
-0.001320
-0.001313
-0.001305
-0.001297
-0.001289
-0.001281
-0.001273
-0.001264
-0.001256
-0.001247
-0.001239
-0.001231
-0.001224
-0.001217
-0.001210
-0.001204
-0.001199
-0.001194
-0.001190
-0.001187
-0.001184
-0.001182
-0.001180
-0.001180
-0.001179
-0.001180
-0.001181
-0.001182
-0.001183
-0.001185
-0.001188
-0.001190
-0.001193
-0.001195
-0.001198
-0.001201
-0.001204
-0.001206
-0.001209
-0.001211
-0.001213
-0.001215
-0.001217
-0.001219
-0.001220
-0.001221
-0.001222
-0.001222
-0.001223
-0.001223
-0.001223
-0.001222
-0.001221
-0.001221
-0.001219
-0.001218
-0.001216
-0.001214
-0.001212
-0.001210
-0.001207
-0.001204
-0.001201
-0.001198
-0.001194
-0.001190
-0.001186
-0.001181
-0.001177
-0.001171
-0.001166
-0.001160
-0.001154
-0.001147
-0.001140
-0.001133
-0.001126
-0.001119
-0.001111
-0.001104
-0.001096
-0.001089
-0.001081
-0.001074
-0.001067
-0.001061
-0.001054
-0.001048
-0.001043
-0.001038
-0.001033
-0.001029
-0.001025
-0.001022
-0.001020
-0.001018
-0.001016
-0.001015
-0.001014
-0.001013
-0.001012
-0.001012
-0.001012
-0.001011
-0.001011
-0.001011
-0.001010
-0.001009
-0.001008
-0.001007
-0.001005
-0.001003
-0.001000
-0.000997
-0.000993
-0.000989
-0.000985
-0.000980
-0.000975
-0.000970
-0.000964
-0.000958
-0.000952
-0.000945
-0.000939
-0.000933
-0.000927
-0.000921
-0.000915
-0.000909
-0.000904
-0.000899
-0.000895
-0.000891
-0.000887
-0.000884
-0.000882
-0.000880
-0.000879
-0.000878
-0.000878
-0.000878
-0.000879
-0.000880
-0.000881
-0.000883
-0.000885
-0.000887
-0.000890
-0.000892
-0.000895
-0.000897
-0.000899
-0.000902
-0.000904
-0.000906
-0.000908
-0.000909
-0.000910
-0.000911
-0.000912
-0.000912
-0.000912
-0.000912
-0.000911
-0.000910
-0.000909
-0.000907
-0.000906
-0.000904
-0.000902
-0.000900
-0.000898
-0.000895
-0.000892
-0.000890
-0.000887
-0.000884
-0.000881
-0.000878
-0.000875
-0.000872
-0.000868
-0.000865
-0.000862
-0.000858
-0.000855
-0.000851
-0.000847
-0.000844
-0.000840
-0.000836
-0.000832
-0.000828
-0.000825
-0.000821
-0.000817
-0.000813
-0.000810
-0.000806
-0.000803
-0.000800
-0.000796
-0.000793
-0.000790
-0.000787
-0.000785
-0.000782
-0.000779
-0.000776
-0.000774
-0.000771
-0.000768
-0.000765
-0.000761
-0.000757
-0.000753
-0.000749
-0.000744
-0.000739
-0.000733
-0.000726
-0.000719
-0.000711
-0.000702
-0.000692
-0.000682
-0.000670
-0.000658
-0.000645
-0.000632
-0.000617
-0.000603
-0.000587
-0.000571
-0.000555
-0.000539
-0.000523
-0.000507
-0.000491
-0.000476
-0.000462
-0.000448
-0.000435
-0.000424
-0.000414
-0.000405
-0.000397
-0.000391
-0.000386
-0.000383
-0.000382
-0.000381
-0.000383
-0.000385
-0.000389
-0.000394
-0.000400
-0.000406
-0.000414
-0.000421
-0.000430
-0.000438
-0.000446
-0.000454
-0.000463
-0.000470
-0.000478
-0.000485
-0.000491
-0.000497
-0.000502
-0.000507
-0.000511
-0.000514
-0.000517
-0.000520
-0.000522
-0.000524
-0.000525
-0.000526
-0.000527
-0.000528
-0.000529
-0.000530
-0.000531
-0.000532
-0.000534
-0.000536
-0.000538
-0.000541
-0.000545
-0.000550
-0.000555
-0.000561
-0.000568
-0.000576
-0.000585
-0.000595
-0.000607
-0.000619
-0.000633
-0.000647
-0.000663
-0.000680
-0.000698
-0.000718
-0.000738
-0.000759
-0.000781
-0.000804
-0.000828
-0.000852
-0.000877
-0.000902
-0.000927
-0.000952
-0.000978
-0.001003
-0.001028
-0.001052
-0.001076
-0.001100
-0.001123
-0.001145
-0.001166
-0.001187
-0.001207
-0.001226
-0.001245
-0.001263
-0.001280
-0.001296
-0.001312
-0.001328
-0.001343
-0.001357
-0.001371
-0.001384
-0.001398
-0.001411
-0.001424
-0.001436
-0.001448
-0.001460
-0.001472
-0.001483
-0.001495
-0.001505
-0.001515
-0.001525
-0.001534
-0.001542
-0.001549
-0.001556
-0.001561
-0.001564
-0.001566
-0.001566
-0.001565
-0.001561
-0.001555
-0.001547
-0.001536
-0.001523
-0.001506
-0.001487
-0.001465
-0.001440
-0.001412
-0.001382
-0.001348
-0.001312
-0.001274
-0.001234
-0.001192
-0.001149
-0.001105
-0.001060
-0.001014
-0.000969
-0.000925
-0.000882
-0.000840
-0.000801
-0.000763
-0.000729
-0.000697
-0.000668
-0.000643
