-0.476934
0.083324
-0.111779
0.007781
0.042013
-0.003203
-0.046832
0.002432
0.050995
-0.097168
0.114167
-0.085992
0.003500
0.024883
-0.017370
-0.006159
-0.011291
-0.003120
0.006277
0.008255
-0.051960
0.050730
-0.041755
-0.000164
0.024301
-0.034135
0.002438
-0.005031
0.010457
-0.023046
0.001874
-0.003844
-0.008038
0.007974
-0.015531
-0.002693
-0.017972
0.021512
-0.017733
-0.002600
-0.012017
0.005297
-0.007841
-0.006032
-0.011595
0.014820
-0.021472
0.001902
0.003233
-0.024680
0.016750
-0.017748
0.000368
0.002275
-0.037716
0.022794
0.063847
-0.164447
-0.014964
0.429366
-0.349439
-0.961375
2.469103
1.369600
1.104381
0.608006
0.521516
0.397137
0.215072
0.033827
0.193911
0.144621
0.207369
0.296345
0.020017
0.092214
0.224094
0.206828
0.096998
0.121275
0.135050
0.096485
0.138434
0.120166
0.139303
0.069766
0.132427
0.151686
0.072533
0.080525
0.144874
0.128406
0.092410
0.090430
0.090202
0.123083
0.133191
0.065833
0.090917
0.095470
0.119350
0.083198
0.083890
0.082510
0.121694
0.070333
0.083600
0.087940
0.090717
0.076577
0.082119
0.083668
0.085296
0.062192
0.101173
0.069900
0.070561
0.073809
0.077260
0.073879
0.076578
0.053073
0.084887
0.066364
0.071321
0.058263
0.053090
0.088458
0.064307
0.048919
0.075362
0.054438
0.063909
0.064073
0.049090
0.071879
0.054149
0.066472
0.046002
0.060611
0.047758
0.064161
0.044565
0.068851
0.038885
0.039268
0.074334
0.035341
0.050154
0.046341
0.052434
0.047902
0.048201
0.034537
0.050029
0.053750
0.042269
0.030800
0.041812
0.062106
0.021475
0.043135
0.049320
0.042114
0.034457
0.044151
0.035859
0.041273
0.027187
0.043504
0.046661
0.023900
0.040967
0.041595
0.026121
0.046209
0.023087
0.035341
0.045478
0.025718
0.030126
0.027492
0.041670
0.030667
0.037178
0.013667
0.046826
0.031449
0.027028
0.012978
0.032115
0.051425
0.003579
0.027985
0.038317
0.025607
0.012701
0.032597
0.028208
0.023793
0.021154
0.017862
0.034071
0.023600
0.030316
0.009230
0.026954
0.039193
0.004551
0.024171
0.029354
0.027515
0.007077
0.028026
0.021693
0.023411
0.009258
0.019918
0.030248
0.021161
0.022949
0.001064
0.020386
0.041393
0.006381
0.001119
0.045219
0.003771
0.018219
0.011296
0.022475
0.017499
0.016406
0.008336
0.026285
0.017678
0.012165
0.000798
0.032469
0.016268
0.004887
0.006066
0.036005
0.007025
0.001029
0.025520
0.011250
0.013710
0.011517
0.006832
0.023145
0.014084
0.003153
0.008453
0.020194
0.031356
0.000140
-0.006776
0.033901
0.016607
-0.009874
0.012744
0.022390
0.006268
0.008865
0.005223
0.015088
0.015981
-0.005232
0.015076
0.017687
0.005990
0.000933
0.004439
0.027961
0.008349
-0.012910
0.015659
0.009900
0.015587
0.002675
-0.004706
0.022452
0.015368
-0.003105
0.001771
0.009562
0.024736
-0.007290
0.000992
0.014352
0.021568
-0.011651
0.005962
0.014038
0.013525
-0.007659
0.008804
0.013076
-0.004629
0.013789
-0.003730
0.005327
0.023109
-0.012083
0.004360
0.015159
0.002544
-0.002567
0.010807
0.002697
0.010004
-0.003700
0.001789
0.013560
0.003496
0.000112
-0.009371
0.014183
0.020608
-0.021654
0.002120
0.028181
-0.006001
0.001669
-0.001801
0.009422
0.006849
-0.006808
0.013752
-0.003216
0.003319
0.001437
-0.001855
0.000351
0.016409
-0.008291
-0.006230
0.019262
0.000873
-0.014848
0.017661
0.001333
0.007241
-0.016816
0.001950
0.016500
-0.002744
-0.004887
-0.000359
0.004214
0.017157
-0.023166
0.008724
0.008637
-0.004517
0.000283
0.004548
-0.000424
-0.000643
0.000842
-0.001094
0.008227
-0.003484
-0.002177
-0.003582
0.000346
0.023812
-0.020709
-0.007734
0.015093
0.001748
-0.013134
0.005535
-0.000763
0.005782
-0.011873
0.002952
0.005220
0.002315
-0.010359
-0.001628
0.011292
0.000941
-0.007803
-0.013355
0.020299
-0.007026
-0.008176
0.006414
-0.003781
0.009191
-0.012077
0.004205
-0.001720
0.008990
-0.008311
-0.008696
0.005963
0.007004
-0.008615
-0.014196
0.030611
-0.018799
-0.004064
-0.000851
-0.000871
0.009383
-0.016152
0.008144
-0.000337
-0.003490
-0.000139
-0.008605
0.009944
0.002503
-0.015376
-0.006362
0.016933
-0.001712
-0.019994
0.007888
-0.001153
-0.002805
0.002310
-0.015407
0.007427
0.007506
-0.015454
0.000079
-0.002270
0.013623
-0.018663
-0.005841
0.012725
-0.002925
-0.011733
0.001844
0.003828
-0.005736
-0.011254
-0.000188
0.003942
0.000946
-0.005787
-0.009762
0.000730
0.012359
-0.006730
-0.023095
0.022597
-0.004445
-0.015097
-0.005565
0.013800
-0.013177
-0.001568
-0.004503
0.001651
0.009588
-0.023488
0.000341
0.003478
0.006019
-0.012908
-0.015499
0.019138
-0.003633
-0.012479
-0.002627
-0.002405
0.008504
-0.007249
-0.017205
0.003233
0.017511
-0.012423
-0.002892
-0.012552
0.027034
-0.030777
-0.003479
0.019727
-0.012380
-0.014641
0.011951
-0.006434
-0.013021
0.008312
-0.005064
-0.002666
-0.006014
0.002235
-0.004635
-0.001944
0.011636
-0.021656
-0.004586
0.016610
-0.008004
-0.012543
0.002086
0.002641
-0.005858
-0.003598
-0.008990
0.014686
-0.018121
0.008989
-0.015012
0.003719
0.005013
-0.013533
-0.011186
0.013123
-0.000196
-0.016156
0.001475
-0.007823
0.005028
-0.006261
-0.001036
0.001998
-0.004582
-0.001544
-0.017008
0.006684
0.001700
-0.002450
-0.019998
0.020379
-0.010482
-0.007849
0.000945
-0.010435
0.001319
-0.002205
-0.004244
0.007147
-0.012768
0.001621
-0.011216
0.005622
-0.002634
-0.009588
-0.012314
0.015724
-0.001525
-0.020256
0.002503
-0.002794
0.005442
-0.009312
0.000836
0.002593
-0.007945
0.005148
-0.020824
0.018296
-0.002877
-0.013927
-0.011097
0.026573
-0.013220
-0.009084
0.000604
-0.001665
-0.000493
-0.011268
0.006523
-0.009696
0.002442
-0.007889
-0.003399
0.002156
0.003701
-0.006994
-0.018323
0.011694
0.003374
-0.013836
-0.004534
0.004409
-0.009786
-0.003275
0.000654
-0.000053
-0.001357
-0.012542
0.001425
-0.003295
0.004362
-0.008684
-0.013118
0.016331
-0.006268
-0.011948
-0.001416
0.003283
-0.006298
-0.000192
-0.013298
0.006700
-0.005055
0.000728
-0.004744
-0.011966
0.016661
-0.015250
-0.015347
0.015829
-0.015094
0.009601
-0.007178
-0.011370
-0.000784
0.001185
-0.007821
0.001776
-0.001868
0.005536
-0.023068
0.016669
-0.005467
-0.002965
-0.017841
0.014938
0.001116
-0.020602
0.001474
0.003845
-0.001255
-0.009364
-0.006879
0.001780
0.003789
-0.001601
-0.014712
-0.005292
0.023360
-0.025657
-0.007553
0.008784
0.008759
-0.029677
0.010868
-0.005285
0.010803
-0.022060
0.000033
0.003836
0.001318
-0.007661
-0.013992
-0.000062
0.015954
-0.018970
-0.005739
0.011178
-0.010754
-0.003190
-0.000100
-0.003121
0.000223
-0.011886
-0.000379
0.002462
-0.005144
-0.003117
-0.005179
0.000971
0.006780
-0.016875
-0.010808
0.019331
-0.013916
-0.000600
-0.007917
0.006538
-0.002815
-0.012800
-0.004792
0.008971
-0.001140
-0.010722
-0.002925
-0.001904
0.010396
-0.020124
-0.000279
0.013254
-0.011709
-0.013536
0.003125
0.001533
-0.001711
-0.008004
-0.001804
-0.001407
0.004895
-0.013322
-0.005131
0.007542
0.000943
-0.015380
-0.006129
0.015338
-0.011510
-0.001817
0.003050
-0.008368
0.001613
-0.011138
0.001316
0.007449
-0.003475
-0.010583
-0.002707
-0.004325
0.013381
-0.018979
-0.005799
0.013518
-0.006125
-0.008079
-0.007012
0.009979
-0.004886
-0.008667
-0.001238
0.001632
-0.000313
-0.007625
-0.012706
0.010633
0.001112
-0.008569
-0.011224
0.015526
-0.014842
0.004551
-0.009749
-0.002935
-0.005212
0.009838
-0.009953
-0.004931
0.005746
-0.008186
-0.007697
0.000501
0.008357
-0.011738
-0.006157
0.004323
0.007458
-0.026384
0.010364
-0.006291
0.010913
-0.027171
0.011670
-0.002575
0.000114
-0.003546
-0.012648
0.007405
-0.003275
-0.004586
-0.019029
0.026653
-0.017734
0.002629
-0.013198
0.007777
-0.004122
-0.007265
-0.000809
-0.005189
0.009055
-0.013021
-0.000086
-0.007234
0.014686
-0.015685
-0.009738
0.014261
-0.001570
-0.016451
0.009196
-0.003119
-0.006117
-0.010189
0.007232
-0.000996
0.003800
-0.016453
-0.003045
0.004411
0.007721
-0.015621
-0.010289
0.016966
-0.007239
-0.013243
0.001797
0.000785
-0.004481
-0.006854
-0.000147
-0.003910
0.002707
-0.003709
-0.010638
-0.002645
0.012492
-0.014082
-0.011680
0.015214
-0.004784
-0.012375
-0.002292
0.005535
-0.012984
0.008261
-0.017616
0.014260
-0.009470
-0.004938
-0.013355
0.004770
0.014103
-0.017169
-0.016681
0.019457
0.002114
-0.020018
0.010436
-0.008255
0.011245
-0.010824
-0.010342
0.004169
0.009376
-0.013454
-0.005397
-0.003864
0.013893
-0.014278
-0.019367
0.022742
-0.004330
-0.011442
-0.008689
0.006305
-0.001390
-0.005321
-0.005888
0.007114
0.006081
-0.016716
-0.002328
0.002983
0.009034
-0.019995
-0.006771
0.013066
-0.010062
0.000463
-0.010535
0.008046
-0.013142
0.008578
-0.010995
0.005196
-0.006011
-0.005372
-0.009152
0.005504
0.007066
-0.015480
-0.012187
0.019013
-0.001474
-0.024014
0.012831
-0.017163
0.022332
-0.033036
0.040049
-0.080783
0.114562
-0.110282
0.044319
-0.011329
0.009975
-0.013579
-0.014156
0.024120
-0.018472
0.007091
-0.022429
0.023696
-0.025027
0.004628
-0.001125
-0.011062
0.012914
-0.016879
0.000392
-0.002397
0.011331
-0.025544
0.009747
-0.003633
0.000594
-0.010863
0.003220
-0.006722
-0.000509
-0.007061
0.006867
-0.002603
-0.000648
-0.002047
-0.011402
0.009493
-0.002883
-0.014622
0.004191
0.003043
-0.001302
-0.017891
0.004833
0.002165
-0.001092
-0.013277
-0.001350
0.002356
0.005078
-0.007774
-0.025130
0.020785
-0.001943
-0.013015
-0.011192
0.013904
0.002986
-0.016127
-0.010934
0.011405
0.012590
-0.022806
-0.049296
0.123174
-0.102191
0.014412
-0.026548
0.012572
0.005932
-0.017139
-0.011687
0.014984
-0.013662
-0.005835
0.011787
-0.029904
0.007101
-0.003731
-0.002568
-0.014440
0.001823
0.000311
-0.011600
-0.002850
-0.003660
-0.001638
-0.018255
0.006397
-0.000113
-0.016768
-0.004561
0.005778
-0.011747
-0.005581
-0.015486
0.005378
-0.002535
-0.012337
-0.007583
-0.002800
0.003767
-0.013295
-0.012559
0.009528
-0.016718
-0.004258
-0.010359
0.008679
-0.015786
-0.008199
-0.004922
0.000429
-0.010894
-0.005938
-0.011933
-0.001155
-0.007630
0.003774
-0.027623
0.012368
-0.010661
-0.018895
0.006371
-0.011636
-0.001305
-0.041054
0.078489
-0.112932
0.073809
-0.131764
0.456131
-1.043471
1.169928
