-0.082975
0.014420
-0.019989
0.007092
0.006448
-0.001616
-0.001240
-0.000226
0.007441
-0.010740
0.021666
-0.018053
0.008989
0.000288
-0.005768
0.003947
0.004791
-0.011961
0.010417
0.003848
-0.010941
0.008888
-0.003145
0.004281
-0.003665
0.002433
0.007170
-0.009708
0.005435
0.006596
-0.005833
-0.002385
0.010930
-0.012903
0.010627
-0.005482
0.003647
-0.007444
0.011780
-0.003199
-0.003955
0.001595
0.002485
0.006504
-0.011929
0.011811
-0.005034
-0.000548
0.013409
-0.019358
0.018650
-0.015127
0.007159
0.006312
-0.005267
-0.018807
0.051519
-0.042098
-0.009979
0.035470
0.229080
-0.326065
0.779021
0.931875
0.118348
0.070039
0.151558
0.186029
0.053882
-0.014803
0.048347
0.087314
0.052439
0.071370
0.037553
-0.006670
0.130213
0.054733
0.017321
0.020633
0.083446
0.045554
0.035938
0.038547
0.056538
0.037950
0.045637
0.046064
0.045059
0.012190
0.076696
0.043745
0.021974
0.022209
0.061273
0.034121
0.040124
0.035007
0.012868
0.053259
0.036109
0.044246
0.009988
0.036160
0.048713
0.016969
0.026978
0.044643
0.038127
0.003891
0.033842
0.058593
0.012960
0.020922
0.044983
0.024541
0.021459
0.030408
0.025318
0.030948
0.019766
0.028338
0.030289
0.012317
0.036726
0.016336
0.037105
0.016225
0.012789
0.027034
0.024340
0.024176
0.019379
0.018858
0.026031
0.020187
0.012236
0.034855
0.004477
0.030284
0.015047
0.015772
0.020864
0.038346
-0.004775
0.031007
0.020230
0.002322
0.027731
0.011554
0.023003
0.017435
0.010351
0.005594
0.017638
0.019958
0.020500
-0.000916
0.017936
0.031357
-0.017359
0.045559
-0.004500
0.022336
-0.004104
0.034707
0.017646
-0.010958
0.014962
0.020090
0.025918
-0.010340
0.003925
0.038096
-0.000795
0.014437
0.008737
0.001878
0.021844
0.007027
0.010800
0.001872
0.014716
0.013598
0.005187
0.002454
0.011170
0.024919
0.009325
0.000041
0.008383
0.027973
0.000248
-0.000746
0.017438
0.010696
-0.004285
0.014443
0.011101
0.008934
0.009387
0.010074
0.011678
-0.003351
0.016187
-0.001279
0.009130
0.011544
0.012824
-0.012547
0.023069
0.007338
-0.004961
0.010768
0.006046
0.010421
0.005571
-0.004188
0.020661
-0.004180
0.009814
0.000027
0.007072
0.020909
-0.006835
-0.001900
0.016872
0.007715
-0.006945
0.010027
0.016126
0.011178
-0.017662
0.013902
0.010067
0.003794
0.002795
0.007893
-0.003579
0.021106
-0.011276
0.010158
0.005873
0.009487
-0.009946
0.014302
-0.002051
0.007561
0.013015
-0.008701
0.012772
-0.005063
0.012393
0.002406
-0.004332
0.014068
0.002535
-0.002225
0.009631
0.008892
-0.003322
-0.003916
0.013221
0.013200
-0.013398
0.004528
0.006576
-0.004120
-0.005226
0.017715
-0.000557
0.009054
-0.003989
0.005907
-0.001424
0.008639
-0.002106
0.009952
-0.012750
0.014156
-0.002716
0.002689
0.002447
0.004360
0.009268
-0.008099
-0.008512
0.022912
-0.023330
0.010378
0.015811
0.001066
-0.011105
0.010896
-0.000166
0.002115
-0.008365
0.009472
0.008968
-0.014904
0.017228
-0.006030
0.000009
0.008889
-0.001027
-0.009975
0.020286
-0.010687
0.002483
-0.000234
0.013905
-0.008509
0.003421
-0.006620
0.020578
-0.013173
-0.001106
0.007361
-0.013348
0.019368
-0.003010
-0.000460
-0.004032
0.006751
0.000111
0.003869
-0.008090
0.013349
-0.004003
-0.000892
0.009402
-0.008994
0.005294
-0.001003
0.003747
0.001451
-0.001506
-0.002636
0.005043
0.008141
-0.018071
0.012218
-0.002824
0.007262
-0.005382
-0.007898
0.011542
0.010846
-0.013018
0.003961
0.015382
-0.015773
0.007336
-0.001859
-0.007980
0.022346
-0.019117
-0.001692
0.009354
0.000962
-0.008717
0.007748
-0.003399
0.011947
-0.008011
-0.009072
0.009582
0.011243
-0.015077
0.002701
0.003019
0.002127
-0.003084
0.002144
0.003987
-0.004169
-0.006092
0.016751
-0.018842
0.006387
0.006374
-0.007225
0.002285
0.008658
-0.012123
0.001112
0.005710
-0.001321
0.001097
-0.001170
-0.006284
0.008864
-0.008831
0.006117
0.002066
-0.001855
-0.002461
0.001034
-0.004265
0.008358
0.001165
-0.011526
0.016450
-0.005773
-0.009506
0.006651
-0.007345
0.002082
0.014447
-0.019851
0.010938
-0.004810
0.006905
-0.000242
-0.005918
0.007617
-0.009322
0.007115
0.017105
0.007297
-0.008934
0.006413
0.009260
-0.016191
0.007270
0.000194
-0.000369
0.005204
-0.001773
-0.004969
-0.003146
0.020591
-0.013328
-0.007698
0.015556
-0.002721
-0.003968
0.001543
0.006114
-0.006591
0.000939
-0.005268
0.017263
-0.015616
0.004898
-0.000581
-0.001427
0.013957
-0.017689
0.015017
-0.015021
0.010412
-0.002037
0.004548
-0.012864
0.009345
-0.001469
0.002931
-0.008297
0.005348
0.000446
-0.005923
0.008334
-0.003777
0.004134
-0.016729
0.024147
-0.012194
0.004023
-0.015191
0.014111
0.004733
0.000728
-0.013669
0.010517
-0.009110
0.004039
0.002428
-0.011399
0.016625
-0.017957
0.003510
0.007562
0.000653
-0.011352
0.006257
0.000425
-0.001374
0.006244
-0.012855
0.016362
-0.017165
0.011396
-0.007850
-0.002064
0.007400
0.000875
-0.020784
0.029492
-0.021743
0.012398
-0.010871
0.005986
-0.005562
0.007758
0.004790
-0.009359
-0.001681
0.001371
0.007383
-0.020564
0.024874
-0.022781
0.006126
0.013293
-0.010206
-0.010033
0.018637
-0.022215
0.021981
-0.011373
-0.010307
0.014936
0.004645
-0.010558
-0.008252
0.013528
-0.001074
-0.004403
-0.008963
0.021376
-0.015004
-0.003219
0.001805
0.006093
-0.005507
-0.002677
-0.004630
0.013685
-0.013739
0.008793
-0.013645
0.013742
-0.012265
0.007924
-0.003439
0.001055
-0.005882
0.012050
-0.014122
0.005281
-0.009080
0.017703
-0.020094
0.017090
-0.014680
0.009146
-0.012666
0.009526
0.006291
-0.011441
0.000764
0.004485
0.007906
-0.020636
0.009346
-0.001040
-0.007864
0.007537
-0.005567
0.004151
-0.015596
0.023335
-0.019177
0.000619
0.012617
-0.013638
0.000278
0.018733
-0.017690
-0.005040
0.011141
-0.011193
0.007948
0.000832
-0.014150
0.024768
-0.019441
0.004885
-0.005683
-0.006961
0.022769
-0.012832
-0.007346
0.012926
-0.004657
-0.004998
0.006510
-0.013690
0.012878
-0.005984
0.008869
-0.016093
0.005301
-0.000721
0.003558
-0.006348
0.007268
-0.001349
-0.012164
0.005867
0.007619
-0.009985
0.005764
-0.009624
0.004164
0.012540
-0.024570
0.012875
0.001473
-0.003870
-0.004698
0.003332
0.000973
-0.001905
-0.005660
0.008779
-0.006515
-0.000789
0.008308
-0.008786
0.004356
-0.002884
-0.001534
0.004176
0.006244
-0.019067
0.008446
-0.004306
0.005081
0.000031
-0.014888
0.016759
0.002495
-0.016436
0.005148
-0.006422
0.018461
-0.014952
0.009506
-0.011985
0.009001
-0.007929
0.011734
-0.022334
0.022836
-0.016004
0.002768
0.004723
-0.008690
0.004546
0.003591
0.000115
-0.006474
-0.000353
-0.008100
0.025041
-0.015576
-0.002799
0.001157
-0.008441
0.024052
-0.016840
-0.015395
0.025171
-0.004899
-0.020150
0.016371
-0.005774
0.003254
-0.001039
-0.005699
0.008537
-0.002850
-0.001208
0.001502
-0.012241
0.015917
-0.001329
-0.013607
0.015320
-0.013686
0.001424
-0.000049
0.004853
-0.004489
0.002817
-0.009422
0.018132
-0.004545
-0.014480
0.008648
-0.004179
0.013983
-0.016096
-0.003381
0.006459
0.010778
-0.013075
-0.000532
0.003626
0.004171
-0.003158
-0.008031
0.003521
0.005693
-0.006957
0.001532
-0.006030
0.009309
-0.002999
0.000535
0.012450
-0.009759
-0.000491
0.003711
-0.004988
0.005537
-0.003295
-0.006311
0.007180
0.003997
-0.004429
-0.000575
-0.009735
0.024101
-0.010869
-0.010667
0.006519
0.007331
-0.011691
0.001349
0.011475
-0.005968
-0.000833
-0.007003
0.012709
-0.007948
-0.000288
-0.008841
0.013228
0.001043
0.004299
-0.014663
0.007880
-0.001042
-0.002052
0.002778
-0.002435
-0.004351
0.009969
-0.004972
-0.003707
0.004748
-0.000978
0.001752
-0.001015
-0.003512
0.003388
-0.003842
0.006283
0.006626
-0.016197
0.003656
0.002269
0.003018
-0.004767
0.006208
-0.006119
0.004043
-0.004322
0.007056
-0.018405
0.025901
-0.016081
-0.003503
0.021342
-0.015154
-0.005886
0.008221
-0.003060
0.001511
0.003474
-0.001381
0.004222
-0.012126
0.015284
-0.014235
0.001150
0.002761
0.001546
-0.003729
0.009435
0.000629
-0.013727
-0.001122
0.016937
0.001723
-0.016159
0.005165
0.001271
0.012220
-0.012818
0.001953
-0.002469
0.015075
-0.012668
-0.002975
0.006682
0.000949
-0.005060
0.004021
-0.000575
0.002825
-0.004545
-0.002671
0.014828
-0.012491
-0.000615
0.001648
0.001539
0.006954
-0.012372
0.006005
0.003718
-0.000559
0.000202
-0.002777
0.003506
-0.004027
0.011586
-0.025459
0.025693
-0.023951
0.022064
-0.005567
-0.001183
0.006102
-0.014532
0.007998
0.004395
0.001611
-0.009988
-0.001083
0.012935
-0.001080
-0.004932
-0.004622
0.002915
0.009019
-0.004868
-0.000582
-0.006515
0.019476
-0.017895
0.003614
0.005855
0.000646
-0.002614
-0.007661
0.016519
-0.012258
0.003925
-0.009809
0.028116
-0.021993
0.009718
-0.007221
0.005458
0.009439
-0.011289
0.000208
0.004563
0.006518
-0.014088
0.018878
-0.022073
0.024674
-0.019068
0.006041
-0.003003
0.019038
-0.020757
0.002033
0.006665
0.007796
-0.004251
-0.013347
0.021099
-0.003993
-0.019312
0.016639
-0.001769
-0.005068
0.006450
-0.002753
0.007203
-0.002713
0.002143
-0.006189
0.007766
0.004111
-0.008403
-0.006951
0.015271
-0.007355
-0.005310
0.011243
-0.001278
-0.004167
0.004306
-0.003241
0.010465
-0.005913
-0.007678
-0.001079
0.015732
-0.000526
-0.003552
0.010380
-0.007174
0.008627
-0.006037
-0.000288
0.005357
-0.001840
0.006703
-0.011664
0.005454
0.017636
-0.017417
-0.003647
0.011781
-0.002497
0.001854
-0.009529
0.006954
0.003698
0.006330
-0.016574
0.014745
-0.002177
0.007821
-0.027198
0.034015
-0.000002
-0.031887
0.009654
-0.003225
0.022884
-0.014105
-0.007187
0.010755
0.006537
-0.019650
0.012214
-0.005487
0.002738
0.005109
-0.005995
0.003589
-0.006196
0.004217
0.000145
0.009359
-0.009302
0.002203
-0.001002
0.000364
0.001934
-0.009464
0.008152
-0.001308
0.005630
-0.015598
0.013689
-0.006281
0.003871
-0.006772
0.009329
-0.008045
0.014745
-0.018868
0.004126
0.005110
-0.000966
-0.005359
-0.000983
0.003111
-0.004362
0.014567
-0.019881
0.011898
-0.002233
0.004989
-0.004314
-0.007446
0.006351
-0.000988
-0.005275
0.008975
-0.010321
0.001841
0.005998
-0.000980
-0.011330
0.000020
0.010900
-0.001615
-0.003004
-0.014237
0.048459
-0.105490
0.167565
