-0.000898
-0.000861
-0.000830
-0.000807
-0.000790
-0.000779
-0.000774
-0.000773
-0.000775
-0.000780
-0.000785
-0.000789
-0.000790
-0.000785
-0.000772
-0.000748
-0.000708
-0.000648
-0.000563
-0.000448
-0.000295
-0.000097
0.000156
0.000474
0.000869
0.001355
0.001946
0.002659
0.003512
0.004526
0.005721
0.007122
0.008751
0.010634
0.012796
0.015263
0.018059
0.021207
0.024730
0.028646
0.032972
0.037717
0.042889
0.048487
0.054506
0.060932
0.067744
0.074913
0.082402
0.090165
0.098150
0.106297
0.114538
0.122802
0.131011
0.139086
0.146945
0.154508
0.161695
0.168430
0.174643
0.180269
0.185253
0.189548
0.193118
0.195938
0.197995
0.199285
0.199820
0.199618
0.198710
0.197137
0.194946
0.192192
0.188935
0.185238
0.181168
0.176791
0.172174
0.167380
0.162472
0.157507
0.152536
0.147609
0.142765
0.138040
0.133464
0.129061
0.124847
0.120837
0.117036
0.113450
0.110077
0.106913
0.103953
0.101187
0.098606
0.096198
0.093952
0.091855
0.089894
0.088058
0.086334
0.084712
0.083182
0.081733
0.080356
0.079045
0.077791
0.076588
0.075431
0.074314
0.073233
0.072185
0.071166
0.070173
0.069204
0.068258
0.067331
0.066423
0.065532
0.064658
0.063799
0.062954
0.062123
0.061305
0.060500
0.059706
0.058925
0.058154
0.057395
0.056646
0.055908
0.055179
0.054461
0.053752
0.053053
0.052364
0.051683
0.051012
0.050351
0.049698
0.049055
0.048420
0.047795
0.047178
0.046570
0.045971
0.045381
0.044800
0.044227
0.043663
0.043107
0.042560
0.042021
0.041489
0.040966
0.040450
0.039941
0.039440
0.038945
0.038457
0.037975
0.037500
0.037030
0.036565
0.036107
0.035653
0.035204
0.034761
0.034322
0.033887
0.033457
0.033032
0.032611
0.032195
0.031783
0.031376
0.030974
0.030577
0.030184
0.029797
0.029415
0.029038
0.028666
0.028301
0.027941
0.027587
0.027239
0.026898
0.026562
0.026233
0.025911
0.025595
0.025286
0.024983
0.024687
0.024397
0.024114
0.023838
0.023568
0.023304
0.023046
0.022794
0.022547
0.022306
0.022071
0.021840
0.021613
0.021391
0.021173
0.020958
0.020746
0.020537
0.020331
0.020126
0.019924
0.019722
0.019522
0.019323
0.019124
0.018925
0.018726
0.018528
0.018328
0.018129
0.017929
0.017729
0.017528
0.017326
0.017124
0.016922
0.016719
0.016517
0.016314
0.016111
0.015908
0.015706
0.015505
0.015304
0.015105
0.014907
0.014710
0.014515
0.014322
0.014131
0.013942
0.013756
0.013572
0.013391
0.013213
0.013039
0.012867
0.012698
0.012533
0.012370
0.012211
0.012055
0.011903
0.011753
0.011606
0.011462
0.011321
0.011182
0.011046
0.010913
0.010781
0.010652
0.010525
0.010400
0.010277
0.010156
0.010037
0.009919
0.009803
0.009689
0.009576
0.009464
0.009355
0.009246
0.009140
0.009035
0.008931
0.008829
0.008728
0.008629
0.008531
0.008435
0.008341
0.008247
0.008156
0.008065
0.007976
0.007889
0.007802
0.007717
0.007633
0.007550
0.007468
0.007387
0.007307
0.007227
0.007148
0.007069
0.006990
0.006912
0.006834
0.006755
0.006677
0.006598
0.006519
0.006440
0.006360
0.006280
0.006200
0.006119
0.006037
0.005955
0.005873
0.005790
0.005707
0.005624
0.005540
0.005457
0.005374
0.005291
0.005208
0.005126
0.005044
0.004963
0.004882
0.004803
0.004725
0.004647
0.004571
0.004497
0.004424
0.004352
0.004282
0.004213
0.004146
0.004081
0.004017
0.003955
0.003894
0.003836
0.003778
0.003722
0.003668
0.003615
0.003563
0.003513
0.003463
0.003415
0.003367
0.003320
0.003275
0.003229
0.003185
0.003141
0.003097
0.003054
0.003011
0.002968
0.002926
0.002884
0.002843
0.002801
0.002760
0.002719
0.002678
0.002638
0.002598
0.002559
0.002520
0.002481
0.002443
0.002406
0.002370
0.002334
0.002300
0.002266
0.002233
0.002201
0.002169
0.002139
0.002110
0.002082
0.002054
0.002028
0.002002
0.001977
0.001953
0.001929
0.001907
0.001884
0.001862
0.001841
0.001820
0.001799
0.001778
0.001758
0.001737
0.001717
0.001697
0.001676
0.001656
0.001635
0.001614
0.001593
0.001572
0.001551
0.001529
0.001507
0.001484
0.001461
0.001438
0.001414
0.001390
0.001366
0.001341
0.001315
0.001290
0.001263
0.001237
0.001210
0.001183
0.001155
0.001127
0.001099
0.001070
0.001042
0.001013
0.000984
0.000955
0.000926
0.000897
0.000867
0.000839
0.000810
0.000781
0.000753
0.000725
0.000697
0.000669
0.000642
0.000615
0.000589
0.000563
0.000538
0.000513
0.000488
0.000464
0.000441
0.000418
0.000395
0.000373
0.000352
0.000331
0.000310
0.000290
0.000270
0.000251
0.000232
0.000213
0.000195
0.000177
0.000160
0.000143
0.000126
0.000110
0.000095
0.000080
0.000065
0.000052
0.000039
0.000026
0.000014
0.000003
-0.000008
-0.000018
-0.000027
-0.000036
-0.000045
-0.000053
-0.000060
-0.000068
-0.000075
-0.000082
-0.000088
-0.000095
-0.000102
-0.000109
-0.000116
-0.000123
-0.000130
-0.000138
-0.000145
-0.000152
-0.000160
-0.000168
-0.000175
-0.000182
-0.000189
-0.000196
-0.000202
-0.000207
-0.000212
-0.000217
-0.000220
-0.000223
-0.000225
-0.000226
-0.000226
-0.000225
-0.000224
-0.000222
-0.000219
-0.000216
-0.000212
-0.000208
-0.000203
-0.000199
-0.000194
-0.000190
-0.000186
-0.000183
-0.000180
-0.000178
-0.000176
-0.000175
-0.000175
-0.000177
-0.000179
-0.000182
-0.000186
-0.000191
-0.000197
-0.000204
-0.000211
-0.000219
-0.000228
-0.000237
-0.000247
-0.000257
-0.000268
-0.000278
-0.000288
-0.000298
-0.000309
-0.000318
-0.000328
-0.000337
-0.000346
-0.000354
-0.000362
-0.000370
-0.000376
-0.000383
-0.000389
-0.000394
-0.000399
-0.000404
-0.000409
-0.000413
-0.000417
-0.000420
-0.000424
-0.000427
-0.000430
-0.000433
-0.000436
-0.000440
-0.000443
-0.000446
-0.000450
-0.000453
-0.000457
-0.000461
-0.000465
-0.000470
-0.000474
-0.000479
-0.000484
-0.000489
-0.000494
-0.000499
-0.000504
-0.000509
-0.000515
-0.000520
-0.000525
-0.000530
-0.000534
-0.000538
-0.000542
-0.000546
-0.000549
-0.000552
-0.000554
-0.000556
-0.000557
-0.000558
-0.000559
-0.000559
-0.000558
-0.000557
-0.000556
-0.000554
-0.000552
-0.000549
-0.000546
-0.000544
-0.000540
-0.000537
-0.000534
-0.000530
-0.000527
-0.000524
-0.000520
-0.000517
-0.000514
-0.000511
-0.000508
-0.000505
-0.000502
-0.000500
-0.000498
-0.000496
-0.000494
-0.000492
-0.000491
-0.000489
-0.000488
-0.000487
-0.000486
-0.000486
-0.000485
-0.000485
-0.000484
-0.000484
-0.000484
-0.000484
-0.000483
-0.000483
-0.000483
-0.000483
-0.000483
-0.000484
-0.000484
-0.000484
-0.000484
-0.000484
-0.000484
-0.000485
-0.000485
-0.000485
-0.000486
-0.000486
-0.000487
-0.000488
-0.000488
-0.000489
-0.000490
-0.000491
-0.000492
-0.000493
-0.000494
-0.000495
-0.000497
-0.000498
-0.000499
-0.000500
-0.000500
-0.000501
-0.000502
-0.000502
-0.000503
-0.000503
-0.000503
-0.000503
-0.000502
-0.000501
-0.000500
-0.000499
-0.000498
-0.000496
-0.000494
-0.000491
-0.000488
-0.000485
-0.000481
-0.000476
-0.000471
-0.000466
-0.000460
-0.000453
-0.000445
-0.000437
-0.000427
-0.000417
-0.000406
-0.000395
-0.000382
-0.000369
-0.000354
-0.000340
-0.000324
-0.000308
-0.000291
-0.000274
-0.000257
-0.000240
-0.000223
-0.000206
-0.000190
-0.000174
-0.000159
-0.000145
-0.000132
-0.000120
-0.000110
-0.000101
-0.000093
-0.000087
-0.000083
-0.000080
-0.000079
-0.000079
-0.000081
-0.000084
-0.000088
-0.000093
-0.000099
-0.000106
-0.000114
-0.000121
-0.000129
-0.000137
-0.000145
-0.000152
-0.000159
-0.000166
-0.000171
-0.000176
-0.000180
-0.000183
-0.000185
-0.000187
-0.000187
-0.000187
-0.000185
-0.000183
-0.000181
-0.000178
-0.000174
-0.000171
-0.000167
-0.000163
-0.000159
-0.000156
-0.000152
-0.000149
-0.000147
-0.000145
-0.000144
-0.000143
-0.000143
-0.000143
-0.000144
-0.000146
-0.000149
-0.000152
-0.000155
-0.000159
-0.000164
-0.000169
-0.000174
-0.000180
-0.000185
-0.000191
-0.000197
-0.000202
-0.000208
-0.000213
-0.000218
-0.000223
-0.000227
-0.000231
-0.000235
-0.000238
-0.000240
-0.000243
-0.000244
-0.000246
-0.000247
-0.000247
-0.000247
-0.000247
-0.000247
-0.000246
-0.000246
-0.000245
-0.000245
-0.000244
-0.000244
-0.000244
-0.000244
-0.000245
-0.000246
-0.000247
-0.000249
-0.000251
-0.000254
-0.000258
-0.000262
-0.000266
-0.000271
-0.000277
-0.000282
-0.000288
-0.000295
-0.000301
-0.000308
-0.000315
-0.000321
-0.000328
-0.000334
-0.000340
-0.000346
-0.000351
-0.000356
-0.000360
-0.000364
-0.000367
-0.000369
-0.000371
-0.000371
-0.000371
-0.000370
-0.000369
-0.000366
-0.000362
-0.000358
-0.000352
-0.000346
-0.000339
-0.000331
-0.000322
-0.000312
-0.000302
-0.000290
-0.000278
-0.000265
-0.000252
-0.000237
-0.000222
-0.000207
-0.000191
-0.000174
-0.000157
-0.000140
-0.000123
-0.000105
-0.000087
-0.000069
-0.000051
-0.000034
-0.000017
-0.000000
0.000016
0.000031
0.000045
0.000059
0.000071
0.000082
0.000092
0.000100
0.000106
0.000111
0.000114
0.000116
0.000115
0.000113
0.000110
0.000104
0.000097
0.000089
0.000079
0.000068
0.000056
0.000043
0.000030
0.000016
0.000001
-0.000013
-0.000028
-0.000042
-0.000056
-0.000069
-0.000081
-0.000093
-0.000103
-0.000112
-0.000120
-0.000127
-0.000132
-0.000135
-0.000137
-0.000138
-0.000137
-0.000134
-0.000131
-0.000126
-0.000120
-0.000114
-0.000106
-0.000099
-0.000091
-0.000083
-0.000076
-0.000070
-0.000064
-0.000060
-0.000057
-0.000056
-0.000057
-0.000061
-0.000067
-0.000076
-0.000088
-0.000103
-0.000122
-0.000144
-0.000169
-0.000198
-0.000230
-0.000266
-0.000305
-0.000347
-0.000392
-0.000440
-0.000491
-0.000544
-0.000599
-0.000656
-0.000714
-0.000774
-0.000835
-0.000896
-0.000957
-0.001019
-0.001080
-0.001141
-0.001200
-0.001259
-0.001317
-0.001373
-0.001427
-0.001480
-0.001531
-0.001581
-0.001629
-0.001675
-0.001719
-0.001762
-0.001803
-0.001843
-0.001882
-0.001919
-0.001955
-0.001990
-0.002025
-0.002058
-0.002091
-0.002123
-0.002154
-0.002185
-0.002215
-0.002245
-0.002274
-0.002303
-0.002330
-0.002357
-0.002383
-0.002408
-0.002432
-0.002454
-0.002475
-0.002493
-0.002509
-0.002523
-0.002534
-0.002542
-0.002546
-0.002546
-0.002542
-0.002533
-0.002519
-0.002500
-0.002475
-0.002445
-0.002409
-0.002366
-0.002318
-0.002264
-0.002205
-0.002140
-0.002071
-0.001997
-0.001919
-0.001838
-0.001755
-0.001670
-0.001585
-0.001500
-0.001417
-0.001336
-0.001258
-0.001184
-0.001115
-0.001051
-0.000993
-0.000942
