-0.289587
0.047596
-0.055735
-0.007311
0.041121
-0.008431
-0.024485
0.004615
0.032018
-0.062381
0.084393
-0.060604
-0.007666
0.030683
-0.008496
-0.005699
0.000952
-0.009093
0.012381
0.004196
-0.025331
0.027626
-0.020433
-0.003473
0.021634
-0.023355
0.005948
-0.000118
0.005602
-0.012511
0.006310
-0.003668
0.000499
-0.000502
-0.001875
0.000821
-0.014681
0.019713
-0.003818
-0.010061
-0.004002
0.007756
-0.000053
-0.001282
-0.009625
0.010224
-0.011430
0.001007
0.013319
-0.021383
0.015479
-0.016615
0.010350
0.002294
-0.018766
-0.008777
0.099219
-0.161013
0.032708
0.152247
0.154957
-1.122165
2.144572
1.210017
0.614809
0.489351
0.281224
0.240444
0.137368
0.059166
0.023811
0.151092
0.107894
0.242003
-0.042912
0.157761
0.111694
0.113764
0.107388
0.075518
0.082696
0.098789
0.122664
0.032767
0.136304
0.040263
0.076521
0.140613
0.030149
0.054410
0.131275
0.092336
0.034047
0.090224
0.055688
0.079221
0.109871
0.027301
0.058111
0.077410
0.083392
0.058950
0.049475
0.070406
0.070564
0.059290
0.058811
0.058849
0.058323
0.069814
0.034322
0.071502
0.048532
0.053763
0.064345
0.050276
0.052666
0.044214
0.053468
0.060970
0.051643
0.029444
0.067889
0.044699
0.051042
0.042815
0.035388
0.063029
0.040049
0.042807
0.050345
0.033513
0.050806
0.042093
0.038744
0.030947
0.055669
0.026523
0.049536
0.028759
0.049667
0.024654
0.032198
0.071206
0.002600
0.036095
0.044483
0.039320
0.022758
0.039962
0.036056
0.028842
0.036237
0.031348
0.039758
0.017935
0.044682
0.017522
0.023745
0.055094
0.010452
0.025328
0.036690
0.027461
0.019449
0.043994
0.006156
0.036972
0.024263
0.023629
0.030263
0.014961
0.032078
0.019096
0.024333
0.040268
0.004930
0.018875
0.037713
0.024122
-0.002027
0.034299
0.025775
0.012328
0.028039
0.012090
0.035485
0.007114
0.030823
0.007290
0.023903
0.034283
-0.000006
0.026832
0.018477
0.023677
-0.001247
0.029229
0.011588
0.026361
0.003740
0.024198
0.024216
0.007310
0.022325
0.008526
0.015358
0.037347
-0.003044
0.006925
0.031914
0.014274
0.002460
0.021750
0.014502
0.017105
0.007352
0.011528
0.021692
0.009160
0.020863
-0.008602
0.026337
0.027500
-0.004697
0.005487
0.032654
0.007793
-0.000048
0.014914
0.026979
-0.002010
0.017202
0.000743
0.024105
0.006333
0.009093
0.004662
0.011978
0.028378
-0.009241
0.007315
0.027512
0.001229
0.004805
0.015323
0.009383
0.014237
-0.002950
0.001526
0.031518
0.008871
-0.004280
0.007988
0.017339
0.017177
-0.000885
-0.009493
0.034229
0.004546
-0.004483
0.017253
0.003916
0.005304
0.011328
0.005935
0.005807
0.013880
0.003055
0.002890
0.012832
0.007229
0.005946
-0.004570
0.023258
-0.002000
0.005595
0.005656
0.010233
0.003428
0.011843
-0.008926
0.019525
0.003819
0.004192
0.001900
0.004350
0.019989
-0.010885
0.005645
0.012292
0.010509
-0.008030
0.012737
-0.004439
0.011675
0.006042
0.000883
0.005768
0.005019
0.010984
-0.010600
0.014631
0.005013
-0.000891
-0.000416
0.020806
-0.004823
-0.004180
0.016597
-0.003145
0.003030
0.002920
0.009063
0.008671
0.000248
0.001076
0.001437
-0.000068
0.019531
-0.013314
0.004885
0.012644
0.000977
-0.008477
0.013012
-0.000805
0.000217
-0.000025
0.010214
-0.003896
0.000482
0.006038
0.001573
-0.005224
0.015585
-0.007960
-0.002890
0.025659
-0.013604
-0.006334
0.012634
0.000693
0.007548
-0.010587
0.001231
0.016613
0.000309
-0.010096
0.002803
-0.001783
0.015928
-0.008201
-0.007513
0.018484
-0.002062
-0.004630
0.001266
0.003786
0.003204
-0.004456
-0.001511
0.011626
-0.005922
0.010181
-0.009406
0.000481
0.016304
-0.012448
-0.007660
0.019132
-0.005456
0.000165
-0.006576
0.005985
0.005553
-0.006251
0.000112
0.004704
0.008026
-0.010720
-0.000282
-0.002240
0.014421
-0.004275
-0.017948
0.030593
-0.012998
-0.003106
-0.000221
0.000094
0.011191
-0.003394
-0.002825
0.000199
0.004646
-0.001366
-0.006223
-0.000402
0.017212
-0.014427
-0.007359
0.024341
-0.009646
-0.003358
0.003758
-0.005916
0.007062
-0.006477
0.004775
0.006949
-0.011212
0.008642
-0.015792
0.014775
0.001221
-0.004315
-0.010149
0.022864
-0.014306
-0.006769
0.008907
0.001079
-0.002170
0.000341
-0.009206
0.008129
0.002653
-0.005348
-0.003561
-0.007343
0.023826
-0.013865
-0.015442
0.025250
-0.007553
-0.009733
0.002594
-0.000192
0.012291
-0.017691
-0.003188
0.011637
0.002956
-0.010191
0.003636
-0.008898
0.015403
-0.012131
-0.007484
0.021193
-0.006629
-0.012603
0.008170
0.003038
-0.001206
-0.004888
-0.004346
0.011608
-0.001720
-0.005938
-0.005500
-0.001774
0.013282
-0.007192
-0.010777
0.019051
-0.012233
0.000672
-0.003387
0.000695
0.001707
0.001320
-0.006382
-0.004300
0.008420
0.003818
-0.006273
-0.018531
0.027180
-0.011916
-0.001364
0.009114
-0.013688
0.005121
-0.003378
0.007632
-0.012810
0.005141
-0.004782
0.000943
0.001791
0.000075
-0.010257
0.001577
0.018758
-0.018790
-0.008891
0.019000
-0.011049
-0.004755
0.003542
0.000429
-0.002670
-0.000362
-0.003315
0.001673
-0.001572
0.002209
-0.006284
-0.002313
0.011825
-0.013746
-0.003518
0.017062
-0.004382
-0.016495
0.006758
-0.000460
0.002913
-0.007446
-0.004506
0.012029
-0.005357
0.000737
-0.009523
0.004468
0.007086
-0.015556
-0.006804
0.025114
-0.013265
-0.005993
0.002431
0.001524
-0.004239
-0.004212
0.000903
0.001043
-0.000880
0.006360
-0.016122
0.007028
0.011406
-0.018330
-0.012633
0.024516
-0.003231
-0.013965
-0.000722
-0.000328
0.007466
-0.005053
-0.010352
0.012714
0.002864
-0.008834
-0.008585
0.010390
-0.000172
-0.004894
-0.006631
0.016530
-0.010354
-0.004297
0.000612
0.004888
-0.004413
0.000309
-0.001073
-0.000525
-0.002100
0.002046
-0.005703
-0.003760
0.011039
-0.002464
-0.019780
0.020935
-0.009324
0.006218
-0.011508
-0.002377
0.009270
-0.003386
-0.011053
0.013566
-0.009296
0.004835
-0.005626
-0.005592
0.018230
-0.006779
-0.017436
0.021510
-0.008569
-0.009525
0.010243
-0.006927
0.011558
-0.017667
0.003832
0.003559
-0.003155
-0.002498
0.001169
-0.003650
0.016964
-0.019919
-0.006661
0.023976
-0.018900
-0.000841
0.001356
0.003685
-0.006236
0.000657
-0.010640
0.015174
-0.003511
0.000279
-0.007671
-0.000462
0.013108
-0.013920
-0.012761
0.020945
-0.001358
-0.012970
0.002221
-0.001303
0.001694
0.001796
-0.009091
0.005348
-0.000990
0.003913
-0.013900
0.001685
0.013446
-0.015267
-0.005363
0.018051
-0.000220
-0.018117
0.006345
0.005867
-0.004730
-0.006590
0.004985
0.003340
-0.008631
-0.000202
-0.002773
0.002102
0.009604
-0.004720
-0.013852
0.018645
-0.003433
-0.017344
0.015417
-0.015856
0.015821
-0.008426
-0.003569
0.007405
-0.006936
0.004640
-0.010168
0.008799
0.000008
-0.002678
-0.017983
0.025425
-0.004766
-0.013873
0.002645
-0.000401
0.006686
0.005379
-0.014873
0.013246
0.003065
-0.004617
-0.006372
0.000785
0.010374
-0.006869
-0.009819
0.024439
-0.021874
0.004051
0.001064
0.000570
-0.002517
0.001384
0.007195
-0.004112
-0.001779
-0.003200
-0.001590
-0.002378
0.019347
-0.018963
-0.009600
0.022103
-0.003473
-0.008861
0.009792
-0.009936
0.003166
0.000948
-0.002161
0.001650
0.004084
-0.006303
0.001582
-0.010772
0.017535
-0.006356
-0.017773
0.025759
-0.013043
-0.003736
0.000682
0.007775
-0.006224
-0.001785
-0.002003
0.006714
0.000622
-0.001416
-0.013580
0.009956
0.011709
-0.013394
0.001677
0.003870
0.003359
-0.013623
0.007822
-0.001542
0.001474
-0.004554
-0.002801
0.007411
0.003201
-0.001338
-0.010982
0.000820
0.017813
-0.016419
-0.002694
0.008638
0.000513
-0.005831
0.005423
-0.009647
0.007308
-0.004140
0.001945
0.002358
-0.002649
-0.002231
0.001506
0.000594
0.001538
-0.001186
-0.014468
0.027687
-0.013126
-0.007567
0.000087
0.009648
-0.004059
-0.003812
-0.002664
0.006310
0.000437
-0.005211
0.006774
-0.016333
0.026677
-0.018778
-0.006407
0.016280
-0.001937
-0.014569
0.009137
0.000769
0.003926
0.000775
-0.005542
0.011695
-0.002021
-0.002518
-0.004797
0.002772
0.011841
-0.011695
-0.005768
0.019979
-0.015149
0.002013
-0.002932
0.007718
0.000573
-0.002107
-0.007443
0.010914
0.000444
-0.002972
-0.004988
-0.005469
0.018385
-0.012118
-0.008517
0.017996
-0.000852
-0.013438
0.005123
0.000528
-0.002042
-0.001495
0.000102
0.011322
-0.011098
-0.003517
0.007164
-0.006606
0.016709
-0.019589
0.001370
0.014181
-0.000428
-0.012503
0.012373
-0.010294
0.013437
-0.006250
-0.008888
0.016036
-0.006379
0.004407
-0.014308
0.002123
0.019206
-0.013144
-0.010961
0.021200
-0.008789
-0.004957
0.010498
-0.016519
0.018285
-0.010582
0.000714
0.001905
0.002021
-0.002219
0.001065
-0.007051
0.014588
-0.006372
-0.010973
0.010185
0.001077
-0.004049
0.002520
-0.001304
-0.001655
-0.000019
0.002934
0.006990
-0.007336
-0.000852
-0.002187
-0.000703
0.017627
-0.018630
-0.001508
0.011776
0.000177
-0.018130
0.022101
-0.020875
0.023658
-0.029278
0.039719
-0.054009
0.072305
-0.064028
0.025309
-0.009420
0.018576
-0.015984
-0.005384
0.018021
-0.006523
0.003983
-0.005160
0.003379
-0.002781
-0.003864
0.005582
-0.003452
0.004688
0.003396
-0.009477
-0.000588
0.014136
-0.018003
0.008901
0.002438
0.001228
-0.010151
0.004556
0.000557
0.001955
-0.008335
0.002220
0.009532
-0.007354
-0.002439
0.001698
-0.000384
0.012987
-0.021605
0.007508
0.007723
-0.002042
-0.006937
0.010875
-0.002032
0.000703
-0.001317
-0.002957
0.003512
0.001115
0.002399
-0.011850
0.006254
0.014583
-0.021244
0.002369
0.012769
-0.006112
0.001544
-0.016153
0.020997
-0.007480
0.021723
-0.083183
0.123790
-0.073421
-0.001977
0.000030
-0.002803
0.012068
-0.011247
-0.007826
0.017109
-0.001536
-0.021285
0.027810
-0.026465
0.008818
0.000743
-0.006520
0.008364
-0.010144
-0.000856
0.001459
-0.006092
0.005766
-0.003016
-0.009977
0.012334
-0.003567
-0.016849
0.011793
0.000779
-0.010105
0.002707
-0.006503
0.009883
-0.008025
0.004407
-0.013168
0.006632
0.000422
-0.002374
-0.013308
0.012607
-0.006385
-0.007681
0.007538
-0.007754
-0.004990
0.003286
-0.010204
0.007954
-0.004297
-0.005163
0.000305
-0.003057
0.000631
-0.001608
-0.010043
0.004611
0.003755
-0.023265
0.016302
-0.013699
0.013541
-0.035264
0.056570
-0.082038
0.061450
-0.081574
0.285696
-0.646803
0.724550
