-0.677686
0.114583
-0.183138
0.003593
0.044883
-0.041536
-0.069177
-0.003760
0.029979
-0.138357
0.148635
-0.147259
-0.008131
0.013268
-0.030816
-0.030682
-0.014998
-0.041348
-0.008682
-0.011842
-0.063168
0.025213
-0.052591
-0.026273
0.005982
-0.058286
-0.000608
-0.024868
-0.021380
-0.038873
-0.003312
-0.040813
-0.015213
-0.027660
-0.024560
-0.005399
-0.060237
0.015530
-0.044498
-0.021204
-0.032244
-0.015367
-0.013544
-0.031565
-0.053093
0.017129
-0.052754
-0.001501
-0.019842
-0.065625
0.016714
-0.045048
-0.012488
-0.001133
-0.107334
0.018769
0.122631
-0.244167
-0.217188
0.762522
-0.232523
-2.041165
2.745936
3.421756
3.213275
2.320125
0.720272
0.566301
0.366161
0.062338
0.265931
0.438708
0.359375
0.583594
0.281112
0.159390
0.373871
0.385281
0.275310
0.278468
0.228346
0.261606
0.271523
0.194531
0.322033
0.166157
0.260386
0.324657
0.130429
0.202102
0.255174
0.279411
0.209487
0.230493
0.111535
0.273712
0.267745
0.139972
0.187090
0.194635
0.220049
0.196211
0.176029
0.173604
0.234284
0.159956
0.164665
0.183855
0.166920
0.199115
0.141972
0.216461
0.120754
0.202219
0.175803
0.165382
0.145372
0.155428
0.158736
0.169542
0.135043
0.152720
0.157350
0.160831
0.133443
0.157814
0.086602
0.243017
0.112513
0.066644
0.152535
0.146269
0.137889
0.131161
0.098412
0.152975
0.125886
0.128864
0.067533
0.259599
0.014216
0.074521
0.095568
0.136762
0.116581
0.092175
0.111452
0.128007
0.088093
0.098658
0.109878
0.108833
0.085741
0.115122
0.065416
0.194416
0.009958
0.103087
0.104531
0.115537
0.047129
0.101136
0.104041
0.016392
0.074068
0.042521
0.122485
0.015820
0.106999
0.063239
0.094297
0.083071
0.063947
0.066357
0.035409
0.126679
0.039542
0.051259
0.098133
0.051310
0.072379
0.053089
0.077888
0.076536
0.060442
0.018934
0.111551
0.059947
0.054155
0.026807
0.071107
0.082788
0.041359
0.037864
0.066920
0.067508
0.043804
0.052965
0.047244
0.058755
0.064403
0.022159
0.067487
0.058224
0.054187
0.023451
0.055589
0.078714
0.027906
0.033117
0.075028
0.039033
0.042705
0.033388
0.048997
0.057010
0.017265
0.056334
0.017889
0.086052
0.023873
0.026875
0.035419
0.064109
0.021463
0.016585
0.065500
0.033522
0.025795
0.026088
0.052957
0.026109
0.049865
0.009275
0.061544
0.034834
0.034831
0.011762
0.033713
0.041409
0.034093
0.006949
0.068772
0.013558
0.015849
0.033052
0.026231
0.020627
0.040615
0.014082
0.040032
0.050279
-0.003173
0.030346
0.030994
0.032338
0.029567
0.004145
0.041377
0.019942
0.023623
0.006145
0.043641
0.024105
0.030042
0.012240
0.017434
0.043014
0.011756
0.000742
0.015603
0.070397
0.017221
-0.037246
0.047399
0.051429
0.002231
-0.013242
0.030068
0.043707
0.023854
-0.051454
0.051458
0.053614
0.009802
-0.033086
0.030159
0.056160
0.020486
-0.047022
0.029045
0.061811
-0.005029
-0.013312
0.010813
0.042628
0.019246
-0.005543
0.002731
0.042164
0.019096
-0.011192
-0.000686
0.034918
0.026796
-0.018674
0.018636
0.027464
-0.003558
0.007033
0.006289
0.023641
-0.007050
0.004216
0.040880
0.004331
-0.009849
-0.000991
0.025636
0.020474
-0.010508
-0.014974
0.037370
0.014596
0.005799
0.001776
-0.016751
0.011523
0.024193
-0.006465
0.000689
0.016577
0.009561
-0.009140
-0.008789
0.021525
0.017890
-0.017106
0.008381
0.006406
0.009934
-0.015555
0.011657
0.000248
0.013126
0.003758
-0.011772
0.008094
0.006281
0.006007
-0.020962
0.041387
-0.013643
-0.014088
0.013759
0.017739
0.006741
-0.026299
0.006782
0.009197
0.024921
-0.037277
0.029500
-0.020541
0.044808
-0.032981
-0.010649
0.027265
-0.013577
-0.004661
0.024688
-0.014754
0.000818
0.003864
-0.003393
0.005819
0.013893
-0.014669
0.017779
-0.021193
0.011439
-0.001379
-0.006550
0.014467
-0.005664
-0.021773
0.022007
0.003456
-0.007489
0.001394
0.002193
-0.009149
0.005300
-0.011836
0.003745
-0.012214
0.021984
-0.030341
0.002973
0.018275
-0.020903
-0.015913
0.031740
-0.017193
-0.015911
0.012301
-0.018226
0.015395
-0.020573
-0.002401
-0.001974
0.010873
-0.003461
-0.026870
0.004780
0.009334
0.002483
-0.036743
0.032585
-0.012565
-0.008159
0.000735
-0.012539
-0.013194
0.014841
-0.011887
-0.008618
0.015975
-0.025720
-0.005294
-0.013632
0.023302
-0.027089
-0.015793
0.019840
0.013451
-0.034458
-0.015734
0.020667
0.007398
-0.041232
-0.015657
0.009029
0.031104
-0.027911
-0.030738
0.004013
0.020980
-0.007856
-0.054694
0.036529
0.013535
-0.030592
-0.033041
0.018376
0.012982
-0.024069
-0.028915
0.015251
0.021793
-0.031511
-0.026118
0.009213
0.003550
-0.008322
-0.039293
0.023951
0.007851
-0.035941
-0.001538
-0.008942
0.008940
-0.014903
-0.030822
0.010970
0.024456
-0.031292
-0.018384
-0.000410
0.002214
-0.014582
-0.024219
0.002312
0.018891
-0.040587
0.006036
-0.016064
0.003048
-0.000225
-0.021822
-0.017221
0.023869
-0.014149
-0.034262
0.007953
0.011742
-0.008551
-0.055270
0.023325
0.007369
-0.008984
-0.032097
0.008592
-0.002839
-0.024869
-0.013290
0.011905
-0.009794
0.002658
-0.041364
0.008724
0.008794
-0.006898
-0.034992
0.009902
-0.004091
-0.016870
-0.013166
0.000161
-0.005221
-0.012184
-0.019068
0.002912
0.002833
-0.007124
-0.027127
-0.020764
0.033368
-0.020125
-0.045031
0.022026
0.002551
-0.022380
-0.024482
-0.001390
0.013325
-0.020516
-0.016987
-0.009635
0.010987
-0.006578
-0.037156
0.005628
-0.000781
-0.004664
-0.040544
0.014156
-0.002214
-0.011926
-0.014603
-0.022074
0.021434
-0.008231
-0.046149
-0.000334
0.019779
-0.018276
-0.027696
-0.003207
0.015749
-0.021794
-0.035707
0.018537
-0.004747
-0.014284
-0.020477
-0.004718
0.006049
-0.026339
-0.015535
-0.001098
0.010742
-0.023833
-0.015953
-0.016323
0.004404
0.001244
-0.030800
0.024264
-0.040792
-0.004714
-0.000402
-0.021673
0.008142
-0.016804
-0.017266
-0.007907
0.010436
-0.028313
-0.005196
-0.019365
0.015710
-0.031160
-0.013943
0.024590
-0.021577
-0.023120
-0.009752
-0.005065
-0.012336
0.007368
-0.045298
0.004938
0.010422
-0.020748
-0.018796
-0.020604
0.023751
-0.022515
-0.033708
0.021242
-0.021125
-0.009686
-0.002398
-0.025412
-0.001028
0.001155
-0.026029
-0.024189
0.022662
-0.003193
-0.050267
0.004067
0.010083
-0.007797
-0.052216
0.023502
0.005787
-0.023138
-0.005871
-0.002986
-0.009733
-0.002923
-0.024082
0.003309
-0.021844
0.011914
-0.027865
-0.008857
-0.011809
0.006047
-0.024636
-0.003865
-0.002509
-0.021419
0.003155
-0.032290
0.008272
-0.015612
-0.016119
0.001388
-0.005811
0.004818
-0.049516
-0.009075
0.018090
-0.020936
-0.024930
0.011163
-0.006503
-0.025835
0.000252
-0.014200
-0.013720
-0.002329
-0.028899
0.020318
-0.030779
0.003468
-0.045604
0.019658
-0.006200
-0.008492
-0.041427
0.023864
-0.018526
-0.011029
-0.014026
-0.027099
0.012161
-0.008519
-0.024092
-0.009407
-0.004160
-0.002154
-0.033934
-0.003702
0.008169
-0.023606
-0.018115
0.005181
-0.003472
-0.038383
0.005918
-0.018853
-0.003390
-0.016252
-0.016775
0.005807
-0.008642
-0.025171
-0.004261
-0.021630
0.009159
-0.018278
-0.029085
0.008370
-0.003722
-0.020749
-0.025336
0.007429
-0.021591
-0.000948
-0.034024
0.007769
-0.010522
-0.005827
-0.027897
-0.022969
0.034404
-0.037552
-0.033566
0.013929
-0.006007
-0.018241
-0.023683
-0.004583
0.007704
-0.021531
-0.040975
0.027688
-0.028546
0.007559
-0.045336
-0.000387
0.011990
-0.028009
-0.016829
-0.009860
-0.015313
0.002812
-0.020627
-0.017011
-0.001551
-0.008179
-0.038565
0.015784
-0.016491
0.002044
-0.031168
-0.030901
0.017192
-0.023619
-0.020182
0.002126
0.010890
-0.052198
0.006901
-0.015144
0.006336
-0.056687
-0.004922
0.017934
-0.016057
-0.015288
-0.033719
-0.003664
0.003054
-0.008101
-0.048878
0.031221
-0.033685
-0.015418
-0.015010
0.009638
-0.018435
-0.030454
-0.016577
0.005827
-0.008590
-0.016984
-0.021599
-0.014510
0.012277
-0.035222
-0.019403
0.003837
0.012684
-0.041079
-0.011484
-0.024004
0.002876
-0.005465
-0.039991
0.001931
0.010400
-0.026730
-0.037071
-0.003652
0.019402
-0.024556
-0.053333
0.020210
0.000802
-0.022903
-0.038955
0.004597
-0.006668
-0.018146
-0.029649
0.009272
-0.017780
-0.014042
-0.024401
-0.019355
0.021996
-0.043483
-0.023512
0.013795
-0.012366
-0.033187
-0.002464
-0.022490
-0.002990
-0.021558
-0.022642
-0.009179
0.009455
-0.027715
-0.018509
-0.021655
0.000511
-0.010887
-0.038323
-0.001161
0.011661
-0.037813
-0.002384
-0.045769
0.017294
-0.029372
-0.023796
0.001648
-0.016676
-0.003153
-0.034091
-0.018773
0.012375
-0.018605
-0.035356
0.000014
-0.012199
-0.010946
-0.030811
-0.016713
0.001324
-0.005629
-0.033311
-0.018733
0.013659
-0.031195
-0.042902
-0.001338
0.027725
-0.043303
-0.043918
0.014811
-0.008819
-0.019001
-0.033434
-0.000533
-0.011355
-0.013079
-0.040800
-0.006676
-0.006057
-0.001576
-0.036710
-0.032912
0.035823
-0.041404
-0.028315
-0.011915
0.004581
-0.036645
0.007425
-0.058701
0.031402
-0.056339
0.039488
-0.116447
0.138985
-0.148311
0.033319
-0.032873
0.001360
-0.013268
-0.039417
-0.003723
-0.004431
-0.025540
-0.021154
-0.006357
-0.037443
0.012141
-0.037077
-0.006555
-0.006334
-0.020853
-0.049433
0.020555
-0.011567
-0.038748
-0.018069
-0.003952
-0.011333
-0.033311
-0.019673
-0.008813
-0.003707
-0.032670
-0.032375
0.003322
-0.004752
-0.036107
-0.020039
-0.014048
0.003575
-0.041077
-0.018754
-0.001480
-0.014400
-0.026961
-0.026913
0.007362
-0.040590
-0.010884
-0.019246
-0.015762
-0.006145
-0.013744
-0.060588
0.021400
-0.025721
-0.025347
-0.012740
-0.015535
-0.001497
-0.029466
-0.036530
-0.008225
0.018473
-0.040252
-0.110389
0.137072
-0.080416
-0.032649
-0.055376
-0.048571
0.033161
-0.023296
-0.052842
0.005200
-0.002703
-0.046480
-0.012565
-0.035369
-0.018370
-0.007109
-0.031888
-0.019341
-0.008641
-0.040053
-0.014263
-0.034717
-0.015779
-0.006271
-0.057554
0.003287
-0.013175
-0.054074
-0.009005
-0.018424
-0.023312
-0.032142
-0.021036
-0.025968
0.000865
-0.057662
-0.007098
-0.033747
-0.020997
-0.013579
-0.051462
0.004755
-0.032368
-0.021813
-0.041463
-0.016624
-0.016979
-0.000167
-0.012870
-0.037046
-0.000548
-0.042559
-0.008772
-0.032283
-0.032869
-0.007096
-0.041049
-0.015729
-0.033053
-0.022667
-0.017099
-0.032284
-0.021640
-0.062222
0.082743
-0.189542
0.112875
-0.205075
0.595322
-1.432393
1.581564
