0.003287
0.002887
0.002311
0.001664
0.001043
0.000524
0.000143
-0.000097
-0.000223
-0.000274
-0.000290
-0.000299
-0.000319
-0.000354
-0.000401
-0.000454
-0.000505
-0.000551
-0.000590
-0.000622
-0.000647
-0.000667
-0.000681
-0.000691
-0.000697
-0.000698
-0.000697
-0.000696
-0.000698
-0.000706
-0.000721
-0.000743
-0.000770
-0.000802
-0.000833
-0.000863
-0.000889
-0.000910
-0.000925
-0.000933
-0.000937
-0.000935
-0.000926
-0.000903
-0.000851
-0.000734
-0.000479
0.000050
0.001098
0.003073
0.006610
0.012637
0.022397
0.037412
0.059326
0.089634
0.129275
0.178191
0.234934
0.296485
0.358398
0.415326
0.461847
0.493443
0.507356
0.503107
0.482523
0.449287
0.408133
0.363939
0.320920
0.282122
0.249238
0.222742
0.202200
0.186654
0.174965
0.166061
0.159072
0.153369
0.148543
0.144352
0.140660
0.137391
0.134492
0.131913
0.129604
0.127508
0.125572
0.123741
0.121973
0.120233
0.118497
0.116751
0.114993
0.113226
0.111455
0.109690
0.107937
0.106201
0.104485
0.102793
0.101128
0.099495
0.097903
0.096361
0.094878
0.093460
0.092110
0.090823
0.089589
0.088396
0.087228
0.086074
0.084926
0.083785
0.082655
0.081547
0.080469
0.079429
0.078429
0.077464
0.076526
0.075603
0.074682
0.073755
0.072816
0.071864
0.070902
0.069934
0.068968
0.068009
0.067063
0.066133
0.065218
0.064319
0.063434
0.062563
0.061705
0.060861
0.060032
0.059217
0.058413
0.057615
0.056820
0.056020
0.055215
0.054402
0.053584
0.052767
0.051957
0.051162
0.050388
0.049644
0.048936
0.048270
0.047648
0.047068
0.046526
0.046010
0.045507
0.045004
0.044486
0.043945
0.043377
0.042784
0.042171
0.041550
0.040932
0.040328
0.039747
0.039196
0.038677
0.038189
0.037730
0.037293
0.036875
0.036469
0.036072
0.035681
0.035296
0.034913
0.034531
0.034146
0.033755
0.033356
0.032947
0.032532
0.032111
0.031690
0.031271
0.030858
0.030453
0.030054
0.029664
0.029281
0.028906
0.028538
0.028180
0.027831
0.027492
0.027166
0.026854
0.026557
0.026275
0.026007
0.025750
0.025500
0.025252
0.025000
0.024740
0.024467
0.024182
0.023883
0.023573
0.023257
0.022939
0.022627
0.022325
0.022041
0.021777
0.021535
0.021314
0.021109
0.020914
0.020721
0.020525
0.020321
0.020107
0.019882
0.019652
0.019419
0.019190
0.018969
0.018760
0.018563
0.018377
0.018199
0.018024
0.017847
0.017665
0.017476
0.017279
0.017075
0.016867
0.016656
0.016444
0.016233
0.016025
0.015822
0.015625
0.015437
0.015259
0.015090
0.014929
0.014770
0.014608
0.014440
0.014264
0.014079
0.013889
0.013698
0.013511
0.013331
0.013162
0.013003
0.012853
0.012709
0.012571
0.012435
0.012299
0.012162
0.012024
0.011885
0.011746
0.011608
0.011474
0.011345
0.011221
0.011103
0.010987
0.010873
0.010757
0.010641
0.010523
0.010404
0.010286
0.010168
0.010051
0.009935
0.009821
0.009710
0.009607
0.009514
0.009438
0.009382
0.009350
0.009344
0.009361
0.009397
0.009442
0.009484
0.009510
0.009506
0.009463
0.009376
0.009250
0.009092
0.008917
0.008738
0.008566
0.008411
0.008276
0.008157
0.008050
0.007948
0.007844
0.007733
0.007612
0.007481
0.007343
0.007202
0.007063
0.006933
0.006814
0.006709
0.006618
0.006538
0.006466
0.006399
0.006332
0.006264
0.006192
0.006115
0.006033
0.005946
0.005857
0.005769
0.005684
0.005606
0.005538
0.005481
0.005435
0.005399
0.005372
0.005351
0.005334
0.005317
0.005298
0.005273
0.005238
0.005192
0.005133
0.005062
0.004982
0.004899
0.004819
0.004748
0.004688
0.004641
0.004603
0.004570
0.004536
0.004495
0.004443
0.004376
0.004294
0.004199
0.004096
0.003991
0.003890
0.003801
0.003727
0.003672
0.003636
0.003616
0.003607
0.003605
0.003604
0.003600
0.003593
0.003582
0.003570
0.003557
0.003544
0.003531
0.003517
0.003499
0.003476
0.003448
0.003413
0.003374
0.003332
0.003290
0.003250
0.003213
0.003181
0.003153
0.003129
0.003107
0.003085
0.003063
0.003039
0.003015
0.002990
0.002967
0.002946
0.002929
0.002914
0.002901
0.002887
0.002870
0.002850
0.002825
0.002793
0.002756
0.002715
0.002672
0.002629
0.002591
0.002558
0.002534
0.002517
0.002507
0.002501
0.002496
0.002490
0.002481
0.002468
0.002450
0.002426
0.002394
0.002354
0.002306
0.002253
0.002196
0.002143
0.002099
0.002068
0.002055
0.002060
0.002081
0.002114
0.002152
0.002187
0.002212
0.002222
0.002214
0.002189
0.002151
0.002107
0.002065
0.002033
0.002014
0.002010
0.002018
0.002034
0.002051
0.002064
0.002069
0.002062
0.002044
0.002016
0.001979
0.001938
0.001897
0.001860
0.001835
0.001824
0.001832
0.001858
0.001899
0.001951
0.002005
0.002054
0.002091
0.002109
0.002107
0.002085
0.002046
0.001993
0.001934
0.001873
0.001815
0.001763
0.001720
0.001688
0.001667
0.001656
0.001655
0.001663
0.001677
0.001696
0.001717
0.001738
0.001758
0.001774
0.001785
0.001791
0.001790
0.001785
0.001776
0.001766
0.001756
0.001750
0.001747
0.001747
0.001750
0.001755
0.001760
0.001766
0.001772
0.001779
0.001789
0.001800
0.001813
0.001826
0.001837
0.001843
0.001843
0.001833
0.001813
0.001785
0.001750
0.001711
0.001672
0.001635
0.001602
0.001575
0.001554
0.001540
0.001534
0.001535
0.001543
0.001555
0.001569
0.001581
0.001590
0.001593
0.001591
0.001583
0.001573
0.001562
0.001553
0.001549
0.001551
0.001560
0.001578
0.001605
0.001639
0.001678
0.001721
0.001765
0.001807
0.001846
0.001881
0.001912
0.001939
0.001961
0.001977
0.001984
0.001983
0.001973
0.001954
0.001931
0.001906
0.001881
0.001860
0.001843
0.001830
0.001818
0.001808
0.001795
0.001781
0.001763
0.001743
0.001721
0.001698
0.001677
0.001659
0.001649
0.001647
0.001655
0.001674
0.001703
0.001740
0.001782
0.001826
0.001866
0.001899
0.001921
0.001931
0.001928
0.001912
0.001885
0.001851
0.001813
0.001774
0.001736
0.001702
0.001673
0.001648
0.001627
0.001609
0.001593
0.001577
0.001561
0.001544
0.001529
0.001516
0.001510
0.001515
0.001536
0.001576
0.001635
0.001712
0.001801
0.001894
0.001983
0.002059
0.002115
0.002147
0.002155
0.002140
0.002108
0.002066
0.002020
0.001976
0.001936
0.001903
0.001875
0.001850
0.001828
0.001808
0.001791
0.001777
0.001770
0.001770
0.001777
0.001789
0.001805
0.001821
0.001834
0.001845
0.001851
0.001856
0.001860
0.001863
0.001867
0.001871
0.001873
0.001872
0.001867
0.001859
0.001848
0.001834
0.001821
0.001808
0.001799
0.001795
0.001795
0.001800
0.001808
0.001817
0.001825
0.001830
0.001831
0.001830
0.001827
0.001828
0.001837
0.001859
0.001898
0.001958
0.002038
0.002136
0.002243
0.002352
0.002449
0.002524
0.002568
0.002578
0.002555
0.002506
0.002443
0.002377
0.002319
0.002277
0.002255
0.002254
0.002269
0.002296
0.002328
0.002357
0.002378
0.002385
0.002375
0.002349
0.002310
0.002266
0.002223
0.002188
0.002166
0.002156
0.002159
0.002169
0.002182
0.002195
0.002204
0.002207
0.002204
0.002195
0.002181
0.002161
0.002137
0.002110
0.002083
0.002056
0.002033
0.002013
0.001998
0.001988
0.001983
0.001982
0.001986
0.001994
0.002006
0.002022
0.002040
0.002060
0.002079
0.002095
0.002105
0.002107
0.002100
0.002083
0.002057
0.002025
0.001989
0.001956
0.001928
0.001910
0.001900
0.001899
0.001902
0.001906
0.001909
0.001908
0.001904
0.001897
0.001889
0.001880
0.001870
0.001861
0.001850
0.001838
0.001825
0.001812
0.001799
0.001786
0.001774
0.001761
0.001748
0.001734
0.001719
0.001705
0.001692
0.001680
0.001671
0.001665
0.001662
0.001664
0.001670
0.001681
0.001696
0.001714
0.001734
0.001757
0.001781
0.001809
0.001841
0.001879
0.001924
0.001975
0.002029
0.002083
0.002133
0.002175
0.002206
0.002224
0.002229
0.002223
0.002207
0.002184
0.002156
0.002123
0.002087
0.002048
0.002007
0.001963
0.001921
0.001881
0.001845
0.001817
0.001795
0.001779
0.001766
0.001754
0.001742
0.001727
0.001711
0.001693
0.001675
0.001658
0.001641
0.001625
0.001609
0.001595
0.001583
0.001575
0.001574
0.001583
0.001604
0.001637
0.001684
0.001747
0.001826
0.001923
0.002038
0.002169
0.002311
0.002452
0.002580
0.002681
0.002743
0.002761
0.002734
0.002672
0.002584
0.002487
0.002392
0.002309
0.002243
0.002193
0.002157
0.002132
0.002112
0.002095
0.002078
0.002059
0.002036
0.002009
0.001979
0.001947
0.001914
0.001883
0.001854
0.001831
0.001813
0.001800
0.001793
0.001791
0.001793
0.001798
0.001806
0.001818
0.001831
0.001846
0.001861
0.001875
0.001886
0.001892
0.001892
0.001885
0.001870
0.001850
0.001825
0.001797
0.001768
0.001739
0.001712
0.001688
0.001670
0.001659
0.001656
0.001661
0.001672
0.001688
0.001705
0.001722
0.001735
0.001744
0.001749
0.001747
0.001739
0.001722
0.001695
0.001658
0.001613
0.001563
0.001511
0.001463
0.001424
0.001394
0.001377
0.001369
0.001370
0.001375
0.001380
0.001381
0.001376
0.001362
0.001339
0.001310
0.001278
0.001249
0.001228
0.001220
0.001228
0.001252
0.001287
0.001330
0.001371
0.001404
0.001424
0.001427
0.001414
0.001385
0.001346
0.001301
0.001253
0.001208
0.001167
0.001133
0.001107
0.001088
0.001077
0.001073
0.001072
0.001074
0.001074
0.001072
0.001064
0.001050
0.001027
0.000993
0.000945
0.000879
0.000788
0.000667
0.000514
0.000329
0.000118
-0.000103
-0.000317
-0.000503
-0.000644
-0.000730
-0.000761
-0.000747
-0.000704
-0.000651
-0.000606
-0.000581
-0.000579
-0.000599
-0.000636
-0.000683
-0.000733
-0.000783
-0.000831
-0.000877
-0.000919
-0.000957
-0.000991
-0.001019
-0.001040
-0.001054
-0.001061
-0.001064
-0.001064
-0.001064
-0.001067
-0.001077
-0.001097
-0.001128
-0.001172
-0.001229
-0.001295
-0.001369
-0.001446
-0.001522
-0.001592
-0.001656
-0.001711
-0.001759
-0.001800
-0.001837
-0.001873
-0.001909
-0.001949
-0.001993
-0.002044
-0.002101
-0.002163
-0.002229
-0.002295
-0.002358
-0.002415
-0.002458
-0.002478
-0.002460
-0.002383
-0.002225
-0.001956
-0.001552
-0.001000
-0.000306
0.000498
0.001350
0.002160
0.002831
0.003273
0.003429
