-0.255223
0.060868
-0.055753
-0.001908
0.037178
-0.011271
-0.006922
-0.015554
0.043060
-0.051149
0.067838
-0.051867
0.000069
0.020422
0.004061
-0.005238
-0.004463
-0.010574
0.022467
-0.003083
-0.015667
0.028587
-0.025312
0.008332
0.008884
-0.011920
0.010762
-0.001176
0.000849
-0.003416
-0.006091
0.021446
-0.023315
0.020635
-0.012227
0.003065
-0.011208
0.028065
-0.017773
0.005122
-0.007690
0.013205
0.003831
-0.006972
-0.021283
0.033871
-0.016467
0.003772
0.004019
-0.012278
0.021084
-0.006608
-0.006590
0.001820
0.003127
-0.019599
0.078472
-0.112230
0.033516
0.073183
0.163419
-0.756330
1.637590
0.989284
0.457308
0.280304
0.215433
0.256890
0.106025
0.085484
0.035371
0.085725
0.136782
0.200423
-0.039034
0.064162
0.136002
0.105528
0.077561
0.043195
0.071556
0.070025
0.084995
0.087031
0.056771
0.052279
0.058878
0.109124
0.038525
0.038130
0.107923
0.059788
0.060364
0.057128
0.043559
0.067306
0.102276
0.019962
0.045771
0.065872
0.071102
0.054039
0.043132
0.052878
0.073444
0.040512
0.041761
0.052743
0.049137
0.063061
0.031347
0.069838
0.026691
0.066399
0.054863
0.019243
0.073198
0.024153
0.050705
0.047299
0.039487
0.031444
0.055765
0.032851
0.055594
0.015882
0.043897
0.040448
0.032808
0.039234
0.043806
0.019640
0.056116
0.030999
0.043318
0.018632
0.057086
0.023117
0.036230
0.028383
0.037114
0.033017
0.016476
0.059530
0.014218
0.023964
0.045763
0.026939
0.021529
0.037550
0.030903
0.029787
0.013950
0.034505
0.026425
0.021704
0.032002
0.024625
0.023494
0.032174
0.017857
0.020939
0.043195
0.010152
0.026996
0.009320
0.050206
0.003796
0.043985
0.007970
0.026464
0.022713
0.014234
0.016320
0.025391
0.036916
0.005744
0.012494
0.032612
0.014454
0.017852
0.012419
0.035908
0.006975
0.018875
0.007944
0.041764
0.002880
0.027953
0.002701
0.003760
0.046675
0.012605
-0.005608
0.027605
0.023101
0.009512
0.017683
0.011282
0.019210
0.009454
0.023255
0.018450
0.006488
0.015001
0.001638
0.030074
0.008444
0.013445
-0.000258
0.037432
0.014566
-0.011463
0.019115
0.021929
0.014749
0.008659
-0.002621
0.021091
0.019890
-0.001021
0.013925
0.016018
0.017469
0.001719
0.006518
0.011741
0.024595
-0.001209
0.018621
-0.001044
0.021570
0.006365
0.003620
0.023118
0.000433
0.011258
0.010550
0.015369
-0.002706
0.023611
0.000501
0.020745
-0.019317
0.031202
-0.006011
0.024212
-0.009206
0.026226
-0.004565
0.004891
0.015496
0.008213
0.013938
-0.008517
0.025933
-0.001753
-0.000467
0.029879
-0.012165
0.016343
-0.003867
0.030055
-0.003676
0.004611
-0.001979
0.026387
-0.007206
0.004953
0.014968
-0.008623
0.024382
0.001297
-0.008253
0.023762
0.002777
0.007388
0.009308
-0.019362
0.028504
-0.000797
-0.002356
0.019397
0.001374
0.004770
-0.004194
0.012800
0.008000
-0.006549
0.012799
0.013838
-0.007157
0.003552
0.007761
0.001330
0.005836
0.003379
0.013371
-0.001244
0.016661
-0.015503
0.015144
-0.000081
0.018089
-0.004232
-0.003516
0.007735
0.023288
-0.006211
-0.017586
0.019353
0.009900
-0.006350
0.001243
0.017239
0.004649
-0.007790
0.007326
0.002023
0.017164
-0.023343
0.025978
0.001214
-0.001715
-0.004030
0.006161
0.007636
0.001944
0.006359
-0.003855
0.008067
0.003938
-0.007385
0.012172
-0.006826
0.024303
-0.009135
-0.002686
0.026072
-0.007677
0.000027
0.001561
0.002866
-0.002839
0.012199
-0.000246
0.002942
0.008925
-0.009957
0.014961
-0.009412
0.013195
-0.016146
0.019812
0.005622
0.005648
0.009868
0.009648
-0.007750
0.017218
-0.009178
0.007923
-0.011963
0.032258
-0.017184
0.003188
-0.017074
0.038631
-0.012478
-0.010001
0.025481
-0.007109
-0.000197
0.016155
-0.019467
0.013834
-0.008093
0.014957
0.013999
-0.017026
-0.001653
0.007588
0.004381
-0.001628
0.011391
-0.009215
0.009076
0.000961
0.001442
0.002386
-0.007606
0.019809
-0.014622
0.010427
0.009740
-0.001770
-0.019551
0.030215
-0.030206
0.040554
-0.031231
0.023811
-0.010290
0.006150
0.000599
0.003008
0.002719
-0.014592
0.020041
-0.013806
0.021044
-0.015543
0.035205
-0.044281
0.045186
0.000900
-0.001866
-0.005948
0.016109
-0.006449
0.003941
0.000563
0.001574
-0.005545
0.009599
0.002970
-0.000092
0.006927
0.007121
-0.017748
0.009396
0.002550
0.004772
-0.015073
0.017129
-0.001758
0.001846
0.009236
-0.007895
-0.000496
0.002467
0.012741
-0.017169
0.009199
0.003301
0.000789
-0.014593
0.019899
-0.002792
-0.008615
0.001180
0.022630
-0.011992
-0.003537
-0.009266
0.029750
-0.024221
0.011927
0.004831
-0.007376
0.009040
-0.007054
0.001268
0.008106
0.012139
-0.036319
0.030301
-0.011625
0.009750
-0.007361
-0.000407
0.005841
0.001137
-0.002085
-0.000491
0.009314
-0.002792
-0.006231
-0.004372
0.022667
-0.009522
-0.013284
0.009854
0.007545
-0.007376
-0.010085
0.027147
-0.019329
0.004981
0.001744
0.003366
0.006705
-0.023006
0.026304
-0.009844
0.001128
-0.014971
0.015146
0.005751
-0.007515
-0.003347
0.000333
0.001273
-0.000850
0.015496
-0.015829
-0.000829
0.008328
-0.003031
0.010048
-0.018288
0.007068
0.008067
-0.004867
0.001114
0.008674
-0.014245
0.005477
-0.004540
0.006017
-0.004454
0.006763
0.001094
0.007083
-0.015228
0.001216
-0.002415
0.020214
-0.026459
0.005893
0.017107
-0.004561
-0.020430
0.027899
-0.016405
0.000861
-0.004717
0.012415
0.002752
-0.005900
-0.009932
0.008423
0.009872
-0.008500
0.002766
-0.021143
0.035901
-0.015600
-0.006916
0.001852
-0.000904
0.011169
-0.007429
-0.006377
0.000855
0.022423
-0.018843
-0.006635
0.019085
-0.006689
-0.005716
0.002456
0.003359
0.003638
-0.008254
0.009750
-0.017177
0.005659
0.020781
-0.025592
0.007933
0.002003
-0.002288
0.002031
-0.001722
-0.000860
-0.002476
0.001214
0.017129
-0.005972
-0.025704
0.032402
-0.025816
0.025915
-0.020860
0.006189
0.002518
-0.002510
0.003859
-0.009327
0.002322
0.013967
-0.001634
-0.014054
0.005297
0.011499
-0.011036
-0.002076
0.001819
0.007311
-0.003825
-0.002120
-0.010454
0.019235
-0.015474
0.009827
0.004079
-0.009006
0.010817
-0.010484
0.000111
0.009347
0.000039
-0.017557
0.017196
-0.004136
-0.003224
-0.003412
0.003988
0.007559
0.000344
-0.022036
0.016444
0.012813
-0.021267
0.002831
0.006534
0.001515
-0.002749
0.005208
-0.009572
0.012780
-0.004847
-0.009782
0.018535
-0.019891
0.020771
-0.018125
0.007555
0.012871
-0.010229
-0.011631
0.010955
-0.000002
-0.001868
0.002768
-0.001791
0.004030
-0.010085
-0.001658
0.015700
-0.003074
-0.009146
0.015655
-0.018102
0.013029
-0.006508
0.003194
-0.000102
0.006696
-0.011676
0.008197
0.004178
-0.012230
0.004523
0.002383
0.001670
-0.008130
0.013094
-0.015765
0.018635
-0.012501
0.006838
-0.011739
0.012887
-0.005428
0.010010
-0.017321
0.012721
-0.011262
0.015438
-0.011637
0.005990
0.003377
-0.006657
0.005845
-0.012705
0.027831
-0.022846
0.004896
0.009264
-0.010063
-0.002221
0.004835
0.002411
0.007638
-0.009378
-0.010160
0.027893
-0.019643
-0.001817
0.005958
-0.006262
0.018204
-0.022142
0.004687
0.019664
-0.007859
-0.005199
-0.005195
0.012164
-0.011775
0.005182
0.006412
-0.002491
-0.000947
0.000429
-0.001479
0.006127
0.001702
-0.017228
0.004071
0.022827
-0.021878
0.003783
0.014215
-0.011216
0.004012
-0.001412
0.004116
-0.001314
-0.002785
0.000041
-0.001008
-0.001504
0.018820
-0.020158
-0.000820
0.012365
-0.003434
0.003546
-0.014751
0.020646
-0.012969
0.011274
-0.011977
0.012058
-0.004499
-0.008939
0.011644
-0.005674
0.010153
-0.007100
-0.008887
0.024589
-0.020027
0.005735
0.009104
-0.011630
0.006574
-0.004834
0.011356
-0.004044
-0.009931
0.017363
-0.018499
0.012603
-0.004089
0.004832
-0.010574
0.014400
-0.006283
-0.003613
0.007339
-0.001609
0.005429
-0.001214
-0.005719
0.014682
-0.009814
0.002395
0.007061
-0.021622
0.033266
-0.018474
0.002785
-0.003548
0.009507
-0.004913
0.000053
0.009606
-0.002883
-0.013833
0.017167
-0.006393
0.005955
-0.008216
0.007206
0.001545
0.005436
-0.001975
-0.023813
0.041214
-0.024347
0.016650
-0.031246
0.032954
-0.016083
0.013969
-0.021565
0.024966
-0.005273
-0.008585
0.009216
-0.007265
0.012486
-0.002541
-0.014100
0.023587
-0.017864
0.010869
-0.013640
0.015016
-0.007779
0.009638
-0.008334
0.003470
0.012193
-0.018015
0.011567
-0.013735
0.020741
-0.013336
0.007783
-0.002853
0.012680
-0.012478
0.015151
-0.023406
0.014397
0.002900
-0.004929
-0.003223
0.009661
0.002060
-0.007418
-0.016339
0.038106
-0.010608
-0.010879
0.023034
0.003043
-0.012608
0.014296
-0.009939
0.013237
-0.012798
0.004807
0.008421
-0.002875
0.001806
-0.008022
0.012433
0.001239
-0.013190
0.006419
0.007706
0.008073
-0.017656
0.008490
-0.008027
0.026852
-0.025027
0.005472
0.006980
0.000312
0.003369
-0.009486
0.005963
0.018490
-0.024954
0.006930
0.007426
0.000613
0.004040
-0.012534
0.002930
0.020848
-0.027261
0.033081
-0.054523
0.076602
-0.066006
0.032524
-0.005606
0.006819
-0.001966
-0.011105
0.024109
-0.014804
0.007909
-0.001394
0.005275
-0.018829
0.019652
0.000016
0.012877
-0.015455
0.006319
-0.008081
0.012179
-0.001058
-0.009625
0.011937
0.001724
-0.003104
0.004221
-0.009679
0.013203
-0.000827
-0.004651
-0.008834
0.022934
-0.015017
0.008821
-0.014569
0.015514
0.008897
-0.013551
0.002546
-0.007005
0.021414
-0.013244
0.007583
-0.015366
0.021386
-0.007259
-0.003480
0.003564
0.007654
-0.000672
-0.009795
0.010883
-0.010583
0.012395
-0.002578
0.008783
-0.013110
0.024793
-0.021588
0.018073
-0.010148
0.015625
-0.052539
0.081565
-0.045212
-0.009335
0.007121
-0.009569
0.030605
-0.019277
-0.005496
0.011062
-0.005244
0.006340
0.013665
-0.024148
-0.003884
0.010603
0.018429
-0.015546
-0.011008
0.011433
0.001062
-0.003495
-0.003349
0.007563
-0.009816
0.008330
0.008030
-0.013162
0.005529
-0.009566
0.006659
0.005002
-0.007994
0.002219
0.003304
-0.006382
-0.001553
0.004932
-0.006325
0.004329
-0.007241
0.013314
-0.016897
0.008250
-0.005411
0.003009
0.010832
-0.015248
0.021334
-0.013877
0.002823
-0.004244
0.007086
-0.002926
-0.006658
0.001810
-0.001256
0.007925
-0.007221
-0.005075
0.002484
0.000488
0.001021
-0.019224
0.048540
-0.059198
0.037489
-0.059245
0.229995
-0.524199
0.598376
