0.001309
0.001158
0.000925
0.000652
0.000383
0.000152
-0.000022
-0.000134
-0.000193
-0.000211
-0.000206
-0.000190
-0.000174
-0.000162
-0.000158
-0.000161
-0.000170
-0.000183
-0.000198
-0.000213
-0.000226
-0.000234
-0.000237
-0.000235
-0.000229
-0.000220
-0.000211
-0.000205
-0.000203
-0.000204
-0.000210
-0.000218
-0.000228
-0.000238
-0.000247
-0.000253
-0.000257
-0.000258
-0.000256
-0.000254
-0.000251
-0.000247
-0.000238
-0.000219
-0.000172
-0.000069
0.000141
0.000547
0.001300
0.002634
0.004906
0.008608
0.014371
0.022922
0.034992
0.051166
0.071690
0.096280
0.123985
0.153158
0.181590
0.206799
0.226425
0.238654
0.242548
0.238206
0.226707
0.209860
0.189833
0.168771
0.148474
0.130208
0.114667
0.102034
0.092125
0.084542
0.078813
0.074485
0.071175
0.068588
0.066513
0.064800
0.063346
0.062078
0.060945
0.059909
0.058941
0.058022
0.057137
0.056275
0.055429
0.054590
0.053752
0.052911
0.052062
0.051207
0.050349
0.049495
0.048656
0.047840
0.047057
0.046312
0.045608
0.044943
0.044316
0.043721
0.043157
0.042621
0.042113
0.041631
0.041172
0.040726
0.040286
0.039841
0.039381
0.038902
0.038404
0.037891
0.037371
0.036852
0.036336
0.035827
0.035321
0.034814
0.034304
0.033787
0.033266
0.032744
0.032225
0.031717
0.031223
0.030745
0.030285
0.029842
0.029414
0.029002
0.028603
0.028220
0.027851
0.027497
0.027154
0.026818
0.026483
0.026142
0.025789
0.025419
0.025031
0.024625
0.024206
0.023775
0.023340
0.022904
0.022475
0.022058
0.021658
0.021281
0.020931
0.020607
0.020310
0.020036
0.019781
0.019539
0.019309
0.019087
0.018875
0.018670
0.018474
0.018283
0.018093
0.017899
0.017695
0.017476
0.017242
0.016996
0.016745
0.016498
0.016263
0.016044
0.015842
0.015653
0.015468
0.015278
0.015077
0.014860
0.014630
0.014392
0.014155
0.013930
0.013726
0.013551
0.013405
0.013285
0.013184
0.013092
0.012997
0.012888
0.012757
0.012602
0.012421
0.012220
0.012004
0.011781
0.011559
0.011343
0.011136
0.010940
0.010753
0.010573
0.010397
0.010226
0.010057
0.009893
0.009734
0.009584
0.009443
0.009310
0.009185
0.009063
0.008942
0.008816
0.008681
0.008534
0.008373
0.008200
0.008016
0.007827
0.007639
0.007458
0.007292
0.007144
0.007017
0.006911
0.006824
0.006750
0.006681
0.006613
0.006539
0.006454
0.006359
0.006253
0.006140
0.006026
0.005917
0.005818
0.005736
0.005673
0.005633
0.005615
0.005619
0.005642
0.005679
0.005722
0.005764
0.005796
0.005808
0.005795
0.005754
0.005683
0.005588
0.005475
0.005351
0.005223
0.005095
0.004970
0.004849
0.004727
0.004602
0.004469
0.004324
0.004164
0.003992
0.003811
0.003628
0.003453
0.003298
0.003172
0.003082
0.003029
0.003009
0.003013
0.003031
0.003052
0.003065
0.003067
0.003055
0.003031
0.002995
0.002952
0.002900
0.002841
0.002774
0.002700
0.002619
0.002534
0.002447
0.002363
0.002282
0.002209
0.002144
0.002087
0.002039
0.001998
0.001963
0.001931
0.001901
0.001869
0.001837
0.001805
0.001777
0.001759
0.001757
0.001774
0.001813
0.001870
0.001940
0.002013
0.002080
0.002131
0.002162
0.002170
0.002154
0.002117
0.002063
0.001994
0.001916
0.001831
0.001741
0.001648
0.001554
0.001461
0.001369
0.001279
0.001191
0.001106
0.001025
0.000948
0.000875
0.000807
0.000745
0.000689
0.000639
0.000596
0.000559
0.000529
0.000506
0.000488
0.000474
0.000462
0.000447
0.000428
0.000402
0.000368
0.000326
0.000278
0.000226
0.000171
0.000114
0.000056
-0.000004
-0.000065
-0.000125
-0.000183
-0.000234
-0.000275
-0.000304
-0.000321
-0.000325
-0.000321
-0.000311
-0.000301
-0.000294
-0.000294
-0.000304
-0.000325
-0.000356
-0.000398
-0.000446
-0.000499
-0.000550
-0.000596
-0.000631
-0.000650
-0.000653
-0.000638
-0.000608
-0.000567
-0.000522
-0.000478
-0.000443
-0.000421
-0.000415
-0.000427
-0.000457
-0.000501
-0.000557
-0.000618
-0.000681
-0.000740
-0.000793
-0.000837
-0.000872
-0.000899
-0.000919
-0.000932
-0.000941
-0.000944
-0.000942
-0.000935
-0.000925
-0.000911
-0.000897
-0.000885
-0.000876
-0.000873
-0.000877
-0.000889
-0.000909
-0.000935
-0.000967
-0.001002
-0.001038
-0.001073
-0.001105
-0.001135
-0.001161
-0.001185
-0.001208
-0.001230
-0.001253
-0.001275
-0.001297
-0.001320
-0.001342
-0.001365
-0.001386
-0.001407
-0.001425
-0.001440
-0.001450
-0.001458
-0.001463
-0.001467
-0.001473
-0.001482
-0.001495
-0.001511
-0.001528
-0.001544
-0.001558
-0.001566
-0.001570
-0.001570
-0.001566
-0.001563
-0.001563
-0.001568
-0.001579
-0.001597
-0.001621
-0.001648
-0.001677
-0.001707
-0.001733
-0.001755
-0.001768
-0.001770
-0.001761
-0.001741
-0.001714
-0.001683
-0.001654
-0.001633
-0.001621
-0.001621
-0.001629
-0.001643
-0.001660
-0.001678
-0.001694
-0.001709
-0.001723
-0.001736
-0.001749
-0.001760
-0.001770
-0.001776
-0.001779
-0.001780
-0.001782
-0.001786
-0.001795
-0.001809
-0.001828
-0.001851
-0.001875
-0.001899
-0.001921
-0.001939
-0.001955
-0.001968
-0.001978
-0.001987
-0.001994
-0.001999
-0.002002
-0.002003
-0.002003
-0.002000
-0.001994
-0.001984
-0.001970
-0.001950
-0.001924
-0.001891
-0.001852
-0.001808
-0.001760
-0.001712
-0.001668
-0.001632
-0.001607
-0.001598
-0.001606
-0.001632
-0.001674
-0.001727
-0.001788
-0.001850
-0.001909
-0.001958
-0.001997
-0.002023
-0.002037
-0.002042
-0.002041
-0.002036
-0.002032
-0.002027
-0.002022
-0.002016
-0.002007
-0.001993
-0.001976
-0.001957
-0.001939
-0.001929
-0.001927
-0.001938
-0.001959
-0.001989
-0.002021
-0.002052
-0.002074
-0.002085
-0.002084
-0.002069
-0.002045
-0.002014
-0.001981
-0.001952
-0.001929
-0.001915
-0.001912
-0.001917
-0.001929
-0.001942
-0.001953
-0.001958
-0.001953
-0.001940
-0.001920
-0.001896
-0.001874
-0.001857
-0.001851
-0.001856
-0.001874
-0.001900
-0.001928
-0.001952
-0.001965
-0.001963
-0.001944
-0.001912
-0.001872
-0.001833
-0.001803
-0.001787
-0.001788
-0.001805
-0.001831
-0.001860
-0.001881
-0.001887
-0.001873
-0.001839
-0.001787
-0.001727
-0.001666
-0.001616
-0.001580
-0.001563
-0.001562
-0.001574
-0.001595
-0.001619
-0.001643
-0.001666
-0.001686
-0.001703
-0.001717
-0.001728
-0.001735
-0.001738
-0.001739
-0.001737
-0.001732
-0.001725
-0.001715
-0.001704
-0.001692
-0.001679
-0.001667
-0.001657
-0.001649
-0.001645
-0.001642
-0.001640
-0.001637
-0.001633
-0.001627
-0.001622
-0.001619
-0.001621
-0.001629
-0.001643
-0.001662
-0.001682
-0.001699
-0.001709
-0.001711
-0.001703
-0.001687
-0.001665
-0.001638
-0.001608
-0.001572
-0.001528
-0.001471
-0.001395
-0.001294
-0.001165
-0.001006
-0.000820
-0.000611
-0.000391
-0.000174
0.000025
0.000188
0.000302
0.000356
0.000347
0.000279
0.000161
0.000011
-0.000154
-0.000316
-0.000461
-0.000578
-0.000666
-0.000724
-0.000760
-0.000780
-0.000791
-0.000797
-0.000803
-0.000806
-0.000806
-0.000801
-0.000788
-0.000768
-0.000741
-0.000711
-0.000681
-0.000657
-0.000644
-0.000644
-0.000660
-0.000690
-0.000731
-0.000776
-0.000820
-0.000856
-0.000882
-0.000896
-0.000900
-0.000898
-0.000895
-0.000894
-0.000900
-0.000911
-0.000928
-0.000947
-0.000964
-0.000974
-0.000975
-0.000966
-0.000945
-0.000917
-0.000884
-0.000849
-0.000817
-0.000792
-0.000774
-0.000765
-0.000765
-0.000772
-0.000786
-0.000804
-0.000824
-0.000843
-0.000859
-0.000869
-0.000872
-0.000865
-0.000849
-0.000824
-0.000792
-0.000758
-0.000724
-0.000695
-0.000674
-0.000663
-0.000662
-0.000669
-0.000684
-0.000703
-0.000722
-0.000740
-0.000753
-0.000760
-0.000759
-0.000749
-0.000729
-0.000699
-0.000660
-0.000613
-0.000561
-0.000505
-0.000450
-0.000398
-0.000355
-0.000325
-0.000311
-0.000314
-0.000333
-0.000364
-0.000403
-0.000445
-0.000485
-0.000523
-0.000557
-0.000589
-0.000620
-0.000648
-0.000673
-0.000691
-0.000702
-0.000703
-0.000695
-0.000681
-0.000662
-0.000642
-0.000625
-0.000610
-0.000599
-0.000588
-0.000574
-0.000554
-0.000525
-0.000485
-0.000434
-0.000377
-0.000318
-0.000262
-0.000216
-0.000184
-0.000169
-0.000171
-0.000191
-0.000223
-0.000264
-0.000309
-0.000352
-0.000387
-0.000412
-0.000423
-0.000420
-0.000406
-0.000383
-0.000357
-0.000332
-0.000313
-0.000304
-0.000305
-0.000319
-0.000343
-0.000374
-0.000410
-0.000445
-0.000476
-0.000499
-0.000514
-0.000520
-0.000519
-0.000511
-0.000498
-0.000481
-0.000461
-0.000438
-0.000414
-0.000389
-0.000365
-0.000347
-0.000335
-0.000332
-0.000338
-0.000350
-0.000366
-0.000382
-0.000392
-0.000394
-0.000388
-0.000374
-0.000357
-0.000339
-0.000325
-0.000317
-0.000316
-0.000321
-0.000329
-0.000338
-0.000346
-0.000350
-0.000350
-0.000347
-0.000341
-0.000334
-0.000326
-0.000319
-0.000310
-0.000300
-0.000285
-0.000265
-0.000242
-0.000218
-0.000198
-0.000187
-0.000188
-0.000201
-0.000226
-0.000258
-0.000291
-0.000320
-0.000342
-0.000355
-0.000362
-0.000364
-0.000365
-0.000366
-0.000369
-0.000371
-0.000371
-0.000366
-0.000355
-0.000338
-0.000317
-0.000294
-0.000272
-0.000254
-0.000241
-0.000232
-0.000227
-0.000222
-0.000214
-0.000202
-0.000184
-0.000160
-0.000133
-0.000105
-0.000081
-0.000062
-0.000052
-0.000050
-0.000055
-0.000067
-0.000082
-0.000100
-0.000119
-0.000138
-0.000157
-0.000177
-0.000196
-0.000217
-0.000238
-0.000259
-0.000280
-0.000299
-0.000317
-0.000330
-0.000338
-0.000340
-0.000335
-0.000321
-0.000301
-0.000275
-0.000246
-0.000218
-0.000193
-0.000172
-0.000156
-0.000142
-0.000129
-0.000118
-0.000106
-0.000096
-0.000088
-0.000085
-0.000086
-0.000092
-0.000101
-0.000112
-0.000123
-0.000133
-0.000142
-0.000150
-0.000160
-0.000173
-0.000191
-0.000213
-0.000240
-0.000269
-0.000297
-0.000320
-0.000336
-0.000346
-0.000352
-0.000357
-0.000368
-0.000391
-0.000431
-0.000490
-0.000565
-0.000651
-0.000737
-0.000816
-0.000877
-0.000919
-0.000940
-0.000945
-0.000942
-0.000936
-0.000932
-0.000933
-0.000936
-0.000940
-0.000942
-0.000941
-0.000937
-0.000930
-0.000922
-0.000912
-0.000899
-0.000881
-0.000855
-0.000822
-0.000780
-0.000732
-0.000680
-0.000629
-0.000585
-0.000552
-0.000535
-0.000536
-0.000555
-0.000591
-0.000638
-0.000692
-0.000749
-0.000804
-0.000855
-0.000901
-0.000940
-0.000974
-0.001001
-0.001022
-0.001037
-0.001046
-0.001050
-0.001050
-0.001046
-0.001040
-0.001033
-0.001029
-0.001029
-0.001037
-0.001053
-0.001078
-0.001107
-0.001138
-0.001161
-0.001169
-0.001150
-0.001094
-0.000988
-0.000824
-0.000596
-0.000305
0.000035
0.000399
0.000751
0.001051
0.001259
0.001347
