-0.000777
-0.000746
-0.000720
-0.000700
-0.000685
-0.000674
-0.000668
-0.000666
-0.000666
-0.000669
-0.000671
-0.000673
-0.000672
-0.000666
-0.000654
-0.000632
-0.000597
-0.000545
-0.000472
-0.000374
-0.000243
-0.000074
0.000141
0.000412
0.000748
0.001161
0.001663
0.002269
0.002995
0.003857
0.004873
0.006063
0.007446
0.009045
0.010879
0.012971
0.015340
0.018007
0.020988
0.024300
0.027955
0.031962
0.036325
0.041045
0.046114
0.051521
0.057248
0.063269
0.069552
0.076058
0.082743
0.089554
0.096436
0.103327
0.110162
0.116875
0.123397
0.129661
0.135600
0.141151
0.146256
0.150861
0.154922
0.158401
0.161267
0.163502
0.165096
0.166048
0.166368
0.166074
0.165192
0.163759
0.161813
0.159404
0.156581
0.153398
0.149912
0.146179
0.142254
0.138191
0.134041
0.129853
0.125669
0.121529
0.117467
0.113511
0.109686
0.106011
0.102499
0.099160
0.096001
0.093023
0.090225
0.087604
0.085152
0.082864
0.080729
0.078738
0.076881
0.075146
0.073524
0.072005
0.070577
0.069231
0.067960
0.066754
0.065607
0.064512
0.063461
0.062452
0.061477
0.060534
0.059619
0.058729
0.057860
0.057011
0.056179
0.055363
0.054561
0.053772
0.052996
0.052230
0.051475
0.050729
0.049993
0.049265
0.048547
0.047836
0.047134
0.046441
0.045755
0.045078
0.044410
0.043749
0.043098
0.042456
0.041822
0.041198
0.040583
0.039978
0.039383
0.038797
0.038222
0.037656
0.037101
0.036556
0.036020
0.035494
0.034978
0.034471
0.033974
0.033485
0.033005
0.032533
0.032069
0.031612
0.031162
0.030719
0.030282
0.029852
0.029427
0.029007
0.028593
0.028184
0.027779
0.027379
0.026983
0.026592
0.026205
0.025822
0.025444
0.025070
0.024700
0.024335
0.023974
0.023618
0.023267
0.022920
0.022578
0.022242
0.021910
0.021583
0.021262
0.020946
0.020634
0.020328
0.020028
0.019732
0.019441
0.019155
0.018874
0.018597
0.018325
0.018058
0.017795
0.017535
0.017280
0.017029
0.016781
0.016537
0.016296
0.016058
0.015823
0.015592
0.015363
0.015137
0.014914
0.014693
0.014475
0.014260
0.014048
0.013838
0.013630
0.013425
0.013223
0.013024
0.012827
0.012632
0.012441
0.012252
0.012066
0.011882
0.011702
0.011524
0.011349
0.011177
0.011007
0.010840
0.010676
0.010514
0.010355
0.010199
0.010045
0.009894
0.009745
0.009598
0.009454
0.009311
0.009171
0.009032
0.008896
0.008761
0.008627
0.008495
0.008365
0.008235
0.008107
0.007980
0.007853
0.007728
0.007603
0.007480
0.007357
0.007235
0.007113
0.006993
0.006873
0.006754
0.006637
0.006520
0.006404
0.006290
0.006176
0.006064
0.005954
0.005844
0.005736
0.005630
0.005525
0.005421
0.005318
0.005217
0.005118
0.005019
0.004922
0.004826
0.004732
0.004638
0.004545
0.004454
0.004364
0.004274
0.004186
0.004098
0.004012
0.003926
0.003842
0.003759
0.003677
0.003596
0.003516
0.003438
0.003361
0.003285
0.003211
0.003139
0.003068
0.002999
0.002931
0.002865
0.002801
0.002738
0.002677
0.002617
0.002559
0.002502
0.002446
0.002392
0.002339
0.002286
0.002235
0.002184
0.002133
0.002083
0.002033
0.001984
0.001934
0.001884
0.001835
0.001785
0.001734
0.001684
0.001633
0.001582
0.001530
0.001478
0.001426
0.001374
0.001321
0.001269
0.001217
0.001165
0.001113
0.001062
0.001011
0.000961
0.000912
0.000864
0.000816
0.000770
0.000724
0.000680
0.000637
0.000594
0.000553
0.000513
0.000473
0.000435
0.000398
0.000361
0.000325
0.000290
0.000256
0.000222
0.000188
0.000155
0.000123
0.000091
0.000059
0.000028
-0.000004
-0.000035
-0.000065
-0.000096
-0.000126
-0.000156
-0.000185
-0.000214
-0.000243
-0.000271
-0.000299
-0.000327
-0.000353
-0.000380
-0.000405
-0.000430
-0.000454
-0.000477
-0.000500
-0.000521
-0.000542
-0.000562
-0.000581
-0.000598
-0.000615
-0.000631
-0.000646
-0.000660
-0.000674
-0.000686
-0.000698
-0.000709
-0.000719
-0.000729
-0.000738
-0.000747
-0.000756
-0.000764
-0.000772
-0.000780
-0.000788
-0.000796
-0.000805
-0.000813
-0.000821
-0.000830
-0.000839
-0.000848
-0.000858
-0.000868
-0.000878
-0.000888
-0.000899
-0.000909
-0.000920
-0.000931
-0.000941
-0.000952
-0.000963
-0.000973
-0.000983
-0.000993
-0.001002
-0.001012
-0.001020
-0.001029
-0.001037
-0.001044
-0.001051
-0.001058
-0.001064
-0.001070
-0.001075
-0.001081
-0.001086
-0.001091
-0.001095
-0.001100
-0.001104
-0.001109
-0.001113
-0.001118
-0.001122
-0.001127
-0.001132
-0.001137
-0.001142
-0.001148
-0.001153
-0.001159
-0.001165
-0.001172
-0.001178
-0.001185
-0.001192
-0.001199
-0.001206
-0.001213
-0.001220
-0.001228
-0.001235
-0.001242
-0.001248
-0.001255
-0.001261
-0.001267
-0.001273
-0.001278
-0.001283
-0.001288
-0.001292
-0.001295
-0.001299
-0.001301
-0.001304
-0.001305
-0.001307
-0.001308
-0.001309
-0.001309
-0.001310
-0.001310
-0.001310
-0.001310
-0.001310
-0.001311
-0.001311
-0.001312
-0.001314
-0.001315
-0.001318
-0.001320
-0.001324
-0.001327
-0.001332
-0.001337
-0.001342
-0.001348
-0.001355
-0.001362
-0.001370
-0.001378
-0.001386
-0.001395
-0.001404
-0.001413
-0.001422
-0.001431
-0.001440
-0.001449
-0.001457
-0.001466
-0.001474
-0.001481
-0.001488
-0.001495
-0.001501
-0.001506
-0.001510
-0.001513
-0.001515
-0.001516
-0.001516
-0.001515
-0.001512
-0.001509
-0.001503
-0.001497
-0.001488
-0.001479
-0.001467
-0.001455
-0.001440
-0.001424
-0.001407
-0.001388
-0.001368
-0.001347
-0.001325
-0.001302
-0.001278
-0.001254
-0.001229
-0.001204
-0.001179
-0.001154
-0.001130
-0.001107
-0.001085
-0.001064
-0.001044
-0.001026
-0.001010
-0.000996
-0.000984
-0.000974
-0.000967
-0.000962
-0.000959
-0.000958
-0.000960
-0.000963
-0.000969
-0.000976
-0.000985
-0.000995
-0.001006
-0.001019
-0.001032
-0.001046
-0.001060
-0.001074
-0.001089
-0.001103
-0.001117
-0.001130
-0.001143
-0.001155
-0.001167
-0.001178
-0.001188
-0.001197
-0.001206
-0.001213
-0.001220
-0.001227
-0.001233
-0.001238
-0.001242
-0.001246
-0.001250
-0.001253
-0.001256
-0.001258
-0.001261
-0.001262
-0.001264
-0.001265
-0.001265
-0.001265
-0.001265
-0.001264
-0.001263
-0.001262
-0.001260
-0.001258
-0.001255
-0.001252
-0.001248
-0.001244
-0.001240
-0.001236
-0.001231
-0.001226
-0.001222
-0.001217
-0.001212
-0.001208
-0.001204
-0.001200
-0.001196
-0.001193
-0.001191
-0.001189
-0.001187
-0.001186
-0.001185
-0.001185
-0.001185
-0.001186
-0.001187
-0.001188
-0.001189
-0.001191
-0.001192
-0.001193
-0.001194
-0.001195
-0.001196
-0.001196
-0.001196
-0.001195
-0.001194
-0.001193
-0.001191
-0.001189
-0.001186
-0.001183
-0.001180
-0.001176
-0.001172
-0.001167
-0.001163
-0.001158
-0.001153
-0.001148
-0.001143
-0.001138
-0.001133
-0.001127
-0.001122
-0.001117
-0.001112
-0.001108
-0.001103
-0.001098
-0.001093
-0.001088
-0.001083
-0.001078
-0.001073
-0.001068
-0.001062
-0.001056
-0.001050
-0.001044
-0.001037
-0.001030
-0.001022
-0.001013
-0.001004
-0.000995
-0.000984
-0.000973
-0.000962
-0.000949
-0.000936
-0.000922
-0.000907
-0.000891
-0.000875
-0.000858
-0.000840
-0.000822
-0.000804
-0.000786
-0.000767
-0.000748
-0.000730
-0.000712
-0.000694
-0.000677
-0.000660
-0.000645
-0.000630
-0.000617
-0.000605
-0.000594
-0.000585
-0.000577
-0.000570
-0.000565
-0.000562
-0.000559
-0.000559
-0.000559
-0.000561
-0.000565
-0.000569
-0.000574
-0.000580
-0.000587
-0.000595
-0.000603
-0.000612
-0.000621
-0.000630
-0.000639
-0.000649
-0.000659
-0.000668
-0.000678
-0.000687
-0.000696
-0.000705
-0.000713
-0.000722
-0.000730
-0.000737
-0.000744
-0.000751
-0.000757
-0.000763
-0.000768
-0.000773
-0.000777
-0.000781
-0.000784
-0.000787
-0.000789
-0.000791
-0.000792
-0.000792
-0.000792
-0.000791
-0.000790
-0.000789
-0.000786
-0.000783
-0.000780
-0.000776
-0.000772
-0.000767
-0.000761
-0.000755
-0.000748
-0.000741
-0.000733
-0.000725
-0.000717
-0.000708
-0.000699
-0.000689
-0.000680
-0.000670
-0.000660
-0.000650
-0.000640
-0.000630
-0.000620
-0.000610
-0.000600
-0.000591
-0.000582
-0.000574
-0.000566
-0.000558
-0.000552
-0.000545
-0.000540
-0.000534
-0.000530
-0.000526
-0.000523
-0.000521
-0.000519
-0.000518
-0.000517
-0.000518
-0.000518
-0.000519
-0.000521
-0.000523
-0.000525
-0.000527
-0.000530
-0.000533
-0.000535
-0.000538
-0.000541
-0.000544
-0.000546
-0.000548
-0.000549
-0.000550
-0.000551
-0.000551
-0.000550
-0.000549
-0.000547
-0.000544
-0.000540
-0.000536
-0.000531
-0.000525
-0.000518
-0.000510
-0.000502
-0.000493
-0.000484
-0.000474
-0.000463
-0.000452
-0.000441
-0.000429
-0.000417
-0.000404
-0.000391
-0.000378
-0.000365
-0.000352
-0.000338
-0.000325
-0.000311
-0.000297
-0.000284
-0.000270
-0.000257
-0.000244
-0.000231
-0.000218
-0.000206
-0.000194
-0.000182
-0.000172
-0.000162
-0.000152
-0.000144
-0.000136
-0.000129
-0.000123
-0.000119
-0.000115
-0.000112
-0.000110
-0.000109
-0.000109
-0.000110
-0.000111
-0.000114
-0.000117
-0.000121
-0.000125
-0.000130
-0.000135
-0.000141
-0.000147
-0.000153
-0.000160
-0.000166
-0.000173
-0.000180
-0.000187
-0.000193
-0.000200
-0.000206
-0.000213
-0.000219
-0.000224
-0.000230
-0.000235
-0.000240
-0.000245
-0.000249
-0.000253
-0.000256
-0.000259
-0.000262
-0.000264
-0.000267
-0.000268
-0.000270
-0.000271
-0.000272
-0.000272
-0.000273
-0.000274
-0.000274
-0.000275
-0.000275
-0.000276
-0.000277
-0.000278
-0.000280
-0.000282
-0.000284
-0.000287
-0.000290
-0.000294
-0.000298
-0.000303
-0.000308
-0.000314
-0.000320
-0.000327
-0.000335
-0.000343
-0.000353
-0.000363
-0.000373
-0.000385
-0.000398
-0.000412
-0.000427
-0.000443
-0.000460
-0.000479
-0.000499
-0.000521
-0.000544
-0.000569
-0.000595
-0.000623
-0.000653
-0.000684
-0.000717
-0.000751
-0.000787
-0.000823
-0.000861
-0.000900
-0.000939
-0.000979
-0.001019
-0.001059
-0.001099
-0.001139
-0.001179
-0.001217
-0.001256
-0.001293
-0.001329
-0.001365
-0.001399
-0.001433
-0.001465
-0.001496
-0.001526
-0.001555
-0.001583
-0.001611
-0.001637
-0.001663
-0.001689
-0.001714
-0.001738
-0.001762
-0.001786
-0.001809
-0.001832
-0.001855
-0.001878
-0.001900
-0.001922
-0.001944
-0.001965
-0.001985
-0.002004
-0.002022
-0.002039
-0.002054
-0.002067
-0.002078
-0.002087
-0.002092
-0.002095
-0.002094
-0.002089
-0.002080
-0.002066
-0.002048
-0.002026
-0.001998
-0.001965
-0.001928
-0.001886
-0.001838
-0.001787
-0.001731
-0.001672
-0.001610
-0.001544
-0.001477
-0.001409
-0.001340
-0.001272
-0.001204
-0.001138
-0.001074
-0.001014
-0.000957
-0.000905
-0.000857
-0.000814
