-0.428457
0.083861
-0.097144
-0.002161
0.051547
-0.019756
-0.024585
-0.013514
0.053326
-0.082905
0.101888
-0.079840
-0.008293
0.038542
-0.021913
-0.009017
-0.003304
-0.009568
0.012963
-0.002035
-0.036957
0.033810
-0.028103
0.000975
0.016401
-0.027569
-0.000166
0.000442
0.000768
-0.007328
-0.005391
-0.014267
0.004311
0.012238
-0.022014
0.010553
-0.027094
0.017890
-0.017236
0.004944
-0.006229
-0.006709
-0.001011
-0.010922
-0.002063
0.013651
-0.027920
0.008662
-0.008394
-0.001353
-0.007737
-0.003043
-0.002912
0.011450
-0.049650
0.037796
0.051083
-0.160214
0.020683
0.352823
-0.313774
-0.849319
2.372336
1.201134
0.913427
0.471694
0.472253
0.347694
0.139655
0.048921
0.147139
0.151227
0.157611
0.291838
-0.008156
0.086965
0.190376
0.215702
0.052447
0.112736
0.121418
0.094980
0.115758
0.105557
0.122790
0.047490
0.121776
0.145363
0.054477
0.064919
0.137814
0.126421
0.061533
0.072901
0.084423
0.112902
0.111970
0.040300
0.089702
0.068257
0.108661
0.081315
0.064165
0.079098
0.096111
0.064919
0.080704
0.062536
0.080568
0.070994
0.072648
0.070609
0.069576
0.056285
0.077101
0.070425
0.053833
0.067938
0.060689
0.069204
0.049668
0.080625
0.046483
0.073562
0.055158
0.045714
0.053614
0.078766
0.038953
0.056525
0.051214
0.062800
0.054884
0.044628
0.059410
0.033303
0.060306
0.048986
0.053004
0.040201
0.054960
0.029291
0.062440
0.050087
0.025414
0.049155
0.052292
0.041102
0.051176
0.031035
0.043563
0.035948
0.041235
0.040109
0.043182
0.024048
0.058329
0.007207
0.058902
0.032347
0.029894
0.028512
0.052530
0.028619
0.041693
0.021051
0.036885
0.043875
0.025672
0.032945
0.031708
0.037828
0.017510
0.037079
0.016750
0.057212
0.014226
0.008886
0.056873
0.016920
0.027539
0.022725
0.038741
0.017455
0.030520
0.022223
0.023700
0.029437
0.019169
0.021080
0.021082
0.033418
0.019296
0.018929
0.026633
0.017393
0.017068
0.037357
0.007458
0.036148
0.001443
0.037652
0.009119
0.031724
0.010181
0.022276
0.002440
0.045328
-0.006988
0.019977
0.035120
0.012010
0.011996
0.030865
0.016697
-0.003888
0.037540
0.013077
0.022896
0.004353
0.018854
0.036766
-0.004828
0.019722
0.028782
0.000426
0.035472
-0.000020
0.027509
-0.003839
0.032289
-0.003889
0.026101
0.002295
0.036044
-0.006605
0.016837
0.015531
0.024190
0.014014
-0.002731
0.005160
0.044986
-0.023242
0.028390
0.019436
0.006541
0.011952
0.001085
0.021712
-0.001317
0.024048
-0.000288
-0.002715
0.026589
0.013789
0.004124
-0.011171
0.031570
0.008479
0.003585
0.006895
0.010488
0.030174
-0.025081
0.022791
0.007159
0.018914
-0.004546
0.003162
0.013737
0.025844
-0.013589
-0.004447
0.038914
-0.006808
0.008760
-0.002757
0.013944
0.011874
0.001480
-0.011000
0.036100
-0.008608
0.013202
-0.013170
0.019718
0.021320
-0.022299
0.018122
0.024879
-0.011596
0.001241
0.008927
0.011650
-0.008810
0.004805
0.013789
0.013746
-0.008969
0.004085
0.009920
-0.000725
0.013922
-0.009037
0.002213
0.020199
0.011766
-0.008158
0.004601
0.008146
0.003438
-0.000743
-0.002388
0.013527
0.007077
0.014607
-0.025468
0.014886
0.015540
-0.000928
-0.018287
0.022162
0.005699
-0.013346
0.014280
0.016267
-0.010595
-0.009685
0.025232
-0.010897
0.011648
-0.016545
0.009209
0.014646
0.002068
-0.006774
0.003196
0.007208
-0.003289
-0.012274
0.005922
0.022867
-0.019207
0.002446
0.010550
0.002089
-0.014465
0.016438
-0.000930
-0.004477
0.009902
-0.004067
-0.001884
0.004640
0.002550
0.012787
-0.024092
0.005126
0.005071
0.009359
-0.016735
0.002518
0.016730
0.002975
-0.027182
0.017395
0.007585
0.001449
-0.021231
0.021335
-0.000210
-0.003307
-0.005186
-0.001212
0.002426
0.003241
-0.009994
0.020235
-0.011603
-0.003412
-0.009693
0.005164
0.024524
-0.025651
0.004976
0.004631
0.001929
-0.017367
0.015161
-0.006134
-0.012762
0.020226
-0.018780
0.015807
-0.001298
-0.006476
0.003513
-0.014871
0.012871
-0.010544
0.010828
-0.002067
0.005358
-0.012871
0.000825
0.006738
-0.000922
-0.011440
0.001949
0.002775
-0.004109
0.004865
-0.021374
0.020894
0.004846
-0.015390
-0.008067
0.018583
-0.004542
-0.006251
-0.001305
0.007411
-0.013553
0.003436
0.000762
0.000760
0.003773
-0.021254
0.015440
-0.015354
0.006743
-0.007541
0.001272
0.016035
-0.009108
-0.016838
0.018147
-0.011550
-0.006346
0.010365
-0.005595
-0.006328
0.001338
-0.010534
0.002931
0.000649
0.001290
-0.004697
-0.012806
0.015035
-0.006419
-0.006779
0.010822
-0.013373
0.005438
-0.016279
0.008059
-0.005140
-0.002299
-0.004072
-0.003055
-0.002228
0.014265
-0.016136
-0.011862
0.013411
0.001860
-0.024784
0.015270
0.007617
-0.024259
0.002582
0.004427
-0.001182
-0.003011
-0.005710
-0.002512
-0.017566
0.025853
-0.007584
-0.020723
0.006769
-0.009644
0.015299
-0.023721
-0.000778
0.008584
0.000653
-0.008185
-0.012186
0.007914
0.009177
-0.020643
0.002117
0.016195
-0.028289
-0.008977
0.022973
-0.006128
-0.005412
-0.011610
0.002189
0.002923
-0.007067
-0.000251
-0.015075
0.016394
-0.003035
-0.018667
-0.008261
0.025195
-0.016614
-0.019963
0.019601
-0.011577
0.007933
-0.021309
0.008749
-0.006739
0.005032
-0.014972
0.008810
-0.001363
-0.015385
0.000024
0.003107
-0.003005
-0.013585
0.001541
0.023329
-0.018624
-0.009344
-0.003065
0.007349
-0.002988
-0.004318
-0.011057
0.013087
-0.006310
-0.013594
-0.011531
0.030298
-0.031912
0.012650
-0.014056
0.010517
-0.006542
-0.008607
0.007736
-0.001273
-0.026546
0.011077
-0.002068
0.007313
-0.014487
0.004001
-0.001078
-0.032400
0.035146
-0.023940
-0.009017
0.020156
-0.011411
-0.007263
-0.002182
0.002949
-0.005083
-0.007971
0.005908
-0.014536
0.011836
-0.014319
-0.003028
-0.004539
0.014941
-0.014208
-0.013461
0.004833
0.017978
-0.037153
0.011482
-0.005719
0.005635
-0.015950
0.008671
0.002460
-0.006382
-0.014805
0.003197
-0.003108
0.016137
-0.030761
-0.002193
0.020006
-0.016754
-0.010460
0.002930
0.002367
0.000863
-0.021476
0.008194
-0.004652
0.001940
-0.011302
0.004964
-0.007054
0.002140
-0.007740
-0.015421
0.023217
-0.023564
0.009681
-0.009647
-0.001658
-0.007741
-0.002285
-0.004009
0.007619
-0.004637
-0.001519
-0.007284
-0.008308
0.004018
-0.003188
-0.012156
0.015195
-0.010888
-0.016498
0.012013
-0.006848
-0.006386
0.012132
-0.024500
0.011373
-0.008765
-0.001983
0.000306
-0.013954
0.023825
-0.026060
-0.003327
0.009623
0.001155
-0.023831
0.010783
-0.012372
0.009134
-0.017467
0.002193
0.006207
-0.004341
0.003777
-0.025360
0.008744
0.006826
-0.015039
-0.003327
0.007764
-0.015215
-0.005545
0.006152
-0.004104
-0.005443
0.003321
-0.012594
0.015575
-0.020105
0.003373
-0.001175
0.002889
-0.011641
-0.007376
-0.010976
0.016511
-0.009424
-0.008834
0.009825
-0.017050
0.013213
-0.024298
0.026333
-0.025656
-0.001435
0.003001
-0.019504
0.016969
0.006968
-0.022599
-0.002873
0.006791
-0.004780
-0.018736
0.022825
-0.017267
-0.005974
-0.005711
0.004113
0.005430
-0.007422
0.002437
-0.028559
0.020371
0.000913
-0.019739
-0.004726
0.010234
-0.003888
-0.005627
-0.003013
-0.013253
0.012315
-0.014746
0.005654
-0.002374
-0.006957
0.008236
-0.014898
-0.006503
0.017739
-0.026939
0.008848
-0.008305
0.021001
-0.022934
0.000228
0.009479
-0.008133
-0.007432
-0.010508
0.023082
-0.014240
-0.000909
-0.017001
0.010945
0.003824
-0.019659
-0.003122
0.024565
-0.020120
-0.008722
0.009259
-0.017230
0.006437
-0.005607
-0.008860
0.013643
-0.005722
-0.018515
0.001778
0.001378
0.001308
-0.007378
0.001476
-0.003670
0.002939
-0.020747
0.012178
-0.009592
0.010375
-0.019774
0.001852
-0.005738
0.008478
-0.001207
-0.007710
-0.000949
0.001234
-0.007142
-0.001722
-0.005526
0.004963
-0.020377
0.020048
-0.006347
-0.015262
-0.002054
0.008466
-0.004137
-0.008238
-0.004607
0.006927
-0.015101
0.022950
-0.028415
0.000389
0.008033
-0.001995
-0.020555
0.013649
-0.007943
-0.001197
-0.008940
-0.004295
0.005427
0.000407
-0.002623
-0.014313
0.003921
0.001483
0.000411
-0.026450
0.018636
-0.002937
-0.013440
0.012583
-0.018916
0.010569
-0.014448
0.003261
-0.004102
0.003264
-0.008017
0.005055
-0.021128
0.024060
-0.023028
-0.002476
0.016073
-0.011182
-0.011316
-0.006705
0.021739
-0.021538
0.003484
-0.017214
0.022227
-0.020308
0.002721
-0.011334
0.003983
0.004662
-0.004103
-0.018462
0.011942
-0.008394
-0.006679
0.001780
0.001586
-0.009841
-0.004796
0.012293
-0.011159
-0.007386
-0.002081
-0.007050
-0.001476
0.014072
-0.023065
0.000240
0.001997
0.006514
-0.016981
0.008558
-0.012151
0.002110
-0.012682
0.007179
-0.002685
-0.005188
0.005324
-0.023402
0.016434
0.002875
-0.023009
0.003793
0.014324
-0.025031
0.014319
-0.010242
-0.002812
0.001721
-0.005433
-0.009306
0.009941
-0.023181
0.024514
-0.025247
0.013374
0.002775
-0.005000
-0.020558
0.021616
-0.017892
0.002418
0.010003
-0.014650
0.010489
-0.030165
0.044055
-0.068045
0.088482
-0.094786
0.050608
-0.014791
-0.007846
-0.002250
0.003158
-0.006784
0.007179
-0.016808
0.004762
0.008561
-0.030508
0.014157
0.005922
-0.020604
0.017108
-0.015010
-0.004868
0.000058
0.004469
-0.016219
0.002140
-0.002693
0.003808
-0.005632
-0.011887
0.007050
-0.004282
-0.009746
-0.001397
0.012872
-0.020158
0.010750
-0.015562
0.010098
-0.004837
-0.011922
0.004640
0.014198
-0.026526
0.013015
0.000093
-0.006878
-0.001514
-0.005977
0.003150
-0.023979
0.026086
-0.013448
-0.003677
-0.003959
0.016068
-0.036567
0.017822
-0.006557
0.004949
-0.008284
-0.016925
0.020144
-0.007307
-0.004347
-0.054204
0.112324
-0.097952
0.019795
-0.021738
0.003505
0.001337
0.004332
-0.024752
0.010852
0.007344
-0.031691
0.018176
-0.014626
-0.013224
0.016297
-0.019469
0.005184
-0.017398
0.008494
-0.003187
-0.011684
-0.004712
0.006069
-0.019979
0.002549
-0.005657
0.005081
-0.014841
-0.008392
-0.003947
-0.000048
-0.001096
-0.009793
-0.004937
-0.000763
-0.022100
0.022120
-0.025111
0.002885
-0.019044
0.011664
-0.006065
-0.006799
-0.004404
-0.006300
-0.002962
-0.021549
0.017369
-0.014747
-0.008007
-0.002577
-0.004904
-0.003196
-0.016425
0.004751
-0.010524
0.001025
-0.022561
0.006156
-0.000958
-0.024497
0.025026
-0.064152
0.094791
-0.119097
0.073367
-0.103468
0.371162
-0.891345
1.017908
