-0.000815
-0.000783
-0.000757
-0.000737
-0.000722
-0.000712
-0.000706
-0.000704
-0.000704
-0.000707
-0.000709
-0.000711
-0.000710
-0.000704
-0.000690
-0.000666
-0.000629
-0.000574
-0.000498
-0.000394
-0.000256
-0.000078
0.000149
0.000434
0.000788
0.001223
0.001753
0.002392
0.003158
0.004067
0.005140
0.006398
0.007860
0.009551
0.011492
0.013707
0.016217
0.019044
0.022207
0.025723
0.029605
0.033863
0.038503
0.043524
0.048920
0.054680
0.060783
0.067203
0.073906
0.080851
0.087990
0.095267
0.102623
0.109992
0.117304
0.124488
0.131469
0.138176
0.144536
0.150482
0.155950
0.160883
0.165233
0.168957
0.172024
0.174413
0.176113
0.177124
0.177455
0.177127
0.176168
0.174617
0.172518
0.169921
0.166883
0.163461
0.159716
0.155710
0.151502
0.147151
0.142712
0.138236
0.133771
0.129358
0.125033
0.120827
0.116765
0.112868
0.109149
0.105619
0.102283
0.099141
0.096194
0.093434
0.090857
0.088452
0.086211
0.084121
0.082171
0.080351
0.078648
0.077051
0.075550
0.074135
0.072796
0.071526
0.070316
0.069159
0.068050
0.066984
0.065954
0.064958
0.063992
0.063052
0.062136
0.061242
0.060367
0.059510
0.058670
0.057846
0.057036
0.056240
0.055457
0.054686
0.053928
0.053182
0.052447
0.051724
0.051012
0.050312
0.049623
0.048945
0.048279
0.047624
0.046980
0.046348
0.045727
0.045117
0.044518
0.043930
0.043352
0.042785
0.042228
0.041680
0.041142
0.040612
0.040091
0.039578
0.039072
0.038573
0.038081
0.037595
0.037115
0.036640
0.036170
0.035705
0.035244
0.034787
0.034335
0.033886
0.033441
0.033000
0.032562
0.032128
0.031698
0.031271
0.030847
0.030428
0.030012
0.029599
0.029191
0.028786
0.028385
0.027989
0.027596
0.027207
0.026822
0.026441
0.026064
0.025692
0.025324
0.024960
0.024600
0.024245
0.023894
0.023548
0.023206
0.022869
0.022537
0.022209
0.021886
0.021568
0.021255
0.020947
0.020643
0.020345
0.020051
0.019761
0.019477
0.019196
0.018921
0.018649
0.018382
0.018119
0.017859
0.017604
0.017352
0.017104
0.016859
0.016618
0.016380
0.016145
0.015914
0.015685
0.015460
0.015238
0.015019
0.014804
0.014592
0.014383
0.014179
0.013977
0.013780
0.013587
0.013398
0.013214
0.013034
0.012859
0.012688
0.012522
0.012362
0.012206
0.012056
0.011910
0.011770
0.011634
0.011503
0.011377
0.011255
0.011137
0.011023
0.010912
0.010805
0.010700
0.010598
0.010497
0.010398
0.010300
0.010202
0.010105
0.010007
0.009908
0.009808
0.009707
0.009605
0.009500
0.009393
0.009285
0.009174
0.009061
0.008946
0.008829
0.008710
0.008590
0.008468
0.008346
0.008223
0.008099
0.007975
0.007852
0.007729
0.007607
0.007486
0.007367
0.007248
0.007132
0.007017
0.006904
0.006793
0.006684
0.006577
0.006471
0.006368
0.006265
0.006164
0.006065
0.005967
0.005869
0.005773
0.005677
0.005582
0.005488
0.005394
0.005301
0.005208
0.005116
0.005024
0.004932
0.004841
0.004750
0.004660
0.004571
0.004482
0.004394
0.004307
0.004220
0.004135
0.004050
0.003966
0.003883
0.003802
0.003721
0.003641
0.003563
0.003485
0.003409
0.003334
0.003259
0.003186
0.003114
0.003043
0.002973
0.002904
0.002836
0.002769
0.002703
0.002638
0.002574
0.002511
0.002449
0.002387
0.002326
0.002266
0.002207
0.002148
0.002090
0.002033
0.001976
0.001919
0.001863
0.001807
0.001752
0.001696
0.001642
0.001587
0.001533
0.001479
0.001426
0.001373
0.001320
0.001268
0.001217
0.001166
0.001116
0.001066
0.001017
0.000969
0.000922
0.000876
0.000831
0.000786
0.000743
0.000701
0.000659
0.000619
0.000580
0.000542
0.000504
0.000468
0.000432
0.000398
0.000364
0.000331
0.000299
0.000268
0.000237
0.000207
0.000177
0.000149
0.000120
0.000092
0.000065
0.000038
0.000012
-0.000014
-0.000040
-0.000065
-0.000089
-0.000114
-0.000138
-0.000161
-0.000185
-0.000208
-0.000230
-0.000252
-0.000274
-0.000296
-0.000317
-0.000338
-0.000359
-0.000379
-0.000399
-0.000418
-0.000437
-0.000456
-0.000474
-0.000491
-0.000508
-0.000525
-0.000541
-0.000556
-0.000571
-0.000586
-0.000600
-0.000614
-0.000627
-0.000640
-0.000653
-0.000666
-0.000678
-0.000691
-0.000703
-0.000716
-0.000729
-0.000742
-0.000756
-0.000770
-0.000784
-0.000799
-0.000814
-0.000829
-0.000845
-0.000861
-0.000877
-0.000894
-0.000910
-0.000927
-0.000943
-0.000960
-0.000976
-0.000991
-0.001006
-0.001021
-0.001034
-0.001047
-0.001059
-0.001070
-0.001080
-0.001089
-0.001098
-0.001105
-0.001112
-0.001118
-0.001123
-0.001128
-0.001132
-0.001136
-0.001140
-0.001143
-0.001147
-0.001152
-0.001156
-0.001161
-0.001167
-0.001173
-0.001181
-0.001189
-0.001198
-0.001207
-0.001218
-0.001230
-0.001242
-0.001256
-0.001270
-0.001285
-0.001301
-0.001317
-0.001334
-0.001351
-0.001368
-0.001386
-0.001404
-0.001423
-0.001441
-0.001459
-0.001478
-0.001496
-0.001514
-0.001532
-0.001550
-0.001567
-0.001584
-0.001601
-0.001617
-0.001633
-0.001648
-0.001662
-0.001676
-0.001690
-0.001702
-0.001714
-0.001726
-0.001736
-0.001746
-0.001754
-0.001762
-0.001769
-0.001776
-0.001781
-0.001786
-0.001790
-0.001793
-0.001795
-0.001797
-0.001798
-0.001798
-0.001799
-0.001798
-0.001798
-0.001797
-0.001795
-0.001794
-0.001792
-0.001791
-0.001789
-0.001787
-0.001785
-0.001783
-0.001781
-0.001778
-0.001776
-0.001773
-0.001770
-0.001766
-0.001762
-0.001758
-0.001752
-0.001747
-0.001740
-0.001733
-0.001725
-0.001716
-0.001706
-0.001695
-0.001684
-0.001672
-0.001659
-0.001646
-0.001632
-0.001618
-0.001604
-0.001589
-0.001575
-0.001561
-0.001547
-0.001534
-0.001522
-0.001510
-0.001499
-0.001489
-0.001480
-0.001473
-0.001467
-0.001461
-0.001458
-0.001455
-0.001454
-0.001453
-0.001454
-0.001456
-0.001459
-0.001463
-0.001468
-0.001473
-0.001479
-0.001485
-0.001492
-0.001499
-0.001506
-0.001513
-0.001520
-0.001527
-0.001534
-0.001541
-0.001548
-0.001554
-0.001560
-0.001566
-0.001572
-0.001577
-0.001581
-0.001586
-0.001589
-0.001593
-0.001596
-0.001598
-0.001601
-0.001602
-0.001604
-0.001604
-0.001605
-0.001605
-0.001604
-0.001604
-0.001602
-0.001601
-0.001598
-0.001596
-0.001593
-0.001589
-0.001584
-0.001580
-0.001574
-0.001567
-0.001560
-0.001552
-0.001543
-0.001533
-0.001521
-0.001508
-0.001494
-0.001478
-0.001461
-0.001443
-0.001422
-0.001400
-0.001377
-0.001351
-0.001325
-0.001297
-0.001267
-0.001237
-0.001205
-0.001173
-0.001141
-0.001108
-0.001076
-0.001044
-0.001013
-0.000983
-0.000955
-0.000929
-0.000904
-0.000882
-0.000862
-0.000845
-0.000831
-0.000819
-0.000811
-0.000805
-0.000802
-0.000802
-0.000804
-0.000809
-0.000816
-0.000825
-0.000835
-0.000847
-0.000860
-0.000875
-0.000889
-0.000905
-0.000921
-0.000936
-0.000952
-0.000968
-0.000983
-0.000997
-0.001012
-0.001025
-0.001038
-0.001050
-0.001062
-0.001073
-0.001083
-0.001092
-0.001101
-0.001108
-0.001115
-0.001121
-0.001127
-0.001131
-0.001135
-0.001138
-0.001140
-0.001142
-0.001143
-0.001143
-0.001142
-0.001141
-0.001139
-0.001136
-0.001133
-0.001129
-0.001125
-0.001120
-0.001115
-0.001110
-0.001104
-0.001098
-0.001092
-0.001085
-0.001078
-0.001071
-0.001064
-0.001056
-0.001048
-0.001040
-0.001032
-0.001023
-0.001014
-0.001004
-0.000994
-0.000984
-0.000973
-0.000961
-0.000949
-0.000936
-0.000923
-0.000909
-0.000895
-0.000881
-0.000866
-0.000850
-0.000835
-0.000819
-0.000804
-0.000788
-0.000773
-0.000758
-0.000744
-0.000729
-0.000716
-0.000703
-0.000691
-0.000680
-0.000669
-0.000659
-0.000650
-0.000642
-0.000635
-0.000628
-0.000623
-0.000618
-0.000614
-0.000610
-0.000607
-0.000604
-0.000602
-0.000601
-0.000599
-0.000598
-0.000596
-0.000595
-0.000593
-0.000592
-0.000589
-0.000586
-0.000583
-0.000578
-0.000573
-0.000566
-0.000557
-0.000547
-0.000535
-0.000522
-0.000506
-0.000487
-0.000467
-0.000444
-0.000418
-0.000390
-0.000360
-0.000327
-0.000292
-0.000256
-0.000217
-0.000177
-0.000136
-0.000095
-0.000053
-0.000011
0.000030
0.000070
0.000109
0.000146
0.000180
0.000212
0.000241
0.000266
0.000288
0.000306
0.000320
0.000330
0.000336
0.000339
0.000338
0.000333
0.000325
0.000314
0.000300
0.000284
0.000265
0.000245
0.000224
0.000202
0.000179
0.000155
0.000132
0.000109
0.000086
0.000063
0.000042
0.000022
0.000002
-0.000016
-0.000033
-0.000048
-0.000063
-0.000075
-0.000087
-0.000097
-0.000106
-0.000114
-0.000121
-0.000126
-0.000130
-0.000133
-0.000136
-0.000137
-0.000137
-0.000137
-0.000135
-0.000133
-0.000130
-0.000127
-0.000123
-0.000119
-0.000114
-0.000109
-0.000104
-0.000099
-0.000094
-0.000089
-0.000084
-0.000079
-0.000075
-0.000072
-0.000069
-0.000066
-0.000065
-0.000064
-0.000064
-0.000065
-0.000066
-0.000069
-0.000072
-0.000076
-0.000081
-0.000087
-0.000093
-0.000100
-0.000107
-0.000115
-0.000123
-0.000132
-0.000140
-0.000149
-0.000158
-0.000167
-0.000176
-0.000184
-0.000193
-0.000202
-0.000210
-0.000219
-0.000227
-0.000235
-0.000243
-0.000251
-0.000259
-0.000266
-0.000274
-0.000281
-0.000289
-0.000296
-0.000304
-0.000311
-0.000319
-0.000326
-0.000333
-0.000340
-0.000347
-0.000354
-0.000361
-0.000368
-0.000374
-0.000381
-0.000387
-0.000393
-0.000399
-0.000404
-0.000410
-0.000415
-0.000420
-0.000425
-0.000429
-0.000433
-0.000437
-0.000441
-0.000445
-0.000449
-0.000452
-0.000456
-0.000459
-0.000462
-0.000466
-0.000469
-0.000473
-0.000477
-0.000481
-0.000485
-0.000490
-0.000495
-0.000501
-0.000508
-0.000516
-0.000524
-0.000534
-0.000545
-0.000557
-0.000570
-0.000586
-0.000602
-0.000621
-0.000641
-0.000663
-0.000686
-0.000712
-0.000739
-0.000768
-0.000798
-0.000830
-0.000863
-0.000897
-0.000932
-0.000968
-0.001004
-0.001040
-0.001076
-0.001112
-0.001147
-0.001182
-0.001216
-0.001249
-0.001280
-0.001310
-0.001339
-0.001366
-0.001391
-0.001416
-0.001438
-0.001460
-0.001480
-0.001500
-0.001518
-0.001537
-0.001554
-0.001572
-0.001589
-0.001607
-0.001625
-0.001643
-0.001663
-0.001683
-0.001704
-0.001725
-0.001748
-0.001772
-0.001796
-0.001821
-0.001847
-0.001873
-0.001900
-0.001926
-0.001952
-0.001978
-0.002002
-0.002026
-0.002048
-0.002069
-0.002087
-0.002102
-0.002115
-0.002125
-0.002131
-0.002132
-0.002130
-0.002123
-0.002112
-0.002095
-0.002074
-0.002047
-0.002015
-0.001977
-0.001935
-0.001888
-0.001836
-0.001780
-0.001720
-0.001657
-0.001591
-0.001523
-0.001454
-0.001384
-0.001315
-0.001246
-0.001179
-0.001115
-0.001054
-0.000996
-0.000943
-0.000895
-0.000852
