-0.865433
0.142046
-0.210159
-0.019128
0.056097
-0.043812
-0.086347
-0.025194
0.066306
-0.176023
0.169350
-0.170992
-0.026050
0.023700
-0.038922
-0.045165
-0.024928
-0.043343
-0.008199
-0.004356
-0.110360
0.058902
-0.087453
-0.031127
0.029710
-0.082315
-0.025810
-0.007747
-0.029673
-0.060385
-0.009679
-0.041508
-0.024420
-0.011052
-0.049291
-0.032038
-0.036480
-0.010664
-0.039966
-0.025310
-0.044505
-0.020361
-0.026939
-0.036654
-0.042602
-0.006054
-0.056592
-0.017567
-0.015796
-0.065464
0.008322
-0.064396
-0.019750
-0.000676
-0.113789
0.011775
0.120177
-0.263185
-0.241508
0.831901
-0.292195
-2.140560
2.870657
3.548161
3.687549
2.827929
0.565174
0.483454
0.188992
0.224628
0.278639
0.457598
0.360994
0.718722
0.273741
0.184594
0.357582
0.430240
0.354846
0.293267
0.254555
0.262351
0.310206
0.215896
0.337706
0.200269
0.288296
0.328918
0.173929
0.204726
0.279852
0.281166
0.245553
0.255466
0.135590
0.265795
0.304652
0.151255
0.224601
0.192002
0.239328
0.200937
0.213124
0.160184
0.247614
0.192447
0.171602
0.198744
0.190722
0.189764
0.181043
0.196911
0.161369
0.192016
0.198784
0.148311
0.193506
0.152265
0.173790
0.165273
0.169629
0.148666
0.172492
0.173443
0.129116
0.208585
0.095717
0.144940
0.143666
0.132687
0.153301
0.143075
0.123775
0.135411
0.191853
0.065955
0.120985
0.127679
0.135022
0.133963
0.119288
0.098079
0.125568
0.146226
0.100120
0.098856
0.128831
0.104787
0.125256
0.091947
0.103559
0.120077
0.092562
0.100249
0.107185
0.096058
0.087463
0.091665
0.081255
0.116827
0.070528
0.080290
0.102639
0.088745
0.067523
0.092344
0.078705
0.078319
0.077014
0.072957
0.088369
0.088037
0.068332
0.070714
0.064893
0.115594
0.044281
0.061891
0.085471
0.083928
0.046172
0.068741
0.071682
0.074657
0.050752
0.044673
0.092236
0.048868
0.071746
0.043012
0.062346
0.097184
0.040271
0.039691
0.073082
0.065297
0.051283
0.050630
0.040913
0.072261
0.046853
0.041807
0.075504
0.043525
0.054313
0.045995
0.034487
0.078325
0.026282
0.036318
0.063234
0.057080
0.031467
0.043092
0.043345
0.050774
0.040226
0.018554
0.067958
0.032469
0.045772
0.021179
0.032502
0.062991
0.033616
0.026470
0.048334
0.041541
0.041062
0.019155
0.042795
0.038368
0.041332
0.025176
0.044267
0.011768
0.048832
0.024701
0.017270
0.059956
0.011001
0.024330
0.049601
0.015937
0.020446
0.035294
0.018610
0.047527
0.023723
0.021212
0.032501
0.035567
0.026473
0.013625
0.035304
0.037478
0.018008
0.013722
0.034848
0.024650
0.009227
0.044181
0.004564
0.016650
0.028847
0.024774
0.013904
0.036336
0.008350
0.014797
0.033792
-0.003664
0.046837
-0.029168
0.067107
0.033153
-0.014074
0.013175
0.033220
0.010299
0.016921
0.000247
0.031676
0.034389
-0.000512
-0.008128
0.039066
0.019227
0.004387
-0.004345
0.050102
0.008467
-0.007309
0.009315
0.031558
0.005850
0.012018
-0.007566
0.030521
0.029863
-0.020990
0.006047
0.014148
0.035998
-0.021183
0.005787
0.016766
0.029161
-0.017840
0.017645
-0.015736
0.045043
-0.014289
-0.013977
0.030020
0.018088
-0.015086
0.002509
0.017406
0.003406
0.002825
-0.015512
0.024753
0.008200
-0.022418
0.020153
0.004430
0.004225
-0.010556
0.013021
0.010528
0.000071
-0.026379
0.023802
-0.001131
0.014280
-0.003761
-0.034184
0.045742
-0.021024
0.019700
-0.026151
0.008732
0.013989
-0.006022
-0.019765
0.015131
0.004944
-0.005635
-0.010021
-0.016240
0.040870
-0.016200
-0.033992
0.034456
-0.001736
-0.000263
-0.029303
0.011564
0.014496
-0.015955
-0.009459
0.002921
-0.012069
0.015290
-0.031152
0.007057
0.014462
-0.012329
-0.024694
0.028900
-0.020808
-0.013755
0.005355
-0.002491
-0.005894
-0.015690
-0.004339
0.015034
-0.020353
0.005923
-0.017235
-0.010170
0.010334
-0.003577
-0.035885
0.023919
0.001813
-0.010485
-0.020690
-0.016361
0.025684
-0.013700
-0.017402
0.001623
0.013438
-0.027824
-0.004784
-0.016963
0.010153
-0.001883
-0.031968
0.002326
0.011816
-0.023457
-0.022252
0.001533
0.006346
-0.028253
-0.000496
0.006650
-0.031433
0.009916
-0.032294
0.002433
0.002263
-0.012483
-0.022673
0.015659
-0.018009
-0.007605
-0.016091
-0.009018
-0.002423
-0.005437
-0.021239
-0.005417
0.000155
-0.009596
-0.027734
-0.019953
0.029268
-0.024299
-0.032544
0.027569
-0.017589
-0.026608
0.003192
-0.006548
-0.022700
-0.010105
-0.002427
-0.009001
0.001038
-0.036811
-0.000589
-0.018525
0.016491
-0.011794
-0.053939
0.027033
-0.019089
0.002639
-0.033547
0.002581
-0.011912
-0.014284
-0.016786
-0.010941
0.012358
-0.031486
-0.007571
-0.027373
0.017497
-0.016218
-0.030246
0.005990
-0.020610
-0.005197
-0.011885
-0.011984
-0.009610
-0.006981
-0.041792
0.017656
-0.007930
-0.013675
-0.031467
-0.008137
0.003814
-0.025539
-0.015082
0.014630
-0.025323
-0.019689
-0.004244
-0.018881
-0.012736
-0.004341
-0.013791
-0.022527
0.006833
-0.013953
-0.022475
-0.024008
0.021689
-0.035410
-0.022314
0.006817
-0.001459
-0.039937
-0.011546
0.001202
-0.002738
-0.037745
-0.006544
-0.004969
-0.019858
-0.003342
-0.014153
-0.019014
-0.006544
-0.015524
-0.027973
0.012205
-0.028243
-0.001431
0.001995
-0.043072
0.007199
-0.006576
-0.024453
-0.006794
-0.008696
0.000096
-0.046656
0.004866
-0.000081
-0.025961
-0.027108
0.008224
-0.004800
-0.041370
0.012816
-0.032943
0.009285
-0.036116
-0.011129
0.002959
-0.013045
-0.040466
0.011221
-0.019581
-0.006011
-0.030384
-0.009915
0.007859
-0.033169
-0.011324
-0.004033
-0.023620
-0.008261
-0.013555
-0.026929
0.007896
-0.018158
-0.010317
-0.037946
0.001693
-0.000232
-0.015987
-0.059912
0.030811
0.007020
-0.057137
0.009702
-0.026506
0.014595
-0.026236
-0.011981
-0.016991
0.004828
-0.023740
-0.007859
-0.031891
0.011799
-0.011019
-0.040421
0.008558
-0.011377
-0.012949
-0.042264
0.013849
-0.020886
-0.009544
-0.025547
-0.000436
-0.018636
-0.016705
-0.006855
-0.045108
0.040535
-0.046959
-0.016817
-0.005597
-0.010763
-0.013800
-0.014580
-0.024891
-0.000556
-0.022893
-0.034580
0.019889
-0.015147
-0.013760
-0.030786
-0.022223
0.010303
-0.029813
-0.019984
0.015184
-0.022969
-0.034063
-0.005745
-0.003063
-0.026077
0.000511
-0.035315
0.004344
-0.016640
0.001181
-0.041910
-0.019252
0.014263
-0.020231
-0.039184
-0.000946
0.019739
-0.042981
-0.004389
-0.012395
-0.014694
-0.011377
-0.012815
-0.018802
-0.009936
-0.007012
-0.034646
-0.009313
0.008129
-0.032863
-0.032631
0.019565
-0.029611
-0.015269
-0.007191
-0.029115
-0.002723
-0.027384
-0.005670
-0.012380
-0.008729
-0.031461
-0.016014
-0.012946
-0.008017
-0.017515
-0.024689
0.001579
-0.010858
-0.028192
-0.019939
-0.015106
0.002679
-0.032684
-0.032822
0.018682
-0.008670
-0.028292
-0.046074
0.008795
0.002362
-0.028882
-0.038682
0.011554
-0.008023
-0.037875
-0.004181
-0.006187
-0.035061
-0.016447
-0.016993
-0.000821
-0.013682
-0.010349
-0.040959
-0.027563
0.043629
-0.053365
-0.038895
0.011652
0.006200
-0.047673
-0.025778
0.001056
-0.003850
-0.015062
-0.051378
0.004496
-0.000934
-0.024157
-0.023666
-0.031468
0.021927
-0.029488
-0.039673
0.000470
0.009112
-0.033015
-0.017982
-0.029027
0.006858
-0.017048
-0.030171
-0.009983
-0.007620
-0.015294
-0.033288
-0.020730
0.012564
-0.025146
-0.048992
0.018400
-0.010591
-0.027516
-0.018980
-0.025640
-0.008942
-0.005335
-0.042835
0.010250
-0.010556
-0.003301
-0.056795
-0.006024
0.001831
-0.017373
-0.041862
0.002037
-0.004446
-0.032010
-0.015364
-0.028851
0.007388
-0.023200
-0.026950
-0.011551
-0.008515
-0.006148
-0.022241
-0.034605
0.003218
-0.024730
-0.020312
-0.009669
-0.012998
-0.023418
-0.008276
-0.041139
0.014289
-0.049138
-0.001816
-0.017685
-0.006253
-0.023163
-0.023541
-0.021157
-0.003468
-0.027909
-0.028786
0.010468
-0.019851
-0.032794
-0.019192
-0.002425
-0.027369
-0.015279
-0.029181
-0.002442
-0.014833
-0.012609
-0.040125
-0.022899
0.010511
-0.019491
-0.041857
0.006829
-0.028273
-0.032400
-0.000606
-0.032910
-0.008454
-0.012527
-0.034821
-0.007687
-0.012755
-0.007197
-0.045826
-0.011844
-0.016964
-0.004995
-0.047856
0.016147
-0.029755
-0.026468
-0.013410
-0.023431
-0.006408
-0.022865
-0.033364
-0.005004
-0.017531
-0.011244
-0.041294
-0.016328
0.010720
-0.035544
-0.052077
0.022468
-0.024211
-0.025264
-0.023322
-0.013505
-0.021225
-0.011664
-0.037221
-0.003783
-0.009851
-0.025285
-0.029154
-0.038378
0.006589
-0.019340
-0.036665
0.007433
-0.026131
-0.023546
-0.029942
-0.013029
-0.008671
-0.027391
-0.025225
-0.007382
-0.033806
0.002391
-0.042127
-0.014259
-0.009810
-0.025105
-0.042688
0.006545
-0.022168
-0.029103
-0.014500
-0.035421
0.007617
-0.033888
-0.031937
-0.015792
-0.006863
-0.013920
-0.047044
-0.019916
0.004533
-0.026557
-0.044503
-0.001057
-0.022470
-0.018936
-0.019855
-0.035194
0.007998
-0.037007
-0.034676
-0.010060
-0.007228
-0.033588
-0.022604
-0.033125
0.007664
-0.026840
-0.049634
0.004195
-0.014840
-0.042915
0.003006
-0.062454
0.034404
-0.072043
0.048357
-0.176959
0.194104
-0.188061
0.055001
-0.056476
-0.012677
-0.004629
-0.052205
0.008960
-0.034572
-0.007660
-0.041679
0.008261
-0.048719
-0.005856
-0.021567
-0.026286
-0.007645
-0.030066
-0.038138
-0.005202
-0.008610
-0.052572
-0.000555
-0.031278
-0.010480
-0.029074
-0.025410
-0.021291
-0.019301
-0.032530
-0.020267
-0.011709
-0.025854
-0.023146
-0.034229
-0.014214
-0.005898
-0.030001
-0.056007
0.013806
-0.029295
-0.031909
-0.022941
-0.015584
-0.023808
-0.035234
-0.013855
-0.024906
-0.015409
-0.016347
-0.044212
-0.022364
-0.004669
-0.040347
-0.013350
-0.031277
-0.013220
-0.018618
-0.061388
0.005901
-0.002005
-0.034655
-0.124231
0.141271
-0.104837
-0.026667
-0.048548
-0.075022
0.024887
-0.039531
-0.013199
-0.026355
-0.020679
-0.049430
0.007745
-0.059716
-0.031998
-0.007834
-0.043372
-0.009369
-0.036871
-0.026916
-0.028673
-0.029523
-0.030600
-0.012462
-0.050055
-0.018276
-0.016432
-0.055048
-0.013986
-0.027126
-0.032370
-0.024740
-0.037332
-0.024873
-0.038873
-0.010545
-0.051858
-0.026406
-0.023508
-0.025498
-0.044900
-0.008591
-0.048944
-0.017699
-0.052087
-0.012108
-0.045403
-0.018659
-0.039210
-0.028415
-0.031724
-0.026073
-0.033601
-0.044076
-0.016398
-0.021356
-0.051775
-0.023198
-0.027614
-0.044263
-0.013475
-0.050243
-0.003885
-0.123501
0.146330
-0.259833
0.143176
-0.262826
0.774119
-1.825283
2.007534
