-0.000803
-0.000763
-0.000730
-0.000703
-0.000683
-0.000669
-0.000661
-0.000657
-0.000657
-0.000660
-0.000663
-0.000667
-0.000668
-0.000665
-0.000655
-0.000635
-0.000603
-0.000553
-0.000483
-0.000385
-0.000256
-0.000087
0.000130
0.000403
0.000742
0.001160
0.001669
0.002284
0.003021
0.003896
0.004928
0.006137
0.007543
0.009168
0.011034
0.013162
0.015572
0.018286
0.021321
0.024692
0.028414
0.032495
0.036939
0.041746
0.046910
0.052418
0.058253
0.064386
0.070786
0.077413
0.084220
0.091154
0.098158
0.105167
0.112116
0.118935
0.125554
0.131904
0.137915
0.143524
0.148670
0.153299
0.157364
0.160827
0.163659
0.165839
0.167358
0.168217
0.168426
0.168005
0.166984
0.165398
0.163292
0.160715
0.157721
0.154367
0.150710
0.146811
0.142726
0.138512
0.134223
0.129906
0.125608
0.121368
0.117221
0.113196
0.109317
0.105602
0.102065
0.098714
0.095555
0.092588
0.089811
0.087219
0.084804
0.082557
0.080468
0.078527
0.076721
0.075038
0.073468
0.071999
0.070621
0.069323
0.068096
0.066932
0.065823
0.064762
0.063744
0.062763
0.061814
0.060893
0.059998
0.059124
0.058270
0.057433
0.056612
0.055806
0.055012
0.054232
0.053462
0.052704
0.051956
0.051218
0.050489
0.049770
0.049061
0.048361
0.047670
0.046987
0.046314
0.045650
0.044995
0.044348
0.043711
0.043082
0.042462
0.041851
0.041249
0.040655
0.040070
0.039493
0.038925
0.038365
0.037814
0.037271
0.036735
0.036208
0.035689
0.035178
0.034675
0.034179
0.033691
0.033211
0.032738
0.032273
0.031815
0.031364
0.030920
0.030483
0.030054
0.029631
0.029215
0.028806
0.028403
0.028007
0.027618
0.027234
0.026857
0.026486
0.026121
0.025762
0.025409
0.025061
0.024718
0.024382
0.024050
0.023723
0.023402
0.023085
0.022773
0.022466
0.022163
0.021865
0.021570
0.021280
0.020994
0.020711
0.020432
0.020157
0.019885
0.019616
0.019351
0.019088
0.018829
0.018572
0.018318
0.018067
0.017818
0.017572
0.017328
0.017086
0.016847
0.016610
0.016376
0.016143
0.015913
0.015685
0.015460
0.015236
0.015015
0.014796
0.014580
0.014366
0.014154
0.013946
0.013740
0.013536
0.013336
0.013139
0.012945
0.012754
0.012566
0.012382
0.012201
0.012024
0.011850
0.011679
0.011512
0.011349
0.011189
0.011033
0.010879
0.010729
0.010582
0.010438
0.010296
0.010157
0.010021
0.009886
0.009754
0.009623
0.009494
0.009367
0.009240
0.009115
0.008990
0.008867
0.008744
0.008621
0.008499
0.008377
0.008256
0.008135
0.008014
0.007893
0.007773
0.007653
0.007533
0.007414
0.007295
0.007177
0.007060
0.006943
0.006827
0.006712
0.006598
0.006485
0.006373
0.006262
0.006152
0.006044
0.005937
0.005832
0.005728
0.005625
0.005524
0.005425
0.005327
0.005231
0.005136
0.005043
0.004952
0.004862
0.004774
0.004687
0.004602
0.004518
0.004436
0.004355
0.004275
0.004197
0.004120
0.004044
0.003969
0.003896
0.003824
0.003752
0.003682
0.003613
0.003545
0.003479
0.003413
0.003349
0.003286
0.003224
0.003163
0.003104
0.003046
0.002989
0.002933
0.002879
0.002826
0.002774
0.002723
0.002673
0.002625
0.002576
0.002529
0.002482
0.002435
0.002389
0.002343
0.002297
0.002250
0.002204
0.002157
0.002109
0.002062
0.002013
0.001964
0.001914
0.001864
0.001813
0.001761
0.001709
0.001657
0.001604
0.001551
0.001498
0.001445
0.001391
0.001338
0.001286
0.001233
0.001181
0.001130
0.001079
0.001029
0.000980
0.000931
0.000883
0.000837
0.000791
0.000746
0.000702
0.000659
0.000617
0.000576
0.000536
0.000497
0.000459
0.000421
0.000385
0.000349
0.000314
0.000280
0.000247
0.000215
0.000183
0.000152
0.000122
0.000092
0.000063
0.000035
0.000008
-0.000019
-0.000045
-0.000070
-0.000095
-0.000119
-0.000142
-0.000164
-0.000186
-0.000207
-0.000227
-0.000246
-0.000265
-0.000283
-0.000301
-0.000317
-0.000334
-0.000349
-0.000364
-0.000379
-0.000393
-0.000408
-0.000421
-0.000435
-0.000449
-0.000463
-0.000477
-0.000491
-0.000506
-0.000521
-0.000536
-0.000552
-0.000569
-0.000585
-0.000603
-0.000621
-0.000639
-0.000657
-0.000676
-0.000695
-0.000715
-0.000734
-0.000754
-0.000773
-0.000792
-0.000811
-0.000829
-0.000847
-0.000864
-0.000880
-0.000896
-0.000911
-0.000925
-0.000938
-0.000951
-0.000963
-0.000974
-0.000985
-0.000995
-0.001004
-0.001014
-0.001023
-0.001031
-0.001040
-0.001048
-0.001057
-0.001065
-0.001074
-0.001083
-0.001092
-0.001102
-0.001111
-0.001121
-0.001131
-0.001141
-0.001152
-0.001162
-0.001173
-0.001183
-0.001193
-0.001203
-0.001213
-0.001223
-0.001232
-0.001241
-0.001249
-0.001257
-0.001264
-0.001271
-0.001277
-0.001283
-0.001289
-0.001293
-0.001298
-0.001301
-0.001305
-0.001307
-0.001310
-0.001312
-0.001313
-0.001314
-0.001315
-0.001315
-0.001316
-0.001316
-0.001315
-0.001315
-0.001315
-0.001314
-0.001314
-0.001313
-0.001313
-0.001313
-0.001313
-0.001314
-0.001315
-0.001316
-0.001319
-0.001321
-0.001324
-0.001328
-0.001333
-0.001338
-0.001344
-0.001351
-0.001358
-0.001366
-0.001375
-0.001384
-0.001393
-0.001404
-0.001414
-0.001425
-0.001436
-0.001447
-0.001458
-0.001469
-0.001480
-0.001491
-0.001501
-0.001510
-0.001519
-0.001527
-0.001534
-0.001540
-0.001545
-0.001548
-0.001550
-0.001550
-0.001549
-0.001546
-0.001541
-0.001534
-0.001525
-0.001513
-0.001500
-0.001484
-0.001466
-0.001446
-0.001423
-0.001399
-0.001372
-0.001343
-0.001313
-0.001281
-0.001248
-0.001214
-0.001180
-0.001144
-0.001109
-0.001075
-0.001040
-0.001007
-0.000976
-0.000946
-0.000918
-0.000893
-0.000870
-0.000851
-0.000834
-0.000821
-0.000811
-0.000804
-0.000801
-0.000801
-0.000805
-0.000811
-0.000821
-0.000833
-0.000847
-0.000863
-0.000882
-0.000901
-0.000922
-0.000944
-0.000967
-0.000989
-0.001012
-0.001034
-0.001056
-0.001078
-0.001098
-0.001118
-0.001136
-0.001153
-0.001170
-0.001185
-0.001198
-0.001211
-0.001222
-0.001233
-0.001242
-0.001251
-0.001258
-0.001265
-0.001271
-0.001276
-0.001281
-0.001285
-0.001289
-0.001293
-0.001296
-0.001298
-0.001301
-0.001303
-0.001305
-0.001307
-0.001308
-0.001310
-0.001311
-0.001311
-0.001312
-0.001313
-0.001313
-0.001313
-0.001313
-0.001313
-0.001313
-0.001313
-0.001313
-0.001313
-0.001314
-0.001314
-0.001314
-0.001315
-0.001316
-0.001317
-0.001319
-0.001321
-0.001323
-0.001325
-0.001328
-0.001331
-0.001335
-0.001338
-0.001342
-0.001346
-0.001350
-0.001354
-0.001357
-0.001361
-0.001365
-0.001369
-0.001372
-0.001375
-0.001378
-0.001381
-0.001383
-0.001385
-0.001387
-0.001388
-0.001389
-0.001389
-0.001389
-0.001388
-0.001388
-0.001386
-0.001385
-0.001383
-0.001381
-0.001379
-0.001377
-0.001374
-0.001371
-0.001368
-0.001365
-0.001362
-0.001360
-0.001357
-0.001354
-0.001351
-0.001348
-0.001345
-0.001343
-0.001340
-0.001337
-0.001334
-0.001332
-0.001329
-0.001326
-0.001322
-0.001318
-0.001314
-0.001310
-0.001305
-0.001299
-0.001292
-0.001285
-0.001277
-0.001268
-0.001258
-0.001247
-0.001235
-0.001223
-0.001209
-0.001194
-0.001178
-0.001162
-0.001145
-0.001127
-0.001109
-0.001090
-0.001071
-0.001053
-0.001034
-0.001016
-0.000998
-0.000982
-0.000965
-0.000950
-0.000936
-0.000924
-0.000912
-0.000903
-0.000894
-0.000887
-0.000882
-0.000878
-0.000876
-0.000875
-0.000876
-0.000878
-0.000881
-0.000885
-0.000891
-0.000897
-0.000904
-0.000912
-0.000920
-0.000929
-0.000939
-0.000949
-0.000958
-0.000969
-0.000979
-0.000989
-0.000999
-0.001009
-0.001019
-0.001029
-0.001038
-0.001047
-0.001056
-0.001064
-0.001072
-0.001080
-0.001087
-0.001094
-0.001101
-0.001106
-0.001112
-0.001117
-0.001121
-0.001125
-0.001128
-0.001131
-0.001134
-0.001135
-0.001137
-0.001137
-0.001138
-0.001137
-0.001136
-0.001135
-0.001133
-0.001131
-0.001128
-0.001124
-0.001121
-0.001116
-0.001112
-0.001107
-0.001101
-0.001096
-0.001090
-0.001083
-0.001077
-0.001071
-0.001064
-0.001058
-0.001052
-0.001046
-0.001040
-0.001034
-0.001030
-0.001025
-0.001021
-0.001018
-0.001016
-0.001014
-0.001013
-0.001013
-0.001013
-0.001015
-0.001017
-0.001020
-0.001024
-0.001028
-0.001033
-0.001039
-0.001045
-0.001051
-0.001058
-0.001065
-0.001073
-0.001080
-0.001088
-0.001095
-0.001103
-0.001110
-0.001117
-0.001123
-0.001129
-0.001134
-0.001139
-0.001143
-0.001146
-0.001148
-0.001150
-0.001150
-0.001150
-0.001148
-0.001145
-0.001142
-0.001137
-0.001131
-0.001124
-0.001115
-0.001106
-0.001095
-0.001083
-0.001070
-0.001056
-0.001040
-0.001024
-0.001006
-0.000987
-0.000967
-0.000946
-0.000924
-0.000901
-0.000877
-0.000853
-0.000827
-0.000801
-0.000774
-0.000746
-0.000718
-0.000690
-0.000661
-0.000633
-0.000604
-0.000576
-0.000548
-0.000520
-0.000493
-0.000467
-0.000442
-0.000419
-0.000396
-0.000375
-0.000356
-0.000338
-0.000322
-0.000307
-0.000294
-0.000283
-0.000274
-0.000267
-0.000261
-0.000257
-0.000254
-0.000253
-0.000252
-0.000253
-0.000255
-0.000258
-0.000261
-0.000265
-0.000270
-0.000274
-0.000278
-0.000283
-0.000287
-0.000290
-0.000294
-0.000296
-0.000297
-0.000298
-0.000297
-0.000296
-0.000292
-0.000288
-0.000282
-0.000275
-0.000266
-0.000255
-0.000244
-0.000230
-0.000216
-0.000200
-0.000183
-0.000165
-0.000146
-0.000127
-0.000108
-0.000088
-0.000068
-0.000049
-0.000031
-0.000013
0.000004
0.000019
0.000033
0.000045
0.000055
0.000063
0.000069
0.000073
0.000075
0.000074
0.000072
0.000067
0.000059
0.000050
0.000039
0.000026
0.000011
-0.000005
-0.000023
-0.000043
-0.000064
-0.000086
-0.000109
-0.000134
-0.000160
-0.000187
-0.000215
-0.000244
-0.000274
-0.000306
-0.000339
-0.000373
-0.000409
-0.000446
-0.000485
-0.000525
-0.000567
-0.000610
-0.000655
-0.000701
-0.000748
-0.000797
-0.000846
-0.000897
-0.000948
-0.001000
-0.001053
-0.001105
-0.001158
-0.001210
-0.001262
-0.001314
-0.001365
-0.001415
-0.001464
-0.001512
-0.001559
-0.001604
-0.001649
-0.001692
-0.001734
-0.001775
-0.001814
-0.001853
-0.001890
-0.001927
-0.001962
-0.001997
-0.002031
-0.002065
-0.002097
-0.002129
-0.002161
-0.002192
-0.002222
-0.002252
-0.002281
-0.002308
-0.002335
-0.002361
-0.002386
-0.002409
-0.002430
-0.002449
-0.002466
-0.002480
-0.002491
-0.002498
-0.002502
-0.002502
-0.002498
-0.002488
-0.002473
-0.002453
-0.002428
-0.002396
-0.002359
-0.002315
-0.002266
-0.002210
-0.002149
-0.002082
-0.002011
-0.001935
-0.001856
-0.001773
-0.001688
-0.001601
-0.001514
-0.001428
-0.001342
-0.001259
-0.001179
-0.001102
-0.001031
-0.000965
-0.000904
-0.000850
