0.001121
0.000990
0.000796
0.000578
0.000372
0.000204
0.000088
0.000022
-0.000005
-0.000010
-0.000009
-0.000014
-0.000033
-0.000066
-0.000111
-0.000165
-0.000220
-0.000272
-0.000315
-0.000346
-0.000363
-0.000365
-0.000353
-0.000328
-0.000294
-0.000254
-0.000212
-0.000174
-0.000142
-0.000119
-0.000107
-0.000104
-0.000109
-0.000118
-0.000127
-0.000135
-0.000138
-0.000138
-0.000136
-0.000134
-0.000132
-0.000131
-0.000127
-0.000112
-0.000073
0.000017
0.000206
0.000579
0.001278
0.002528
0.004661
0.008136
0.013521
0.021453
0.032533
0.047184
0.065469
0.086926
0.110474
0.134432
0.156699
0.175073
0.187644
0.193170
0.191333
0.182795
0.169037
0.152041
0.133893
0.116418
0.100937
0.088163
0.078253
0.070943
0.065731
0.062042
0.059351
0.057251
0.055469
0.053849
0.052322
0.050871
0.049502
0.048227
0.047051
0.045972
0.044983
0.044070
0.043220
0.042418
0.041655
0.040927
0.040231
0.039571
0.038950
0.038370
0.037830
0.037324
0.036844
0.036378
0.035914
0.035441
0.034953
0.034448
0.033930
0.033406
0.032884
0.032374
0.031881
0.031408
0.030954
0.030513
0.030078
0.029643
0.029202
0.028753
0.028296
0.027835
0.027374
0.026920
0.026476
0.026048
0.025637
0.025244
0.024868
0.024508
0.024164
0.023833
0.023518
0.023219
0.022936
0.022669
0.022415
0.022172
0.021935
0.021700
0.021464
0.021226
0.020986
0.020744
0.020499
0.020251
0.019996
0.019734
0.019461
0.019177
0.018885
0.018587
0.018287
0.017991
0.017701
0.017420
0.017149
0.016887
0.016634
0.016389
0.016152
0.015922
0.015702
0.015489
0.015285
0.015085
0.014887
0.014687
0.014481
0.014267
0.014045
0.013818
0.013591
0.013370
0.013164
0.012976
0.012811
0.012668
0.012541
0.012425
0.012309
0.012187
0.012052
0.011901
0.011735
0.011556
0.011366
0.011168
0.010965
0.010760
0.010558
0.010361
0.010174
0.009999
0.009836
0.009683
0.009537
0.009394
0.009253
0.009114
0.008977
0.008846
0.008723
0.008608
0.008500
0.008397
0.008295
0.008191
0.008083
0.007967
0.007844
0.007714
0.007579
0.007440
0.007299
0.007160
0.007023
0.006889
0.006758
0.006632
0.006510
0.006393
0.006281
0.006176
0.006077
0.005982
0.005890
0.005800
0.005710
0.005620
0.005528
0.005436
0.005341
0.005244
0.005142
0.005033
0.004918
0.004795
0.004667
0.004537
0.004410
0.004291
0.004187
0.004102
0.004038
0.003993
0.003965
0.003947
0.003932
0.003912
0.003883
0.003840
0.003786
0.003723
0.003657
0.003593
0.003535
0.003483
0.003436
0.003389
0.003338
0.003279
0.003210
0.003134
0.003052
0.002969
0.002888
0.002813
0.002745
0.002683
0.002627
0.002575
0.002523
0.002471
0.002416
0.002356
0.002290
0.002216
0.002135
0.002047
0.001952
0.001854
0.001755
0.001660
0.001575
0.001504
0.001451
0.001415
0.001393
0.001379
0.001366
0.001346
0.001314
0.001270
0.001215
0.001156
0.001098
0.001048
0.001010
0.000984
0.000970
0.000966
0.000970
0.000980
0.000996
0.001014
0.001030
0.001040
0.001035
0.001009
0.000958
0.000882
0.000785
0.000675
0.000563
0.000463
0.000383
0.000330
0.000305
0.000301
0.000312
0.000326
0.000333
0.000326
0.000303
0.000266
0.000219
0.000168
0.000118
0.000072
0.000031
-0.000005
-0.000039
-0.000072
-0.000106
-0.000139
-0.000170
-0.000199
-0.000225
-0.000249
-0.000270
-0.000292
-0.000313
-0.000337
-0.000363
-0.000390
-0.000417
-0.000442
-0.000463
-0.000478
-0.000486
-0.000487
-0.000484
-0.000479
-0.000478
-0.000483
-0.000500
-0.000528
-0.000567
-0.000614
-0.000663
-0.000707
-0.000743
-0.000766
-0.000776
-0.000778
-0.000775
-0.000774
-0.000777
-0.000790
-0.000810
-0.000838
-0.000870
-0.000905
-0.000940
-0.000975
-0.001012
-0.001051
-0.001093
-0.001136
-0.001172
-0.001196
-0.001196
-0.001166
-0.001102
-0.001002
-0.000875
-0.000732
-0.000585
-0.000451
-0.000342
-0.000269
-0.000238
-0.000250
-0.000299
-0.000377
-0.000471
-0.000568
-0.000657
-0.000731
-0.000788
-0.000830
-0.000861
-0.000888
-0.000913
-0.000939
-0.000966
-0.000992
-0.001013
-0.001031
-0.001043
-0.001052
-0.001061
-0.001072
-0.001088
-0.001111
-0.001144
-0.001186
-0.001235
-0.001286
-0.001334
-0.001372
-0.001395
-0.001398
-0.001381
-0.001346
-0.001298
-0.001243
-0.001188
-0.001140
-0.001103
-0.001080
-0.001071
-0.001075
-0.001089
-0.001110
-0.001135
-0.001161
-0.001187
-0.001214
-0.001243
-0.001276
-0.001315
-0.001359
-0.001406
-0.001454
-0.001498
-0.001535
-0.001564
-0.001586
-0.001604
-0.001620
-0.001637
-0.001656
-0.001675
-0.001692
-0.001704
-0.001712
-0.001717
-0.001720
-0.001726
-0.001735
-0.001748
-0.001761
-0.001773
-0.001778
-0.001777
-0.001768
-0.001755
-0.001740
-0.001728
-0.001720
-0.001720
-0.001729
-0.001746
-0.001772
-0.001804
-0.001841
-0.001879
-0.001915
-0.001944
-0.001962
-0.001967
-0.001959
-0.001939
-0.001911
-0.001881
-0.001853
-0.001832
-0.001820
-0.001815
-0.001818
-0.001826
-0.001838
-0.001852
-0.001868
-0.001886
-0.001907
-0.001930
-0.001956
-0.001981
-0.002003
-0.002019
-0.002023
-0.002014
-0.001988
-0.001947
-0.001891
-0.001828
-0.001763
-0.001705
-0.001662
-0.001640
-0.001642
-0.001667
-0.001708
-0.001757
-0.001805
-0.001843
-0.001865
-0.001870
-0.001861
-0.001840
-0.001815
-0.001791
-0.001772
-0.001759
-0.001754
-0.001756
-0.001764
-0.001776
-0.001791
-0.001807
-0.001823
-0.001840
-0.001856
-0.001872
-0.001889
-0.001904
-0.001917
-0.001926
-0.001930
-0.001927
-0.001919
-0.001907
-0.001896
-0.001888
-0.001886
-0.001890
-0.001899
-0.001909
-0.001916
-0.001919
-0.001913
-0.001899
-0.001878
-0.001849
-0.001812
-0.001767
-0.001713
-0.001650
-0.001577
-0.001496
-0.001411
-0.001323
-0.001235
-0.001147
-0.001064
-0.000987
-0.000921
-0.000871
-0.000845
-0.000848
-0.000880
-0.000941
-0.001025
-0.001123
-0.001224
-0.001319
-0.001400
-0.001463
-0.001506
-0.001531
-0.001542
-0.001543
-0.001538
-0.001530
-0.001522
-0.001514
-0.001505
-0.001498
-0.001491
-0.001486
-0.001484
-0.001485
-0.001491
-0.001501
-0.001516
-0.001534
-0.001555
-0.001576
-0.001594
-0.001608
-0.001614
-0.001611
-0.001599
-0.001582
-0.001561
-0.001541
-0.001523
-0.001510
-0.001499
-0.001489
-0.001477
-0.001459
-0.001435
-0.001405
-0.001369
-0.001333
-0.001300
-0.001273
-0.001253
-0.001241
-0.001235
-0.001229
-0.001220
-0.001207
-0.001189
-0.001169
-0.001152
-0.001144
-0.001148
-0.001166
-0.001197
-0.001237
-0.001282
-0.001326
-0.001366
-0.001399
-0.001427
-0.001451
-0.001472
-0.001491
-0.001506
-0.001515
-0.001515
-0.001503
-0.001479
-0.001445
-0.001404
-0.001363
-0.001331
-0.001313
-0.001313
-0.001330
-0.001361
-0.001399
-0.001438
-0.001470
-0.001490
-0.001495
-0.001481
-0.001450
-0.001403
-0.001344
-0.001279
-0.001214
-0.001157
-0.001116
-0.001094
-0.001096
-0.001119
-0.001158
-0.001207
-0.001257
-0.001300
-0.001332
-0.001348
-0.001350
-0.001340
-0.001325
-0.001309
-0.001297
-0.001293
-0.001296
-0.001306
-0.001318
-0.001331
-0.001341
-0.001347
-0.001349
-0.001350
-0.001350
-0.001352
-0.001353
-0.001352
-0.001345
-0.001326
-0.001293
-0.001243
-0.001178
-0.001099
-0.001013
-0.000927
-0.000848
-0.000783
-0.000736
-0.000708
-0.000701
-0.000712
-0.000736
-0.000767
-0.000802
-0.000834
-0.000861
-0.000881
-0.000896
-0.000906
-0.000914
-0.000921
-0.000929
-0.000935
-0.000936
-0.000927
-0.000903
-0.000863
-0.000807
-0.000737
-0.000661
-0.000587
-0.000522
-0.000474
-0.000444
-0.000434
-0.000440
-0.000456
-0.000477
-0.000496
-0.000509
-0.000512
-0.000505
-0.000489
-0.000466
-0.000440
-0.000416
-0.000400
-0.000397
-0.000407
-0.000431
-0.000467
-0.000510
-0.000557
-0.000602
-0.000643
-0.000678
-0.000707
-0.000729
-0.000748
-0.000762
-0.000775
-0.000785
-0.000792
-0.000797
-0.000797
-0.000791
-0.000777
-0.000754
-0.000725
-0.000692
-0.000660
-0.000634
-0.000619
-0.000616
-0.000626
-0.000645
-0.000669
-0.000694
-0.000719
-0.000741
-0.000761
-0.000780
-0.000798
-0.000813
-0.000824
-0.000829
-0.000826
-0.000815
-0.000800
-0.000782
-0.000765
-0.000754
-0.000750
-0.000752
-0.000760
-0.000771
-0.000781
-0.000787
-0.000787
-0.000780
-0.000769
-0.000755
-0.000742
-0.000731
-0.000724
-0.000719
-0.000713
-0.000704
-0.000688
-0.000666
-0.000642
-0.000621
-0.000609
-0.000611
-0.000629
-0.000661
-0.000703
-0.000746
-0.000783
-0.000807
-0.000816
-0.000810
-0.000791
-0.000762
-0.000729
-0.000695
-0.000663
-0.000632
-0.000603
-0.000576
-0.000551
-0.000529
-0.000511
-0.000500
-0.000498
-0.000506
-0.000524
-0.000549
-0.000577
-0.000604
-0.000625
-0.000638
-0.000643
-0.000641
-0.000635
-0.000626
-0.000617
-0.000608
-0.000599
-0.000589
-0.000578
-0.000568
-0.000558
-0.000550
-0.000545
-0.000541
-0.000538
-0.000535
-0.000531
-0.000527
-0.000523
-0.000521
-0.000522
-0.000527
-0.000535
-0.000546
-0.000556
-0.000566
-0.000572
-0.000574
-0.000573
-0.000568
-0.000559
-0.000548
-0.000535
-0.000520
-0.000506
-0.000493
-0.000483
-0.000476
-0.000472
-0.000472
-0.000474
-0.000478
-0.000481
-0.000484
-0.000484
-0.000481
-0.000476
-0.000467
-0.000456
-0.000445
-0.000435
-0.000430
-0.000429
-0.000435
-0.000445
-0.000456
-0.000464
-0.000464
-0.000453
-0.000430
-0.000396
-0.000355
-0.000311
-0.000269
-0.000231
-0.000201
-0.000180
-0.000167
-0.000163
-0.000165
-0.000174
-0.000187
-0.000203
-0.000221
-0.000240
-0.000260
-0.000281
-0.000301
-0.000320
-0.000336
-0.000346
-0.000349
-0.000345
-0.000333
-0.000317
-0.000299
-0.000282
-0.000267
-0.000254
-0.000243
-0.000232
-0.000221
-0.000211
-0.000204
-0.000202
-0.000206
-0.000217
-0.000229
-0.000240
-0.000242
-0.000231
-0.000204
-0.000163
-0.000111
-0.000052
0.000006
0.000057
0.000094
0.000112
0.000106
0.000073
0.000012
-0.000074
-0.000179
-0.000295
-0.000411
-0.000514
-0.000595
-0.000646
-0.000664
-0.000653
-0.000618
-0.000571
-0.000521
-0.000476
-0.000443
-0.000424
-0.000418
-0.000425
-0.000440
-0.000463
-0.000492
-0.000525
-0.000561
-0.000598
-0.000634
-0.000667
-0.000694
-0.000713
-0.000723
-0.000724
-0.000718
-0.000709
-0.000700
-0.000695
-0.000698
-0.000710
-0.000731
-0.000760
-0.000794
-0.000832
-0.000873
-0.000916
-0.000962
-0.001009
-0.001052
-0.001086
-0.001106
-0.001108
-0.001089
-0.001051
-0.001000
-0.000944
-0.000891
-0.000850
-0.000825
-0.000818
-0.000827
-0.000851
-0.000884
-0.000923
-0.000962
-0.000997
-0.001025
-0.001038
-0.001029
-0.000987
-0.000901
-0.000760
-0.000559
-0.000298
0.000007
0.000334
0.000647
0.000909
0.001087
0.001159
