0.002073
0.001802
0.001413
0.000977
0.000564
0.000224
-0.000015
-0.000153
-0.000209
-0.000210
-0.000185
-0.000157
-0.000140
-0.000141
-0.000159
-0.000189
-0.000228
-0.000269
-0.000310
-0.000347
-0.000379
-0.000406
-0.000428
-0.000443
-0.000452
-0.000456
-0.000454
-0.000449
-0.000441
-0.000433
-0.000426
-0.000423
-0.000425
-0.000432
-0.000443
-0.000456
-0.000471
-0.000486
-0.000501
-0.000516
-0.000530
-0.000541
-0.000547
-0.000538
-0.000498
-0.000395
-0.000169
0.000291
0.001174
0.002795
0.005637
0.010393
0.017978
0.029493
0.046106
0.068848
0.098324
0.134403
0.175955
0.220744
0.265542
0.306508
0.339771
0.362106
0.371524
0.367629
0.351653
0.326153
0.294476
0.260141
0.226278
0.195252
0.168510
0.146632
0.129508
0.116592
0.107124
0.100315
0.095455
0.091967
0.089413
0.087478
0.085942
0.084658
0.083530
0.082492
0.081503
0.080535
0.079569
0.078593
0.077595
0.076568
0.075507
0.074412
0.073284
0.072131
0.070962
0.069790
0.068625
0.067476
0.066350
0.065249
0.064173
0.063120
0.062090
0.061085
0.060107
0.059163
0.058257
0.057395
0.056578
0.055806
0.055077
0.054385
0.053726
0.053091
0.052472
0.051858
0.051240
0.050608
0.049954
0.049275
0.048572
0.047851
0.047123
0.046400
0.045694
0.045017
0.044376
0.043775
0.043213
0.042687
0.042189
0.041712
0.041247
0.040788
0.040329
0.039867
0.039398
0.038918
0.038425
0.037915
0.037388
0.036843
0.036285
0.035717
0.035147
0.034581
0.034026
0.033487
0.032967
0.032466
0.031984
0.031522
0.031077
0.030649
0.030237
0.029839
0.029454
0.029077
0.028706
0.028336
0.027963
0.027586
0.027203
0.026815
0.026427
0.026040
0.025661
0.025290
0.024930
0.024581
0.024238
0.023898
0.023556
0.023205
0.022844
0.022471
0.022088
0.021701
0.021315
0.020937
0.020575
0.020233
0.019915
0.019620
0.019348
0.019095
0.018855
0.018625
0.018398
0.018171
0.017943
0.017714
0.017486
0.017260
0.017041
0.016831
0.016630
0.016440
0.016261
0.016093
0.015935
0.015787
0.015647
0.015515
0.015386
0.015260
0.015131
0.014997
0.014852
0.014693
0.014516
0.014319
0.014099
0.013855
0.013588
0.013299
0.012996
0.012686
0.012380
0.012091
0.011829
0.011602
0.011414
0.011264
0.011148
0.011056
0.010981
0.010914
0.010848
0.010776
0.010694
0.010600
0.010490
0.010362
0.010215
0.010049
0.009864
0.009663
0.009448
0.009227
0.009004
0.008787
0.008580
0.008386
0.008207
0.008043
0.007892
0.007754
0.007628
0.007515
0.007414
0.007328
0.007257
0.007204
0.007168
0.007150
0.007150
0.007166
0.007196
0.007233
0.007271
0.007300
0.007311
0.007298
0.007254
0.007180
0.007078
0.006954
0.006814
0.006667
0.006520
0.006383
0.006261
0.006159
0.006081
0.006027
0.005993
0.005974
0.005961
0.005943
0.005910
0.005852
0.005765
0.005647
0.005499
0.005326
0.005137
0.004941
0.004747
0.004563
0.004397
0.004254
0.004139
0.004052
0.003992
0.003955
0.003934
0.003922
0.003909
0.003887
0.003851
0.003795
0.003720
0.003629
0.003527
0.003421
0.003319
0.003225
0.003142
0.003071
0.003011
0.002958
0.002912
0.002871
0.002834
0.002802
0.002777
0.002757
0.002742
0.002728
0.002711
0.002687
0.002653
0.002606
0.002545
0.002471
0.002385
0.002291
0.002194
0.002099
0.002013
0.001939
0.001880
0.001839
0.001812
0.001796
0.001786
0.001775
0.001757
0.001726
0.001679
0.001617
0.001541
0.001456
0.001371
0.001291
0.001224
0.001171
0.001134
0.001108
0.001089
0.001072
0.001053
0.001032
0.001007
0.000981
0.000956
0.000934
0.000916
0.000902
0.000891
0.000885
0.000885
0.000895
0.000919
0.000962
0.001029
0.001122
0.001239
0.001372
0.001510
0.001636
0.001733
0.001788
0.001789
0.001737
0.001635
0.001496
0.001334
0.001165
0.001003
0.000857
0.000734
0.000635
0.000560
0.000504
0.000465
0.000436
0.000413
0.000392
0.000372
0.000351
0.000332
0.000316
0.000303
0.000295
0.000289
0.000283
0.000274
0.000260
0.000241
0.000219
0.000199
0.000184
0.000178
0.000183
0.000195
0.000210
0.000221
0.000222
0.000208
0.000176
0.000127
0.000063
-0.000009
-0.000085
-0.000158
-0.000223
-0.000276
-0.000314
-0.000335
-0.000340
-0.000326
-0.000297
-0.000255
-0.000202
-0.000146
-0.000092
-0.000048
-0.000019
-0.000010
-0.000021
-0.000052
-0.000099
-0.000155
-0.000215
-0.000273
-0.000325
-0.000368
-0.000403
-0.000428
-0.000446
-0.000458
-0.000466
-0.000471
-0.000475
-0.000479
-0.000484
-0.000488
-0.000494
-0.000498
-0.000501
-0.000501
-0.000494
-0.000477
-0.000446
-0.000398
-0.000330
-0.000241
-0.000132
-0.000008
0.000122
0.000250
0.000365
0.000455
0.000514
0.000536
0.000521
0.000473
0.000399
0.000307
0.000206
0.000102
0.000002
-0.000093
-0.000181
-0.000261
-0.000333
-0.000398
-0.000454
-0.000500
-0.000534
-0.000555
-0.000564
-0.000562
-0.000550
-0.000532
-0.000512
-0.000493
-0.000478
-0.000470
-0.000470
-0.000477
-0.000491
-0.000510
-0.000531
-0.000552
-0.000571
-0.000588
-0.000603
-0.000615
-0.000626
-0.000638
-0.000651
-0.000666
-0.000683
-0.000700
-0.000718
-0.000733
-0.000746
-0.000754
-0.000758
-0.000759
-0.000757
-0.000754
-0.000752
-0.000750
-0.000750
-0.000750
-0.000750
-0.000747
-0.000742
-0.000734
-0.000724
-0.000713
-0.000703
-0.000695
-0.000687
-0.000682
-0.000676
-0.000671
-0.000665
-0.000659
-0.000654
-0.000652
-0.000656
-0.000666
-0.000684
-0.000709
-0.000740
-0.000773
-0.000806
-0.000833
-0.000854
-0.000864
-0.000863
-0.000852
-0.000832
-0.000808
-0.000780
-0.000754
-0.000729
-0.000708
-0.000689
-0.000669
-0.000647
-0.000620
-0.000589
-0.000553
-0.000515
-0.000480
-0.000450
-0.000430
-0.000420
-0.000420
-0.000427
-0.000438
-0.000447
-0.000450
-0.000442
-0.000421
-0.000389
-0.000347
-0.000301
-0.000258
-0.000224
-0.000202
-0.000195
-0.000203
-0.000222
-0.000249
-0.000282
-0.000316
-0.000349
-0.000380
-0.000406
-0.000425
-0.000438
-0.000444
-0.000443
-0.000437
-0.000426
-0.000414
-0.000402
-0.000391
-0.000381
-0.000373
-0.000364
-0.000351
-0.000332
-0.000301
-0.000254
-0.000191
-0.000112
-0.000021
0.000072
0.000159
0.000229
0.000276
0.000295
0.000287
0.000255
0.000208
0.000153
0.000097
0.000044
-0.000001
-0.000038
-0.000067
-0.000088
-0.000104
-0.000114
-0.000119
-0.000120
-0.000117
-0.000110
-0.000099
-0.000084
-0.000065
-0.000041
-0.000010
0.000026
0.000066
0.000107
0.000143
0.000170
0.000182
0.000177
0.000152
0.000112
0.000060
0.000005
-0.000046
-0.000087
-0.000116
-0.000133
-0.000139
-0.000140
-0.000141
-0.000145
-0.000155
-0.000171
-0.000191
-0.000213
-0.000235
-0.000253
-0.000266
-0.000274
-0.000279
-0.000280
-0.000281
-0.000280
-0.000279
-0.000274
-0.000265
-0.000249
-0.000222
-0.000183
-0.000130
-0.000064
0.000016
0.000106
0.000203
0.000305
0.000406
0.000500
0.000581
0.000644
0.000685
0.000699
0.000686
0.000650
0.000593
0.000522
0.000444
0.000366
0.000294
0.000232
0.000184
0.000151
0.000133
0.000129
0.000136
0.000151
0.000170
0.000189
0.000203
0.000212
0.000213
0.000208
0.000200
0.000193
0.000192
0.000201
0.000222
0.000256
0.000301
0.000354
0.000409
0.000462
0.000506
0.000539
0.000556
0.000556
0.000539
0.000507
0.000463
0.000412
0.000357
0.000304
0.000258
0.000223
0.000205
0.000204
0.000222
0.000255
0.000296
0.000339
0.000374
0.000395
0.000399
0.000383
0.000353
0.000312
0.000268
0.000226
0.000192
0.000168
0.000155
0.000153
0.000160
0.000174
0.000192
0.000214
0.000238
0.000262
0.000288
0.000314
0.000340
0.000364
0.000387
0.000409
0.000431
0.000455
0.000482
0.000515
0.000552
0.000592
0.000634
0.000674
0.000709
0.000736
0.000752
0.000754
0.000742
0.000715
0.000675
0.000625
0.000568
0.000511
0.000459
0.000417
0.000388
0.000374
0.000374
0.000383
0.000397
0.000413
0.000426
0.000434
0.000437
0.000435
0.000429
0.000420
0.000410
0.000400
0.000390
0.000381
0.000374
0.000367
0.000361
0.000355
0.000349
0.000341
0.000333
0.000324
0.000315
0.000309
0.000303
0.000299
0.000296
0.000291
0.000285
0.000277
0.000267
0.000257
0.000249
0.000245
0.000245
0.000250
0.000259
0.000270
0.000283
0.000294
0.000302
0.000306
0.000307
0.000306
0.000304
0.000302
0.000302
0.000303
0.000305
0.000307
0.000308
0.000307
0.000306
0.000304
0.000305
0.000309
0.000318
0.000332
0.000351
0.000374
0.000400
0.000426
0.000453
0.000476
0.000497
0.000511
0.000520
0.000520
0.000513
0.000498
0.000475
0.000446
0.000411
0.000374
0.000337
0.000303
0.000277
0.000262
0.000260
0.000271
0.000295
0.000327
0.000363
0.000396
0.000423
0.000440
0.000446
0.000443
0.000431
0.000412
0.000390
0.000364
0.000338
0.000312
0.000289
0.000270
0.000258
0.000254
0.000257
0.000267
0.000283
0.000303
0.000323
0.000341
0.000356
0.000366
0.000371
0.000373
0.000371
0.000368
0.000364
0.000361
0.000359
0.000358
0.000357
0.000356
0.000354
0.000351
0.000344
0.000333
0.000319
0.000301
0.000282
0.000263
0.000247
0.000235
0.000228
0.000227
0.000230
0.000235
0.000240
0.000245
0.000249
0.000255
0.000264
0.000282
0.000313
0.000360
0.000426
0.000511
0.000611
0.000720
0.000828
0.000926
0.001005
0.001057
0.001078
0.001068
0.001032
0.000976
0.000907
0.000833
0.000760
0.000695
0.000640
0.000598
0.000569
0.000552
0.000546
0.000549
0.000556
0.000566
0.000575
0.000583
0.000588
0.000590
0.000590
0.000587
0.000580
0.000565
0.000538
0.000490
0.000417
0.000313
0.000176
0.000009
-0.000181
-0.000380
-0.000572
-0.000739
-0.000866
-0.000945
-0.000973
-0.000956
-0.000908
-0.000841
-0.000770
-0.000706
-0.000656
-0.000620
-0.000599
-0.000590
-0.000590
-0.000596
-0.000606
-0.000617
-0.000628
-0.000637
-0.000644
-0.000651
-0.000658
-0.000669
-0.000683
-0.000704
-0.000731
-0.000763
-0.000799
-0.000837
-0.000874
-0.000910
-0.000942
-0.000972
-0.001000
-0.001028
-0.001057
-0.001089
-0.001125
-0.001166
-0.001211
-0.001257
-0.001304
-0.001349
-0.001391
-0.001428
-0.001462
-0.001492
-0.001519
-0.001543
-0.001565
-0.001585
-0.001604
-0.001621
-0.001636
-0.001648
-0.001653
-0.001643
-0.001605
-0.001521
-0.001369
-0.001128
-0.000786
-0.000340
0.000188
0.000755
0.001302
0.001758
0.002061
0.002168
