0.002908
0.002549
0.002041
0.001475
0.000937
0.000492
0.000171
-0.000026
-0.000124
-0.000160
-0.000167
-0.000174
-0.000195
-0.000233
-0.000286
-0.000348
-0.000410
-0.000467
-0.000517
-0.000558
-0.000591
-0.000618
-0.000641
-0.000661
-0.000681
-0.000702
-0.000723
-0.000744
-0.000764
-0.000781
-0.000795
-0.000805
-0.000813
-0.000820
-0.000826
-0.000834
-0.000843
-0.000853
-0.000865
-0.000880
-0.000897
-0.000918
-0.000941
-0.000958
-0.000950
-0.000880
-0.000672
-0.000185
0.000826
0.002765
0.006264
0.012242
0.021933
0.036850
0.058641
0.088816
0.128357
0.177274
0.234218
0.296282
0.359135
0.417509
0.466009
0.500062
0.516773
0.515459
0.497710
0.466981
0.427836
0.385063
0.342880
0.304407
0.271462
0.244648
0.223644
0.207568
0.195323
0.185848
0.178269
0.171954
0.166498
0.161669
0.157349
0.153482
0.150033
0.146967
0.144241
0.141800
0.139585
0.137539
0.135608
0.133750
0.131934
0.130139
0.128352
0.126567
0.124781
0.122992
0.121199
0.119401
0.117600
0.115800
0.114010
0.112241
0.110510
0.108835
0.107233
0.105717
0.104295
0.102968
0.101728
0.100561
0.099451
0.098378
0.097324
0.096276
0.095224
0.094162
0.093089
0.092005
0.090910
0.089805
0.088692
0.087573
0.086450
0.085324
0.084198
0.083070
0.081941
0.080808
0.079669
0.078526
0.077382
0.076245
0.075127
0.074040
0.072997
0.072009
0.071083
0.070221
0.069424
0.068684
0.067992
0.067334
0.066697
0.066064
0.065421
0.064756
0.064061
0.063332
0.062567
0.061767
0.060937
0.060081
0.059204
0.058315
0.057423
0.056537
0.055670
0.054833
0.054036
0.053286
0.052586
0.051934
0.051323
0.050739
0.050167
0.049591
0.048998
0.048378
0.047730
0.047059
0.046376
0.045697
0.045037
0.044411
0.043829
0.043295
0.042808
0.042364
0.041953
0.041562
0.041179
0.040793
0.040394
0.039976
0.039536
0.039075
0.038596
0.038104
0.037605
0.037101
0.036597
0.036091
0.035585
0.035075
0.034561
0.034042
0.033517
0.032988
0.032461
0.031943
0.031441
0.030965
0.030523
0.030117
0.029749
0.029416
0.029110
0.028822
0.028545
0.028272
0.027998
0.027724
0.027451
0.027182
0.026918
0.026659
0.026401
0.026141
0.025871
0.025585
0.025278
0.024950
0.024601
0.024239
0.023873
0.023513
0.023170
0.022850
0.022559
0.022297
0.022064
0.021856
0.021669
0.021500
0.021344
0.021199
0.021058
0.020917
0.020767
0.020602
0.020419
0.020214
0.019990
0.019749
0.019495
0.019234
0.018969
0.018702
0.018435
0.018168
0.017901
0.017633
0.017367
0.017102
0.016841
0.016586
0.016341
0.016108
0.015891
0.015693
0.015515
0.015359
0.015224
0.015107
0.015006
0.014912
0.014820
0.014721
0.014608
0.014476
0.014324
0.014157
0.013981
0.013807
0.013646
0.013503
0.013379
0.013270
0.013165
0.013053
0.012924
0.012771
0.012592
0.012393
0.012181
0.011967
0.011762
0.011574
0.011410
0.011274
0.011165
0.011077
0.011004
0.010936
0.010862
0.010775
0.010669
0.010544
0.010403
0.010252
0.010098
0.009948
0.009811
0.009689
0.009586
0.009501
0.009433
0.009379
0.009334
0.009294
0.009257
0.009226
0.009205
0.009205
0.009236
0.009304
0.009410
0.009543
0.009684
0.009803
0.009872
0.009866
0.009774
0.009602
0.009368
0.009106
0.008849
0.008627
0.008457
0.008343
0.008275
0.008237
0.008208
0.008171
0.008116
0.008037
0.007937
0.007823
0.007704
0.007589
0.007487
0.007404
0.007343
0.007304
0.007284
0.007278
0.007281
0.007284
0.007282
0.007271
0.007248
0.007214
0.007174
0.007132
0.007094
0.007062
0.007040
0.007027
0.007020
0.007014
0.007006
0.006989
0.006959
0.006911
0.006844
0.006755
0.006648
0.006525
0.006394
0.006263
0.006141
0.006035
0.005952
0.005890
0.005848
0.005819
0.005797
0.005775
0.005749
0.005717
0.005680
0.005641
0.005605
0.005576
0.005555
0.005545
0.005542
0.005544
0.005545
0.005543
0.005534
0.005519
0.005500
0.005480
0.005464
0.005454
0.005451
0.005451
0.005449
0.005439
0.005416
0.005375
0.005315
0.005238
0.005147
0.005049
0.004949
0.004853
0.004763
0.004682
0.004608
0.004541
0.004477
0.004417
0.004362
0.004312
0.004271
0.004240
0.004220
0.004208
0.004203
0.004199
0.004195
0.004186
0.004173
0.004157
0.004138
0.004119
0.004099
0.004078
0.004054
0.004026
0.003994
0.003956
0.003914
0.003870
0.003826
0.003784
0.003747
0.003715
0.003689
0.003668
0.003650
0.003632
0.003611
0.003585
0.003549
0.003505
0.003452
0.003394
0.003332
0.003272
0.003214
0.003162
0.003115
0.003076
0.003042
0.003016
0.002996
0.002981
0.002969
0.002959
0.002949
0.002937
0.002924
0.002912
0.002902
0.002898
0.002899
0.002906
0.002916
0.002925
0.002929
0.002923
0.002905
0.002873
0.002827
0.002771
0.002709
0.002650
0.002602
0.002572
0.002567
0.002588
0.002634
0.002697
0.002768
0.002835
0.002888
0.002922
0.002934
0.002928
0.002907
0.002882
0.002857
0.002841
0.002836
0.002844
0.002864
0.002890
0.002918
0.002941
0.002954
0.002953
0.002938
0.002908
0.002868
0.002823
0.002777
0.002735
0.002699
0.002671
0.002649
0.002632
0.002617
0.002601
0.002583
0.002562
0.002539
0.002517
0.002499
0.002487
0.002485
0.002492
0.002509
0.002535
0.002567
0.002604
0.002644
0.002685
0.002724
0.002758
0.002785
0.002803
0.002810
0.002807
0.002796
0.002777
0.002754
0.002730
0.002706
0.002686
0.002670
0.002659
0.002653
0.002651
0.002650
0.002648
0.002639
0.002622
0.002595
0.002558
0.002517
0.002475
0.002439
0.002412
0.002397
0.002393
0.002397
0.002406
0.002416
0.002426
0.002436
0.002449
0.002468
0.002498
0.002539
0.002592
0.002654
0.002719
0.002780
0.002831
0.002865
0.002879
0.002874
0.002853
0.002822
0.002787
0.002756
0.002732
0.002717
0.002711
0.002712
0.002715
0.002719
0.002721
0.002717
0.002708
0.002691
0.002667
0.002636
0.002602
0.002567
0.002534
0.002510
0.002495
0.002491
0.002497
0.002509
0.002523
0.002536
0.002545
0.002550
0.002553
0.002559
0.002571
0.002597
0.002642
0.002710
0.002806
0.002929
0.003075
0.003235
0.003398
0.003547
0.003668
0.003749
0.003781
0.003763
0.003699
0.003599
0.003474
0.003340
0.003207
0.003087
0.002986
0.002911
0.002862
0.002839
0.002838
0.002856
0.002887
0.002927
0.002973
0.003022
0.003073
0.003122
0.003167
0.003208
0.003241
0.003267
0.003288
0.003308
0.003333
0.003370
0.003422
0.003493
0.003582
0.003685
0.003794
0.003899
0.003988
0.004053
0.004086
0.004083
0.004047
0.003983
0.003896
0.003797
0.003694
0.003594
0.003501
0.003420
0.003350
0.003292
0.003246
0.003211
0.003187
0.003173
0.003166
0.003164
0.003163
0.003158
0.003147
0.003126
0.003097
0.003062
0.003026
0.002992
0.002964
0.002943
0.002930
0.002922
0.002916
0.002910
0.002903
0.002894
0.002885
0.002876
0.002870
0.002866
0.002863
0.002862
0.002859
0.002854
0.002846
0.002837
0.002829
0.002824
0.002823
0.002829
0.002840
0.002854
0.002868
0.002881
0.002889
0.002893
0.002895
0.002895
0.002895
0.002896
0.002897
0.002895
0.002888
0.002874
0.002850
0.002819
0.002782
0.002743
0.002708
0.002681
0.002666
0.002666
0.002678
0.002701
0.002727
0.002751
0.002769
0.002775
0.002770
0.002754
0.002730
0.002702
0.002675
0.002653
0.002637
0.002628
0.002627
0.002631
0.002639
0.002649
0.002659
0.002672
0.002689
0.002714
0.002750
0.002796
0.002849
0.002904
0.002954
0.002990
0.003009
0.003008
0.002988
0.002954
0.002913
0.002870
0.002832
0.002803
0.002787
0.002785
0.002797
0.002821
0.002854
0.002890
0.002924
0.002949
0.002962
0.002963
0.002952
0.002935
0.002916
0.002902
0.002899
0.002910
0.002942
0.002995
0.003073
0.003174
0.003293
0.003422
0.003549
0.003664
0.003755
0.003815
0.003840
0.003833
0.003800
0.003749
0.003689
0.003628
0.003572
0.003523
0.003485
0.003455
0.003432
0.003412
0.003393
0.003370
0.003341
0.003302
0.003255
0.003198
0.003136
0.003071
0.003006
0.002943
0.002884
0.002829
0.002779
0.002734
0.002695
0.002663
0.002639
0.002624
0.002618
0.002618
0.002623
0.002631
0.002639
0.002645
0.002646
0.002642
0.002634
0.002621
0.002606
0.002590
0.002574
0.002558
0.002543
0.002526
0.002509
0.002492
0.002477
0.002466
0.002460
0.002462
0.002469
0.002479
0.002489
0.002496
0.002496
0.002488
0.002472
0.002449
0.002422
0.002394
0.002368
0.002346
0.002332
0.002325
0.002326
0.002333
0.002343
0.002355
0.002365
0.002374
0.002380
0.002385
0.002387
0.002387
0.002384
0.002376
0.002361
0.002340
0.002311
0.002277
0.002241
0.002206
0.002175
0.002151
0.002134
0.002125
0.002121
0.002121
0.002120
0.002118
0.002111
0.002099
0.002084
0.002065
0.002047
0.002030
0.002017
0.002008
0.002002
0.001999
0.001997
0.001995
0.001992
0.001988
0.001984
0.001981
0.001980
0.001982
0.001988
0.001998
0.002013
0.002032
0.002053
0.002073
0.002089
0.002097
0.002094
0.002079
0.002052
0.002016
0.001975
0.001935
0.001902
0.001879
0.001868
0.001869
0.001881
0.001901
0.001924
0.001946
0.001964
0.001975
0.001977
0.001969
0.001952
0.001928
0.001898
0.001867
0.001837
0.001809
0.001785
0.001766
0.001750
0.001736
0.001721
0.001706
0.001687
0.001664
0.001636
0.001606
0.001573
0.001540
0.001509
0.001480
0.001453
0.001425
0.001393
0.001348
0.001282
0.001189
0.001060
0.000894
0.000691
0.000462
0.000224
-0.000002
-0.000193
-0.000330
-0.000402
-0.000408
-0.000361
-0.000280
-0.000188
-0.000108
-0.000055
-0.000036
-0.000050
-0.000089
-0.000146
-0.000210
-0.000277
-0.000344
-0.000409
-0.000475
-0.000544
-0.000616
-0.000690
-0.000763
-0.000833
-0.000896
-0.000952
-0.001000
-0.001043
-0.001082
-0.001121
-0.001161
-0.001203
-0.001246
-0.001289
-0.001330
-0.001368
-0.001404
-0.001437
-0.001469
-0.001501
-0.001532
-0.001560
-0.001582
-0.001595
-0.001597
-0.001585
-0.001559
-0.001521
-0.001475
-0.001423
-0.001372
-0.001327
-0.001295
-0.001281
-0.001289
-0.001318
-0.001361
-0.001401
-0.001417
-0.001375
-0.001243
-0.000989
-0.000593
-0.000056
0.000593
0.001299
0.001981
0.002549
0.002921
0.003044
