0.002312
0.002021
0.001606
0.001143
0.000705
0.000346
0.000091
-0.000062
-0.000134
-0.000156
-0.000160
-0.000166
-0.000188
-0.000224
-0.000272
-0.000321
-0.000366
-0.000402
-0.000428
-0.000446
-0.000459
-0.000472
-0.000484
-0.000497
-0.000508
-0.000515
-0.000515
-0.000505
-0.000485
-0.000458
-0.000428
-0.000399
-0.000377
-0.000367
-0.000373
-0.000394
-0.000429
-0.000475
-0.000525
-0.000573
-0.000613
-0.000639
-0.000644
-0.000621
-0.000555
-0.000416
-0.000137
0.000410
0.001461
0.003413
0.006890
0.012800
0.022353
0.037018
0.058359
0.087755
0.126001
0.172870
0.226751
0.284508
0.341673
0.393017
0.433418
0.458824
0.467066
0.458277
0.434810
0.400674
0.360667
0.319453
0.280814
0.247232
0.219828
0.198575
0.182684
0.170999
0.162324
0.155641
0.150195
0.145501
0.141290
0.137448
0.133941
0.130773
0.127950
0.125463
0.123286
0.121375
0.119674
0.118128
0.116683
0.115300
0.113952
0.112625
0.111319
0.110034
0.108772
0.107528
0.106290
0.105045
0.103773
0.102462
0.101102
0.099691
0.098236
0.096751
0.095251
0.093756
0.092281
0.090841
0.089447
0.088103
0.086809
0.085565
0.084365
0.083206
0.082084
0.080998
0.079949
0.078937
0.077964
0.077030
0.076135
0.075274
0.074440
0.073621
0.072804
0.071973
0.071113
0.070211
0.069262
0.068268
0.067237
0.066190
0.065149
0.064135
0.063168
0.062258
0.061404
0.060599
0.059827
0.059072
0.058318
0.057556
0.056783
0.056002
0.055223
0.054459
0.053722
0.053023
0.052368
0.051762
0.051201
0.050680
0.050190
0.049719
0.049257
0.048791
0.048310
0.047808
0.047280
0.046727
0.046152
0.045564
0.044972
0.044384
0.043808
0.043249
0.042705
0.042175
0.041655
0.041140
0.040624
0.040102
0.039571
0.039028
0.038475
0.037916
0.037357
0.036809
0.036282
0.035785
0.035325
0.034904
0.034520
0.034167
0.033840
0.033531
0.033236
0.032953
0.032681
0.032421
0.032172
0.031929
0.031687
0.031437
0.031169
0.030874
0.030545
0.030178
0.029775
0.029339
0.028877
0.028397
0.027911
0.027429
0.026964
0.026525
0.026120
0.025752
0.025421
0.025120
0.024843
0.024581
0.024325
0.024072
0.023820
0.023571
0.023329
0.023101
0.022892
0.022704
0.022540
0.022396
0.022268
0.022152
0.022040
0.021928
0.021811
0.021683
0.021541
0.021377
0.021186
0.020966
0.020716
0.020441
0.020149
0.019853
0.019566
0.019299
0.019060
0.018852
0.018676
0.018528
0.018402
0.018296
0.018203
0.018120
0.018042
0.017963
0.017877
0.017775
0.017652
0.017499
0.017316
0.017103
0.016866
0.016615
0.016363
0.016125
0.015914
0.015740
0.015609
0.015523
0.015476
0.015458
0.015452
0.015442
0.015410
0.015339
0.015220
0.015050
0.014831
0.014576
0.014301
0.014023
0.013759
0.013518
0.013306
0.013124
0.012965
0.012822
0.012689
0.012559
0.012430
0.012298
0.012163
0.012023
0.011878
0.011725
0.011565
0.011396
0.011223
0.011050
0.010883
0.010728
0.010592
0.010478
0.010388
0.010323
0.010278
0.010248
0.010227
0.010205
0.010175
0.010129
0.010065
0.009981
0.009878
0.009760
0.009629
0.009491
0.009348
0.009205
0.009067
0.008939
0.008823
0.008723
0.008638
0.008566
0.008501
0.008440
0.008377
0.008308
0.008233
0.008151
0.008062
0.007967
0.007866
0.007762
0.007656
0.007550
0.007447
0.007352
0.007269
0.007203
0.007156
0.007130
0.007121
0.007125
0.007135
0.007142
0.007139
0.007124
0.007094
0.007053
0.007005
0.006953
0.006899
0.006841
0.006778
0.006703
0.006616
0.006514
0.006403
0.006289
0.006180
0.006083
0.006003
0.005944
0.005903
0.005878
0.005864
0.005858
0.005857
0.005862
0.005873
0.005895
0.005928
0.005975
0.006033
0.006097
0.006159
0.006208
0.006234
0.006228
0.006187
0.006112
0.006007
0.005883
0.005748
0.005614
0.005486
0.005371
0.005270
0.005184
0.005115
0.005061
0.005022
0.004996
0.004979
0.004967
0.004956
0.004942
0.004921
0.004894
0.004860
0.004821
0.004779
0.004735
0.004687
0.004637
0.004585
0.004532
0.004481
0.004434
0.004395
0.004369
0.004355
0.004354
0.004363
0.004378
0.004394
0.004404
0.004405
0.004394
0.004370
0.004336
0.004296
0.004256
0.004219
0.004189
0.004165
0.004148
0.004134
0.004120
0.004105
0.004087
0.004065
0.004038
0.004005
0.003964
0.003915
0.003859
0.003799
0.003738
0.003680
0.003628
0.003583
0.003545
0.003515
0.003492
0.003478
0.003473
0.003481
0.003500
0.003528
0.003558
0.003585
0.003599
0.003593
0.003565
0.003514
0.003444
0.003362
0.003277
0.003199
0.003138
0.003099
0.003087
0.003101
0.003137
0.003187
0.003241
0.003292
0.003334
0.003363
0.003381
0.003388
0.003388
0.003382
0.003368
0.003347
0.003317
0.003276
0.003226
0.003167
0.003103
0.003035
0.002967
0.002903
0.002847
0.002804
0.002775
0.002761
0.002759
0.002764
0.002768
0.002763
0.002745
0.002712
0.002668
0.002618
0.002568
0.002524
0.002490
0.002467
0.002455
0.002453
0.002462
0.002480
0.002506
0.002538
0.002573
0.002608
0.002635
0.002651
0.002651
0.002634
0.002600
0.002555
0.002502
0.002451
0.002408
0.002377
0.002360
0.002357
0.002361
0.002366
0.002364
0.002351
0.002326
0.002291
0.002253
0.002219
0.002195
0.002185
0.002189
0.002205
0.002232
0.002267
0.002309
0.002355
0.002406
0.002459
0.002510
0.002555
0.002587
0.002602
0.002599
0.002577
0.002539
0.002490
0.002436
0.002381
0.002331
0.002289
0.002259
0.002244
0.002246
0.002263
0.002293
0.002331
0.002370
0.002402
0.002423
0.002429
0.002421
0.002401
0.002374
0.002345
0.002321
0.002304
0.002297
0.002299
0.002309
0.002323
0.002337
0.002348
0.002353
0.002353
0.002347
0.002340
0.002332
0.002325
0.002318
0.002308
0.002292
0.002267
0.002232
0.002189
0.002144
0.002104
0.002074
0.002062
0.002069
0.002094
0.002135
0.002184
0.002234
0.002277
0.002308
0.002323
0.002320
0.002304
0.002278
0.002249
0.002222
0.002200
0.002188
0.002185
0.002190
0.002201
0.002213
0.002223
0.002227
0.002221
0.002203
0.002175
0.002141
0.002104
0.002073
0.002054
0.002052
0.002071
0.002114
0.002182
0.002276
0.002393
0.002532
0.002688
0.002853
0.003016
0.003161
0.003275
0.003344
0.003362
0.003326
0.003244
0.003127
0.002991
0.002853
0.002726
0.002620
0.002538
0.002480
0.002442
0.002416
0.002397
0.002380
0.002362
0.002342
0.002322
0.002305
0.002293
0.002289
0.002292
0.002301
0.002313
0.002324
0.002332
0.002334
0.002330
0.002321
0.002307
0.002290
0.002274
0.002261
0.002253
0.002252
0.002260
0.002275
0.002293
0.002310
0.002320
0.002319
0.002306
0.002283
0.002254
0.002225
0.002201
0.002186
0.002181
0.002183
0.002190
0.002195
0.002196
0.002189
0.002176
0.002158
0.002140
0.002125
0.002118
0.002122
0.002139
0.002167
0.002202
0.002239
0.002271
0.002292
0.002298
0.002286
0.002258
0.002216
0.002167
0.002117
0.002075
0.002047
0.002037
0.002046
0.002074
0.002115
0.002162
0.002208
0.002245
0.002270
0.002281
0.002278
0.002264
0.002242
0.002216
0.002185
0.002151
0.002112
0.002069
0.002020
0.001969
0.001918
0.001874
0.001842
0.001829
0.001839
0.001875
0.001934
0.002013
0.002102
0.002191
0.002267
0.002319
0.002338
0.002320
0.002268
0.002192
0.002103
0.002016
0.001942
0.001888
0.001858
0.001848
0.001851
0.001862
0.001872
0.001877
0.001874
0.001864
0.001849
0.001833
0.001821
0.001815
0.001816
0.001826
0.001841
0.001860
0.001881
0.001903
0.001925
0.001945
0.001961
0.001970
0.001970
0.001958
0.001936
0.001905
0.001872
0.001841
0.001820
0.001811
0.001816
0.001833
0.001857
0.001884
0.001911
0.001934
0.001954
0.001973
0.001994
0.002019
0.002049
0.002084
0.002121
0.002155
0.002181
0.002195
0.002195
0.002182
0.002160
0.002133
0.002108
0.002089
0.002079
0.002077
0.002084
0.002095
0.002107
0.002115
0.002115
0.002104
0.002080
0.002043
0.001995
0.001939
0.001881
0.001826
0.001779
0.001743
0.001720
0.001710
0.001713
0.001726
0.001745
0.001766
0.001785
0.001800
0.001806
0.001804
0.001792
0.001773
0.001748
0.001721
0.001695
0.001674
0.001660
0.001656
0.001660
0.001671
0.001686
0.001704
0.001722
0.001739
0.001755
0.001768
0.001776
0.001777
0.001770
0.001752
0.001725
0.001690
0.001650
0.001611
0.001576
0.001549
0.001532
0.001524
0.001524
0.001529
0.001537
0.001543
0.001547
0.001547
0.001543
0.001538
0.001533
0.001530
0.001531
0.001534
0.001537
0.001538
0.001532
0.001518
0.001495
0.001466
0.001433
0.001402
0.001377
0.001360
0.001351
0.001348
0.001351
0.001357
0.001364
0.001371
0.001380
0.001390
0.001401
0.001410
0.001415
0.001412
0.001397
0.001368
0.001326
0.001272
0.001214
0.001158
0.001110
0.001076
0.001059
0.001060
0.001076
0.001101
0.001133
0.001167
0.001199
0.001228
0.001255
0.001278
0.001298
0.001314
0.001326
0.001331
0.001330
0.001323
0.001313
0.001301
0.001290
0.001285
0.001285
0.001290
0.001298
0.001304
0.001303
0.001292
0.001267
0.001228
0.001178
0.001122
0.001066
0.001016
0.000979
0.000956
0.000949
0.000953
0.000966
0.000984
0.001003
0.001023
0.001043
0.001063
0.001084
0.001105
0.001124
0.001139
0.001146
0.001143
0.001130
0.001105
0.001071
0.001030
0.000986
0.000942
0.000905
0.000880
0.000869
0.000874
0.000890
0.000912
0.000928
0.000924
0.000886
0.000802
0.000664
0.000473
0.000237
-0.000027
-0.000292
-0.000531
-0.000717
-0.000832
-0.000868
-0.000833
-0.000747
-0.000635
-0.000525
-0.000440
-0.000392
-0.000385
-0.000413
-0.000468
-0.000536
-0.000607
-0.000673
-0.000730
-0.000776
-0.000810
-0.000835
-0.000853
-0.000867
-0.000878
-0.000890
-0.000905
-0.000925
-0.000950
-0.000981
-0.001019
-0.001061
-0.001107
-0.001155
-0.001203
-0.001247
-0.001284
-0.001308
-0.001313
-0.001293
-0.001241
-0.001154
-0.001033
-0.000885
-0.000723
-0.000565
-0.000430
-0.000339
-0.000304
-0.000331
-0.000417
-0.000552
-0.000721
-0.000905
-0.001090
-0.001262
-0.001412
-0.001535
-0.001626
-0.001675
-0.001673
-0.001602
-0.001443
-0.001178
-0.000797
-0.000302
0.000279
0.000900
0.001493
0.001984
0.002306
0.002418
