-0.784434
0.135849
-0.177699
-0.002905
0.072476
-0.037691
-0.044583
-0.013492
0.070362
-0.148959
0.179714
-0.143021
-0.025951
0.057208
-0.030219
-0.010424
-0.032814
-0.007674
0.001866
0.016645
-0.097384
0.091698
-0.092060
0.008844
0.029676
-0.067842
0.003946
0.004304
-0.014758
-0.033129
0.017951
-0.032659
0.002399
-0.018896
-0.014269
-0.007910
-0.040540
0.028151
-0.023400
-0.020569
-0.021269
0.012298
-0.037552
0.023182
-0.065648
0.041424
-0.045874
-0.014532
0.017231
-0.071020
0.048037
-0.049300
0.013174
-0.020002
-0.036728
-0.049916
0.195738
-0.265911
-0.128684
0.504752
0.276764
-2.446552
2.732864
2.830440
1.847288
0.686294
0.434952
0.223619
-0.006187
-0.175528
0.092947
0.437952
0.169227
0.555726
0.271010
0.136211
0.358275
0.391526
0.235489
0.213642
0.255990
0.207779
0.258311
0.140027
0.312155
0.204218
0.182541
0.326508
0.141796
0.194660
0.206984
0.292836
0.162252
0.222462
0.125624
0.245397
0.258094
0.140228
0.187754
0.203285
0.208211
0.213213
0.169402
0.149595
0.227401
0.186918
0.180083
0.166666
0.194046
0.162387
0.193540
0.163356
0.177098
0.159778
0.174306
0.175053
0.176904
0.133947
0.182308
0.162798
0.168710
0.137814
0.163814
0.137247
0.176523
0.150071
0.122108
0.179821
0.146768
0.105161
0.199593
0.115564
0.155383
0.144388
0.142692
0.120816
0.133777
0.144669
0.108697
0.146271
0.118418
0.140771
0.110373
0.176371
0.105804
0.103503
0.124584
0.166704
0.075417
0.129476
0.102049
0.141592
0.080778
0.123678
0.110170
0.106765
0.102862
0.106887
0.091640
0.144774
0.094485
0.062065
0.147637
0.098427
0.067824
0.104429
0.113041
0.082110
0.102992
0.083268
0.108985
0.092776
0.069969
0.098970
0.075447
0.120355
0.078341
0.057804
0.108325
0.079011
0.083719
0.076497
0.077868
0.072297
0.075315
0.095398
0.073392
0.069456
0.061791
0.076708
0.075338
0.117305
0.026613
0.048334
0.132185
0.044940
0.035664
0.075437
0.098291
0.044327
0.073089
0.027535
0.112661
0.041159
0.076509
0.035971
0.061971
0.091646
0.047969
0.038469
0.067103
0.066886
0.046738
0.051015
0.060433
0.065305
0.035116
0.059059
0.038985
0.089450
0.021059
0.045478
0.051496
0.090094
0.017533
0.029932
0.089277
0.014636
0.058743
0.041074
0.045493
0.049964
0.041463
0.022245
0.094279
-0.002527
0.060426
0.043879
0.046468
0.054706
0.038378
-0.000801
0.097155
0.027915
0.013762
0.068641
0.016365
0.063559
0.015300
0.015077
0.092731
0.026157
0.014281
0.041680
0.042289
0.064975
0.009082
-0.009631
0.104992
0.018918
0.010728
0.035039
0.027575
0.044976
0.026870
0.035779
0.030263
0.063255
-0.010932
0.040693
0.022428
0.057736
0.027041
-0.022076
0.074142
0.033774
-0.000594
0.029516
0.038684
0.032181
0.001122
0.043076
0.032534
0.039467
-0.001608
0.029523
-0.003417
0.067879
0.011815
0.003689
0.023560
0.060875
-0.017733
0.033651
0.033190
0.026092
0.003896
0.022411
0.038452
0.021562
0.021448
-0.001091
0.026680
0.045020
0.011334
-0.019432
0.061466
0.038859
-0.015149
0.009035
0.033374
0.036034
-0.001511
0.014817
0.024216
0.026556
0.022264
-0.005459
0.011579
0.045113
0.011221
-0.007972
0.050952
0.012770
-0.014815
0.030172
0.018752
0.002711
0.023572
0.003012
0.025276
0.025059
0.004584
0.009119
-0.002075
0.040181
0.016108
-0.034229
0.043388
0.034792
-0.006733
0.013346
-0.004299
0.030346
0.004215
0.018715
0.005732
0.012841
0.018753
0.006091
-0.006093
0.039067
0.012661
-0.035474
0.054459
-0.002317
0.002576
0.020835
0.010066
0.003236
0.000713
0.012685
0.033848
0.001473
0.001211
0.002336
0.016278
0.022187
0.012982
-0.043309
0.059881
-0.001284
0.004647
0.004467
0.010798
0.004622
0.022973
-0.009076
0.013044
0.005300
0.002736
0.012664
0.008265
0.004321
0.014082
-0.023188
0.048171
-0.003983
-0.016762
0.021700
0.005695
0.002874
0.003204
-0.001899
0.018668
0.001152
-0.000020
0.011714
-0.003171
0.026001
-0.025145
-0.000092
0.037812
-0.007637
0.005552
-0.005237
0.012367
0.008735
-0.011286
0.019073
-0.006638
0.015446
-0.017651
0.014729
0.004560
0.017715
0.000054
-0.038534
0.052996
0.002222
-0.024089
0.018564
-0.010389
0.009236
0.016892
-0.037377
0.033641
0.015183
-0.015241
-0.001164
0.002812
0.008739
0.018489
-0.036792
0.035180
-0.006798
-0.009284
0.007714
0.011805
-0.012540
0.012415
-0.012684
0.027154
0.007097
-0.000701
-0.021456
0.008633
0.002365
0.035345
-0.052946
0.031409
0.013028
-0.011564
-0.005644
0.005359
0.015698
0.004508
-0.009827
-0.011210
0.026679
-0.019201
-0.002238
-0.000133
0.022718
0.001891
-0.036328
0.045725
-0.010975
-0.012416
-0.002379
0.008051
0.003419
0.001315
-0.024668
0.028864
0.011046
-0.005323
-0.035910
0.021303
0.029185
-0.023548
-0.017914
0.013932
0.015108
-0.019014
0.010906
0.000524
-0.006778
-0.010413
0.019143
-0.020163
0.031997
-0.002376
-0.023813
-0.015930
0.050224
-0.019224
-0.043268
0.050899
-0.007897
-0.000025
-0.021133
0.018857
0.011056
-0.033525
0.003872
0.004820
0.020097
-0.021153
0.003583
-0.009046
0.024840
-0.024307
-0.016987
0.030045
-0.006040
-0.019710
0.024606
-0.021815
0.010357
-0.001751
-0.015491
0.011244
-0.005081
0.006737
-0.024395
0.006030
0.025493
-0.020489
-0.009489
-0.005946
0.025323
-0.014200
-0.011726
0.007433
0.008292
-0.012435
-0.007476
0.008223
-0.000912
0.003097
-0.028665
0.013413
0.010434
-0.007790
-0.017327
0.023071
-0.012490
-0.015982
0.009591
-0.001685
0.005638
-0.001077
-0.024405
0.016162
0.020737
-0.030783
-0.021534
0.014454
0.037427
-0.035536
-0.050050
0.083673
-0.022878
-0.029202
0.004091
0.008119
0.017039
-0.036876
0.001269
0.017252
0.000507
-0.011048
-0.017188
0.000983
0.032234
-0.016829
-0.053439
0.070261
-0.021390
-0.018486
-0.015840
0.013997
0.015680
-0.009813
-0.023972
0.025940
-0.019616
0.011734
-0.023485
0.007646
0.023627
-0.021226
-0.029193
0.035728
0.004623
-0.024911
-0.008269
0.031463
-0.010924
-0.010566
-0.031729
0.036474
-0.019717
0.018279
-0.042545
0.028220
0.000665
0.005893
-0.056463
0.055117
-0.005285
-0.035836
0.038386
-0.042333
0.019897
-0.012493
0.004111
0.007476
0.007142
-0.037303
0.021428
-0.021369
0.018567
-0.004604
-0.026437
0.034959
0.000198
-0.043666
0.022528
-0.005729
0.001943
-0.016563
-0.004733
0.032967
-0.020429
-0.010713
-0.014611
0.015878
0.001465
-0.000345
-0.038370
0.017872
0.034818
-0.039202
-0.002497
0.002008
-0.003157
-0.004059
0.006481
0.003529
-0.007586
-0.012406
-0.026230
0.028179
0.006247
-0.022606
-0.015966
0.040998
-0.010578
-0.033341
0.019007
0.000779
0.028407
-0.016914
-0.033934
0.025439
0.016951
-0.024349
-0.007595
-0.010719
0.046693
-0.025961
-0.045195
0.050547
0.008451
-0.038703
-0.010838
0.028626
-0.009886
0.008868
-0.043040
0.044700
-0.010805
-0.019989
0.006375
-0.006996
0.016919
-0.012172
-0.015108
0.008960
0.029725
-0.043893
0.005911
0.003441
-0.005929
0.017303
-0.023867
0.005113
-0.017934
0.025993
-0.018959
-0.003853
0.012467
-0.015504
-0.006588
0.014973
0.014635
-0.033028
-0.002891
0.011232
-0.003122
-0.015317
-0.006034
0.021711
-0.008361
-0.012500
0.002686
-0.011604
0.023465
-0.019968
-0.029273
0.030026
0.011553
-0.041271
0.023362
-0.009755
-0.003633
-0.001517
-0.004007
-0.001916
0.000057
-0.001532
-0.003441
0.001390
0.004184
-0.015411
-0.004983
0.021419
-0.011444
-0.026988
0.016648
-0.006175
-0.000611
-0.019443
0.014409
0.009491
-0.017300
-0.013249
0.008467
-0.021050
0.031633
-0.031872
-0.007652
0.044469
-0.032900
-0.023307
0.012028
0.001747
0.020578
-0.070341
0.049008
-0.027620
0.038405
-0.030818
-0.022274
0.016678
0.011213
-0.015906
-0.037649
0.045008
-0.002648
-0.033187
-0.000360
0.017383
-0.008115
-0.005111
-0.014649
0.001809
-0.003914
0.002321
-0.005093
-0.010270
0.017472
-0.016407
-0.018152
0.017694
-0.000407
-0.030091
0.017134
-0.010325
0.011049
-0.031752
0.002368
-0.009598
0.030006
-0.018936
-0.022262
-0.005267
0.024027
0.002069
-0.057970
0.047410
-0.019063
-0.011477
0.005087
-0.012808
-0.010258
0.016964
-0.025875
0.026813
-0.035961
0.027878
-0.035246
-0.012118
0.033348
-0.008673
-0.039420
0.029723
-0.010182
-0.010032
-0.012076
0.027893
-0.039637
0.012423
-0.032303
0.022955
-0.007639
0.004479
-0.030658
0.005350
0.020637
-0.014653
-0.030531
0.018304
0.009908
-0.050861
0.030513
-0.000268
-0.027345
0.007746
-0.021192
0.013477
0.002156
-0.025938
0.010346
-0.019198
0.031584
-0.037997
-0.026805
0.032835
-0.011462
-0.025543
0.017825
-0.009922
0.000210
-0.020272
0.000941
0.004617
-0.012851
0.003638
-0.015886
-0.024345
0.043899
-0.028823
-0.028696
0.030725
-0.022807
-0.003998
-0.012314
-0.006481
0.019166
-0.010723
-0.045175
0.037468
-0.015540
-0.012729
-0.005790
-0.016621
0.033830
-0.015338
-0.043979
0.021760
-0.002238
-0.015834
0.009906
-0.036386
0.037118
-0.057447
0.065105
-0.146709
0.198081
-0.168468
0.062277
-0.035795
0.020376
-0.000655
-0.053541
0.046094
-0.028455
0.012075
-0.051186
0.053157
-0.061035
0.029798
-0.029723
0.006838
-0.008020
0.009243
-0.039984
0.011605
0.012299
-0.043686
0.004358
-0.006531
0.013086
-0.026960
0.008734
-0.015852
0.024191
-0.049661
0.009870
-0.003183
0.000932
-0.022568
0.010216
-0.026630
0.025783
-0.040211
0.004889
-0.018151
0.021186
-0.038443
0.015072
-0.022881
0.009635
-0.018689
-0.001889
-0.024471
0.029519
-0.029239
-0.009949
-0.016895
0.016803
-0.007500
-0.032367
0.008918
-0.007426
-0.000530
-0.042897
0.019553
-0.006570
0.023883
-0.150349
0.190093
-0.095891
-0.020929
-0.038278
0.006047
0.001239
-0.010334
-0.021267
-0.002099
0.016704
-0.060642
0.038296
-0.042309
-0.005947
-0.009550
0.004771
-0.023007
-0.007176
-0.019899
0.006146
-0.021737
-0.009775
0.002101
-0.042501
0.003068
0.011867
-0.057277
0.019129
-0.013929
-0.009159
-0.020208
-0.014749
-0.008006
-0.002026
-0.030417
-0.001173
-0.012590
-0.004484
-0.028101
-0.015977
-0.009404
0.016536
-0.057350
0.010510
-0.017822
-0.014946
-0.002435
-0.043452
0.016548
-0.031600
0.000685
-0.042020
0.025834
-0.043893
0.010343
-0.051347
0.010011
0.003826
-0.048609
-0.001126
-0.012576
-0.003345
-0.082994
0.135327
-0.203820
0.135828
-0.232566
0.729710
-1.673680
1.884069
