0.000941
0.000716
0.000501
0.000318
0.000176
0.000076
0.000014
-0.000023
-0.000043
-0.000055
-0.000066
-0.000077
-0.000089
-0.000101
-0.000112
-0.000122
-0.000131
-0.000139
-0.000147
-0.000153
-0.000158
-0.000159
-0.000157
-0.000152
-0.000147
-0.000142
-0.000139
-0.000140
-0.000143
-0.000146
-0.000147
-0.000144
-0.000136
-0.000124
-0.000109
-0.000095
-0.000084
-0.000077
-0.000076
-0.000078
-0.000081
-0.000083
-0.000078
-0.000060
-0.000016
0.000079
0.000273
0.000657
0.001380
0.002685
0.004930
0.008614
0.014372
0.022937
0.035046
0.051291
0.071931
0.096697
0.124654
0.154167
0.183034
0.208765
0.228986
0.241852
0.246391
0.242661
0.231703
0.215297
0.195595
0.174735
0.154522
0.136244
0.120613
0.107838
0.097757
0.089992
0.084084
0.079589
0.076129
0.073416
0.071237
0.069446
0.067939
0.066646
0.065511
0.064494
0.063558
0.062674
0.061818
0.060971
0.060121
0.059262
0.058395
0.057528
0.056670
0.055831
0.055016
0.054231
0.053475
0.052745
0.052039
0.051352
0.050680
0.050022
0.049378
0.048745
0.048126
0.047519
0.046924
0.046337
0.045755
0.045174
0.044589
0.043998
0.043401
0.042802
0.042205
0.041618
0.041048
0.040503
0.039986
0.039500
0.039040
0.038601
0.038174
0.037750
0.037320
0.036879
0.036426
0.035961
0.035488
0.035013
0.034541
0.034074
0.033615
0.033165
0.032722
0.032287
0.031859
0.031439
0.031027
0.030620
0.030218
0.029818
0.029417
0.029015
0.028610
0.028205
0.027799
0.027396
0.026998
0.026607
0.026225
0.025855
0.025498
0.025154
0.024823
0.024501
0.024184
0.023866
0.023541
0.023206
0.022862
0.022511
0.022160
0.021815
0.021485
0.021173
0.020882
0.020609
0.020353
0.020109
0.019875
0.019650
0.019435
0.019231
0.019037
0.018851
0.018669
0.018485
0.018291
0.018083
0.017858
0.017619
0.017369
0.017115
0.016864
0.016622
0.016392
0.016177
0.015974
0.015784
0.015603
0.015427
0.015252
0.015072
0.014883
0.014680
0.014462
0.014229
0.013989
0.013746
0.013510
0.013287
0.013079
0.012886
0.012703
0.012525
0.012344
0.012157
0.011959
0.011751
0.011536
0.011316
0.011098
0.010885
0.010683
0.010493
0.010320
0.010161
0.010017
0.009884
0.009758
0.009637
0.009517
0.009396
0.009275
0.009154
0.009036
0.008923
0.008818
0.008723
0.008641
0.008572
0.008515
0.008466
0.008421
0.008375
0.008322
0.008256
0.008175
0.008077
0.007965
0.007841
0.007709
0.007571
0.007429
0.007283
0.007132
0.006974
0.006808
0.006635
0.006457
0.006280
0.006107
0.005944
0.005794
0.005661
0.005544
0.005444
0.005359
0.005285
0.005220
0.005160
0.005103
0.005045
0.004985
0.004920
0.004848
0.004770
0.004686
0.004599
0.004511
0.004428
0.004355
0.004295
0.004251
0.004222
0.004204
0.004191
0.004174
0.004145
0.004097
0.004027
0.003938
0.003834
0.003722
0.003611
0.003507
0.003411
0.003325
0.003244
0.003165
0.003083
0.002995
0.002900
0.002799
0.002694
0.002590
0.002489
0.002393
0.002305
0.002225
0.002154
0.002091
0.002037
0.001992
0.001956
0.001929
0.001914
0.001910
0.001915
0.001925
0.001935
0.001938
0.001928
0.001899
0.001850
0.001784
0.001707
0.001627
0.001552
0.001491
0.001447
0.001420
0.001406
0.001399
0.001390
0.001372
0.001340
0.001292
0.001229
0.001156
0.001079
0.001006
0.000942
0.000891
0.000853
0.000825
0.000803
0.000782
0.000756
0.000722
0.000678
0.000623
0.000560
0.000492
0.000422
0.000355
0.000292
0.000238
0.000191
0.000153
0.000123
0.000100
0.000081
0.000067
0.000056
0.000046
0.000038
0.000029
0.000018
0.000002
-0.000019
-0.000045
-0.000073
-0.000098
-0.000115
-0.000115
-0.000090
-0.000035
0.000053
0.000172
0.000317
0.000477
0.000636
0.000779
0.000891
0.000960
0.000979
0.000947
0.000870
0.000757
0.000622
0.000478
0.000336
0.000206
0.000093
0.000002
-0.000069
-0.000120
-0.000155
-0.000178
-0.000194
-0.000208
-0.000225
-0.000250
-0.000286
-0.000336
-0.000398
-0.000471
-0.000552
-0.000635
-0.000714
-0.000786
-0.000846
-0.000892
-0.000923
-0.000939
-0.000942
-0.000933
-0.000917
-0.000895
-0.000873
-0.000853
-0.000839
-0.000832
-0.000833
-0.000843
-0.000859
-0.000880
-0.000902
-0.000922
-0.000939
-0.000950
-0.000955
-0.000955
-0.000949
-0.000941
-0.000933
-0.000928
-0.000931
-0.000945
-0.000972
-0.001013
-0.001065
-0.001125
-0.001186
-0.001243
-0.001291
-0.001328
-0.001353
-0.001370
-0.001380
-0.001390
-0.001401
-0.001417
-0.001438
-0.001462
-0.001487
-0.001509
-0.001526
-0.001536
-0.001540
-0.001539
-0.001537
-0.001535
-0.001537
-0.001542
-0.001551
-0.001561
-0.001570
-0.001576
-0.001580
-0.001580
-0.001578
-0.001576
-0.001575
-0.001576
-0.001579
-0.001586
-0.001595
-0.001606
-0.001620
-0.001634
-0.001650
-0.001666
-0.001683
-0.001702
-0.001724
-0.001750
-0.001781
-0.001815
-0.001850
-0.001882
-0.001907
-0.001923
-0.001927
-0.001921
-0.001904
-0.001880
-0.001851
-0.001821
-0.001792
-0.001769
-0.001752
-0.001744
-0.001742
-0.001747
-0.001755
-0.001765
-0.001774
-0.001781
-0.001786
-0.001791
-0.001796
-0.001803
-0.001812
-0.001823
-0.001836
-0.001849
-0.001863
-0.001875
-0.001885
-0.001893
-0.001896
-0.001897
-0.001895
-0.001893
-0.001893
-0.001898
-0.001912
-0.001935
-0.001967
-0.002005
-0.002047
-0.002086
-0.002118
-0.002139
-0.002146
-0.002140
-0.002122
-0.002096
-0.002067
-0.002040
-0.002018
-0.002003
-0.001993
-0.001988
-0.001983
-0.001979
-0.001972
-0.001964
-0.001957
-0.001952
-0.001951
-0.001956
-0.001968
-0.001984
-0.002005
-0.002027
-0.002049
-0.002071
-0.002093
-0.002114
-0.002135
-0.002153
-0.002169
-0.002181
-0.002188
-0.002191
-0.002191
-0.002189
-0.002186
-0.002182
-0.002178
-0.002171
-0.002160
-0.002144
-0.002123
-0.002098
-0.002072
-0.002047
-0.002027
-0.002014
-0.002008
-0.002007
-0.002008
-0.002010
-0.002009
-0.002005
-0.002001
-0.001998
-0.002000
-0.002011
-0.002033
-0.002065
-0.002103
-0.002143
-0.002178
-0.002204
-0.002217
-0.002214
-0.002197
-0.002168
-0.002130
-0.002086
-0.002039
-0.001994
-0.001951
-0.001914
-0.001884
-0.001860
-0.001843
-0.001830
-0.001818
-0.001806
-0.001789
-0.001766
-0.001733
-0.001689
-0.001632
-0.001565
-0.001490
-0.001413
-0.001343
-0.001287
-0.001252
-0.001241
-0.001251
-0.001280
-0.001318
-0.001358
-0.001394
-0.001421
-0.001436
-0.001440
-0.001434
-0.001422
-0.001407
-0.001395
-0.001387
-0.001388
-0.001398
-0.001418
-0.001447
-0.001481
-0.001518
-0.001553
-0.001584
-0.001605
-0.001615
-0.001612
-0.001594
-0.001562
-0.001518
-0.001465
-0.001407
-0.001347
-0.001290
-0.001239
-0.001195
-0.001159
-0.001129
-0.001099
-0.001064
-0.001013
-0.000935
-0.000821
-0.000662
-0.000459
-0.000219
0.000041
0.000294
0.000508
0.000657
0.000719
0.000691
0.000582
0.000418
0.000231
0.000055
-0.000085
-0.000174
-0.000210
-0.000203
-0.000171
-0.000130
-0.000095
-0.000076
-0.000077
-0.000093
-0.000119
-0.000149
-0.000175
-0.000196
-0.000211
-0.000223
-0.000237
-0.000254
-0.000277
-0.000305
-0.000334
-0.000361
-0.000384
-0.000402
-0.000416
-0.000430
-0.000447
-0.000470
-0.000502
-0.000540
-0.000583
-0.000626
-0.000665
-0.000694
-0.000710
-0.000711
-0.000699
-0.000676
-0.000646
-0.000616
-0.000589
-0.000571
-0.000564
-0.000568
-0.000580
-0.000599
-0.000620
-0.000641
-0.000658
-0.000668
-0.000668
-0.000657
-0.000634
-0.000602
-0.000565
-0.000527
-0.000496
-0.000478
-0.000480
-0.000502
-0.000543
-0.000598
-0.000659
-0.000719
-0.000769
-0.000804
-0.000821
-0.000820
-0.000803
-0.000775
-0.000742
-0.000707
-0.000677
-0.000653
-0.000637
-0.000630
-0.000632
-0.000639
-0.000650
-0.000662
-0.000674
-0.000684
-0.000692
-0.000698
-0.000703
-0.000707
-0.000710
-0.000711
-0.000710
-0.000704
-0.000694
-0.000679
-0.000659
-0.000635
-0.000611
-0.000588
-0.000567
-0.000550
-0.000537
-0.000527
-0.000517
-0.000506
-0.000490
-0.000464
-0.000424
-0.000367
-0.000288
-0.000189
-0.000070
0.000063
0.000202
0.000337
0.000456
0.000547
0.000602
0.000617
0.000591
0.000529
0.000440
0.000335
0.000224
0.000115
0.000018
-0.000063
-0.000125
-0.000168
-0.000194
-0.000205
-0.000205
-0.000199
-0.000190
-0.000182
-0.000175
-0.000166
-0.000155
-0.000137
-0.000110
-0.000073
-0.000029
0.000020
0.000068
0.000107
0.000133
0.000142
0.000133
0.000110
0.000077
0.000040
0.000005
-0.000023
-0.000042
-0.000051
-0.000051
-0.000045
-0.000035
-0.000023
-0.000012
-0.000003
0.000002
0.000000
-0.000010
-0.000029
-0.000056
-0.000091
-0.000129
-0.000168
-0.000203
-0.000232
-0.000253
-0.000265
-0.000268
-0.000263
-0.000253
-0.000239
-0.000225
-0.000212
-0.000203
-0.000200
-0.000202
-0.000210
-0.000219
-0.000226
-0.000228
-0.000220
-0.000201
-0.000171
-0.000131
-0.000085
-0.000038
0.000006
0.000040
0.000061
0.000066
0.000054
0.000028
-0.000009
-0.000051
-0.000095
-0.000136
-0.000170
-0.000196
-0.000214
-0.000225
-0.000231
-0.000233
-0.000233
-0.000232
-0.000232
-0.000232
-0.000231
-0.000230
-0.000228
-0.000226
-0.000223
-0.000223
-0.000226
-0.000234
-0.000247
-0.000263
-0.000281
-0.000297
-0.000308
-0.000310
-0.000302
-0.000282
-0.000252
-0.000212
-0.000164
-0.000111
-0.000059
-0.000011
0.000027
0.000050
0.000056
0.000043
0.000014
-0.000027
-0.000071
-0.000114
-0.000149
-0.000173
-0.000184
-0.000184
-0.000173
-0.000155
-0.000129
-0.000098
-0.000060
-0.000017
0.000030
0.000077
0.000123
0.000163
0.000196
0.000221
0.000238
0.000248
0.000250
0.000246
0.000234
0.000215
0.000188
0.000156
0.000121
0.000086
0.000055
0.000031
0.000013
0.000000
-0.000011
-0.000023
-0.000039
-0.000060
-0.000088
-0.000122
-0.000164
-0.000214
-0.000275
-0.000347
-0.000430
-0.000522
-0.000616
-0.000705
-0.000781
-0.000837
-0.000869
-0.000879
-0.000869
-0.000847
-0.000820
-0.000793
-0.000771
-0.000756
-0.000748
-0.000748
-0.000754
-0.000768
-0.000790
-0.000820
-0.000857
-0.000901
-0.000949
-0.000996
-0.001040
-0.001075
-0.001100
-0.001111
-0.001109
-0.001094
-0.001067
-0.001031
-0.000991
-0.000951
-0.000916
-0.000892
-0.000882
-0.000887
-0.000905
-0.000930
-0.000956
-0.000974
-0.000979
-0.000966
-0.000935
-0.000891
-0.000839
-0.000788
-0.000746
-0.000721
-0.000716
-0.000731
-0.000763
-0.000806
-0.000855
-0.000901
-0.000938
-0.000957
-0.000951
-0.000910
-0.000825
-0.000686
-0.000488
-0.000233
0.000070
0.000399
0.000724
0.001013
0.001232
0.001358
0.001380
0.001303
0.001147
