-0.689414
0.123807
-0.167448
0.010305
0.061870
-0.029902
-0.048144
-0.008931
0.074835
-0.143785
0.172589
-0.131374
-0.012774
0.049240
-0.020150
-0.032573
0.010525
-0.024419
-0.001090
0.020236
-0.075024
0.066313
-0.063016
-0.001488
0.034393
-0.055827
0.000046
0.003112
-0.006112
-0.016670
-0.009527
-0.005988
-0.009187
-0.009915
-0.010749
-0.001369
-0.030726
0.014365
-0.013022
-0.017619
-0.004138
-0.008847
-0.007895
-0.010261
-0.019754
0.013463
-0.031024
-0.001365
0.009282
-0.047443
0.017153
-0.026487
0.011704
-0.010576
-0.034410
-0.042232
0.183263
-0.231190
-0.142586
0.438404
0.380447
-2.351329
2.417439
2.989031
1.718492
0.619734
0.116341
0.160251
0.075566
0.002485
0.133921
0.293287
0.174186
0.539434
0.263407
0.115729
0.315974
0.394674
0.241253
0.220799
0.211376
0.201267
0.251580
0.156036
0.303444
0.176406
0.146123
0.321031
0.155136
0.154956
0.218846
0.275646
0.155917
0.227430
0.136019
0.206192
0.274237
0.137394
0.174608
0.171259
0.211812
0.200687
0.166222
0.150817
0.204953
0.183175
0.168861
0.159990
0.182908
0.163229
0.159858
0.187709
0.159494
0.135996
0.183750
0.157057
0.144495
0.156265
0.167115
0.150211
0.161049
0.134816
0.149399
0.164227
0.133165
0.154873
0.114371
0.174611
0.148084
0.101750
0.153154
0.141145
0.135292
0.122451
0.136928
0.118953
0.135801
0.126601
0.124315
0.143203
0.104411
0.129444
0.106846
0.148265
0.094001
0.104040
0.140616
0.123496
0.094879
0.121960
0.111834
0.087539
0.116437
0.102082
0.114943
0.098819
0.101542
0.104427
0.078645
0.145425
0.079520
0.075801
0.116835
0.093885
0.069209
0.110539
0.083931
0.100725
0.077379
0.079570
0.109046
0.078573
0.075406
0.086373
0.065045
0.122926
0.063148
0.047556
0.114810
0.077639
0.061209
0.058928
0.099039
0.075007
0.070444
0.039389
0.107695
0.067540
0.063529
0.058212
0.062663
0.094909
0.060417
0.036039
0.078143
0.080325
0.039082
0.073484
0.059612
0.062337
0.065976
0.039488
0.073972
0.054196
0.063497
0.043526
0.043624
0.090567
0.038215
0.026787
0.085582
0.064212
0.019286
0.061380
0.051477
0.064477
0.035069
0.036767
0.069110
0.058640
0.029055
0.033608
0.058178
0.065174
0.031501
0.017764
0.075009
0.059641
0.019591
0.026422
0.057862
0.048727
0.046453
0.015024
0.058376
0.039506
0.043716
0.020699
0.030496
0.062809
0.045508
-0.007352
0.066126
0.039743
0.010723
0.042922
0.035626
0.042200
0.030035
0.017053
0.049358
0.045628
0.013905
0.025202
0.033283
0.058462
0.015275
0.004804
0.051542
0.041257
0.001542
0.032147
0.034571
0.022715
0.038245
0.005601
0.044831
0.038206
0.017315
0.018770
0.018308
0.049793
0.019664
-0.004383
0.043588
0.042308
-0.006674
0.024650
0.032279
0.023242
0.033702
-0.000235
0.032417
0.040260
0.013324
0.004461
0.024215
0.039908
0.015289
-0.004890
0.037111
0.036376
-0.005658
0.026634
0.025075
0.026789
0.001458
0.018799
0.028089
0.021327
0.006484
0.010579
0.019753
0.041401
-0.000051
-0.007065
0.041896
0.015984
-0.006400
0.027858
0.011838
0.023054
0.012557
0.004466
0.036003
-0.001030
0.027696
-0.008976
0.008162
0.040326
0.019768
-0.027238
0.041726
0.013576
0.006068
0.011010
0.007584
0.016778
0.019496
-0.009463
0.026075
0.009817
0.013355
0.007555
-0.000785
0.027177
0.018348
-0.035268
0.044827
0.016530
-0.018258
0.014219
0.028460
0.017985
-0.009264
-0.000937
0.026972
0.012417
-0.001060
0.002589
0.001564
0.039876
-0.001166
-0.031488
0.045618
0.015296
-0.015786
0.006056
0.017768
0.012151
0.001091
-0.001588
0.008863
0.021860
0.007761
-0.006679
-0.009114
0.037551
0.009670
-0.028999
0.033127
0.003934
-0.000259
0.002299
0.016347
0.004582
-0.006723
0.000685
0.026916
0.003248
-0.005277
0.009160
-0.008399
0.033194
-0.007965
-0.010662
0.021476
0.022308
-0.034434
0.022951
-0.006994
0.014037
0.006068
-0.001597
0.008245
0.004261
0.002869
0.005927
-0.021442
0.046454
-0.001611
-0.035843
0.030346
0.018746
-0.021447
0.006659
0.003592
0.020273
-0.015896
-0.001685
0.014044
0.011063
-0.000746
-0.020682
0.015324
0.018129
0.006842
-0.035695
0.029911
0.012665
-0.008646
-0.013727
0.023260
-0.002616
0.001565
-0.026618
0.034612
0.010807
-0.015679
-0.004724
0.004259
0.031613
0.000998
-0.042006
0.044950
0.002836
-0.020112
-0.004130
0.017876
0.008356
-0.005158
-0.014972
0.022522
0.009003
-0.010032
-0.007821
-0.007997
0.031785
-0.009653
-0.022085
0.026693
0.003694
-0.017452
0.018751
-0.011035
0.006835
-0.000059
-0.008903
0.008799
0.017330
-0.021362
0.009290
-0.017217
0.033590
-0.007128
-0.036881
0.043155
-0.003331
-0.019611
0.007978
0.006455
0.000359
0.000052
-0.009779
0.013886
0.004671
-0.015025
0.003239
-0.005564
0.008108
0.015251
-0.033454
0.025158
0.003087
-0.022316
0.017141
-0.008941
-0.006199
0.012860
-0.011497
0.011549
-0.003332
-0.003654
0.002387
-0.011462
0.023685
-0.006599
-0.033923
0.034778
0.000323
-0.018643
-0.008491
0.032135
-0.013162
-0.002983
-0.017269
0.013221
0.015086
-0.009431
-0.012647
-0.003971
0.031914
-0.024664
-0.015525
0.013668
0.018858
-0.028709
0.013401
-0.007388
0.005614
-0.008157
-0.000576
-0.000353
0.011132
-0.008329
-0.009959
-0.006865
0.030156
-0.017754
-0.012538
0.014560
0.004066
-0.019896
0.005970
0.002901
0.004986
-0.015907
-0.005401
0.019297
-0.010794
0.000444
-0.001197
-0.022660
0.042308
-0.018416
-0.025309
0.020473
0.001067
-0.012819
0.004294
-0.014156
0.020775
-0.003030
-0.024636
0.015028
0.011443
-0.013047
-0.008311
-0.008105
0.025142
-0.006168
-0.040473
0.036801
0.003026
-0.032002
0.022989
-0.001010
0.004517
-0.008707
-0.002145
-0.002948
0.016246
-0.021242
0.008538
-0.022673
0.033693
-0.009984
-0.015975
0.004352
0.027073
-0.037759
0.008438
0.006059
-0.004332
-0.009477
0.012590
0.001464
-0.009532
-0.007992
0.008561
-0.011858
0.019092
-0.004625
-0.036526
0.038942
-0.009235
-0.008694
0.002145
-0.005620
0.003331
-0.005263
0.003530
-0.005895
-0.000754
0.011840
-0.011302
-0.021649
0.027995
-0.001585
-0.030333
0.028743
0.000024
-0.016258
0.005300
-0.010101
0.003994
0.004815
-0.005627
-0.001931
-0.000864
-0.000739
-0.000963
-0.013727
0.020331
-0.002674
-0.027540
0.029071
-0.003489
-0.015035
0.001422
-0.000761
-0.006210
0.000069
0.002523
-0.005020
0.002893
0.001531
-0.009487
-0.007092
0.021349
-0.003557
-0.029851
0.022442
0.002593
-0.018303
0.010920
-0.016002
0.008251
0.003153
-0.012195
0.019073
-0.011113
-0.000482
-0.011193
-0.001042
0.014740
0.001360
-0.033825
0.032297
-0.008647
-0.009036
0.003654
-0.012472
0.011389
-0.006074
-0.006365
0.007076
0.000513
-0.008923
-0.005206
-0.003320
0.015418
-0.008217
-0.025974
0.022978
0.007760
-0.023780
0.009668
-0.003873
-0.003169
0.003742
-0.003106
0.004075
-0.001025
-0.002696
-0.001606
-0.007263
0.017458
0.006900
-0.039539
0.033522
-0.002242
-0.017169
0.004432
0.001330
-0.002970
0.002419
-0.003575
-0.002573
0.006197
-0.004224
-0.001526
-0.016972
0.027691
-0.001518
-0.025494
0.007177
0.023510
-0.030154
0.008039
0.003020
-0.005682
0.001604
-0.006145
0.000424
0.004063
-0.007441
0.014673
-0.026849
0.031574
-0.024811
-0.019953
0.038499
-0.009049
-0.013009
-0.005374
0.004405
0.011752
-0.023485
-0.000487
0.012051
-0.002194
-0.000424
-0.007001
-0.013023
0.030258
-0.016357
-0.023464
0.015543
0.006523
-0.011879
-0.004998
0.007536
-0.010608
0.015535
-0.028227
0.017215
0.001749
-0.004880
-0.009681
-0.012092
0.022483
-0.004789
-0.031327
0.021552
0.016703
-0.024396
0.004794
-0.011560
0.021617
-0.019103
-0.005101
0.009238
-0.005338
0.001785
-0.010146
-0.001002
0.015177
-0.005861
-0.033396
0.038843
-0.012331
-0.013543
-0.004460
0.013920
-0.009413
0.008968
-0.022532
0.017634
-0.010452
0.006121
-0.004615
-0.031894
0.030575
0.010202
-0.050255
0.025074
0.016678
-0.028241
0.007342
-0.008618
0.006279
-0.002628
-0.010612
0.002455
0.006782
-0.006965
-0.014769
-0.006133
0.033345
-0.015372
-0.038202
0.034412
-0.003941
-0.019544
0.008247
-0.001381
-0.000048
-0.005972
-0.017884
0.019970
-0.006672
-0.008721
-0.002656
-0.020436
0.036700
-0.003997
-0.050068
0.039765
-0.008192
-0.012616
-0.010868
0.022745
-0.023273
0.006301
-0.022827
0.020228
0.004779
-0.017987
-0.006567
-0.011312
0.025033
-0.008838
-0.020563
0.005710
0.012247
-0.022818
0.002611
-0.005740
-0.000944
0.000567
-0.012291
0.004958
-0.000434
0.000733
-0.015492
-0.013502
0.032985
-0.021550
-0.025153
0.022433
0.003076
-0.024005
0.002158
0.006122
-0.009437
-0.001322
-0.019315
0.020480
-0.000260
-0.028474
0.012805
-0.020901
0.026951
-0.024592
-0.018593
0.028441
-0.008147
-0.019113
-0.002255
0.006255
-0.009698
0.010825
-0.028873
0.008215
-0.003481
0.006507
-0.016067
-0.018938
0.033094
-0.012628
-0.035245
0.020076
0.002626
-0.023640
0.023118
-0.038582
0.038589
-0.052369
0.062749
-0.122924
0.159975
-0.146044
0.071244
-0.044316
0.021312
0.004155
-0.046040
0.030673
-0.005603
-0.005112
-0.023288
0.030351
-0.039859
0.005330
-0.000402
-0.003107
-0.004335
-0.008334
-0.010387
-0.000576
0.013853
-0.029684
-0.001468
0.001995
0.007957
-0.025822
-0.002300
0.002033
0.001985
-0.012565
-0.012131
0.008191
0.009071
-0.015323
-0.012226
-0.005864
0.017427
-0.021734
-0.016632
0.016951
-0.006072
-0.019871
-0.000374
0.009635
-0.017367
-0.001139
-0.013407
0.003576
-0.002506
-0.002902
-0.026273
0.009422
0.005995
-0.006191
-0.032934
0.015983
0.006245
-0.004986
-0.042536
0.030732
-0.011716
0.027277
-0.145670
0.177737
-0.069797
-0.042046
-0.022187
-0.001518
0.023983
-0.015465
-0.024859
0.005395
0.017129
-0.048070
0.020830
-0.021126
-0.019683
0.017149
-0.020128
-0.004962
-0.013627
0.000636
-0.015521
-0.000737
-0.017842
0.009847
-0.030461
-0.000548
0.013921
-0.047070
0.013195
-0.007559
-0.006712
-0.022112
-0.008915
0.006306
-0.009599
-0.017522
-0.007387
-0.012274
-0.003184
-0.003793
-0.030361
0.003998
0.001366
-0.030728
0.001982
-0.016717
-0.008772
-0.006369
-0.018860
0.000495
-0.012183
-0.022518
0.003091
-0.014755
-0.016648
0.004130
-0.031833
0.000627
0.002087
-0.046663
0.017976
-0.025346
0.007390
-0.069888
0.117278
-0.186631
0.130267
-0.208144
0.666084
-1.529589
1.708108
