0.001351
0.001172
0.000917
0.000632
0.000362
0.000139
-0.000019
-0.000114
-0.000157
-0.000167
-0.000163
-0.000159
-0.000162
-0.000174
-0.000192
-0.000212
-0.000230
-0.000243
-0.000249
-0.000249
-0.000244
-0.000238
-0.000230
-0.000222
-0.000214
-0.000205
-0.000196
-0.000186
-0.000177
-0.000170
-0.000165
-0.000164
-0.000168
-0.000177
-0.000189
-0.000204
-0.000219
-0.000230
-0.000236
-0.000233
-0.000222
-0.000202
-0.000173
-0.000135
-0.000079
0.000018
0.000202
0.000562
0.001250
0.002502
0.004666
0.008214
0.013740
0.021911
0.033384
0.048658
0.067901
0.090781
0.116341
0.142994
0.168661
0.191048
0.208027
0.218011
0.220254
0.214974
0.203275
0.186901
0.167881
0.148181
0.129419
0.112706
0.098622
0.087286
0.078490
0.071843
0.066889
0.063202
0.060423
0.058283
0.056590
0.055217
0.054077
0.053114
0.052286
0.051555
0.050889
0.050258
0.049634
0.048998
0.048334
0.047637
0.046906
0.046148
0.045370
0.044581
0.043791
0.043008
0.042239
0.041490
0.040767
0.040074
0.039415
0.038789
0.038196
0.037636
0.037108
0.036612
0.036148
0.035718
0.035319
0.034949
0.034598
0.034254
0.033904
0.033532
0.033126
0.032679
0.032189
0.031660
0.031101
0.030524
0.029940
0.029363
0.028802
0.028265
0.027761
0.027295
0.026870
0.026488
0.026148
0.025844
0.025568
0.025308
0.025050
0.024779
0.024484
0.024158
0.023796
0.023403
0.022987
0.022557
0.022125
0.021700
0.021286
0.020890
0.020510
0.020149
0.019808
0.019488
0.019192
0.018919
0.018671
0.018446
0.018239
0.018045
0.017857
0.017670
0.017476
0.017271
0.017053
0.016822
0.016579
0.016330
0.016081
0.015837
0.015604
0.015384
0.015176
0.014978
0.014787
0.014598
0.014409
0.014216
0.014017
0.013813
0.013604
0.013391
0.013178
0.012966
0.012760
0.012561
0.012369
0.012186
0.012011
0.011842
0.011679
0.011523
0.011373
0.011230
0.011096
0.010969
0.010849
0.010732
0.010616
0.010497
0.010373
0.010243
0.010105
0.009961
0.009813
0.009664
0.009517
0.009376
0.009241
0.009110
0.008979
0.008843
0.008695
0.008531
0.008351
0.008156
0.007951
0.007743
0.007538
0.007341
0.007154
0.006982
0.006823
0.006679
0.006552
0.006441
0.006347
0.006268
0.006203
0.006146
0.006092
0.006037
0.005975
0.005903
0.005820
0.005726
0.005626
0.005523
0.005421
0.005325
0.005239
0.005164
0.005102
0.005051
0.005010
0.004976
0.004946
0.004914
0.004877
0.004828
0.004764
0.004684
0.004589
0.004482
0.004370
0.004260
0.004160
0.004075
0.004009
0.003961
0.003928
0.003905
0.003886
0.003861
0.003826
0.003773
0.003701
0.003611
0.003503
0.003384
0.003261
0.003139
0.003026
0.002926
0.002841
0.002773
0.002720
0.002680
0.002652
0.002631
0.002618
0.002609
0.002606
0.002611
0.002625
0.002653
0.002693
0.002743
0.002796
0.002843
0.002872
0.002873
0.002840
0.002771
0.002671
0.002547
0.002408
0.002265
0.002123
0.001990
0.001867
0.001753
0.001647
0.001547
0.001450
0.001356
0.001267
0.001183
0.001107
0.001043
0.000990
0.000950
0.000920
0.000897
0.000878
0.000860
0.000839
0.000813
0.000778
0.000736
0.000687
0.000636
0.000587
0.000548
0.000524
0.000518
0.000532
0.000561
0.000598
0.000634
0.000656
0.000657
0.000632
0.000580
0.000505
0.000417
0.000323
0.000234
0.000152
0.000081
0.000019
-0.000039
-0.000095
-0.000153
-0.000213
-0.000274
-0.000335
-0.000392
-0.000444
-0.000490
-0.000528
-0.000558
-0.000579
-0.000591
-0.000594
-0.000591
-0.000584
-0.000575
-0.000566
-0.000559
-0.000557
-0.000560
-0.000570
-0.000589
-0.000620
-0.000663
-0.000718
-0.000782
-0.000851
-0.000919
-0.000981
-0.001030
-0.001060
-0.001068
-0.001051
-0.001010
-0.000947
-0.000869
-0.000784
-0.000702
-0.000633
-0.000584
-0.000561
-0.000564
-0.000589
-0.000631
-0.000681
-0.000735
-0.000787
-0.000836
-0.000880
-0.000917
-0.000943
-0.000952
-0.000934
-0.000878
-0.000771
-0.000602
-0.000365
-0.000060
0.000301
0.000697
0.001096
0.001459
0.001748
0.001931
0.001988
0.001919
0.001738
0.001474
0.001164
0.000844
0.000545
0.000290
0.000090
-0.000054
-0.000146
-0.000195
-0.000212
-0.000209
-0.000196
-0.000184
-0.000179
-0.000188
-0.000213
-0.000255
-0.000311
-0.000377
-0.000445
-0.000511
-0.000571
-0.000623
-0.000667
-0.000707
-0.000745
-0.000784
-0.000824
-0.000864
-0.000901
-0.000935
-0.000964
-0.000986
-0.001004
-0.001018
-0.001028
-0.001034
-0.001038
-0.001039
-0.001040
-0.001043
-0.001050
-0.001064
-0.001084
-0.001108
-0.001135
-0.001161
-0.001182
-0.001196
-0.001200
-0.001192
-0.001174
-0.001145
-0.001107
-0.001064
-0.001020
-0.000978
-0.000945
-0.000922
-0.000912
-0.000915
-0.000931
-0.000955
-0.000987
-0.001025
-0.001069
-0.001118
-0.001174
-0.001237
-0.001303
-0.001369
-0.001429
-0.001478
-0.001511
-0.001526
-0.001523
-0.001506
-0.001480
-0.001451
-0.001427
-0.001411
-0.001408
-0.001419
-0.001442
-0.001475
-0.001514
-0.001555
-0.001595
-0.001629
-0.001657
-0.001679
-0.001696
-0.001708
-0.001717
-0.001723
-0.001727
-0.001728
-0.001728
-0.001728
-0.001726
-0.001723
-0.001717
-0.001705
-0.001685
-0.001654
-0.001612
-0.001561
-0.001503
-0.001444
-0.001388
-0.001339
-0.001300
-0.001270
-0.001249
-0.001236
-0.001229
-0.001227
-0.001230
-0.001238
-0.001250
-0.001268
-0.001291
-0.001317
-0.001345
-0.001371
-0.001395
-0.001414
-0.001427
-0.001437
-0.001444
-0.001453
-0.001465
-0.001481
-0.001501
-0.001523
-0.001544
-0.001561
-0.001573
-0.001579
-0.001581
-0.001581
-0.001581
-0.001582
-0.001586
-0.001592
-0.001601
-0.001609
-0.001618
-0.001624
-0.001628
-0.001628
-0.001626
-0.001621
-0.001614
-0.001607
-0.001600
-0.001594
-0.001589
-0.001583
-0.001576
-0.001567
-0.001555
-0.001540
-0.001524
-0.001507
-0.001492
-0.001483
-0.001481
-0.001490
-0.001510
-0.001540
-0.001580
-0.001623
-0.001665
-0.001699
-0.001721
-0.001728
-0.001722
-0.001704
-0.001681
-0.001656
-0.001636
-0.001623
-0.001619
-0.001622
-0.001628
-0.001633
-0.001632
-0.001622
-0.001602
-0.001575
-0.001543
-0.001513
-0.001491
-0.001483
-0.001489
-0.001508
-0.001534
-0.001560
-0.001577
-0.001581
-0.001567
-0.001539
-0.001500
-0.001460
-0.001426
-0.001406
-0.001406
-0.001427
-0.001468
-0.001522
-0.001582
-0.001637
-0.001679
-0.001702
-0.001704
-0.001685
-0.001651
-0.001609
-0.001566
-0.001529
-0.001501
-0.001484
-0.001476
-0.001475
-0.001479
-0.001485
-0.001490
-0.001494
-0.001496
-0.001495
-0.001493
-0.001489
-0.001485
-0.001480
-0.001476
-0.001472
-0.001469
-0.001465
-0.001461
-0.001455
-0.001447
-0.001437
-0.001428
-0.001420
-0.001416
-0.001419
-0.001427
-0.001441
-0.001459
-0.001479
-0.001498
-0.001513
-0.001523
-0.001526
-0.001523
-0.001513
-0.001499
-0.001482
-0.001463
-0.001443
-0.001424
-0.001406
-0.001390
-0.001374
-0.001361
-0.001349
-0.001341
-0.001336
-0.001335
-0.001339
-0.001348
-0.001361
-0.001375
-0.001388
-0.001398
-0.001402
-0.001397
-0.001382
-0.001360
-0.001331
-0.001302
-0.001277
-0.001259
-0.001250
-0.001247
-0.001248
-0.001248
-0.001242
-0.001229
-0.001211
-0.001191
-0.001177
-0.001171
-0.001175
-0.001189
-0.001208
-0.001224
-0.001234
-0.001231
-0.001214
-0.001185
-0.001146
-0.001101
-0.001054
-0.001009
-0.000968
-0.000932
-0.000904
-0.000884
-0.000874
-0.000878
-0.000895
-0.000925
-0.000967
-0.001015
-0.001062
-0.001102
-0.001129
-0.001139
-0.001132
-0.001113
-0.001085
-0.001053
-0.001023
-0.000995
-0.000970
-0.000947
-0.000925
-0.000905
-0.000887
-0.000873
-0.000864
-0.000859
-0.000857
-0.000857
-0.000858
-0.000858
-0.000858
-0.000858
-0.000859
-0.000859
-0.000857
-0.000851
-0.000841
-0.000826
-0.000809
-0.000792
-0.000777
-0.000767
-0.000760
-0.000758
-0.000756
-0.000754
-0.000750
-0.000746
-0.000742
-0.000743
-0.000750
-0.000766
-0.000790
-0.000820
-0.000855
-0.000887
-0.000912
-0.000925
-0.000920
-0.000898
-0.000857
-0.000802
-0.000739
-0.000674
-0.000614
-0.000565
-0.000532
-0.000516
-0.000517
-0.000533
-0.000558
-0.000590
-0.000622
-0.000651
-0.000673
-0.000686
-0.000688
-0.000677
-0.000654
-0.000619
-0.000572
-0.000517
-0.000456
-0.000395
-0.000339
-0.000294
-0.000265
-0.000255
-0.000262
-0.000282
-0.000309
-0.000337
-0.000360
-0.000372
-0.000374
-0.000363
-0.000344
-0.000317
-0.000284
-0.000248
-0.000210
-0.000173
-0.000140
-0.000113
-0.000097
-0.000095
-0.000108
-0.000135
-0.000173
-0.000218
-0.000262
-0.000300
-0.000327
-0.000344
-0.000352
-0.000357
-0.000362
-0.000373
-0.000392
-0.000416
-0.000442
-0.000464
-0.000477
-0.000476
-0.000460
-0.000430
-0.000388
-0.000339
-0.000286
-0.000235
-0.000188
-0.000150
-0.000121
-0.000105
-0.000102
-0.000112
-0.000133
-0.000164
-0.000200
-0.000236
-0.000267
-0.000286
-0.000291
-0.000280
-0.000255
-0.000220
-0.000183
-0.000150
-0.000126
-0.000117
-0.000122
-0.000141
-0.000170
-0.000203
-0.000237
-0.000267
-0.000291
-0.000308
-0.000317
-0.000320
-0.000316
-0.000307
-0.000292
-0.000272
-0.000250
-0.000227
-0.000205
-0.000186
-0.000173
-0.000167
-0.000168
-0.000175
-0.000186
-0.000199
-0.000210
-0.000219
-0.000224
-0.000225
-0.000225
-0.000224
-0.000223
-0.000223
-0.000225
-0.000230
-0.000238
-0.000251
-0.000269
-0.000288
-0.000308
-0.000323
-0.000330
-0.000326
-0.000310
-0.000284
-0.000251
-0.000215
-0.000183
-0.000156
-0.000137
-0.000127
-0.000123
-0.000124
-0.000128
-0.000132
-0.000135
-0.000137
-0.000138
-0.000140
-0.000146
-0.000158
-0.000178
-0.000205
-0.000237
-0.000269
-0.000296
-0.000314
-0.000318
-0.000307
-0.000280
-0.000240
-0.000191
-0.000139
-0.000087
-0.000043
-0.000010
0.000009
0.000012
0.000000
-0.000026
-0.000062
-0.000105
-0.000151
-0.000197
-0.000243
-0.000287
-0.000333
-0.000381
-0.000434
-0.000494
-0.000559
-0.000628
-0.000694
-0.000751
-0.000793
-0.000817
-0.000822
-0.000814
-0.000799
-0.000783
-0.000773
-0.000771
-0.000776
-0.000784
-0.000790
-0.000790
-0.000780
-0.000761
-0.000734
-0.000704
-0.000676
-0.000655
-0.000644
-0.000646
-0.000659
-0.000684
-0.000717
-0.000754
-0.000792
-0.000827
-0.000855
-0.000874
-0.000885
-0.000888
-0.000887
-0.000884
-0.000884
-0.000889
-0.000900
-0.000918
-0.000943
-0.000973
-0.001008
-0.001045
-0.001084
-0.001123
-0.001159
-0.001190
-0.001215
-0.001231
-0.001238
-0.001236
-0.001227
-0.001213
-0.001198
-0.001185
-0.001174
-0.001167
-0.001160
-0.001147
-0.001116
-0.001054
-0.000946
-0.000777
-0.000541
-0.000238
0.000117
0.000495
0.000855
0.001153
0.001349
0.001416
