-0.994764
0.172505
-0.256592
-0.014653
0.072898
-0.046945
-0.096406
-0.034380
0.072570
-0.192667
0.195487
-0.194733
-0.038381
0.042466
-0.036691
-0.066981
-0.022606
-0.043853
-0.013923
-0.002124
-0.124180
0.067210
-0.090567
-0.039922
0.035793
-0.094957
-0.032772
-0.006228
-0.030703
-0.057087
-0.012915
-0.050224
-0.020904
-0.025377
-0.048363
-0.023532
-0.058822
0.003269
-0.045937
-0.052241
-0.019170
-0.028863
-0.032711
-0.048876
-0.033429
-0.015850
-0.055459
-0.025632
-0.019191
-0.066033
-0.005477
-0.046073
-0.041010
0.002042
-0.106690
-0.014801
0.130522
-0.248629
-0.306358
0.891051
-0.277171
-2.211026
2.679445
4.170856
3.215655
2.738748
1.578629
0.417082
0.459032
0.101998
0.454449
0.575523
0.420211
0.745794
0.402839
0.218307
0.446047
0.573860
0.314609
0.367554
0.389160
0.296012
0.352470
0.274524
0.385140
0.291801
0.300598
0.391514
0.248169
0.227202
0.354907
0.367131
0.246341
0.290473
0.228667
0.311872
0.335136
0.203776
0.285997
0.280357
0.267814
0.264791
0.254979
0.234589
0.297845
0.249720
0.218749
0.265148
0.242674
0.244824
0.211742
0.245578
0.242696
0.200478
0.254714
0.217905
0.216451
0.210700
0.213673
0.210815
0.225305
0.180665
0.235896
0.217326
0.187211
0.204374
0.186807
0.222399
0.178870
0.192313
0.192278
0.168509
0.159443
0.207287
0.175548
0.145171
0.170968
0.158203
0.183408
0.176580
0.151746
0.161141
0.141346
0.198618
0.151223
0.123586
0.187503
0.158788
0.125379
0.162706
0.142867
0.148986
0.139344
0.134490
0.144215
0.141187
0.091335
0.101885
0.133833
0.149358
0.115110
0.090391
0.163851
0.119127
0.106075
0.114486
0.122353
0.111675
0.113082
0.106256
0.126132
0.112483
0.104646
0.108320
0.091284
0.130435
0.098244
0.063627
0.155680
0.089435
0.086011
0.092484
0.109984
0.092618
0.099177
0.075127
0.105202
0.102342
0.088262
0.079932
0.081768
0.114428
0.074454
0.068891
0.097690
0.099009
0.060003
0.083360
0.089363
0.071922
0.086608
0.056919
0.095809
0.080924
0.066803
0.065740
0.073358
0.092914
0.068248
0.042330
0.097972
0.073160
0.051727
0.069498
0.066652
0.063481
0.067478
0.052506
0.077790
0.082397
0.033135
0.068420
0.051436
0.086678
0.064499
0.013953
0.102487
0.056493
0.045462
0.052017
0.067984
0.042031
0.067845
0.027198
0.082618
0.031226
0.070601
0.026852
0.067437
0.051922
0.065526
0.000541
0.101435
0.031473
0.034498
0.056180
0.046133
0.052510
0.038063
0.032560
0.054065
0.062521
0.017701
0.048906
0.038872
0.060741
0.049035
0.004961
0.072112
0.056484
0.005380
0.037242
0.060181
0.034407
0.033208
0.014767
0.061732
0.046019
0.019551
0.025612
0.043302
0.048120
0.040997
-0.000639
0.065862
0.056197
-0.013481
0.047595
0.041985
0.031139
0.029564
0.014506
0.051067
0.046334
0.013717
0.015952
0.034635
0.041748
0.022911
0.002389
0.052059
0.052895
-0.008435
0.030364
0.011632
0.043431
0.032815
0.001932
0.025324
0.056629
0.010120
0.009284
0.011041
0.050244
0.018798
-0.016318
0.056752
0.028880
-0.010815
0.035852
0.010763
0.038533
0.011197
-0.008950
0.038570
0.045876
0.005998
-0.009452
0.024898
0.049527
0.011508
-0.039636
0.059735
0.043733
-0.027108
0.018529
0.032121
0.006569
0.009666
0.012681
0.024687
0.012794
0.013399
0.012266
-0.004213
0.049004
0.014817
-0.046617
0.045080
0.032853
-0.014278
0.004951
0.021789
0.015079
0.020808
-0.028218
0.037733
0.016067
-0.001693
-0.001675
0.001407
0.044655
-0.000862
-0.041765
0.057185
0.005348
-0.003696
-0.003533
0.020532
-0.006716
0.031309
-0.025993
0.021778
0.009707
0.019427
-0.027820
0.010763
0.015987
0.023839
-0.048107
0.045262
0.007015
-0.020206
0.020890
-0.008798
0.007854
0.001015
-0.000075
0.015156
0.014528
-0.009726
0.010866
-0.010951
0.013373
0.002829
-0.028430
0.039329
-0.001792
-0.016779
0.012166
-0.003236
0.001511
0.015681
-0.032537
0.026484
0.001797
-0.005852
-0.003242
-0.008657
0.023795
-0.001032
-0.037704
0.036104
0.003395
-0.010518
-0.003498
0.003587
0.008333
-0.009501
-0.011825
0.019855
-0.001415
-0.007016
-0.002855
-0.012652
0.017782
0.009757
-0.052161
0.039059
0.004052
-0.022212
-0.006718
0.010620
-0.006962
-0.000560
-0.006468
-0.005607
0.006718
-0.001423
-0.004024
-0.014647
0.003070
0.007313
-0.028118
0.027886
-0.007325
-0.025785
0.012708
-0.012837
0.001639
0.002594
-0.031045
0.011806
0.010799
-0.013955
-0.007179
-0.024396
0.028979
-0.023060
-0.017413
0.012919
0.016359
-0.034023
-0.000842
-0.005779
-0.004565
-0.002474
-0.013477
-0.005177
0.017602
-0.030674
0.003532
-0.024889
0.016700
0.002601
-0.051072
0.037209
-0.008176
-0.037086
0.013719
0.001446
-0.026516
0.011627
-0.024245
0.010460
-0.006128
-0.011558
-0.005739
-0.012602
0.003763
-0.016351
-0.018715
0.009847
0.000216
-0.031695
0.010738
-0.022105
-0.001296
-0.000411
-0.027288
0.006785
-0.001173
-0.013100
-0.021998
-0.007032
0.021981
-0.016249
-0.043477
0.025053
-0.002221
-0.021858
-0.019318
0.007472
-0.005142
0.002025
-0.030762
0.037427
-0.021207
0.001475
-0.034765
-0.011543
0.025596
-0.019427
-0.034133
0.021648
-0.002576
-0.024754
-0.007547
-0.007950
-0.004087
-0.001670
-0.024287
0.000049
-0.008815
0.002781
-0.025825
-0.022603
0.014764
0.000301
-0.052747
0.034116
-0.011990
-0.031306
0.008231
-0.020628
-0.000613
-0.005131
-0.027268
0.009030
0.001913
-0.023994
-0.019081
-0.011252
0.019799
-0.023704
-0.028519
0.016281
-0.013637
-0.027361
0.015370
-0.023944
-0.012628
0.001721
-0.025431
0.010366
-0.006802
-0.032300
0.008157
-0.020592
0.004419
-0.007229
-0.055982
0.040304
-0.018365
-0.028233
-0.007436
0.005376
-0.014894
-0.017610
-0.010497
-0.015408
0.018661
-0.035816
-0.001334
-0.027910
0.020758
-0.022916
-0.029490
0.009632
0.008562
-0.043932
-0.003597
-0.006614
-0.009734
-0.016667
-0.011163
0.000559
-0.012649
-0.014462
-0.005049
-0.039720
0.022817
-0.009128
-0.045509
0.019453
-0.004386
-0.034165
-0.009372
0.004885
-0.025606
0.001093
-0.043944
0.023353
-0.009552
-0.016040
-0.028133
-0.004039
0.013284
-0.031795
-0.040257
0.036867
-0.015774
-0.042251
0.004155
-0.005547
-0.018097
-0.007943
-0.023364
0.000435
-0.003868
-0.015297
-0.015791
-0.008566
-0.003645
-0.007871
-0.036021
0.017755
-0.003448
-0.050778
0.010642
-0.017824
0.002515
-0.022195
-0.021120
0.002315
-0.006101
-0.017371
-0.026462
-0.008862
0.011439
-0.014433
-0.045215
0.016309
0.006412
-0.045507
-0.000268
-0.000287
-0.021987
-0.016737
-0.014162
-0.001454
-0.004665
-0.016737
-0.024061
-0.016052
0.001133
0.004246
-0.037302
0.014243
-0.000663
-0.036906
0.003459
-0.021657
-0.014389
-0.010310
-0.015514
-0.002526
-0.010029
-0.014614
-0.017626
-0.024933
0.013161
-0.011623
-0.047675
0.026595
-0.021300
-0.029948
-0.002337
-0.013000
-0.008837
-0.007521
-0.034996
-0.001071
-0.004350
-0.015707
-0.020551
-0.023841
0.012348
-0.015737
-0.044413
0.026029
-0.018358
-0.035887
-0.001253
-0.012716
-0.013265
-0.011716
-0.026522
0.005160
-0.013148
-0.027071
-0.013022
-0.020492
0.014250
-0.025147
-0.033525
-0.002527
0.008926
-0.050126
0.010123
-0.028130
-0.002358
-0.017801
-0.031518
-0.000266
-0.001319
-0.017178
-0.017471
-0.029956
0.008134
-0.013224
-0.053936
0.020722
-0.003730
-0.048488
0.001303
-0.012672
-0.014342
-0.017488
-0.026473
0.000656
-0.005176
-0.020022
-0.035170
-0.016009
0.020569
-0.018887
-0.059315
0.014653
-0.004509
-0.031636
-0.010771
-0.016900
-0.018738
-0.001774
-0.043684
0.003167
-0.000864
-0.029340
-0.018068
-0.028254
0.015682
-0.024759
-0.040977
0.007470
0.008077
-0.058477
0.001033
-0.022925
0.005422
-0.038623
-0.017124
-0.015646
0.017778
-0.043681
-0.020531
-0.016887
-0.004542
0.002033
-0.074462
0.039341
-0.027408
-0.019857
-0.025173
-0.009974
-0.017629
-0.009023
-0.034164
0.001075
-0.007924
-0.034523
-0.015222
-0.029305
0.007603
-0.015464
-0.050094
0.017376
0.001480
-0.054445
0.007762
-0.022488
-0.015526
-0.014516
-0.027838
-0.004699
-0.000749
-0.032603
-0.030422
-0.009033
-0.000527
-0.013125
-0.056524
0.021983
-0.007847
-0.050966
-0.008209
-0.005901
-0.017218
-0.024414
-0.033241
0.002642
-0.008002
-0.024576
-0.024525
-0.043555
0.035432
-0.032617
-0.062038
0.027220
-0.017172
-0.038713
-0.018783
0.001047
-0.033491
-0.014353
-0.023324
-0.010475
-0.016463
-0.017494
-0.027649
-0.024897
0.002334
-0.016806
-0.049780
0.006901
-0.007735
-0.045375
-0.002653
-0.031273
-0.009212
-0.018678
-0.040126
-0.001714
-0.008817
-0.016979
-0.040759
-0.024341
0.018680
-0.040076
-0.052948
0.028006
-0.005517
-0.063351
-0.015973
-0.011122
-0.018854
-0.015769
-0.035704
-0.002313
-0.011410
-0.036574
-0.015485
-0.043438
0.020246
-0.027014
-0.051218
0.010237
-0.021626
-0.033047
-0.012496
-0.023886
-0.017888
-0.022568
-0.034198
-0.008093
-0.013612
-0.026651
-0.027151
-0.025877
0.003727
-0.028447
-0.054974
0.015329
-0.011666
-0.062272
0.018115
-0.062590
0.032805
-0.095616
0.082578
-0.193993
0.225625
-0.236499
0.086261
-0.073917
0.009968
-0.006812
-0.074065
0.018728
-0.031291
-0.017731
-0.054630
0.031497
-0.075034
0.003193
-0.022514
-0.031433
0.004516
-0.030996
-0.030950
-0.022489
0.000944
-0.041532
-0.026580
-0.020961
-0.004705
-0.037346
-0.030213
-0.009067
-0.025271
-0.024912
-0.043258
0.001196
-0.016023
-0.031711
-0.030645
-0.029176
0.000882
-0.039426
-0.030268
-0.008349
-0.021704
-0.035867
-0.032548
-0.002520
-0.038020
-0.019769
-0.022541
-0.027693
-0.017992
-0.013736
-0.048658
-0.014901
-0.013886
-0.030043
-0.042032
-0.008731
-0.011244
-0.038099
-0.032580
-0.022813
0.009519
-0.046289
-0.114660
0.126713
-0.067840
-0.085102
-0.031035
-0.035351
-0.035182
0.013136
-0.071635
0.000519
-0.014488
-0.060878
-0.000486
-0.037803
-0.052350
0.005773
-0.049710
-0.030358
-0.017277
-0.045628
-0.027951
-0.022043
-0.041082
-0.004695
-0.065265
-0.022671
-0.005262
-0.066076
-0.014257
-0.024258
-0.036562
-0.037564
-0.039142
-0.019246
-0.026849
-0.042055
-0.036063
-0.025498
-0.037517
-0.022651
-0.059989
-0.002619
-0.043767
-0.037530
-0.034909
-0.020141
-0.051811
-0.022805
-0.040928
-0.034745
-0.020064
-0.042777
-0.029384
-0.030321
-0.039116
-0.016723
-0.055410
-0.013664
-0.023543
-0.078321
-0.004079
-0.037253
-0.022969
-0.116172
0.142844
-0.280946
0.165174
-0.310366
0.899675
-2.111955
2.324728
