-0.431761
0.073211
-0.094685
-0.004396
0.043119
-0.021839
-0.027659
-0.007209
0.042626
-0.091306
0.109827
-0.088497
-0.002908
0.019833
-0.005774
-0.017637
0.000415
-0.026933
0.014940
0.003672
-0.046473
0.036813
-0.032973
-0.004995
0.016687
-0.033388
0.003464
-0.005185
0.003013
-0.026339
0.005227
-0.014017
0.004987
-0.012569
-0.006895
-0.004541
-0.013369
0.005038
-0.015948
-0.008768
-0.002193
-0.003966
-0.007273
-0.009186
-0.015995
0.011453
-0.020215
0.001123
-0.001364
-0.030846
0.021706
-0.026444
-0.001975
0.009431
-0.042590
-0.004381
0.110023
-0.173032
-0.081880
0.383415
0.064952
-1.503314
2.257222
2.396830
1.295553
0.135128
0.204916
0.391927
0.195235
-0.012242
0.088786
0.209358
0.195338
0.276142
0.146156
0.060105
0.169378
0.278064
0.116289
0.097467
0.124979
0.127382
0.157870
0.082884
0.171436
0.091236
0.091297
0.183272
0.086841
0.066209
0.135033
0.162736
0.099005
0.084025
0.068801
0.137489
0.144939
0.061074
0.084702
0.083872
0.144793
0.082832
0.073436
0.083524
0.131359
0.071414
0.093129
0.090901
0.087385
0.074482
0.079756
0.093677
0.083520
0.063249
0.096631
0.069207
0.086075
0.073946
0.072185
0.072220
0.089541
0.051353
0.078772
0.068092
0.077691
0.060562
0.050895
0.088155
0.070284
0.045735
0.065642
0.074734
0.065595
0.048516
0.050856
0.057506
0.055476
0.070565
0.055058
0.045721
0.090566
0.015400
0.039683
0.074283
0.045274
0.032275
0.065728
0.053361
0.045878
0.052081
0.045770
0.055476
0.033959
0.056946
0.040699
0.042152
0.047580
0.044862
0.026917
0.065406
0.034284
0.031372
0.057768
0.035645
0.031928
0.048627
0.040791
0.033233
0.029189
0.037889
0.039268
0.044590
0.030107
0.028758
0.030611
0.052626
0.009145
0.036414
0.037408
0.043073
0.004172
0.036015
0.038799
0.029796
0.018079
0.026533
0.035713
0.034165
0.018464
0.019395
0.031503
0.042841
0.007971
0.022458
0.037983
0.024223
0.014444
0.022158
0.031822
0.017301
0.020780
0.015706
0.040793
0.013327
0.024837
0.015199
0.023102
0.046678
0.003556
0.002875
0.044831
0.026554
0.007224
0.008793
0.022328
0.028746
0.014092
0.005528
0.035314
0.014060
0.014625
0.013535
0.003401
0.044676
0.007809
-0.007234
0.042487
0.014986
-0.002891
0.019526
0.017507
0.014645
0.013692
0.005694
0.028706
0.013931
0.013715
-0.003773
0.015464
0.039381
-0.002168
-0.003861
0.030526
0.021247
-0.008269
0.018559
0.007827
0.019939
0.009603
0.009241
0.009080
0.016050
0.014405
0.000026
0.005584
0.036716
-0.007012
-0.003866
0.029562
0.015675
-0.003970
0.007673
0.015307
0.008627
0.008504
0.003982
0.005473
0.023905
-0.005639
0.009535
0.003966
0.025692
0.004031
-0.017227
0.027705
0.016040
-0.012472
0.012076
0.009836
0.008807
0.009822
-0.005181
0.010011
0.013924
0.004528
-0.007645
0.013815
0.016733
-0.004211
-0.004119
0.021667
0.010303
-0.014465
0.014620
-0.002041
0.012548
0.002709
-0.002018
0.009376
0.010563
0.000832
-0.001160
-0.003343
0.023053
-0.004902
-0.000808
0.016671
0.007382
-0.010403
0.009141
-0.006224
0.017806
-0.000916
-0.003625
0.005980
0.019276
-0.006933
-0.005128
-0.003899
0.029881
-0.013129
-0.014464
0.021672
0.009971
-0.015166
0.005732
-0.001574
0.007752
0.003649
-0.002503
0.004050
-0.002631
-0.002024
0.006455
-0.008429
0.019733
-0.009344
-0.019217
0.029245
-0.002743
-0.011379
-0.006177
0.020854
-0.003904
-0.007666
-0.012122
0.029269
-0.006252
-0.017207
-0.002382
0.012674
0.013929
-0.012966
-0.015686
0.016984
0.008476
-0.013030
-0.005112
0.001226
0.004889
-0.002507
-0.010022
0.009220
-0.003170
0.002473
-0.006711
-0.010206
0.020940
-0.009479
-0.021301
0.017644
0.007379
-0.017370
0.004637
-0.003664
-0.001715
0.004641
-0.016452
0.009171
-0.001746
-0.003441
0.002117
-0.011514
0.005999
0.004460
-0.019095
0.004501
0.006445
-0.002686
-0.008656
0.003872
-0.008372
0.004701
-0.013426
0.008816
-0.002475
0.001413
-0.014688
0.003254
0.005649
-0.002328
-0.021651
0.022152
-0.004933
-0.023890
0.017584
-0.014163
0.007718
-0.024015
0.019090
-0.007569
0.005939
-0.014769
-0.005787
0.002115
0.014392
-0.017350
-0.018528
0.015768
0.002365
-0.010095
-0.011798
-0.000240
0.009170
-0.010187
-0.016600
0.011452
0.002765
-0.011498
-0.007296
-0.010007
0.020076
-0.003399
-0.027173
0.017527
-0.001262
-0.017160
0.002504
-0.003296
0.002201
-0.013058
-0.000346
-0.002770
0.003168
-0.008743
-0.004520
-0.012172
0.019817
-0.010495
-0.021637
0.010141
0.008431
-0.023118
-0.003576
0.004259
-0.000359
-0.010145
-0.006184
0.006639
-0.007247
-0.005773
-0.004092
-0.015031
0.020119
-0.013963
-0.021698
0.017324
0.001251
-0.017357
-0.002583
-0.000679
-0.001813
-0.005250
-0.013626
0.006102
0.002154
-0.004394
-0.012975
-0.003827
0.009144
-0.007780
-0.024096
0.025939
-0.006501
-0.022312
0.004302
-0.004772
0.002580
-0.012436
-0.008282
0.005108
0.007451
-0.012846
-0.016707
0.000358
0.012057
-0.011522
-0.021756
0.018706
0.000879
-0.019383
-0.010552
0.010313
-0.003738
-0.015870
-0.001880
0.003348
-0.002315
-0.002479
-0.022605
0.003013
0.010439
-0.003849
-0.025561
0.012647
-0.003052
-0.011353
-0.010576
0.004365
-0.001223
0.000616
-0.022561
0.011911
-0.004244
-0.009245
-0.008486
-0.004505
0.011611
-0.011024
-0.022947
0.017028
-0.001065
-0.014004
-0.006427
-0.003776
0.004086
-0.002958
-0.016086
0.005393
0.001491
-0.006313
-0.016375
-0.003952
0.013228
-0.010182
-0.028077
0.025977
-0.012057
-0.008966
-0.001974
-0.000528
-0.002818
-0.008397
-0.012284
0.006187
0.002121
-0.007281
-0.019258
0.004224
0.014322
-0.010112
-0.026042
0.016276
0.004477
-0.024378
0.005775
-0.008319
0.004748
-0.005610
-0.011188
-0.004852
0.013479
-0.016316
-0.012702
0.002536
0.007876
-0.012309
-0.022896
0.016374
0.001154
-0.022725
0.004655
0.003480
-0.012491
-0.008170
-0.002850
0.006496
-0.012745
-0.004176
0.001497
-0.016303
0.019181
-0.013066
-0.018524
0.015278
-0.005146
-0.012323
-0.002025
-0.001101
-0.001920
-0.012085
-0.003431
-0.004565
0.013572
-0.017280
-0.011202
-0.002403
0.015856
-0.020585
-0.017344
0.015721
0.001976
-0.027932
0.008563
-0.005143
-0.004914
0.001727
-0.015388
0.005594
-0.006932
0.005969
-0.023691
-0.003284
0.019916
-0.017803
-0.015785
0.012415
0.002492
-0.023335
0.001678
-0.003268
0.000664
-0.006393
-0.011470
0.005364
-0.007638
0.000960
-0.014248
-0.000023
0.007299
-0.015471
-0.020037
0.014861
0.011115
-0.030335
0.005040
-0.009095
0.007649
-0.011472
-0.008750
-0.004627
0.015969
-0.019430
-0.008720
-0.006999
0.018081
-0.018596
-0.013120
0.012800
-0.000769
-0.019347
-0.001284
-0.004915
0.005450
-0.012405
-0.011507
0.015492
-0.014727
-0.002842
-0.011866
0.002737
0.012605
-0.021164
-0.018435
0.017893
0.001913
-0.028717
0.014160
-0.013606
0.001290
-0.007677
-0.001525
-0.005427
0.006331
-0.014533
-0.003444
-0.014300
0.017304
-0.006497
-0.027895
0.019700
-0.006423
-0.007812
-0.004804
0.004525
-0.005146
0.000380
-0.017940
0.011853
-0.004105
-0.008824
-0.013658
0.000864
0.009454
-0.009757
-0.020529
0.013937
-0.000044
-0.016055
-0.006752
0.008852
-0.007387
-0.003814
-0.017089
0.010808
0.000458
-0.008050
-0.013982
-0.001274
0.009610
-0.006585
-0.027006
0.015965
0.004996
-0.018032
-0.005721
0.004632
-0.006913
-0.010338
-0.004906
0.005727
-0.000226
-0.015230
-0.005044
-0.008082
0.021115
-0.019103
-0.018517
0.012960
0.004573
-0.027904
0.006354
-0.006594
0.003346
-0.006480
-0.008677
0.002691
-0.001548
-0.007045
-0.012944
-0.000788
0.007208
-0.010668
-0.022338
0.013497
0.002104
-0.012705
-0.004775
-0.009423
0.014360
-0.026290
0.007706
-0.005047
-0.002690
-0.001107
-0.019438
0.009346
-0.002818
-0.007453
-0.020507
0.017764
-0.007038
-0.010080
-0.011556
0.005147
-0.002735
-0.005080
-0.010596
0.001140
0.008356
-0.016061
-0.007208
-0.018083
0.031320
-0.020484
-0.023188
0.017001
0.008985
-0.029811
-0.001607
0.006633
-0.003932
-0.007173
-0.014576
0.013550
-0.004239
-0.012929
-0.006544
-0.001320
0.009144
-0.011797
-0.027693
0.023407
-0.005872
-0.012975
-0.001074
-0.004044
-0.001145
-0.009907
-0.007540
0.002303
0.001037
-0.006976
-0.015060
-0.006956
0.022636
-0.019329
-0.023443
0.015871
0.006262
-0.024010
-0.013347
0.017632
-0.009746
-0.007113
-0.015494
0.013612
-0.004049
-0.009160
-0.015470
-0.003721
0.014928
-0.008371
-0.031228
0.019340
0.003438
-0.008823
-0.003147
-0.003318
-0.004724
-0.001557
-0.007126
-0.001791
-0.001182
-0.006646
-0.007936
-0.010075
0.019977
-0.018779
-0.022750
0.018972
-0.000289
-0.020128
0.000498
-0.006051
0.004340
-0.008645
-0.013579
0.008537
0.000288
-0.012998
-0.004242
-0.008244
0.016280
-0.022183
-0.012072
0.006354
0.006168
-0.020149
0.000427
-0.007113
-0.001206
-0.001956
-0.013842
0.005209
-0.004565
-0.002573
-0.016360
-0.004320
0.015206
-0.009208
-0.036900
0.032418
-0.006225
-0.022977
0.010499
-0.029084
0.036299
-0.045722
0.036860
-0.077086
0.107609
-0.099199
0.039438
-0.024144
0.014658
-0.007226
-0.028274
0.022994
-0.009914
-0.003178
-0.024332
0.021657
-0.020465
-0.001460
-0.008486
0.000155
0.000928
-0.007998
-0.014646
-0.003598
0.016583
-0.021169
-0.009770
0.004841
-0.000749
-0.012225
-0.011066
0.003590
-0.002029
-0.013892
-0.000590
-0.003251
-0.000592
-0.004885
-0.015369
-0.000264
0.012586
-0.023351
-0.003644
0.000088
0.007166
-0.026882
0.003182
-0.000599
-0.004389
-0.011614
0.000075
-0.005235
-0.001718
0.000880
-0.027562
0.006003
0.007763
-0.013113
-0.017012
0.011961
-0.007034
-0.006020
-0.022297
0.012570
0.004540
-0.002766
-0.086625
0.125797
-0.060645
-0.030807
-0.027037
0.013377
0.021245
-0.019854
-0.025897
0.012838
0.001975
-0.024808
0.010257
-0.021444
-0.007318
0.008467
-0.018366
-0.002252
-0.005376
-0.013441
-0.001931
-0.006965
-0.013660
0.010033
-0.026331
0.001311
0.004521
-0.027475
0.002211
-0.000692
-0.014933
-0.004770
-0.014222
0.007257
-0.007734
-0.014905
-0.000575
-0.016407
0.001885
-0.008734
-0.016061
0.001898
0.001136
-0.026785
-0.002311
-0.000428
-0.012850
-0.005551
-0.013678
0.001675
-0.011972
-0.010650
-0.006180
-0.009322
-0.009881
0.004404
-0.031183
0.009100
-0.012206
-0.014638
-0.003551
-0.003879
-0.006579
-0.039249
0.065433
-0.105536
0.065335
-0.116906
0.398555
-0.925885
1.038999
