0.008010
0.007054
0.005686
0.004146
0.002667
0.001423
0.000505
-0.000082
-0.000394
-0.000523
-0.000561
-0.000579
-0.000621
-0.000702
-0.000819
-0.000958
-0.001104
-0.001244
-0.001371
-0.001482
-0.001578
-0.001662
-0.001738
-0.001809
-0.001877
-0.001943
-0.002010
-0.002076
-0.002144
-0.002215
-0.002287
-0.002361
-0.002436
-0.002508
-0.002578
-0.002644
-0.002705
-0.002764
-0.002820
-0.002875
-0.002930
-0.002982
-0.003030
-0.003063
-0.003062
-0.002987
-0.002749
-0.002182
-0.000976
0.001399
0.005796
0.013497
0.026278
0.046386
0.076363
0.118666
0.175077
0.245988
0.329729
0.422156
0.516745
0.605303
0.679246
0.731198
0.756498
0.754180
0.727143
0.681443
0.624931
0.565615
0.510215
0.463226
0.426645
0.400283
0.382451
0.370766
0.362840
0.356737
0.351172
0.345494
0.339537
0.333433
0.327434
0.321783
0.316651
0.312108
0.308140
0.304670
0.301594
0.298799
0.296184
0.293666
0.291188
0.288716
0.286239
0.283761
0.281301
0.278883
0.276532
0.274269
0.272106
0.270041
0.268066
0.266158
0.264296
0.262455
0.260615
0.258767
0.256905
0.255032
0.253155
0.251280
0.249411
0.247551
0.245695
0.243836
0.241961
0.240059
0.238116
0.236122
0.234076
0.231981
0.229851
0.227708
0.225576
0.223479
0.221437
0.219463
0.217557
0.215713
0.213916
0.212147
0.210384
0.208610
0.206810
0.204975
0.203107
0.201211
0.199301
0.197392
0.195500
0.193635
0.191802
0.189998
0.188213
0.186435
0.184656
0.182869
0.181077
0.179290
0.177521
0.175786
0.174097
0.172462
0.170879
0.169345
0.167849
0.166380
0.164929
0.163488
0.162052
0.160619
0.159185
0.157747
0.156299
0.154837
0.153356
0.151853
0.150330
0.148789
0.147238
0.145685
0.144138
0.142606
0.141098
0.139618
0.138172
0.136761
0.135385
0.134044
0.132738
0.131465
0.130228
0.129028
0.127865
0.126740
0.125652
0.124596
0.123565
0.122552
0.121548
0.120542
0.119527
0.118499
0.117454
0.116395
0.115326
0.114256
0.113195
0.112155
0.111144
0.110170
0.109235
0.108336
0.107464
0.106608
0.105756
0.104898
0.104025
0.103135
0.102230
0.101317
0.100404
0.099500
0.098612
0.097742
0.096891
0.096057
0.095234
0.094420
0.093610
0.092803
0.091999
0.091196
0.090398
0.089606
0.088825
0.088061
0.087320
0.086607
0.085926
0.085277
0.084657
0.084059
0.083473
0.082889
0.082298
0.081692
0.081070
0.080432
0.079786
0.079138
0.078499
0.077877
0.077277
0.076702
0.076149
0.075613
0.075086
0.074565
0.074044
0.073526
0.073012
0.072510
0.072024
0.071557
0.071107
0.070667
0.070228
0.069776
0.069299
0.068790
0.068243
0.067664
0.067060
0.066447
0.065839
0.065253
0.064699
0.064183
0.063702
0.063249
0.062817
0.062396
0.061980
0.061570
0.061166
0.060771
0.060387
0.060013
0.059642
0.059270
0.058888
0.058493
0.058087
0.057671
0.057255
0.056845
0.056449
0.056072
0.055717
0.055385
0.055071
0.054769
0.054470
0.054166
0.053848
0.053510
0.053150
0.052773
0.052386
0.051997
0.051618
0.051254
0.050909
0.050583
0.050272
0.049970
0.049673
0.049378
0.049083
0.048787
0.048492
0.048196
0.047901
0.047604
0.047306
0.047005
0.046700
0.046392
0.046081
0.045768
0.045455
0.045146
0.044842
0.044547
0.044264
0.043993
0.043736
0.043491
0.043259
0.043037
0.042822
0.042612
0.042403
0.042190
0.041967
0.041728
0.041472
0.041194
0.040898
0.040584
0.040259
0.039927
0.039594
0.039265
0.038943
0.038630
0.038330
0.038043
0.037768
0.037506
0.037254
0.037011
0.036776
0.036548
0.036326
0.036109
0.035898
0.035692
0.035490
0.035291
0.035094
0.034897
0.034699
0.034499
0.034296
0.034089
0.033880
0.033670
0.033465
0.033267
0.033082
0.032913
0.032763
0.032634
0.032523
0.032428
0.032343
0.032261
0.032175
0.032078
0.031964
0.031832
0.031681
0.031515
0.031339
0.031160
0.030981
0.030806
0.030635
0.030466
0.030295
0.030119
0.029935
0.029746
0.029553
0.029364
0.029184
0.029020
0.028878
0.028758
0.028658
0.028574
0.028498
0.028420
0.028331
0.028223
0.028091
0.027933
0.027750
0.027548
0.027335
0.027121
0.026914
0.026723
0.026552
0.026403
0.026277
0.026170
0.026076
0.025989
0.025901
0.025807
0.025702
0.025586
0.025459
0.025324
0.025186
0.025050
0.024920
0.024799
0.024688
0.024587
0.024494
0.024407
0.024323
0.024238
0.024148
0.024049
0.023940
0.023822
0.023698
0.023573
0.023453
0.023345
0.023248
0.023165
0.023090
0.023021
0.022954
0.022887
0.022821
0.022759
0.022703
0.022657
0.022621
0.022596
0.022580
0.022573
0.022573
0.022579
0.022587
0.022593
0.022590
0.022574
0.022539
0.022485
0.022412
0.022324
0.022226
0.022122
0.022015
0.021905
0.021794
0.021683
0.021572
0.021466
0.021370
0.021286
0.021216
0.021159
0.021110
0.021063
0.021010
0.020947
0.020870
0.020778
0.020675
0.020567
0.020459
0.020357
0.020263
0.020179
0.020104
0.020033
0.019964
0.019893
0.019820
0.019746
0.019672
0.019604
0.019544
0.019494
0.019456
0.019429
0.019409
0.019392
0.019374
0.019350
0.019317
0.019274
0.019223
0.019167
0.019114
0.019069
0.019036
0.019014
0.019001
0.018990
0.018973
0.018946
0.018907
0.018857
0.018803
0.018749
0.018698
0.018652
0.018606
0.018558
0.018502
0.018436
0.018362
0.018283
0.018202
0.018124
0.018051
0.017984
0.017923
0.017866
0.017812
0.017760
0.017710
0.017662
0.017617
0.017574
0.017534
0.017498
0.017464
0.017432
0.017403
0.017374
0.017346
0.017318
0.017291
0.017265
0.017241
0.017220
0.017202
0.017186
0.017168
0.017147
0.017120
0.017087
0.017050
0.017008
0.016965
0.016922
0.016879
0.016837
0.016798
0.016761
0.016727
0.016696
0.016667
0.016640
0.016615
0.016592
0.016570
0.016551
0.016536
0.016521
0.016507
0.016488
0.016462
0.016428
0.016385
0.016337
0.016288
0.016244
0.016208
0.016182
0.016166
0.016156
0.016149
0.016143
0.016136
0.016126
0.016113
0.016099
0.016081
0.016062
0.016039
0.016015
0.015988
0.015959
0.015930
0.015899
0.015865
0.015829
0.015788
0.015746
0.015702
0.015661
0.015626
0.015596
0.015574
0.015557
0.015542
0.015527
0.015509
0.015486
0.015457
0.015422
0.015379
0.015328
0.015269
0.015205
0.015137
0.015071
0.015009
0.014954
0.014907
0.014868
0.014836
0.014809
0.014786
0.014766
0.014751
0.014740
0.014733
0.014731
0.014733
0.014738
0.014746
0.014756
0.014764
0.014769
0.014767
0.014756
0.014735
0.014706
0.014671
0.014635
0.014600
0.014568
0.014540
0.014515
0.014493
0.014474
0.014458
0.014447
0.014441
0.014438
0.014435
0.014429
0.014417
0.014394
0.014362
0.014320
0.014270
0.014216
0.014160
0.014104
0.014050
0.014001
0.013957
0.013920
0.013890
0.013868
0.013852
0.013840
0.013831
0.013823
0.013814
0.013802
0.013787
0.013767
0.013740
0.013709
0.013674
0.013639
0.013610
0.013590
0.013580
0.013581
0.013587
0.013596
0.013601
0.013600
0.013592
0.013576
0.013557
0.013536
0.013515
0.013496
0.013481
0.013468
0.013459
0.013452
0.013447
0.013441
0.013431
0.013415
0.013394
0.013366
0.013332
0.013295
0.013255
0.013213
0.013168
0.013123
0.013082
0.013051
0.013036
0.013045
0.013080
0.013141
0.013221
0.013308
0.013388
0.013448
0.013476
0.013468
0.013427
0.013360
0.013279
0.013199
0.013129
0.013077
0.013043
0.013024
0.013013
0.013001
0.012982
0.012956
0.012924
0.012895
0.012878
0.012882
0.012911
0.012967
0.013043
0.013126
0.013202
0.013255
0.013276
0.013256
0.013197
0.013107
0.012996
0.012878
0.012767
0.012671
0.012595
0.012539
0.012498
0.012467
0.012437
0.012404
0.012363
0.012315
0.012261
0.012203
0.012146
0.012092
0.012044
0.012004
0.011973
0.011952
0.011939
0.011932
0.011925
0.011914
0.011893
0.011860
0.011814
0.011758
0.011698
0.011640
0.011591
0.011553
0.011529
0.011518
0.011516
0.011523
0.011537
0.011557
0.011584
0.011615
0.011646
0.011671
0.011685
0.011682
0.011661
0.011623
0.011571
0.011510
0.011446
0.011381
0.011317
0.011255
0.011193
0.011131
0.011066
0.011000
0.010934
0.010869
0.010807
0.010751
0.010701
0.010659
0.010625
0.010598
0.010575
0.010554
0.010531
0.010504
0.010471
0.010431
0.010384
0.010330
0.010272
0.010212
0.010155
0.010103
0.010057
0.010021
0.009993
0.009974
0.009960
0.009949
0.009938
0.009924
0.009904
0.009878
0.009844
0.009804
0.009758
0.009711
0.009662
0.009615
0.009571
0.009528
0.009488
0.009452
0.009419
0.009392
0.009373
0.009361
0.009353
0.009347
0.009334
0.009309
0.009268
0.009209
0.009134
0.009050
0.008964
0.008885
0.008815
0.008759
0.008714
0.008676
0.008641
0.008604
0.008562
0.008516
0.008464
0.008410
0.008352
0.008293
0.008230
0.008164
0.008092
0.008017
0.007940
0.007865
0.007796
0.007736
0.007689
0.007655
0.007628
0.007606
0.007579
0.007541
0.007488
0.007420
0.007338
0.007249
0.007161
0.007081
0.007013
0.006957
0.006910
0.006867
0.006821
0.006768
0.006706
0.006637
0.006562
0.006487
0.006415
0.006350
0.006293
0.006245
0.006205
0.006172
0.006145
0.006120
0.006095
0.006064
0.006025
0.005974
0.005911
0.005838
0.005761
0.005686
0.005620
0.005569
0.005537
0.005524
0.005524
0.005530
0.005533
0.005522
0.005490
0.005433
0.005350
0.005248
0.005132
0.005010
0.004891
0.004777
0.004668
0.004558
0.004438
0.004295
0.004113
0.003881
0.003593
0.003251
0.002868
0.002469
0.002085
0.001750
0.001492
0.001326
0.001250
0.001245
0.001281
0.001324
0.001345
0.001326
0.001262
0.001161
0.001038
0.000908
0.000786
0.000679
0.000590
0.000515
0.000448
0.000380
0.000304
0.000211
0.000098
-0.000038
-0.000195
-0.000369
-0.000553
-0.000738
-0.000918
-0.001086
-0.001239
-0.001378
-0.001507
-0.001629
-0.001751
-0.001878
-0.002011
-0.002152
-0.002300
-0.002454
-0.002612
-0.002771
-0.002929
-0.003086
-0.003240
-0.003392
-0.003543
-0.003694
-0.003846
-0.003998
-0.004149
-0.004297
-0.004438
-0.004568
-0.004681
-0.004764
-0.004801
-0.004762
-0.004603
-0.004269
-0.003694
-0.002818
-0.001604
-0.000059
0.001746
0.003669
0.005508
0.007031
0.008030
0.008366
