-0.828208
0.131996
-0.189474
-0.026135
0.086719
-0.051209
-0.066197
-0.021547
0.067570
-0.168918
0.186862
-0.165530
-0.023255
0.044140
-0.042806
-0.025704
-0.025718
-0.029739
-0.011571
0.016415
-0.099933
0.055895
-0.064139
-0.025996
0.024910
-0.077531
0.000618
-0.014803
-0.014609
-0.044656
-0.008499
-0.021680
-0.022245
-0.018869
-0.031457
-0.009510
-0.046507
0.014372
-0.046834
-0.021837
-0.017765
-0.015256
-0.032617
-0.012203
-0.042098
0.005625
-0.045679
-0.008561
-0.017613
-0.053061
0.011913
-0.041440
-0.020409
0.002353
-0.098814
0.016843
0.151141
-0.288473
-0.215058
0.816322
-0.179636
-2.362338
3.220864
3.329738
3.800024
1.668383
0.686083
0.429713
0.316811
0.169049
0.263352
0.334772
0.234343
0.722354
0.301913
0.159469
0.298923
0.471599
0.298473
0.322551
0.224634
0.206622
0.288501
0.259306
0.316023
0.155164
0.264187
0.298629
0.222407
0.186449
0.227403
0.301369
0.247676
0.237408
0.102907
0.284473
0.284866
0.181013
0.184401
0.178760
0.245410
0.206853
0.177076
0.165334
0.241814
0.192871
0.196604
0.180697
0.175594
0.193217
0.156171
0.218978
0.143196
0.160202
0.170878
0.205084
0.146460
0.150370
0.168041
0.190549
0.123300
0.155617
0.148959
0.163255
0.180532
0.106112
0.147823
0.166587
0.160039
0.119006
0.153430
0.122216
0.137448
0.146002
0.132730
0.122436
0.126029
0.138832
0.139389
0.117715
0.109757
0.121117
0.115471
0.145027
0.117629
0.088171
0.124023
0.143896
0.088139
0.114565
0.094865
0.114214
0.124120
0.068079
0.105363
0.111750
0.093419
0.094494
0.097254
0.115917
0.085250
0.079076
0.109992
0.087963
0.073283
0.087168
0.096444
0.089817
0.075340
0.080804
0.100689
0.093017
0.054844
0.091352
0.060094
0.114109
0.050383
0.077795
0.090586
0.074388
0.068963
0.055515
0.093854
0.072711
0.069305
0.049638
0.087868
0.079842
0.049946
0.063866
0.048816
0.116297
0.036915
0.041874
0.069342
0.100064
0.028203
0.056207
0.066241
0.074650
0.045570
0.031365
0.086055
0.047119
0.063876
0.033836
0.056138
0.078693
0.032104
0.037527
0.074361
0.060103
0.042984
0.038955
0.071313
0.035829
0.055869
0.025479
0.064699
0.063281
0.023920
0.057805
0.030187
0.078481
0.026743
0.014621
0.073980
0.054584
0.011078
0.045098
0.059136
0.024504
0.045635
0.037460
0.050812
0.027854
0.058490
0.003433
0.056629
0.052366
0.018410
0.016024
0.059637
0.055368
0.013761
0.011888
0.053717
0.054443
0.008240
0.020334
0.056214
0.033954
0.032495
0.021755
0.033769
0.045679
0.026320
0.013713
0.050638
0.034134
0.024687
0.029191
0.011634
0.037967
0.032737
0.011818
0.027680
0.061145
-0.014047
0.035496
0.023750
0.037115
0.035062
-0.020307
0.064088
0.038622
0.003666
0.018379
0.028242
0.035679
0.012048
0.007655
0.035019
0.029895
0.022312
0.000511
0.018743
0.057002
-0.006344
0.008362
0.045928
0.011520
0.009559
0.008382
0.021910
0.027404
0.013251
0.003260
0.035081
0.024956
0.020926
-0.019343
0.026924
0.047270
-0.007499
-0.002910
0.035100
0.041799
-0.027555
0.017425
0.022395
0.027646
-0.011460
0.021422
0.013005
0.031400
0.006688
-0.019422
0.024647
0.039800
-0.005307
-0.017297
0.037600
0.020307
-0.010232
0.001458
0.024713
0.022716
0.001542
-0.000374
0.009109
0.011672
0.012068
-0.006252
0.011786
0.028341
-0.001032
-0.018858
0.028185
0.019327
0.002543
0.000206
-0.000287
0.020103
0.016247
-0.032962
0.038652
0.001345
-0.004370
0.008557
-0.005916
0.031743
-0.013502
-0.013409
0.027478
0.007128
-0.008473
-0.001898
0.006732
0.007529
-0.007225
0.003857
0.025548
-0.015634
0.018242
-0.018623
0.012578
0.014098
0.006974
-0.037616
0.035059
0.013210
-0.026278
0.002667
0.014050
-0.001555
-0.004084
-0.014907
0.034069
-0.011553
0.005203
-0.012091
0.007898
0.010538
0.002267
-0.040025
0.031625
0.016530
-0.022765
-0.009089
0.016868
0.010149
0.008567
-0.034812
0.022472
0.008633
-0.008355
-0.024644
0.004256
0.034383
-0.006398
-0.034681
0.008627
0.016197
0.003923
-0.009862
-0.021237
0.010799
0.001417
-0.001259
-0.003588
0.008118
-0.006427
-0.020097
0.003162
0.017954
-0.007832
-0.023040
-0.001885
0.039877
-0.031278
-0.006445
-0.014699
0.029109
-0.016804
-0.014937
-0.001159
0.013390
0.005149
-0.020315
-0.015072
0.015358
0.015453
-0.039500
0.013372
0.014355
-0.020889
-0.015389
0.010854
0.004332
-0.007647
-0.020910
0.009199
0.004796
-0.013706
-0.007713
-0.018716
0.031305
-0.015069
-0.038559
0.032130
0.006163
-0.033687
-0.006781
0.011424
-0.006279
-0.005280
-0.021148
0.009271
0.002978
0.000039
-0.027864
-0.011695
0.025968
-0.001359
-0.037106
0.005844
0.003639
-0.002544
-0.016135
-0.014819
0.016981
-0.028652
-0.007119
0.021710
-0.013008
-0.019455
-0.000706
-0.022124
0.028416
-0.021268
-0.028553
0.035125
-0.023654
-0.008890
-0.013170
-0.009050
0.015078
-0.024722
-0.010380
-0.002277
0.019422
-0.023729
-0.024508
0.014129
0.001672
-0.009781
-0.037541
0.028639
-0.008302
-0.022856
-0.004167
-0.002582
0.001724
-0.016427
-0.025401
0.018888
-0.006106
-0.008440
-0.026183
0.004418
0.010509
-0.022366
-0.024083
0.016902
0.002023
-0.011415
0.006781
-0.005653
-0.019086
0.007372
-0.012481
-0.000502
-0.004895
-0.008156
-0.017796
-0.006680
0.021782
-0.022318
-0.027024
0.013703
0.005653
-0.023782
-0.017747
-0.001014
-0.004589
-0.002077
-0.013847
-0.001517
0.012432
-0.022712
-0.014348
-0.020010
0.035558
-0.022211
-0.029306
0.013250
-0.005925
-0.011941
-0.012416
-0.013345
-0.001113
0.004115
-0.027624
0.000936
0.008131
-0.015976
-0.021483
-0.008163
0.009751
0.006778
-0.059480
0.031410
-0.008403
-0.008858
-0.004879
-0.008931
0.000218
-0.013367
0.007529
-0.010486
0.010499
-0.015797
-0.000844
-0.015452
0.017407
-0.016063
-0.033010
0.017697
0.004661
-0.024041
-0.015568
-0.001545
0.002646
-0.010542
-0.017118
0.000876
-0.013032
-0.011212
-0.003405
-0.014901
0.019469
-0.020096
-0.037439
0.014179
0.010390
-0.027794
-0.012273
-0.011885
0.018828
-0.023373
-0.018282
-0.007015
0.023025
-0.029380
-0.019089
-0.007464
0.022990
-0.020198
-0.038273
0.017946
-0.004623
-0.006669
-0.017483
-0.007300
-0.008307
0.008736
-0.030027
0.000325
0.010381
-0.026985
-0.004866
-0.014027
0.010969
-0.025992
-0.025258
0.019879
0.019826
-0.036551
0.007807
-0.009942
-0.011031
0.000171
-0.011989
-0.011166
0.001876
-0.008953
-0.022063
-0.005192
0.011210
-0.021951
-0.028616
0.026434
-0.001427
-0.036967
-0.014783
0.020271
-0.029975
-0.004411
-0.015404
0.011632
-0.010550
-0.008882
-0.033202
0.011904
-0.011003
0.006957
-0.043993
0.011506
0.008480
-0.030183
-0.013797
0.004924
-0.003716
-0.026624
-0.013482
0.010541
-0.003936
-0.027021
-0.013330
-0.006022
0.016711
-0.027413
-0.022126
0.013901
-0.013104
-0.022860
0.000921
-0.009903
-0.007940
-0.012704
-0.021872
0.014736
-0.015533
-0.000839
-0.039583
-0.002941
0.014735
-0.013750
-0.030063
0.003505
0.002553
-0.016763
-0.021513
-0.007988
-0.001062
0.003022
-0.037675
0.008877
-0.003068
-0.019405
-0.013484
-0.020243
0.021091
-0.032796
-0.012781
0.007881
0.008272
-0.029919
-0.006168
0.001629
-0.018006
-0.009576
-0.017094
-0.003947
0.007558
-0.016662
-0.027032
0.000814
0.006506
-0.021415
-0.029884
0.016431
-0.011456
-0.020926
-0.007551
-0.012570
0.006356
-0.018209
-0.022206
0.006212
0.011678
-0.026005
-0.021516
-0.006271
0.013928
-0.030688
-0.017918
0.011291
0.000362
-0.033172
-0.018611
0.008592
-0.006605
-0.019343
-0.009464
-0.003250
0.006367
-0.017323
-0.026277
-0.013397
0.018909
-0.026668
-0.023315
-0.005023
0.019035
-0.031160
-0.010769
-0.011122
0.008536
-0.049621
0.014657
-0.013471
-0.003196
-0.007554
-0.018340
-0.020371
0.017386
-0.022393
-0.036624
0.016960
-0.009992
-0.010203
-0.024082
-0.002410
-0.020005
0.010443
-0.041234
0.012103
-0.008720
-0.012451
-0.020149
-0.026540
0.030995
-0.027980
-0.039697
0.021742
0.000860
-0.042137
-0.007127
0.001672
-0.006196
-0.027070
-0.012261
0.003779
-0.008281
-0.013318
-0.031528
-0.005332
0.003807
-0.003194
-0.038682
-0.003122
-0.000625
-0.017481
-0.018831
-0.001002
-0.007615
-0.015774
-0.022000
0.001751
-0.011733
-0.008322
-0.025674
-0.020812
0.014274
-0.010849
-0.047683
0.016249
0.001915
-0.032788
-0.020122
0.013091
-0.026609
-0.001973
-0.046224
0.030794
-0.019448
-0.012827
-0.032006
-0.012413
0.015987
-0.018486
-0.039288
0.022940
-0.022751
-0.030086
0.004755
-0.019135
-0.004536
-0.021304
-0.017827
0.006227
-0.013567
-0.010509
-0.027622
-0.013225
0.012296
-0.021859
-0.040653
0.024318
-0.008289
-0.042503
-0.015065
-0.003352
0.001521
-0.028839
-0.015628
-0.010478
0.011295
-0.033940
-0.031355
0.003142
0.011807
-0.031490
-0.036248
0.008221
-0.004180
-0.023004
-0.016746
-0.005771
-0.011886
-0.015864
-0.026557
-0.010147
0.001185
-0.021184
-0.021672
-0.015686
0.019024
-0.041861
-0.017120
-0.001681
0.010715
-0.059963
0.021086
-0.036587
0.034177
-0.098502
0.082122
-0.150224
0.187755
-0.185721
0.060105
-0.049873
0.014019
-0.007014
-0.048873
0.005850
-0.009770
-0.000895
-0.044728
0.015544
-0.030417
-0.005065
-0.009417
-0.026956
-0.002835
0.002075
-0.044266
0.000578
-0.006613
-0.028783
-0.017964
-0.004071
-0.009464
-0.020511
-0.017027
-0.010840
-0.005777
-0.030485
-0.005883
-0.020279
-0.000045
-0.030193
-0.018402
-0.010154
0.002386
-0.027433
-0.021324
-0.009360
-0.006406
-0.025473
-0.023049
0.000990
-0.018246
-0.027289
-0.007938
-0.014320
-0.007172
-0.023147
-0.026076
-0.006676
-0.002249
-0.041398
-0.000402
-0.028167
0.018515
-0.037081
-0.034011
-0.005855
0.012195
-0.013934
-0.148596
0.196444
-0.133498
0.017636
-0.103964
-0.002808
0.008119
-0.006543
-0.046230
0.006601
-0.015804
-0.057729
0.038161
-0.066249
-0.014401
-0.008724
-0.011811
-0.037322
-0.008443
-0.025883
-0.012359
-0.027008
-0.017162
-0.014430
-0.036695
-0.016481
-0.000580
-0.041283
-0.022483
-0.013982
-0.014178
-0.032506
-0.018911
-0.023739
0.004289
-0.046387
-0.017387
-0.034048
0.000653
-0.028536
-0.031914
-0.006775
-0.028174
-0.021299
-0.038789
0.000757
-0.037033
-0.018490
-0.037173
0.000012
-0.035787
-0.026640
-0.016722
-0.022413
-0.017181
-0.033044
-0.022804
-0.008832
-0.021738
-0.060348
0.015472
-0.047214
0.008562
-0.101587
0.114935
-0.214538
0.135798
-0.247488
0.766201
-1.782924
1.971718
