-0.000663
-0.000655
-0.000649
-0.000645
-0.000642
-0.000641
-0.000641
-0.000642
-0.000642
-0.000642
-0.000640
-0.000636
-0.000627
-0.000614
-0.000593
-0.000564
-0.000523
-0.000467
-0.000393
-0.000297
-0.000174
-0.000019
0.000176
0.000418
0.000715
0.001077
0.001514
0.002039
0.002665
0.003405
0.004276
0.005294
0.006474
0.007836
0.009397
0.011174
0.013185
0.015445
0.017970
0.020772
0.023862
0.027245
0.030927
0.034905
0.039175
0.043725
0.048539
0.053596
0.058869
0.064323
0.069921
0.075619
0.081370
0.087122
0.092821
0.098410
0.103833
0.109034
0.113956
0.118549
0.122764
0.126557
0.129893
0.132739
0.135073
0.136880
0.138153
0.138892
0.139107
0.138814
0.138037
0.136805
0.135154
0.133122
0.130754
0.128095
0.125190
0.122087
0.118832
0.115469
0.112040
0.108585
0.105138
0.101732
0.098393
0.095145
0.092007
0.088993
0.086114
0.083379
0.080789
0.078347
0.076051
0.073898
0.071881
0.069995
0.068231
0.066582
0.065038
0.063592
0.062233
0.060954
0.059747
0.058605
0.057519
0.056484
0.055495
0.054545
0.053630
0.052747
0.051891
0.051060
0.050251
0.049462
0.048691
0.047937
0.047198
0.046474
0.045762
0.045064
0.044377
0.043703
0.043039
0.042387
0.041745
0.041114
0.040493
0.039883
0.039283
0.038693
0.038113
0.037543
0.036983
0.036434
0.035893
0.035363
0.034843
0.034332
0.033831
0.033339
0.032856
0.032383
0.031919
0.031464
0.031018
0.030580
0.030151
0.029730
0.029316
0.028911
0.028512
0.028120
0.027735
0.027356
0.026982
0.026615
0.026252
0.025895
0.025542
0.025194
0.024850
0.024510
0.024175
0.023843
0.023516
0.023192
0.022872
0.022557
0.022245
0.021938
0.021635
0.021337
0.021043
0.020753
0.020468
0.020188
0.019912
0.019641
0.019375
0.019113
0.018855
0.018601
0.018351
0.018105
0.017863
0.017623
0.017387
0.017154
0.016923
0.016695
0.016469
0.016245
0.016023
0.015802
0.015583
0.015366
0.015150
0.014935
0.014722
0.014511
0.014301
0.014092
0.013885
0.013680
0.013476
0.013275
0.013076
0.012878
0.012684
0.012491
0.012302
0.012115
0.011931
0.011750
0.011572
0.011397
0.011226
0.011058
0.010894
0.010733
0.010576
0.010422
0.010271
0.010124
0.009981
0.009840
0.009703
0.009569
0.009438
0.009309
0.009183
0.009060
0.008938
0.008819
0.008702
0.008586
0.008472
0.008360
0.008249
0.008139
0.008030
0.007923
0.007816
0.007710
0.007605
0.007500
0.007397
0.007294
0.007192
0.007090
0.006989
0.006889
0.006790
0.006691
0.006593
0.006495
0.006398
0.006302
0.006207
0.006112
0.006018
0.005924
0.005831
0.005739
0.005648
0.005557
0.005466
0.005376
0.005287
0.005198
0.005110
0.005023
0.004935
0.004849
0.004763
0.004677
0.004592
0.004507
0.004423
0.004340
0.004257
0.004174
0.004092
0.004011
0.003930
0.003849
0.003770
0.003691
0.003612
0.003535
0.003458
0.003381
0.003306
0.003232
0.003158
0.003086
0.003014
0.002944
0.002875
0.002806
0.002740
0.002674
0.002609
0.002546
0.002484
0.002424
0.002364
0.002306
0.002249
0.002193
0.002138
0.002085
0.002032
0.001980
0.001930
0.001880
0.001831
0.001782
0.001735
0.001688
0.001641
0.001595
0.001550
0.001506
0.001461
0.001418
0.001375
0.001332
0.001290
0.001248
0.001206
0.001165
0.001125
0.001084
0.001044
0.001005
0.000965
0.000926
0.000887
0.000848
0.000810
0.000771
0.000732
0.000694
0.000655
0.000616
0.000578
0.000539
0.000499
0.000460
0.000421
0.000381
0.000341
0.000301
0.000261
0.000221
0.000181
0.000141
0.000101
0.000061
0.000022
-0.000018
-0.000056
-0.000095
-0.000132
-0.000169
-0.000205
-0.000241
-0.000275
-0.000308
-0.000340
-0.000371
-0.000400
-0.000428
-0.000454
-0.000479
-0.000503
-0.000525
-0.000545
-0.000563
-0.000580
-0.000596
-0.000609
-0.000621
-0.000632
-0.000641
-0.000649
-0.000656
-0.000661
-0.000666
-0.000669
-0.000672
-0.000675
-0.000677
-0.000679
-0.000680
-0.000682
-0.000684
-0.000687
-0.000690
-0.000694
-0.000698
-0.000704
-0.000710
-0.000717
-0.000725
-0.000733
-0.000743
-0.000753
-0.000764
-0.000776
-0.000789
-0.000802
-0.000815
-0.000829
-0.000844
-0.000858
-0.000873
-0.000888
-0.000904
-0.000920
-0.000936
-0.000952
-0.000968
-0.000985
-0.001003
-0.001020
-0.001038
-0.001057
-0.001075
-0.001095
-0.001115
-0.001135
-0.001156
-0.001177
-0.001198
-0.001220
-0.001242
-0.001264
-0.001287
-0.001309
-0.001331
-0.001353
-0.001375
-0.001397
-0.001418
-0.001438
-0.001458
-0.001477
-0.001496
-0.001513
-0.001530
-0.001547
-0.001562
-0.001577
-0.001591
-0.001604
-0.001617
-0.001629
-0.001640
-0.001651
-0.001662
-0.001672
-0.001682
-0.001692
-0.001702
-0.001712
-0.001722
-0.001732
-0.001742
-0.001752
-0.001763
-0.001773
-0.001784
-0.001795
-0.001806
-0.001817
-0.001829
-0.001840
-0.001851
-0.001863
-0.001874
-0.001886
-0.001897
-0.001908
-0.001919
-0.001929
-0.001939
-0.001949
-0.001959
-0.001968
-0.001977
-0.001985
-0.001993
-0.002000
-0.002007
-0.002013
-0.002019
-0.002024
-0.002029
-0.002033
-0.002037
-0.002040
-0.002043
-0.002045
-0.002047
-0.002048
-0.002049
-0.002050
-0.002050
-0.002050
-0.002050
-0.002049
-0.002048
-0.002046
-0.002045
-0.002043
-0.002040
-0.002038
-0.002035
-0.002032
-0.002029
-0.002025
-0.002021
-0.002016
-0.002012
-0.002006
-0.002001
-0.001995
-0.001988
-0.001981
-0.001973
-0.001964
-0.001954
-0.001943
-0.001931
-0.001918
-0.001902
-0.001885
-0.001866
-0.001844
-0.001819
-0.001792
-0.001761
-0.001727
-0.001688
-0.001646
-0.001600
-0.001550
-0.001495
-0.001436
-0.001373
-0.001306
-0.001235
-0.001160
-0.001082
-0.001001
-0.000919
-0.000834
-0.000749
-0.000664
-0.000580
-0.000497
-0.000417
-0.000340
-0.000267
-0.000198
-0.000135
-0.000078
-0.000027
0.000017
0.000054
0.000083
0.000105
0.000120
0.000127
0.000127
0.000121
0.000109
0.000090
0.000067
0.000040
0.000008
-0.000026
-0.000062
-0.000100
-0.000138
-0.000177
-0.000215
-0.000252
-0.000287
-0.000320
-0.000350
-0.000377
-0.000401
-0.000422
-0.000439
-0.000452
-0.000462
-0.000469
-0.000473
-0.000473
-0.000471
-0.000467
-0.000461
-0.000453
-0.000444
-0.000434
-0.000423
-0.000413
-0.000403
-0.000394
-0.000386
-0.000379
-0.000374
-0.000371
-0.000369
-0.000370
-0.000372
-0.000377
-0.000384
-0.000392
-0.000402
-0.000415
-0.000428
-0.000443
-0.000460
-0.000477
-0.000495
-0.000514
-0.000533
-0.000553
-0.000573
-0.000593
-0.000613
-0.000632
-0.000651
-0.000670
-0.000689
-0.000707
-0.000725
-0.000743
-0.000760
-0.000776
-0.000792
-0.000808
-0.000824
-0.000839
-0.000854
-0.000869
-0.000883
-0.000898
-0.000912
-0.000926
-0.000940
-0.000953
-0.000967
-0.000980
-0.000992
-0.001005
-0.001016
-0.001028
-0.001039
-0.001049
-0.001058
-0.001067
-0.001074
-0.001081
-0.001086
-0.001090
-0.001093
-0.001095
-0.001095
-0.001094
-0.001091
-0.001087
-0.001081
-0.001073
-0.001064
-0.001054
-0.001042
-0.001028
-0.001014
-0.000998
-0.000981
-0.000964
-0.000945
-0.000926
-0.000907
-0.000887
-0.000868
-0.000848
-0.000829
-0.000810
-0.000792
-0.000774
-0.000757
-0.000741
-0.000726
-0.000712
-0.000699
-0.000686
-0.000675
-0.000665
-0.000655
-0.000646
-0.000638
-0.000630
-0.000623
-0.000616
-0.000609
-0.000602
-0.000595
-0.000587
-0.000580
-0.000572
-0.000563
-0.000554
-0.000545
-0.000534
-0.000524
-0.000512
-0.000500
-0.000488
-0.000476
-0.000463
-0.000450
-0.000437
-0.000424
-0.000412
-0.000400
-0.000388
-0.000377
-0.000367
-0.000358
-0.000349
-0.000342
-0.000335
-0.000330
-0.000326
-0.000323
-0.000322
-0.000321
-0.000322
-0.000323
-0.000326
-0.000330
-0.000335
-0.000341
-0.000347
-0.000354
-0.000363
-0.000371
-0.000381
-0.000390
-0.000401
-0.000411
-0.000422
-0.000433
-0.000445
-0.000456
-0.000467
-0.000479
-0.000490
-0.000501
-0.000512
-0.000522
-0.000532
-0.000542
-0.000551
-0.000560
-0.000569
-0.000577
-0.000584
-0.000591
-0.000597
-0.000603
-0.000609
-0.000614
-0.000618
-0.000622
-0.000625
-0.000628
-0.000631
-0.000633
-0.000634
-0.000635
-0.000636
-0.000636
-0.000635
-0.000634
-0.000632
-0.000629
-0.000625
-0.000621
-0.000615
-0.000608
-0.000600
-0.000590
-0.000579
-0.000567
-0.000554
-0.000539
-0.000523
-0.000506
-0.000487
-0.000468
-0.000447
-0.000426
-0.000405
-0.000383
-0.000361
-0.000339
-0.000317
-0.000296
-0.000276
-0.000257
-0.000239
-0.000222
-0.000207
-0.000194
-0.000182
-0.000173
-0.000165
-0.000159
-0.000155
-0.000152
-0.000152
-0.000153
-0.000156
-0.000160
-0.000165
-0.000171
-0.000178
-0.000186
-0.000195
-0.000204
-0.000214
-0.000223
-0.000233
-0.000242
-0.000252
-0.000261
-0.000271
-0.000279
-0.000288
-0.000296
-0.000304
-0.000312
-0.000319
-0.000327
-0.000334
-0.000341
-0.000348
-0.000355
-0.000361
-0.000368
-0.000375
-0.000382
-0.000389
-0.000397
-0.000404
-0.000412
-0.000419
-0.000427
-0.000434
-0.000442
-0.000449
-0.000456
-0.000463
-0.000470
-0.000476
-0.000482
-0.000487
-0.000492
-0.000496
-0.000500
-0.000504
-0.000506
-0.000508
-0.000510
-0.000511
-0.000511
-0.000511
-0.000510
-0.000509
-0.000508
-0.000507
-0.000505
-0.000503
-0.000500
-0.000498
-0.000496
-0.000493
-0.000491
-0.000489
-0.000487
-0.000485
-0.000483
-0.000481
-0.000480
-0.000479
-0.000478
-0.000478
-0.000477
-0.000477
-0.000477
-0.000478
-0.000479
-0.000480
-0.000481
-0.000483
-0.000485
-0.000487
-0.000490
-0.000493
-0.000496
-0.000500
-0.000504
-0.000508
-0.000513
-0.000518
-0.000524
-0.000529
-0.000536
-0.000543
-0.000550
-0.000558
-0.000567
-0.000576
-0.000587
-0.000598
-0.000610
-0.000622
-0.000636
-0.000651
-0.000667
-0.000685
-0.000703
-0.000722
-0.000743
-0.000764
-0.000787
-0.000810
-0.000834
-0.000859
-0.000885
-0.000910
-0.000936
-0.000963
-0.000989
-0.001014
-0.001040
-0.001064
-0.001088
-0.001112
-0.001134
-0.001155
-0.001174
-0.001192
-0.001209
-0.001225
-0.001239
-0.001251
-0.001262
-0.001271
-0.001279
-0.001286
-0.001291
-0.001295
-0.001298
-0.001299
-0.001299
-0.001299
-0.001297
-0.001295
-0.001292
-0.001288
-0.001283
-0.001279
-0.001273
-0.001267
-0.001261
-0.001255
-0.001248
-0.001241
-0.001234
-0.001227
-0.001220
-0.001213
-0.001205
-0.001198
-0.001190
-0.001182
-0.001173
-0.001164
-0.001155
-0.001145
-0.001134
-0.001123
-0.001110
-0.001097
-0.001082
-0.001067
-0.001050
-0.001033
-0.001014
-0.000994
-0.000973
-0.000951
-0.000929
-0.000906
-0.000883
-0.000860
-0.000836
-0.000814
-0.000791
-0.000770
-0.000750
-0.000731
-0.000714
-0.000698
-0.000684
-0.000673
