-0.000748
-0.000718
-0.000693
-0.000674
-0.000659
-0.000649
-0.000643
-0.000640
-0.000640
-0.000641
-0.000643
-0.000644
-0.000643
-0.000636
-0.000624
-0.000602
-0.000567
-0.000517
-0.000447
-0.000352
-0.000227
-0.000066
0.000140
0.000399
0.000719
0.001113
0.001592
0.002169
0.002860
0.003680
0.004648
0.005781
0.007098
0.008621
0.010369
0.012362
0.014621
0.017165
0.020011
0.023174
0.026667
0.030498
0.034674
0.039193
0.044052
0.049239
0.054738
0.060525
0.066572
0.072840
0.079289
0.085870
0.092529
0.099210
0.105849
0.112384
0.118750
0.124882
0.130716
0.136193
0.141255
0.145851
0.149937
0.153476
0.156439
0.158806
0.160566
0.161717
0.162267
0.162232
0.161635
0.160509
0.158892
0.156827
0.154360
0.151544
0.148430
0.145070
0.141518
0.137823
0.134035
0.130198
0.126353
0.122538
0.118785
0.115122
0.111571
0.108151
0.104875
0.101754
0.098792
0.095993
0.093355
0.090875
0.088549
0.086370
0.084329
0.082417
0.080626
0.078945
0.077365
0.075877
0.074471
0.073140
0.071874
0.070668
0.069514
0.068406
0.067339
0.066309
0.065311
0.064342
0.063398
0.062478
0.061578
0.060697
0.059834
0.058986
0.058154
0.057335
0.056530
0.055737
0.054957
0.054187
0.053430
0.052683
0.051947
0.051221
0.050505
0.049800
0.049105
0.048419
0.047743
0.047077
0.046420
0.045772
0.045133
0.044504
0.043883
0.043271
0.042668
0.042073
0.041486
0.040907
0.040337
0.039774
0.039220
0.038672
0.038133
0.037601
0.037076
0.036559
0.036049
0.035546
0.035050
0.034562
0.034081
0.033607
0.033141
0.032682
0.032231
0.031787
0.031351
0.030922
0.030501
0.030088
0.029682
0.029284
0.028893
0.028509
0.028133
0.027764
0.027402
0.027047
0.026698
0.026355
0.026018
0.025686
0.025359
0.025037
0.024720
0.024407
0.024098
0.023792
0.023490
0.023191
0.022895
0.022601
0.022311
0.022023
0.021738
0.021455
0.021176
0.020899
0.020625
0.020355
0.020087
0.019824
0.019564
0.019308
0.019057
0.018810
0.018568
0.018330
0.018098
0.017871
0.017649
0.017433
0.017222
0.017017
0.016817
0.016623
0.016435
0.016253
0.016075
0.015903
0.015737
0.015575
0.015418
0.015266
0.015117
0.014973
0.014833
0.014696
0.014562
0.014430
0.014301
0.014174
0.014048
0.013923
0.013798
0.013674
0.013550
0.013426
0.013300
0.013174
0.013047
0.012918
0.012787
0.012655
0.012521
0.012385
0.012248
0.012109
0.011968
0.011827
0.011684
0.011540
0.011396
0.011251
0.011106
0.010961
0.010817
0.010673
0.010530
0.010388
0.010247
0.010107
0.009969
0.009833
0.009698
0.009564
0.009433
0.009302
0.009174
0.009046
0.008921
0.008796
0.008672
0.008550
0.008428
0.008307
0.008187
0.008067
0.007948
0.007830
0.007712
0.007594
0.007478
0.007361
0.007246
0.007132
0.007018
0.006907
0.006796
0.006687
0.006581
0.006476
0.006374
0.006275
0.006179
0.006086
0.005996
0.005911
0.005828
0.005750
0.005676
0.005605
0.005539
0.005476
0.005418
0.005363
0.005311
0.005262
0.005217
0.005174
0.005133
0.005094
0.005057
0.005021
0.004985
0.004950
0.004915
0.004879
0.004843
0.004805
0.004767
0.004726
0.004684
0.004640
0.004594
0.004546
0.004496
0.004444
0.004390
0.004334
0.004276
0.004217
0.004156
0.004093
0.004029
0.003965
0.003899
0.003833
0.003766
0.003698
0.003630
0.003562
0.003494
0.003426
0.003358
0.003290
0.003222
0.003155
0.003087
0.003020
0.002953
0.002886
0.002820
0.002754
0.002688
0.002622
0.002557
0.002493
0.002428
0.002365
0.002301
0.002239
0.002177
0.002115
0.002055
0.001995
0.001936
0.001879
0.001822
0.001766
0.001712
0.001659
0.001608
0.001558
0.001510
0.001463
0.001418
0.001376
0.001335
0.001296
0.001260
0.001226
0.001194
0.001164
0.001137
0.001113
0.001091
0.001072
0.001055
0.001041
0.001029
0.001020
0.001013
0.001009
0.001007
0.001008
0.001010
0.001015
0.001021
0.001029
0.001039
0.001049
0.001060
0.001072
0.001084
0.001096
0.001107
0.001117
0.001126
0.001133
0.001138
0.001141
0.001142
0.001139
0.001133
0.001124
0.001111
0.001095
0.001075
0.001052
0.001024
0.000994
0.000960
0.000923
0.000882
0.000840
0.000795
0.000747
0.000698
0.000648
0.000596
0.000544
0.000491
0.000437
0.000384
0.000331
0.000278
0.000226
0.000175
0.000124
0.000075
0.000027
-0.000020
-0.000066
-0.000110
-0.000153
-0.000194
-0.000234
-0.000272
-0.000309
-0.000345
-0.000379
-0.000411
-0.000442
-0.000471
-0.000499
-0.000525
-0.000550
-0.000573
-0.000595
-0.000615
-0.000633
-0.000650
-0.000665
-0.000679
-0.000691
-0.000702
-0.000712
-0.000721
-0.000728
-0.000735
-0.000741
-0.000747
-0.000752
-0.000757
-0.000762
-0.000768
-0.000773
-0.000779
-0.000786
-0.000794
-0.000802
-0.000811
-0.000822
-0.000833
-0.000845
-0.000858
-0.000872
-0.000886
-0.000902
-0.000918
-0.000934
-0.000950
-0.000967
-0.000983
-0.000999
-0.001014
-0.001029
-0.001043
-0.001056
-0.001068
-0.001078
-0.001087
-0.001095
-0.001101
-0.001105
-0.001107
-0.001108
-0.001106
-0.001103
-0.001098
-0.001092
-0.001083
-0.001074
-0.001062
-0.001050
-0.001036
-0.001021
-0.001005
-0.000989
-0.000972
-0.000955
-0.000938
-0.000922
-0.000906
-0.000890
-0.000876
-0.000863
-0.000851
-0.000840
-0.000832
-0.000825
-0.000820
-0.000817
-0.000816
-0.000817
-0.000820
-0.000826
-0.000833
-0.000842
-0.000853
-0.000866
-0.000880
-0.000896
-0.000913
-0.000931
-0.000949
-0.000968
-0.000988
-0.001008
-0.001028
-0.001048
-0.001067
-0.001086
-0.001105
-0.001123
-0.001140
-0.001157
-0.001173
-0.001188
-0.001202
-0.001215
-0.001227
-0.001238
-0.001249
-0.001259
-0.001268
-0.001277
-0.001285
-0.001292
-0.001299
-0.001306
-0.001312
-0.001318
-0.001323
-0.001329
-0.001334
-0.001339
-0.001344
-0.001349
-0.001353
-0.001358
-0.001362
-0.001367
-0.001371
-0.001375
-0.001379
-0.001383
-0.001387
-0.001391
-0.001395
-0.001399
-0.001402
-0.001406
-0.001409
-0.001412
-0.001416
-0.001419
-0.001422
-0.001424
-0.001427
-0.001430
-0.001432
-0.001435
-0.001437
-0.001440
-0.001442
-0.001444
-0.001446
-0.001449
-0.001451
-0.001453
-0.001455
-0.001456
-0.001458
-0.001460
-0.001461
-0.001462
-0.001463
-0.001464
-0.001464
-0.001464
-0.001464
-0.001463
-0.001461
-0.001459
-0.001456
-0.001452
-0.001447
-0.001441
-0.001434
-0.001426
-0.001417
-0.001407
-0.001395
-0.001382
-0.001368
-0.001352
-0.001336
-0.001318
-0.001299
-0.001279
-0.001259
-0.001237
-0.001215
-0.001192
-0.001169
-0.001146
-0.001122
-0.001099
-0.001076
-0.001053
-0.001031
-0.001010
-0.000989
-0.000969
-0.000951
-0.000933
-0.000917
-0.000901
-0.000887
-0.000874
-0.000862
-0.000852
-0.000842
-0.000833
-0.000826
-0.000819
-0.000813
-0.000807
-0.000802
-0.000798
-0.000795
-0.000791
-0.000788
-0.000786
-0.000783
-0.000781
-0.000779
-0.000777
-0.000776
-0.000774
-0.000773
-0.000773
-0.000772
-0.000772
-0.000773
-0.000773
-0.000774
-0.000776
-0.000778
-0.000781
-0.000784
-0.000788
-0.000792
-0.000796
-0.000801
-0.000807
-0.000812
-0.000818
-0.000825
-0.000831
-0.000837
-0.000843
-0.000849
-0.000855
-0.000860
-0.000865
-0.000870
-0.000874
-0.000876
-0.000879
-0.000880
-0.000880
-0.000879
-0.000877
-0.000873
-0.000869
-0.000863
-0.000856
-0.000848
-0.000838
-0.000828
-0.000816
-0.000803
-0.000789
-0.000774
-0.000759
-0.000743
-0.000727
-0.000710
-0.000693
-0.000677
-0.000660
-0.000644
-0.000629
-0.000615
-0.000601
-0.000589
-0.000578
-0.000568
-0.000559
-0.000552
-0.000546
-0.000542
-0.000539
-0.000538
-0.000538
-0.000539
-0.000541
-0.000544
-0.000548
-0.000553
-0.000558
-0.000564
-0.000569
-0.000575
-0.000580
-0.000585
-0.000589
-0.000592
-0.000595
-0.000596
-0.000596
-0.000595
-0.000592
-0.000588
-0.000582
-0.000574
-0.000565
-0.000553
-0.000540
-0.000524
-0.000507
-0.000489
-0.000468
-0.000446
-0.000423
-0.000398
-0.000372
-0.000346
-0.000318
-0.000291
-0.000263
-0.000235
-0.000207
-0.000180
-0.000154
-0.000129
-0.000105
-0.000083
-0.000062
-0.000043
-0.000026
-0.000011
0.000002
0.000012
0.000020
0.000026
0.000030
0.000031
0.000030
0.000027
0.000023
0.000016
0.000008
-0.000002
-0.000013
-0.000025
-0.000038
-0.000052
-0.000067
-0.000082
-0.000097
-0.000112
-0.000128
-0.000143
-0.000158
-0.000173
-0.000187
-0.000200
-0.000213
-0.000225
-0.000237
-0.000247
-0.000257
-0.000267
-0.000275
-0.000283
-0.000290
-0.000297
-0.000302
-0.000308
-0.000313
-0.000317
-0.000321
-0.000325
-0.000329
-0.000332
-0.000335
-0.000338
-0.000341
-0.000344
-0.000347
-0.000350
-0.000353
-0.000357
-0.000360
-0.000363
-0.000367
-0.000370
-0.000374
-0.000377
-0.000381
-0.000385
-0.000389
-0.000393
-0.000397
-0.000401
-0.000404
-0.000408
-0.000412
-0.000415
-0.000419
-0.000422
-0.000425
-0.000428
-0.000430
-0.000433
-0.000435
-0.000436
-0.000438
-0.000439
-0.000440
-0.000440
-0.000440
-0.000440
-0.000439
-0.000438
-0.000437
-0.000435
-0.000433
-0.000431
-0.000429
-0.000426
-0.000423
-0.000419
-0.000416
-0.000412
-0.000408
-0.000404
-0.000400
-0.000395
-0.000390
-0.000385
-0.000380
-0.000375
-0.000369
-0.000363
-0.000357
-0.000351
-0.000344
-0.000337
-0.000330
-0.000322
-0.000315
-0.000307
-0.000299
-0.000291
-0.000283
-0.000276
-0.000268
-0.000261
-0.000254
-0.000248
-0.000242
-0.000237
-0.000232
-0.000229
-0.000227
-0.000225
-0.000225
-0.000227
-0.000229
-0.000233
-0.000239
-0.000245
-0.000254
-0.000264
-0.000276
-0.000289
-0.000304
-0.000320
-0.000338
-0.000358
-0.000380
-0.000402
-0.000427
-0.000452
-0.000480
-0.000508
-0.000538
-0.000569
-0.000601
-0.000634
-0.000669
-0.000703
-0.000739
-0.000775
-0.000812
-0.000849
-0.000886
-0.000924
-0.000961
-0.000998
-0.001034
-0.001071
-0.001106
-0.001141
-0.001175
-0.001209
-0.001241
-0.001273
-0.001303
-0.001333
-0.001361
-0.001389
-0.001416
-0.001442
-0.001467
-0.001491
-0.001515
-0.001539
-0.001561
-0.001584
-0.001605
-0.001627
-0.001648
-0.001669
-0.001690
-0.001711
-0.001732
-0.001752
-0.001772
-0.001792
-0.001812
-0.001831
-0.001850
-0.001869
-0.001886
-0.001903
-0.001919
-0.001934
-0.001948
-0.001960
-0.001970
-0.001978
-0.001984
-0.001987
-0.001987
-0.001984
-0.001978
-0.001969
-0.001955
-0.001937
-0.001915
-0.001889
-0.001858
-0.001823
-0.001783
-0.001739
-0.001691
-0.001639
-0.001584
-0.001526
-0.001466
-0.001403
-0.001340
-0.001276
-0.001212
-0.001148
-0.001087
-0.001027
-0.000970
-0.000917
-0.000868
-0.000823
-0.000783
