-0.268490
0.058498
-0.057027
0.009554
0.025732
-0.004707
-0.014169
0.002259
0.025944
-0.044525
0.076530
-0.051956
-0.000123
0.024184
0.000188
-0.008874
-0.000035
0.004463
0.003467
0.015804
-0.028953
0.034280
-0.019831
0.007555
0.013451
-0.016684
0.014278
-0.006838
0.006064
0.007123
-0.000923
-0.004737
0.003442
0.006706
-0.008203
0.018746
-0.018363
0.020953
-0.009964
0.004480
0.002003
-0.004092
0.011936
-0.000279
-0.003788
0.010037
-0.006831
0.004828
0.013060
-0.014082
0.007856
-0.005522
0.010612
0.006254
-0.001649
-0.026344
0.092692
-0.121447
0.024791
0.093550
0.213913
-0.869193
1.762486
1.052179
0.160242
-0.021678
0.227990
0.266574
0.027296
-0.044131
0.107192
0.064863
0.112946
0.191620
-0.030795
0.049918
0.162215
0.101428
0.049500
0.046242
0.086564
0.069094
0.063977
0.036937
0.109969
0.042300
0.044906
0.111689
0.022424
0.044075
0.084189
0.067619
0.032729
0.051292
0.054380
0.054828
0.091847
0.010056
0.052634
0.050958
0.066966
0.044065
0.026279
0.064819
0.054046
0.040763
0.028222
0.057901
0.047176
0.039769
0.020220
0.072273
0.028396
0.026143
0.060421
0.050331
0.024540
0.042537
0.037311
0.050504
0.035932
0.032812
0.044204
0.025927
0.042699
0.035023
0.021529
0.053180
0.024216
0.021908
0.050986
0.022265
0.036988
0.037671
0.015337
0.025760
0.045549
0.038544
0.014159
0.028782
0.031535
0.041965
0.003582
0.039788
0.030824
0.024975
0.024784
0.022577
0.034585
0.024442
0.025420
0.012617
0.037446
0.007241
0.044370
0.014221
0.026660
0.017520
0.023482
0.052726
-0.002015
0.022797
0.027910
0.031152
0.008818
0.024370
0.015171
0.026045
0.012858
0.032638
0.021275
0.014823
0.020866
0.017734
0.010740
0.040073
0.001083
0.011521
0.038123
0.016264
0.006965
0.016246
0.035521
0.004930
0.016878
0.004804
0.044676
0.001883
0.007343
0.012366
0.037506
0.014030
-0.002979
0.015889
0.038078
0.003727
0.004499
0.024692
0.020297
0.002325
0.008677
0.021416
0.023517
0.004443
0.013346
0.023238
0.013121
0.022866
0.001746
0.007314
0.028087
0.014546
-0.001499
0.008807
0.021607
0.017032
-0.005620
0.021066
0.017038
0.012515
-0.000953
0.013804
0.024690
0.012335
-0.009880
0.014366
0.033521
-0.003773
0.001416
0.016693
0.020188
0.000915
0.009091
0.003781
0.030540
-0.012033
0.016069
0.003114
0.011805
0.017093
0.009149
-0.003586
0.022405
0.011438
-0.002081
0.012184
0.008874
0.015800
-0.001413
0.007720
0.025216
-0.002249
0.007110
0.001526
0.015685
0.014562
0.003843
-0.009059
0.030200
0.001366
-0.002568
0.010618
0.015538
0.011146
-0.009692
0.008953
0.016320
0.006625
0.002811
0.012380
-0.005595
0.027572
-0.009752
0.009813
0.009146
0.007719
0.006202
0.007641
0.007185
0.000673
0.017055
-0.005917
0.025146
-0.009471
0.010712
0.002705
0.009236
0.016349
-0.013057
0.005905
0.015683
0.010138
-0.013945
0.021228
0.000356
0.011434
0.002502
-0.004627
0.018739
-0.001440
0.008587
-0.000149
0.003977
0.016112
0.002195
-0.004904
0.011504
0.007893
-0.007319
0.017423
0.000523
0.006601
-0.001448
0.003571
0.013168
0.001209
0.010305
-0.007043
0.009605
0.004454
0.010789
-0.014184
0.026568
-0.003288
-0.000598
-0.004721
0.015288
0.002509
0.002589
0.004845
0.002510
0.004587
0.004831
-0.003348
0.007054
0.008196
-0.000864
-0.011934
0.031489
0.002586
-0.014533
0.009484
0.019601
-0.015837
0.003672
0.010866
0.010891
0.000564
-0.004956
-0.004033
0.016419
0.006379
-0.005019
0.001655
0.019468
-0.012547
0.002864
0.002833
0.008670
0.003797
-0.000387
-0.009485
0.022724
-0.004039
0.004775
-0.012006
0.011850
0.017801
-0.004992
-0.016021
0.024296
-0.011408
0.008686
0.010670
-0.000865
0.000866
-0.007057
0.006681
0.014688
-0.006308
0.003257
-0.001165
-0.000821
0.015466
-0.006557
-0.007525
0.016626
0.010494
-0.016341
0.028213
-0.021906
0.009689
0.001122
-0.010397
0.021837
-0.009176
0.015429
-0.017748
0.015601
0.011040
-0.011981
0.003299
0.007400
0.005971
-0.000694
-0.001662
0.004295
0.002721
-0.002242
0.002140
0.007332
-0.013629
0.016047
-0.001327
-0.001181
0.015110
-0.010991
-0.000110
0.018725
-0.004626
-0.014264
0.013548
0.005994
0.002874
-0.014038
0.005461
0.006127
0.009429
-0.007153
0.007076
-0.009228
0.015635
0.008447
-0.019624
0.027098
-0.010513
-0.013198
0.014872
0.008191
0.005388
0.001072
-0.008852
0.016789
-0.008241
-0.000477
0.008081
-0.003062
0.017004
-0.009380
-0.016110
0.033754
-0.016072
0.006177
-0.004011
0.005461
0.008439
-0.003006
-0.013279
0.016269
0.005861
-0.000587
-0.000876
-0.014806
0.027896
-0.013074
-0.005873
0.017830
0.006120
-0.020441
0.021397
-0.013912
0.008654
0.003990
-0.003133
0.007926
0.004818
-0.014486
0.003926
0.000534
0.019517
-0.009064
-0.018047
0.021487
0.001378
-0.009602
0.017536
-0.014927
0.012573
-0.010774
0.011294
-0.001623
0.007926
-0.012164
0.011499
-0.011976
0.022794
-0.011254
-0.007187
0.009500
0.001503
-0.000094
-0.004128
0.018535
-0.009192
-0.001614
-0.001858
0.009835
0.000460
-0.006701
0.000394
0.008692
-0.003406
0.007119
-0.009248
0.010657
0.005375
-0.007010
-0.003815
0.001625
0.004883
0.003065
-0.005620
0.006552
0.001248
-0.000660
0.001705
-0.006660
0.018069
-0.006481
-0.013729
0.018318
0.001899
-0.010456
0.005349
0.001254
0.005525
-0.005588
0.000043
0.001347
0.014221
-0.013054
-0.003693
0.011531
0.004861
-0.000333
-0.017037
0.026596
-0.014031
0.001244
0.005798
-0.003483
0.009484
-0.011061
0.001935
0.006829
-0.003574
0.004882
-0.003668
0.005566
0.008673
-0.005621
-0.015762
0.025495
-0.008921
-0.001191
0.006317
0.001829
-0.005107
0.002111
0.004841
0.003356
0.000520
-0.010184
0.004894
0.006025
0.008321
-0.009833
-0.002136
0.015921
0.007321
-0.011850
0.002113
0.008566
-0.001191
0.005440
-0.013009
0.019891
-0.011616
0.004702
-0.000400
-0.004566
0.018009
-0.008237
-0.007667
0.015394
-0.004674
0.001644
-0.001055
-0.008022
0.021708
-0.012014
-0.001255
0.013654
0.000246
-0.008716
0.003596
-0.007131
0.023821
-0.018449
-0.006560
0.016904
0.004947
-0.008261
0.006545
0.000947
-0.001402
-0.002138
0.006087
-0.004022
0.002642
0.001177
0.005121
-0.005431
0.009518
0.003536
-0.023186
0.024265
0.005578
-0.015219
0.000519
0.002442
0.005980
0.003087
-0.010175
0.013911
-0.001898
0.007083
-0.005339
0.000040
0.008231
0.004621
-0.013356
0.010698
-0.005477
0.008375
0.004598
-0.000044
0.008331
-0.001229
0.003141
-0.003807
0.011927
-0.006175
-0.000661
0.001141
0.009937
-0.001212
-0.005950
0.006956
0.017071
-0.023334
0.011549
-0.005507
0.013461
-0.003020
-0.008090
0.010903
0.001921
0.000524
-0.002423
0.004555
0.006770
-0.008854
-0.006762
0.018966
0.011587
-0.027570
0.019092
-0.000342
-0.004071
0.007387
-0.002391
0.010322
-0.005381
-0.002579
0.006833
-0.001490
0.014662
-0.016073
-0.006052
0.030945
-0.011003
0.003910
-0.002339
0.006375
0.003709
-0.000600
-0.007875
0.015586
-0.005322
0.008264
-0.011391
0.005923
0.020573
-0.015338
-0.006182
0.011620
0.006262
-0.012672
0.009257
-0.000084
0.002408
0.005683
-0.006630
0.012274
-0.003613
-0.001781
0.001821
0.005537
-0.001360
0.006552
-0.019527
0.031597
-0.009780
-0.009442
0.010596
0.001809
-0.000141
0.001761
0.002487
-0.005960
0.014745
-0.013651
0.004512
0.010278
0.002994
-0.006990
-0.004097
0.020344
-0.006519
-0.001767
-0.012523
0.019893
0.003349
-0.007729
-0.004286
0.011802
-0.003545
0.001040
0.010289
-0.012515
0.013153
-0.007595
-0.003993
0.019807
-0.002637
-0.006850
0.003673
-0.004438
0.013218
-0.005553
-0.000441
0.013633
-0.004052
-0.005102
0.003491
0.000044
0.010311
-0.003300
-0.007674
0.011735
0.000539
-0.003247
-0.000163
0.017604
-0.011028
0.008314
-0.004104
0.001202
0.005856
0.002304
0.002382
-0.015020
0.021417
-0.005504
-0.007521
0.010054
0.010118
-0.014844
0.013179
-0.002766
0.000347
-0.001471
0.007144
-0.003378
0.001923
0.002824
-0.002105
0.003432
0.010180
-0.010576
0.005505
-0.002802
0.007974
-0.004565
-0.004078
0.016883
-0.011076
0.006818
-0.001344
0.003581
0.003909
-0.005722
0.000527
-0.003451
0.030199
-0.026582
-0.000097
0.019023
-0.011085
0.002562
-0.003975
0.013681
-0.002517
-0.008668
0.007560
0.010177
0.006423
-0.026637
0.017127
-0.004588
0.020528
-0.021678
0.005140
0.005659
0.010719
-0.015139
0.011411
-0.006850
0.005434
0.003401
-0.001735
0.008078
-0.010385
0.006352
0.000692
-0.006952
0.020164
-0.013298
-0.001822
0.013708
-0.004860
0.004023
-0.007950
0.015357
-0.014670
0.009953
-0.002826
0.006128
0.003958
-0.008279
0.007384
-0.008781
0.019892
-0.010875
-0.007067
0.008428
0.008258
-0.011923
0.008610
-0.003862
0.012676
-0.007015
0.001070
0.001782
-0.000321
0.008369
-0.008063
0.008811
0.007545
-0.017508
0.002017
0.016948
-0.005158
0.001777
0.004374
-0.004730
0.010335
-0.018452
0.029375
-0.043500
0.064252
-0.054592
0.028684
-0.012083
0.016584
-0.003921
-0.011278
0.016518
-0.002234
-0.001702
-0.006460
0.021213
-0.022513
0.013617
0.003553
-0.004206
0.001271
-0.005417
0.005624
-0.004885
0.022219
-0.021109
0.001383
0.020657
0.014604
0.004074
-0.004881
0.005120
0.007677
-0.006773
0.006986
-0.000513
0.009282
-0.006187
0.003437
0.004105
0.007307
-0.004115
-0.002970
0.013448
0.004182
-0.017294
0.011686
0.000460
0.008991
-0.004956
0.000470
0.001929
0.003850
0.008328
-0.020960
0.020778
-0.000472
0.015107
-0.015852
0.021811
-0.006504
0.007779
-0.011849
0.030908
-0.010519
0.015082
-0.058588
0.103939
-0.061108
-0.017708
0.018651
0.008196
0.011839
-0.016228
0.000397
0.011921
0.004050
-0.016469
0.026213
-0.023988
0.011298
0.006112
-0.012446
0.021604
-0.019401
0.015491
-0.003274
-0.000637
-0.004442
0.022444
-0.015263
0.021811
0.000357
-0.003638
-0.000777
0.001000
-0.001076
0.010667
-0.005132
0.005824
-0.004834
0.001398
0.002012
0.007257
-0.010228
0.010612
-0.010672
0.007070
0.008888
-0.017232
0.012977
-0.002955
0.006464
-0.010128
0.002257
0.004983
-0.002936
0.002901
-0.000259
-0.003129
0.004541
0.000308
-0.014443
0.020061
-0.005819
-0.009177
0.013192
-0.010310
0.008994
-0.022190
0.043645
-0.052377
0.047998
-0.083267
0.269399
-0.587925
0.664472
