-0.222063
0.059977
-0.067593
0.009835
0.024597
-0.000013
-0.017299
-0.000388
0.027899
-0.047133
0.059869
-0.042582
-0.000149
0.013305
0.006119
0.000208
-0.011028
-0.005761
0.016191
0.003335
-0.029962
0.036737
-0.027472
0.021898
-0.020520
0.009935
0.006640
-0.010026
0.004812
-0.004739
0.002428
-0.000576
0.005073
-0.007062
-0.010460
0.022872
-0.027496
0.034016
-0.026789
0.012495
-0.007842
0.012489
-0.016948
0.021230
-0.021052
0.019285
-0.020781
0.010638
-0.003047
0.010855
-0.003012
-0.012836
0.007742
0.005172
-0.011567
-0.008075
0.064721
-0.091533
0.017396
0.042325
0.221152
-0.751651
1.576828
0.949616
0.393535
0.238379
0.214093
0.202490
0.120905
0.061481
0.072981
0.039717
0.136550
0.177413
0.000444
0.026178
0.155493
0.071642
0.117284
-0.003210
0.107523
0.048306
0.083752
0.056858
0.107838
0.016401
0.071518
0.094542
0.050224
0.031939
0.089305
0.083983
0.032991
0.052743
0.065356
0.059992
0.079231
0.016852
0.061914
0.029228
0.105375
0.015153
0.074054
0.021381
0.057159
0.069638
0.050296
0.019550
0.050672
0.075317
0.034602
0.050591
0.018354
0.047544
0.067225
0.031496
0.020988
0.036844
0.036566
0.042404
0.043140
0.016301
0.060974
0.024096
0.053915
0.017535
0.050219
0.029575
0.045628
0.002475
0.055278
0.034623
0.014908
0.049338
0.023518
0.031195
0.033091
0.044403
0.029122
0.022582
0.027760
0.025379
0.036985
0.040064
0.006244
0.025724
0.036188
0.027459
0.026929
0.019524
0.031956
0.007768
0.057161
-0.009294
0.030146
0.046458
0.006479
0.020403
0.004818
0.073955
-0.022077
0.032309
0.022193
0.029928
0.010636
0.026257
0.010044
0.042138
0.008325
0.001001
0.047650
-0.000414
0.024586
0.010811
0.018719
0.027097
0.013098
-0.009409
0.056340
0.008118
-0.003901
0.041399
-0.009616
0.036715
0.007424
0.010136
0.024846
-0.003854
0.018628
0.031894
-0.000813
0.017431
0.010894
0.003993
0.026411
0.006742
0.008836
0.019791
0.014849
0.001502
0.025239
0.000122
0.032375
-0.002157
0.009281
0.017448
0.023083
0.013288
-0.009922
0.018330
0.026494
0.002401
0.011008
-0.001908
0.021927
0.019308
0.003273
0.001121
0.021624
-0.001123
0.026604
-0.010384
0.016384
0.021731
-0.000409
0.008764
0.015570
0.002029
0.016289
-0.003376
0.026464
0.011540
-0.001105
0.013655
0.004648
0.020220
-0.005591
0.009780
0.010630
0.002392
0.012117
0.013887
0.002741
0.007926
-0.011351
0.014625
0.022093
0.010450
-0.016226
0.014000
0.026497
-0.011262
0.015444
0.008795
-0.013581
0.032914
-0.020358
0.023875
0.000440
0.013371
0.015734
-0.018466
0.010081
0.009980
0.020132
-0.007754
0.008509
-0.000903
0.010470
0.003337
0.002565
0.012082
-0.013818
0.018025
0.021251
-0.005212
-0.015440
0.026312
-0.000431
0.006014
-0.012447
0.020406
0.007284
-0.008763
0.013499
-0.008439
0.017881
-0.002583
0.010766
-0.013500
0.000646
0.039065
-0.040223
0.032907
-0.011681
0.014130
0.002150
0.002865
0.001628
-0.002700
0.012553
0.002162
-0.006764
0.018047
-0.006270
0.000671
0.010991
0.006510
-0.027228
0.023822
-0.002279
0.010593
0.003792
-0.006462
0.004316
0.015091
-0.014517
0.004512
0.011983
0.009116
-0.009961
0.001958
0.018528
-0.009045
0.010636
-0.009888
-0.001410
0.013402
-0.014529
0.011397
0.011867
-0.015232
-0.008670
0.030388
-0.008874
0.005665
-0.009171
0.002234
0.022983
-0.013883
-0.002982
0.004320
0.008115
-0.000727
-0.014913
0.006610
0.028725
-0.030946
0.003135
0.011526
-0.004468
0.010699
-0.011716
0.016130
-0.015583
0.015283
-0.004778
-0.002226
-0.004703
0.001238
0.014654
-0.007442
-0.004223
-0.000527
0.019017
-0.005256
-0.015469
0.014968
-0.002315
-0.007719
0.013697
-0.004287
0.000330
-0.008872
0.006512
0.011923
-0.017011
0.015508
-0.008146
0.006491
-0.027319
0.025387
0.000005
0.013082
-0.028597
0.008006
0.008194
-0.002859
-0.019271
0.024072
-0.007176
-0.005703
0.002245
0.002654
0.000689
-0.003281
-0.011646
0.012211
-0.001058
0.020161
-0.034356
0.023679
-0.035832
0.040480
-0.021000
0.018789
-0.026661
0.016157
-0.012286
0.015461
-0.000509
-0.002289
-0.003151
0.002666
-0.017148
0.011234
0.000234
-0.021340
0.046079
-0.018736
-0.015448
0.015473
-0.022004
0.012145
0.001688
-0.008169
0.001836
0.001247
-0.006150
-0.006851
0.025081
-0.026604
0.013234
-0.014454
0.013825
-0.002202
-0.008443
-0.002633
0.000805
0.014086
-0.011731
-0.002241
-0.004667
0.024258
-0.028947
0.016191
0.000942
-0.015131
-0.003158
0.006916
0.014148
-0.019589
0.006564
-0.012587
0.035555
-0.053761
0.035346
-0.013523
-0.005611
0.014609
-0.013342
-0.004779
0.005104
0.018183
-0.015516
0.005560
-0.001111
-0.021856
0.005353
0.001313
0.021647
-0.024598
-0.001171
-0.003582
0.027435
-0.024023
-0.014688
0.012481
-0.002417
0.010323
-0.008115
-0.013418
0.020517
-0.014904
-0.001754
0.019704
-0.024006
0.006706
-0.014879
0.023901
-0.023973
0.013115
-0.012143
0.007210
-0.008829
0.002979
-0.016982
0.019744
0.003109
-0.008529
0.007455
-0.032940
0.034776
-0.002579
-0.014376
-0.012892
0.003763
0.008424
-0.003410
-0.010112
0.003709
0.001535
-0.008345
-0.011600
0.029584
-0.016833
-0.006294
0.018032
-0.012684
-0.004677
-0.005825
0.004262
0.005398
-0.015780
0.012085
-0.010228
-0.005647
0.003461
-0.001821
-0.001133
0.010340
-0.018956
-0.010831
0.030249
-0.016606
-0.005698
-0.006191
0.012358
0.003250
-0.007126
-0.005849
-0.004742
-0.002662
0.001262
0.014058
-0.031705
0.011596
0.010844
-0.019017
0.017213
-0.027169
0.024897
-0.024138
0.028746
-0.038640
0.047813
-0.056312
0.031679
-0.015998
0.026501
-0.040163
-0.001684
0.024846
-0.009245
-0.007921
0.008272
-0.002991
-0.008597
-0.004235
0.002888
0.020432
-0.012825
-0.029441
0.019004
0.009638
-0.006277
-0.023491
0.015808
0.002142
0.006531
-0.017067
-0.004176
0.015802
-0.024426
0.020927
-0.012276
0.009389
-0.019804
0.008352
0.020321
0.008290
0.032736
0.011106
-0.013696
-0.007691
0.012730
0.003615
-0.008970
0.006670
-0.006917
-0.003393
-0.001114
0.024789
-0.014105
-0.006090
0.004259
0.012801
0.007755
-0.009071
0.011354
0.008354
-0.000878
-0.016653
0.025654
-0.007901
-0.004411
-0.010350
0.014050
-0.003684
0.009998
-0.000974
-0.011866
-0.002151
0.020880
-0.009627
-0.003646
0.010051
0.009235
-0.028708
0.022856
-0.016018
0.012666
-0.011603
0.015009
-0.017683
0.020441
-0.014765
0.010655
-0.009011
0.010861
-0.012646
-0.002011
0.022480
-0.011247
-0.018881
0.021573
-0.015775
0.022458
-0.026444
0.023750
-0.026832
0.017742
-0.008661
-0.001947
0.015282
0.003113
-0.015066
0.000714
0.005187
-0.001127
-0.002826
0.003990
-0.003663
0.016600
-0.024171
0.020971
-0.006620
0.000560
-0.007727
0.002925
-0.001667
0.016579
-0.017079
0.002988
0.003466
-0.006704
-0.003734
0.005694
0.002515
0.001457
-0.010690
0.008405
0.015830
-0.017066
-0.005251
0.011729
-0.004768
0.011451
0.000839
-0.013263
0.013598
-0.002957
-0.006144
0.011822
-0.009628
-0.002379
-0.003733
-0.000919
0.013048
-0.011468
0.013412
-0.018782
0.006901
0.014624
-0.016242
-0.008579
0.018356
0.008148
-0.024343
0.009948
0.000083
-0.012501
0.016707
-0.014924
0.031950
-0.021443
-0.005993
0.011666
-0.014909
0.028637
-0.017893
-0.005544
0.008632
-0.000340
-0.014380
0.031147
-0.039405
0.020959
-0.004933
-0.002769
0.023053
-0.014569
-0.007656
0.007753
0.002370
0.002117
-0.003056
-0.011974
0.010747
0.018452
-0.038245
0.036754
-0.022870
0.001474
0.000696
-0.004692
0.018796
-0.014610
-0.000116
0.003050
-0.002060
0.003294
-0.001254
-0.014731
0.020037
-0.005071
-0.014114
0.029896
-0.033075
0.027353
-0.027398
0.017942
0.000467
-0.004855
-0.001246
-0.005388
0.007511
-0.003268
0.008468
-0.018410
0.019582
0.004510
-0.024413
0.002611
0.023139
-0.012855
-0.003718
-0.001898
0.007017
-0.008101
0.012709
-0.013946
0.011701
-0.009067
0.003504
-0.009764
0.022538
-0.015649
0.000799
-0.004339
0.013122
-0.012330
-0.000811
0.007588
-0.007803
0.004225
-0.000314
-0.012764
0.013853
0.007119
-0.012498
-0.009931
0.033565
-0.016964
-0.005752
-0.000993
0.012342
-0.006883
0.003740
-0.004825
0.000445
0.000348
-0.004055
0.006932
-0.009294
0.010059
0.007882
-0.033731
0.039370
-0.019931
0.004474
-0.007314
0.006083
-0.004174
0.003603
-0.006715
0.011879
-0.019235
0.018650
-0.017399
0.009629
0.012420
-0.023009
0.024833
-0.012934
-0.010994
0.011504
-0.000313
0.001522
-0.007179
-0.003689
0.004401
0.024103
-0.035130
0.011166
0.006162
-0.008860
0.020597
-0.035058
0.013950
0.009299
-0.002536
-0.002921
-0.002242
-0.004742
0.010630
-0.006231
-0.002571
0.015845
0.004474
-0.031611
0.011970
0.021225
-0.005635
-0.015117
-0.004442
0.034031
-0.030883
0.005618
-0.001192
0.013194
-0.013650
0.004772
0.009042
-0.004718
-0.015413
0.014216
0.007852
-0.004774
0.005829
-0.012619
0.019476
-0.005350
0.006662
-0.025899
0.021700
-0.002980
0.005115
-0.018523
0.021648
-0.024466
0.052991
-0.063380
0.036992
-0.016832
0.009972
-0.001318
-0.002492
0.009152
-0.006449
0.001238
-0.008637
0.022895
-0.033850
0.015917
0.000508
-0.007723
0.005935
0.011989
-0.008037
-0.012624
0.024473
0.006111
-0.009741
-0.005742
0.020721
-0.004208
0.002802
-0.013888
0.023773
-0.012155
0.003380
0.013543
-0.021592
0.017206
-0.009466
0.010911
-0.007508
0.005973
0.002382
-0.002402
-0.005073
0.005569
-0.009797
0.017001
-0.010885
0.007956
-0.016937
0.030709
-0.021412
0.013094
-0.020357
0.010829
0.014117
-0.014286
-0.006824
0.029970
-0.017491
-0.000883
-0.016114
0.034224
-0.024415
0.030340
-0.072489
0.109577
-0.065805
-0.009829
0.014323
-0.004442
-0.001786
0.008385
-0.010144
0.011996
-0.011264
0.001509
-0.000842
0.006656
-0.012521
0.010594
0.003922
-0.008485
-0.003647
0.009447
-0.014514
0.011255
-0.018259
0.019852
-0.014862
0.010094
-0.005152
-0.004355
0.002726
0.005871
0.002881
-0.013746
-0.003345
0.012491
-0.001003
-0.023029
0.019347
0.002783
-0.004689
0.000595
-0.021661
0.028846
-0.017771
0.005716
0.004655
-0.009917
-0.012150
0.012882
0.002800
-0.002445
0.003364
-0.021591
0.008477
0.014541
-0.032826
0.016823
-0.013017
0.033427
-0.030697
0.008726
-0.013193
0.013373
0.005054
-0.031345
0.041341
-0.039880
0.024777
-0.045981
0.199279
-0.477325
0.539866
