-0.254880
0.038074
-0.039085
-0.005618
0.032502
-0.002965
-0.022865
0.005377
0.030035
-0.052190
0.070808
-0.056490
0.014452
0.010332
0.010814
-0.021400
0.005380
-0.002751
0.006035
0.011442
-0.021780
0.025874
-0.025038
0.014153
0.011983
-0.024637
0.014339
-0.000557
0.005423
-0.020107
0.016233
0.002392
-0.004267
-0.002869
0.005320
0.007686
-0.017018
0.008946
0.008821
-0.003671
0.003022
-0.017428
0.023713
-0.004523
-0.019885
0.019802
-0.008693
0.007364
0.001637
-0.016937
0.022079
-0.010355
0.003881
0.004396
-0.008763
-0.018873
0.087616
-0.108459
0.004226
0.087780
0.226091
-0.833612
1.663971
1.103583
0.128287
-0.008145
0.228608
0.261126
0.017603
-0.027618
0.104438
0.053077
0.113165
0.184309
-0.023280
0.042540
0.154264
0.128342
0.038293
0.024588
0.106182
0.061682
0.078700
0.030363
0.099478
0.049337
0.048346
0.095336
0.036295
0.044788
0.086907
0.075465
-0.002347
0.086060
0.042149
0.050983
0.085401
0.010283
0.050275
0.064123
0.060084
0.031649
0.033383
0.046476
0.074355
0.031605
0.028581
0.047900
0.061826
0.031736
0.040336
0.044606
0.042065
0.038842
0.046029
0.022783
0.043837
0.047616
0.027943
0.028231
0.061538
0.022010
0.027061
0.035036
0.053135
0.011167
0.033260
0.044720
0.048130
-0.012879
0.053630
0.046186
0.009620
0.033982
0.044798
0.022772
0.033605
0.023684
0.045105
0.025378
0.013118
0.040701
0.025712
0.028300
0.035218
0.019970
0.032742
0.012073
0.039365
0.015846
0.028777
0.038432
0.013020
0.027077
0.026429
0.028664
0.011182
0.024728
0.016763
0.041220
0.010995
0.023154
0.023608
0.021058
0.014537
0.032610
0.004701
0.040588
0.018939
-0.005895
0.032762
0.023618
0.019968
0.016315
0.008909
0.035658
0.004102
0.017619
0.030951
0.015014
-0.006084
0.034629
0.018171
0.024919
-0.004911
0.029707
0.007624
0.023653
0.013441
0.006446
0.022587
0.028448
0.002469
-0.000770
0.038697
0.003306
0.011393
0.014467
0.012928
0.018963
0.016109
-0.005814
0.018445
0.021695
0.008250
0.015051
-0.005020
0.041316
-0.009057
0.005380
0.018614
0.028759
-0.002088
0.010652
0.011040
0.018659
0.005993
0.016324
0.005456
0.013005
0.010227
0.013561
-0.000698
0.039969
-0.009102
-0.004327
0.030860
0.022389
-0.011664
0.003269
0.025668
0.012062
0.004248
-0.002822
0.032303
-0.005853
0.009732
0.002025
0.008191
0.014036
0.011124
0.000188
0.018439
-0.007854
0.015583
0.013298
0.006343
0.009304
-0.005226
0.009351
0.021076
-0.002770
0.010162
-0.004734
0.007102
0.016330
0.010908
-0.002953
0.014998
0.003461
-0.005802
0.020455
0.011595
-0.004403
0.007933
0.007559
0.005851
0.004664
0.011709
-0.003589
-0.000064
0.019169
0.010964
-0.015792
0.033243
-0.006052
0.003633
-0.003868
0.026818
-0.012925
0.019927
-0.014250
0.031243
-0.005930
0.007652
-0.009804
0.014259
0.011208
-0.004838
0.000122
0.015149
0.004406
-0.003167
0.008029
0.004279
0.011819
-0.007683
0.006036
0.009216
0.009756
-0.008689
0.008244
0.000735
0.014706
-0.004753
-0.000854
0.012665
0.004114
-0.004061
0.010612
0.005808
0.000275
0.002820
-0.003997
0.012752
0.009069
-0.004553
0.000957
0.001034
0.011257
0.004970
-0.014752
0.011920
0.017712
-0.014731
0.002100
0.017522
-0.007375
0.005982
0.008443
-0.004760
-0.003333
0.001708
0.024431
-0.021451
0.020223
-0.012441
0.002056
0.015126
0.003082
-0.021418
0.033028
-0.011764
0.005129
-0.005512
0.014880
0.008578
-0.019808
0.007580
0.010142
-0.002550
0.008834
-0.003125
-0.002471
0.008994
0.009065
-0.006839
-0.007152
0.011447
-0.002448
0.019982
-0.016087
0.010918
-0.016736
0.024459
-0.002757
-0.002234
0.013943
-0.011471
0.001011
0.007537
-0.007144
-0.002621
0.008818
0.006340
0.005932
-0.020844
0.007761
0.004748
0.013497
-0.017824
0.011458
0.000746
0.014135
-0.020570
0.000804
0.018444
-0.000045
-0.016312
0.012195
0.000417
0.002770
0.001907
-0.008848
0.014303
-0.003272
-0.001559
0.006221
-0.010399
0.014183
0.002027
-0.014717
0.009360
0.000955
-0.003020
0.001219
0.008473
-0.003828
-0.000049
-0.011994
0.028875
-0.008848
0.003030
-0.001107
0.010939
-0.006903
-0.000573
-0.012400
0.022679
0.003272
-0.006460
-0.014239
0.013982
-0.006289
0.021249
-0.018626
0.005899
-0.001950
-0.002698
0.008732
-0.012881
0.028065
-0.017698
-0.002520
0.012262
0.005637
-0.009827
-0.001893
0.008007
0.005373
-0.013649
0.015568
-0.005694
0.000109
-0.004748
0.002053
0.002344
-0.000670
-0.006745
0.007373
0.008129
0.003883
-0.012938
-0.005976
0.013856
-0.004563
0.005180
-0.007214
0.008189
-0.003639
0.003740
-0.006689
-0.005272
0.009945
0.002135
-0.007685
0.006087
-0.013747
0.011054
-0.001163
0.005392
0.000332
-0.012599
0.002975
0.007338
0.004265
-0.008030
-0.007558
0.003278
0.009335
-0.004917
-0.006212
0.009781
0.004200
-0.017706
0.010898
-0.005234
0.004288
0.002391
-0.002684
0.009336
-0.012448
0.006464
0.005878
-0.008891
0.008603
-0.012611
-0.003275
0.020187
0.000462
-0.013636
0.003616
0.000668
0.003007
-0.011816
0.007882
0.004450
0.003670
-0.001159
-0.023921
0.021947
0.012455
-0.030380
0.004426
0.019585
-0.000115
-0.008798
-0.013586
0.015781
-0.001673
-0.007182
-0.000501
0.030112
-0.032006
0.001177
0.011216
-0.010618
0.018916
-0.021635
0.009728
0.013761
-0.013384
-0.011109
0.016788
-0.004747
0.000688
-0.011624
0.011931
-0.002858
-0.000920
0.002901
-0.000474
-0.011800
0.019068
-0.006516
-0.013696
0.016585
0.003265
-0.024594
0.018151
-0.008105
0.003010
-0.001849
0.002476
0.012655
-0.014477
0.000803
-0.007243
0.006797
0.008910
-0.016607
-0.006176
0.017127
0.001554
-0.013092
0.004393
0.004279
0.006974
-0.017844
0.000240
0.007774
-0.005182
0.007342
-0.006298
0.000401
0.006764
-0.007385
-0.014069
0.026949
-0.012623
0.000756
-0.008577
0.012756
0.000826
-0.009816
-0.007835
0.017587
-0.010746
0.004278
-0.004664
-0.002230
0.001666
0.013385
-0.025998
0.012747
0.011605
-0.014704
0.001251
-0.003265
0.010328
-0.008634
-0.007393
0.008874
0.009729
-0.013994
-0.003815
0.011433
0.004673
-0.010528
-0.022216
0.040987
-0.016304
-0.013264
0.000506
0.009721
-0.004891
0.007711
-0.007084
0.006810
-0.009400
0.005885
-0.007082
0.001905
0.004009
-0.003319
-0.018122
0.028151
-0.007891
-0.007905
-0.002945
0.002491
0.010112
-0.000901
-0.013071
0.008340
-0.001218
-0.010897
0.012146
0.000124
0.001557
-0.006625
-0.005095
0.014786
-0.001791
-0.011550
-0.003372
0.009639
-0.012572
0.019077
-0.016952
0.008667
0.000341
0.000040
-0.009650
0.006323
-0.005808
0.009777
0.000183
-0.006226
-0.004810
-0.003046
0.018832
-0.027191
0.026522
-0.020078
0.006677
-0.000136
0.006347
-0.016669
0.019780
-0.016489
0.012520
-0.007443
-0.008140
0.014183
-0.002485
-0.001532
-0.015525
0.022441
-0.012577
0.009308
-0.018745
0.024713
-0.020153
0.008658
-0.005015
-0.011895
0.020058
-0.008304
-0.005443
0.011949
-0.002243
0.001126
-0.013473
0.002900
0.016799
-0.017360
0.002043
0.003864
-0.005302
0.011585
-0.006437
-0.006390
0.009479
0.002156
-0.022693
0.024153
-0.008712
-0.001164
-0.003519
-0.000857
0.004141
0.011639
-0.028670
0.025246
-0.006590
-0.012571
0.005793
-0.002840
0.013717
0.003510
-0.010146
0.013930
-0.004232
-0.010747
0.012074
-0.009711
-0.006742
0.018460
-0.003464
0.003874
-0.001786
-0.014730
0.010087
-0.005064
0.010620
-0.000646
-0.017660
0.014520
0.001327
-0.001935
0.002541
-0.008953
0.003561
0.017198
-0.024888
0.009281
0.009229
-0.007843
-0.003013
-0.005674
0.021164
-0.010504
-0.010778
0.002956
0.016479
-0.013662
0.000681
-0.003850
0.014064
-0.010267
-0.001632
0.010629
0.000335
0.004503
-0.000236
-0.007598
0.007672
0.000496
-0.013446
0.016989
0.002668
-0.005694
-0.005443
0.017119
-0.023424
0.013350
-0.011012
0.025777
-0.030566
0.019742
-0.004196
0.006572
-0.003658
-0.008784
-0.001980
0.018495
0.003493
-0.028438
0.021984
0.002456
-0.008709
-0.008694
0.013044
-0.000296
0.001960
-0.015652
0.022506
-0.022161
0.025678
-0.014290
-0.003494
0.010562
0.000023
-0.008240
0.003139
-0.002532
0.011316
-0.012171
0.001114
0.005759
0.007722
-0.014510
0.001289
-0.000886
0.016460
-0.008909
-0.022545
0.037861
-0.016723
-0.006214
0.006194
0.017843
-0.022479
0.004586
-0.008770
0.013334
-0.000896
0.000196
-0.004845
0.001292
0.001458
0.005686
-0.007422
-0.007397
0.010087
0.010288
-0.018537
0.008795
-0.000961
0.007054
-0.013954
0.012067
-0.010858
0.014933
-0.012782
0.004356
0.011661
-0.019720
0.005820
0.010957
-0.000899
-0.017685
0.019484
-0.017735
0.021825
-0.012028
0.003590
-0.010653
0.005451
0.006173
-0.003984
-0.002667
0.019812
-0.015356
-0.010048
0.025343
-0.014184
-0.005148
0.001060
0.004688
0.009970
-0.005633
-0.002932
0.005581
-0.012088
0.005534
0.002256
0.004430
0.021700
-0.024259
0.001661
0.023590
0.011022
-0.021325
0.021843
-0.013802
0.017816
-0.022709
0.032130
-0.042596
0.061729
-0.053690
0.033041
-0.025579
0.026617
-0.007332
-0.001305
0.012674
-0.007567
0.004690
-0.003107
-0.005849
0.009957
-0.001290
0.001111
0.000110
-0.003663
0.005615
0.006647
-0.010348
0.011317
-0.011042
0.007299
-0.001174
0.009722
-0.013416
0.002752
0.008971
0.002331
-0.007581
0.004179
0.007531
0.001801
-0.013811
0.021757
-0.010453
0.007222
-0.012557
-0.000216
0.019937
-0.010059
0.001926
-0.002883
0.017334
-0.003164
-0.011814
0.011773
-0.001509
0.006464
-0.011849
0.004437
-0.002285
0.013275
-0.007511
-0.008814
0.015257
-0.008338
0.017707
-0.029490
0.029041
-0.011576
0.017735
-0.065421
0.105401
-0.066105
-0.002875
-0.007716
0.017841
0.008989
-0.010111
-0.010979
0.014492
0.003202
-0.011747
0.016761
-0.026347
0.017050
0.009066
-0.011081
-0.009115
0.007496
0.005803
-0.007491
0.006828
-0.018487
0.022662
-0.022915
0.022266
-0.011278
-0.014761
0.022663
-0.017093
0.019878
-0.022476
0.012833
-0.005402
0.005511
-0.008097
0.014027
-0.018397
0.006206
0.004030
-0.003529
-0.007785
0.004277
0.003858
-0.005722
0.009478
-0.016931
0.010032
-0.010579
0.013064
-0.011482
-0.008787
0.019326
-0.014947
0.008942
-0.007671
0.001495
-0.009076
0.013736
-0.006283
-0.001818
-0.006696
0.007664
-0.016772
0.040178
-0.059861
0.049408
-0.076305
0.250392
-0.558175
0.635393
