0.002072
0.001835
0.001478
0.001067
0.000668
0.000330
0.000082
-0.000074
-0.000151
-0.000175
-0.000171
-0.000161
-0.000158
-0.000169
-0.000194
-0.000229
-0.000270
-0.000312
-0.000351
-0.000387
-0.000418
-0.000444
-0.000466
-0.000482
-0.000493
-0.000498
-0.000496
-0.000489
-0.000478
-0.000465
-0.000455
-0.000450
-0.000453
-0.000465
-0.000486
-0.000514
-0.000545
-0.000575
-0.000599
-0.000614
-0.000618
-0.000609
-0.000586
-0.000546
-0.000478
-0.000355
-0.000118
0.000348
0.001243
0.002904
0.005846
0.010816
0.018797
0.030979
0.048630
0.072879
0.104410
0.143122
0.187842
0.236198
0.284733
0.329307
0.365727
0.390469
0.401337
0.397852
0.381300
0.354413
0.320787
0.284216
0.248078
0.214929
0.186333
0.162913
0.144557
0.130679
0.120468
0.113085
0.107778
0.103936
0.101100
0.098937
0.097215
0.095772
0.094496
0.093308
0.092153
0.090995
0.089814
0.088603
0.087366
0.086113
0.084858
0.083616
0.082397
0.081206
0.080043
0.078904
0.077785
0.076680
0.075587
0.074505
0.073435
0.072378
0.071336
0.070313
0.069311
0.068334
0.067387
0.066479
0.065615
0.064803
0.064048
0.063352
0.062717
0.062138
0.061610
0.061122
0.060662
0.060212
0.059756
0.059274
0.058747
0.058159
0.057498
0.056760
0.055948
0.055070
0.054141
0.053181
0.052207
0.051235
0.050278
0.049342
0.048426
0.047522
0.046614
0.045684
0.044713
0.043693
0.042627
0.041538
0.040465
0.039461
0.038579
0.037862
0.037334
0.036991
0.036802
0.036721
0.036691
0.036660
0.036587
0.036445
0.036225
0.035930
0.035573
0.035169
0.034737
0.034295
0.033856
0.033431
0.033028
0.032648
0.032290
0.031949
0.031615
0.031278
0.030928
0.030557
0.030159
0.029732
0.029281
0.028814
0.028341
0.027874
0.027425
0.027003
0.026611
0.026252
0.025922
0.025615
0.025324
0.025044
0.024769
0.024497
0.024228
0.023962
0.023698
0.023436
0.023173
0.022907
0.022638
0.022365
0.022091
0.021820
0.021556
0.021304
0.021066
0.020841
0.020628
0.020421
0.020215
0.020005
0.019787
0.019557
0.019312
0.019053
0.018778
0.018489
0.018187
0.017876
0.017559
0.017241
0.016927
0.016620
0.016325
0.016042
0.015776
0.015526
0.015296
0.015086
0.014898
0.014730
0.014582
0.014450
0.014328
0.014212
0.014093
0.013965
0.013824
0.013665
0.013489
0.013298
0.013099
0.012901
0.012711
0.012536
0.012381
0.012246
0.012127
0.012019
0.011916
0.011812
0.011701
0.011577
0.011438
0.011281
0.011104
0.010909
0.010698
0.010478
0.010257
0.010042
0.009841
0.009658
0.009499
0.009363
0.009249
0.009155
0.009075
0.009006
0.008945
0.008891
0.008841
0.008796
0.008755
0.008716
0.008676
0.008630
0.008572
0.008498
0.008405
0.008292
0.008163
0.008023
0.007879
0.007739
0.007604
0.007477
0.007353
0.007228
0.007093
0.006944
0.006778
0.006597
0.006405
0.006214
0.006033
0.005876
0.005751
0.005664
0.005617
0.005605
0.005620
0.005653
0.005692
0.005726
0.005748
0.005750
0.005729
0.005684
0.005615
0.005524
0.005416
0.005297
0.005173
0.005050
0.004934
0.004825
0.004724
0.004628
0.004533
0.004438
0.004341
0.004243
0.004149
0.004063
0.003987
0.003926
0.003879
0.003845
0.003818
0.003792
0.003764
0.003727
0.003680
0.003622
0.003555
0.003481
0.003401
0.003318
0.003233
0.003147
0.003061
0.002978
0.002899
0.002825
0.002758
0.002698
0.002644
0.002597
0.002557
0.002521
0.002490
0.002459
0.002427
0.002389
0.002345
0.002295
0.002242
0.002190
0.002144
0.002110
0.002091
0.002088
0.002101
0.002125
0.002156
0.002189
0.002217
0.002237
0.002243
0.002234
0.002206
0.002158
0.002091
0.002004
0.001903
0.001792
0.001679
0.001570
0.001473
0.001393
0.001331
0.001288
0.001259
0.001242
0.001232
0.001228
0.001230
0.001238
0.001255
0.001283
0.001323
0.001373
0.001427
0.001480
0.001523
0.001549
0.001551
0.001529
0.001481
0.001414
0.001332
0.001244
0.001158
0.001079
0.001012
0.000958
0.000917
0.000888
0.000869
0.000860
0.000859
0.000866
0.000879
0.000896
0.000910
0.000917
0.000911
0.000890
0.000851
0.000796
0.000728
0.000655
0.000583
0.000520
0.000470
0.000438
0.000426
0.000433
0.000455
0.000488
0.000527
0.000564
0.000595
0.000612
0.000610
0.000585
0.000537
0.000468
0.000382
0.000287
0.000191
0.000101
0.000023
-0.000041
-0.000092
-0.000129
-0.000156
-0.000173
-0.000178
-0.000171
-0.000150
-0.000115
-0.000069
-0.000017
0.000034
0.000076
0.000104
0.000112
0.000100
0.000069
0.000025
-0.000029
-0.000085
-0.000139
-0.000188
-0.000229
-0.000262
-0.000287
-0.000305
-0.000318
-0.000327
-0.000334
-0.000339
-0.000342
-0.000342
-0.000341
-0.000337
-0.000332
-0.000327
-0.000324
-0.000326
-0.000335
-0.000351
-0.000373
-0.000400
-0.000428
-0.000453
-0.000473
-0.000485
-0.000487
-0.000480
-0.000467
-0.000449
-0.000431
-0.000416
-0.000406
-0.000404
-0.000411
-0.000426
-0.000449
-0.000479
-0.000511
-0.000544
-0.000574
-0.000598
-0.000614
-0.000624
-0.000629
-0.000633
-0.000641
-0.000655
-0.000674
-0.000697
-0.000719
-0.000733
-0.000735
-0.000720
-0.000687
-0.000639
-0.000579
-0.000515
-0.000455
-0.000405
-0.000372
-0.000358
-0.000364
-0.000389
-0.000426
-0.000471
-0.000518
-0.000561
-0.000596
-0.000618
-0.000625
-0.000617
-0.000594
-0.000557
-0.000511
-0.000461
-0.000414
-0.000374
-0.000347
-0.000334
-0.000334
-0.000346
-0.000365
-0.000387
-0.000407
-0.000423
-0.000433
-0.000435
-0.000432
-0.000423
-0.000412
-0.000400
-0.000389
-0.000382
-0.000380
-0.000383
-0.000389
-0.000391
-0.000384
-0.000359
-0.000307
-0.000223
-0.000105
0.000042
0.000210
0.000387
0.000558
0.000709
0.000827
0.000903
0.000935
0.000921
0.000867
0.000782
0.000673
0.000554
0.000433
0.000319
0.000217
0.000131
0.000060
0.000004
-0.000040
-0.000074
-0.000098
-0.000115
-0.000124
-0.000126
-0.000121
-0.000109
-0.000094
-0.000079
-0.000066
-0.000058
-0.000057
-0.000063
-0.000074
-0.000088
-0.000100
-0.000110
-0.000116
-0.000115
-0.000110
-0.000099
-0.000083
-0.000063
-0.000040
-0.000015
0.000008
0.000027
0.000042
0.000052
0.000060
0.000071
0.000090
0.000120
0.000166
0.000227
0.000303
0.000392
0.000492
0.000606
0.000733
0.000876
0.001035
0.001203
0.001374
0.001532
0.001664
0.001753
0.001791
0.001774
0.001707
0.001600
0.001471
0.001335
0.001206
0.001094
0.001003
0.000930
0.000871
0.000820
0.000770
0.000717
0.000659
0.000595
0.000528
0.000459
0.000392
0.000331
0.000277
0.000235
0.000204
0.000184
0.000173
0.000171
0.000173
0.000179
0.000186
0.000196
0.000206
0.000218
0.000233
0.000250
0.000268
0.000288
0.000307
0.000325
0.000340
0.000350
0.000355
0.000355
0.000350
0.000342
0.000332
0.000322
0.000313
0.000307
0.000302
0.000298
0.000291
0.000280
0.000262
0.000239
0.000211
0.000183
0.000159
0.000143
0.000138
0.000144
0.000159
0.000179
0.000200
0.000219
0.000230
0.000235
0.000231
0.000222
0.000210
0.000201
0.000201
0.000215
0.000247
0.000299
0.000367
0.000446
0.000527
0.000601
0.000659
0.000697
0.000715
0.000714
0.000698
0.000671
0.000635
0.000593
0.000548
0.000501
0.000456
0.000418
0.000392
0.000383
0.000397
0.000438
0.000508
0.000605
0.000726
0.000862
0.001003
0.001136
0.001248
0.001329
0.001373
0.001377
0.001345
0.001285
0.001208
0.001126
0.001049
0.000985
0.000941
0.000916
0.000908
0.000914
0.000926
0.000938
0.000945
0.000942
0.000927
0.000898
0.000856
0.000803
0.000742
0.000679
0.000618
0.000564
0.000525
0.000502
0.000500
0.000516
0.000549
0.000592
0.000638
0.000679
0.000709
0.000723
0.000718
0.000697
0.000663
0.000622
0.000579
0.000541
0.000510
0.000491
0.000482
0.000483
0.000491
0.000504
0.000518
0.000530
0.000539
0.000543
0.000543
0.000537
0.000528
0.000516
0.000501
0.000485
0.000471
0.000460
0.000453
0.000452
0.000455
0.000462
0.000470
0.000476
0.000478
0.000477
0.000472
0.000464
0.000457
0.000452
0.000450
0.000451
0.000457
0.000464
0.000472
0.000479
0.000482
0.000481
0.000474
0.000462
0.000444
0.000421
0.000397
0.000373
0.000353
0.000340
0.000335
0.000339
0.000350
0.000367
0.000386
0.000403
0.000416
0.000426
0.000431
0.000433
0.000432
0.000430
0.000426
0.000422
0.000416
0.000410
0.000403
0.000397
0.000390
0.000386
0.000383
0.000381
0.000382
0.000383
0.000385
0.000388
0.000389
0.000388
0.000386
0.000380
0.000370
0.000355
0.000335
0.000311
0.000286
0.000262
0.000243
0.000235
0.000238
0.000254
0.000282
0.000315
0.000350
0.000380
0.000400
0.000410
0.000408
0.000397
0.000380
0.000361
0.000343
0.000330
0.000323
0.000323
0.000330
0.000344
0.000362
0.000382
0.000401
0.000417
0.000428
0.000434
0.000435
0.000431
0.000423
0.000413
0.000401
0.000387
0.000374
0.000361
0.000348
0.000335
0.000322
0.000308
0.000292
0.000277
0.000264
0.000256
0.000257
0.000267
0.000287
0.000315
0.000347
0.000380
0.000411
0.000438
0.000462
0.000483
0.000502
0.000519
0.000536
0.000553
0.000570
0.000587
0.000603
0.000618
0.000631
0.000638
0.000638
0.000629
0.000611
0.000587
0.000557
0.000525
0.000495
0.000467
0.000444
0.000425
0.000409
0.000395
0.000383
0.000373
0.000365
0.000361
0.000363
0.000371
0.000385
0.000403
0.000423
0.000443
0.000461
0.000478
0.000497
0.000519
0.000550
0.000589
0.000637
0.000687
0.000733
0.000764
0.000770
0.000744
0.000678
0.000571
0.000423
0.000239
0.000028
-0.000200
-0.000428
-0.000639
-0.000815
-0.000942
-0.001012
-0.001025
-0.000990
-0.000922
-0.000835
-0.000745
-0.000658
-0.000580
-0.000510
-0.000446
-0.000388
-0.000338
-0.000302
-0.000286
-0.000295
-0.000330
-0.000391
-0.000472
-0.000566
-0.000665
-0.000760
-0.000846
-0.000919
-0.000980
-0.001030
-0.001071
-0.001107
-0.001140
-0.001173
-0.001205
-0.001236
-0.001265
-0.001290
-0.001310
-0.001327
-0.001340
-0.001352
-0.001363
-0.001372
-0.001381
-0.001387
-0.001390
-0.001391
-0.001390
-0.001392
-0.001396
-0.001407
-0.001424
-0.001448
-0.001480
-0.001516
-0.001556
-0.001595
-0.001627
-0.001642
-0.001625
-0.001557
-0.001417
-0.001185
-0.000849
-0.000409
0.000113
0.000678
0.001225
0.001688
0.002006
0.002137
