0.003402
0.002953
0.002329
0.001640
0.000991
0.000462
0.000089
-0.000130
-0.000227
-0.000246
-0.000236
-0.000230
-0.000248
-0.000297
-0.000369
-0.000454
-0.000538
-0.000610
-0.000662
-0.000692
-0.000702
-0.000697
-0.000683
-0.000668
-0.000658
-0.000658
-0.000670
-0.000694
-0.000728
-0.000768
-0.000811
-0.000853
-0.000890
-0.000920
-0.000943
-0.000957
-0.000964
-0.000966
-0.000966
-0.000967
-0.000970
-0.000976
-0.000982
-0.000979
-0.000947
-0.000848
-0.000608
-0.000094
0.000932
0.002864
0.006317
0.012184
0.021663
0.036213
0.057400
0.086629
0.124755
0.171656
0.225864
0.284413
0.342986
0.396443
0.439633
0.468318
0.479996
0.474366
0.453328
0.420527
0.380562
0.338112
0.297171
0.260571
0.229831
0.205294
0.186443
0.172278
0.161651
0.153507
0.147009
0.141572
0.136837
0.132607
0.128786
0.125329
0.122202
0.119373
0.116801
0.114439
0.112243
0.110174
0.108202
0.106307
0.104482
0.102727
0.101049
0.099456
0.097955
0.096544
0.095216
0.093954
0.092733
0.091527
0.090311
0.089064
0.087778
0.086452
0.085098
0.083729
0.082365
0.081020
0.079706
0.078430
0.077192
0.075991
0.074824
0.073690
0.072586
0.071511
0.070462
0.069438
0.068433
0.067446
0.066474
0.065513
0.064563
0.063623
0.062694
0.061775
0.060867
0.059968
0.059077
0.058192
0.057311
0.056432
0.055552
0.054670
0.053786
0.052899
0.052015
0.051140
0.050281
0.049449
0.048653
0.047902
0.047197
0.046539
0.045922
0.045339
0.044780
0.044238
0.043706
0.043178
0.042654
0.042131
0.041610
0.041088
0.040563
0.040032
0.039493
0.038944
0.038387
0.037827
0.037271
0.036725
0.036198
0.035691
0.035203
0.034730
0.034261
0.033788
0.033301
0.032795
0.032272
0.031734
0.031192
0.030656
0.030139
0.029650
0.029195
0.028774
0.028387
0.028026
0.027685
0.027354
0.027030
0.026706
0.026381
0.026054
0.025726
0.025397
0.025070
0.024745
0.024427
0.024118
0.023820
0.023535
0.023259
0.022987
0.022710
0.022419
0.022107
0.021769
0.021409
0.021035
0.020659
0.020297
0.019963
0.019668
0.019417
0.019208
0.019033
0.018881
0.018738
0.018594
0.018436
0.018260
0.018063
0.017847
0.017617
0.017382
0.017150
0.016929
0.016722
0.016533
0.016358
0.016193
0.016028
0.015858
0.015676
0.015480
0.015271
0.015052
0.014826
0.014600
0.014376
0.014157
0.013943
0.013736
0.013533
0.013335
0.013143
0.012955
0.012774
0.012601
0.012436
0.012280
0.012130
0.011985
0.011841
0.011696
0.011546
0.011390
0.011227
0.011057
0.010881
0.010702
0.010523
0.010348
0.010180
0.010023
0.009880
0.009751
0.009634
0.009526
0.009420
0.009311
0.009191
0.009056
0.008904
0.008735
0.008555
0.008372
0.008194
0.008031
0.007891
0.007778
0.007690
0.007624
0.007573
0.007530
0.007490
0.007450
0.007409
0.007369
0.007329
0.007287
0.007237
0.007174
0.007091
0.006984
0.006854
0.006703
0.006538
0.006369
0.006202
0.006046
0.005904
0.005778
0.005670
0.005576
0.005493
0.005417
0.005341
0.005262
0.005179
0.005091
0.005001
0.004915
0.004840
0.004780
0.004737
0.004713
0.004704
0.004702
0.004699
0.004688
0.004661
0.004616
0.004552
0.004473
0.004386
0.004295
0.004208
0.004126
0.004051
0.003982
0.003915
0.003847
0.003774
0.003696
0.003613
0.003526
0.003439
0.003357
0.003284
0.003224
0.003178
0.003145
0.003121
0.003102
0.003080
0.003050
0.003009
0.002955
0.002889
0.002818
0.002746
0.002683
0.002634
0.002604
0.002594
0.002601
0.002618
0.002638
0.002650
0.002647
0.002627
0.002586
0.002528
0.002458
0.002379
0.002300
0.002224
0.002158
0.002104
0.002064
0.002037
0.002023
0.002016
0.002013
0.002007
0.001997
0.001978
0.001950
0.001914
0.001872
0.001827
0.001783
0.001742
0.001710
0.001688
0.001678
0.001681
0.001695
0.001717
0.001743
0.001769
0.001789
0.001799
0.001796
0.001781
0.001752
0.001713
0.001666
0.001615
0.001564
0.001514
0.001469
0.001429
0.001395
0.001370
0.001354
0.001349
0.001358
0.001381
0.001416
0.001462
0.001512
0.001562
0.001605
0.001634
0.001647
0.001639
0.001613
0.001569
0.001511
0.001442
0.001368
0.001293
0.001220
0.001152
0.001094
0.001049
0.001017
0.001001
0.000999
0.001010
0.001029
0.001052
0.001073
0.001088
0.001093
0.001088
0.001074
0.001053
0.001027
0.001001
0.000975
0.000950
0.000926
0.000904
0.000883
0.000863
0.000847
0.000835
0.000827
0.000822
0.000818
0.000811
0.000798
0.000779
0.000754
0.000724
0.000692
0.000661
0.000633
0.000612
0.000597
0.000589
0.000586
0.000590
0.000597
0.000606
0.000616
0.000623
0.000627
0.000627
0.000622
0.000613
0.000601
0.000586
0.000568
0.000547
0.000524
0.000497
0.000470
0.000443
0.000419
0.000400
0.000387
0.000380
0.000381
0.000388
0.000404
0.000429
0.000463
0.000503
0.000546
0.000587
0.000621
0.000644
0.000656
0.000657
0.000652
0.000644
0.000635
0.000628
0.000623
0.000618
0.000613
0.000608
0.000605
0.000604
0.000605
0.000611
0.000619
0.000628
0.000636
0.000644
0.000652
0.000662
0.000676
0.000695
0.000717
0.000739
0.000757
0.000764
0.000758
0.000736
0.000700
0.000655
0.000605
0.000558
0.000519
0.000490
0.000473
0.000468
0.000472
0.000486
0.000506
0.000532
0.000559
0.000586
0.000608
0.000624
0.000631
0.000631
0.000624
0.000612
0.000599
0.000586
0.000576
0.000569
0.000567
0.000570
0.000578
0.000591
0.000609
0.000630
0.000652
0.000673
0.000690
0.000703
0.000711
0.000716
0.000721
0.000731
0.000750
0.000781
0.000829
0.000893
0.000971
0.001058
0.001148
0.001234
0.001310
0.001371
0.001414
0.001441
0.001453
0.001452
0.001438
0.001411
0.001371
0.001317
0.001250
0.001171
0.001085
0.000997
0.000913
0.000838
0.000775
0.000726
0.000693
0.000673
0.000666
0.000670
0.000683
0.000702
0.000725
0.000749
0.000769
0.000782
0.000784
0.000775
0.000755
0.000728
0.000703
0.000688
0.000698
0.000746
0.000843
0.001001
0.001222
0.001503
0.001834
0.002195
0.002564
0.002912
0.003212
0.003443
0.003589
0.003642
0.003605
0.003489
0.003312
0.003096
0.002866
0.002641
0.002441
0.002276
0.002152
0.002065
0.002011
0.001978
0.001956
0.001934
0.001903
0.001860
0.001802
0.001731
0.001652
0.001570
0.001489
0.001415
0.001349
0.001293
0.001247
0.001209
0.001181
0.001160
0.001148
0.001144
0.001146
0.001153
0.001164
0.001176
0.001187
0.001195
0.001199
0.001201
0.001200
0.001196
0.001190
0.001180
0.001167
0.001149
0.001128
0.001105
0.001086
0.001074
0.001073
0.001086
0.001112
0.001149
0.001193
0.001239
0.001281
0.001313
0.001331
0.001332
0.001316
0.001283
0.001237
0.001184
0.001129
0.001079
0.001038
0.001008
0.000991
0.000986
0.000992
0.001005
0.001023
0.001040
0.001054
0.001059
0.001052
0.001031
0.000995
0.000947
0.000890
0.000831
0.000777
0.000734
0.000710
0.000709
0.000735
0.000789
0.000870
0.000972
0.001088
0.001206
0.001316
0.001403
0.001461
0.001486
0.001478
0.001445
0.001395
0.001339
0.001283
0.001233
0.001191
0.001157
0.001131
0.001114
0.001107
0.001111
0.001126
0.001152
0.001186
0.001226
0.001268
0.001310
0.001347
0.001378
0.001399
0.001408
0.001404
0.001388
0.001362
0.001330
0.001297
0.001269
0.001247
0.001234
0.001230
0.001234
0.001244
0.001261
0.001281
0.001303
0.001324
0.001341
0.001350
0.001348
0.001334
0.001308
0.001271
0.001226
0.001174
0.001118
0.001060
0.001003
0.000950
0.000901
0.000859
0.000825
0.000800
0.000784
0.000777
0.000778
0.000784
0.000793
0.000803
0.000814
0.000823
0.000831
0.000839
0.000848
0.000858
0.000869
0.000879
0.000888
0.000894
0.000896
0.000895
0.000893
0.000893
0.000896
0.000903
0.000913
0.000921
0.000922
0.000913
0.000891
0.000858
0.000819
0.000779
0.000741
0.000710
0.000685
0.000665
0.000649
0.000634
0.000621
0.000609
0.000599
0.000591
0.000587
0.000587
0.000590
0.000596
0.000605
0.000617
0.000630
0.000645
0.000659
0.000672
0.000684
0.000694
0.000705
0.000717
0.000732
0.000749
0.000766
0.000780
0.000788
0.000786
0.000773
0.000754
0.000737
0.000738
0.000776
0.000876
0.001059
0.001344
0.001736
0.002226
0.002785
0.003367
0.003911
0.004355
0.004647
0.004756
0.004682
0.004452
0.004118
0.003738
0.003371
0.003057
0.002820
0.002661
0.002571
0.002531
0.002525
0.002538
0.002560
0.002587
0.002618
0.002652
0.002688
0.002725
0.002760
0.002789
0.002810
0.002818
0.002814
0.002795
0.002762
0.002717
0.002658
0.002585
0.002498
0.002399
0.002288
0.002171
0.002054
0.001945
0.001850
0.001775
0.001724
0.001698
0.001693
0.001703
0.001721
0.001738
0.001748
0.001746
0.001732
0.001707
0.001677
0.001647
0.001625
0.001616
0.001625
0.001656
0.001713
0.001801
0.001927
0.002093
0.002302
0.002549
0.002823
0.003106
0.003373
0.003598
0.003757
0.003834
0.003823
0.003729
0.003567
0.003359
0.003130
0.002901
0.002689
0.002504
0.002349
0.002220
0.002113
0.002021
0.001936
0.001856
0.001778
0.001703
0.001631
0.001566
0.001510
0.001463
0.001426
0.001395
0.001368
0.001340
0.001308
0.001270
0.001225
0.001173
0.001120
0.001069
0.001026
0.000995
0.000979
0.000977
0.000987
0.001003
0.001017
0.001024
0.001019
0.001001
0.000969
0.000928
0.000880
0.000829
0.000775
0.000714
0.000640
0.000544
0.000418
0.000254
0.000052
-0.000182
-0.000437
-0.000692
-0.000928
-0.001122
-0.001262
-0.001340
-0.001362
-0.001338
-0.001286
-0.001224
-0.001166
-0.001122
-0.001096
-0.001087
-0.001093
-0.001108
-0.001128
-0.001150
-0.001172
-0.001193
-0.001214
-0.001238
-0.001264
-0.001295
-0.001331
-0.001369
-0.001409
-0.001446
-0.001479
-0.001508
-0.001533
-0.001557
-0.001583
-0.001613
-0.001651
-0.001696
-0.001746
-0.001801
-0.001859
-0.001919
-0.001978
-0.002036
-0.002089
-0.002136
-0.002171
-0.002190
-0.002189
-0.002168
-0.002127
-0.002072
-0.002012
-0.001956
-0.001915
-0.001897
-0.001909
-0.001950
-0.002015
-0.002092
-0.002163
-0.002202
-0.002182
-0.002069
-0.001832
-0.001443
-0.000889
-0.000180
0.000647
0.001522
0.002351
0.003027
0.003459
0.003586
