-0.395181
0.093562
-0.097571
0.014432
0.027604
-0.002901
-0.015927
-0.012847
0.046128
-0.075876
0.105759
-0.074477
0.002756
0.015921
0.005194
-0.004880
-0.011415
0.000601
0.001333
0.022105
-0.039577
0.036393
-0.026969
0.006250
0.020037
-0.037501
0.019457
-0.008623
0.017597
-0.027465
0.020103
-0.011606
0.001091
0.002703
-0.003169
0.004216
-0.020547
0.022468
-0.013962
0.002133
-0.009784
0.017952
-0.010105
-0.005423
0.000504
0.007876
-0.015388
0.007384
0.002811
-0.015294
0.015030
-0.016683
0.012791
0.000261
-0.032140
0.017242
0.087097
-0.166511
-0.028324
0.379188
-0.116067
-1.201919
2.446625
1.513203
0.995532
0.433033
0.487753
0.481279
0.211900
0.035501
0.169970
0.234156
0.151448
0.233324
0.126350
0.099996
0.177554
0.218116
0.112454
0.121358
0.133891
0.146279
0.107935
0.122874
0.157873
0.086885
0.108795
0.180130
0.066558
0.089350
0.142683
0.147600
0.078383
0.116992
0.078757
0.146334
0.118669
0.064456
0.106518
0.093012
0.124243
0.086759
0.088034
0.097182
0.111717
0.090794
0.079243
0.103864
0.090227
0.078416
0.084208
0.111219
0.058011
0.087507
0.090646
0.085723
0.079327
0.083284
0.075638
0.080106
0.094349
0.066281
0.081100
0.076129
0.077308
0.071597
0.050933
0.096990
0.057004
0.060062
0.078650
0.064983
0.061231
0.071383
0.067120
0.061128
0.058208
0.056531
0.073062
0.067106
0.054977
0.051753
0.051471
0.085443
0.043992
0.049100
0.078088
0.055363
0.052080
0.047423
0.054846
0.065043
0.043436
0.053274
0.058287
0.044354
0.053357
0.033417
0.069623
0.050036
0.033412
0.037627
0.064201
0.052269
0.032055
0.043020
0.063130
0.027317
0.040206
0.054786
0.040778
0.033948
0.049271
0.034930
0.037803
0.044583
0.032992
0.029370
0.058178
0.032953
0.020740
0.049711
0.029917
0.047145
0.019611
0.040115
0.051512
0.024382
0.037980
0.021938
0.046562
0.049091
0.007870
0.023825
0.055763
0.025881
0.025332
0.026525
0.046431
0.015284
0.047718
0.010458
0.045005
0.017342
0.043245
0.005077
0.041218
0.041794
0.010878
0.018053
0.041735
0.027729
0.007432
0.033348
0.024952
0.034857
0.013376
0.026773
0.036950
0.021735
0.012885
0.026024
0.029837
0.034765
-0.010007
0.034907
0.033200
0.027577
0.012780
0.008192
0.037721
0.023914
0.016979
0.006856
0.038426
0.020554
0.017975
0.003487
0.029460
0.038482
-0.001592
0.017930
0.045828
0.007120
0.008409
0.018448
0.021065
0.017119
0.014776
0.024594
0.017647
0.016207
0.021534
-0.000180
0.026593
0.035905
0.011328
0.020506
0.029426
0.019863
-0.002221
0.022609
0.026815
0.018141
-0.002603
0.013390
0.023359
0.023504
-0.000270
0.008273
0.028680
0.021859
-0.003398
0.012191
0.026324
0.015697
0.001034
0.018320
0.015831
0.017048
0.008314
0.000466
0.036179
0.016426
0.006662
-0.011357
0.030221
0.020391
0.013191
-0.016947
0.036638
0.014546
0.000011
-0.001160
0.028690
0.012791
0.008353
-0.009106
0.018682
0.030131
0.005103
-0.007060
0.007790
0.035112
-0.003914
-0.001750
0.032143
-0.000824
0.016044
0.002620
0.017338
0.011624
0.005409
-0.007753
0.035015
0.005767
0.000272
-0.004586
0.020462
0.027268
0.002768
-0.002578
0.031774
0.014662
-0.002953
0.001208
0.011353
0.020193
0.001153
0.006892
0.017388
0.005154
0.003527
0.006551
0.012178
0.013146
-0.004289
-0.007430
0.038396
-0.004379
-0.005829
0.016327
0.011083
0.010292
-0.003830
0.002118
0.022567
0.007941
-0.001014
0.008519
0.001483
0.023852
-0.014725
0.008269
0.022519
-0.004278
0.008268
-0.002868
0.014427
0.005743
-0.002664
0.007285
0.014275
0.002419
0.006052
0.003659
-0.000357
0.021572
-0.008397
-0.000865
0.020743
0.006126
-0.005970
0.005414
-0.000313
0.017143
-0.007897
0.006022
0.008010
0.015648
0.004035
-0.019235
0.017918
0.010213
0.004418
-0.011131
0.021157
0.006224
0.001308
0.003714
-0.003183
0.002500
0.017623
-0.011517
0.014160
0.007498
0.001720
-0.000133
0.001346
0.020058
-0.007885
-0.002712
0.008525
0.017772
-0.017246
0.005602
0.011306
0.003498
-0.002051
0.001615
0.012482
0.003136
-0.003543
0.003237
0.004657
0.011183
-0.003815
-0.008672
0.023360
0.005488
-0.012301
0.008534
0.004671
0.010511
-0.014517
0.012846
0.001747
0.003732
-0.007974
0.012505
-0.005884
0.021107
-0.011330
0.000824
0.020241
-0.009849
0.006245
-0.001880
0.013007
-0.007014
0.001142
-0.001510
0.010472
0.006772
-0.002132
-0.011164
0.013522
0.015911
-0.023410
0.009137
0.017139
-0.003093
-0.008207
-0.001758
0.019087
-0.002449
-0.000896
-0.008389
0.015412
0.008320
-0.002937
-0.012905
0.008008
0.016625
-0.010813
-0.006307
0.014608
0.008388
-0.018632
0.008043
0.002960
0.011631
-0.017606
0.016452
-0.004266
0.015331
-0.015843
0.001175
-0.010549
0.043034
-0.020100
-0.011220
0.015060
0.006132
-0.017696
0.006308
0.002718
0.016001
-0.011954
-0.003578
0.017695
0.002652
-0.009103
-0.010665
0.016316
0.016915
-0.023172
0.004421
0.014113
0.001183
-0.020810
0.015921
-0.001090
0.005782
0.002363
-0.015659
0.014162
0.002789
0.009776
-0.015234
0.000231
0.014883
-0.007153
-0.011057
0.028053
-0.013316
-0.007395
0.007040
0.014877
-0.014043
0.009846
-0.014075
0.028962
-0.009391
0.000441
-0.005929
0.004591
0.015049
-0.019730
0.006720
0.007107
0.009360
-0.014793
0.006869
-0.002531
0.009573
-0.003728
-0.001376
-0.002654
0.019313
-0.014826
-0.006348
0.001692
0.017655
-0.006312
-0.004911
0.015836
-0.004817
-0.004745
-0.006649
0.004153
0.015997
-0.010659
0.000995
0.003144
0.002184
0.006948
-0.019096
0.009786
0.011787
0.000736
-0.023057
0.027381
-0.008797
0.006939
-0.009045
0.007280
-0.006647
0.001685
0.008468
-0.001493
0.006077
-0.011636
-0.002159
0.011608
0.010938
-0.018952
0.007630
0.010464
0.002881
-0.020373
0.013403
0.001545
0.004071
-0.007661
0.001190
0.005830
0.006642
-0.004507
-0.003051
-0.001297
0.020281
-0.020796
0.001614
0.019789
-0.005577
-0.021010
0.022148
-0.000490
0.010352
-0.013010
-0.000417
0.015634
0.005989
-0.014398
-0.006042
0.008345
0.023134
-0.020365
-0.005095
0.006330
0.015667
-0.011808
-0.006071
0.012992
0.000004
-0.004126
-0.002484
0.002691
0.010356
-0.002959
0.001019
-0.016212
0.023687
-0.007485
-0.002089
0.014815
-0.004590
-0.008672
0.007981
-0.001200
0.004666
-0.003928
0.000751
0.007972
-0.002059
0.005196
-0.011309
0.002535
0.022170
-0.019263
-0.007339
0.020044
0.003540
-0.012571
-0.003391
0.019288
-0.010696
0.006533
-0.009221
0.020879
-0.012251
0.007019
-0.015549
0.023849
-0.000113
-0.008504
-0.009171
0.020933
0.012720
-0.017871
0.012196
0.003388
0.011235
-0.014162
0.013316
-0.005504
0.019056
-0.022754
0.009684
0.006243
0.008579
-0.010295
-0.004792
0.020006
-0.005195
-0.006255
0.005332
-0.003068
0.016847
-0.014261
0.001678
0.016040
-0.003073
0.000638
-0.001297
0.005700
0.018915
-0.019722
-0.002436
0.021489
-0.003023
-0.000563
-0.000003
0.001318
0.000602
0.007026
-0.009570
0.018002
-0.012781
0.009624
-0.005410
0.003937
0.012678
-0.010511
-0.009823
0.033751
-0.008320
-0.017706
0.005542
0.017526
-0.007145
-0.007513
0.006745
0.006398
0.014692
-0.016726
0.000468
0.004166
0.023881
-0.030528
0.007705
0.009876
0.005539
-0.006662
0.001043
0.003156
0.012976
-0.010465
-0.009306
0.024111
0.002892
-0.000101
-0.015202
0.007518
0.030176
-0.039805
0.011016
0.021363
0.005114
-0.023542
0.014629
-0.006092
0.018731
-0.012944
-0.005655
0.017686
0.002961
-0.007702
0.004865
-0.000354
0.008583
-0.001871
-0.008379
0.016528
0.003954
-0.005694
0.004331
-0.000591
0.011461
-0.015018
0.004384
0.005451
0.009294
0.000855
-0.010992
0.007896
0.010870
-0.005058
-0.014359
0.024550
0.000097
-0.005240
-0.003355
0.004903
0.002415
0.004248
-0.006304
0.012132
-0.000634
0.002337
-0.008940
0.000677
0.023880
-0.019470
0.004416
0.011034
0.006560
-0.017218
-0.000740
0.018356
0.000848
-0.006634
-0.000828
0.006238
0.011297
-0.009876
-0.000841
0.000038
0.023531
-0.014080
-0.009048
0.020244
0.009453
-0.014636
0.005271
0.002023
0.003208
-0.002451
-0.003223
0.020524
-0.010571
0.006446
-0.004685
-0.000261
0.019450
-0.012041
-0.008756
0.026366
-0.009455
0.000580
-0.011626
0.025290
-0.013633
0.008420
-0.011074
0.015764
0.000550
-0.006524
-0.002414
0.008742
0.007023
0.000664
-0.012837
0.018631
-0.002299
-0.005733
0.008789
-0.003723
0.002555
0.008575
-0.006975
0.004278
0.006205
-0.000536
-0.006749
0.007972
0.012719
-0.013142
-0.008255
0.022506
0.004319
-0.022980
0.012584
0.005853
0.007745
-0.019088
0.016027
-0.004717
0.017333
-0.011559
-0.007950
0.014582
0.004806
0.004703
-0.019117
0.020239
-0.001937
-0.001211
-0.009681
0.010165
0.006322
-0.003945
0.002242
-0.000569
0.013671
-0.011534
0.001026
0.002461
0.019505
-0.018478
-0.008574
0.024976
0.001179
-0.018515
0.013462
-0.003511
0.014372
-0.025966
0.034066
-0.053588
0.099363
-0.088714
0.035780
-0.006597
0.021867
-0.014391
-0.004106
0.010954
-0.004480
0.008523
-0.020501
0.029941
-0.015019
0.008703
-0.008755
0.010548
0.004867
-0.001071
-0.014731
0.015479
0.006886
-0.017060
0.003102
0.016229
-0.003548
-0.003075
0.000900
0.002003
0.002713
-0.004453
-0.004575
0.017387
-0.002988
0.001440
-0.011044
0.009668
0.018646
-0.024481
0.005092
0.011407
0.001791
-0.008561
0.000814
0.005237
0.001434
-0.004252
0.001058
0.006722
0.001117
0.000840
-0.016032
0.015979
0.015214
-0.021799
0.002547
0.010139
-0.003951
0.007463
-0.015982
0.017340
-0.001620
0.008767
-0.072431
0.133671
-0.091027
0.010118
-0.020334
0.017719
0.014697
-0.018231
-0.008507
0.013326
0.006716
-0.018227
0.015946
-0.016591
0.008988
0.006105
-0.011394
0.002008
-0.004659
0.003664
-0.004026
-0.003892
0.003374
0.004159
-0.017348
0.014877
-0.000120
-0.019312
0.009941
0.008431
-0.003815
-0.009984
0.001970
0.009000
-0.008956
-0.002743
0.002773
-0.004970
0.004815
-0.004560
-0.016722
0.026816
-0.015788
-0.003248
-0.007728
0.011263
-0.003410
-0.014094
0.006169
-0.001642
0.003686
-0.010177
-0.002086
-0.002996
0.004854
0.001352
-0.020913
0.012801
-0.002843
-0.008331
0.003645
-0.011647
0.008832
-0.032353
0.071139
-0.102192
0.076270
-0.107909
0.364431
-0.826172
0.939986
