0.005580
0.004904
0.003944
0.002863
0.001821
0.000939
0.000281
-0.000147
-0.000381
-0.000482
-0.000511
-0.000516
-0.000528
-0.000559
-0.000607
-0.000666
-0.000731
-0.000794
-0.000856
-0.000917
-0.000978
-0.001042
-0.001109
-0.001179
-0.001249
-0.001316
-0.001376
-0.001426
-0.001466
-0.001496
-0.001519
-0.001540
-0.001565
-0.001597
-0.001639
-0.001691
-0.001749
-0.001808
-0.001861
-0.001903
-0.001931
-0.001944
-0.001944
-0.001928
-0.001885
-0.001784
-0.001553
-0.001051
-0.000016
0.001997
0.005702
0.012155
0.022809
0.039483
0.064203
0.098880
0.144832
0.202205
0.269458
0.343071
0.417672
0.486661
0.543265
0.581819
0.598927
0.594182
0.570213
0.532057
0.486032
0.438439
0.394450
0.357418
0.328722
0.308053
0.293985
0.284602
0.278036
0.272807
0.267953
0.263009
0.257877
0.252679
0.247614
0.242866
0.238551
0.234707
0.231303
0.228264
0.225497
0.222914
0.220441
0.218032
0.215661
0.213328
0.211045
0.208831
0.206705
0.204681
0.202760
0.200937
0.199195
0.197512
0.195864
0.194230
0.192594
0.190947
0.189285
0.187607
0.185918
0.184220
0.182516
0.180806
0.179091
0.177373
0.175654
0.173936
0.172225
0.170524
0.168836
0.167161
0.165496
0.163839
0.162185
0.160533
0.158883
0.157239
0.155608
0.153998
0.152419
0.150876
0.149375
0.147913
0.146483
0.145073
0.143669
0.142253
0.140814
0.139344
0.137843
0.136317
0.134779
0.133242
0.131720
0.130224
0.128760
0.127331
0.125937
0.124576
0.123247
0.121947
0.120674
0.119426
0.118196
0.116979
0.115773
0.114574
0.113385
0.112209
0.111055
0.109931
0.108844
0.107796
0.106784
0.105799
0.104831
0.103863
0.102882
0.101878
0.100847
0.099790
0.098715
0.097633
0.096558
0.095504
0.094480
0.093493
0.092546
0.091636
0.090757
0.089899
0.089047
0.088188
0.087308
0.086397
0.085450
0.084472
0.083470
0.082460
0.081456
0.080474
0.079523
0.078607
0.077724
0.076870
0.076036
0.075218
0.074411
0.073615
0.072834
0.072070
0.071326
0.070604
0.069901
0.069214
0.068537
0.067863
0.067186
0.066504
0.065819
0.065132
0.064452
0.063785
0.063135
0.062506
0.061896
0.061301
0.060715
0.060133
0.059552
0.058971
0.058393
0.057820
0.057256
0.056701
0.056154
0.055613
0.055072
0.054528
0.053979
0.053426
0.052872
0.052322
0.051782
0.051257
0.050751
0.050266
0.049802
0.049357
0.048926
0.048504
0.048084
0.047659
0.047223
0.046773
0.046307
0.045827
0.045338
0.044849
0.044367
0.043900
0.043456
0.043036
0.042640
0.042265
0.041906
0.041558
0.041216
0.040878
0.040544
0.040214
0.039891
0.039575
0.039268
0.038969
0.038676
0.038386
0.038096
0.037803
0.037506
0.037203
0.036895
0.036583
0.036268
0.035953
0.035638
0.035325
0.035015
0.034708
0.034405
0.034108
0.033818
0.033536
0.033262
0.032995
0.032735
0.032480
0.032228
0.031979
0.031731
0.031486
0.031242
0.031000
0.030757
0.030512
0.030262
0.030006
0.029743
0.029476
0.029208
0.028942
0.028680
0.028424
0.028170
0.027915
0.027653
0.027382
0.027102
0.026817
0.026530
0.026249
0.025978
0.025719
0.025471
0.025233
0.025002
0.024777
0.024558
0.024347
0.024143
0.023946
0.023755
0.023565
0.023377
0.023189
0.023005
0.022830
0.022672
0.022538
0.022433
0.022360
0.022316
0.022299
0.022300
0.022313
0.022332
0.022351
0.022364
0.022366
0.022350
0.022308
0.022233
0.022119
0.021964
0.021770
0.021543
0.021293
0.021030
0.020765
0.020505
0.020256
0.020018
0.019793
0.019580
0.019381
0.019197
0.019032
0.018889
0.018767
0.018666
0.018579
0.018498
0.018416
0.018324
0.018216
0.018090
0.017947
0.017791
0.017629
0.017465
0.017307
0.017158
0.017019
0.016891
0.016773
0.016663
0.016559
0.016459
0.016362
0.016267
0.016173
0.016079
0.015983
0.015885
0.015781
0.015673
0.015558
0.015439
0.015321
0.015208
0.015106
0.015021
0.014955
0.014906
0.014870
0.014839
0.014804
0.014759
0.014698
0.014620
0.014527
0.014422
0.014313
0.014203
0.014099
0.014004
0.013919
0.013842
0.013773
0.013708
0.013644
0.013581
0.013517
0.013452
0.013386
0.013315
0.013239
0.013155
0.013062
0.012959
0.012851
0.012739
0.012630
0.012528
0.012438
0.012363
0.012303
0.012258
0.012224
0.012197
0.012173
0.012146
0.012112
0.012067
0.012012
0.011946
0.011872
0.011792
0.011709
0.011624
0.011537
0.011448
0.011355
0.011261
0.011166
0.011073
0.010988
0.010914
0.010853
0.010804
0.010765
0.010731
0.010696
0.010654
0.010602
0.010541
0.010473
0.010404
0.010340
0.010284
0.010240
0.010207
0.010183
0.010165
0.010148
0.010131
0.010113
0.010094
0.010076
0.010061
0.010050
0.010042
0.010035
0.010025
0.010011
0.009988
0.009958
0.009922
0.009880
0.009837
0.009794
0.009753
0.009715
0.009678
0.009644
0.009610
0.009577
0.009542
0.009503
0.009458
0.009406
0.009346
0.009279
0.009209
0.009140
0.009077
0.009025
0.008989
0.008971
0.008971
0.008989
0.009020
0.009059
0.009099
0.009133
0.009155
0.009162
0.009151
0.009123
0.009083
0.009034
0.008982
0.008932
0.008887
0.008849
0.008817
0.008789
0.008764
0.008736
0.008705
0.008667
0.008624
0.008575
0.008523
0.008473
0.008427
0.008389
0.008360
0.008338
0.008323
0.008313
0.008306
0.008301
0.008296
0.008290
0.008283
0.008274
0.008261
0.008246
0.008227
0.008207
0.008186
0.008164
0.008138
0.008110
0.008076
0.008040
0.008004
0.007975
0.007957
0.007954
0.007968
0.007995
0.008029
0.008059
0.008078
0.008081
0.008066
0.008037
0.007999
0.007958
0.007920
0.007888
0.007861
0.007840
0.007821
0.007805
0.007790
0.007777
0.007768
0.007761
0.007758
0.007757
0.007755
0.007750
0.007739
0.007721
0.007697
0.007669
0.007643
0.007623
0.007615
0.007620
0.007639
0.007670
0.007708
0.007746
0.007779
0.007802
0.007812
0.007809
0.007792
0.007765
0.007728
0.007685
0.007639
0.007594
0.007553
0.007520
0.007498
0.007486
0.007485
0.007490
0.007499
0.007508
0.007513
0.007513
0.007506
0.007493
0.007474
0.007451
0.007426
0.007402
0.007381
0.007363
0.007351
0.007345
0.007344
0.007348
0.007356
0.007368
0.007383
0.007399
0.007413
0.007422
0.007422
0.007413
0.007393
0.007364
0.007331
0.007298
0.007270
0.007251
0.007242
0.007243
0.007251
0.007262
0.007272
0.007276
0.007270
0.007253
0.007224
0.007187
0.007148
0.007114
0.007089
0.007079
0.007084
0.007104
0.007134
0.007168
0.007199
0.007222
0.007233
0.007230
0.007213
0.007183
0.007144
0.007098
0.007052
0.007009
0.006976
0.006955
0.006947
0.006950
0.006960
0.006972
0.006983
0.006989
0.006989
0.006984
0.006976
0.006966
0.006956
0.006946
0.006936
0.006925
0.006911
0.006893
0.006871
0.006846
0.006820
0.006796
0.006777
0.006769
0.006772
0.006789
0.006818
0.006856
0.006900
0.006945
0.006987
0.007025
0.007056
0.007078
0.007088
0.007085
0.007068
0.007035
0.006990
0.006935
0.006877
0.006820
0.006770
0.006731
0.006704
0.006690
0.006688
0.006696
0.006713
0.006737
0.006763
0.006789
0.006812
0.006828
0.006839
0.006846
0.006857
0.006879
0.006922
0.006994
0.007099
0.007237
0.007401
0.007578
0.007751
0.007904
0.008020
0.008088
0.008104
0.008071
0.007998
0.007898
0.007786
0.007671
0.007564
0.007468
0.007386
0.007318
0.007264
0.007225
0.007201
0.007190
0.007188
0.007190
0.007190
0.007182
0.007163
0.007133
0.007094
0.007053
0.007014
0.006982
0.006959
0.006947
0.006942
0.006943
0.006946
0.006950
0.006953
0.006955
0.006957
0.006959
0.006965
0.006975
0.006992
0.007015
0.007042
0.007068
0.007089
0.007099
0.007096
0.007077
0.007046
0.007005
0.006962
0.006920
0.006884
0.006856
0.006836
0.006822
0.006810
0.006799
0.006785
0.006766
0.006743
0.006715
0.006686
0.006657
0.006632
0.006613
0.006600
0.006592
0.006587
0.006582
0.006574
0.006561
0.006541
0.006513
0.006479
0.006440
0.006398
0.006357
0.006320
0.006288
0.006262
0.006239
0.006217
0.006192
0.006161
0.006125
0.006086
0.006046
0.006010
0.005980
0.005957
0.005941
0.005929
0.005917
0.005903
0.005888
0.005871
0.005856
0.005843
0.005834
0.005828
0.005825
0.005822
0.005818
0.005811
0.005802
0.005791
0.005778
0.005765
0.005753
0.005740
0.005726
0.005711
0.005693
0.005670
0.005642
0.005606
0.005564
0.005518
0.005470
0.005424
0.005383
0.005349
0.005324
0.005306
0.005293
0.005284
0.005276
0.005268
0.005259
0.005248
0.005235
0.005219
0.005202
0.005182
0.005160
0.005137
0.005111
0.005084
0.005053
0.005017
0.004978
0.004937
0.004897
0.004862
0.004836
0.004820
0.004815
0.004819
0.004829
0.004840
0.004849
0.004853
0.004849
0.004838
0.004818
0.004789
0.004753
0.004711
0.004664
0.004617
0.004573
0.004533
0.004500
0.004473
0.004451
0.004431
0.004411
0.004389
0.004364
0.004334
0.004300
0.004260
0.004215
0.004165
0.004114
0.004065
0.004020
0.003983
0.003954
0.003932
0.003914
0.003896
0.003873
0.003844
0.003807
0.003764
0.003718
0.003671
0.003628
0.003589
0.003557
0.003531
0.003512
0.003498
0.003489
0.003481
0.003473
0.003459
0.003438
0.003407
0.003364
0.003313
0.003255
0.003195
0.003140
0.003093
0.003058
0.003035
0.003021
0.003011
0.003001
0.002986
0.002964
0.002934
0.002899
0.002862
0.002824
0.002787
0.002748
0.002701
0.002641
0.002556
0.002439
0.002280
0.002073
0.001819
0.001524
0.001205
0.000883
0.000588
0.000348
0.000181
0.000097
0.000089
0.000134
0.000205
0.000273
0.000313
0.000313
0.000272
0.000199
0.000108
0.000010
-0.000084
-0.000170
-0.000247
-0.000318
-0.000388
-0.000460
-0.000536
-0.000617
-0.000703
-0.000794
-0.000890
-0.000989
-0.001091
-0.001192
-0.001290
-0.001384
-0.001471
-0.001549
-0.001618
-0.001679
-0.001733
-0.001782
-0.001830
-0.001882
-0.001940
-0.002008
-0.002087
-0.002178
-0.002281
-0.002392
-0.002509
-0.002628
-0.002748
-0.002865
-0.002978
-0.003088
-0.003194
-0.003296
-0.003393
-0.003481
-0.003551
-0.003594
-0.003592
-0.003522
-0.003357
-0.003060
-0.002593
-0.001923
-0.001031
0.000073
0.001338
0.002669
0.003928
0.004962
0.005631
0.005843
