-1.080953
0.170391
-0.266654
-0.032073
0.097549
-0.079375
-0.087950
-0.041738
0.084970
-0.222858
0.214064
-0.216152
-0.034875
0.043504
-0.049676
-0.063834
-0.032148
-0.042790
-0.031703
0.007165
-0.130031
0.063767
-0.104669
-0.035433
0.026545
-0.106801
-0.015680
-0.030458
-0.014382
-0.086427
0.001877
-0.062246
-0.025300
-0.023362
-0.069155
-0.012712
-0.065135
-0.006849
-0.051674
-0.035395
-0.049216
-0.028766
-0.036244
-0.040744
-0.055315
-0.012800
-0.052392
-0.031838
-0.026928
-0.074246
-0.003328
-0.063713
-0.024437
-0.018742
-0.112165
-0.002684
0.117287
-0.267208
-0.266197
0.815013
-0.245317
-2.208376
2.815866
3.658571
4.223393
2.516146
1.133366
0.635027
0.361951
0.214805
0.359868
0.551572
0.453284
0.724094
0.352535
0.216851
0.427813
0.505959
0.390218
0.325616
0.350927
0.318169
0.382369
0.262811
0.377551
0.242819
0.331842
0.384042
0.233193
0.275219
0.309668
0.368494
0.290076
0.294156
0.182126
0.341647
0.339169
0.215186
0.259978
0.279258
0.283625
0.256445
0.238917
0.227313
0.303286
0.236864
0.216110
0.260511
0.233009
0.220498
0.220655
0.237166
0.225182
0.217722
0.237237
0.200710
0.202196
0.215567
0.208541
0.216087
0.204899
0.200181
0.196976
0.203193
0.208807
0.174748
0.175671
0.211810
0.205099
0.139068
0.203058
0.187860
0.167274
0.177763
0.160988
0.168259
0.181672
0.113412
0.243903
0.114300
0.139168
0.150344
0.142980
0.184717
0.134530
0.125786
0.176252
0.141508
0.137303
0.135646
0.131874
0.140967
0.138301
0.119497
0.139556
0.128678
0.125079
0.115960
0.119337
0.135090
0.156878
0.054181
0.141893
0.144361
0.096531
0.113089
0.099930
0.144878
0.087200
0.083045
0.086736
0.123844
0.093147
0.081825
0.077760
0.135737
0.095793
0.067215
0.126800
0.100278
0.075878
0.087359
0.112707
0.084955
0.092235
0.066120
0.099622
0.108621
0.066517
0.074905
0.085180
0.092734
0.088528
0.044927
0.095063
0.089556
0.055749
0.075290
0.068153
0.080174
0.072243
0.053283
0.090271
0.059770
0.073870
0.051315
0.067508
0.084832
0.066732
0.039831
0.080977
0.072970
0.050777
0.054431
0.075122
0.063962
0.044881
0.056777
0.065364
0.067545
0.049216
0.049433
0.046259
0.081045
0.054777
0.010417
0.081865
0.063667
0.034820
0.041537
0.056090
0.054586
0.059853
0.008391
0.067242
0.064039
0.040287
0.027345
0.057743
0.051117
0.059594
0.010545
0.069321
0.045931
0.032585
0.041262
0.037884
0.057209
0.029424
0.019685
0.062060
0.055952
0.026540
0.029552
0.033924
0.062935
0.041683
0.008481
0.045698
0.043023
0.050421
0.018576
0.030037
0.041253
0.039903
0.022572
0.020603
0.066014
0.022016
0.021466
0.013894
0.060897
0.028090
0.000830
0.046171
0.068039
-0.021457
0.025893
0.036203
0.032170
0.025602
-0.011863
0.063872
0.029632
0.024436
-0.002827
0.019280
0.060062
0.042647
-0.037373
0.028384
0.054784
0.006555
0.008578
-0.007513
0.060771
0.033150
-0.000939
-0.007678
0.063082
0.023848
-0.005852
-0.017336
0.080961
0.025733
-0.037155
0.021095
0.051496
0.012459
0.002084
-0.009845
0.045682
0.018263
-0.014685
0.002079
0.048783
0.012314
-0.018607
0.016941
0.045120
0.000465
-0.021956
0.051008
0.006466
0.074774
-0.021054
-0.007844
0.014498
0.020571
0.000319
0.009033
0.039264
-0.018661
0.012187
0.009691
0.027347
0.002875
-0.033583
0.050158
0.018340
-0.024393
0.008344
0.021828
0.030158
-0.018152
-0.014581
0.042783
0.021940
-0.022679
0.018792
-0.024821
0.041527
0.008052
-0.030769
0.042188
0.014081
-0.022748
0.004065
0.018474
-0.012899
0.005680
0.000110
0.017555
-0.004064
0.010053
-0.006496
0.003189
0.005799
0.020885
-0.051783
0.040539
0.000015
0.009043
-0.024127
0.004879
0.011409
-0.001548
-0.019160
0.010280
0.020990
-0.015980
-0.002856
-0.023551
0.040857
-0.018957
-0.007140
-0.003393
0.025490
-0.033526
0.012838
0.002584
-0.017630
0.014984
-0.012918
-0.001413
0.007045
-0.006042
-0.009999
0.000423
0.016131
-0.015295
-0.033297
0.032415
0.006257
-0.026334
-0.006767
0.005218
-0.003362
-0.021984
-0.002136
0.019035
-0.007801
-0.010885
-0.024208
0.017996
0.003848
-0.004577
-0.035726
0.023812
-0.000156
-0.024980
0.004542
-0.018952
0.001340
0.001721
-0.018187
-0.014075
0.010659
-0.004504
-0.006633
-0.036752
0.026519
-0.001758
-0.055217
0.035038
0.005717
-0.026725
-0.015418
-0.003318
-0.003097
-0.017580
-0.000334
-0.004442
-0.004619
-0.014403
-0.012934
-0.014696
0.014833
-0.011243
-0.036825
0.003531
0.019965
-0.032551
-0.020055
0.006302
-0.003554
-0.015421
-0.020010
-0.005898
0.021155
-0.026959
-0.022071
-0.015337
0.010668
0.004135
-0.057818
0.016922
0.011709
-0.041793
-0.000694
-0.013073
-0.007096
-0.004327
-0.023158
-0.000765
-0.004085
-0.007957
-0.018713
-0.021131
0.009077
-0.008688
-0.033271
-0.000586
0.010033
-0.039442
-0.004230
-0.013586
-0.007329
-0.008109
-0.029262
0.009455
-0.004360
-0.021031
-0.025458
-0.008782
0.012417
-0.016952
-0.046519
0.029052
-0.016301
-0.019597
-0.018930
-0.009730
-0.000887
-0.017451
-0.027350
0.001401
-0.010852
0.002155
-0.050531
0.010634
0.006874
-0.022367
-0.044499
0.000992
0.021167
-0.043271
-0.010890
-0.031524
0.016640
-0.006342
-0.034880
0.019300
-0.018405
-0.012868
-0.011512
-0.024015
-0.004749
0.001904
-0.047919
0.009478
0.000087
-0.019074
-0.021498
-0.015428
0.003875
-0.019778
-0.024791
-0.004369
-0.006750
-0.011978
-0.027357
-0.004903
-0.003720
-0.010784
-0.054116
0.027278
-0.011266
-0.032335
-0.010292
-0.020849
0.000925
-0.016771
-0.024869
-0.006548
-0.003919
-0.009098
-0.029646
-0.025142
0.013247
-0.005645
-0.061917
0.031094
-0.013992
-0.037117
-0.011821
-0.020381
0.009378
-0.019181
-0.034910
-0.002609
-0.000004
-0.029206
-0.005867
-0.032300
0.000503
-0.004176
-0.036853
-0.007303
0.007613
-0.034393
-0.016878
-0.011989
-0.011290
-0.014279
-0.018045
-0.012029
-0.007118
-0.014081
-0.026013
-0.026993
0.010039
-0.022208
-0.041145
0.014167
-0.009099
-0.029387
-0.012620
-0.017545
-0.012755
-0.011207
-0.033507
0.002499
-0.007284
-0.027011
-0.016524
-0.023143
0.013563
-0.035718
-0.026768
0.004851
-0.010121
-0.025286
-0.033110
0.011526
-0.033984
-0.009450
-0.021397
-0.009773
-0.005320
-0.026934
-0.031410
0.004815
-0.016313
-0.020977
-0.034045
0.011506
-0.005676
-0.045143
-0.013015
-0.016236
-0.014481
-0.001147
-0.025357
-0.027249
-0.002210
-0.013159
-0.030719
-0.026105
0.008916
-0.017568
-0.048945
0.005412
-0.000351
-0.032409
-0.017237
-0.029773
0.001821
-0.018734
-0.025454
-0.013093
-0.008932
-0.013835
-0.034918
-0.007636
-0.001776
-0.022222
-0.043078
0.005028
0.003717
-0.041911
-0.006044
-0.034561
0.011561
-0.034559
-0.024982
0.003109
-0.021273
-0.003760
-0.053468
-0.000658
-0.001842
-0.011047
-0.069321
0.031908
-0.012066
-0.035086
-0.014299
-0.025274
-0.007343
-0.014428
-0.023611
-0.021851
0.003111
-0.023377
-0.021328
-0.023112
0.016935
-0.025567
-0.035129
-0.003421
-0.005638
-0.020256
-0.035040
-0.007935
-0.020265
0.001096
-0.057424
0.015455
-0.013126
-0.015169
-0.044598
-0.024556
0.015180
-0.019245
-0.043676
-0.009264
0.013256
-0.052388
-0.010756
-0.021276
-0.010812
-0.009370
-0.038666
-0.015107
0.001002
-0.032583
-0.012373
-0.032587
-0.005827
-0.000156
-0.057876
0.005025
-0.003039
-0.044433
-0.014552
-0.011935
-0.014673
-0.020750
-0.020535
0.001310
-0.007631
-0.029523
-0.031405
-0.018249
0.005953
-0.013934
-0.057835
0.006295
-0.007592
-0.024815
-0.034719
-0.001571
-0.026382
0.001106
-0.060812
0.013992
-0.015325
-0.015359
-0.039649
-0.020459
-0.005380
-0.010464
-0.042552
-0.012333
0.012552
-0.053310
-0.006197
-0.036540
0.013665
-0.041984
-0.004934
-0.048870
0.010911
-0.023745
-0.021058
-0.038356
0.003404
-0.010250
-0.056463
0.005294
-0.026014
-0.005526
-0.046299
-0.002774
-0.031746
-0.000025
-0.046363
0.001484
-0.027361
-0.013652
-0.032553
-0.031278
0.013866
-0.030889
-0.045559
0.005453
-0.015940
-0.041049
-0.017779
-0.016084
-0.006606
-0.024093
-0.033874
-0.011005
-0.015625
-0.024761
-0.035069
-0.016233
-0.002047
-0.019216
-0.046664
-0.000457
-0.011648
-0.032482
-0.023264
-0.026245
-0.007840
-0.028198
-0.035945
-0.003274
-0.014497
-0.024511
-0.031963
-0.038306
0.015104
-0.013736
-0.081041
0.012798
-0.002777
-0.031329
-0.037973
-0.016302
-0.018223
-0.014585
-0.049283
-0.004255
-0.013906
-0.021639
-0.037794
-0.028824
-0.003946
-0.016879
-0.052063
0.002821
-0.019990
-0.036811
-0.023383
-0.018978
-0.026179
-0.012014
-0.042026
-0.010549
-0.017068
-0.016530
-0.040769
-0.031760
0.004868
-0.023792
-0.058535
-0.002075
0.001940
-0.051648
-0.018998
-0.027476
-0.016609
-0.025358
-0.033909
-0.016212
-0.008210
-0.032100
-0.037673
-0.031087
0.003593
-0.024662
-0.061100
0.009653
-0.037005
-0.018953
-0.027303
-0.021007
-0.039095
-0.003159
-0.042113
-0.014892
-0.026280
-0.023553
-0.024195
-0.043205
-0.008212
-0.003806
-0.063678
-0.005858
-0.016420
-0.052209
0.015087
-0.090235
0.055473
-0.108410
0.086345
-0.217269
0.246645
-0.262931
0.084412
-0.055911
-0.007512
-0.022357
-0.063502
0.006126
-0.022560
-0.021505
-0.067588
0.032886
-0.075283
0.007590
-0.058541
-0.014669
-0.003947
-0.044827
-0.036454
-0.017012
-0.009561
-0.047493
-0.024755
-0.036128
0.007785
-0.047761
-0.038237
-0.013971
-0.025426
-0.035982
-0.030315
-0.021045
-0.015350
-0.030310
-0.049686
-0.012130
-0.017292
-0.029228
-0.046691
-0.019492
-0.012154
-0.041007
-0.032862
-0.026998
-0.016195
-0.034179
-0.035705
-0.025527
-0.009780
-0.040294
-0.046982
-0.022370
-0.006073
-0.045186
-0.033729
-0.031904
-0.000914
-0.041207
-0.056882
-0.011776
0.003160
-0.041406
-0.131328
0.134044
-0.103302
-0.025595
-0.093713
-0.036852
-0.005426
-0.016590
-0.055913
-0.024362
-0.013120
-0.054637
-0.008870
-0.059670
-0.039808
-0.010053
-0.040863
-0.042302
-0.027650
-0.034810
-0.032896
-0.035327
-0.048142
-0.002645
-0.060997
-0.036765
-0.011542
-0.056213
-0.037044
-0.025965
-0.036204
-0.029682
-0.041596
-0.033784
-0.029652
-0.043099
-0.039790
-0.034595
-0.031328
-0.032205
-0.057760
-0.032160
-0.010771
-0.052585
-0.055379
-0.016028
-0.042780
-0.038410
-0.053012
-0.019184
-0.040315
-0.047261
-0.028930
-0.045318
-0.037072
-0.039417
-0.036544
-0.055410
-0.001362
-0.084089
-0.015195
-0.052763
-0.012367
-0.137898
0.159001
-0.296096
0.166714
-0.327993
0.957889
-2.290037
2.533563
