-0.718936
0.125625
-0.168132
0.013296
0.064032
-0.021829
-0.058624
-0.009560
0.069103
-0.133653
0.163760
-0.133282
-0.009347
0.041648
-0.014770
-0.034283
0.005995
-0.031171
0.015417
0.016621
-0.091773
0.077785
-0.057786
-0.010700
0.026876
-0.044634
0.004581
-0.019306
0.003877
-0.018972
-0.003106
-0.027662
0.003480
-0.003147
-0.020175
0.000031
-0.028303
0.018331
-0.034028
-0.001922
-0.011838
-0.018389
0.000931
-0.008167
-0.024714
0.003396
-0.011834
-0.022686
0.024194
-0.059209
0.027570
-0.036899
0.004326
0.009329
-0.056656
-0.038449
0.200541
-0.267510
-0.119849
0.462910
0.346077
-2.466697
2.719392
2.790817
1.582894
0.858690
0.384707
0.330601
-0.027693
-0.153581
0.098328
0.418824
0.177569
0.533294
0.245926
0.142487
0.360270
0.392541
0.236110
0.188563
0.273103
0.215032
0.253929
0.148381
0.320388
0.176765
0.184199
0.315016
0.161837
0.169063
0.247860
0.259240
0.176874
0.217933
0.135857
0.229666
0.268852
0.123277
0.198287
0.176768
0.229391
0.179950
0.178840
0.165953
0.232578
0.153910
0.186783
0.167287
0.196803
0.170405
0.162489
0.182488
0.175225
0.147713
0.189459
0.173767
0.146385
0.161399
0.154996
0.166962
0.169808
0.135017
0.160646
0.153106
0.155900
0.153389
0.117023
0.178336
0.144563
0.111699
0.167413
0.124739
0.144635
0.124604
0.160334
0.101429
0.157325
0.124583
0.132847
0.132233
0.127388
0.119934
0.100978
0.154298
0.112762
0.093681
0.143842
0.117694
0.104447
0.111446
0.112729
0.113830
0.120259
0.075958
0.137631
0.094740
0.119871
0.095971
0.076676
0.140657
0.094132
0.059060
0.133201
0.104769
0.065125
0.112477
0.089154
0.111524
0.080568
0.085452
0.106530
0.090022
0.067156
0.096955
0.076669
0.119345
0.056898
0.059033
0.121849
0.079121
0.058137
0.082538
0.093623
0.073969
0.086160
0.050263
0.104652
0.068790
0.073562
0.058566
0.060866
0.095455
0.065743
0.042502
0.089765
0.080034
0.044075
0.067729
0.065928
0.072436
0.059343
0.040976
0.090681
0.046851
0.065188
0.051719
0.050412
0.085835
0.054162
0.027831
0.083692
0.055674
0.037509
0.052802
0.062867
0.058266
0.048556
0.029338
0.087230
0.032411
0.062173
0.031671
0.048988
0.070991
0.030475
0.028946
0.080812
0.037318
0.036559
0.049520
0.052390
0.031138
0.058942
0.013097
0.073415
0.033536
0.034932
0.042153
0.033807
0.060330
0.029600
0.018553
0.068279
0.040754
0.010540
0.056006
0.035695
0.045602
0.025949
0.022069
0.053297
0.031774
0.033666
0.021233
0.038728
0.044374
0.044022
-0.013327
0.071620
0.031047
0.013294
0.034690
0.040352
0.026592
0.032244
0.013293
0.047949
0.038141
0.006049
0.040576
0.019818
0.046350
0.033517
-0.017456
0.057733
0.044694
0.001214
0.026439
0.036913
0.022195
0.027103
0.012463
0.041763
0.022868
0.021815
0.003214
0.039515
0.050226
0.005847
-0.013817
0.059416
0.039913
-0.011322
0.023950
0.030221
0.034117
0.009632
0.009951
0.040435
0.023216
0.008197
0.013530
0.023086
0.028788
0.024168
-0.014644
0.061318
0.016673
-0.006625
0.023741
0.024606
0.009886
0.015655
0.018520
0.029026
0.013953
0.015925
-0.005387
0.023980
0.035259
0.012121
-0.013581
0.032590
0.034848
-0.009760
0.017385
0.016627
0.031917
-0.009213
0.010712
0.015414
0.034938
-0.008933
0.024889
0.006828
0.033627
0.005010
-0.023761
0.063964
0.013513
-0.025957
0.040748
0.014509
0.022724
0.001437
0.007707
0.017791
0.030549
-0.015023
0.017734
-0.001396
0.061000
-0.030569
0.004562
0.037707
0.010324
-0.012128
0.021004
0.010778
0.011721
0.005243
0.005516
0.029423
-0.005472
0.016287
0.010483
-0.000902
0.028275
0.004051
-0.018589
0.042130
0.003220
-0.007470
0.018418
0.005274
0.021634
-0.008161
0.004360
0.025091
0.005258
-0.005080
0.015793
-0.001253
0.033663
-0.011155
-0.015578
0.041575
0.006599
-0.009251
0.018555
-0.001416
0.004284
0.010479
-0.000222
0.014224
0.004784
0.011712
0.010904
-0.024629
0.041539
0.009307
-0.038263
0.046955
0.003104
-0.012690
0.014623
-0.001342
0.014073
0.000338
0.009007
0.004223
0.010988
0.004428
-0.013635
0.005984
0.034644
0.003338
-0.042318
0.046154
0.009295
-0.017181
0.003537
0.021387
-0.003206
-0.000989
-0.000081
0.010289
0.010973
-0.004182
0.009886
-0.020520
0.033521
0.005539
-0.031974
0.044881
-0.003549
-0.023921
0.027932
-0.007584
0.014118
-0.008437
0.000770
0.014761
0.010356
-0.014453
0.004156
-0.007329
0.035859
-0.007392
-0.036569
0.032902
0.012464
-0.014823
0.003149
0.012392
0.000010
0.008096
-0.022367
0.020239
-0.003277
0.005035
0.008365
-0.021675
0.021664
0.008886
-0.023792
0.016466
0.018103
-0.027983
0.020421
-0.013186
0.021329
-0.016074
0.004343
0.007591
0.010580
-0.004166
-0.004048
-0.014950
0.031659
0.002816
-0.039586
0.043207
-0.001312
-0.025755
0.022280
-0.011900
0.019296
-0.007519
-0.018230
0.026576
0.004341
-0.011359
0.000732
-0.013671
0.033163
-0.009019
-0.030844
0.041899
-0.012013
-0.022788
0.021810
0.005563
-0.009020
0.006622
-0.013713
0.021771
-0.006792
0.002811
-0.003957
-0.007745
0.029515
-0.026588
0.002395
0.005542
0.020579
-0.040735
0.032738
-0.013228
0.014304
-0.021897
0.013772
0.004880
-0.004490
0.001608
-0.005802
-0.005970
0.016923
-0.004079
-0.022200
0.031186
-0.003811
-0.016833
0.003489
0.002049
0.008989
-0.012571
0.005950
0.001766
0.010130
-0.021205
0.000959
0.006668
0.011170
-0.010734
-0.013892
0.023145
-0.000321
-0.018720
0.015079
-0.012614
-0.002386
0.016480
-0.026806
0.018554
0.005164
0.007380
-0.021018
-0.007569
0.026176
0.000293
-0.043840
0.034911
0.012976
-0.036865
0.027168
-0.012276
-0.001836
0.003075
-0.003287
0.003611
0.002500
-0.012280
0.004213
-0.003638
0.012613
-0.000550
-0.024942
0.019668
0.007074
-0.019410
0.007096
-0.012356
0.015006
-0.000213
-0.016204
0.008647
-0.000507
0.007263
0.001799
-0.034737
0.047287
-0.021522
-0.025659
0.035808
-0.003639
-0.018007
0.011782
-0.013985
0.012308
-0.004298
-0.016374
0.015085
0.004740
-0.002832
-0.015989
-0.000169
0.027766
-0.024476
-0.015346
0.029489
0.001131
-0.028093
0.014729
-0.001996
-0.006182
0.002576
-0.003828
0.007559
-0.000476
-0.007732
-0.008384
-0.001542
0.027029
-0.023195
-0.017598
0.036641
-0.006497
-0.022683
0.006321
-0.000237
0.010179
-0.012142
-0.008980
0.017753
-0.010936
-0.006355
0.008917
-0.015276
0.025458
-0.014176
-0.026761
0.035094
0.002603
-0.034472
0.019793
-0.015136
0.015140
-0.012228
-0.002518
-0.001811
0.016394
-0.006717
-0.013851
-0.009896
0.028906
-0.004447
-0.033007
0.025474
0.005238
-0.012898
-0.013061
0.006964
0.004450
0.002536
-0.026400
0.023206
-0.005005
0.000942
-0.011068
-0.004328
0.018032
-0.011047
-0.025596
0.031345
0.003604
-0.030035
0.009005
0.006525
-0.011809
0.007536
-0.010697
0.017546
-0.020206
-0.000078
0.002326
-0.014250
0.024964
-0.012762
-0.028123
0.036550
-0.010749
-0.003024
-0.016417
0.015013
-0.004778
-0.001314
-0.008416
0.019259
-0.015198
0.003485
-0.010349
-0.009347
0.029059
-0.018079
-0.023097
0.028430
-0.009255
-0.008823
0.005323
-0.007619
0.006615
-0.008914
-0.010186
0.008270
0.022479
-0.022469
-0.012205
-0.009370
0.042702
-0.025265
-0.034584
0.039593
0.003722
-0.031368
0.005746
0.000464
0.031447
-0.019257
-0.001620
-0.008840
0.015390
0.004228
-0.022916
-0.003020
0.030380
-0.021852
-0.015490
0.023502
0.001749
-0.012137
-0.004197
-0.009525
0.006484
0.015031
-0.023960
0.012087
0.003303
-0.007348
0.005087
-0.033596
0.042529
-0.016307
-0.021243
0.015167
0.013454
-0.031795
0.025748
-0.036030
0.045428
-0.032088
-0.000184
0.003208
0.001142
0.000247
0.000765
-0.020935
0.020175
-0.006344
-0.023043
0.029527
0.001512
-0.020010
0.001946
0.002065
-0.000486
-0.005054
-0.006307
0.009612
-0.003238
-0.003284
-0.003778
-0.018580
0.035796
-0.012480
-0.036003
0.035840
0.005885
-0.037855
0.015535
0.000758
-0.004413
0.001167
-0.013669
0.013266
-0.000847
-0.012351
0.003702
-0.015339
0.022817
-0.009050
-0.021526
0.028202
-0.018163
-0.009245
-0.002265
0.010528
-0.000548
-0.007551
-0.017256
0.022604
-0.005066
-0.012854
-0.001824
-0.016123
0.032034
-0.012132
-0.047655
0.052585
-0.003548
-0.031742
0.001339
0.018277
-0.020402
0.008241
-0.027819
0.027560
-0.000497
-0.017073
-0.007229
-0.003634
0.018729
-0.005943
-0.035599
0.032079
-0.006525
-0.018102
0.009105
-0.007354
-0.004085
0.008321
-0.019481
0.011768
-0.005014
-0.006866
-0.001963
-0.016410
0.030251
-0.023457
-0.033667
0.048297
-0.019404
-0.005916
-0.011901
0.003548
0.005788
-0.021830
0.008047
-0.000339
0.010977
-0.029991
-0.005781
0.003637
0.025655
-0.029199
-0.018574
0.025112
-0.009789
-0.010241
-0.000541
-0.000225
-0.013095
0.004066
-0.016963
0.017494
-0.012760
0.002756
-0.011327
-0.018897
0.031073
-0.013269
-0.034213
0.024293
0.012563
-0.042789
0.034907
-0.051061
0.048532
-0.055079
0.066733
-0.135484
0.176580
-0.141403
0.052444
-0.033460
0.023875
-0.001605
-0.041617
0.026964
-0.002352
-0.004512
-0.033022
0.039985
-0.045998
0.013300
-0.001571
-0.009973
0.004490
-0.009946
-0.015300
0.009075
0.009925
-0.030282
-0.011255
0.018657
-0.011485
-0.008424
-0.002175
-0.005767
-0.004331
-0.011947
0.004408
-0.015123
0.018577
-0.028734
-0.000577
-0.006341
0.019390
-0.030319
-0.010338
0.011773
0.003157
-0.028867
-0.008603
0.010374
-0.004267
-0.010680
-0.008031
0.007861
-0.019582
0.013013
-0.043018
0.024820
0.003054
-0.029437
-0.011252
0.020628
-0.012415
0.000903
-0.045171
0.024578
0.006812
0.018663
-0.153784
0.188583
-0.086783
-0.035767
-0.016851
-0.009882
0.025383
-0.011496
-0.037733
0.023335
0.007217
-0.049067
0.027359
-0.034330
-0.012623
0.019109
-0.029791
-0.001825
-0.008510
-0.011979
-0.000488
-0.012679
-0.021805
0.023800
-0.051436
0.012654
0.012006
-0.052353
0.018220
-0.015186
-0.005926
-0.017917
-0.014397
0.001464
-0.004172
-0.028377
-0.002913
-0.013697
0.007961
-0.023417
-0.032001
0.025294
-0.011160
-0.033799
-0.007160
0.008917
-0.031628
0.005799
-0.035423
0.024047
-0.039158
-0.008259
-0.010156
-0.003282
-0.019448
0.003276
-0.040060
0.009934
-0.013288
-0.033494
0.007854
-0.016832
-0.002674
-0.066595
0.120127
-0.185592
0.123388
-0.202756
0.678299
-1.558343
1.741155
