0.003200
0.002835
0.002290
0.001666
0.001064
0.000559
0.000192
-0.000033
-0.000139
-0.000168
-0.000162
-0.000155
-0.000169
-0.000212
-0.000283
-0.000374
-0.000471
-0.000565
-0.000645
-0.000706
-0.000748
-0.000771
-0.000781
-0.000782
-0.000778
-0.000774
-0.000771
-0.000770
-0.000771
-0.000776
-0.000786
-0.000801
-0.000825
-0.000858
-0.000900
-0.000950
-0.001004
-0.001058
-0.001105
-0.001142
-0.001163
-0.001169
-0.001156
-0.001121
-0.001053
-0.000921
-0.000655
-0.000121
0.000928
0.002911
0.006486
0.012620
0.022624
0.038126
0.060926
0.092725
0.134722
0.187137
0.248769
0.316751
0.386608
0.452712
0.509090
0.550425
0.573006
0.575402
0.558658
0.525987
0.482058
0.432089
0.380970
0.332614
0.289634
0.253328
0.223905
0.200818
0.183114
0.169720
0.159630
0.151999
0.146176
0.141678
0.138162
0.135379
0.133147
0.131328
0.129812
0.128507
0.127338
0.126242
0.125168
0.124077
0.122940
0.121741
0.120471
0.119132
0.117729
0.116275
0.114786
0.113278
0.111769
0.110279
0.108824
0.107416
0.106065
0.104772
0.103534
0.102339
0.101172
0.100016
0.098855
0.097676
0.096469
0.095235
0.093977
0.092704
0.091426
0.090154
0.088893
0.087646
0.086412
0.085188
0.083972
0.082765
0.081571
0.080399
0.079257
0.078152
0.077091
0.076072
0.075090
0.074138
0.073207
0.072288
0.071379
0.070478
0.069588
0.068712
0.067852
0.067009
0.066180
0.065363
0.064553
0.063747
0.062943
0.062143
0.061351
0.060570
0.059806
0.059062
0.058339
0.057638
0.056954
0.056283
0.055618
0.054953
0.054284
0.053607
0.052922
0.052229
0.051535
0.050844
0.050164
0.049501
0.048862
0.048249
0.047662
0.047100
0.046556
0.046026
0.045507
0.044994
0.044487
0.043988
0.043499
0.043022
0.042559
0.042113
0.041682
0.041265
0.040859
0.040459
0.040059
0.039651
0.039231
0.038796
0.038346
0.037884
0.037418
0.036953
0.036499
0.036060
0.035640
0.035239
0.034855
0.034485
0.034127
0.033781
0.033447
0.033129
0.032829
0.032545
0.032276
0.032015
0.031753
0.031482
0.031191
0.030875
0.030533
0.030170
0.029792
0.029410
0.029035
0.028675
0.028337
0.028019
0.027720
0.027433
0.027150
0.026865
0.026572
0.026269
0.025957
0.025639
0.025319
0.025002
0.024693
0.024394
0.024110
0.023844
0.023598
0.023374
0.023175
0.022997
0.022838
0.022690
0.022544
0.022389
0.022218
0.022025
0.021810
0.021577
0.021333
0.021087
0.020848
0.020619
0.020404
0.020199
0.020000
0.019802
0.019598
0.019386
0.019163
0.018930
0.018690
0.018448
0.018211
0.017985
0.017780
0.017600
0.017450
0.017328
0.017230
0.017146
0.017065
0.016974
0.016864
0.016731
0.016574
0.016400
0.016216
0.016032
0.015859
0.015703
0.015570
0.015459
0.015367
0.015287
0.015208
0.015118
0.015006
0.014862
0.014685
0.014474
0.014237
0.013985
0.013729
0.013483
0.013254
0.013048
0.012869
0.012715
0.012585
0.012474
0.012378
0.012293
0.012215
0.012141
0.012069
0.011997
0.011923
0.011846
0.011763
0.011672
0.011569
0.011454
0.011325
0.011183
0.011032
0.010875
0.010715
0.010557
0.010404
0.010258
0.010123
0.010002
0.009899
0.009818
0.009759
0.009724
0.009709
0.009709
0.009716
0.009722
0.009719
0.009700
0.009660
0.009599
0.009518
0.009421
0.009313
0.009200
0.009087
0.008978
0.008875
0.008780
0.008692
0.008610
0.008531
0.008455
0.008381
0.008308
0.008235
0.008164
0.008095
0.008029
0.007965
0.007902
0.007838
0.007773
0.007706
0.007635
0.007563
0.007491
0.007422
0.007360
0.007307
0.007265
0.007231
0.007205
0.007183
0.007160
0.007135
0.007103
0.007063
0.007015
0.006958
0.006895
0.006826
0.006755
0.006684
0.006617
0.006555
0.006500
0.006450
0.006403
0.006355
0.006305
0.006249
0.006188
0.006124
0.006058
0.005994
0.005936
0.005886
0.005844
0.005811
0.005785
0.005765
0.005747
0.005729
0.005709
0.005687
0.005663
0.005638
0.005613
0.005588
0.005564
0.005538
0.005511
0.005480
0.005444
0.005405
0.005361
0.005315
0.005267
0.005219
0.005173
0.005134
0.005103
0.005084
0.005078
0.005085
0.005102
0.005126
0.005152
0.005177
0.005202
0.005226
0.005250
0.005275
0.005301
0.005326
0.005347
0.005363
0.005370
0.005370
0.005363
0.005349
0.005330
0.005304
0.005270
0.005224
0.005164
0.005091
0.005006
0.004915
0.004823
0.004736
0.004661
0.004600
0.004557
0.004529
0.004513
0.004506
0.004502
0.004493
0.004474
0.004443
0.004397
0.004338
0.004271
0.004201
0.004135
0.004077
0.004030
0.003995
0.003973
0.003961
0.003955
0.003953
0.003953
0.003953
0.003953
0.003955
0.003962
0.003976
0.003997
0.004026
0.004059
0.004093
0.004122
0.004143
0.004150
0.004143
0.004123
0.004091
0.004052
0.004008
0.003962
0.003917
0.003873
0.003830
0.003789
0.003748
0.003709
0.003671
0.003635
0.003602
0.003574
0.003550
0.003530
0.003512
0.003495
0.003478
0.003458
0.003435
0.003410
0.003386
0.003364
0.003348
0.003338
0.003336
0.003340
0.003351
0.003364
0.003378
0.003390
0.003397
0.003397
0.003391
0.003376
0.003355
0.003330
0.003304
0.003283
0.003271
0.003271
0.003284
0.003308
0.003338
0.003369
0.003397
0.003416
0.003424
0.003422
0.003410
0.003389
0.003365
0.003339
0.003315
0.003298
0.003288
0.003286
0.003290
0.003297
0.003302
0.003303
0.003297
0.003285
0.003270
0.003253
0.003238
0.003225
0.003216
0.003209
0.003203
0.003197
0.003189
0.003179
0.003166
0.003149
0.003129
0.003106
0.003081
0.003058
0.003042
0.003036
0.003045
0.003072
0.003115
0.003172
0.003240
0.003314
0.003387
0.003456
0.003513
0.003557
0.003585
0.003596
0.003594
0.003581
0.003564
0.003547
0.003535
0.003531
0.003534
0.003544
0.003558
0.003572
0.003582
0.003586
0.003581
0.003566
0.003542
0.003510
0.003475
0.003438
0.003403
0.003372
0.003346
0.003324
0.003307
0.003293
0.003283
0.003280
0.003283
0.003295
0.003315
0.003341
0.003369
0.003396
0.003416
0.003428
0.003431
0.003425
0.003413
0.003396
0.003378
0.003360
0.003344
0.003331
0.003322
0.003317
0.003317
0.003322
0.003331
0.003342
0.003353
0.003359
0.003359
0.003350
0.003330
0.003300
0.003261
0.003218
0.003173
0.003131
0.003096
0.003070
0.003056
0.003053
0.003061
0.003080
0.003109
0.003148
0.003198
0.003260
0.003335
0.003427
0.003535
0.003660
0.003799
0.003946
0.004093
0.004228
0.004339
0.004418
0.004457
0.004455
0.004415
0.004345
0.004257
0.004159
0.004062
0.003971
0.003889
0.003816
0.003749
0.003686
0.003627
0.003570
0.003519
0.003476
0.003443
0.003423
0.003415
0.003421
0.003437
0.003464
0.003501
0.003549
0.003609
0.003682
0.003769
0.003870
0.003982
0.004102
0.004223
0.004341
0.004452
0.004553
0.004644
0.004726
0.004799
0.004861
0.004909
0.004941
0.004954
0.004948
0.004928
0.004901
0.004876
0.004865
0.004875
0.004908
0.004962
0.005027
0.005092
0.005144
0.005172
0.005167
0.005128
0.005058
0.004962
0.004850
0.004733
0.004618
0.004513
0.004421
0.004344
0.004279
0.004223
0.004172
0.004123
0.004073
0.004021
0.003968
0.003917
0.003870
0.003832
0.003805
0.003790
0.003789
0.003799
0.003815
0.003834
0.003849
0.003857
0.003855
0.003843
0.003821
0.003793
0.003761
0.003728
0.003697
0.003668
0.003642
0.003621
0.003603
0.003591
0.003583
0.003578
0.003576
0.003576
0.003575
0.003573
0.003570
0.003567
0.003565
0.003566
0.003572
0.003581
0.003595
0.003612
0.003632
0.003653
0.003675
0.003696
0.003712
0.003723
0.003724
0.003715
0.003695
0.003664
0.003626
0.003582
0.003538
0.003496
0.003461
0.003435
0.003418
0.003411
0.003410
0.003413
0.003418
0.003420
0.003417
0.003410
0.003397
0.003379
0.003358
0.003335
0.003311
0.003285
0.003259
0.003232
0.003204
0.003177
0.003151
0.003128
0.003108
0.003090
0.003073
0.003056
0.003039
0.003021
0.003002
0.002982
0.002964
0.002947
0.002933
0.002921
0.002911
0.002905
0.002902
0.002902
0.002905
0.002912
0.002921
0.002931
0.002940
0.002944
0.002942
0.002932
0.002914
0.002890
0.002860
0.002826
0.002792
0.002759
0.002729
0.002702
0.002679
0.002661
0.002647
0.002637
0.002630
0.002624
0.002618
0.002609
0.002593
0.002570
0.002539
0.002503
0.002465
0.002431
0.002408
0.002401
0.002410
0.002435
0.002470
0.002511
0.002548
0.002575
0.002588
0.002584
0.002565
0.002535
0.002496
0.002456
0.002417
0.002383
0.002356
0.002335
0.002318
0.002304
0.002290
0.002274
0.002255
0.002235
0.002214
0.002193
0.002172
0.002150
0.002126
0.002100
0.002070
0.002040
0.002012
0.001989
0.001977
0.001976
0.001989
0.002012
0.002042
0.002072
0.002097
0.002111
0.002111
0.002097
0.002072
0.002038
0.002000
0.001961
0.001924
0.001890
0.001859
0.001831
0.001807
0.001789
0.001777
0.001773
0.001775
0.001780
0.001784
0.001781
0.001769
0.001745
0.001713
0.001676
0.001642
0.001615
0.001598
0.001594
0.001602
0.001619
0.001644
0.001678
0.001723
0.001784
0.001865
0.001968
0.002096
0.002243
0.002401
0.002559
0.002704
0.002823
0.002904
0.002941
0.002931
0.002877
0.002785
0.002666
0.002529
0.002385
0.002242
0.002106
0.001981
0.001868
0.001769
0.001684
0.001611
0.001552
0.001507
0.001476
0.001459
0.001457
0.001469
0.001495
0.001530
0.001571
0.001612
0.001644
0.001658
0.001643
0.001589
0.001486
0.001329
0.001113
0.000846
0.000538
0.000210
-0.000111
-0.000398
-0.000626
-0.000779
-0.000851
-0.000850
-0.000793
-0.000700
-0.000595
-0.000494
-0.000407
-0.000338
-0.000278
-0.000217
-0.000138
-0.000028
0.000124
0.000319
0.000552
0.000804
0.001050
0.001261
0.001409
0.001472
0.001441
0.001321
0.001127
0.000885
0.000620
0.000357
0.000112
-0.000105
-0.000294
-0.000459
-0.000605
-0.000739
-0.000864
-0.000982
-0.001093
-0.001196
-0.001292
-0.001380
-0.001462
-0.001539
-0.001612
-0.001684
-0.001754
-0.001822
-0.001887
-0.001947
-0.002002
-0.002052
-0.002097
-0.002141
-0.002186
-0.002229
-0.002264
-0.002279
-0.002249
-0.002147
-0.001940
-0.001597
-0.001100
-0.000449
0.000325
0.001160
0.001970
0.002654
0.003120
0.003307
