-0.424864
0.074478
-0.113093
0.008386
0.029491
-0.012641
-0.041532
-0.003684
0.034465
-0.089322
0.110293
-0.102380
0.004007
0.010544
-0.002039
-0.022410
-0.010293
-0.016512
0.005043
0.001013
-0.052438
0.040675
-0.036804
-0.006116
0.005443
-0.028098
-0.008152
-0.000423
-0.000486
-0.024547
-0.012222
-0.000620
-0.010552
-0.008216
-0.009311
-0.006679
-0.023116
0.006010
-0.015545
-0.013645
-0.007779
-0.004361
-0.005332
-0.020082
-0.008361
0.000497
-0.020584
-0.013650
0.009817
-0.032887
0.010126
-0.023159
-0.005886
0.007345
-0.053186
0.003844
0.111122
-0.189563
-0.097949
0.419805
0.064622
-1.616126
2.379686
2.436259
1.395628
0.329738
0.130034
0.459389
0.211075
0.027474
0.123691
0.250620
0.208999
0.333424
0.174304
0.071860
0.211678
0.300179
0.166808
0.111419
0.158132
0.163358
0.178975
0.118158
0.196502
0.108220
0.125587
0.221347
0.102742
0.095934
0.169489
0.169822
0.123297
0.111255
0.096539
0.143042
0.177639
0.081179
0.107181
0.108152
0.170569
0.092081
0.124874
0.094955
0.146524
0.106784
0.101765
0.102880
0.123526
0.089500
0.108104
0.112123
0.097564
0.087971
0.122846
0.091986
0.089795
0.094432
0.096499
0.097811
0.099754
0.078736
0.095116
0.082385
0.111144
0.080913
0.073423
0.095194
0.090642
0.072639
0.098208
0.075845
0.091836
0.065597
0.084944
0.071480
0.083211
0.063314
0.096330
0.058615
0.069878
0.066837
0.075977
0.072288
0.082406
0.050625
0.058117
0.072692
0.047086
0.061538
0.063767
0.059554
0.068862
0.042101
0.075862
0.052541
0.062506
0.041905
0.053638
0.072917
0.048286
0.037613
0.062769
0.056359
0.038736
0.059352
0.055152
0.049919
0.034217
0.050794
0.054659
0.044416
0.044248
0.053013
0.024009
0.075905
0.014021
0.054900
0.046889
0.047664
0.031742
0.038865
0.046039
0.045698
0.034359
0.029026
0.061719
0.034017
0.027833
0.034944
0.033400
0.054750
0.020000
0.022397
0.053968
0.039465
0.025068
0.022483
0.043498
0.042757
0.018746
0.021636
0.055850
0.020563
0.035017
0.010374
0.037402
0.030154
0.028356
0.012178
0.050377
0.026022
0.016258
0.020856
0.039967
0.025347
0.018393
0.013565
0.037269
0.029551
0.021452
0.009181
0.030548
0.040846
0.007098
0.007262
0.043058
0.032343
-0.005023
0.028877
0.028562
0.022357
0.020064
0.008457
0.038033
0.000867
0.042122
-0.006504
0.033741
0.018643
0.021689
0.002764
0.041907
0.014825
0.006417
0.013695
0.029294
0.023344
-0.007554
0.016513
0.036424
0.004478
0.013447
0.011775
0.032293
0.026124
0.042692
-0.030793
0.023967
0.026253
-0.003132
0.008364
0.019676
0.019520
0.006301
0.008192
0.022081
0.022283
0.002449
0.014503
0.009723
0.023166
0.011832
-0.010750
0.027773
0.034167
-0.015998
0.007060
0.031937
-0.001086
0.015360
-0.001458
0.025574
0.004413
0.015696
-0.001975
0.015639
0.019593
-0.004827
0.009213
0.021073
0.006781
-0.009564
0.017161
0.017657
0.003115
0.007564
-0.003892
0.032058
0.003134
-0.004642
-0.000477
0.012505
0.032486
-0.020287
-0.007180
0.025751
0.021694
-0.019663
0.005094
0.015066
0.010313
0.000540
-0.002532
0.024555
0.007619
0.002675
-0.014651
0.013543
0.016677
-0.006355
-0.003995
0.013661
0.007706
-0.005061
0.005506
0.005754
0.009007
-0.006789
0.017828
-0.002250
0.005103
-0.008704
0.009698
-0.000809
0.016069
-0.006610
-0.012234
0.026121
-0.005365
-0.003214
-0.005662
0.019987
0.004558
-0.024777
0.009716
0.016718
0.004951
-0.016659
0.000424
0.007354
0.020009
-0.016158
-0.019731
0.031884
-0.008454
-0.006906
-0.001445
0.006828
0.012673
-0.017964
0.005058
0.007115
0.001881
-0.009935
0.003064
-0.008306
0.017847
-0.002322
-0.023782
0.023820
-0.003807
-0.010266
-0.007021
0.011492
0.004411
-0.005161
-0.017083
0.009821
0.012474
-0.013268
0.001167
-0.006217
0.024205
-0.023396
-0.008517
0.017418
0.006883
-0.018980
-0.009087
0.006290
0.009702
-0.010631
-0.008581
0.003058
0.004834
-0.007934
-0.009471
-0.012181
0.027689
-0.012255
-0.017714
0.009196
-0.003696
0.000789
-0.002371
-0.009914
0.008297
-0.000528
-0.010354
0.004812
-0.004686
0.003820
-0.021458
0.004762
0.016821
-0.014145
-0.026583
0.019994
-0.000589
-0.014928
-0.001472
0.001074
0.001212
-0.011318
-0.005088
-0.001383
0.024172
-0.022657
-0.020480
-0.001755
0.022717
-0.007754
-0.036188
0.023821
0.008182
-0.022869
-0.010600
0.001325
0.010053
-0.017105
-0.005972
-0.006941
0.019241
-0.023764
-0.006643
-0.009828
0.015684
-0.008622
-0.021649
0.020603
-0.011064
-0.015637
-0.001766
0.004902
-0.008816
-0.011433
0.001951
-0.009964
0.011539
-0.025407
-0.001404
-0.002831
0.007946
-0.016165
-0.010539
0.001405
0.000698
-0.005342
-0.007297
-0.017283
0.013522
-0.018036
-0.000734
-0.001549
0.001117
-0.011185
-0.006389
-0.020723
0.027021
-0.015637
-0.023427
0.017215
-0.010066
-0.006258
-0.017679
0.010057
-0.007204
-0.011571
-0.011883
0.017643
-0.010524
-0.011380
-0.011297
0.001734
0.009549
-0.016183
-0.028256
0.030781
-0.004010
-0.028315
-0.025510
0.050477
0.029893
-0.052212
-0.016003
0.008144
0.001974
0.000403
-0.028246
-0.000044
0.020672
-0.005242
-0.028564
0.004650
0.009973
-0.020413
-0.000709
-0.005976
-0.001123
-0.001195
-0.017830
0.013375
-0.007654
-0.006048
-0.008606
-0.010102
0.022859
-0.026818
-0.011855
0.018214
-0.004737
-0.019738
-0.007755
0.000292
0.009160
-0.011683
-0.009429
0.003170
0.000764
-0.007829
-0.014019
-0.005710
0.019388
-0.010759
-0.031645
0.028218
-0.013256
-0.013835
0.009280
-0.020812
0.015179
-0.015857
-0.006902
0.000242
0.000278
-0.016290
-0.002138
-0.007496
0.016839
-0.023294
-0.020623
0.024268
0.000254
-0.031563
-0.006082
0.007238
0.005318
-0.015055
-0.010058
-0.001058
0.007140
-0.018858
-0.010579
0.000656
0.002224
-0.004900
-0.025168
0.011726
0.009143
-0.016393
-0.018901
0.002999
0.000125
-0.010455
-0.007007
0.007658
-0.010012
-0.004925
-0.011253
-0.018866
0.026797
-0.011985
-0.037347
0.026569
-0.002222
-0.017244
-0.009278
-0.001138
0.012104
-0.026467
-0.002210
-0.004902
0.007342
-0.011246
-0.023199
0.004982
0.011227
-0.010960
-0.028509
0.016823
-0.008159
-0.010475
-0.013229
0.011242
-0.006231
-0.014369
-0.006468
-0.000125
0.002100
-0.006766
-0.016412
-0.005429
0.018295
-0.023590
-0.012616
0.017618
-0.010375
-0.021605
-0.001022
0.007044
-0.016409
-0.010887
0.009082
-0.002843
-0.016648
0.004964
-0.011692
-0.012551
0.014053
-0.019370
-0.019010
0.009698
0.013284
-0.025803
-0.007207
-0.002615
0.004827
-0.014910
-0.010980
0.003307
0.003926
-0.008581
-0.027103
0.002815
0.011163
-0.009089
-0.023199
0.016581
0.004634
-0.025268
-0.008168
-0.000000
0.005880
-0.019763
-0.009775
0.015750
-0.009622
-0.018288
-0.003726
-0.003537
0.014455
-0.021102
-0.019538
0.012976
0.005737
-0.024467
-0.005614
0.006440
-0.016778
0.002756
-0.015798
0.004214
-0.006938
-0.003527
-0.017537
-0.000245
0.008858
-0.020454
-0.010012
0.010183
-0.002344
-0.024535
-0.003866
0.001479
-0.001689
-0.013228
-0.007439
0.007173
-0.005476
-0.020378
-0.002596
-0.002611
0.013942
-0.027798
-0.019313
0.023474
-0.007197
-0.025985
0.004218
-0.009001
0.010560
-0.020994
-0.015991
0.014042
-0.007392
-0.006446
-0.018008
-0.007874
0.019708
-0.019404
-0.023415
0.019922
-0.006130
-0.017282
-0.006009
-0.006474
0.009873
-0.024731
-0.008150
0.004381
0.003450
-0.016798
-0.012056
-0.007768
0.019780
-0.024493
-0.009874
0.000717
0.006262
-0.023518
-0.003504
-0.006457
-0.004126
-0.002621
-0.007654
-0.009248
0.007278
-0.018784
-0.010872
-0.006396
0.016715
-0.020961
-0.010495
-0.011216
0.018743
-0.029650
0.003483
-0.013646
0.017667
-0.028866
0.000274
-0.006030
-0.004496
-0.003654
-0.011369
-0.012585
0.008807
-0.011412
-0.020037
0.016234
-0.008791
-0.019898
-0.004957
0.002941
-0.003215
-0.013829
-0.010821
0.005796
-0.008833
-0.008201
-0.012937
-0.009931
0.017342
-0.015206
-0.024762
0.014827
0.008124
-0.021934
0.003098
-0.009945
0.009921
-0.016716
-0.011941
0.003587
-0.003361
-0.010200
-0.014033
-0.008641
0.022954
-0.019437
-0.026901
0.014514
-0.001870
-0.016057
-0.003201
-0.008554
0.004820
-0.014627
-0.011942
0.006877
-0.001717
-0.012940
-0.014240
-0.009909
0.017201
-0.011284
-0.034046
0.024492
-0.011914
-0.007772
-0.016509
0.006249
-0.013191
-0.002343
-0.011852
0.000032
0.000506
-0.010803
-0.021191
0.001635
0.011813
-0.021488
-0.016197
0.007069
0.003749
-0.018333
-0.006088
-0.017552
0.010670
-0.012903
-0.005433
-0.002960
-0.008626
0.002918
-0.018791
-0.013823
0.018944
-0.015808
-0.027899
0.018033
-0.004902
-0.017999
-0.016114
0.006607
0.003795
-0.019236
-0.015743
0.010995
-0.001596
-0.023387
-0.004264
-0.004712
0.006791
-0.016867
-0.020750
0.013269
-0.012054
-0.005597
-0.012381
0.002609
-0.008079
-0.015021
-0.002499
-0.008199
-0.004862
-0.000058
-0.021091
-0.001747
0.011056
-0.018354
-0.019868
0.006469
0.005953
-0.034437
0.013374
-0.029885
0.034691
-0.061578
0.046041
-0.070115
0.091124
-0.097800
0.029237
-0.015142
0.006737
-0.006963
-0.041888
0.039298
-0.026279
-0.006315
-0.021288
0.017411
-0.028402
-0.000163
-0.001946
0.000026
-0.005326
-0.016967
-0.002156
-0.010594
0.015252
-0.040325
0.008933
-0.002988
-0.007864
-0.014678
-0.009490
0.002103
-0.003512
-0.019347
-0.004751
0.003172
-0.009105
-0.016972
-0.005313
-0.002755
0.011326
-0.030077
-0.009381
0.001819
0.002770
-0.027434
-0.001291
-0.002757
-0.003881
-0.015112
-0.008985
-0.000497
-0.005437
0.003923
-0.040012
0.010573
0.005787
-0.014497
-0.020691
-0.004365
0.014096
-0.013617
-0.036718
0.013934
0.007043
0.000307
-0.108083
0.139946
-0.073523
-0.026400
-0.034951
0.007665
0.019690
-0.019102
-0.026627
0.005377
0.003595
-0.029125
0.003290
-0.024799
-0.003596
-0.001062
-0.010287
-0.015447
-0.004004
-0.016783
0.000184
-0.017562
-0.013606
0.006901
-0.028544
0.001810
-0.004574
-0.026469
-0.004018
0.000611
-0.018727
-0.005635
-0.016506
-0.005789
-0.004387
-0.014395
-0.016958
-0.005817
-0.009131
-0.004101
-0.030126
0.006344
-0.010209
-0.014652
-0.017062
-0.000357
-0.014262
-0.010778
-0.013749
-0.006498
-0.003717
-0.024487
0.003206
-0.014689
-0.005393
-0.001323
-0.028978
0.005613
-0.013678
-0.019689
-0.008509
-0.010615
-0.003475
-0.048651
0.068669
-0.113224
0.074692
-0.132003
0.403219
-0.933318
1.030975
