-0.274811
0.048233
-0.047122
-0.008267
0.037069
-0.009132
-0.023415
0.006973
0.028605
-0.048867
0.066465
-0.043961
-0.009313
0.031308
-0.013425
0.002641
-0.006367
0.001557
0.004339
0.011197
-0.028554
0.028525
-0.014412
-0.004562
0.016396
-0.009862
-0.003663
0.003125
0.010668
-0.010815
0.000525
-0.001955
0.001739
0.002185
0.000846
-0.003696
-0.001942
0.016103
-0.015500
0.008593
-0.007104
0.006497
-0.004054
0.004152
-0.012256
0.024282
-0.027612
0.010665
0.009178
-0.017629
0.022483
-0.024181
0.014479
0.009345
-0.029456
0.002678
0.086492
-0.145058
0.021523
0.202177
0.026694
-0.953961
2.122674
1.019757
0.479194
0.200789
0.299248
0.336841
0.096231
0.049042
0.112679
0.079762
0.130608
0.222470
-0.030165
0.035972
0.161615
0.176190
0.027686
0.049320
0.110895
0.063496
0.101104
0.068764
0.073013
0.051531
0.100913
0.107995
-0.002119
0.078646
0.115655
0.083354
0.025110
0.073585
0.061414
0.074455
0.087570
0.034246
0.059771
0.052511
0.099937
0.041510
0.039355
0.060520
0.081138
0.048663
0.050768
0.052082
0.067920
0.038163
0.058233
0.054442
0.053183
0.043711
0.052777
0.055114
0.042635
0.042565
0.050760
0.046241
0.043812
0.042195
0.045641
0.055131
0.043040
0.021583
0.056781
0.032569
0.052859
0.012705
0.065834
0.036127
0.034476
0.032455
0.045466
0.026620
0.047655
0.025658
0.031093
0.033441
0.046202
0.026494
0.026551
0.048781
0.021443
0.032271
0.026165
0.033877
0.030981
0.016744
0.034037
0.027554
0.038389
0.008307
0.034721
0.025815
0.033956
0.015537
0.031279
0.035039
0.014154
0.025200
0.028312
0.032074
0.003604
0.031912
0.026928
0.032446
0.001818
0.034786
0.018455
0.020564
0.028647
0.012111
0.019864
0.037754
-0.005126
0.040404
0.010389
0.025661
0.014201
0.007725
0.033997
0.016063
0.008968
0.009412
0.042784
-0.002314
0.021932
0.013599
0.013735
0.035207
-0.001670
0.017203
0.031501
0.008888
-0.003823
0.036224
0.006926
0.011802
0.011252
0.014179
0.029581
-0.008317
0.026565
0.003821
0.022749
0.025135
-0.003697
0.010623
0.027712
0.001257
0.011085
0.006475
0.030575
0.001245
0.004482
0.013499
0.021619
-0.000018
0.019000
0.004939
0.014042
0.017492
-0.001713
0.008863
0.027572
-0.000228
0.008272
0.005034
0.018618
0.005850
0.011558
0.000656
0.016832
0.005951
0.021534
-0.016817
0.028775
0.008461
0.007066
-0.005101
0.024205
0.007254
-0.004116
0.007028
0.021350
0.008364
-0.010551
0.012990
0.018498
-0.002285
0.014235
-0.003928
0.007202
0.013466
0.002664
0.000623
0.015295
-0.009963
0.015131
0.006979
0.010715
-0.005270
0.006328
0.005580
0.006663
0.020538
-0.009369
0.011493
-0.001201
0.021277
-0.003649
-0.016290
0.030959
0.006301
-0.006435
0.000132
0.018297
0.001591
0.004663
-0.008795
0.020521
0.003664
0.003741
-0.012764
0.022600
0.009084
-0.010284
0.002339
0.011663
0.010530
-0.004735
-0.005410
0.022868
0.002619
-0.009371
0.000578
0.014822
0.001291
0.003247
-0.004214
0.010342
0.008192
-0.004038
0.000245
0.015184
-0.002576
-0.008922
0.014898
-0.006090
0.010972
-0.005254
0.007600
0.006270
-0.005479
0.009679
-0.007503
0.004658
0.011667
-0.007065
-0.006094
0.017609
-0.008559
0.004757
0.003430
-0.010965
0.014350
0.011634
-0.011135
-0.001389
0.007819
0.004567
-0.002590
0.000537
0.007881
-0.000528
-0.007577
0.015872
-0.010328
-0.004601
0.014164
0.006468
0.003951
-0.010619
0.003034
0.012618
-0.003394
-0.001917
0.004509
-0.002663
0.010868
-0.011925
0.000565
0.013077
-0.000533
-0.008530
0.003489
0.006342
0.010267
-0.019916
0.008757
-0.001458
0.006020
0.006668
-0.011147
-0.002673
0.021130
-0.012627
-0.011159
0.024334
-0.005121
-0.003640
-0.006815
0.011267
-0.000275
-0.007251
-0.004962
0.018817
0.002976
-0.014461
0.005091
-0.003424
0.013959
-0.017210
0.007787
0.013305
-0.015671
0.000136
0.004900
0.006917
-0.003260
-0.003804
0.001410
0.004121
-0.007399
0.002654
0.005421
-0.008570
0.019034
-0.021680
0.002142
0.020773
-0.018561
0.003037
0.009702
-0.014722
0.010089
-0.001270
-0.008977
0.013901
-0.014454
0.011559
-0.010026
0.005032
0.015016
-0.019140
-0.007271
0.013686
0.009200
-0.012510
-0.004741
0.000458
0.014182
-0.013887
0.002206
0.004427
-0.011358
0.003731
0.000602
0.002338
0.011231
-0.018463
0.000594
0.018306
-0.010549
0.001884
-0.005086
0.001379
0.001486
0.004474
-0.007400
0.010694
-0.007705
0.007637
-0.012826
0.010104
-0.003949
0.008069
-0.023860
0.020914
-0.008713
-0.000916
0.005674
-0.003713
-0.001685
-0.005557
0.017682
-0.014641
0.008349
-0.017257
0.022636
-0.017668
0.016177
-0.015577
0.000288
0.006772
-0.002842
-0.000983
-0.007424
0.013614
-0.015705
0.012354
-0.011132
0.007035
0.002609
-0.003911
-0.000576
-0.011346
0.021986
-0.020544
-0.000945
0.018962
-0.013955
0.000716
-0.009819
0.007068
-0.000929
0.004824
-0.009498
0.011339
-0.015032
0.012109
-0.012235
0.009762
-0.003061
-0.001912
-0.009759
0.016417
-0.004502
-0.006577
-0.003592
0.014249
-0.011563
0.001187
0.003667
-0.006441
0.005528
-0.009266
-0.000701
0.001491
0.012150
-0.009111
-0.014771
0.015213
0.001627
-0.019357
0.021707
-0.005980
-0.005702
-0.010883
0.004205
0.025384
-0.021576
0.002474
-0.006200
0.004625
0.005001
-0.010805
-0.003071
0.009271
-0.007127
-0.003200
0.008877
-0.009949
0.007956
0.001550
-0.006959
-0.004255
0.007576
0.002569
-0.017618
0.012115
0.004752
-0.016503
-0.002891
0.019385
-0.002538
-0.018760
0.010917
-0.012523
0.014658
-0.002814
-0.008522
0.001083
0.009075
-0.007296
-0.000255
-0.007219
0.015316
-0.009997
-0.012234
0.019918
-0.006664
-0.010995
0.010185
-0.005180
0.009314
-0.006984
0.008588
-0.008465
0.002811
-0.001455
-0.004660
0.002834
0.004655
-0.002726
-0.007719
0.013331
-0.015298
0.016319
-0.009758
0.000248
0.000487
-0.003527
0.002119
0.010552
-0.011382
-0.002784
0.008899
-0.012339
0.020518
-0.022792
0.001567
0.018687
-0.013748
-0.004351
0.013903
-0.008643
-0.004135
0.004074
-0.002511
0.001234
0.005874
-0.008938
-0.004881
0.003536
0.009316
-0.003801
-0.013517
0.019677
-0.010374
0.000672
-0.002610
0.000634
0.003484
-0.004189
0.001221
-0.004085
0.010548
-0.007802
-0.000999
-0.008593
0.017402
-0.007335
-0.013224
0.019415
-0.006978
-0.007589
0.002540
0.004243
-0.000115
-0.002042
-0.010767
0.009948
0.004272
0.002374
-0.016398
0.008135
0.005122
-0.000038
-0.009839
0.013468
-0.008880
-0.009630
0.013634
0.004348
0.010239
-0.008687
0.007370
0.006640
-0.007475
0.001927
-0.007054
0.012312
-0.005284
0.006348
-0.008761
0.011851
-0.001580
-0.002755
0.002077
-0.007669
0.011507
-0.012923
0.008206
0.003908
0.001055
-0.001084
-0.005000
-0.002221
0.015699
-0.027314
0.019638
0.004613
-0.008978
-0.003501
0.008175
-0.003621
0.005967
-0.006272
0.006625
0.004894
-0.012246
0.013383
-0.013756
0.002891
0.013566
-0.016524
0.003762
0.017211
-0.015732
0.003483
0.005461
-0.004204
0.009439
-0.011964
0.006625
-0.004520
0.008992
-0.003220
-0.001857
0.003017
0.011805
-0.014497
0.000819
0.007389
-0.000948
-0.007017
0.015269
-0.016048
0.006541
-0.002820
0.001584
0.008365
-0.005639
-0.001848
-0.000569
-0.008598
0.024099
-0.015588
-0.010308
0.021521
-0.012003
0.004059
-0.005717
0.008446
-0.000927
-0.006709
0.006120
0.005209
-0.004265
-0.006431
0.006467
-0.005207
0.011447
-0.003397
-0.016335
0.020371
-0.010414
-0.001499
0.007444
-0.004503
0.003507
-0.004828
0.002145
0.005787
-0.005673
-0.001090
0.001402
0.000798
0.006932
-0.009176
-0.002493
0.001398
0.014551
-0.017467
0.013371
-0.017163
0.020355
-0.010421
0.010445
-0.016431
0.020436
-0.008310
-0.005922
0.001458
0.016578
-0.016491
-0.005526
0.015238
-0.003722
-0.005535
0.010296
-0.009428
0.022471
-0.026245
0.006444
0.015981
-0.003910
-0.013384
0.009063
-0.001225
0.011964
-0.010408
-0.016006
0.035300
-0.023567
0.000945
0.005465
-0.001450
0.000921
0.005729
-0.015054
0.012077
0.001447
-0.008496
0.003152
0.000787
0.004461
-0.002751
-0.013441
0.023413
-0.005359
0.003080
-0.008854
0.010713
-0.010094
0.007937
-0.002961
0.005567
-0.007386
0.008176
-0.007870
-0.003094
0.020089
-0.014006
-0.010617
0.021092
-0.009711
0.003688
-0.011895
0.016306
-0.010508
0.009244
-0.009320
0.006318
-0.001850
-0.003332
0.007850
-0.007706
0.015285
-0.020365
0.010404
-0.001352
0.006944
-0.008184
0.003936
-0.006439
0.007276
-0.010379
0.012452
-0.007966
0.004172
0.002255
-0.000939
-0.009152
0.022911
-0.028862
0.011307
0.006961
0.004612
-0.016182
0.006111
0.006466
-0.007768
0.005326
-0.000504
-0.002482
0.001976
-0.000988
0.000274
-0.008832
0.020172
-0.014742
-0.008897
0.024627
-0.022134
0.011817
-0.003162
0.001218
0.001556
0.000560
-0.004645
0.003843
0.001432
-0.006476
0.008801
-0.016088
0.028293
-0.027331
0.006805
0.007294
0.012445
-0.028942
0.023923
-0.013110
0.015774
-0.024659
0.026696
-0.034495
0.058102
-0.064703
0.037746
-0.016221
0.020802
-0.023218
0.006840
0.001963
0.005297
-0.001447
-0.009522
0.015695
-0.014911
0.006411
0.001957
-0.005109
0.006493
-0.002739
-0.005623
0.000267
0.015623
-0.023976
0.010525
0.000511
0.004428
-0.004361
0.012251
0.004460
0.009200
-0.018174
0.009592
0.001637
0.004386
-0.003953
-0.006997
0.012487
0.001713
-0.006322
0.001225
0.002002
0.001325
0.003947
-0.015282
0.015623
-0.007942
0.001507
-0.002630
0.008844
0.001354
0.007619
-0.025892
0.020883
0.000352
-0.013236
0.008028
0.011765
-0.005302
0.004225
-0.020522
0.041009
-0.025320
0.023569
-0.077405
0.127600
-0.083346
0.007874
-0.005843
0.006383
0.013795
-0.018539
-0.000071
0.008547
0.006545
-0.025934
0.025166
-0.026767
0.023352
-0.007594
-0.000155
-0.004995
-0.004068
0.009582
-0.001660
-0.008632
0.010959
0.005925
-0.004915
0.013927
-0.000882
-0.013039
0.010469
-0.000617
0.000485
-0.011456
0.005950
0.003996
0.007827
-0.021712
0.010908
-0.004615
0.007639
-0.005577
-0.005207
0.001017
0.002318
-0.005459
0.002573
-0.001759
0.001909
-0.008956
-0.005540
0.021025
-0.021507
0.000199
0.008547
-0.012305
0.004081
-0.002661
-0.006868
0.012086
-0.004475
-0.015379
0.006760
-0.002948
0.006743
-0.025716
0.037072
-0.051204
0.046445
-0.074611
0.263538
-0.605159
0.684895
