-0.363886
0.068502
-0.075346
0.004410
0.030971
-0.003136
-0.023329
-0.010637
0.035240
-0.053008
0.084065
-0.074394
0.007072
0.023809
0.003362
-0.025795
0.012189
-0.010145
0.005155
0.005115
-0.026120
0.035189
-0.032165
-0.003459
0.027581
-0.023679
-0.001108
0.004222
0.006257
-0.014846
0.004973
0.000381
-0.012460
0.005482
0.003906
-0.012115
0.000792
0.013919
-0.019001
-0.000911
-0.000836
0.002549
-0.000479
-0.001993
-0.013525
0.018031
-0.016501
0.003921
0.004888
-0.020450
0.019071
-0.018356
0.009882
0.001983
-0.022162
0.002502
0.075315
-0.147977
0.027324
0.231462
-0.090766
-0.828129
2.150053
0.924907
0.783967
0.551403
0.438256
0.300782
0.158010
0.104948
0.142824
0.073394
0.168785
0.240071
-0.039371
0.069476
0.169184
0.166732
0.044223
0.095505
0.103443
0.066919
0.108566
0.104031
0.089038
0.055978
0.120634
0.116009
0.046411
0.069332
0.129206
0.104311
0.047022
0.082672
0.082636
0.096292
0.091393
0.061743
0.063038
0.081770
0.087823
0.067853
0.052330
0.081593
0.075080
0.072057
0.056069
0.072234
0.064547
0.071349
0.035838
0.088805
0.058005
0.053695
0.059434
0.067769
0.048442
0.063564
0.061538
0.054136
0.054556
0.057198
0.058686
0.045754
0.074038
0.028830
0.060934
0.059171
0.048360
0.036514
0.062108
0.038308
0.048719
0.042527
0.049882
0.035220
0.055739
0.039903
0.043678
0.032990
0.054733
0.031713
0.038135
0.049620
0.029679
0.045381
0.050211
0.019625
0.052656
0.025964
0.046473
0.030929
0.040518
0.040867
0.035305
0.030987
0.036636
0.030204
0.042123
0.033088
0.034488
0.026260
0.038335
0.029463
0.028548
0.028526
0.036875
0.022738
0.030507
0.022346
0.050345
0.006194
0.026489
0.036966
0.018182
0.045454
0.004633
0.039726
0.020253
0.035827
0.009008
0.041437
0.014994
0.027601
0.023213
0.013967
0.031710
0.014777
0.032397
0.002513
0.032767
0.033440
0.001924
0.022388
0.022765
0.026786
0.002192
0.036419
0.008217
0.017085
0.028178
0.006701
0.034521
0.005113
0.024697
0.002853
0.026135
0.025565
0.008666
0.005861
0.025822
0.013385
0.014912
0.013652
0.024128
0.004838
0.021210
0.011849
0.020497
0.011149
0.017531
-0.006773
0.028560
0.019092
0.012855
-0.004346
0.021206
0.012454
0.021706
-0.012553
0.032576
-0.005793
0.034956
0.000634
-0.000959
0.022842
0.014596
-0.007659
0.027165
0.009700
0.004181
-0.004305
0.037010
-0.004609
0.006035
0.015627
0.020235
0.006468
-0.000092
0.012314
0.022517
0.001452
0.002583
0.014418
-0.001239
0.014962
0.009714
0.021237
0.008891
0.022367
-0.004223
0.003990
0.021779
0.003336
0.006066
0.005597
0.015153
0.002774
0.006095
0.002758
0.002264
0.034143
-0.019451
0.009785
0.013449
0.018882
-0.014581
0.005598
0.017007
0.002596
0.003230
0.002867
0.015744
0.007878
0.000044
0.005253
-0.000990
0.022078
-0.009164
0.016799
-0.005728
0.023975
-0.019796
0.023963
-0.006245
0.018658
-0.006564
0.012192
0.000404
0.013427
-0.003346
-0.005364
0.012279
0.015974
-0.011459
-0.009252
0.030567
-0.000773
-0.009858
0.016402
-0.009468
0.016396
-0.006455
-0.001689
0.018714
0.001101
0.000304
-0.007090
0.020492
-0.001251
0.005144
-0.010957
0.009551
0.005459
-0.006892
0.015433
-0.005902
0.001671
0.003228
0.000185
0.002439
0.001230
0.005284
0.009504
-0.012960
0.013012
0.004168
-0.021913
0.035891
-0.023236
0.004460
0.008289
0.015896
-0.021330
-0.001045
0.005697
0.024253
-0.022224
0.005154
-0.010773
0.020755
-0.002843
-0.000908
-0.007854
0.023770
-0.022899
0.016811
-0.013479
0.017274
-0.016218
0.002827
0.004603
0.001080
0.000387
-0.001601
-0.000627
-0.000199
0.002077
0.003953
-0.010612
0.014595
-0.015735
0.004758
0.006393
0.002666
-0.007779
0.000088
-0.003140
0.015374
-0.007664
-0.004959
0.000176
0.001380
0.005638
-0.011143
0.002925
0.007736
-0.003495
-0.007473
-0.000676
0.003160
-0.000203
-0.002071
0.003059
0.002706
-0.005414
-0.001253
0.001949
-0.005432
0.002380
-0.003150
0.000365
0.016115
-0.014711
-0.003545
-0.006957
0.022130
-0.025461
0.009391
-0.002513
0.013783
-0.019125
0.008937
-0.022997
0.024709
-0.006625
-0.006206
0.001198
-0.005213
0.018280
-0.025799
0.016788
-0.011819
0.009365
-0.015234
0.008270
-0.008466
0.012789
-0.009941
0.001655
-0.008897
0.014367
-0.002402
-0.022306
0.018064
-0.007813
0.005980
0.008009
-0.024671
0.008545
0.003455
0.001501
-0.020124
0.008622
0.013558
-0.020069
-0.001600
0.008785
-0.017686
0.006804
0.015317
-0.023885
0.005489
0.003838
-0.001539
-0.010461
-0.001160
0.000396
0.002434
-0.002340
-0.008371
0.014390
-0.021148
0.014321
0.002248
-0.010606
0.004829
-0.002753
-0.009343
0.005913
0.002192
-0.014585
0.013445
-0.009329
-0.000800
-0.002985
0.005386
-0.001781
-0.016967
0.019893
-0.011995
-0.004981
0.006264
-0.007741
-0.004984
0.001882
-0.000761
-0.001725
-0.002370
-0.005468
0.009443
-0.017450
0.011751
-0.009083
0.000077
0.017440
-0.030372
0.001790
0.008655
-0.004078
-0.008033
-0.003146
0.011080
-0.014914
-0.001295
-0.000185
0.006685
-0.014407
0.008911
-0.014125
0.002754
0.002148
-0.005744
-0.006332
0.009407
-0.002706
-0.014934
0.001298
0.000790
0.001875
-0.009622
-0.001312
0.009258
-0.012773
-0.008235
0.005353
0.005360
-0.001212
-0.003687
-0.012269
0.013728
-0.012264
-0.005952
0.008430
-0.011337
0.001510
-0.003585
-0.001406
-0.003247
0.004989
-0.003692
-0.010705
0.015083
-0.019664
0.012093
-0.020980
0.012250
-0.009835
-0.001502
0.002445
-0.000330
-0.005563
-0.005886
0.008637
-0.008505
0.006079
-0.007352
-0.016516
0.012757
0.010505
-0.019401
-0.010465
0.028749
-0.006955
-0.016344
0.002482
0.005985
0.002726
-0.019956
0.008382
-0.002594
0.007332
-0.020224
0.013043
-0.016023
0.015062
-0.007074
-0.010130
0.005702
-0.006647
-0.000331
0.003696
-0.009924
-0.000038
0.002753
0.000971
-0.006847
0.001040
-0.002506
0.001411
-0.018517
0.026890
-0.031756
0.006200
0.007537
0.002010
-0.014755
-0.003777
0.004738
0.008435
-0.023998
0.006363
0.008777
-0.008155
0.005679
-0.024217
0.015059
0.008945
-0.026172
0.005150
0.009472
-0.013702
0.003589
-0.000713
-0.004755
-0.007050
0.003772
-0.002860
0.002517
-0.006752
0.006749
-0.012900
0.005662
0.004421
-0.015833
0.003923
-0.002054
0.000443
-0.011937
0.013713
-0.009696
-0.007747
0.006673
-0.012554
0.017771
-0.019225
0.011976
-0.025006
0.015448
0.004708
-0.007677
-0.015846
0.011507
-0.001078
-0.003281
0.006703
0.002817
0.001128
-0.002290
0.005634
-0.002773
-0.000727
-0.008310
0.003139
-0.000011
0.000224
-0.006671
-0.014527
0.022585
-0.013532
-0.001046
0.000262
0.002687
-0.004880
-0.004914
0.002081
0.007440
-0.015036
0.001950
-0.003369
0.007396
-0.001695
-0.005188
-0.007951
0.014913
-0.014121
0.005886
-0.011057
0.008165
-0.011539
0.015022
-0.011634
-0.001878
-0.004224
0.011734
-0.019440
0.004371
0.005245
-0.005326
-0.011106
0.015147
-0.007711
-0.000408
-0.008059
0.004171
-0.000690
-0.001285
-0.004196
-0.004749
0.004740
-0.007604
-0.002175
0.011648
-0.008229
-0.004800
0.003547
0.005243
-0.008687
0.003656
-0.013741
0.009201
-0.010799
0.008547
-0.007322
0.002533
-0.002758
0.004346
-0.014201
0.004973
0.011550
-0.019946
0.008812
0.003503
-0.007870
-0.013256
0.012617
-0.001425
-0.005682
-0.010729
0.013091
-0.002022
-0.002053
-0.004391
0.010287
-0.016144
0.022219
-0.016440
-0.003407
0.009207
0.000893
-0.011191
0.007905
-0.012181
0.004201
0.003346
-0.009593
0.005340
0.004059
-0.008846
0.000993
0.002275
-0.002838
-0.000205
-0.015990
0.026386
-0.016357
-0.006847
0.014231
-0.003429
-0.000577
-0.018052
0.022264
-0.008526
0.001773
-0.002742
-0.005465
-0.006876
0.014004
-0.006877
-0.009526
0.009775
0.006555
-0.017209
0.006257
0.002211
-0.011444
0.003895
0.000423
0.000325
-0.008247
0.002878
-0.003624
0.003713
0.003426
-0.007275
-0.006432
0.007866
0.001904
-0.005415
0.008538
0.011481
-0.003138
-0.001956
0.011126
-0.005868
-0.001440
0.006902
-0.016766
0.007501
0.006178
-0.002424
-0.007690
0.012958
-0.012512
0.008004
-0.002371
0.000219
-0.000946
0.003446
-0.006003
-0.001215
0.001772
0.006576
-0.008681
-0.006634
0.018757
-0.023570
0.007620
0.015178
-0.010726
-0.007083
0.002689
0.011492
-0.013688
0.002820
-0.005123
0.008427
0.003299
-0.015835
0.009340
-0.006311
0.014381
-0.015679
0.004887
-0.001524
0.003628
-0.003522
-0.002096
0.002907
-0.007498
0.009136
-0.014644
0.023832
-0.026769
0.015187
-0.003849
-0.007678
0.017874
-0.013142
-0.004743
0.013859
-0.013642
0.010179
-0.004850
0.004599
-0.004630
0.000333
0.002585
-0.000220
0.000084
-0.005987
0.004959
-0.002144
0.004271
-0.008453
0.001054
0.001711
0.003745
-0.003459
-0.005308
0.005327
0.002056
-0.011404
0.004298
0.006987
-0.006616
-0.004774
-0.000204
-0.001120
0.017879
-0.023420
0.008165
0.009771
-0.006768
-0.012751
0.018602
-0.021081
0.023464
-0.029473
0.041121
-0.068149
0.089447
-0.085677
0.053262
-0.032245
0.026418
-0.008721
-0.012440
0.009237
-0.002348
0.006143
-0.015021
0.013503
-0.013017
0.002982
0.003114
-0.009679
0.013755
-0.013682
-0.002441
0.013958
-0.004601
-0.014808
0.010312
0.007873
-0.011386
0.006513
-0.015688
0.020257
-0.013423
0.001725
-0.006491
0.003078
0.007504
-0.015522
0.007207
-0.010637
0.027791
-0.030136
0.006562
-0.002764
0.019293
-0.022294
-0.001774
0.011397
0.001739
-0.008607
-0.002939
0.011875
-0.006469
-0.005536
-0.009540
0.008815
0.014961
-0.022666
0.000560
0.015846
-0.007043
-0.003344
-0.020747
0.031859
-0.016275
0.009600
-0.057881
0.112878
-0.095995
0.025225
-0.021211
0.010738
0.004207
-0.017358
0.008028
0.000908
0.001082
-0.018904
0.027243
-0.030210
0.014537
-0.011571
0.002790
0.000946
-0.008227
0.004448
-0.003927
0.002564
-0.006578
0.014944
-0.025459
0.011697
0.002744
-0.017368
0.009960
-0.011019
0.003403
-0.010317
0.007016
-0.000731
0.000266
-0.011183
-0.003345
0.001152
0.001491
-0.005538
-0.014974
0.017997
-0.014790
-0.002924
-0.001263
0.003856
-0.007213
-0.013051
0.017353
-0.011491
-0.003298
-0.006214
-0.004394
0.007772
-0.015547
0.008324
-0.012725
0.011660
-0.014778
-0.010560
0.011629
-0.008769
0.001505
-0.028982
0.059718
-0.088198
0.064990
-0.104983
0.343719
-0.776004
0.879869
