-0.440111
0.088649
-0.100980
0.001081
0.045407
-0.010047
-0.028968
-0.006036
0.043361
-0.076773
0.107821
-0.093871
0.008301
0.027096
-0.003129
-0.018969
0.002360
-0.016834
0.022760
-0.002726
-0.044023
0.048252
-0.032296
-0.004716
0.028513
-0.040799
0.010941
-0.000068
0.000653
-0.008930
-0.001268
-0.004126
-0.009363
0.012674
-0.013929
0.001119
-0.021372
0.023781
-0.016742
-0.008817
0.003885
-0.005206
0.004025
-0.012212
-0.009109
0.018789
-0.020811
-0.001947
0.009564
-0.025258
0.018447
-0.020865
0.007039
0.002861
-0.040727
0.024156
0.073471
-0.170478
-0.011463
0.400322
-0.260502
-1.034155
2.436639
1.435533
1.022400
0.697540
0.695402
0.537707
0.229302
0.177887
0.225124
0.226880
0.154277
0.386545
0.080305
0.100407
0.251869
0.258024
0.121241
0.138749
0.206870
0.112528
0.171138
0.140625
0.188853
0.095590
0.162735
0.195647
0.099565
0.123290
0.163782
0.188530
0.096660
0.133311
0.117439
0.161149
0.145642
0.091057
0.145741
0.132593
0.139675
0.118187
0.116552
0.123672
0.137956
0.106879
0.120058
0.119104
0.109508
0.116978
0.111181
0.119168
0.097412
0.117647
0.114440
0.103826
0.099334
0.106767
0.107933
0.103758
0.107887
0.088400
0.102826
0.106013
0.099426
0.088944
0.084312
0.113650
0.091574
0.076760
0.091657
0.105481
0.067735
0.102405
0.077431
0.085268
0.085212
0.082904
0.086036
0.088841
0.080481
0.068662
0.088693
0.084807
0.069812
0.064939
0.096062
0.074629
0.063988
0.073920
0.076903
0.074066
0.067778
0.070919
0.073497
0.067873
0.062576
0.070871
0.067225
0.085339
0.051016
0.063070
0.081380
0.062812
0.047886
0.076903
0.054514
0.077290
0.048107
0.065605
0.058378
0.066335
0.046787
0.050989
0.063883
0.073047
0.028716
0.059001
0.069527
0.042511
0.052019
0.055348
0.051698
0.056218
0.052790
0.043169
0.051652
0.059366
0.054162
0.021069
0.062682
0.068103
0.023595
0.044235
0.058203
0.047072
0.032115
0.058146
0.032825
0.047462
0.039030
0.044475
0.046834
0.030623
0.054424
0.030106
0.045360
0.052429
0.033846
0.024514
0.053549
0.048038
0.020632
0.040386
0.038687
0.042052
0.027560
0.038834
0.048097
0.032926
0.025334
0.043933
0.025561
0.052743
0.017375
0.037458
0.046987
0.032995
0.018291
0.036426
0.046269
0.017623
0.043732
0.018093
0.050773
0.026369
0.032504
0.019231
0.039821
0.045387
0.006216
0.032746
0.042146
0.023056
0.017618
0.043943
0.015877
0.031344
0.030994
0.024429
0.027861
0.018051
0.042203
0.006964
0.030348
0.036930
0.019175
0.013249
0.043693
0.019956
0.011196
0.028004
0.024257
0.030616
0.016360
0.018058
0.028999
0.036625
0.009421
0.005186
0.044458
0.018122
0.024688
-0.005154
0.054425
0.022662
0.002897
0.012872
0.039582
0.018906
0.020699
0.013701
0.032512
0.023763
0.012355
0.005647
0.032109
0.020619
0.000586
0.019128
0.032138
0.021696
-0.001618
0.020230
0.024081
0.021184
0.008520
0.021075
0.015360
0.022537
0.009434
0.008481
0.021664
0.026580
-0.001832
0.015987
0.028706
0.015450
-0.007891
0.025749
0.016850
0.022923
0.001350
0.012209
0.030075
0.010832
0.018644
-0.010915
0.028305
0.024226
0.000406
0.000500
0.033109
0.009481
0.002262
0.016371
0.021843
0.018062
0.011691
0.011979
0.017827
0.013339
0.004691
0.014337
0.012257
0.016568
0.003109
0.003122
0.043330
-0.003939
-0.008460
0.020305
0.019596
0.008681
0.005091
0.008987
0.015613
0.011473
0.000146
0.007208
0.012718
0.032283
-0.012021
0.001034
0.029830
0.013056
-0.007761
0.010234
0.010858
0.022123
0.001611
-0.009826
0.027507
0.014604
0.005626
-0.004797
0.008138
0.026428
0.000115
-0.004284
0.023348
0.005404
0.000168
0.008045
0.006851
0.024686
-0.010689
0.017231
0.000181
0.022293
0.000265
-0.002219
0.003622
0.021756
0.000769
-0.007290
0.030835
-0.010300
0.017561
-0.002108
0.005584
0.016832
0.000809
0.003923
0.010232
0.012645
-0.004009
0.006478
0.011279
0.018003
-0.017833
0.012504
0.021505
-0.009262
0.005107
0.008797
0.021353
-0.001706
-0.009387
0.012432
0.015587
0.000144
0.003002
0.000737
0.018986
0.002615
0.003470
-0.014103
0.028860
-0.000166
0.001736
-0.003408
0.014206
0.004229
0.010644
-0.006917
0.007345
0.012491
-0.002036
0.003027
-0.004556
0.032285
-0.013418
-0.003129
0.020010
0.000846
-0.003660
0.013827
0.004934
-0.004695
0.002198
0.011432
-0.002980
0.007583
0.006979
-0.012721
0.014578
0.013366
-0.010641
-0.000041
0.014079
0.011970
-0.010998
0.004389
0.000965
0.014103
-0.014640
0.015285
0.006256
-0.001414
0.001173
-0.001323
0.011599
0.001949
-0.003195
-0.001598
0.019228
-0.005591
-0.005105
0.007605
0.011917
-0.005149
-0.005032
0.006486
0.008659
0.009666
-0.011425
-0.000340
-0.000647
0.018937
-0.002472
-0.011674
0.018936
-0.005178
-0.010156
0.023981
-0.010469
0.005530
0.001980
-0.011021
0.018580
0.004674
-0.001560
-0.003766
0.001572
0.006401
-0.005401
-0.003673
0.024903
-0.016300
-0.008053
0.014448
0.011127
-0.008628
-0.004267
0.006968
0.009711
-0.000293
-0.004391
-0.002738
0.011080
0.004892
-0.006788
-0.010827
0.019404
0.007783
-0.018877
0.007061
0.006140
0.000300
-0.007150
0.012251
-0.009973
0.014738
-0.010473
0.009551
-0.006545
0.013498
-0.017324
0.002409
0.014231
0.001566
-0.015881
0.008587
0.002672
0.002488
-0.001964
0.000877
0.002674
0.008835
-0.008312
-0.002771
0.000533
0.021216
-0.015320
-0.006773
0.021007
-0.005043
-0.007507
-0.001504
0.007622
0.012517
-0.008232
-0.014442
0.015080
0.008139
-0.003771
-0.011426
0.007583
0.011231
-0.006868
-0.014649
0.027253
-0.007270
-0.008419
0.006054
-0.000787
0.001939
-0.001111
0.000313
0.001792
-0.000141
0.000053
0.001878
0.008073
0.004472
-0.008820
-0.006441
0.023624
-0.011225
-0.004991
-0.004867
0.022774
-0.022708
0.007826
0.004520
0.003373
-0.008111
0.004031
0.005870
-0.011680
0.018657
-0.021195
0.004718
0.012857
0.003724
-0.020296
0.010303
0.003202
0.000328
-0.002890
-0.002283
0.001280
0.011339
-0.007586
-0.005847
0.002214
0.012142
-0.007391
-0.004468
0.013435
-0.004646
-0.005699
0.002628
0.002777
0.004365
0.002850
0.000872
0.008438
0.008984
-0.004286
-0.004103
0.011712
0.000763
-0.011033
-0.003016
0.025318
-0.010546
-0.012258
0.006070
0.006378
0.002607
-0.006237
0.000865
0.004225
-0.000471
-0.001767
-0.006709
0.012174
0.003159
-0.001117
-0.011016
0.013831
0.015178
-0.012961
0.000365
-0.002512
0.008113
-0.002807
-0.000217
0.005755
0.002980
-0.007885
0.005500
0.006307
-0.001117
0.003025
-0.012806
0.025119
-0.001782
-0.016078
0.009739
0.005121
0.006957
-0.012805
-0.006683
0.024928
-0.005489
-0.005222
0.000813
-0.000527
0.011667
-0.017877
0.009780
0.005883
-0.000333
-0.010863
0.009697
0.001251
-0.003950
0.000381
-0.003590
0.015797
-0.011911
0.008456
-0.010847
0.005262
0.007990
-0.014684
-0.000505
0.026637
-0.015656
-0.003798
-0.000143
0.012693
-0.013654
0.010216
-0.014619
0.017903
-0.002813
0.001429
-0.014816
0.007674
0.011673
-0.010037
-0.003214
0.019078
-0.010999
-0.009154
0.015133
-0.003273
-0.002933
0.003406
-0.008556
0.014161
-0.002153
-0.009557
0.002408
-0.001513
0.013205
-0.001291
-0.021573
0.025984
-0.012074
0.002944
-0.003630
0.007877
0.001499
-0.013430
0.006896
0.009263
0.001409
-0.003720
-0.014343
0.011813
0.012478
-0.015347
-0.006462
0.014267
0.004110
-0.013273
0.001132
0.009944
-0.003842
-0.000510
-0.006088
0.001757
0.015347
-0.011839
-0.004717
0.003166
0.022041
-0.016999
-0.006488
0.022016
-0.001588
-0.016200
0.011658
-0.012281
0.024886
-0.029104
0.017940
-0.002668
0.005377
-0.001495
-0.013249
0.011910
0.004966
-0.005539
-0.010714
0.025922
-0.010817
-0.000394
-0.000957
0.011904
-0.015191
0.007818
-0.003961
0.004687
0.001730
0.000028
-0.002406
-0.003627
0.014939
-0.011781
-0.000812
0.021933
-0.002064
-0.006457
0.003754
0.004726
0.005361
-0.006938
-0.002330
0.011170
0.004769
-0.008090
-0.013400
0.025092
-0.000197
-0.004983
-0.015806
0.028818
-0.006813
-0.010016
0.009634
-0.003851
0.001781
0.008493
-0.010112
0.002278
0.009891
-0.005853
-0.006768
0.001556
0.022394
-0.014729
-0.011273
0.015138
0.001073
-0.007256
-0.005571
0.022886
-0.014013
0.002427
-0.002664
0.003135
0.007382
-0.017130
0.006490
0.002343
0.018349
-0.021098
-0.008248
0.022445
-0.001500
-0.008862
-0.002303
0.004752
0.005299
-0.006115
-0.001919
0.003697
0.003834
-0.001281
-0.014046
0.013493
0.009497
-0.011207
-0.009426
0.016396
-0.004493
-0.005958
0.003214
0.002737
-0.004721
-0.001915
0.002626
0.004276
0.006180
-0.009328
-0.004053
0.009882
0.004452
-0.013527
-0.002073
0.013263
-0.004495
-0.008520
0.006710
0.001165
-0.005984
0.001282
-0.002302
0.012304
-0.015129
0.015091
-0.013810
0.005426
0.007817
-0.011099
-0.003321
0.008135
0.004173
-0.026203
0.036884
-0.035584
0.033678
-0.043882
0.056560
-0.079920
0.105631
-0.093128
0.036645
-0.003910
0.001426
0.000954
-0.020059
0.020518
-0.002812
-0.002364
-0.006764
0.020062
-0.025078
0.001905
0.018002
-0.015880
0.002585
0.006233
-0.012209
0.010392
0.005800
-0.026060
0.017577
0.006067
-0.010932
0.000777
-0.002558
0.007833
-0.012415
0.004585
-0.002837
0.005720
0.004534
-0.017432
-0.003420
0.021071
-0.005997
-0.016258
0.005548
0.010469
-0.006502
-0.004858
-0.009179
0.017223
-0.010401
-0.005502
0.004936
0.000223
0.009426
-0.014567
-0.004843
0.007854
0.009147
-0.024386
0.006908
0.011344
-0.003537
-0.003544
-0.019797
0.019200
0.008550
-0.009884
-0.064044
0.132462
-0.100902
0.014946
-0.022821
0.015956
0.003207
-0.018602
-0.006709
0.019078
0.001424
-0.025413
0.022849
-0.026370
0.005764
0.002633
-0.005313
-0.004028
-0.009795
0.006751
-0.009431
0.000544
-0.007130
0.009438
-0.024611
0.012975
-0.007939
-0.003488
-0.008874
0.005524
-0.005658
-0.012317
0.003710
0.002894
-0.007050
-0.017691
0.011003
-0.013388
0.003638
-0.009240
-0.014360
0.012101
-0.006162
-0.009409
-0.007845
0.005825
-0.011494
-0.002390
-0.007353
0.002231
-0.011040
-0.005463
0.003980
-0.008149
-0.000695
0.001662
-0.015788
0.010616
-0.008523
-0.011709
0.008772
-0.014153
0.004289
-0.045925
0.083382
-0.107989
0.069532
-0.114154
0.403500
-0.936324
1.061631
