0.001167
0.000994
0.000754
0.000492
0.000248
0.000052
-0.000081
-0.000152
-0.000173
-0.000162
-0.000137
-0.000111
-0.000092
-0.000084
-0.000086
-0.000096
-0.000113
-0.000133
-0.000156
-0.000179
-0.000200
-0.000216
-0.000224
-0.000225
-0.000217
-0.000203
-0.000186
-0.000169
-0.000157
-0.000153
-0.000159
-0.000173
-0.000194
-0.000218
-0.000240
-0.000257
-0.000265
-0.000264
-0.000254
-0.000237
-0.000214
-0.000187
-0.000156
-0.000117
-0.000059
0.000041
0.000233
0.000602
0.001297
0.002551
0.004708
0.008242
0.013749
0.021909
0.033397
0.048741
0.068147
0.091325
0.117357
0.144684
0.171227
0.194658
0.212775
0.223889
0.227141
0.222644
0.211429
0.195217
0.176065
0.156007
0.136751
0.119505
0.104927
0.093190
0.084112
0.077300
0.072286
0.068617
0.065913
0.063878
0.062303
0.061042
0.059999
0.059108
0.058324
0.057611
0.056942
0.056296
0.055653
0.055001
0.054329
0.053634
0.052915
0.052175
0.051422
0.050662
0.049902
0.049146
0.048399
0.047664
0.046942
0.046235
0.045543
0.044869
0.044211
0.043568
0.042938
0.042319
0.041708
0.041103
0.040504
0.039910
0.039323
0.038746
0.038181
0.037630
0.037095
0.036576
0.036074
0.035589
0.035119
0.034662
0.034217
0.033781
0.033349
0.032919
0.032489
0.032059
0.031628
0.031201
0.030778
0.030362
0.029955
0.029557
0.029166
0.028782
0.028404
0.028031
0.027666
0.027308
0.026957
0.026614
0.026276
0.025938
0.025598
0.025249
0.024890
0.024517
0.024132
0.023736
0.023334
0.022931
0.022532
0.022144
0.021770
0.021414
0.021080
0.020769
0.020484
0.020225
0.019991
0.019777
0.019579
0.019389
0.019196
0.018993
0.018774
0.018536
0.018280
0.018012
0.017739
0.017468
0.017204
0.016950
0.016707
0.016473
0.016245
0.016020
0.015795
0.015569
0.015341
0.015111
0.014877
0.014643
0.014407
0.014172
0.013939
0.013712
0.013493
0.013284
0.013087
0.012900
0.012722
0.012547
0.012371
0.012188
0.011995
0.011789
0.011575
0.011358
0.011143
0.010940
0.010753
0.010585
0.010434
0.010297
0.010166
0.010036
0.009901
0.009756
0.009601
0.009437
0.009267
0.009096
0.008929
0.008767
0.008613
0.008466
0.008323
0.008183
0.008042
0.007898
0.007751
0.007602
0.007457
0.007321
0.007201
0.007104
0.007033
0.006990
0.006973
0.006974
0.006982
0.006987
0.006976
0.006939
0.006872
0.006775
0.006653
0.006514
0.006371
0.006237
0.006122
0.006036
0.005985
0.005969
0.005987
0.006032
0.006097
0.006170
0.006238
0.006288
0.006305
0.006278
0.006199
0.006067
0.005885
0.005665
0.005421
0.005169
0.004923
0.004693
0.004485
0.004303
0.004147
0.004016
0.003908
0.003823
0.003757
0.003706
0.003665
0.003625
0.003582
0.003531
0.003470
0.003401
0.003327
0.003254
0.003185
0.003123
0.003068
0.003019
0.002975
0.002933
0.002893
0.002855
0.002817
0.002779
0.002741
0.002699
0.002651
0.002593
0.002524
0.002443
0.002352
0.002256
0.002160
0.002072
0.001998
0.001942
0.001906
0.001888
0.001885
0.001892
0.001902
0.001911
0.001916
0.001916
0.001913
0.001908
0.001907
0.001915
0.001933
0.001965
0.002010
0.002063
0.002119
0.002168
0.002201
0.002207
0.002180
0.002115
0.002015
0.001886
0.001737
0.001582
0.001431
0.001294
0.001179
0.001087
0.001016
0.000963
0.000923
0.000890
0.000859
0.000828
0.000795
0.000762
0.000727
0.000694
0.000663
0.000633
0.000604
0.000575
0.000547
0.000519
0.000492
0.000469
0.000449
0.000432
0.000416
0.000398
0.000375
0.000346
0.000310
0.000268
0.000223
0.000179
0.000136
0.000098
0.000063
0.000031
-0.000000
-0.000032
-0.000067
-0.000106
-0.000150
-0.000198
-0.000251
-0.000307
-0.000362
-0.000415
-0.000461
-0.000499
-0.000525
-0.000539
-0.000542
-0.000537
-0.000526
-0.000514
-0.000503
-0.000495
-0.000490
-0.000487
-0.000483
-0.000475
-0.000461
-0.000441
-0.000418
-0.000396
-0.000382
-0.000381
-0.000396
-0.000426
-0.000469
-0.000522
-0.000579
-0.000634
-0.000686
-0.000731
-0.000769
-0.000801
-0.000828
-0.000851
-0.000871
-0.000890
-0.000909
-0.000930
-0.000951
-0.000973
-0.000994
-0.001014
-0.001033
-0.001050
-0.001067
-0.001084
-0.001102
-0.001122
-0.001141
-0.001161
-0.001179
-0.001197
-0.001214
-0.001230
-0.001244
-0.001256
-0.001264
-0.001265
-0.001258
-0.001242
-0.001218
-0.001188
-0.001157
-0.001129
-0.001109
-0.001100
-0.001105
-0.001122
-0.001152
-0.001188
-0.001229
-0.001268
-0.001302
-0.001331
-0.001353
-0.001369
-0.001382
-0.001392
-0.001402
-0.001414
-0.001427
-0.001442
-0.001460
-0.001480
-0.001501
-0.001522
-0.001540
-0.001553
-0.001562
-0.001565
-0.001564
-0.001562
-0.001563
-0.001569
-0.001584
-0.001606
-0.001633
-0.001661
-0.001685
-0.001700
-0.001705
-0.001702
-0.001693
-0.001683
-0.001676
-0.001675
-0.001681
-0.001692
-0.001706
-0.001720
-0.001731
-0.001737
-0.001740
-0.001740
-0.001738
-0.001736
-0.001733
-0.001730
-0.001726
-0.001720
-0.001714
-0.001708
-0.001704
-0.001705
-0.001713
-0.001730
-0.001756
-0.001790
-0.001830
-0.001873
-0.001915
-0.001951
-0.001978
-0.001993
-0.001993
-0.001979
-0.001950
-0.001911
-0.001865
-0.001814
-0.001763
-0.001711
-0.001661
-0.001610
-0.001560
-0.001510
-0.001462
-0.001418
-0.001381
-0.001355
-0.001343
-0.001345
-0.001362
-0.001391
-0.001430
-0.001476
-0.001526
-0.001576
-0.001628
-0.001679
-0.001730
-0.001780
-0.001827
-0.001869
-0.001904
-0.001930
-0.001943
-0.001944
-0.001933
-0.001911
-0.001883
-0.001851
-0.001820
-0.001794
-0.001774
-0.001762
-0.001758
-0.001761
-0.001769
-0.001783
-0.001800
-0.001820
-0.001840
-0.001858
-0.001873
-0.001882
-0.001885
-0.001882
-0.001876
-0.001868
-0.001860
-0.001854
-0.001850
-0.001847
-0.001845
-0.001841
-0.001831
-0.001815
-0.001791
-0.001758
-0.001720
-0.001679
-0.001643
-0.001616
-0.001603
-0.001607
-0.001628
-0.001664
-0.001712
-0.001766
-0.001819
-0.001867
-0.001904
-0.001928
-0.001937
-0.001934
-0.001919
-0.001897
-0.001870
-0.001841
-0.001810
-0.001778
-0.001745
-0.001709
-0.001673
-0.001638
-0.001605
-0.001579
-0.001561
-0.001551
-0.001549
-0.001553
-0.001560
-0.001567
-0.001574
-0.001578
-0.001581
-0.001585
-0.001592
-0.001604
-0.001622
-0.001648
-0.001679
-0.001715
-0.001752
-0.001787
-0.001816
-0.001838
-0.001849
-0.001850
-0.001841
-0.001822
-0.001796
-0.001766
-0.001732
-0.001697
-0.001662
-0.001628
-0.001597
-0.001569
-0.001548
-0.001534
-0.001528
-0.001531
-0.001542
-0.001560
-0.001583
-0.001610
-0.001636
-0.001658
-0.001674
-0.001679
-0.001672
-0.001650
-0.001616
-0.001571
-0.001520
-0.001467
-0.001413
-0.001361
-0.001307
-0.001247
-0.001177
-0.001092
-0.000989
-0.000872
-0.000746
-0.000621
-0.000506
-0.000415
-0.000356
-0.000336
-0.000355
-0.000411
-0.000496
-0.000598
-0.000705
-0.000805
-0.000891
-0.000957
-0.001001
-0.001026
-0.001036
-0.001036
-0.001030
-0.001020
-0.001009
-0.000998
-0.000984
-0.000970
-0.000953
-0.000935
-0.000917
-0.000899
-0.000883
-0.000873
-0.000868
-0.000870
-0.000879
-0.000892
-0.000906
-0.000918
-0.000927
-0.000929
-0.000927
-0.000921
-0.000915
-0.000911
-0.000913
-0.000923
-0.000940
-0.000963
-0.000991
-0.001023
-0.001055
-0.001087
-0.001116
-0.001138
-0.001150
-0.001149
-0.001133
-0.001104
-0.001064
-0.001018
-0.000972
-0.000932
-0.000902
-0.000886
-0.000882
-0.000889
-0.000903
-0.000919
-0.000931
-0.000936
-0.000930
-0.000912
-0.000883
-0.000848
-0.000810
-0.000776
-0.000750
-0.000735
-0.000732
-0.000741
-0.000760
-0.000785
-0.000814
-0.000842
-0.000866
-0.000882
-0.000887
-0.000878
-0.000855
-0.000819
-0.000773
-0.000720
-0.000662
-0.000605
-0.000551
-0.000502
-0.000463
-0.000434
-0.000419
-0.000419
-0.000436
-0.000468
-0.000513
-0.000567
-0.000624
-0.000679
-0.000726
-0.000761
-0.000782
-0.000790
-0.000787
-0.000776
-0.000760
-0.000740
-0.000721
-0.000702
-0.000686
-0.000674
-0.000668
-0.000668
-0.000676
-0.000692
-0.000713
-0.000736
-0.000756
-0.000769
-0.000770
-0.000755
-0.000727
-0.000685
-0.000637
-0.000586
-0.000540
-0.000501
-0.000473
-0.000457
-0.000451
-0.000455
-0.000467
-0.000485
-0.000505
-0.000524
-0.000541
-0.000552
-0.000555
-0.000552
-0.000543
-0.000531
-0.000520
-0.000511
-0.000506
-0.000505
-0.000506
-0.000508
-0.000509
-0.000508
-0.000505
-0.000502
-0.000501
-0.000504
-0.000512
-0.000526
-0.000547
-0.000574
-0.000603
-0.000633
-0.000660
-0.000682
-0.000697
-0.000702
-0.000697
-0.000682
-0.000658
-0.000625
-0.000586
-0.000542
-0.000496
-0.000452
-0.000412
-0.000381
-0.000360
-0.000352
-0.000356
-0.000370
-0.000392
-0.000417
-0.000440
-0.000457
-0.000466
-0.000465
-0.000455
-0.000441
-0.000424
-0.000410
-0.000399
-0.000394
-0.000394
-0.000397
-0.000400
-0.000401
-0.000399
-0.000394
-0.000386
-0.000377
-0.000370
-0.000367
-0.000368
-0.000372
-0.000380
-0.000387
-0.000393
-0.000396
-0.000395
-0.000390
-0.000385
-0.000379
-0.000374
-0.000372
-0.000373
-0.000375
-0.000380
-0.000384
-0.000387
-0.000390
-0.000391
-0.000393
-0.000396
-0.000401
-0.000407
-0.000412
-0.000413
-0.000407
-0.000392
-0.000367
-0.000332
-0.000289
-0.000243
-0.000199
-0.000163
-0.000141
-0.000133
-0.000143
-0.000168
-0.000204
-0.000246
-0.000289
-0.000329
-0.000360
-0.000383
-0.000395
-0.000398
-0.000393
-0.000383
-0.000367
-0.000349
-0.000330
-0.000310
-0.000292
-0.000276
-0.000262
-0.000251
-0.000240
-0.000232
-0.000224
-0.000220
-0.000219
-0.000223
-0.000233
-0.000247
-0.000265
-0.000283
-0.000296
-0.000302
-0.000297
-0.000282
-0.000258
-0.000227
-0.000195
-0.000164
-0.000141
-0.000126
-0.000122
-0.000127
-0.000140
-0.000159
-0.000180
-0.000201
-0.000220
-0.000235
-0.000248
-0.000258
-0.000270
-0.000286
-0.000310
-0.000348
-0.000401
-0.000470
-0.000555
-0.000651
-0.000751
-0.000846
-0.000930
-0.000994
-0.001035
-0.001052
-0.001048
-0.001026
-0.000991
-0.000947
-0.000897
-0.000844
-0.000790
-0.000738
-0.000690
-0.000649
-0.000620
-0.000605
-0.000605
-0.000619
-0.000644
-0.000675
-0.000707
-0.000734
-0.000751
-0.000758
-0.000752
-0.000738
-0.000719
-0.000699
-0.000682
-0.000670
-0.000664
-0.000665
-0.000670
-0.000682
-0.000701
-0.000727
-0.000761
-0.000802
-0.000849
-0.000898
-0.000946
-0.000989
-0.001025
-0.001053
-0.001073
-0.001086
-0.001095
-0.001101
-0.001104
-0.001106
-0.001108
-0.001109
-0.001110
-0.001110
-0.001107
-0.001097
-0.001074
-0.001029
-0.000954
-0.000838
-0.000672
-0.000451
-0.000177
0.000137
0.000467
0.000778
0.001032
0.001193
0.001239
