-0.325978
0.052772
-0.084093
-0.005683
0.041127
-0.025113
-0.022099
-0.021254
0.032398
-0.058739
0.066670
-0.065224
-0.009075
0.018782
-0.009817
-0.028319
0.010209
-0.028739
0.009594
-0.015305
-0.014108
0.013768
-0.027126
-0.015070
0.013490
-0.024833
-0.005698
0.000212
-0.014187
-0.012311
-0.013001
0.003419
-0.021592
0.011832
-0.024983
0.007614
-0.038249
0.027115
-0.041379
0.005332
-0.006353
-0.002876
-0.023687
0.004632
-0.018311
-0.000506
-0.012457
-0.013566
0.007756
-0.030770
0.017768
-0.028317
-0.004075
-0.006763
-0.027909
0.005665
0.086666
-0.202475
-0.000841
0.378636
-0.212498
-1.150878
2.533438
1.250558
1.908188
-0.106884
0.357812
0.274891
0.218700
0.064550
0.071889
0.230002
0.159009
0.247727
0.100602
0.072047
0.117218
0.240066
0.104461
0.093905
0.111394
0.110155
0.146915
0.092295
0.138488
0.064397
0.140926
0.120934
0.094709
0.068601
0.127391
0.146431
0.096541
0.069118
0.059791
0.156119
0.101752
0.087400
0.051188
0.129299
0.105261
0.070734
0.106898
0.039405
0.099042
0.080410
0.058493
0.082477
0.110708
0.059972
0.058304
0.093706
0.074684
0.073355
0.051106
0.070350
0.076942
0.045064
0.074463
0.062447
0.052427
0.086312
0.044437
0.030788
0.110823
0.016183
0.075198
0.063719
0.037705
0.057032
0.066527
0.041123
0.051577
0.049352
0.051873
0.053337
0.053755
0.025210
0.053726
0.059795
0.044826
0.005861
0.071324
0.075082
0.004116
0.043056
0.028265
0.083911
0.007505
0.059543
0.016358
0.059768
0.026079
0.034037
0.026114
0.044202
0.032745
0.032229
0.032150
0.037363
0.029653
0.030106
0.049513
0.022893
0.012761
0.030934
0.031046
0.031459
0.013527
0.044581
0.020648
0.024550
0.033035
0.024016
0.021905
0.041306
0.002426
0.038822
0.023293
0.020858
0.002115
0.037390
0.023305
0.048240
-0.012400
0.026775
0.033868
0.012243
0.041298
-0.009642
0.027752
0.040164
0.003474
0.011050
0.009829
0.057049
-0.039922
0.050702
0.001336
0.025291
0.020480
-0.005933
0.030401
0.011511
0.022065
-0.002243
0.005665
0.042202
0.001185
0.007200
0.020805
0.020742
0.023615
-0.013806
0.027358
0.019544
-0.000988
0.016939
0.023771
0.009182
0.000533
0.006170
0.018054
0.026057
0.005062
-0.001253
0.009806
0.030751
0.000580
-0.008277
0.030777
-0.000729
0.011957
-0.010335
0.033595
-0.010361
0.039822
-0.021861
0.017990
0.046638
-0.011293
-0.003894
0.009066
0.026766
-0.007203
0.012508
0.006426
0.007866
0.005179
0.000364
0.020538
-0.010432
0.011052
-0.002258
0.012340
0.018827
0.002528
-0.003819
0.018052
-0.003943
0.004193
-0.006046
0.021851
0.009453
-0.017769
0.006947
-0.000875
0.017399
-0.002117
0.001206
0.001894
0.022174
-0.008035
-0.001286
-0.002976
0.031106
-0.018761
0.004890
0.014054
-0.017774
0.016078
0.006726
-0.004571
0.021505
-0.018452
-0.011814
0.019462
0.015405
-0.000210
-0.021114
0.006523
-0.002373
-0.006423
0.036201
-0.036528
0.020032
-0.014173
0.026173
-0.011963
-0.009060
0.002702
0.020174
0.001301
-0.002370
-0.005024
-0.014968
0.011934
-0.001262
-0.003303
-0.001651
0.011673
-0.003170
0.011421
-0.018545
-0.008612
0.028094
-0.004148
-0.038466
0.018791
0.008459
0.000334
-0.014588
0.007366
0.023096
-0.016064
-0.019197
0.003940
-0.002109
0.005687
0.010389
-0.018335
0.009116
-0.031288
0.033943
-0.019122
0.009727
-0.026791
0.018718
-0.007323
0.007663
-0.027513
0.013245
-0.003509
0.010223
-0.033851
0.009239
0.033377
-0.027973
-0.000191
-0.021507
-0.007524
0.026392
-0.011892
-0.014344
0.012016
0.010511
-0.020485
-0.019061
0.017274
-0.009052
0.000605
-0.013126
0.013699
-0.019262
0.013147
-0.030236
-0.009284
0.033410
-0.015023
-0.013162
-0.016647
0.025570
-0.029032
0.000116
-0.001392
-0.000364
-0.005199
-0.001537
-0.008803
-0.003080
0.007857
-0.005907
-0.033194
0.020690
-0.018090
-0.003517
0.006895
-0.005019
-0.020041
0.005819
-0.009715
-0.006350
0.006952
-0.007038
-0.000888
-0.038968
0.019153
-0.002197
-0.013875
0.007115
-0.019475
0.006069
-0.005889
-0.008648
-0.009723
0.000977
-0.002892
0.009276
-0.034873
0.001551
0.012651
-0.010521
-0.018877
-0.008778
0.009553
-0.000330
-0.013144
-0.029971
0.036588
-0.029595
-0.005047
-0.008258
0.009827
-0.022214
0.005086
-0.016402
0.000361
0.010670
-0.024029
-0.021513
0.016787
0.003084
-0.033293
-0.015992
0.033639
0.010857
-0.065876
-0.002135
0.038095
0.028350
0.013515
-0.036590
0.017218
-0.000776
0.005327
-0.040593
0.010050
0.019517
-0.009026
-0.031984
0.018847
0.004084
-0.026853
0.007932
-0.011617
-0.008211
0.010969
-0.009184
-0.021558
0.000500
0.031363
-0.040542
0.002615
0.006630
-0.023432
-0.012310
0.014206
0.015950
-0.033419
-0.005738
0.009319
-0.022691
0.009774
-0.013450
-0.008452
0.012477
-0.011882
-0.013813
-0.018087
0.022410
-0.011297
-0.016688
0.014117
0.004834
-0.039281
0.005841
-0.003824
0.003122
-0.010281
-0.004148
-0.007425
0.003505
-0.019749
0.019039
-0.036942
0.033581
-0.043707
-0.006580
0.025860
-0.023753
-0.004243
0.004353
-0.011681
-0.007153
-0.014912
0.004821
-0.005847
0.005214
-0.013648
-0.006056
-0.006988
-0.007174
0.000388
-0.017885
0.017419
-0.025432
-0.000386
-0.000771
-0.003618
-0.020508
0.005385
-0.011096
0.008293
-0.019624
0.006482
-0.034248
0.016961
-0.011380
-0.012157
0.006632
-0.016180
0.007852
-0.025087
0.011685
-0.010799
-0.003186
-0.009546
-0.006538
-0.024576
0.019880
-0.004290
-0.011338
-0.003823
-0.016907
-0.003556
-0.010661
0.005846
-0.008190
-0.012865
0.007795
-0.008633
-0.022403
-0.015038
0.022914
-0.016172
0.006934
-0.022980
-0.006504
-0.000842
0.013838
-0.043114
0.005084
0.021154
-0.005614
-0.024917
-0.006505
0.006610
-0.010276
-0.015455
-0.005636
0.016551
-0.017399
0.001815
-0.020588
-0.006313
0.013205
-0.020077
-0.020886
0.026246
-0.012714
-0.025681
-0.003776
-0.008710
0.013081
-0.007791
-0.029844
0.010398
-0.005751
0.008739
-0.026783
-0.019272
0.035017
-0.017948
-0.024557
-0.006358
0.017013
-0.021111
-0.003958
-0.006733
-0.006136
-0.007599
-0.006302
0.003575
-0.011601
0.007590
-0.024514
-0.014492
0.023432
-0.033038
0.013663
-0.014485
0.001930
-0.024031
0.002121
0.008554
-0.013285
-0.010905
-0.012364
0.021765
-0.023675
-0.012130
0.004728
-0.011622
0.017732
-0.032867
-0.001448
-0.010362
0.015006
-0.031214
0.009971
-0.003672
-0.019092
0.002711
-0.022041
0.023319
-0.023793
0.000442
-0.023178
-0.006963
0.024657
-0.010268
-0.033738
0.003795
0.012123
-0.028578
0.014912
-0.028728
0.021190
-0.022606
-0.011486
-0.014606
0.018125
-0.006050
-0.019367
-0.019514
0.028576
-0.024265
-0.016886
-0.003874
0.029996
-0.040948
-0.002636
-0.006403
0.023901
-0.034757
0.014985
-0.013645
-0.001906
-0.007159
-0.018542
0.007166
0.004827
-0.025714
0.003337
-0.021420
0.028746
-0.031833
0.010383
-0.031704
0.016138
-0.017071
-0.012247
0.000218
0.006176
-0.006306
-0.020696
-0.000941
0.003028
-0.000857
-0.039697
0.033981
-0.022745
0.006648
-0.015553
-0.016075
0.014997
-0.018879
-0.015526
0.010838
-0.011853
0.003725
-0.024956
0.002479
0.001983
-0.002366
-0.016701
-0.001003
-0.000163
-0.021369
0.030861
-0.039378
0.014999
-0.040175
0.033132
-0.028200
0.006468
-0.017227
0.000071
-0.012443
0.003666
-0.007436
-0.030179
0.019983
-0.007191
-0.008091
-0.024526
0.025334
-0.035864
0.017618
-0.033154
0.027380
-0.021227
0.002266
-0.029617
0.015223
0.005409
-0.013460
-0.003466
-0.024852
0.020461
-0.013023
-0.018560
-0.006103
0.008757
-0.005810
-0.012393
0.000682
-0.014550
0.008104
-0.026733
0.003346
0.004968
-0.015506
-0.002020
-0.014644
0.012578
-0.025438
0.009789
-0.032157
0.024202
-0.043855
0.020892
-0.001980
-0.003669
-0.019499
-0.005066
-0.000313
-0.006462
-0.002029
-0.019168
-0.001535
0.009710
-0.019554
0.005733
-0.020221
0.001186
-0.015878
0.003765
-0.016593
0.015981
-0.021904
0.001418
-0.012719
0.008496
-0.021293
-0.014722
0.016845
-0.023042
0.009964
-0.014043
-0.008348
-0.021958
0.010877
-0.013063
0.002962
-0.011930
-0.009972
-0.011216
0.009501
-0.017188
-0.009517
-0.010668
0.020857
-0.013946
-0.029145
0.015448
-0.012758
0.005735
-0.040790
0.031929
-0.035099
0.018569
-0.013157
-0.011173
-0.015494
0.020542
-0.017784
-0.023016
0.034536
-0.035459
0.006003
-0.025937
0.022487
-0.028172
-0.002255
-0.000506
-0.009653
-0.005422
-0.002910
-0.015959
-0.006115
0.009214
-0.013851
-0.004565
-0.010226
0.017729
-0.034642
-0.019677
0.026344
-0.025389
-0.003124
-0.000934
-0.018517
0.020221
-0.021833
-0.017872
-0.002189
-0.003166
0.005390
-0.015611
-0.008102
0.006598
-0.018563
-0.020901
0.021317
-0.026205
0.004104
-0.014443
0.020777
-0.027853
-0.005757
-0.013976
0.014056
-0.010192
-0.016732
-0.012760
0.006815
-0.008180
0.007564
-0.025584
-0.001998
-0.001485
-0.007040
-0.020113
0.006974
-0.017191
0.013164
-0.018632
-0.020972
0.023075
-0.010100
-0.030836
0.006850
0.003291
-0.027247
0.018496
-0.036441
0.026257
-0.048740
0.048595
-0.079806
0.087082
-0.085484
0.025556
-0.020240
0.014693
-0.007648
-0.027929
-0.000650
0.017319
-0.022570
-0.016609
0.009923
-0.021995
-0.012197
0.019424
-0.012913
-0.020977
-0.004764
0.001535
-0.012634
-0.003232
-0.018890
0.014653
-0.010405
-0.013050
-0.007303
0.001341
-0.016071
0.003627
-0.026917
0.002610
0.013064
-0.031231
0.003260
-0.020173
0.009629
-0.003899
-0.019843
-0.005901
-0.004446
0.012434
-0.026908
-0.013055
0.011210
-0.023963
0.015907
-0.029362
-0.006762
0.017794
-0.013608
-0.042422
0.032812
-0.020246
-0.007595
-0.007386
-0.002640
-0.004848
0.005283
-0.042555
0.023444
-0.023445
0.014861
-0.084380
0.143200
-0.141427
0.062303
-0.090027
0.045636
-0.015009
-0.011508
-0.006298
-0.004904
-0.002129
-0.032091
0.035265
-0.058844
0.015180
-0.008323
0.005261
-0.020976
-0.009207
-0.001866
-0.026890
0.019215
-0.039635
0.021639
-0.047292
0.035042
-0.025315
-0.009545
-0.026774
0.009699
0.001513
-0.030681
0.003480
-0.019953
0.015425
-0.029647
0.006539
-0.033063
0.018093
-0.030431
-0.001888
-0.012965
0.001134
-0.010061
-0.019126
-0.001559
-0.013700
-0.004981
-0.015069
-0.001891
-0.027182
0.010065
-0.015795
-0.016364
0.004947
-0.019610
-0.007524
-0.010229
-0.007135
-0.016256
-0.013265
0.002115
-0.002677
-0.046829
0.047587
-0.074593
0.048130
-0.105209
0.312807
-0.715253
0.786273
