-0.000733
-0.000701
-0.000674
-0.000652
-0.000636
-0.000624
-0.000617
-0.000613
-0.000611
-0.000612
-0.000613
-0.000613
-0.000611
-0.000605
-0.000593
-0.000571
-0.000538
-0.000490
-0.000423
-0.000332
-0.000212
-0.000057
0.000139
0.000386
0.000693
0.001068
0.001525
0.002075
0.002733
0.003513
0.004433
0.005509
0.006759
0.008203
0.009858
0.011745
0.013881
0.016283
0.018967
0.021947
0.025234
0.028835
0.032754
0.036989
0.041536
0.046381
0.051509
0.056895
0.062510
0.068318
0.074279
0.080345
0.086466
0.092584
0.098643
0.104582
0.110338
0.115851
0.121063
0.125916
0.130359
0.134346
0.137835
0.140795
0.143201
0.145036
0.146294
0.146976
0.147091
0.146660
0.145707
0.144265
0.142374
0.140077
0.137421
0.134456
0.131233
0.127803
0.124218
0.120524
0.116769
0.112995
0.109240
0.105538
0.101920
0.098410
0.095027
0.091789
0.088705
0.085784
0.083028
0.080439
0.078013
0.075747
0.073633
0.071663
0.069830
0.068122
0.066531
0.065046
0.063656
0.062354
0.061129
0.059974
0.058880
0.057840
0.056849
0.055900
0.054988
0.054109
0.053259
0.052435
0.051635
0.050855
0.050094
0.049350
0.048623
0.047909
0.047210
0.046524
0.045849
0.045187
0.044536
0.043896
0.043266
0.042647
0.042037
0.041438
0.040847
0.040267
0.039695
0.039132
0.038578
0.038032
0.037495
0.036966
0.036445
0.035932
0.035427
0.034929
0.034439
0.033956
0.033481
0.033013
0.032552
0.032098
0.031650
0.031210
0.030776
0.030348
0.029927
0.029511
0.029102
0.028699
0.028302
0.027910
0.027524
0.027143
0.026767
0.026397
0.026032
0.025671
0.025315
0.024964
0.024617
0.024274
0.023936
0.023602
0.023271
0.022945
0.022622
0.022302
0.021986
0.021674
0.021365
0.021059
0.020757
0.020458
0.020162
0.019870
0.019581
0.019295
0.019013
0.018734
0.018458
0.018186
0.017918
0.017653
0.017392
0.017135
0.016881
0.016632
0.016386
0.016143
0.015905
0.015670
0.015439
0.015212
0.014988
0.014769
0.014552
0.014340
0.014130
0.013925
0.013723
0.013524
0.013329
0.013137
0.012949
0.012764
0.012583
0.012405
0.012230
0.012059
0.011892
0.011728
0.011567
0.011410
0.011257
0.011106
0.010960
0.010816
0.010675
0.010538
0.010403
0.010272
0.010142
0.010016
0.009891
0.009769
0.009648
0.009529
0.009412
0.009296
0.009181
0.009066
0.008953
0.008840
0.008728
0.008616
0.008504
0.008392
0.008281
0.008170
0.008060
0.007950
0.007840
0.007731
0.007622
0.007514
0.007407
0.007301
0.007196
0.007091
0.006989
0.006887
0.006787
0.006688
0.006591
0.006495
0.006400
0.006307
0.006216
0.006125
0.006036
0.005949
0.005862
0.005777
0.005693
0.005610
0.005527
0.005446
0.005365
0.005284
0.005205
0.005125
0.005047
0.004968
0.004891
0.004813
0.004736
0.004660
0.004584
0.004508
0.004434
0.004359
0.004286
0.004213
0.004141
0.004070
0.004000
0.003931
0.003863
0.003797
0.003731
0.003666
0.003602
0.003539
0.003477
0.003416
0.003356
0.003296
0.003237
0.003179
0.003121
0.003063
0.003005
0.002947
0.002890
0.002832
0.002775
0.002717
0.002659
0.002601
0.002544
0.002486
0.002428
0.002371
0.002314
0.002257
0.002201
0.002145
0.002091
0.002037
0.001984
0.001931
0.001880
0.001830
0.001782
0.001734
0.001687
0.001642
0.001597
0.001554
0.001512
0.001470
0.001430
0.001390
0.001351
0.001312
0.001274
0.001237
0.001199
0.001162
0.001126
0.001089
0.001053
0.001017
0.000980
0.000944
0.000908
0.000872
0.000836
0.000801
0.000765
0.000729
0.000694
0.000658
0.000623
0.000588
0.000553
0.000519
0.000484
0.000450
0.000416
0.000383
0.000350
0.000317
0.000285
0.000253
0.000222
0.000191
0.000161
0.000132
0.000103
0.000075
0.000047
0.000021
-0.000005
-0.000030
-0.000054
-0.000077
-0.000099
-0.000120
-0.000140
-0.000159
-0.000177
-0.000194
-0.000210
-0.000224
-0.000238
-0.000251
-0.000262
-0.000273
-0.000283
-0.000292
-0.000300
-0.000307
-0.000314
-0.000321
-0.000327
-0.000333
-0.000338
-0.000344
-0.000350
-0.000355
-0.000361
-0.000368
-0.000374
-0.000382
-0.000389
-0.000398
-0.000408
-0.000418
-0.000429
-0.000441
-0.000454
-0.000468
-0.000483
-0.000499
-0.000515
-0.000533
-0.000552
-0.000571
-0.000591
-0.000611
-0.000632
-0.000654
-0.000676
-0.000698
-0.000721
-0.000743
-0.000766
-0.000788
-0.000810
-0.000832
-0.000854
-0.000875
-0.000895
-0.000915
-0.000934
-0.000952
-0.000970
-0.000987
-0.001003
-0.001019
-0.001033
-0.001047
-0.001060
-0.001072
-0.001084
-0.001095
-0.001105
-0.001114
-0.001123
-0.001132
-0.001139
-0.001147
-0.001153
-0.001159
-0.001165
-0.001170
-0.001175
-0.001178
-0.001182
-0.001184
-0.001186
-0.001187
-0.001188
-0.001187
-0.001186
-0.001185
-0.001182
-0.001179
-0.001175
-0.001171
-0.001166
-0.001160
-0.001155
-0.001149
-0.001143
-0.001137
-0.001131
-0.001125
-0.001120
-0.001116
-0.001112
-0.001110
-0.001108
-0.001107
-0.001108
-0.001109
-0.001112
-0.001116
-0.001121
-0.001128
-0.001135
-0.001144
-0.001154
-0.001165
-0.001176
-0.001189
-0.001201
-0.001214
-0.001228
-0.001241
-0.001255
-0.001268
-0.001282
-0.001294
-0.001306
-0.001318
-0.001329
-0.001339
-0.001348
-0.001356
-0.001363
-0.001369
-0.001375
-0.001379
-0.001383
-0.001385
-0.001387
-0.001388
-0.001389
-0.001389
-0.001388
-0.001388
-0.001386
-0.001385
-0.001384
-0.001382
-0.001381
-0.001380
-0.001379
-0.001379
-0.001379
-0.001379
-0.001380
-0.001382
-0.001384
-0.001386
-0.001389
-0.001392
-0.001396
-0.001401
-0.001405
-0.001410
-0.001416
-0.001421
-0.001427
-0.001433
-0.001439
-0.001445
-0.001450
-0.001456
-0.001461
-0.001465
-0.001470
-0.001474
-0.001477
-0.001480
-0.001482
-0.001484
-0.001486
-0.001487
-0.001487
-0.001487
-0.001487
-0.001487
-0.001486
-0.001485
-0.001484
-0.001482
-0.001481
-0.001480
-0.001479
-0.001477
-0.001476
-0.001476
-0.001475
-0.001474
-0.001474
-0.001473
-0.001473
-0.001473
-0.001472
-0.001472
-0.001472
-0.001471
-0.001471
-0.001470
-0.001469
-0.001467
-0.001466
-0.001464
-0.001462
-0.001459
-0.001456
-0.001454
-0.001450
-0.001447
-0.001443
-0.001440
-0.001436
-0.001432
-0.001429
-0.001425
-0.001421
-0.001418
-0.001414
-0.001411
-0.001408
-0.001405
-0.001403
-0.001400
-0.001398
-0.001396
-0.001395
-0.001393
-0.001392
-0.001391
-0.001390
-0.001390
-0.001389
-0.001389
-0.001389
-0.001389
-0.001389
-0.001389
-0.001389
-0.001390
-0.001390
-0.001391
-0.001391
-0.001392
-0.001393
-0.001393
-0.001394
-0.001394
-0.001395
-0.001395
-0.001395
-0.001396
-0.001396
-0.001395
-0.001395
-0.001394
-0.001393
-0.001392
-0.001391
-0.001389
-0.001387
-0.001385
-0.001382
-0.001380
-0.001377
-0.001374
-0.001371
-0.001367
-0.001364
-0.001361
-0.001357
-0.001354
-0.001350
-0.001347
-0.001344
-0.001341
-0.001338
-0.001335
-0.001332
-0.001329
-0.001326
-0.001324
-0.001321
-0.001318
-0.001316
-0.001313
-0.001311
-0.001308
-0.001305
-0.001302
-0.001299
-0.001296
-0.001293
-0.001289
-0.001286
-0.001282
-0.001277
-0.001273
-0.001268
-0.001263
-0.001257
-0.001251
-0.001245
-0.001238
-0.001231
-0.001223
-0.001215
-0.001206
-0.001197
-0.001187
-0.001176
-0.001166
-0.001154
-0.001142
-0.001130
-0.001118
-0.001105
-0.001092
-0.001078
-0.001065
-0.001052
-0.001039
-0.001026
-0.001014
-0.001002
-0.000990
-0.000980
-0.000970
-0.000961
-0.000953
-0.000947
-0.000941
-0.000936
-0.000932
-0.000929
-0.000928
-0.000927
-0.000926
-0.000927
-0.000928
-0.000930
-0.000932
-0.000934
-0.000936
-0.000938
-0.000939
-0.000941
-0.000942
-0.000942
-0.000942
-0.000941
-0.000940
-0.000938
-0.000935
-0.000931
-0.000927
-0.000922
-0.000917
-0.000911
-0.000905
-0.000899
-0.000892
-0.000886
-0.000880
-0.000873
-0.000867
-0.000862
-0.000857
-0.000852
-0.000848
-0.000844
-0.000841
-0.000839
-0.000837
-0.000836
-0.000836
-0.000836
-0.000837
-0.000838
-0.000840
-0.000842
-0.000845
-0.000848
-0.000851
-0.000855
-0.000859
-0.000863
-0.000867
-0.000871
-0.000875
-0.000878
-0.000882
-0.000886
-0.000890
-0.000893
-0.000896
-0.000900
-0.000902
-0.000905
-0.000907
-0.000910
-0.000912
-0.000913
-0.000915
-0.000916
-0.000917
-0.000918
-0.000919
-0.000919
-0.000920
-0.000920
-0.000920
-0.000919
-0.000919
-0.000919
-0.000918
-0.000917
-0.000917
-0.000916
-0.000915
-0.000914
-0.000914
-0.000913
-0.000912
-0.000912
-0.000912
-0.000911
-0.000911
-0.000911
-0.000912
-0.000912
-0.000912
-0.000913
-0.000914
-0.000915
-0.000916
-0.000917
-0.000918
-0.000919
-0.000920
-0.000920
-0.000921
-0.000921
-0.000920
-0.000920
-0.000918
-0.000917
-0.000914
-0.000911
-0.000907
-0.000902
-0.000897
-0.000890
-0.000883
-0.000874
-0.000865
-0.000854
-0.000842
-0.000830
-0.000816
-0.000801
-0.000785
-0.000767
-0.000749
-0.000729
-0.000708
-0.000687
-0.000664
-0.000640
-0.000615
-0.000589
-0.000562
-0.000535
-0.000507
-0.000478
-0.000449
-0.000420
-0.000391
-0.000362
-0.000334
-0.000306
-0.000280
-0.000254
-0.000230
-0.000207
-0.000186
-0.000168
-0.000151
-0.000137
-0.000125
-0.000116
-0.000109
-0.000105
-0.000103
-0.000104
-0.000108
-0.000113
-0.000121
-0.000131
-0.000143
-0.000156
-0.000171
-0.000186
-0.000203
-0.000220
-0.000237
-0.000254
-0.000272
-0.000288
-0.000305
-0.000320
-0.000334
-0.000347
-0.000359
-0.000370
-0.000379
-0.000387
-0.000393
-0.000398
-0.000401
-0.000402
-0.000403
-0.000402
-0.000400
-0.000397
-0.000394
-0.000390
-0.000385
-0.000380
-0.000376
-0.000372
-0.000368
-0.000365
-0.000364
-0.000363
-0.000365
-0.000368
-0.000373
-0.000380
-0.000389
-0.000401
-0.000416
-0.000433
-0.000452
-0.000474
-0.000499
-0.000526
-0.000556
-0.000587
-0.000621
-0.000657
-0.000694
-0.000733
-0.000773
-0.000814
-0.000855
-0.000897
-0.000940
-0.000982
-0.001024
-0.001065
-0.001106
-0.001146
-0.001185
-0.001223
-0.001260
-0.001296
-0.001331
-0.001364
-0.001396
-0.001427
-0.001457
-0.001486
-0.001514
-0.001541
-0.001567
-0.001593
-0.001618
-0.001642
-0.001666
-0.001689
-0.001713
-0.001736
-0.001758
-0.001781
-0.001803
-0.001825
-0.001846
-0.001868
-0.001889
-0.001909
-0.001930
-0.001949
-0.001968
-0.001986
-0.002002
-0.002018
-0.002032
-0.002044
-0.002054
-0.002062
-0.002068
-0.002071
-0.002070
-0.002067
-0.002059
-0.002048
-0.002032
-0.002012
-0.001988
-0.001959
-0.001925
-0.001886
-0.001843
-0.001795
-0.001743
-0.001687
-0.001628
-0.001565
-0.001500
-0.001433
-0.001365
-0.001297
-0.001228
-0.001161
-0.001095
-0.001032
-0.000971
-0.000914
-0.000862
-0.000814
-0.000771
