0.002476
0.002168
0.001723
0.001220
0.000736
0.000328
0.000028
-0.000162
-0.000260
-0.000294
-0.000296
-0.000287
-0.000283
-0.000289
-0.000305
-0.000326
-0.000348
-0.000368
-0.000385
-0.000399
-0.000410
-0.000420
-0.000430
-0.000442
-0.000455
-0.000470
-0.000487
-0.000504
-0.000522
-0.000538
-0.000551
-0.000562
-0.000569
-0.000573
-0.000575
-0.000575
-0.000575
-0.000576
-0.000578
-0.000584
-0.000592
-0.000602
-0.000609
-0.000605
-0.000573
-0.000479
-0.000259
0.000206
0.001120
0.002820
0.005827
0.010893
0.019017
0.031412
0.049380
0.074095
0.106286
0.145894
0.191770
0.241533
0.291675
0.337959
0.376051
0.402271
0.414264
0.411432
0.394995
0.367688
0.333183
0.295395
0.257849
0.223246
0.193268
0.168618
0.149226
0.134510
0.123646
0.115766
0.110091
0.105988
0.102977
0.100714
0.098956
0.097533
0.096321
0.095229
0.094190
0.093153
0.092084
0.090965
0.089791
0.088570
0.087316
0.086048
0.084785
0.083543
0.082334
0.081163
0.080032
0.078940
0.077883
0.076857
0.075858
0.074882
0.073928
0.072994
0.072078
0.071177
0.070289
0.069409
0.068532
0.067657
0.066783
0.065910
0.065043
0.064187
0.063348
0.062528
0.061728
0.060944
0.060171
0.059399
0.058619
0.057822
0.057002
0.056152
0.055274
0.054368
0.053443
0.052511
0.051586
0.050686
0.049829
0.049028
0.048292
0.047620
0.047006
0.046438
0.045900
0.045376
0.044853
0.044319
0.043768
0.043197
0.042604
0.041994
0.041371
0.040742
0.040116
0.039502
0.038906
0.038336
0.037796
0.037287
0.036809
0.036359
0.035930
0.035518
0.035119
0.034728
0.034343
0.033965
0.033593
0.033226
0.032862
0.032496
0.032122
0.031732
0.031320
0.030883
0.030421
0.029937
0.029440
0.028940
0.028447
0.027973
0.027527
0.027114
0.026739
0.026398
0.026088
0.025799
0.025523
0.025249
0.024967
0.024672
0.024359
0.024029
0.023684
0.023328
0.022966
0.022606
0.022251
0.021907
0.021576
0.021261
0.020962
0.020680
0.020413
0.020161
0.019921
0.019692
0.019469
0.019250
0.019029
0.018805
0.018574
0.018336
0.018094
0.017851
0.017613
0.017384
0.017169
0.016969
0.016780
0.016595
0.016408
0.016208
0.015989
0.015748
0.015486
0.015208
0.014924
0.014641
0.014368
0.014113
0.013879
0.013668
0.013480
0.013312
0.013161
0.013025
0.012901
0.012785
0.012678
0.012576
0.012479
0.012384
0.012289
0.012191
0.012084
0.011966
0.011836
0.011692
0.011537
0.011373
0.011204
0.011035
0.010869
0.010710
0.010561
0.010422
0.010294
0.010174
0.010059
0.009944
0.009827
0.009704
0.009575
0.009443
0.009311
0.009182
0.009059
0.008943
0.008833
0.008727
0.008621
0.008513
0.008400
0.008282
0.008158
0.008032
0.007905
0.007779
0.007656
0.007536
0.007419
0.007304
0.007190
0.007078
0.006967
0.006859
0.006757
0.006663
0.006580
0.006509
0.006449
0.006399
0.006355
0.006316
0.006278
0.006242
0.006205
0.006169
0.006134
0.006098
0.006061
0.006020
0.005974
0.005920
0.005858
0.005785
0.005703
0.005609
0.005505
0.005389
0.005263
0.005127
0.004984
0.004839
0.004695
0.004555
0.004424
0.004304
0.004196
0.004099
0.004014
0.003937
0.003868
0.003805
0.003745
0.003687
0.003628
0.003568
0.003505
0.003440
0.003374
0.003307
0.003242
0.003178
0.003116
0.003056
0.002997
0.002937
0.002876
0.002812
0.002745
0.002676
0.002605
0.002534
0.002465
0.002401
0.002342
0.002292
0.002249
0.002214
0.002184
0.002158
0.002130
0.002099
0.002063
0.002019
0.001967
0.001910
0.001849
0.001788
0.001728
0.001673
0.001625
0.001584
0.001552
0.001527
0.001508
0.001492
0.001479
0.001464
0.001446
0.001423
0.001394
0.001361
0.001326
0.001291
0.001260
0.001234
0.001216
0.001203
0.001196
0.001191
0.001186
0.001179
0.001166
0.001147
0.001119
0.001083
0.001039
0.000988
0.000934
0.000880
0.000828
0.000782
0.000743
0.000713
0.000691
0.000676
0.000668
0.000665
0.000668
0.000676
0.000687
0.000700
0.000710
0.000715
0.000711
0.000695
0.000669
0.000634
0.000593
0.000551
0.000509
0.000470
0.000434
0.000398
0.000363
0.000328
0.000292
0.000257
0.000225
0.000195
0.000170
0.000147
0.000126
0.000107
0.000087
0.000066
0.000045
0.000023
0.000000
-0.000023
-0.000047
-0.000074
-0.000102
-0.000133
-0.000164
-0.000194
-0.000221
-0.000242
-0.000257
-0.000265
-0.000269
-0.000271
-0.000275
-0.000283
-0.000298
-0.000319
-0.000343
-0.000368
-0.000389
-0.000406
-0.000416
-0.000420
-0.000421
-0.000420
-0.000419
-0.000418
-0.000416
-0.000412
-0.000403
-0.000389
-0.000370
-0.000349
-0.000328
-0.000313
-0.000307
-0.000314
-0.000335
-0.000367
-0.000406
-0.000447
-0.000485
-0.000514
-0.000530
-0.000532
-0.000521
-0.000500
-0.000471
-0.000440
-0.000412
-0.000392
-0.000382
-0.000386
-0.000403
-0.000430
-0.000464
-0.000500
-0.000533
-0.000559
-0.000577
-0.000587
-0.000592
-0.000595
-0.000602
-0.000614
-0.000633
-0.000658
-0.000685
-0.000712
-0.000733
-0.000746
-0.000748
-0.000738
-0.000715
-0.000681
-0.000638
-0.000591
-0.000543
-0.000501
-0.000466
-0.000443
-0.000433
-0.000436
-0.000448
-0.000467
-0.000489
-0.000512
-0.000532
-0.000550
-0.000565
-0.000580
-0.000594
-0.000610
-0.000626
-0.000642
-0.000656
-0.000667
-0.000673
-0.000672
-0.000664
-0.000651
-0.000633
-0.000615
-0.000598
-0.000587
-0.000582
-0.000584
-0.000595
-0.000612
-0.000635
-0.000660
-0.000686
-0.000711
-0.000733
-0.000752
-0.000767
-0.000778
-0.000784
-0.000783
-0.000772
-0.000747
-0.000705
-0.000646
-0.000569
-0.000480
-0.000384
-0.000291
-0.000209
-0.000144
-0.000101
-0.000080
-0.000080
-0.000097
-0.000126
-0.000159
-0.000193
-0.000223
-0.000247
-0.000264
-0.000275
-0.000280
-0.000283
-0.000284
-0.000285
-0.000288
-0.000292
-0.000299
-0.000311
-0.000327
-0.000349
-0.000374
-0.000399
-0.000422
-0.000439
-0.000447
-0.000442
-0.000426
-0.000398
-0.000361
-0.000318
-0.000272
-0.000229
-0.000191
-0.000163
-0.000146
-0.000143
-0.000151
-0.000169
-0.000193
-0.000219
-0.000245
-0.000266
-0.000282
-0.000292
-0.000297
-0.000297
-0.000293
-0.000289
-0.000283
-0.000278
-0.000272
-0.000261
-0.000243
-0.000208
-0.000150
-0.000061
0.000063
0.000221
0.000404
0.000596
0.000778
0.000929
0.001030
0.001073
0.001056
0.000989
0.000888
0.000771
0.000658
0.000561
0.000489
0.000444
0.000423
0.000422
0.000435
0.000456
0.000482
0.000511
0.000539
0.000565
0.000588
0.000605
0.000617
0.000621
0.000620
0.000611
0.000597
0.000576
0.000549
0.000516
0.000478
0.000438
0.000399
0.000364
0.000338
0.000325
0.000325
0.000338
0.000362
0.000390
0.000418
0.000440
0.000451
0.000451
0.000439
0.000419
0.000395
0.000370
0.000350
0.000339
0.000338
0.000349
0.000373
0.000411
0.000462
0.000525
0.000600
0.000682
0.000769
0.000854
0.000931
0.000994
0.001038
0.001059
0.001058
0.001036
0.000999
0.000954
0.000907
0.000866
0.000835
0.000818
0.000816
0.000831
0.000859
0.000896
0.000936
0.000973
0.001001
0.001016
0.001016
0.001001
0.000976
0.000944
0.000912
0.000883
0.000860
0.000841
0.000826
0.000813
0.000798
0.000779
0.000756
0.000727
0.000695
0.000661
0.000627
0.000596
0.000570
0.000551
0.000538
0.000531
0.000528
0.000526
0.000525
0.000524
0.000523
0.000523
0.000527
0.000536
0.000552
0.000574
0.000602
0.000633
0.000665
0.000696
0.000722
0.000742
0.000756
0.000763
0.000763
0.000758
0.000748
0.000734
0.000718
0.000700
0.000682
0.000664
0.000645
0.000626
0.000607
0.000585
0.000563
0.000539
0.000515
0.000492
0.000473
0.000459
0.000450
0.000448
0.000451
0.000460
0.000473
0.000489
0.000506
0.000523
0.000538
0.000549
0.000554
0.000551
0.000540
0.000521
0.000496
0.000469
0.000443
0.000424
0.000414
0.000414
0.000425
0.000444
0.000466
0.000490
0.000513
0.000534
0.000553
0.000572
0.000594
0.000621
0.000655
0.000698
0.000748
0.000805
0.000864
0.000922
0.000975
0.001019
0.001050
0.001067
0.001071
0.001063
0.001044
0.001018
0.000986
0.000950
0.000910
0.000868
0.000824
0.000782
0.000742
0.000707
0.000679
0.000657
0.000640
0.000627
0.000615
0.000605
0.000593
0.000581
0.000569
0.000556
0.000545
0.000535
0.000527
0.000522
0.000523
0.000532
0.000550
0.000582
0.000627
0.000689
0.000765
0.000855
0.000953
0.001052
0.001147
0.001230
0.001295
0.001336
0.001354
0.001349
0.001324
0.001286
0.001239
0.001188
0.001135
0.001083
0.001031
0.000981
0.000931
0.000882
0.000835
0.000793
0.000756
0.000729
0.000712
0.000707
0.000713
0.000729
0.000751
0.000775
0.000798
0.000814
0.000822
0.000821
0.000812
0.000799
0.000785
0.000773
0.000766
0.000766
0.000773
0.000786
0.000801
0.000818
0.000834
0.000848
0.000858
0.000865
0.000867
0.000865
0.000858
0.000845
0.000827
0.000803
0.000777
0.000749
0.000722
0.000701
0.000686
0.000680
0.000684
0.000698
0.000722
0.000753
0.000788
0.000825
0.000860
0.000891
0.000912
0.000923
0.000921
0.000905
0.000879
0.000843
0.000804
0.000764
0.000728
0.000698
0.000674
0.000657
0.000644
0.000635
0.000628
0.000623
0.000618
0.000614
0.000612
0.000612
0.000616
0.000623
0.000635
0.000651
0.000670
0.000691
0.000710
0.000724
0.000729
0.000724
0.000709
0.000684
0.000653
0.000620
0.000589
0.000564
0.000545
0.000532
0.000524
0.000520
0.000516
0.000513
0.000511
0.000510
0.000511
0.000515
0.000522
0.000532
0.000541
0.000547
0.000546
0.000532
0.000500
0.000445
0.000362
0.000248
0.000105
-0.000062
-0.000242
-0.000418
-0.000575
-0.000699
-0.000780
-0.000817
-0.000817
-0.000789
-0.000749
-0.000709
-0.000679
-0.000663
-0.000662
-0.000674
-0.000696
-0.000726
-0.000761
-0.000801
-0.000844
-0.000890
-0.000935
-0.000978
-0.001014
-0.001040
-0.001053
-0.001053
-0.001040
-0.001016
-0.000985
-0.000953
-0.000926
-0.000909
-0.000908
-0.000927
-0.000965
-0.001021
-0.001090
-0.001169
-0.001250
-0.001327
-0.001398
-0.001457
-0.001505
-0.001541
-0.001567
-0.001586
-0.001603
-0.001621
-0.001643
-0.001673
-0.001711
-0.001757
-0.001806
-0.001855
-0.001899
-0.001933
-0.001951
-0.001947
-0.001912
-0.001835
-0.001699
-0.001485
-0.001177
-0.000760
-0.000239
0.000366
0.001007
0.001620
0.002130
0.002466
0.002585
