-0.458630
0.084560
-0.109241
-0.009637
0.064743
-0.035250
-0.030202
-0.001577
0.046166
-0.101434
0.125334
-0.101430
-0.000147
0.023898
-0.004639
-0.022512
-0.005253
-0.008729
0.006648
0.002303
-0.046383
0.030219
-0.017341
-0.027029
0.036198
-0.045199
0.009736
-0.013258
0.011182
-0.026391
0.006035
-0.016505
-0.002613
0.006234
-0.020422
0.000725
-0.021693
0.008713
-0.014946
-0.000839
-0.014916
-0.006556
0.002894
-0.007011
-0.024581
0.011943
-0.016713
0.004408
-0.010834
-0.021179
0.010532
-0.016730
-0.002922
0.002727
-0.046776
0.036976
0.042948
-0.159738
-0.021438
0.462127
-0.455240
-0.794984
2.288378
1.450021
1.309726
0.906040
0.725707
0.506219
0.175823
0.131036
0.198128
0.227991
0.169382
0.340703
0.008732
0.117867
0.209214
0.206743
0.079984
0.113325
0.179733
0.088496
0.119898
0.111227
0.161198
0.088119
0.136765
0.149008
0.087443
0.115303
0.132073
0.166593
0.082288
0.111366
0.094529
0.150879
0.123590
0.102208
0.078933
0.124812
0.130016
0.093510
0.082009
0.131899
0.098567
0.096340
0.086623
0.091117
0.101412
0.087302
0.083865
0.097684
0.088765
0.062925
0.111498
0.075110
0.077639
0.097092
0.065364
0.107852
0.072265
0.057568
0.090355
0.080004
0.086068
0.051433
0.091667
0.075055
0.076511
0.049904
0.095566
0.050997
0.084130
0.049796
0.074695
0.048680
0.080001
0.058370
0.057683
0.076814
0.061563
0.041406
0.068496
0.065050
0.050176
0.044494
0.070228
0.058593
0.034169
0.069693
0.033151
0.073017
0.036467
0.046604
0.054181
0.057254
0.039316
0.049610
0.052310
0.044762
0.045755
0.043184
0.039957
0.074234
0.010941
0.058590
0.049454
0.024474
0.057971
0.027180
0.049793
0.048768
0.020639
0.042626
0.040287
0.050590
0.019319
0.035814
0.052062
0.030161
0.025852
0.035039
0.055097
0.008379
0.049888
0.029806
0.022826
0.046361
0.031382
0.017225
0.044127
0.024584
0.033973
0.022324
0.037288
0.021382
0.040855
0.013826
0.041514
0.028143
0.019135
0.027704
0.030673
0.019861
0.026892
0.018242
0.027359
0.033285
0.012955
0.025891
0.030293
0.019887
0.016575
0.029444
0.022771
0.031004
0.019611
0.000833
0.031505
0.047136
-0.000093
0.009078
0.039092
0.025729
-0.001557
0.015718
0.045272
0.015715
0.003158
0.022937
0.028057
0.014674
0.022389
0.006609
0.031330
0.017106
0.023714
-0.002669
0.030476
0.025054
0.000950
0.010373
0.039784
0.013626
-0.009641
0.025701
0.013206
0.032761
-0.014755
0.027453
0.014132
0.046643
-0.018568
0.009087
0.020841
0.043091
-0.006528
-0.011025
0.037396
0.025957
-0.002390
-0.003767
0.024109
0.020301
0.005548
0.002693
0.008966
0.046621
-0.018861
-0.001725
0.032358
0.018372
-0.005187
-0.000424
0.035380
0.006349
0.004797
-0.003532
0.035500
-0.001857
0.008511
0.007856
0.013240
0.018797
0.001884
-0.014470
0.029386
0.009593
0.004509
0.000989
0.023384
0.008501
-0.006553
0.011404
-0.000708
0.026451
0.008717
-0.009002
-0.001816
0.028684
0.000454
0.002828
-0.005497
0.032036
0.008504
-0.019695
0.009760
0.026711
-0.013159
0.011217
-0.000866
0.024812
0.003095
-0.004788
0.014583
0.011322
-0.009050
0.005459
0.011296
0.011401
-0.006633
-0.003172
0.025469
0.002218
-0.003046
0.000534
0.017270
-0.015642
0.019972
-0.005644
0.020164
-0.001753
-0.000943
0.003003
0.004444
0.025540
-0.023857
0.004803
0.021538
0.010702
-0.030800
0.027145
-0.008958
0.019573
-0.009420
0.004487
0.006758
0.003392
-0.000382
-0.001696
0.007570
0.015753
0.003389
-0.026659
0.032768
-0.013346
0.019540
-0.012066
0.011347
-0.004933
0.002015
0.008937
-0.005277
0.000563
0.018918
-0.012891
-0.002950
0.015347
-0.006241
-0.002323
0.014384
0.004507
-0.013039
-0.002409
0.010391
0.001055
0.001526
-0.014998
0.014872
0.008887
-0.006855
0.006625
-0.009718
0.015588
-0.002211
-0.012106
0.008518
0.000246
0.010625
-0.005008
-0.005870
0.002031
0.010272
-0.018206
0.017803
-0.003652
-0.000755
-0.012194
0.005578
0.015431
-0.016910
0.000609
0.014722
-0.010971
-0.004143
0.007712
-0.005380
0.005743
-0.008746
0.009494
0.002938
0.003621
-0.007662
0.009543
-0.006034
0.009508
-0.004958
-0.012177
0.018050
-0.008934
0.003866
0.000909
0.001500
-0.004567
0.004467
-0.013674
0.026044
-0.013968
-0.013055
0.010450
0.004125
0.002043
-0.011862
-0.007239
0.029542
-0.012540
-0.009292
-0.000655
0.017140
-0.010484
-0.002340
-0.003024
0.007549
0.000453
-0.009975
-0.006270
0.015586
-0.005296
-0.001796
-0.007305
0.011949
-0.005352
-0.008007
-0.000049
0.007019
0.007522
-0.019431
-0.004239
0.007038
0.001893
-0.000336
-0.009882
0.003259
0.007381
-0.003616
-0.022878
0.032017
-0.015905
-0.012614
0.013963
-0.009788
0.015717
-0.041395
0.028231
-0.006546
0.010816
-0.021339
0.016394
-0.010977
0.004326
-0.010019
-0.003832
0.014373
-0.003300
-0.010453
-0.009768
0.023582
-0.031296
0.016729
-0.013144
0.010279
0.008328
-0.026263
0.004505
0.012884
0.003599
-0.023031
0.000072
0.021993
-0.008248
-0.020799
-0.000354
0.015695
-0.009584
-0.010827
0.011688
-0.011995
0.012882
-0.025056
0.013897
-0.005577
0.005224
-0.012961
0.007438
-0.012954
0.018183
-0.020115
0.006325
-0.006133
0.002314
0.002995
-0.027283
0.024222
-0.006510
-0.003570
-0.012964
0.006761
0.018528
-0.026306
0.002275
0.013617
-0.002589
-0.015432
0.015987
-0.010859
0.004575
-0.016528
0.006697
0.003181
0.007181
-0.031344
0.015302
0.003930
-0.004389
-0.010268
-0.006962
0.017152
-0.011618
-0.001222
-0.009875
0.012279
-0.006018
-0.001668
-0.007194
0.000131
0.012051
-0.020697
0.004303
-0.008632
0.016410
-0.015197
-0.017413
0.027727
-0.006707
-0.014752
0.004319
-0.004393
0.004190
-0.011352
-0.002605
0.004729
-0.000683
-0.008588
0.005342
-0.009435
-0.004757
0.008846
-0.011983
0.010388
-0.000258
-0.020486
0.014014
-0.006689
-0.004076
0.000525
-0.004596
0.000495
0.002009
-0.013699
0.013109
-0.022724
0.019489
-0.018613
0.002557
0.009720
-0.002946
-0.011607
-0.012078
0.015908
-0.008765
0.000938
-0.017229
0.018603
0.001374
-0.021084
0.003269
0.003584
0.008605
-0.028233
0.011646
0.000784
-0.004529
-0.010406
0.014133
-0.008093
-0.015604
0.009771
0.005763
-0.015124
0.004817
-0.003990
-0.002307
-0.000724
-0.004826
-0.007354
0.003701
-0.004657
0.010512
-0.018189
-0.007686
0.010306
0.000521
-0.007906
-0.007964
0.009810
-0.004316
0.009249
-0.028585
0.004979
0.017850
-0.019578
-0.004254
0.003739
0.003227
0.000485
-0.013070
-0.001601
0.005080
-0.015662
0.008193
0.003332
-0.010375
0.000366
-0.005385
0.003195
-0.006471
-0.004851
-0.008693
0.020059
-0.007197
-0.025946
0.021407
-0.015030
0.000780
-0.004036
-0.009763
0.012130
-0.012804
0.010431
-0.009952
0.004774
-0.023267
0.020458
-0.016103
0.019160
-0.026387
0.011015
-0.009931
-0.006846
0.011031
-0.009790
-0.003765
0.003895
-0.005383
-0.005812
-0.005406
0.006071
-0.009780
-0.000759
-0.003024
0.008531
-0.010520
-0.004276
-0.005675
0.009608
-0.011756
-0.001500
0.001246
-0.006856
0.010088
-0.007279
-0.011782
0.000630
0.017424
-0.027072
-0.005514
0.016739
-0.011798
0.001768
-0.009367
0.003138
-0.001577
-0.007734
-0.004623
0.012400
-0.017318
0.002557
0.000302
-0.000520
-0.006902
-0.003790
-0.009888
0.025060
-0.016353
-0.005724
-0.004211
0.015394
-0.014740
-0.009121
0.005702
0.003929
-0.004166
-0.008237
-0.006728
0.018211
-0.021007
0.004684
-0.007526
0.007983
-0.012127
0.004370
-0.003978
-0.002797
-0.003573
0.001087
-0.007570
-0.002818
0.011964
-0.021819
0.010987
-0.016604
0.019989
-0.030198
0.010150
0.004555
-0.002368
-0.019220
0.016468
-0.009896
0.003206
-0.005695
-0.006231
0.005556
-0.007028
0.002847
-0.008695
-0.002630
0.005482
-0.005272
-0.018513
0.020547
-0.007212
-0.014501
0.006285
0.002095
-0.010308
0.001021
-0.009635
0.001645
0.006585
-0.013742
-0.009105
0.007307
0.011465
-0.019577
-0.008827
0.015365
-0.007635
-0.006803
-0.013304
0.025535
-0.023699
0.001866
-0.012499
0.011965
-0.005396
-0.001467
-0.011376
0.006353
-0.007971
0.000084
-0.008990
0.013937
-0.023513
0.012135
-0.011032
-0.002401
-0.004377
0.003596
-0.015679
0.012905
-0.006605
-0.006772
-0.001665
-0.001611
0.004233
-0.009844
-0.016660
0.021026
-0.002883
-0.024995
0.008016
0.005537
-0.010413
-0.001447
0.001063
-0.013711
0.013776
-0.022319
0.007282
-0.001244
-0.001657
-0.010959
-0.001235
0.000797
0.004593
-0.017234
0.000065
0.001133
-0.003217
-0.011340
0.002465
-0.006514
0.006150
-0.004078
-0.015856
0.000183
0.017140
-0.020409
-0.015164
0.018513
-0.010311
-0.005180
-0.003132
0.002565
-0.008567
0.001983
-0.015997
0.011029
-0.003446
-0.016746
-0.001323
0.014606
-0.016088
-0.004215
-0.006379
0.014882
-0.014938
-0.006076
-0.002443
0.004799
-0.012166
-0.000403
-0.004443
0.008627
-0.016282
0.007286
-0.018760
0.003552
0.006081
-0.002584
-0.014393
0.010117
-0.003417
-0.010806
0.010259
-0.021770
0.020343
-0.036269
0.048837
-0.092013
0.123481
-0.117424
0.060621
-0.033624
0.020126
-0.017315
-0.014201
0.014841
-0.013090
0.009866
-0.022848
0.015919
-0.019698
0.006804
-0.012564
0.006252
-0.006848
-0.005859
-0.007625
0.001371
0.004818
-0.025072
0.018449
-0.015993
-0.001246
-0.010775
0.004783
0.001354
-0.015522
-0.001931
0.000661
-0.000124
-0.004546
-0.005253
-0.013902
0.007678
0.009816
-0.035455
0.005996
0.009698
0.003145
-0.015541
-0.001836
0.003335
-0.016495
0.005850
0.007067
-0.024879
0.014661
-0.003176
-0.018120
-0.004363
0.012443
-0.025407
0.011909
-0.014524
0.009988
-0.012436
-0.022495
0.014830
0.007956
-0.023185
-0.036648
0.089667
-0.073443
-0.009522
-0.001207
-0.010386
0.012924
-0.034300
0.017016
-0.014513
0.000425
-0.020046
0.024370
-0.032483
0.002293
-0.016794
0.010331
-0.006136
-0.017874
0.001636
-0.002792
-0.017271
-0.003726
0.008851
-0.027944
0.007930
-0.011222
-0.009781
0.002199
-0.011846
-0.009230
-0.004655
-0.009795
-0.001731
-0.001838
-0.018587
-0.008882
0.016995
-0.024175
-0.011323
-0.014819
0.020230
-0.016854
-0.022982
0.001243
0.000516
-0.010494
-0.015512
-0.004800
-0.001075
-0.012596
-0.006206
-0.008020
-0.007065
-0.011382
-0.004767
-0.004531
-0.016826
-0.001643
-0.023652
0.009404
-0.012409
0.002321
-0.051144
0.068497
-0.097777
0.060431
-0.126799
0.437024
-1.002136
1.118992
