-0.778206
0.134709
-0.180819
0.002263
0.071051
-0.038433
-0.043515
-0.017724
0.074812
-0.156379
0.189673
-0.152841
-0.020087
0.057854
-0.021091
-0.040682
0.008198
-0.040277
0.012579
0.019844
-0.097147
0.080294
-0.064803
-0.019098
0.042751
-0.065640
0.005015
-0.007836
-0.005286
-0.030921
0.005603
-0.027372
-0.004174
-0.002407
-0.032603
0.010601
-0.041296
0.013295
-0.022370
-0.017163
-0.002316
-0.019504
-0.004476
-0.017792
-0.026715
0.014328
-0.032251
-0.010053
0.007122
-0.050651
0.017779
-0.024376
-0.006562
0.003170
-0.055099
-0.037355
0.191557
-0.255240
-0.152551
0.450372
0.443579
-2.498353
2.421342
3.183214
2.057271
0.714182
0.021367
0.153176
0.087719
0.052819
0.116799
0.303335
0.206647
0.582362
0.286318
0.141840
0.322100
0.414661
0.282368
0.222006
0.232106
0.219566
0.286598
0.161266
0.320879
0.199354
0.158170
0.333868
0.190626
0.157786
0.240186
0.282901
0.197858
0.228562
0.163748
0.215420
0.291603
0.149781
0.218082
0.165256
0.230029
0.207987
0.215005
0.174071
0.191465
0.218908
0.191437
0.183884
0.176225
0.199281
0.168407
0.230155
0.155317
0.161964
0.227345
0.169922
0.164635
0.172240
0.175805
0.180598
0.167433
0.152895
0.174358
0.173669
0.156699
0.168877
0.118488
0.195361
0.171368
0.131486
0.136699
0.173703
0.144740
0.147722
0.149442
0.133464
0.153005
0.129138
0.152829
0.134967
0.135218
0.133422
0.131021
0.161126
0.111928
0.109471
0.152586
0.143620
0.108839
0.106625
0.134859
0.122058
0.124746
0.105739
0.118888
0.127774
0.116329
0.108715
0.088147
0.141284
0.114097
0.069197
0.139603
0.104707
0.092474
0.097754
0.105064
0.104594
0.101502
0.081560
0.125524
0.098341
0.075866
0.097882
0.079354
0.134751
0.072239
0.064692
0.118285
0.094787
0.067460
0.095082
0.080728
0.081762
0.104258
0.058222
0.089599
0.082666
0.090287
0.055427
0.067616
0.108434
0.071988
0.036556
0.097161
0.095786
0.044843
0.065394
0.073102
0.082273
0.060927
0.051776
0.083812
0.059111
0.057580
0.067971
0.055245
0.087075
0.060413
0.024011
0.079579
0.083604
0.020437
0.064864
0.054867
0.068031
0.047034
0.053410
0.068637
0.066295
0.034053
0.043712
0.059488
0.074943
0.024846
0.026776
0.084184
0.059721
0.021538
0.046971
0.051484
0.063072
0.038969
0.029626
0.059662
0.053525
0.038687
0.039953
0.024995
0.089418
0.021481
0.005154
0.076145
0.054155
0.011796
0.028041
0.057854
0.054973
0.022734
0.019805
0.067287
0.047213
0.002247
0.042421
0.033892
0.058468
0.035119
-0.000270
0.045130
0.056321
0.012302
0.035542
0.035590
0.032779
0.026881
0.039434
0.025742
0.042552
0.018088
0.035827
0.012869
0.039116
0.036099
0.001211
0.042365
0.047662
0.005008
0.022768
0.047175
0.020648
0.023803
0.008640
0.053149
0.022120
0.013826
0.035403
0.003635
0.059321
0.015012
-0.003043
0.036215
0.043384
-0.015409
0.029927
0.030244
0.030983
0.023179
-0.004838
0.043729
0.028187
0.008367
0.008779
0.020432
0.048025
0.004278
-0.019941
0.067969
0.025659
-0.020033
0.020807
0.030909
0.022852
0.000746
0.015616
0.025845
0.034399
-0.008686
0.028995
-0.013583
0.056532
0.001379
-0.006785
0.024973
0.041224
-0.017684
0.035657
0.006808
0.018151
0.012616
0.002617
0.020427
0.015139
0.004495
0.008422
0.012057
0.039746
0.001694
-0.028246
0.049129
0.027240
-0.023619
-0.002009
0.033506
0.024539
-0.003758
-0.007213
0.029782
0.023876
-0.018158
0.009029
0.014604
0.037707
-0.005574
-0.026793
0.049121
0.012240
-0.013028
0.009523
0.016199
0.013722
-0.009523
0.002758
0.024436
0.003810
0.004651
0.005447
-0.001611
0.018535
0.019722
-0.028169
0.036400
0.010691
-0.011284
-0.001525
0.018706
0.009207
-0.004742
-0.006395
0.029663
-0.001431
0.001575
-0.006063
0.010247
0.015421
0.007673
-0.024011
0.031015
0.002822
-0.006650
0.017593
-0.011354
0.011044
0.009118
0.000167
-0.004496
0.018666
0.003787
-0.004626
-0.013139
0.034864
-0.005249
-0.024816
0.029363
0.009111
-0.007248
-0.001528
0.005731
0.007237
-0.000710
-0.004642
0.030084
-0.027303
0.028594
-0.020309
0.008904
0.012963
-0.005974
-0.013502
0.023283
0.010578
-0.026646
0.027610
-0.014154
0.013369
0.000945
-0.026846
0.023982
0.005663
0.010228
-0.023191
-0.007661
0.028086
0.017806
-0.057007
0.046108
0.005300
-0.023600
-0.003742
0.009206
0.018628
-0.021796
-0.013368
0.030586
0.002088
-0.018725
-0.003500
0.002409
0.016938
-0.012658
-0.013690
0.011806
0.021556
-0.028189
-0.000458
0.019500
-0.013493
-0.000852
-0.007958
0.000919
0.016888
-0.015253
0.005767
-0.021117
0.026648
0.010252
-0.042974
0.021928
0.001470
-0.005205
-0.009744
0.003383
0.010890
-0.002555
-0.025315
0.012028
0.006120
0.007244
-0.019594
-0.025989
0.034129
0.000446
-0.033015
0.030409
-0.007633
-0.014283
0.005549
-0.006159
0.005727
-0.006277
-0.010223
0.002400
0.013551
-0.003324
-0.020688
-0.014304
0.032127
-0.011307
-0.029150
0.033429
-0.007345
-0.018028
-0.007955
0.007310
-0.006002
0.008262
-0.024515
0.018047
-0.005165
-0.002948
-0.010158
-0.012175
0.015611
0.011261
-0.062687
0.046793
0.016897
-0.006033
0.005844
-0.005387
0.000538
0.018435
-0.042893
0.022974
-0.003608
0.006315
-0.014842
-0.003194
0.014840
0.001015
-0.047043
0.045649
-0.005432
-0.018448
0.002931
0.002727
-0.001231
0.009050
-0.040561
0.030963
0.008340
-0.033457
0.007499
0.005769
0.002172
0.002865
-0.040379
0.032196
0.008760
-0.023632
-0.000276
0.001163
0.002786
-0.000742
-0.029339
0.023433
0.007301
-0.007813
-0.013923
-0.010229
0.023546
-0.000312
-0.044512
0.028084
0.024502
-0.050745
0.015266
-0.004377
0.020429
-0.015767
-0.020740
0.020650
0.007494
-0.010313
-0.002227
-0.017537
0.023524
-0.004522
-0.034907
0.030761
0.007077
-0.023231
-0.010160
0.012926
-0.007458
0.012443
-0.041026
0.036734
-0.014959
0.000783
-0.007025
-0.009860
0.032692
-0.025663
-0.025405
0.021418
0.013808
-0.024277
-0.009133
0.006166
0.004508
-0.005495
-0.025957
0.026568
0.000074
-0.001725
-0.021408
-0.022793
0.050081
-0.020235
-0.032102
0.026031
0.007985
-0.020073
-0.001109
0.000256
-0.004472
0.012709
-0.022540
0.007030
0.005721
0.007696
-0.035333
0.006158
0.008213
0.001073
-0.030323
0.027424
0.004247
-0.024836
0.006301
-0.004617
0.010673
-0.002525
-0.021179
0.009551
0.002745
0.003114
-0.028287
0.004309
0.019040
-0.002773
-0.044303
0.019072
0.020651
-0.028722
0.000731
-0.009162
0.012173
0.002289
-0.026600
0.009708
0.006949
-0.010637
-0.010245
-0.005797
0.012476
0.001443
-0.040148
0.032322
0.009456
-0.037245
0.004678
0.000863
0.010563
-0.020842
-0.016085
0.034183
-0.017318
-0.010702
-0.015941
0.019681
0.002067
-0.007046
-0.044437
0.053412
-0.018397
-0.024080
0.001187
0.006375
-0.006402
-0.006238
-0.014466
0.018789
-0.002841
-0.013559
-0.008396
-0.016135
0.031593
-0.007490
-0.048200
0.042745
0.000224
-0.027001
-0.008117
0.006275
0.005751
-0.011764
-0.017487
0.012974
-0.002931
0.006304
-0.027641
-0.011515
0.036643
-0.021843
-0.031537
0.029212
0.008704
-0.030027
-0.001534
0.011779
-0.015299
0.000622
-0.017562
0.026319
-0.007121
-0.035000
0.018108
-0.022561
0.025603
-0.001561
-0.057752
0.052560
-0.006114
-0.032641
0.001571
0.002474
0.000882
-0.003767
-0.017277
0.011941
0.010979
-0.018878
-0.016221
0.000245
0.019723
-0.004938
-0.050361
0.027278
0.014709
-0.026426
-0.007916
0.004482
0.003729
-0.002503
-0.020211
0.016666
-0.004556
-0.008138
-0.010433
-0.013128
0.027139
-0.015489
-0.021231
-0.000442
0.025300
-0.034374
0.013139
-0.017421
0.020924
-0.034283
0.008857
-0.003675
0.004035
-0.021389
0.012451
-0.012735
-0.001364
0.008609
-0.043300
0.034677
0.000901
-0.033729
0.003432
0.009992
-0.011284
0.002121
-0.028419
0.019743
-0.005496
-0.010382
-0.004216
-0.017265
0.024740
-0.011466
-0.039044
0.038169
-0.018076
-0.011604
-0.008994
0.003335
0.004329
-0.017416
-0.006726
0.008365
0.000109
-0.028586
0.006020
-0.014995
0.034037
-0.024915
-0.033868
0.026291
0.000940
-0.027575
0.003068
-0.000153
-0.002821
-0.011225
-0.016522
0.015634
0.003697
-0.023518
-0.003881
-0.013027
0.018666
-0.009952
-0.032499
0.015758
0.011134
-0.031667
-0.015720
0.029646
-0.017257
0.001397
-0.028309
0.011225
-0.001915
-0.013697
-0.005305
-0.012289
0.017911
-0.009718
-0.025956
-0.000952
0.022589
-0.040120
0.024082
-0.024232
0.005541
-0.009874
-0.004683
-0.006440
-0.009587
0.010608
-0.014053
-0.030408
0.042798
-0.022911
-0.032289
0.022323
-0.004052
-0.016541
-0.002909
-0.018803
0.023273
-0.023190
-0.013350
0.004818
-0.002078
-0.017025
-0.005010
-0.015370
0.019085
-0.001410
-0.048593
0.022599
0.000049
-0.012968
-0.014635
0.006534
-0.007079
-0.014204
-0.018794
0.014642
-0.008833
-0.019326
0.004755
-0.020196
0.020807
-0.010809
-0.041076
0.030554
-0.005720
-0.034402
0.019258
-0.037883
0.045842
-0.078281
0.079442
-0.139441
0.184077
-0.171800
0.067463
-0.041971
0.028380
0.000017
-0.061286
0.031798
0.005349
-0.020393
-0.010295
0.031511
-0.046634
0.015501
-0.025138
0.005555
0.003462
-0.007492
-0.024321
-0.004393
0.014991
-0.034301
0.007786
-0.021122
0.026772
-0.030160
-0.016086
0.013018
-0.014881
-0.002253
-0.015704
-0.001661
0.007507
-0.020834
-0.018663
-0.007406
0.025325
-0.028535
-0.022424
0.005339
0.010741
-0.034951
-0.001243
0.008307
-0.019775
0.001046
-0.019630
-0.001060
-0.002885
-0.008930
-0.019038
-0.007426
0.001334
-0.000240
-0.033508
0.007881
0.006390
-0.018715
-0.040867
0.025529
-0.000889
0.016556
-0.147280
0.161921
-0.055999
-0.051014
-0.028318
-0.007014
0.028668
-0.023591
-0.026215
0.008067
0.005585
-0.050701
0.026711
-0.043763
-0.001458
0.004296
-0.023132
-0.014367
-0.001099
-0.020213
-0.002508
-0.010550
-0.022369
0.004157
-0.039018
0.021922
-0.016751
-0.041302
-0.000312
0.008826
-0.025660
-0.013369
-0.023965
0.005452
-0.007932
-0.033941
0.002094
-0.027799
0.004724
-0.014448
-0.026063
-0.012777
0.019127
-0.047056
-0.010365
-0.001076
-0.023843
-0.006243
-0.035436
0.012775
-0.016062
-0.026538
-0.015901
0.002765
-0.030180
-0.002009
-0.025678
-0.009569
0.004237
-0.043478
-0.002228
-0.020770
0.009133
-0.084357
0.121033
-0.196858
0.140402
-0.237675
0.732357
-1.678167
1.885041
