0.007794
0.006898
0.005602
0.004135
0.002719
0.001522
0.000632
0.000055
-0.000265
-0.000414
-0.000480
-0.000531
-0.000606
-0.000719
-0.000862
-0.001021
-0.001177
-0.001319
-0.001439
-0.001536
-0.001615
-0.001681
-0.001740
-0.001797
-0.001856
-0.001919
-0.001985
-0.002056
-0.002129
-0.002207
-0.002287
-0.002372
-0.002459
-0.002548
-0.002637
-0.002726
-0.002812
-0.002896
-0.002977
-0.003055
-0.003128
-0.003193
-0.003246
-0.003272
-0.003246
-0.003110
-0.002748
-0.001928
-0.000226
0.003095
0.009234
0.020005
0.037956
0.066362
0.109022
0.169755
0.251608
0.355836
0.480876
0.621632
0.769376
0.912514
1.038193
1.134466
1.192524
1.208373
1.183515
1.124437
1.041087
0.944790
0.846189
0.753674
0.672611
0.605338
0.551745
0.510146
0.478138
0.453274
0.433477
0.417197
0.403397
0.391445
0.380978
0.371780
0.363700
0.356604
0.350350
0.344797
0.339804
0.335243
0.331008
0.327020
0.323221
0.319576
0.316067
0.312683
0.309417
0.306258
0.303191
0.300196
0.297249
0.294326
0.291407
0.288475
0.285520
0.282543
0.279551
0.276556
0.273575
0.270624
0.267717
0.264866
0.262081
0.259368
0.256734
0.254186
0.251727
0.249357
0.247065
0.244833
0.242630
0.240419
0.238159
0.235812
0.233349
0.230757
0.228034
0.225201
0.222287
0.219339
0.216406
0.213541
0.210794
0.208203
0.205794
0.203578
0.201548
0.199684
0.197954
0.196319
0.194740
0.193176
0.191590
0.189951
0.188229
0.186399
0.184443
0.182343
0.180093
0.177694
0.175165
0.172538
0.169865
0.167214
0.164658
0.162267
0.160096
0.158175
0.156506
0.155061
0.153791
0.152639
0.151550
0.150478
0.149395
0.148288
0.147151
0.145989
0.144807
0.143607
0.142393
0.141167
0.139932
0.138692
0.137453
0.136218
0.134992
0.133778
0.132580
0.131400
0.130242
0.129106
0.127995
0.126908
0.125840
0.124787
0.123740
0.122693
0.121641
0.120581
0.119512
0.118438
0.117363
0.116292
0.115232
0.114189
0.113169
0.112175
0.111210
0.110275
0.109366
0.108479
0.107610
0.106750
0.105894
0.105035
0.104169
0.103295
0.102413
0.101528
0.100651
0.099791
0.098959
0.098166
0.097417
0.096713
0.096049
0.095417
0.094807
0.094208
0.093608
0.092997
0.092368
0.091713
0.091028
0.090312
0.089567
0.088803
0.088029
0.087261
0.086514
0.085800
0.085127
0.084500
0.083915
0.083364
0.082836
0.082318
0.081797
0.081264
0.080714
0.080146
0.079564
0.078974
0.078387
0.077813
0.077263
0.076745
0.076263
0.075819
0.075406
0.075017
0.074637
0.074251
0.073844
0.073401
0.072917
0.072389
0.071827
0.071241
0.070650
0.070072
0.069524
0.069017
0.068560
0.068154
0.067796
0.067478
0.067188
0.066912
0.066636
0.066346
0.066033
0.065690
0.065317
0.064916
0.064494
0.064056
0.063607
0.063150
0.062686
0.062214
0.061735
0.061251
0.060766
0.060284
0.059809
0.059343
0.058887
0.058440
0.058003
0.057576
0.057161
0.056757
0.056364
0.055976
0.055589
0.055195
0.054790
0.054373
0.053947
0.053519
0.053100
0.052697
0.052317
0.051963
0.051636
0.051335
0.051056
0.050795
0.050550
0.050313
0.050078
0.049838
0.049587
0.049318
0.049031
0.048726
0.048407
0.048078
0.047745
0.047414
0.047089
0.046774
0.046472
0.046184
0.045910
0.045648
0.045391
0.045134
0.044867
0.044585
0.044284
0.043963
0.043629
0.043291
0.042957
0.042636
0.042334
0.042052
0.041787
0.041532
0.041279
0.041022
0.040756
0.040482
0.040200
0.039916
0.039635
0.039361
0.039096
0.038843
0.038601
0.038369
0.038145
0.037929
0.037719
0.037514
0.037313
0.037114
0.036915
0.036713
0.036510
0.036304
0.036098
0.035894
0.035695
0.035504
0.035325
0.035159
0.035012
0.034886
0.034783
0.034701
0.034635
0.034575
0.034506
0.034415
0.034290
0.034126
0.033924
0.033694
0.033448
0.033200
0.032961
0.032740
0.032539
0.032358
0.032193
0.032042
0.031903
0.031774
0.031655
0.031547
0.031452
0.031370
0.031302
0.031247
0.031203
0.031167
0.031132
0.031093
0.031043
0.030977
0.030893
0.030790
0.030669
0.030533
0.030384
0.030227
0.030064
0.029897
0.029730
0.029565
0.029404
0.029249
0.029101
0.028960
0.028829
0.028708
0.028598
0.028501
0.028415
0.028339
0.028271
0.028207
0.028144
0.028078
0.028005
0.027924
0.027833
0.027729
0.027614
0.027485
0.027347
0.027202
0.027056
0.026916
0.026784
0.026665
0.026559
0.026465
0.026381
0.026306
0.026238
0.026174
0.026113
0.026051
0.025984
0.025907
0.025818
0.025717
0.025606
0.025490
0.025374
0.025263
0.025159
0.025063
0.024976
0.024895
0.024822
0.024755
0.024696
0.024645
0.024602
0.024567
0.024539
0.024517
0.024499
0.024482
0.024462
0.024431
0.024385
0.024318
0.024227
0.024114
0.023982
0.023838
0.023691
0.023548
0.023416
0.023300
0.023203
0.023124
0.023064
0.023023
0.022999
0.022990
0.022995
0.023009
0.023032
0.023059
0.023092
0.023132
0.023181
0.023246
0.023334
0.023451
0.023599
0.023777
0.023975
0.024175
0.024356
0.024493
0.024566
0.024562
0.024481
0.024332
0.024137
0.023916
0.023694
0.023485
0.023299
0.023137
0.022995
0.022867
0.022747
0.022630
0.022514
0.022399
0.022286
0.022179
0.022082
0.022000
0.021937
0.021895
0.021873
0.021869
0.021878
0.021895
0.021913
0.021929
0.021939
0.021942
0.021936
0.021920
0.021893
0.021855
0.021806
0.021750
0.021689
0.021628
0.021571
0.021520
0.021478
0.021445
0.021420
0.021404
0.021395
0.021390
0.021385
0.021376
0.021358
0.021325
0.021276
0.021209
0.021127
0.021036
0.020943
0.020855
0.020777
0.020715
0.020669
0.020638
0.020620
0.020612
0.020610
0.020611
0.020613
0.020614
0.020612
0.020605
0.020591
0.020569
0.020536
0.020493
0.020438
0.020374
0.020306
0.020237
0.020174
0.020121
0.020081
0.020052
0.020032
0.020018
0.020004
0.019990
0.019971
0.019949
0.019921
0.019889
0.019851
0.019808
0.019762
0.019717
0.019677
0.019647
0.019629
0.019623
0.019625
0.019631
0.019632
0.019625
0.019605
0.019574
0.019535
0.019492
0.019453
0.019422
0.019406
0.019408
0.019433
0.019480
0.019549
0.019635
0.019733
0.019831
0.019921
0.019990
0.020032
0.020040
0.020013
0.019954
0.019868
0.019764
0.019653
0.019544
0.019446
0.019364
0.019301
0.019258
0.019233
0.019225
0.019229
0.019245
0.019268
0.019296
0.019322
0.019343
0.019352
0.019347
0.019325
0.019289
0.019245
0.019201
0.019167
0.019151
0.019163
0.019208
0.019286
0.019396
0.019529
0.019669
0.019799
0.019897
0.019947
0.019936
0.019861
0.019730
0.019560
0.019370
0.019183
0.019013
0.018871
0.018758
0.018670
0.018601
0.018543
0.018489
0.018436
0.018380
0.018322
0.018262
0.018201
0.018140
0.018081
0.018025
0.017974
0.017929
0.017890
0.017857
0.017831
0.017811
0.017794
0.017779
0.017761
0.017738
0.017707
0.017667
0.017619
0.017565
0.017508
0.017450
0.017395
0.017343
0.017294
0.017247
0.017201
0.017156
0.017111
0.017066
0.017019
0.016972
0.016924
0.016878
0.016835
0.016800
0.016775
0.016762
0.016760
0.016764
0.016770
0.016767
0.016749
0.016710
0.016650
0.016573
0.016486
0.016397
0.016315
0.016246
0.016195
0.016161
0.016141
0.016133
0.016132
0.016132
0.016129
0.016118
0.016098
0.016065
0.016020
0.015964
0.015898
0.015825
0.015748
0.015671
0.015597
0.015530
0.015473
0.015431
0.015404
0.015391
0.015392
0.015401
0.015414
0.015426
0.015431
0.015427
0.015410
0.015378
0.015331
0.015270
0.015199
0.015122
0.015045
0.014976
0.014918
0.014873
0.014841
0.014820
0.014807
0.014799
0.014793
0.014787
0.014781
0.014772
0.014757
0.014736
0.014706
0.014668
0.014623
0.014574
0.014525
0.014478
0.014439
0.014415
0.014409
0.014428
0.014476
0.014551
0.014651
0.014764
0.014877
0.014977
0.015050
0.015089
0.015091
0.015058
0.014997
0.014918
0.014830
0.014739
0.014652
0.014570
0.014496
0.014427
0.014360
0.014291
0.014216
0.014132
0.014039
0.013939
0.013835
0.013734
0.013637
0.013547
0.013465
0.013388
0.013313
0.013239
0.013165
0.013090
0.013016
0.012944
0.012877
0.012814
0.012757
0.012706
0.012661
0.012622
0.012589
0.012561
0.012537
0.012515
0.012492
0.012467
0.012438
0.012402
0.012357
0.012302
0.012237
0.012163
0.012083
0.012003
0.011928
0.011865
0.011817
0.011785
0.011765
0.011753
0.011740
0.011721
0.011690
0.011643
0.011581
0.011504
0.011415
0.011321
0.011228
0.011143
0.011072
0.011020
0.010987
0.010971
0.010966
0.010965
0.010962
0.010952
0.010932
0.010901
0.010859
0.010803
0.010733
0.010650
0.010553
0.010448
0.010339
0.010235
0.010141
0.010062
0.010002
0.009958
0.009927
0.009902
0.009878
0.009850
0.009813
0.009765
0.009708
0.009643
0.009575
0.009507
0.009444
0.009389
0.009342
0.009302
0.009267
0.009231
0.009192
0.009144
0.009087
0.009022
0.008950
0.008876
0.008807
0.008748
0.008708
0.008694
0.008711
0.008760
0.008838
0.008934
0.009032
0.009116
0.009169
0.009178
0.009138
0.009050
0.008922
0.008767
0.008598
0.008430
0.008274
0.008137
0.008023
0.007934
0.007867
0.007818
0.007778
0.007742
0.007702
0.007652
0.007591
0.007517
0.007433
0.007342
0.007249
0.007160
0.007080
0.007011
0.006957
0.006915
0.006884
0.006859
0.006833
0.006801
0.006761
0.006711
0.006652
0.006587
0.006516
0.006437
0.006346
0.006231
0.006080
0.005874
0.005597
0.005236
0.004785
0.004251
0.003653
0.003029
0.002425
0.001894
0.001484
0.001226
0.001126
0.001165
0.001303
0.001486
0.001661
0.001786
0.001836
0.001803
0.001699
0.001542
0.001355
0.001157
0.000964
0.000783
0.000619
0.000468
0.000329
0.000197
0.000069
-0.000060
-0.000191
-0.000326
-0.000466
-0.000611
-0.000761
-0.000915
-0.001073
-0.001231
-0.001390
-0.001545
-0.001697
-0.001843
-0.001982
-0.002113
-0.002235
-0.002347
-0.002446
-0.002529
-0.002592
-0.002630
-0.002639
-0.002620
-0.002574
-0.002509
-0.002438
-0.002376
-0.002339
-0.002342
-0.002398
-0.002510
-0.002674
-0.002873
-0.003079
-0.003248
-0.003319
-0.003222
-0.002881
-0.002226
-0.001213
0.000153
0.001804
0.003600
0.005342
0.006801
0.007772
0.008114
