0.003529
0.003103
0.002487
0.001789
0.001116
0.000549
0.000131
-0.000132
-0.000265
-0.000309
-0.000307
-0.000294
-0.000292
-0.000312
-0.000353
-0.000406
-0.000465
-0.000521
-0.000571
-0.000614
-0.000650
-0.000684
-0.000716
-0.000749
-0.000781
-0.000812
-0.000839
-0.000862
-0.000879
-0.000891
-0.000898
-0.000901
-0.000903
-0.000903
-0.000904
-0.000908
-0.000916
-0.000931
-0.000954
-0.000985
-0.001021
-0.001059
-0.001091
-0.001103
-0.001072
-0.000959
-0.000686
-0.000114
0.001007
0.003093
0.006805
0.013106
0.023300
0.038990
0.061927
0.093719
0.135416
0.187031
0.247123
0.312590
0.378791
0.440085
0.490690
0.525714
0.542075
0.539082
0.518499
0.484101
0.440847
0.393917
0.347857
0.306004
0.270278
0.241293
0.218677
0.201471
0.188493
0.178612
0.170887
0.164628
0.159367
0.154812
0.150787
0.147187
0.143938
0.140986
0.138285
0.135796
0.133486
0.131329
0.129308
0.127407
0.125616
0.123923
0.122318
0.120789
0.119323
0.117905
0.116524
0.115165
0.113817
0.112470
0.111119
0.109764
0.108409
0.107062
0.105728
0.104415
0.103120
0.101838
0.100558
0.099264
0.097948
0.096603
0.095236
0.093859
0.092494
0.091161
0.089880
0.088661
0.087509
0.086420
0.085385
0.084392
0.083429
0.082482
0.081540
0.080591
0.079623
0.078623
0.077580
0.076484
0.075328
0.074108
0.072831
0.071511
0.070176
0.068861
0.067609
0.066459
0.065439
0.064562
0.063817
0.063176
0.062598
0.062042
0.061474
0.060873
0.060234
0.059562
0.058871
0.058176
0.057486
0.056805
0.056130
0.055454
0.054770
0.054069
0.053349
0.052613
0.051867
0.051123
0.050392
0.049685
0.049009
0.048366
0.047756
0.047173
0.046610
0.046063
0.045528
0.045003
0.044488
0.043985
0.043492
0.043006
0.042522
0.042029
0.041520
0.040985
0.040421
0.039831
0.039223
0.038610
0.038008
0.037432
0.036894
0.036400
0.035950
0.035538
0.035157
0.034800
0.034458
0.034128
0.033807
0.033495
0.033192
0.032898
0.032612
0.032331
0.032052
0.031769
0.031476
0.031168
0.030840
0.030491
0.030124
0.029745
0.029365
0.028993
0.028640
0.028312
0.028010
0.027727
0.027456
0.027184
0.026901
0.026601
0.026282
0.025947
0.025602
0.025256
0.024918
0.024592
0.024280
0.023981
0.023692
0.023409
0.023132
0.022861
0.022598
0.022350
0.022119
0.021910
0.021721
0.021551
0.021393
0.021239
0.021083
0.020917
0.020736
0.020540
0.020330
0.020110
0.019884
0.019657
0.019433
0.019211
0.018989
0.018767
0.018542
0.018315
0.018087
0.017862
0.017646
0.017442
0.017253
0.017078
0.016913
0.016752
0.016589
0.016419
0.016239
0.016049
0.015851
0.015648
0.015446
0.015248
0.015058
0.014878
0.014707
0.014546
0.014391
0.014242
0.014097
0.013956
0.013819
0.013685
0.013555
0.013429
0.013308
0.013193
0.013084
0.012983
0.012886
0.012792
0.012693
0.012584
0.012459
0.012316
0.012154
0.011978
0.011795
0.011612
0.011436
0.011271
0.011119
0.010979
0.010849
0.010728
0.010613
0.010504
0.010402
0.010306
0.010216
0.010133
0.010055
0.009982
0.009915
0.009852
0.009795
0.009741
0.009689
0.009634
0.009575
0.009508
0.009431
0.009344
0.009247
0.009142
0.009033
0.008924
0.008820
0.008727
0.008650
0.008591
0.008554
0.008536
0.008533
0.008540
0.008549
0.008552
0.008539
0.008505
0.008443
0.008350
0.008227
0.008077
0.007908
0.007730
0.007552
0.007384
0.007236
0.007109
0.007006
0.006920
0.006848
0.006782
0.006717
0.006651
0.006584
0.006515
0.006448
0.006384
0.006325
0.006271
0.006220
0.006173
0.006126
0.006079
0.006028
0.005973
0.005913
0.005850
0.005785
0.005723
0.005665
0.005613
0.005570
0.005533
0.005501
0.005474
0.005449
0.005428
0.005410
0.005395
0.005383
0.005370
0.005353
0.005327
0.005287
0.005232
0.005161
0.005076
0.004981
0.004882
0.004784
0.004694
0.004616
0.004554
0.004509
0.004480
0.004464
0.004460
0.004465
0.004477
0.004493
0.004512
0.004531
0.004547
0.004556
0.004556
0.004545
0.004522
0.004487
0.004441
0.004386
0.004324
0.004260
0.004199
0.004146
0.004108
0.004085
0.004076
0.004074
0.004070
0.004057
0.004027
0.003979
0.003916
0.003845
0.003774
0.003712
0.003662
0.003629
0.003611
0.003606
0.003609
0.003618
0.003627
0.003633
0.003635
0.003629
0.003616
0.003595
0.003568
0.003537
0.003503
0.003468
0.003432
0.003396
0.003357
0.003316
0.003273
0.003230
0.003190
0.003155
0.003126
0.003103
0.003084
0.003066
0.003046
0.003027
0.003008
0.002995
0.002991
0.003001
0.003028
0.003073
0.003134
0.003207
0.003285
0.003360
0.003424
0.003469
0.003490
0.003484
0.003455
0.003406
0.003344
0.003274
0.003202
0.003132
0.003066
0.003006
0.002953
0.002907
0.002867
0.002831
0.002797
0.002764
0.002730
0.002698
0.002669
0.002648
0.002637
0.002638
0.002651
0.002673
0.002699
0.002724
0.002745
0.002759
0.002766
0.002767
0.002765
0.002764
0.002764
0.002767
0.002774
0.002783
0.002792
0.002801
0.002807
0.002811
0.002810
0.002807
0.002801
0.002795
0.002788
0.002784
0.002783
0.002787
0.002795
0.002808
0.002826
0.002847
0.002870
0.002894
0.002914
0.002927
0.002932
0.002927
0.002910
0.002883
0.002848
0.002805
0.002758
0.002709
0.002661
0.002619
0.002587
0.002568
0.002566
0.002580
0.002607
0.002642
0.002679
0.002711
0.002735
0.002749
0.002751
0.002745
0.002730
0.002709
0.002684
0.002654
0.002621
0.002589
0.002559
0.002534
0.002517
0.002506
0.002503
0.002506
0.002512
0.002521
0.002531
0.002540
0.002546
0.002546
0.002540
0.002527
0.002508
0.002485
0.002463
0.002445
0.002434
0.002431
0.002435
0.002442
0.002451
0.002457
0.002458
0.002453
0.002441
0.002426
0.002412
0.002404
0.002406
0.002420
0.002446
0.002480
0.002517
0.002549
0.002569
0.002573
0.002560
0.002532
0.002495
0.002454
0.002418
0.002391
0.002379
0.002384
0.002403
0.002437
0.002479
0.002525
0.002571
0.002610
0.002639
0.002655
0.002659
0.002650
0.002633
0.002609
0.002582
0.002556
0.002531
0.002510
0.002492
0.002476
0.002462
0.002448
0.002435
0.002421
0.002407
0.002394
0.002380
0.002364
0.002345
0.002322
0.002295
0.002266
0.002238
0.002215
0.002202
0.002203
0.002219
0.002248
0.002285
0.002324
0.002358
0.002383
0.002396
0.002396
0.002386
0.002367
0.002346
0.002325
0.002310
0.002303
0.002305
0.002315
0.002332
0.002352
0.002373
0.002392
0.002408
0.002421
0.002431
0.002440
0.002448
0.002455
0.002460
0.002462
0.002461
0.002456
0.002449
0.002442
0.002436
0.002432
0.002432
0.002432
0.002433
0.002434
0.002433
0.002433
0.002433
0.002436
0.002440
0.002444
0.002447
0.002445
0.002439
0.002426
0.002410
0.002391
0.002372
0.002355
0.002343
0.002334
0.002329
0.002328
0.002331
0.002339
0.002354
0.002375
0.002404
0.002438
0.002476
0.002514
0.002549
0.002577
0.002597
0.002609
0.002614
0.002616
0.002615
0.002614
0.002614
0.002616
0.002619
0.002623
0.002625
0.002625
0.002621
0.002612
0.002598
0.002580
0.002561
0.002543
0.002529
0.002521
0.002521
0.002527
0.002539
0.002554
0.002567
0.002577
0.002580
0.002578
0.002572
0.002569
0.002575
0.002594
0.002628
0.002677
0.002733
0.002788
0.002833
0.002860
0.002864
0.002846
0.002811
0.002769
0.002728
0.002697
0.002681
0.002681
0.002696
0.002722
0.002751
0.002781
0.002808
0.002833
0.002859
0.002890
0.002930
0.002985
0.003056
0.003142
0.003237
0.003335
0.003424
0.003495
0.003538
0.003547
0.003521
0.003464
0.003381
0.003282
0.003178
0.003079
0.002990
0.002917
0.002860
0.002819
0.002793
0.002778
0.002771
0.002770
0.002772
0.002776
0.002778
0.002775
0.002768
0.002754
0.002736
0.002715
0.002696
0.002680
0.002668
0.002660
0.002653
0.002646
0.002635
0.002620
0.002602
0.002583
0.002568
0.002561
0.002567
0.002587
0.002622
0.002670
0.002726
0.002782
0.002831
0.002865
0.002881
0.002876
0.002850
0.002808
0.002756
0.002701
0.002647
0.002601
0.002565
0.002541
0.002528
0.002525
0.002531
0.002543
0.002555
0.002566
0.002572
0.002571
0.002563
0.002553
0.002541
0.002533
0.002529
0.002529
0.002531
0.002533
0.002531
0.002522
0.002507
0.002486
0.002459
0.002429
0.002399
0.002374
0.002356
0.002348
0.002352
0.002365
0.002383
0.002402
0.002415
0.002419
0.002413
0.002399
0.002381
0.002364
0.002351
0.002346
0.002349
0.002358
0.002373
0.002394
0.002422
0.002457
0.002501
0.002553
0.002610
0.002668
0.002718
0.002754
0.002767
0.002753
0.002709
0.002638
0.002545
0.002440
0.002334
0.002236
0.002158
0.002105
0.002081
0.002085
0.002112
0.002156
0.002209
0.002261
0.002303
0.002329
0.002334
0.002320
0.002286
0.002238
0.002182
0.002124
0.002068
0.002018
0.001976
0.001939
0.001909
0.001884
0.001865
0.001851
0.001842
0.001840
0.001841
0.001844
0.001846
0.001846
0.001843
0.001839
0.001836
0.001834
0.001833
0.001833
0.001830
0.001820
0.001801
0.001773
0.001738
0.001698
0.001658
0.001621
0.001589
0.001562
0.001540
0.001523
0.001510
0.001501
0.001493
0.001487
0.001480
0.001473
0.001466
0.001460
0.001457
0.001459
0.001468
0.001484
0.001507
0.001534
0.001561
0.001586
0.001606
0.001618
0.001619
0.001609
0.001587
0.001554
0.001513
0.001466
0.001418
0.001370
0.001323
0.001273
0.001217
0.001149
0.001062
0.000951
0.000812
0.000643
0.000446
0.000226
-0.000004
-0.000227
-0.000427
-0.000584
-0.000686
-0.000729
-0.000720
-0.000671
-0.000600
-0.000527
-0.000464
-0.000421
-0.000401
-0.000402
-0.000420
-0.000449
-0.000485
-0.000524
-0.000565
-0.000607
-0.000652
-0.000698
-0.000748
-0.000800
-0.000853
-0.000908
-0.000963
-0.001018
-0.001072
-0.001126
-0.001179
-0.001233
-0.001285
-0.001337
-0.001388
-0.001438
-0.001487
-0.001538
-0.001588
-0.001637
-0.001684
-0.001726
-0.001762
-0.001792
-0.001819
-0.001844
-0.001872
-0.001905
-0.001946
-0.001994
-0.002049
-0.002110
-0.002174
-0.002240
-0.002304
-0.002362
-0.002410
-0.002436
-0.002426
-0.002359
-0.002206
-0.001939
-0.001529
-0.000961
-0.000239
0.000600
0.001492
0.002344
0.003050
0.003517
0.003681
