-0.128711
0.026970
-0.022755
-0.010971
0.026963
-0.009313
0.002092
-0.010170
0.025949
-0.023225
0.030836
-0.024808
0.003433
0.011871
0.000846
-0.010423
0.015552
-0.011442
0.011504
0.000937
-0.009060
0.013671
-0.005807
0.001981
0.012241
-0.015287
0.009894
0.001807
-0.002249
0.005472
-0.001993
0.001440
-0.004625
0.016417
-0.012136
0.008215
-0.006151
0.013452
-0.007668
0.002312
-0.000865
0.008696
-0.001660
-0.001071
0.001198
0.005785
-0.007130
0.003937
0.007541
-0.004682
0.008568
-0.002076
0.003841
-0.002619
0.001707
-0.011877
0.055957
-0.058972
-0.020631
0.080388
0.213003
-0.513897
1.177310
0.867014
-0.022181
0.220503
0.154514
0.151415
0.051067
0.054018
0.056142
0.052526
0.059335
0.152027
-0.033061
0.014709
0.169852
0.017609
0.012605
0.058895
0.045292
0.058813
0.038289
0.034164
0.070567
0.018283
0.045791
0.072377
0.003677
0.037592
0.090658
0.025929
0.022163
0.047205
0.032770
0.039842
0.060908
0.007396
0.043628
0.036970
0.055970
0.015454
0.024495
0.052948
0.028793
0.027519
0.041248
0.022583
0.041544
0.023313
0.027599
0.027284
0.040158
0.025929
0.022108
0.026848
0.032105
0.038318
0.017739
0.024617
0.031634
0.015950
0.029401
0.032627
0.033167
0.005399
0.027998
0.022147
0.043645
-0.008369
0.048387
0.009004
0.028197
0.013298
0.034691
0.010672
0.019213
0.024093
0.023842
0.022141
0.013051
0.030248
0.010425
0.031802
0.006200
0.018289
0.029207
0.010077
0.031428
0.005822
0.020698
0.014613
0.015143
0.015390
0.019970
0.012868
0.015274
0.014413
0.024360
0.019686
-0.006314
0.027723
0.026216
0.008314
-0.003410
0.032089
0.008136
0.019320
0.003423
0.021174
0.008417
0.012485
0.019246
0.010831
0.002174
0.028934
0.005322
-0.002877
0.028187
0.016423
-0.001511
0.012669
-0.002636
0.039138
0.000873
0.000141
0.019310
0.007470
0.009535
0.016358
0.002497
0.022361
-0.000419
0.005779
0.023021
0.004166
0.000200
0.023868
0.002679
0.008533
0.013534
-0.001946
0.016530
0.006590
0.014829
-0.002429
0.017148
0.008287
0.011843
-0.009316
0.027330
0.007070
-0.002953
0.012920
0.006495
0.009945
-0.005397
0.029885
-0.000768
0.007813
-0.001663
0.015545
-0.001039
0.018986
-0.000376
-0.003163
0.026090
0.001635
-0.001122
-0.003309
0.017286
0.014981
-0.006942
0.007206
0.011405
0.004022
-0.006231
0.018092
-0.002377
0.016541
-0.007901
0.018575
0.004186
0.001079
-0.005651
0.026168
-0.008774
0.012651
-0.005678
0.006864
0.015330
0.003673
-0.000324
-0.002886
0.011638
0.016733
-0.009330
-0.001116
0.004104
0.019189
-0.014431
0.015658
-0.001154
0.013423
0.004592
0.002160
0.006267
-0.007776
0.021918
-0.011331
0.012778
-0.004743
0.013752
-0.007249
0.015923
0.000020
-0.006578
0.004076
0.021126
-0.001247
-0.004233
0.003804
0.012880
0.003238
0.004462
-0.010188
0.013701
0.006120
0.001760
-0.008972
0.015808
0.004533
-0.001080
0.002587
-0.001615
0.007884
-0.007462
0.015955
-0.000307
-0.003152
0.006449
0.002417
0.003556
0.004483
-0.011081
0.011096
0.012067
-0.005465
-0.000902
0.000281
0.009323
-0.002499
-0.005909
0.005046
0.013660
-0.008186
0.014356
-0.014851
-0.001647
0.021147
-0.002122
-0.009467
0.008288
0.004289
0.002406
-0.001331
-0.002406
0.013698
-0.002663
-0.002628
0.008647
-0.009330
0.004708
0.007461
-0.002779
0.004535
0.001876
-0.012050
0.018150
-0.005977
-0.004050
-0.001782
0.017864
-0.004463
0.002713
-0.008445
0.010521
0.003678
-0.003594
0.002563
-0.002335
0.014221
-0.010166
0.005286
0.000145
0.000091
-0.003661
0.001681
0.006664
0.004006
0.006361
-0.011653
0.004153
0.007979
-0.008818
0.002974
-0.001665
0.017263
-0.013463
0.002180
0.007960
0.000573
-0.005944
0.000461
0.001633
0.000903
0.010794
-0.008251
0.015794
-0.014418
0.000166
0.009220
0.000191
0.000701
0.002157
-0.005186
0.011178
-0.004111
0.005323
-0.006883
0.000039
-0.002781
0.020124
-0.021871
0.016635
-0.019058
0.020828
-0.009939
0.001356
0.013498
-0.010376
-0.007574
0.007251
0.003833
0.004255
-0.002913
-0.005973
0.009129
-0.003391
0.001647
-0.002078
0.002513
-0.001881
0.007196
-0.004508
0.009920
-0.003021
-0.015379
0.028766
-0.024397
0.011048
-0.005856
0.015728
-0.017127
0.003514
0.002575
0.001193
0.000657
-0.001103
-0.002323
0.006556
-0.006693
0.005883
0.002949
0.001793
-0.004060
-0.000750
0.005633
-0.005204
0.001060
-0.001967
0.002521
0.007158
-0.002725
-0.009768
-0.001076
0.007193
0.007360
-0.006965
-0.006528
0.011978
0.004068
-0.014936
-0.000398
0.008176
-0.001245
0.004886
-0.012730
0.005171
0.003088
-0.000466
0.003211
-0.005470
-0.000035
0.010704
-0.013913
0.016363
-0.003080
-0.012129
0.013048
-0.002254
0.002183
-0.013323
0.010794
0.009218
-0.011189
0.006887
-0.011058
0.008666
-0.000018
0.004296
-0.018159
0.016464
-0.007517
0.003147
0.011696
-0.020063
0.005988
0.007531
-0.004799
-0.000683
-0.003618
-0.001071
0.012679
-0.017736
0.020642
-0.021074
0.007816
0.011521
-0.007371
-0.012348
0.019864
-0.013205
0.004659
-0.005760
0.004402
0.002319
-0.004966
0.001831
-0.000941
0.007013
-0.005942
-0.002588
-0.000555
0.004528
0.006437
-0.010962
0.004945
-0.002842
0.003122
-0.006252
0.001986
0.007594
-0.009002
0.005824
-0.004695
0.001325
0.003904
-0.004355
-0.004680
0.014943
-0.004968
-0.010387
0.003706
0.003076
0.005089
-0.008917
0.003153
-0.001308
-0.004755
0.009189
-0.010932
0.004924
-0.002001
0.008749
-0.014308
0.016528
-0.011224
0.004336
0.004504
-0.004360
-0.005798
0.007750
-0.016590
0.021906
-0.014030
0.004692
-0.005927
0.007879
0.003988
-0.004549
-0.012324
0.016512
-0.004069
-0.009139
0.007843
-0.001744
0.002396
-0.005758
0.001678
0.002602
-0.001139
0.000618
0.001808
-0.004829
0.011900
-0.009603
-0.002911
0.016084
-0.012603
0.000980
0.003527
0.002507
-0.003585
-0.002618
0.000434
0.006849
-0.007448
0.003539
0.003852
-0.007905
0.008685
0.005277
-0.022656
0.023966
-0.007773
-0.008042
0.007239
-0.001651
0.004660
-0.007574
0.000162
0.006745
-0.005649
0.000628
-0.000351
0.005051
-0.000508
-0.002432
-0.004207
0.019806
-0.012230
0.014150
-0.006820
-0.009069
0.012398
0.000867
-0.009386
0.003397
0.010116
-0.008853
0.006066
-0.005343
0.008550
-0.007325
-0.003400
0.019936
-0.014935
-0.008104
0.017559
-0.003189
-0.008943
0.007565
0.001472
0.000867
-0.000879
0.004097
-0.009863
0.008351
0.007788
-0.009761
-0.016311
0.028486
-0.003392
-0.016255
0.010210
0.000018
0.007754
-0.006879
-0.008758
0.022809
-0.015165
0.008595
-0.011163
0.005975
0.002451
-0.009691
0.006209
0.008141
-0.005813
-0.000809
-0.005222
0.011287
-0.005576
0.002873
-0.000839
0.002303
-0.006040
0.009080
-0.008592
0.006504
-0.004522
0.005424
-0.006061
0.014498
-0.010381
-0.003964
0.008743
-0.000248
0.005157
-0.013086
0.011650
0.005268
-0.003059
-0.001048
-0.003285
0.002337
0.010089
0.000851
-0.017518
0.019867
-0.000943
-0.009749
0.011078
-0.008260
0.006561
-0.004144
0.006101
-0.001105
-0.009767
0.015597
-0.012938
0.005680
0.010390
-0.007892
-0.005767
0.018016
-0.016350
-0.004014
0.016743
-0.003769
0.002593
-0.003414
-0.000369
0.004465
0.008080
-0.013119
0.006372
0.003766
-0.000761
0.002130
-0.010582
0.017429
-0.006210
-0.005370
0.007595
-0.004952
0.008398
-0.009989
0.008388
-0.002515
0.010316
-0.010551
0.004299
-0.006993
0.015575
-0.005954
-0.001608
-0.001641
0.007642
0.000074
-0.003552
-0.000818
0.003962
0.002919
-0.008140
0.005822
0.010665
-0.012117
0.000204
-0.002470
0.017848
-0.011273
0.000197
0.005780
0.002001
-0.006715
0.013919
-0.011424
0.005079
-0.007934
0.017264
-0.006740
0.004687
-0.002802
0.012726
-0.003331
-0.006220
0.011250
-0.020961
0.025032
-0.003198
-0.007985
0.007796
-0.006762
0.014216
-0.010207
0.002463
0.001123
-0.002548
0.010951
-0.006443
-0.003886
0.008476
0.005664
-0.017872
0.025813
-0.017495
0.011124
-0.011702
0.016418
-0.008770
-0.001355
0.005316
0.001965
-0.003321
0.011383
-0.012884
0.002337
0.015860
-0.008776
-0.010977
0.012641
0.008123
-0.014892
0.010546
-0.004625
0.004018
-0.002090
0.003338
-0.002141
0.005951
-0.005248
0.010428
-0.010940
0.020518
-0.016195
0.002576
0.010224
0.000971
-0.018786
0.017266
-0.004581
0.003205
-0.001903
0.003039
-0.001899
0.013050
-0.012144
0.001187
0.007084
0.000910
-0.002245
-0.007432
0.015764
-0.007106
0.007857
-0.004661
0.005952
-0.011416
0.012678
-0.003163
0.003609
-0.003590
0.005867
-0.005871
0.003022
0.015636
-0.011478
-0.006529
0.016388
-0.004047
0.005221
-0.011983
0.010029
0.001133
-0.003013
-0.001332
0.008949
-0.005949
0.006791
-0.001907
-0.005126
0.017354
-0.013714
0.000700
0.012652
-0.003290
-0.001879
-0.004649
0.012717
-0.008114
0.007372
-0.005118
0.009951
-0.008593
0.005845
-0.001339
0.002533
0.013021
-0.013420
-0.004792
0.023789
-0.015467
0.001301
0.005751
-0.007551
0.018854
-0.025712
0.027184
-0.026851
0.044423
-0.042294
0.032308
-0.025670
0.020381
-0.003592
-0.007427
0.010744
-0.004063
0.005813
0.000713
0.004901
-0.009497
0.012988
-0.011435
0.010587
-0.009246
0.005845
0.004054
0.003170
0.001823
-0.007918
0.006119
0.007162
-0.001433
-0.008749
0.013470
-0.002579
-0.000341
-0.004544
0.006030
0.011534
-0.006432
0.005492
-0.002401
-0.006284
0.020254
-0.012534
0.002505
0.002881
0.003422
0.002072
-0.005504
0.002683
0.009476
-0.011587
0.012723
-0.005970
0.004742
0.012236
-0.015056
0.001209
0.017797
-0.010328
-0.000376
0.015738
-0.014203
0.012028
-0.003141
0.000208
0.002949
0.014840
-0.044678
0.067846
-0.034543
-0.015514
0.029870
-0.029647
0.024828
-0.005023
-0.003407
0.000220
0.015233
-0.019485
0.017334
-0.009327
0.003387
0.013734
-0.017550
0.001332
0.008792
-0.000422
0.012423
-0.016968
0.005283
0.012110
-0.017104
0.016081
-0.004244
-0.007900
0.009643
0.009827
-0.013873
0.007529
0.000188
0.007993
-0.007420
0.003014
-0.000351
-0.002598
0.006569
0.000904
-0.002401
-0.002324
0.012695
-0.015162
0.005679
0.002512
0.003530
-0.000290
-0.009347
0.010347
0.003543
-0.004779
-0.002199
0.005370
0.002168
-0.001915
-0.010340
0.014184
-0.001186
-0.004016
0.004442
0.002893
-0.010136
0.000690
0.028795
-0.040754
0.028097
-0.034809
0.134636
-0.301487
0.336790
