-1.083652
0.183739
-0.249777
-0.019469
0.105515
-0.051181
-0.086323
-0.022342
0.094657
-0.214577
0.238448
-0.194391
-0.035384
0.056532
-0.025837
-0.055661
-0.007470
-0.051269
-0.000136
0.020772
-0.126749
0.084299
-0.080116
-0.037915
0.054651
-0.096836
-0.002960
-0.019160
-0.009522
-0.041456
-0.016613
-0.036666
-0.010854
-0.006062
-0.061942
0.005200
-0.050556
0.010039
-0.034352
-0.036648
-0.017612
-0.028405
-0.006688
-0.046400
-0.027036
0.006193
-0.052238
-0.023378
-0.000822
-0.063300
0.013094
-0.043790
-0.025232
0.003935
-0.076295
-0.044851
0.196554
-0.301173
-0.160906
0.482230
0.473697
-2.828322
2.782626
3.227806
2.660970
1.238375
0.431122
0.466577
0.037155
-0.094740
0.079096
0.511908
0.291865
0.687694
0.344307
0.241848
0.432307
0.522000
0.370413
0.281989
0.352974
0.309130
0.364557
0.242569
0.411438
0.258754
0.293083
0.386684
0.253324
0.262893
0.313926
0.385254
0.264596
0.312887
0.204943
0.346625
0.361792
0.225940
0.283679
0.260486
0.304688
0.299946
0.265632
0.247281
0.319387
0.266978
0.253434
0.282099
0.235990
0.287748
0.241677
0.279445
0.279255
0.224417
0.269997
0.270976
0.252275
0.226836
0.249307
0.254580
0.244865
0.225103
0.231527
0.251333
0.224605
0.247899
0.193444
0.262194
0.237507
0.191979
0.236673
0.235824
0.198373
0.227366
0.209136
0.203847
0.219421
0.200595
0.214542
0.198421
0.204872
0.203705
0.166748
0.231660
0.192067
0.160593
0.214261
0.197833
0.168015
0.183243
0.189623
0.190455
0.182455
0.155120
0.191002
0.168371
0.176832
0.162009
0.152151
0.190633
0.156805
0.131596
0.191512
0.156472
0.143409
0.164582
0.147721
0.155573
0.156862
0.145061
0.153398
0.149317
0.134216
0.144225
0.118909
0.172296
0.132375
0.111240
0.165221
0.138288
0.117813
0.120629
0.141329
0.129586
0.138635
0.094682
0.147306
0.136211
0.111204
0.115641
0.108420
0.162253
0.093066
0.096404
0.123974
0.140959
0.081927
0.114169
0.106951
0.123599
0.104264
0.094391
0.128598
0.095938
0.105422
0.099893
0.072943
0.161028
0.067754
0.074427
0.118102
0.116035
0.074345
0.083156
0.099775
0.105859
0.085181
0.071953
0.107105
0.102709
0.075621
0.081254
0.072202
0.113934
0.078369
0.054873
0.114494
0.077413
0.069994
0.068027
0.101067
0.067046
0.089222
0.053857
0.106929
0.056666
0.084260
0.067266
0.073573
0.086022
0.086276
0.012805
0.124372
0.062433
0.058033
0.064920
0.081571
0.066775
0.062077
0.047589
0.093923
0.064819
0.056171
0.057114
0.056198
0.102223
0.046315
0.033355
0.088811
0.074405
0.028158
0.068835
0.078221
0.049930
0.055313
0.055091
0.042865
0.087448
0.038150
0.060442
0.041638
0.067551
0.067453
0.013840
0.077677
0.077405
0.015489
0.051114
0.067354
0.052682
0.049654
0.032134
0.066646
0.050098
0.045995
0.037621
0.045115
0.070148
0.046087
0.016496
0.071813
0.055065
0.020197
0.048091
0.047634
0.059848
0.029586
0.033659
0.050025
0.064146
0.036328
0.023813
0.025219
0.080608
0.027039
0.015702
0.052937
0.058910
0.018484
0.040740
0.030818
0.059864
0.024338
0.025119
0.048065
0.044862
0.032192
0.013736
0.031403
0.078957
0.013835
0.006810
0.054927
0.062460
0.009185
0.040990
0.025174
0.044992
0.036394
0.017458
0.034504
0.032594
0.045590
0.013704
0.011801
0.062057
0.031477
-0.026546
0.080908
0.031797
-0.003918
0.047994
0.024981
0.042017
0.013565
0.021614
0.040881
0.029981
0.016308
0.034999
0.006221
0.051418
0.022546
-0.015880
0.077310
0.003913
0.022258
0.011583
0.043645
0.021777
0.012838
0.010449
0.038651
0.025363
0.025767
0.015672
-0.007725
0.057683
0.034577
-0.026961
0.041312
0.051800
-0.016209
0.022016
0.019012
0.034093
0.006601
0.007221
0.033501
0.021920
0.013187
0.000194
0.028391
0.022102
0.035909
-0.028504
0.045949
0.031584
-0.000120
0.016442
0.009422
0.029345
0.015164
0.003955
0.028834
0.016071
0.014123
0.005042
0.011755
0.041412
0.004025
-0.008207
0.027148
0.040076
-0.023931
0.025902
0.017505
0.018154
-0.009274
0.020603
0.030403
0.012246
0.004483
0.007859
0.019214
0.018692
0.025437
-0.038491
0.048496
0.025840
-0.011928
0.005730
0.026974
-0.002248
0.018213
-0.002354
0.015918
0.031932
-0.007734
0.004610
0.003371
0.033970
0.024829
-0.047391
0.053519
0.015929
-0.018353
0.014712
0.012582
0.012291
0.003028
0.000467
0.025008
0.017196
-0.010478
0.022163
-0.019140
0.039894
0.004090
-0.029378
0.040353
0.012917
-0.020262
0.028192
0.004987
-0.000510
0.016377
-0.009330
0.024431
0.018501
-0.029704
0.030393
-0.009952
0.018851
0.020615
-0.040204
0.045206
0.011209
-0.032188
0.027426
0.017259
-0.010079
0.006723
-0.002641
0.022227
0.021943
-0.026535
0.011479
0.004304
0.010148
0.005645
-0.018764
0.037995
0.001507
-0.014849
0.007071
0.017946
-0.013904
0.018221
-0.010788
0.022422
-0.000702
-0.001182
0.011955
-0.025958
0.056350
-0.030027
-0.005572
0.020887
0.012043
-0.018134
0.004357
0.008697
0.009804
-0.003843
-0.015755
0.035958
-0.010012
0.007604
-0.014904
0.001260
0.022848
0.005275
-0.029513
0.027135
0.008144
-0.022662
0.020456
-0.012388
0.010743
0.005696
-0.003995
0.016622
-0.001075
0.018545
-0.025523
-0.002038
0.029179
0.000264
-0.040530
0.036667
0.014873
-0.019426
0.006066
-0.000026
0.007689
0.000555
-0.012744
0.021249
0.005150
-0.014205
-0.000831
-0.006426
0.028969
-0.006371
-0.032779
0.044358
-0.003769
-0.015365
-0.006106
0.011611
0.009673
-0.001573
-0.024678
0.022953
0.012324
-0.011425
-0.004784
-0.014436
0.034782
-0.007701
-0.042622
0.050714
-0.001416
-0.019904
0.003730
-0.004591
0.028861
-0.027181
-0.003941
0.007343
0.017174
-0.021392
-0.001223
-0.002239
0.021179
-0.001044
-0.035406
0.019722
0.027844
-0.041662
0.009930
0.000696
0.008214
-0.000040
-0.033923
0.034482
-0.001721
-0.004170
-0.010361
-0.022386
0.041021
0.002371
-0.056702
0.040669
0.005940
-0.015335
-0.013643
0.009245
0.007691
-0.003012
-0.019966
0.007701
0.017824
-0.016044
-0.000508
-0.020161
0.031432
-0.003492
-0.041764
0.027608
0.013503
-0.031469
0.003482
0.003537
-0.000185
-0.000063
-0.012813
-0.004442
0.030606
-0.025812
-0.010358
-0.013227
0.030009
0.004652
-0.051064
0.033083
0.016975
-0.041427
0.006688
0.002327
-0.011136
0.017615
-0.026697
0.017958
-0.013373
0.003001
-0.006080
-0.019941
0.022656
0.005121
-0.047750
0.030716
0.007894
-0.031908
0.009533
-0.005892
0.002054
-0.011284
-0.004613
0.008689
-0.009807
0.008592
-0.015252
-0.007847
0.015103
-0.000446
-0.043815
0.037612
-0.000368
-0.022921
-0.002193
-0.002397
0.019336
-0.036044
-0.000312
0.010682
0.008141
-0.017276
-0.015082
-0.000199
0.024193
-0.011666
-0.048799
0.043374
-0.000679
-0.024358
-0.002477
0.006248
-0.011114
0.008106
-0.034637
0.031208
-0.019101
0.006680
-0.010064
-0.013578
0.024598
-0.003354
-0.039251
0.022951
0.012753
-0.035975
0.007012
-0.005215
-0.000283
0.004762
-0.029693
0.005685
0.024024
-0.028552
-0.008314
-0.015484
0.034030
-0.010105
-0.043916
0.027187
0.017502
-0.044161
0.003338
0.003518
-0.001835
-0.012603
-0.021717
0.024350
-0.004178
-0.015872
-0.000860
-0.019293
0.005801
0.010009
-0.046085
0.040865
-0.014867
-0.014944
-0.016767
0.016557
-0.014862
-0.004866
-0.014013
0.013846
-0.007248
0.000438
-0.020158
-0.014422
0.032779
-0.015231
-0.043517
0.023519
0.018038
-0.036495
-0.004226
0.008292
-0.011409
0.000743
-0.026823
0.017829
-0.006179
0.003431
-0.029585
-0.007738
0.011921
-0.000270
-0.033466
0.009755
0.020080
-0.052010
0.026878
-0.036757
0.046754
-0.063123
0.021771
-0.007098
-0.006027
-0.004052
-0.023561
0.005967
-0.003923
0.010823
-0.059610
0.042356
-0.015720
-0.007677
-0.021998
0.004732
0.004059
-0.019725
-0.022817
0.026919
-0.012578
-0.020946
0.000375
-0.019513
0.020140
-0.018437
-0.040118
0.037351
-0.001239
-0.035845
-0.007569
0.008132
-0.006402
-0.014240
-0.014911
0.004803
0.014962
-0.027768
-0.025204
-0.000367
0.019480
-0.009395
-0.051549
0.023975
0.006320
-0.032637
0.012425
-0.023683
0.017217
-0.027869
-0.014895
0.009462
-0.016606
-0.000744
-0.016255
-0.012356
0.014120
-0.002367
-0.062560
0.033766
0.007339
-0.036142
-0.009660
0.000800
-0.011277
-0.005805
-0.009474
-0.015409
0.011158
-0.022876
-0.011588
-0.014413
0.014288
-0.012825
-0.040199
0.011352
0.010034
-0.027561
-0.011652
-0.011978
0.006219
-0.019601
-0.018099
0.003411
0.000162
-0.013173
-0.026594
-0.021967
0.031597
-0.012664
-0.056696
0.034696
-0.010016
-0.032288
-0.001154
-0.008435
-0.014696
-0.002646
-0.020162
0.001568
-0.002383
-0.033822
0.006485
-0.031452
0.020412
-0.023956
-0.036207
0.019205
-0.005099
-0.032796
-0.001409
-0.008746
-0.016357
0.001658
-0.041289
0.010738
-0.009501
-0.004446
-0.021929
-0.027647
0.020250
-0.005573
-0.065862
0.035196
-0.007908
-0.037099
0.011334
-0.056563
0.057271
-0.086445
0.087426
-0.187323
0.243152
-0.230741
0.094500
-0.064519
0.027380
-0.010273
-0.049215
0.012186
-0.003276
-0.021057
-0.036152
0.033366
-0.057808
0.010890
-0.025012
-0.013442
0.002994
-0.011709
-0.031334
-0.013420
0.021966
-0.048423
-0.000046
-0.031791
0.026509
-0.045036
-0.012823
-0.006367
-0.006316
-0.026174
-0.020834
0.006449
-0.012804
-0.010874
-0.038539
-0.008236
0.010144
-0.022614
-0.050518
0.015935
0.004047
-0.040315
-0.014692
-0.007361
-0.018937
-0.008859
-0.026476
-0.003096
-0.018538
-0.002740
-0.045180
0.002430
-0.007120
-0.013012
-0.045137
0.006511
-0.003057
-0.023968
-0.049263
0.013766
0.000205
0.004302
-0.173584
0.196621
-0.106914
-0.026120
-0.056186
-0.018793
0.018025
-0.009615
-0.051937
-0.009237
0.019693
-0.072650
0.023775
-0.050739
-0.014949
-0.009837
-0.021073
-0.026755
-0.010669
-0.023628
-0.022573
-0.023149
-0.024964
0.007600
-0.061735
0.002490
-0.011108
-0.044066
-0.016980
-0.010042
-0.021042
-0.024528
-0.034100
-0.008334
-0.009492
-0.053420
0.003314
-0.037422
-0.014509
-0.024380
-0.027063
-0.026623
-0.003040
-0.048127
-0.009073
-0.027689
-0.021756
-0.016445
-0.055512
0.004478
-0.024804
-0.035828
-0.025618
-0.019622
-0.027092
-0.010617
-0.060203
-0.009769
0.002393
-0.075302
0.004758
-0.033771
-0.001324
-0.123210
0.171915
-0.290686
0.193723
-0.331677
1.008404
-2.335281
2.600713
