0.008009
0.007050
0.005670
0.004116
0.002622
0.001370
0.000450
-0.000130
-0.000433
-0.000552
-0.000583
-0.000598
-0.000642
-0.000728
-0.000850
-0.000991
-0.001136
-0.001270
-0.001388
-0.001488
-0.001573
-0.001646
-0.001713
-0.001775
-0.001834
-0.001892
-0.001946
-0.001996
-0.002041
-0.002082
-0.002118
-0.002152
-0.002186
-0.002224
-0.002271
-0.002329
-0.002399
-0.002482
-0.002574
-0.002670
-0.002765
-0.002850
-0.002916
-0.002948
-0.002916
-0.002766
-0.002382
-0.001542
0.000165
0.003448
0.009455
0.019914
0.037233
0.064480
0.105164
0.162736
0.239820
0.337248
0.453124
0.582212
0.715951
0.843285
0.952274
1.032173
1.075493
1.079463
1.046494
0.983517
0.900401
0.807933
0.715888
0.631654
0.559622
0.501317
0.456050
0.421795
0.396023
0.376325
0.360761
0.347964
0.337089
0.327667
0.319459
0.312331
0.306177
0.300881
0.296308
0.292315
0.288761
0.285523
0.282499
0.279614
0.276816
0.274073
0.271367
0.268686
0.266025
0.263378
0.260739
0.258104
0.255467
0.252821
0.250161
0.247485
0.244789
0.242076
0.239347
0.236609
0.233870
0.231138
0.228425
0.225744
0.223104
0.220514
0.217978
0.215495
0.213059
0.210659
0.208286
0.205934
0.203602
0.201297
0.199032
0.196819
0.194671
0.192592
0.190577
0.188619
0.186705
0.184824
0.182968
0.181136
0.179330
0.177553
0.175812
0.174107
0.172439
0.170803
0.169191
0.167591
0.165985
0.164349
0.162656
0.160877
0.158987
0.156970
0.154829
0.152586
0.150285
0.147991
0.145776
0.143713
0.141857
0.140241
0.138864
0.137698
0.136689
0.135770
0.134872
0.133937
0.132923
0.131809
0.130592
0.129289
0.127926
0.126534
0.125144
0.123780
0.122460
0.121191
0.119973
0.118799
0.117660
0.116548
0.115454
0.114375
0.113311
0.112263
0.111235
0.110227
0.109241
0.108272
0.107315
0.106366
0.105420
0.104474
0.103526
0.102576
0.101624
0.100669
0.099711
0.098752
0.097796
0.096849
0.095921
0.095022
0.094161
0.093342
0.092565
0.091824
0.091110
0.090413
0.089723
0.089034
0.088340
0.087641
0.086936
0.086228
0.085519
0.084815
0.084122
0.083448
0.082798
0.082174
0.081574
0.080990
0.080414
0.079831
0.079234
0.078617
0.077982
0.077334
0.076684
0.076042
0.075418
0.074817
0.074245
0.073704
0.073190
0.072703
0.072237
0.071784
0.071340
0.070896
0.070447
0.069987
0.069516
0.069030
0.068531
0.068019
0.067497
0.066968
0.066437
0.065911
0.065397
0.064904
0.064435
0.063994
0.063577
0.063180
0.062792
0.062404
0.062006
0.061591
0.061155
0.060701
0.060232
0.059758
0.059288
0.058833
0.058400
0.057996
0.057619
0.057266
0.056930
0.056601
0.056273
0.055939
0.055593
0.055234
0.054858
0.054464
0.054050
0.053615
0.053162
0.052695
0.052220
0.051745
0.051277
0.050824
0.050390
0.049981
0.049595
0.049234
0.048895
0.048575
0.048270
0.047976
0.047690
0.047407
0.047128
0.046852
0.046577
0.046302
0.046024
0.045739
0.045441
0.045126
0.044791
0.044438
0.044068
0.043688
0.043304
0.042922
0.042547
0.042183
0.041832
0.041495
0.041169
0.040853
0.040542
0.040233
0.039923
0.039609
0.039293
0.038979
0.038673
0.038381
0.038110
0.037865
0.037647
0.037456
0.037288
0.037134
0.036988
0.036840
0.036681
0.036503
0.036302
0.036075
0.035821
0.035544
0.035249
0.034943
0.034633
0.034324
0.034021
0.033728
0.033447
0.033179
0.032924
0.032681
0.032450
0.032228
0.032011
0.031799
0.031589
0.031382
0.031176
0.030972
0.030769
0.030564
0.030357
0.030148
0.029939
0.029734
0.029538
0.029356
0.029190
0.029040
0.028903
0.028772
0.028640
0.028503
0.028354
0.028190
0.028012
0.027819
0.027612
0.027397
0.027178
0.026965
0.026765
0.026587
0.026436
0.026315
0.026220
0.026145
0.026084
0.026030
0.025975
0.025918
0.025855
0.025786
0.025709
0.025624
0.025529
0.025424
0.025307
0.025182
0.025050
0.024912
0.024770
0.024624
0.024474
0.024323
0.024170
0.024020
0.023878
0.023748
0.023634
0.023538
0.023458
0.023388
0.023322
0.023249
0.023161
0.023055
0.022931
0.022793
0.022652
0.022516
0.022395
0.022294
0.022214
0.022149
0.022094
0.022040
0.021982
0.021917
0.021844
0.021766
0.021683
0.021597
0.021508
0.021415
0.021317
0.021212
0.021102
0.020987
0.020870
0.020753
0.020636
0.020519
0.020403
0.020289
0.020178
0.020072
0.019974
0.019884
0.019802
0.019728
0.019659
0.019594
0.019530
0.019466
0.019401
0.019336
0.019270
0.019207
0.019148
0.019096
0.019056
0.019028
0.019014
0.019012
0.019022
0.019043
0.019074
0.019115
0.019165
0.019223
0.019281
0.019332
0.019362
0.019363
0.019328
0.019255
0.019151
0.019024
0.018886
0.018746
0.018607
0.018470
0.018334
0.018195
0.018052
0.017905
0.017757
0.017611
0.017471
0.017340
0.017223
0.017122
0.017041
0.016983
0.016950
0.016941
0.016952
0.016976
0.017006
0.017031
0.017042
0.017033
0.017001
0.016943
0.016862
0.016760
0.016641
0.016512
0.016377
0.016244
0.016120
0.016009
0.015917
0.015846
0.015799
0.015775
0.015773
0.015787
0.015814
0.015846
0.015880
0.015909
0.015933
0.015950
0.015961
0.015965
0.015965
0.015960
0.015952
0.015942
0.015932
0.015927
0.015926
0.015930
0.015934
0.015930
0.015911
0.015869
0.015801
0.015711
0.015607
0.015499
0.015400
0.015318
0.015258
0.015220
0.015199
0.015188
0.015178
0.015162
0.015135
0.015096
0.015047
0.014993
0.014939
0.014893
0.014856
0.014830
0.014810
0.014792
0.014767
0.014732
0.014685
0.014628
0.014568
0.014510
0.014461
0.014424
0.014398
0.014382
0.014372
0.014363
0.014351
0.014335
0.014314
0.014290
0.014264
0.014240
0.014219
0.014201
0.014188
0.014176
0.014164
0.014150
0.014132
0.014108
0.014082
0.014053
0.014025
0.013998
0.013972
0.013947
0.013920
0.013888
0.013853
0.013813
0.013771
0.013728
0.013686
0.013642
0.013595
0.013543
0.013485
0.013425
0.013368
0.013321
0.013293
0.013287
0.013304
0.013339
0.013384
0.013429
0.013465
0.013483
0.013482
0.013459
0.013418
0.013365
0.013307
0.013253
0.013209
0.013181
0.013169
0.013170
0.013179
0.013187
0.013186
0.013171
0.013138
0.013089
0.013027
0.012959
0.012889
0.012824
0.012767
0.012723
0.012692
0.012674
0.012666
0.012664
0.012665
0.012664
0.012660
0.012652
0.012643
0.012632
0.012623
0.012614
0.012605
0.012594
0.012580
0.012562
0.012540
0.012516
0.012491
0.012468
0.012446
0.012426
0.012409
0.012394
0.012379
0.012364
0.012345
0.012321
0.012290
0.012251
0.012206
0.012161
0.012119
0.012087
0.012066
0.012056
0.012051
0.012047
0.012038
0.012018
0.011988
0.011950
0.011907
0.011864
0.011824
0.011790
0.011761
0.011736
0.011714
0.011694
0.011674
0.011654
0.011637
0.011624
0.011617
0.011619
0.011632
0.011656
0.011688
0.011726
0.011763
0.011793
0.011813
0.011819
0.011812
0.011794
0.011767
0.011735
0.011702
0.011671
0.011645
0.011628
0.011620
0.011623
0.011633
0.011648
0.011665
0.011679
0.011687
0.011689
0.011684
0.011669
0.011646
0.011613
0.011569
0.011515
0.011456
0.011393
0.011334
0.011282
0.011240
0.011208
0.011184
0.011166
0.011151
0.011138
0.011131
0.011129
0.011137
0.011155
0.011183
0.011220
0.011262
0.011305
0.011344
0.011375
0.011392
0.011394
0.011380
0.011349
0.011307
0.011259
0.011211
0.011168
0.011137
0.011119
0.011120
0.011140
0.011185
0.011260
0.011372
0.011525
0.011721
0.011955
0.012214
0.012476
0.012717
0.012908
0.013029
0.013064
0.013014
0.012886
0.012701
0.012482
0.012251
0.012026
0.011817
0.011630
0.011461
0.011308
0.011165
0.011031
0.010909
0.010802
0.010715
0.010652
0.010613
0.010595
0.010592
0.010596
0.010599
0.010597
0.010585
0.010565
0.010538
0.010506
0.010473
0.010442
0.010415
0.010394
0.010381
0.010375
0.010373
0.010373
0.010372
0.010368
0.010361
0.010351
0.010341
0.010331
0.010323
0.010314
0.010304
0.010289
0.010267
0.010239
0.010205
0.010167
0.010128
0.010091
0.010056
0.010026
0.010002
0.009984
0.009975
0.009972
0.009975
0.009978
0.009977
0.009964
0.009937
0.009891
0.009828
0.009752
0.009668
0.009583
0.009502
0.009429
0.009364
0.009306
0.009253
0.009203
0.009156
0.009111
0.009067
0.009026
0.008988
0.008951
0.008914
0.008877
0.008839
0.008799
0.008757
0.008713
0.008668
0.008625
0.008584
0.008548
0.008519
0.008497
0.008483
0.008478
0.008483
0.008499
0.008528
0.008572
0.008630
0.008700
0.008778
0.008855
0.008923
0.008973
0.008997
0.008991
0.008953
0.008886
0.008793
0.008682
0.008561
0.008439
0.008324
0.008223
0.008141
0.008080
0.008037
0.008006
0.007981
0.007952
0.007914
0.007862
0.007795
0.007715
0.007627
0.007538
0.007451
0.007371
0.007301
0.007240
0.007186
0.007137
0.007089
0.007040
0.006988
0.006933
0.006876
0.006818
0.006762
0.006708
0.006655
0.006602
0.006550
0.006498
0.006447
0.006401
0.006361
0.006327
0.006297
0.006270
0.006238
0.006197
0.006142
0.006072
0.005988
0.005895
0.005797
0.005703
0.005621
0.005557
0.005516
0.005500
0.005508
0.005535
0.005574
0.005613
0.005642
0.005650
0.005629
0.005578
0.005499
0.005399
0.005288
0.005179
0.005084
0.005011
0.004966
0.004948
0.004952
0.004970
0.004991
0.005006
0.005007
0.004990
0.004956
0.004905
0.004839
0.004758
0.004661
0.004541
0.004387
0.004188
0.003929
0.003599
0.003192
0.002713
0.002180
0.001625
0.001092
0.000628
0.000276
0.000062
-0.000009
0.000041
0.000173
0.000338
0.000489
0.000591
0.000625
0.000593
0.000507
0.000386
0.000250
0.000114
-0.000014
-0.000130
-0.000235
-0.000331
-0.000423
-0.000512
-0.000603
-0.000699
-0.000801
-0.000911
-0.001031
-0.001159
-0.001295
-0.001436
-0.001581
-0.001727
-0.001873
-0.002016
-0.002154
-0.002287
-0.002416
-0.002541
-0.002665
-0.002792
-0.002923
-0.003061
-0.003205
-0.003353
-0.003501
-0.003645
-0.003783
-0.003914
-0.004037
-0.004156
-0.004274
-0.004394
-0.004518
-0.004645
-0.004768
-0.004874
-0.004940
-0.004931
-0.004798
-0.004482
-0.003915
-0.003037
-0.001812
-0.000246
0.001588
0.003544
0.005417
0.006975
0.008002
0.008357
