-0.856096
0.137971
-0.208863
-0.005071
0.084435
-0.057017
-0.068933
-0.014811
0.076441
-0.178721
0.182156
-0.158251
-0.018110
0.034702
-0.031361
-0.031045
-0.023802
-0.032923
-0.002410
0.017352
-0.108986
0.064272
-0.079278
-0.017530
0.044544
-0.086708
-0.009460
-0.009856
-0.007234
-0.047048
-0.006696
-0.030156
-0.012888
-0.017430
-0.039617
-0.000167
-0.049252
0.010557
-0.042866
-0.010025
-0.032199
-0.016195
-0.019313
-0.018546
-0.041597
0.011917
-0.051467
-0.014050
-0.008447
-0.050948
0.003399
-0.030913
-0.021948
-0.000308
-0.088385
0.018967
0.120362
-0.249182
-0.215793
0.781982
-0.243378
-2.072840
2.838210
3.378842
3.202721
1.930430
1.134190
0.464330
0.364487
0.037447
0.274206
0.460936
0.336920
0.575759
0.256011
0.113878
0.344976
0.424700
0.257375
0.226351
0.278233
0.231821
0.270643
0.172094
0.318882
0.159324
0.243410
0.275428
0.162020
0.180513
0.249355
0.265797
0.189995
0.216627
0.121047
0.241286
0.263522
0.108929
0.208527
0.173609
0.221240
0.170523
0.166642
0.155508
0.210418
0.181879
0.134604
0.179816
0.170824
0.164646
0.153010
0.169197
0.158920
0.150152
0.170508
0.154878
0.139692
0.135145
0.143134
0.153056
0.138612
0.121683
0.148796
0.151931
0.120745
0.131270
0.111032
0.158450
0.130855
0.088749
0.138394
0.136640
0.108984
0.132560
0.094835
0.125025
0.130521
0.097086
0.123247
0.109663
0.106845
0.117847
0.057301
0.169918
0.083977
0.049673
0.100554
0.115742
0.082633
0.094851
0.091119
0.088873
0.082818
0.089102
0.091144
0.086974
0.085014
0.078908
0.070807
0.104795
0.063164
0.058556
0.107426
0.062272
0.060599
0.097126
0.055822
0.082405
0.068752
0.062978
0.087206
0.067046
0.052145
0.070575
0.047295
0.101206
0.044377
0.034878
0.102153
0.054030
0.045450
0.060746
0.065631
0.060552
0.065449
0.027463
0.069927
0.070152
0.042918
0.043812
0.048596
0.075991
0.058602
0.025982
0.053427
0.063611
0.045353
0.039822
0.055161
0.042046
0.061280
0.016802
0.070050
0.052202
0.027797
0.031918
0.048806
0.063981
0.023469
0.021035
0.054627
0.058234
0.031416
0.030429
0.030714
0.057057
0.027997
0.034734
0.045962
0.037783
0.038911
0.016148
0.052530
0.037892
0.037358
0.004815
0.078144
0.005614
0.031210
0.028262
0.041405
0.023938
0.035759
0.005125
0.053845
0.033035
0.022418
0.013276
0.035032
0.034946
0.032473
-0.002626
0.048626
0.035729
0.010538
0.028105
0.024869
0.032507
0.009234
0.027868
0.040348
0.024217
0.032523
0.002270
0.007918
0.058219
0.014455
-0.022469
0.058007
0.037282
-0.001110
0.017740
0.020564
0.035086
0.021691
-0.000321
0.031958
0.031883
0.014941
0.006982
0.018648
0.036837
0.024022
-0.033347
0.053984
0.041800
-0.026900
0.011548
0.045057
0.019110
0.009164
-0.011407
0.040185
0.040601
-0.001959
-0.018637
0.033889
0.053319
-0.011321
-0.013067
0.039172
0.023802
-0.016878
0.034421
0.011089
-0.010028
0.034132
0.007946
0.006244
0.005994
0.011343
0.035021
-0.004610
-0.001098
0.007000
0.024266
0.029215
-0.015534
0.000133
0.031082
-0.002010
0.009701
-0.002480
0.019767
0.014157
-0.006904
0.021908
0.002403
0.007849
0.008009
0.013315
-0.014763
0.014389
0.015325
-0.006107
0.006287
0.000940
0.023618
-0.008593
-0.007545
0.027415
0.017855
-0.026063
0.011480
0.001431
0.028269
-0.008849
-0.039086
0.059880
0.008886
-0.031493
0.001767
0.019607
-0.001676
0.002474
-0.010809
0.017012
0.014696
-0.009886
0.000881
-0.016225
0.042127
-0.004804
-0.031401
0.026246
0.017616
-0.017515
0.003581
-0.006846
0.006304
0.006304
-0.021877
0.029795
-0.009407
0.000095
-0.005658
-0.005753
0.027149
-0.005532
-0.029126
0.015738
0.013882
-0.022248
0.009611
-0.021254
0.027324
-0.010698
-0.014298
0.033409
-0.011195
-0.004701
-0.007496
0.008294
0.007024
-0.014932
-0.025932
0.044167
-0.013248
-0.014775
0.005616
0.005924
0.003057
-0.014720
-0.004178
0.008297
-0.003041
-0.002928
-0.017191
0.004151
0.011686
-0.006204
-0.027702
0.026227
-0.001961
-0.019560
0.013065
-0.014788
0.007887
-0.009839
-0.005366
0.004944
-0.010450
0.012774
-0.032285
0.016244
-0.009852
0.017688
-0.032725
0.012348
0.005285
-0.020426
-0.016162
0.007214
0.003024
0.003009
-0.027778
0.003473
0.011757
-0.016922
-0.003704
-0.013112
0.020174
-0.008057
-0.035443
0.025973
0.003014
-0.016761
-0.013943
0.001250
0.011015
-0.011363
-0.020908
0.007171
0.004626
-0.007926
-0.027890
-0.004397
0.020094
0.005490
-0.045567
0.015952
0.014893
-0.020922
-0.013786
-0.010108
0.017043
-0.010912
-0.021176
0.000061
0.007489
-0.003165
-0.015108
-0.022148
0.028987
-0.015775
-0.039401
0.030185
0.008575
-0.032798
-0.008371
-0.000891
0.014897
-0.019162
-0.015325
0.008988
0.001408
-0.009915
-0.022746
-0.026584
0.046746
-0.016193
-0.033416
0.019076
-0.014728
-0.001513
-0.014134
-0.007573
0.000189
-0.006609
-0.008922
-0.005200
0.008210
-0.023246
0.001495
-0.014486
0.003471
-0.005816
-0.024548
0.005604
0.006110
-0.019585
-0.004964
-0.007651
-0.009592
-0.003418
-0.014555
0.009820
-0.006397
-0.014502
-0.015478
0.004355
-0.009761
-0.000780
-0.033681
0.028959
-0.004316
-0.038104
0.002466
0.000209
-0.001491
-0.021735
-0.007955
0.003756
-0.001196
-0.014183
-0.013854
-0.010540
0.018891
-0.020552
-0.033042
0.035197
-0.018425
-0.027621
0.007772
-0.007669
-0.003659
0.006021
-0.032304
0.015068
-0.014423
0.005726
-0.031739
-0.004493
0.006555
0.010164
-0.043651
0.008566
-0.002341
-0.005798
-0.015293
-0.011791
-0.000979
0.010669
-0.039879
0.006545
0.003813
-0.014545
-0.010271
-0.015590
0.005391
-0.004895
-0.030922
0.021808
-0.009465
-0.030586
0.006744
-0.008626
0.004818
-0.019549
-0.001065
-0.003098
-0.004753
-0.006934
-0.013508
-0.018582
0.020471
-0.016854
-0.028984
0.020032
-0.011161
-0.012441
-0.006972
-0.020501
0.015264
-0.014499
-0.009725
-0.006671
0.003017
-0.025945
0.003995
-0.023051
0.017968
-0.012446
-0.037708
0.022921
0.005109
-0.035193
-0.002560
-0.007505
-0.001041
-0.000126
-0.050554
0.028649
0.001134
-0.016409
-0.017834
-0.017384
0.025060
-0.016999
-0.038118
0.019992
0.000099
-0.029993
0.004952
0.004880
-0.034085
0.009501
-0.018565
-0.006239
0.010837
-0.014780
-0.016044
-0.019585
0.013472
-0.000215
-0.040545
0.019522
-0.005490
-0.030579
0.004149
-0.009617
0.002569
-0.023266
-0.013773
-0.003839
0.007568
-0.011214
-0.020834
-0.003766
0.010438
-0.016262
-0.035771
0.021619
-0.000946
-0.030634
-0.005023
-0.000854
-0.018780
-0.002282
-0.011681
0.003046
0.006533
-0.030620
-0.012182
-0.006079
-0.001695
0.003721
-0.039826
0.014455
0.005709
-0.034478
0.001641
-0.011429
0.003463
-0.016565
-0.023478
0.014692
-0.018757
0.013878
-0.040822
-0.000179
0.001303
0.007826
-0.057466
0.028075
-0.018534
-0.004391
-0.011605
-0.016971
0.006175
-0.007142
-0.012561
0.000280
-0.000629
-0.008317
-0.008378
-0.018922
0.014534
-0.006289
-0.043383
0.030170
-0.011068
-0.023956
0.006502
-0.022858
0.004972
-0.007358
-0.018366
-0.005762
0.005215
-0.016102
-0.015281
-0.009933
0.004112
-0.002739
-0.039756
0.014256
0.010956
-0.028170
-0.019348
0.004824
-0.018090
-0.001695
-0.010008
-0.011879
0.005777
-0.012103
-0.014029
-0.024457
0.020519
-0.017133
-0.027776
0.009597
-0.003811
-0.018274
-0.010592
-0.007466
-0.011769
-0.000724
-0.030408
0.017090
-0.012864
-0.007857
-0.020521
-0.008001
0.008893
-0.017030
-0.033514
0.018158
-0.011020
-0.020437
0.000429
-0.015921
-0.011865
0.002920
-0.030401
0.011291
-0.010201
-0.014827
-0.014488
-0.005004
-0.010041
-0.008007
-0.013298
-0.003401
-0.002709
-0.033068
0.008627
-0.013168
0.010656
-0.048477
0.014312
-0.008302
-0.005161
-0.015913
-0.009190
-0.009567
-0.001742
-0.007919
-0.038430
0.022022
-0.019228
-0.005396
-0.020583
0.002070
-0.015688
-0.001416
-0.025535
0.005974
-0.011186
-0.016866
-0.004662
-0.021995
0.016389
-0.019047
-0.041820
0.025367
-0.011334
-0.029266
-0.006265
-0.002988
-0.010452
-0.008117
-0.029464
0.009916
-0.008006
-0.014087
-0.022396
-0.012633
0.003923
0.001017
-0.048404
0.021605
-0.019715
-0.017480
0.001476
-0.020702
-0.003769
-0.020166
-0.012786
0.003822
-0.013698
-0.008407
-0.020961
-0.027041
0.023924
-0.020824
-0.044779
0.034542
-0.017981
-0.022783
-0.025258
0.011153
-0.023598
0.004209
-0.044898
0.023007
-0.023881
0.000483
-0.033835
-0.007426
0.006210
-0.015567
-0.039787
0.021952
-0.010002
-0.030026
-0.001558
-0.022256
0.003183
-0.024349
-0.016972
0.001796
-0.008548
-0.015886
-0.017117
-0.021551
0.021154
-0.030660
-0.040709
0.027018
-0.009880
-0.030713
-0.013421
-0.010157
-0.000094
-0.011530
-0.024406
-0.015753
0.009478
-0.023630
-0.016216
-0.023518
0.013994
-0.021507
-0.026120
0.003385
-0.008060
-0.035226
-0.002550
-0.009629
-0.011997
-0.010920
-0.026757
0.003864
-0.025092
-0.004080
-0.019924
-0.017159
0.014076
-0.028252
-0.039476
0.025863
-0.012929
-0.047024
0.015268
-0.041816
0.038422
-0.080982
0.071010
-0.164868
0.206521
-0.198830
0.072190
-0.053044
0.019575
-0.013684
-0.041584
0.010156
-0.011596
-0.009298
-0.034898
0.011553
-0.038624
-0.008954
-0.007249
-0.025681
0.008949
-0.028922
-0.005265
-0.032619
0.013492
-0.037601
-0.005662
-0.016645
-0.004639
-0.022200
-0.016667
-0.002868
-0.026240
-0.007510
-0.014745
0.006245
-0.001862
-0.031281
-0.009376
-0.016016
0.007425
-0.040122
-0.014872
0.000129
-0.005692
-0.039009
-0.008604
-0.001080
-0.025392
-0.013078
-0.021942
0.001217
-0.013305
-0.014219
-0.033122
-0.005840
0.002079
-0.027474
-0.027363
-0.009198
0.011199
-0.030303
-0.029902
-0.008788
0.017063
-0.021512
-0.120850
0.152903
-0.088033
-0.029094
-0.057406
-0.012922
0.000866
-0.010944
-0.041912
0.003848
-0.005033
-0.047130
0.012376
-0.051459
-0.014419
0.002071
-0.032906
-0.017791
-0.019324
-0.019245
-0.009067
-0.023479
-0.031519
-0.001261
-0.041733
-0.010789
0.005501
-0.050677
-0.006621
-0.026375
-0.008529
-0.028734
-0.022567
-0.016604
-0.015289
-0.027358
-0.013900
-0.026708
-0.020036
-0.013163
-0.041634
-0.004243
-0.016968
-0.035355
-0.016284
-0.018171
-0.034153
-0.008906
-0.028394
-0.021735
-0.023103
-0.015807
-0.024541
-0.033512
-0.018052
-0.019075
-0.034992
-0.010064
-0.015214
-0.046478
-0.002798
-0.039861
-0.005521
-0.096563
0.146090
-0.243570
0.144408
-0.252187
0.787776
-1.849251
2.054951
