0.002329
0.002069
0.001675
0.001219
0.000774
0.000393
0.000107
-0.000079
-0.000182
-0.000227
-0.000243
-0.000250
-0.000264
-0.000289
-0.000323
-0.000361
-0.000399
-0.000430
-0.000452
-0.000465
-0.000470
-0.000470
-0.000466
-0.000461
-0.000457
-0.000453
-0.000451
-0.000452
-0.000457
-0.000466
-0.000479
-0.000496
-0.000515
-0.000535
-0.000555
-0.000572
-0.000587
-0.000598
-0.000606
-0.000610
-0.000611
-0.000606
-0.000593
-0.000565
-0.000505
-0.000384
-0.000141
0.000336
0.001240
0.002895
0.005796
0.010657
0.018417
0.030201
0.047196
0.070430
0.100475
0.137124
0.179131
0.224110
0.268685
0.308909
0.340886
0.361480
0.368905
0.363065
0.345520
0.319121
0.287415
0.253976
0.221845
0.193179
0.169140
0.150004
0.135397
0.124570
0.116650
0.110816
0.106395
0.102894
0.099985
0.097468
0.095231
0.093210
0.091371
0.089686
0.088129
0.086672
0.085288
0.083951
0.082640
0.081343
0.080053
0.078769
0.077494
0.076231
0.074983
0.073750
0.072530
0.071323
0.070130
0.068956
0.067811
0.066707
0.065660
0.064685
0.063792
0.062986
0.062262
0.061605
0.060998
0.060417
0.059842
0.059256
0.058650
0.058020
0.057368
0.056697
0.056011
0.055310
0.054595
0.053862
0.053113
0.052347
0.051568
0.050778
0.049980
0.049176
0.048367
0.047553
0.046738
0.045929
0.045135
0.044368
0.043641
0.042964
0.042341
0.041770
0.041243
0.040749
0.040274
0.039806
0.039336
0.038859
0.038376
0.037887
0.037397
0.036909
0.036425
0.035945
0.035470
0.035001
0.034540
0.034089
0.033651
0.033232
0.032831
0.032448
0.032081
0.031724
0.031371
0.031016
0.030654
0.030279
0.029890
0.029488
0.029072
0.028650
0.028226
0.027807
0.027403
0.027017
0.026655
0.026317
0.026001
0.025702
0.025413
0.025126
0.024834
0.024530
0.024211
0.023876
0.023525
0.023161
0.022789
0.022418
0.022055
0.021709
0.021388
0.021095
0.020830
0.020590
0.020371
0.020165
0.019967
0.019775
0.019588
0.019407
0.019234
0.019071
0.018914
0.018762
0.018608
0.018445
0.018267
0.018065
0.017835
0.017573
0.017279
0.016955
0.016607
0.016246
0.015883
0.015530
0.015196
0.014888
0.014607
0.014354
0.014126
0.013920
0.013736
0.013569
0.013420
0.013283
0.013156
0.013033
0.012912
0.012789
0.012666
0.012544
0.012427
0.012318
0.012218
0.012129
0.012051
0.011982
0.011920
0.011864
0.011810
0.011756
0.011699
0.011636
0.011566
0.011489
0.011404
0.011313
0.011215
0.011110
0.010996
0.010873
0.010742
0.010603
0.010459
0.010313
0.010166
0.010018
0.009867
0.009708
0.009538
0.009353
0.009152
0.008937
0.008713
0.008486
0.008264
0.008053
0.007858
0.007682
0.007529
0.007397
0.007288
0.007200
0.007131
0.007080
0.007045
0.007025
0.007017
0.007023
0.007042
0.007073
0.007116
0.007166
0.007218
0.007265
0.007296
0.007304
0.007281
0.007223
0.007131
0.007011
0.006872
0.006725
0.006582
0.006449
0.006331
0.006228
0.006135
0.006047
0.005954
0.005851
0.005733
0.005599
0.005452
0.005299
0.005149
0.005012
0.004895
0.004802
0.004734
0.004684
0.004645
0.004605
0.004554
0.004484
0.004391
0.004275
0.004141
0.003996
0.003853
0.003724
0.003619
0.003548
0.003514
0.003518
0.003553
0.003609
0.003675
0.003737
0.003785
0.003810
0.003807
0.003775
0.003719
0.003643
0.003553
0.003457
0.003359
0.003262
0.003170
0.003081
0.002996
0.002915
0.002836
0.002761
0.002691
0.002628
0.002573
0.002527
0.002490
0.002462
0.002441
0.002424
0.002410
0.002396
0.002380
0.002360
0.002335
0.002306
0.002273
0.002236
0.002198
0.002160
0.002123
0.002088
0.002055
0.002022
0.001985
0.001942
0.001890
0.001829
0.001763
0.001697
0.001639
0.001596
0.001573
0.001572
0.001589
0.001617
0.001647
0.001671
0.001683
0.001680
0.001663
0.001636
0.001603
0.001569
0.001535
0.001502
0.001472
0.001442
0.001413
0.001384
0.001358
0.001336
0.001322
0.001319
0.001331
0.001360
0.001406
0.001468
0.001541
0.001617
0.001687
0.001743
0.001777
0.001784
0.001760
0.001707
0.001627
0.001524
0.001404
0.001271
0.001130
0.000988
0.000850
0.000723
0.000613
0.000525
0.000463
0.000431
0.000428
0.000450
0.000493
0.000548
0.000607
0.000663
0.000708
0.000739
0.000756
0.000759
0.000753
0.000740
0.000722
0.000701
0.000675
0.000643
0.000604
0.000558
0.000506
0.000450
0.000393
0.000340
0.000294
0.000260
0.000238
0.000229
0.000230
0.000239
0.000253
0.000268
0.000283
0.000297
0.000311
0.000324
0.000336
0.000347
0.000355
0.000362
0.000370
0.000380
0.000398
0.000423
0.000455
0.000489
0.000518
0.000532
0.000526
0.000495
0.000439
0.000364
0.000278
0.000189
0.000105
0.000032
-0.000026
-0.000070
-0.000101
-0.000125
-0.000142
-0.000157
-0.000171
-0.000184
-0.000196
-0.000205
-0.000211
-0.000212
-0.000211
-0.000210
-0.000211
-0.000217
-0.000229
-0.000249
-0.000274
-0.000301
-0.000328
-0.000351
-0.000369
-0.000381
-0.000388
-0.000390
-0.000388
-0.000383
-0.000377
-0.000368
-0.000358
-0.000347
-0.000335
-0.000320
-0.000304
-0.000285
-0.000263
-0.000238
-0.000209
-0.000175
-0.000137
-0.000095
-0.000050
-0.000004
0.000039
0.000079
0.000111
0.000136
0.000153
0.000160
0.000156
0.000140
0.000111
0.000069
0.000013
-0.000054
-0.000128
-0.000205
-0.000278
-0.000342
-0.000394
-0.000432
-0.000457
-0.000471
-0.000479
-0.000484
-0.000490
-0.000498
-0.000509
-0.000520
-0.000530
-0.000535
-0.000533
-0.000526
-0.000514
-0.000501
-0.000489
-0.000482
-0.000482
-0.000487
-0.000495
-0.000505
-0.000512
-0.000515
-0.000513
-0.000507
-0.000499
-0.000491
-0.000482
-0.000474
-0.000466
-0.000456
-0.000445
-0.000432
-0.000417
-0.000402
-0.000387
-0.000375
-0.000367
-0.000364
-0.000368
-0.000376
-0.000387
-0.000398
-0.000405
-0.000404
-0.000393
-0.000373
-0.000346
-0.000316
-0.000289
-0.000272
-0.000267
-0.000277
-0.000301
-0.000336
-0.000375
-0.000415
-0.000450
-0.000475
-0.000487
-0.000486
-0.000474
-0.000451
-0.000424
-0.000396
-0.000374
-0.000360
-0.000358
-0.000368
-0.000387
-0.000412
-0.000438
-0.000459
-0.000473
-0.000477
-0.000473
-0.000462
-0.000450
-0.000441
-0.000436
-0.000436
-0.000439
-0.000442
-0.000443
-0.000439
-0.000431
-0.000421
-0.000412
-0.000405
-0.000403
-0.000404
-0.000405
-0.000405
-0.000401
-0.000392
-0.000381
-0.000370
-0.000360
-0.000352
-0.000347
-0.000343
-0.000339
-0.000333
-0.000327
-0.000322
-0.000320
-0.000323
-0.000330
-0.000340
-0.000352
-0.000362
-0.000368
-0.000370
-0.000370
-0.000366
-0.000362
-0.000358
-0.000352
-0.000343
-0.000330
-0.000311
-0.000288
-0.000261
-0.000233
-0.000204
-0.000176
-0.000151
-0.000128
-0.000108
-0.000093
-0.000081
-0.000075
-0.000076
-0.000085
-0.000100
-0.000120
-0.000143
-0.000166
-0.000186
-0.000201
-0.000210
-0.000213
-0.000212
-0.000208
-0.000202
-0.000197
-0.000193
-0.000192
-0.000192
-0.000195
-0.000199
-0.000202
-0.000200
-0.000191
-0.000171
-0.000138
-0.000095
-0.000043
0.000009
0.000056
0.000090
0.000107
0.000106
0.000090
0.000066
0.000042
0.000024
0.000018
0.000025
0.000044
0.000071
0.000100
0.000128
0.000151
0.000168
0.000180
0.000190
0.000200
0.000213
0.000232
0.000257
0.000285
0.000313
0.000336
0.000351
0.000357
0.000352
0.000342
0.000329
0.000320
0.000317
0.000322
0.000335
0.000355
0.000379
0.000405
0.000429
0.000449
0.000464
0.000472
0.000472
0.000466
0.000453
0.000436
0.000419
0.000404
0.000394
0.000389
0.000389
0.000393
0.000396
0.000399
0.000399
0.000399
0.000402
0.000411
0.000429
0.000458
0.000495
0.000536
0.000578
0.000614
0.000641
0.000656
0.000657
0.000645
0.000621
0.000588
0.000547
0.000502
0.000458
0.000418
0.000385
0.000360
0.000342
0.000329
0.000318
0.000308
0.000300
0.000294
0.000293
0.000298
0.000312
0.000333
0.000359
0.000388
0.000415
0.000438
0.000455
0.000464
0.000468
0.000466
0.000461
0.000454
0.000448
0.000443
0.000441
0.000446
0.000458
0.000482
0.000519
0.000570
0.000634
0.000708
0.000784
0.000856
0.000916
0.000957
0.000978
0.000978
0.000961
0.000934
0.000903
0.000873
0.000850
0.000837
0.000835
0.000844
0.000862
0.000886
0.000911
0.000931
0.000939
0.000933
0.000910
0.000874
0.000830
0.000785
0.000746
0.000715
0.000695
0.000681
0.000670
0.000655
0.000634
0.000605
0.000572
0.000538
0.000510
0.000493
0.000488
0.000497
0.000516
0.000543
0.000571
0.000598
0.000620
0.000637
0.000647
0.000649
0.000645
0.000634
0.000619
0.000602
0.000586
0.000576
0.000574
0.000582
0.000602
0.000631
0.000668
0.000712
0.000759
0.000810
0.000864
0.000919
0.000973
0.001021
0.001056
0.001072
0.001067
0.001038
0.000988
0.000923
0.000850
0.000779
0.000715
0.000663
0.000627
0.000605
0.000596
0.000595
0.000597
0.000598
0.000594
0.000583
0.000566
0.000545
0.000525
0.000508
0.000498
0.000494
0.000497
0.000503
0.000508
0.000510
0.000506
0.000499
0.000489
0.000480
0.000475
0.000475
0.000479
0.000486
0.000494
0.000501
0.000504
0.000505
0.000503
0.000500
0.000497
0.000495
0.000495
0.000494
0.000492
0.000488
0.000480
0.000469
0.000456
0.000443
0.000432
0.000427
0.000429
0.000437
0.000450
0.000466
0.000480
0.000490
0.000494
0.000491
0.000484
0.000475
0.000467
0.000463
0.000464
0.000471
0.000483
0.000500
0.000517
0.000533
0.000543
0.000546
0.000541
0.000525
0.000501
0.000468
0.000429
0.000385
0.000338
0.000289
0.000238
0.000182
0.000118
0.000043
-0.000048
-0.000155
-0.000276
-0.000404
-0.000529
-0.000638
-0.000721
-0.000770
-0.000783
-0.000766
-0.000728
-0.000683
-0.000644
-0.000620
-0.000616
-0.000629
-0.000656
-0.000687
-0.000716
-0.000737
-0.000749
-0.000752
-0.000752
-0.000753
-0.000760
-0.000776
-0.000801
-0.000834
-0.000870
-0.000905
-0.000936
-0.000960
-0.000979
-0.000994
-0.001006
-0.001017
-0.001029
-0.001042
-0.001056
-0.001072
-0.001092
-0.001116
-0.001146
-0.001184
-0.001228
-0.001277
-0.001331
-0.001386
-0.001443
-0.001499
-0.001555
-0.001609
-0.001662
-0.001711
-0.001754
-0.001788
-0.001813
-0.001830
-0.001840
-0.001846
-0.001850
-0.001850
-0.001835
-0.001793
-0.001701
-0.001535
-0.001272
-0.000898
-0.000411
0.000166
0.000788
0.001391
0.001902
0.002253
0.002399
