-0.214889
0.038315
-0.034376
-0.000327
0.021567
-0.002143
-0.015041
0.004406
0.025093
-0.041737
0.057267
-0.033892
-0.003726
0.011412
0.011367
-0.008014
0.003219
-0.010385
0.019122
-0.005154
-0.016393
0.025740
-0.010249
-0.004282
0.016620
-0.013331
0.005908
0.004194
0.001772
0.000663
-0.004148
0.002036
0.001862
0.013237
-0.012711
0.002660
-0.003363
0.009522
-0.002631
0.005101
-0.002734
-0.002765
0.008427
0.000094
-0.003150
0.006397
-0.005572
0.008981
-0.000531
-0.009517
0.016805
-0.011815
0.009157
-0.000422
-0.000644
-0.014056
0.069247
-0.087161
0.007411
0.077187
0.193840
-0.589211
1.349848
0.857811
0.054876
0.257877
0.216899
0.145309
0.066289
0.070846
0.043991
0.079885
0.065916
0.151750
-0.030316
0.023246
0.183371
0.019630
0.017941
0.069278
0.076195
0.041359
0.061118
0.032278
0.087900
0.021924
0.040932
0.095746
0.005852
0.043909
0.089013
0.034219
0.025633
0.065017
0.028168
0.048405
0.068520
0.015380
0.037702
0.051689
0.055320
0.025109
0.033653
0.044226
0.050551
0.019246
0.046749
0.041556
0.029996
0.041794
0.030798
0.036723
0.031983
0.031936
0.035627
0.024626
0.038568
0.040451
0.011577
0.032045
0.039445
0.034326
0.014698
0.040008
0.033006
0.022525
0.022237
0.046909
0.012531
0.021237
0.042932
0.022312
0.016304
0.036752
0.018314
0.026169
0.025157
0.020087
0.024251
0.026350
0.018915
0.027573
0.012207
0.032184
0.027439
0.012178
0.028339
0.020241
0.017929
0.015662
0.025354
0.016256
0.030084
0.003373
0.024228
0.017741
0.022839
0.013941
0.017138
0.024091
0.010429
0.016824
0.024652
0.008403
0.014893
0.022274
0.023289
0.006293
0.015010
0.014190
0.027625
0.009418
0.011225
0.018700
0.002918
0.030988
0.008314
0.010945
0.019831
0.003950
0.013706
0.017826
0.005298
0.017562
0.023088
-0.004618
0.023214
0.011865
0.007303
0.012198
0.010456
0.025456
-0.004781
0.007801
0.011556
0.029665
-0.008350
0.020016
0.002542
0.012147
0.011503
0.008428
0.011747
0.010225
0.007996
0.010428
0.013041
0.010134
0.010304
-0.003103
0.016797
0.014583
0.001062
0.010079
0.007305
0.005486
0.007738
0.011920
0.010892
0.008714
0.000465
0.011433
0.004709
0.014321
0.001642
0.001669
0.018380
0.001409
0.005305
0.008224
0.009293
0.002825
0.005426
0.005157
0.010756
0.012325
0.001553
0.002920
0.006148
0.013762
0.000236
0.003742
0.011000
0.005791
-0.000301
0.009316
0.000784
0.006393
0.005023
0.007315
0.009003
-0.003879
0.009057
0.005152
0.004764
0.006131
0.002838
-0.001835
0.015990
-0.000782
0.001706
0.002883
0.007237
0.000117
0.011703
-0.000304
-0.003436
0.016030
0.007436
-0.006617
0.001123
0.017362
-0.009913
0.000537
0.019975
-0.005801
0.001971
0.005814
0.010330
-0.002025
-0.000229
0.003384
0.007187
0.003008
0.010141
-0.006307
0.009643
-0.000236
0.002487
-0.003712
0.014925
-0.004732
0.008166
-0.004485
0.005444
-0.003669
0.008745
0.001101
0.012929
-0.014640
0.008871
0.005670
-0.001176
0.006748
-0.000800
0.004502
0.007306
-0.001357
-0.003907
0.001834
0.005304
0.010557
-0.009761
0.006393
-0.000851
0.004355
0.007259
-0.008024
0.005589
0.011332
-0.011763
-0.004488
0.023128
-0.007102
-0.010105
0.011855
0.006317
-0.001877
-0.008593
0.010056
0.005350
-0.004035
-0.002681
0.005115
-0.001375
0.004886
0.004525
-0.012083
0.018958
-0.011026
0.001002
0.001825
0.000710
0.004527
-0.003451
-0.005524
0.016093
-0.003694
-0.004194
-0.000519
0.006431
0.001440
-0.004036
-0.004146
0.021601
-0.014697
-0.000240
0.000205
0.007254
-0.002778
-0.001974
-0.001299
0.007585
-0.000187
-0.003028
-0.005908
0.000398
0.016183
-0.006809
-0.012327
0.018835
-0.001517
-0.015340
0.016570
-0.007843
0.008291
-0.008386
-0.003594
0.015981
-0.011162
0.004550
-0.000789
-0.001179
0.000652
0.006207
-0.010161
0.005076
0.004694
-0.008642
0.011354
-0.008947
-0.001684
0.011528
-0.015724
0.013867
-0.000692
-0.001674
-0.010871
0.008991
0.007280
-0.003972
-0.012472
0.017577
-0.001041
-0.009207
0.003772
-0.003821
0.005406
-0.007070
0.003473
0.003699
-0.002659
0.003532
-0.005158
-0.002851
0.012395
-0.014126
-0.000248
0.009913
-0.003228
-0.007423
0.004952
-0.002193
0.000332
0.003283
-0.003785
0.003048
-0.001142
0.000135
-0.001405
-0.002438
0.003492
0.000238
-0.010751
0.015420
-0.003026
-0.013769
0.009321
-0.000303
-0.001524
0.003121
-0.009356
0.002153
0.015423
-0.017351
0.005935
-0.009790
0.012488
-0.005965
-0.005982
0.009442
0.000068
-0.008804
0.002157
-0.002926
0.005028
-0.003624
0.001431
0.002315
-0.003013
-0.004841
0.002166
0.000731
0.002539
-0.000643
-0.008621
0.009760
-0.003189
-0.003892
0.002807
-0.000121
-0.001346
0.002502
-0.006438
0.002717
-0.000036
0.000860
-0.002914
-0.006035
0.015126
-0.009199
-0.009002
0.013848
-0.004557
-0.009023
0.006577
0.003052
-0.009233
0.004358
-0.006287
0.014332
-0.014911
0.000345
0.007413
-0.008570
0.008940
-0.009904
-0.003240
0.006689
0.004818
-0.011346
0.002273
0.001256
0.005267
-0.009461
-0.001734
-0.001332
0.009351
-0.002495
-0.006568
-0.003066
0.014646
-0.014353
0.000049
0.014402
-0.008443
-0.013030
0.011655
-0.000749
-0.003191
-0.000952
-0.003115
0.005819
0.001890
-0.004205
-0.004762
-0.005721
0.017355
-0.010107
-0.009702
0.015692
-0.005701
-0.008053
0.006786
-0.002710
-0.007133
0.010166
-0.010626
0.006380
0.003267
-0.014302
0.010327
-0.006238
0.007144
-0.006417
-0.005977
0.003515
0.007388
-0.013279
0.004373
-0.002513
0.002914
-0.000539
-0.004538
0.008809
-0.009406
0.008569
-0.008283
0.004713
-0.002827
-0.002926
-0.008747
0.019633
-0.001304
-0.018574
0.012187
-0.001636
0.002852
-0.008119
-0.001140
0.004419
0.001050
-0.001776
-0.003726
0.001996
-0.002477
0.007120
-0.011413
0.013260
-0.003303
-0.006413
0.001388
-0.000555
0.001850
-0.006641
0.000687
0.006701
-0.002429
-0.001854
0.000813
-0.007922
0.015500
-0.012145
-0.005571
0.016810
-0.007510
-0.006070
0.004321
-0.001961
0.001857
-0.001634
-0.004634
0.001738
0.004070
0.000713
-0.006294
-0.005223
0.010764
-0.003493
-0.008597
0.014099
-0.007711
-0.005737
0.005864
0.002385
-0.008329
0.003301
-0.001160
0.004134
0.000986
-0.005371
-0.000118
-0.002001
0.006985
-0.003147
-0.009738
0.020452
-0.010982
-0.008617
0.006651
-0.001561
0.004455
-0.003493
-0.005698
0.008803
-0.003787
-0.006995
0.006958
-0.002894
0.008142
-0.005829
-0.011040
0.017418
-0.004889
-0.008868
0.010819
-0.007344
-0.000939
0.005269
-0.007056
0.010872
-0.008332
0.001576
-0.000702
-0.003482
0.010980
-0.008034
-0.000788
0.008974
-0.004283
-0.011726
0.015918
-0.007075
0.001193
-0.007702
0.005036
0.005953
-0.006633
-0.002870
0.001760
0.002279
0.006802
-0.008346
-0.006496
0.014325
-0.006030
-0.003183
0.001312
0.001563
0.002232
0.004337
-0.005143
0.004182
-0.000138
-0.002701
0.003370
-0.009377
0.015224
-0.012771
0.003954
0.008428
-0.002996
-0.008489
0.009779
-0.000585
-0.007025
0.009069
-0.011210
0.009473
0.002394
-0.006356
-0.004901
0.001760
0.016036
-0.008855
-0.013498
0.014974
0.005738
-0.010398
0.000634
0.000915
0.002330
0.002535
-0.009014
0.010525
-0.003019
-0.001165
-0.000169
-0.002626
0.009174
-0.001224
-0.014501
0.015276
0.002373
-0.011812
0.001906
0.004797
0.004235
-0.012847
0.005956
-0.001032
0.010541
-0.009102
0.004049
0.001395
0.007935
-0.004117
-0.006479
0.008913
-0.004258
-0.002668
0.005568
-0.001516
-0.001443
0.001424
-0.000797
0.004908
-0.002625
0.000022
0.000256
-0.004860
0.016631
-0.013963
-0.002987
0.014978
0.000295
-0.011448
0.003937
0.004288
-0.000581
-0.002127
-0.000732
0.008102
-0.013478
0.011652
-0.002703
-0.004683
0.008787
-0.002503
-0.005093
0.010879
-0.010785
0.003227
0.004110
-0.000626
0.001447
-0.004973
0.000918
0.003471
0.008503
-0.009790
0.001997
-0.004464
0.013826
-0.007346
-0.008693
0.015990
-0.000260
-0.014019
0.008473
0.005278
0.000156
-0.002712
0.000049
0.014541
-0.009988
0.004264
-0.005300
0.006307
0.000140
0.007125
-0.011151
0.008511
0.001859
-0.004161
0.003582
-0.006799
0.011178
-0.004696
-0.001814
0.009673
-0.008041
0.005694
-0.008117
0.008730
-0.001004
-0.000209
-0.002836
0.012747
-0.007848
-0.002827
-0.000903
0.013268
-0.011302
0.004716
0.003666
-0.006389
0.010913
-0.005750
-0.003501
0.001917
0.004675
0.004086
-0.003535
-0.001905
0.009847
-0.007288
-0.000478
0.001132
0.005121
0.002518
-0.007595
0.010467
-0.000979
-0.003615
-0.000851
-0.002365
0.015783
-0.012931
-0.006818
0.024334
-0.011415
-0.005589
0.005776
0.000529
0.002774
-0.001026
-0.003100
0.009914
-0.006431
0.003028
-0.001666
0.004957
0.003666
-0.000868
-0.011200
0.018034
-0.008820
-0.001047
0.003259
0.002939
-0.002814
0.010331
-0.013016
0.012182
-0.008655
0.006621
-0.002890
-0.001847
0.016152
-0.013362
0.000391
0.007530
0.000664
-0.010653
0.019684
-0.022212
0.020064
-0.013352
0.018816
-0.033629
0.049098
-0.040079
0.021050
-0.009157
0.011324
-0.003253
-0.005518
0.015679
-0.001633
-0.004393
0.009422
-0.002071
-0.002397
0.005019
-0.001049
0.007204
0.000136
-0.009736
0.004047
0.003380
0.012916
-0.019392
0.008902
0.006124
-0.001129
-0.004946
0.003756
0.006639
-0.013308
0.012223
-0.004082
0.007863
-0.007108
0.006925
-0.002739
-0.000245
0.006701
-0.000977
-0.006235
0.013188
0.001177
0.001358
0.003148
0.004888
-0.000926
0.001296
-0.000940
0.007301
-0.007138
0.010152
-0.005954
0.003507
0.008690
-0.010924
0.009113
0.001868
0.001793
0.001455
-0.010632
0.013240
-0.004079
0.017328
-0.048279
0.076608
-0.042363
-0.014298
0.022075
-0.007152
0.008050
-0.007328
-0.002086
0.013435
-0.002262
-0.014108
0.015941
-0.006730
0.001419
0.011712
-0.022196
0.017613
-0.010305
0.008905
-0.002878
0.001362
-0.003898
0.012460
-0.015215
0.009235
0.003318
-0.009234
0.005988
0.006718
-0.009705
0.005876
-0.004813
0.006881
-0.000618
-0.005982
0.004517
0.005699
-0.007245
0.005195
-0.008072
0.007675
0.002773
-0.009088
0.007286
-0.004549
0.001772
-0.001689
0.003533
-0.003859
0.002143
-0.004536
0.005249
-0.001629
-0.003249
0.008168
-0.008253
-0.002838
0.016795
-0.021653
0.015634
-0.007309
0.006591
-0.021856
0.041221
-0.052838
0.043061
-0.060387
0.209498
-0.462946
0.526133
