0.006967
0.006113
0.004879
0.003485
0.002146
0.001024
0.000205
-0.000306
-0.000561
-0.000645
-0.000644
-0.000624
-0.000626
-0.000666
-0.000741
-0.000838
-0.000943
-0.001046
-0.001139
-0.001218
-0.001284
-0.001337
-0.001381
-0.001418
-0.001453
-0.001489
-0.001531
-0.001580
-0.001640
-0.001709
-0.001785
-0.001865
-0.001944
-0.002017
-0.002080
-0.002130
-0.002166
-0.002190
-0.002206
-0.002219
-0.002234
-0.002253
-0.002276
-0.002293
-0.002287
-0.002214
-0.001995
-0.001477
-0.000383
0.001759
0.005700
0.012566
0.023903
0.041650
0.067972
0.104914
0.153885
0.215043
0.286742
0.365220
0.444743
0.518276
0.578622
0.619791
0.638235
0.633599
0.608746
0.569065
0.521255
0.471945
0.426525
0.388447
0.359080
0.338033
0.323771
0.314273
0.307589
0.302192
0.297104
0.291868
0.286414
0.280893
0.275535
0.270546
0.266055
0.262098
0.258641
0.255600
0.252874
0.250370
0.248012
0.245751
0.243560
0.241425
0.239344
0.237312
0.235325
0.233375
0.231450
0.229541
0.227640
0.225745
0.223854
0.221971
0.220100
0.218249
0.216422
0.214624
0.212855
0.211114
0.209398
0.207703
0.206024
0.204357
0.202701
0.201054
0.199419
0.197797
0.196188
0.194595
0.193016
0.191450
0.189892
0.188335
0.186769
0.185184
0.183569
0.181916
0.180222
0.178488
0.176723
0.174942
0.173162
0.171400
0.169673
0.167992
0.166361
0.164780
0.163241
0.161732
0.160237
0.158739
0.157221
0.155673
0.154087
0.152467
0.150821
0.149165
0.147517
0.145895
0.144312
0.142776
0.141288
0.139843
0.138433
0.137050
0.135682
0.134320
0.132955
0.131580
0.130192
0.128790
0.127376
0.125956
0.124541
0.123140
0.121763
0.120417
0.119106
0.117830
0.116587
0.115374
0.114184
0.113015
0.111862
0.110725
0.109603
0.108496
0.107406
0.106332
0.105274
0.104228
0.103189
0.102152
0.101111
0.100062
0.099007
0.097950
0.096898
0.095863
0.094852
0.093872
0.092922
0.092001
0.091099
0.090209
0.089322
0.088431
0.087533
0.086629
0.085722
0.084817
0.083923
0.083045
0.082189
0.081359
0.080557
0.079779
0.079020
0.078274
0.077531
0.076786
0.076036
0.075279
0.074520
0.073764
0.073016
0.072281
0.071559
0.070850
0.070149
0.069452
0.068752
0.068046
0.067328
0.066598
0.065859
0.065116
0.064376
0.063648
0.062938
0.062253
0.061594
0.060963
0.060358
0.059780
0.059227
0.058702
0.058206
0.057738
0.057299
0.056882
0.056484
0.056097
0.055712
0.055324
0.054927
0.054516
0.054091
0.053650
0.053193
0.052723
0.052239
0.051746
0.051244
0.050738
0.050233
0.049732
0.049243
0.048769
0.048315
0.047882
0.047468
0.047068
0.046674
0.046277
0.045868
0.045443
0.044998
0.044533
0.044053
0.043564
0.043073
0.042589
0.042116
0.041659
0.041219
0.040794
0.040383
0.039983
0.039595
0.039219
0.038856
0.038511
0.038184
0.037873
0.037573
0.037277
0.036976
0.036663
0.036337
0.036000
0.035661
0.035332
0.035024
0.034744
0.034495
0.034272
0.034064
0.033859
0.033645
0.033411
0.033151
0.032864
0.032551
0.032220
0.031878
0.031536
0.031205
0.030895
0.030611
0.030357
0.030130
0.029923
0.029726
0.029529
0.029323
0.029103
0.028864
0.028611
0.028347
0.028081
0.027820
0.027570
0.027338
0.027122
0.026920
0.026727
0.026535
0.026337
0.026128
0.025905
0.025671
0.025428
0.025179
0.024931
0.024686
0.024449
0.024223
0.024011
0.023817
0.023642
0.023484
0.023338
0.023198
0.023057
0.022907
0.022744
0.022568
0.022379
0.022180
0.021975
0.021764
0.021548
0.021328
0.021106
0.020885
0.020669
0.020466
0.020279
0.020114
0.019969
0.019843
0.019731
0.019625
0.019519
0.019407
0.019285
0.019154
0.019017
0.018881
0.018752
0.018637
0.018536
0.018450
0.018373
0.018298
0.018219
0.018132
0.018035
0.017928
0.017813
0.017694
0.017571
0.017447
0.017320
0.017191
0.017061
0.016930
0.016801
0.016677
0.016558
0.016444
0.016337
0.016234
0.016133
0.016033
0.015934
0.015835
0.015738
0.015643
0.015553
0.015468
0.015388
0.015311
0.015235
0.015155
0.015068
0.014973
0.014870
0.014759
0.014644
0.014527
0.014413
0.014305
0.014204
0.014111
0.014030
0.013959
0.013901
0.013854
0.013819
0.013794
0.013777
0.013764
0.013753
0.013740
0.013721
0.013693
0.013652
0.013594
0.013520
0.013428
0.013323
0.013210
0.013096
0.012988
0.012891
0.012807
0.012737
0.012676
0.012623
0.012573
0.012528
0.012487
0.012451
0.012421
0.012395
0.012371
0.012343
0.012306
0.012257
0.012194
0.012117
0.012030
0.011941
0.011857
0.011787
0.011740
0.011720
0.011730
0.011765
0.011817
0.011873
0.011918
0.011940
0.011929
0.011884
0.011809
0.011713
0.011609
0.011508
0.011417
0.011338
0.011270
0.011208
0.011146
0.011078
0.011005
0.010927
0.010850
0.010780
0.010723
0.010684
0.010662
0.010656
0.010660
0.010668
0.010672
0.010667
0.010650
0.010618
0.010574
0.010520
0.010463
0.010406
0.010354
0.010310
0.010277
0.010255
0.010241
0.010233
0.010226
0.010215
0.010198
0.010172
0.010136
0.010092
0.010041
0.009984
0.009926
0.009867
0.009811
0.009761
0.009721
0.009693
0.009680
0.009681
0.009693
0.009711
0.009729
0.009742
0.009750
0.009752
0.009751
0.009750
0.009749
0.009748
0.009745
0.009738
0.009722
0.009699
0.009669
0.009636
0.009601
0.009569
0.009542
0.009519
0.009498
0.009478
0.009455
0.009425
0.009388
0.009342
0.009289
0.009233
0.009179
0.009131
0.009093
0.009067
0.009052
0.009046
0.009046
0.009048
0.009050
0.009050
0.009046
0.009039
0.009028
0.009013
0.008993
0.008967
0.008936
0.008902
0.008867
0.008834
0.008805
0.008782
0.008768
0.008764
0.008769
0.008782
0.008803
0.008825
0.008846
0.008859
0.008860
0.008846
0.008816
0.008776
0.008729
0.008682
0.008643
0.008614
0.008599
0.008596
0.008602
0.008613
0.008622
0.008626
0.008622
0.008610
0.008591
0.008568
0.008547
0.008530
0.008520
0.008519
0.008524
0.008531
0.008537
0.008535
0.008522
0.008498
0.008462
0.008417
0.008368
0.008317
0.008268
0.008223
0.008182
0.008148
0.008122
0.008105
0.008097
0.008100
0.008112
0.008133
0.008159
0.008188
0.008217
0.008243
0.008261
0.008267
0.008260
0.008238
0.008203
0.008158
0.008109
0.008062
0.008021
0.007990
0.007971
0.007962
0.007962
0.007968
0.007976
0.007983
0.007988
0.007989
0.007987
0.007985
0.007985
0.007991
0.008004
0.008023
0.008045
0.008066
0.008081
0.008085
0.008078
0.008059
0.008031
0.007998
0.007961
0.007924
0.007886
0.007849
0.007812
0.007778
0.007748
0.007724
0.007707
0.007698
0.007694
0.007695
0.007698
0.007702
0.007706
0.007708
0.007708
0.007705
0.007697
0.007685
0.007668
0.007647
0.007627
0.007608
0.007594
0.007586
0.007584
0.007587
0.007592
0.007599
0.007606
0.007610
0.007611
0.007606
0.007595
0.007579
0.007557
0.007534
0.007512
0.007495
0.007487
0.007487
0.007497
0.007514
0.007536
0.007560
0.007583
0.007602
0.007616
0.007622
0.007621
0.007613
0.007599
0.007581
0.007563
0.007547
0.007535
0.007528
0.007526
0.007526
0.007527
0.007523
0.007511
0.007490
0.007460
0.007423
0.007383
0.007347
0.007321
0.007310
0.007318
0.007344
0.007387
0.007440
0.007498
0.007554
0.007604
0.007643
0.007670
0.007685
0.007689
0.007682
0.007667
0.007646
0.007622
0.007596
0.007572
0.007552
0.007537
0.007529
0.007528
0.007533
0.007545
0.007564
0.007593
0.007635
0.007692
0.007764
0.007850
0.007943
0.008034
0.008113
0.008168
0.008191
0.008176
0.008125
0.008042
0.007937
0.007822
0.007710
0.007612
0.007536
0.007486
0.007459
0.007449
0.007449
0.007449
0.007443
0.007427
0.007400
0.007366
0.007326
0.007287
0.007251
0.007221
0.007198
0.007181
0.007169
0.007160
0.007154
0.007149
0.007144
0.007141
0.007137
0.007133
0.007128
0.007118
0.007106
0.007092
0.007077
0.007066
0.007060
0.007060
0.007063
0.007065
0.007060
0.007044
0.007014
0.006974
0.006926
0.006878
0.006836
0.006803
0.006781
0.006769
0.006761
0.006753
0.006742
0.006726
0.006702
0.006674
0.006641
0.006607
0.006572
0.006538
0.006505
0.006474
0.006445
0.006418
0.006394
0.006376
0.006363
0.006357
0.006357
0.006360
0.006364
0.006363
0.006353
0.006332
0.006300
0.006257
0.006209
0.006160
0.006115
0.006079
0.006052
0.006037
0.006032
0.006035
0.006043
0.006053
0.006063
0.006072
0.006079
0.006083
0.006084
0.006083
0.006080
0.006076
0.006071
0.006065
0.006059
0.006054
0.006049
0.006046
0.006045
0.006042
0.006033
0.006015
0.005984
0.005937
0.005876
0.005805
0.005730
0.005659
0.005598
0.005550
0.005516
0.005492
0.005475
0.005459
0.005441
0.005417
0.005387
0.005350
0.005307
0.005258
0.005206
0.005151
0.005096
0.005040
0.004986
0.004932
0.004880
0.004830
0.004783
0.004742
0.004706
0.004679
0.004658
0.004641
0.004625
0.004604
0.004573
0.004531
0.004476
0.004415
0.004351
0.004293
0.004245
0.004213
0.004196
0.004191
0.004192
0.004191
0.004182
0.004160
0.004122
0.004068
0.004005
0.003936
0.003871
0.003815
0.003771
0.003743
0.003727
0.003720
0.003714
0.003703
0.003681
0.003644
0.003591
0.003527
0.003457
0.003391
0.003334
0.003293
0.003269
0.003259
0.003257
0.003256
0.003248
0.003228
0.003191
0.003140
0.003077
0.003008
0.002938
0.002871
0.002809
0.002750
0.002688
0.002613
0.002513
0.002374
0.002184
0.001933
0.001624
0.001269
0.000893
0.000530
0.000218
-0.000014
-0.000147
-0.000184
-0.000144
-0.000061
0.000028
0.000091
0.000109
0.000074
-0.000005
-0.000115
-0.000239
-0.000362
-0.000475
-0.000578
-0.000671
-0.000759
-0.000848
-0.000941
-0.001040
-0.001144
-0.001248
-0.001350
-0.001445
-0.001530
-0.001607
-0.001677
-0.001747
-0.001822
-0.001909
-0.002010
-0.002127
-0.002257
-0.002396
-0.002539
-0.002680
-0.002815
-0.002943
-0.003062
-0.003175
-0.003282
-0.003385
-0.003486
-0.003586
-0.003687
-0.003790
-0.003894
-0.003998
-0.004100
-0.004197
-0.004290
-0.004377
-0.004456
-0.004523
-0.004563
-0.004550
-0.004443
-0.004185
-0.003711
-0.002959
-0.001891
-0.000507
0.001130
0.002888
0.004581
0.005996
0.006935
0.007268
