0.001184
0.001027
0.000791
0.000524
0.000271
0.000067
-0.000071
-0.000143
-0.000164
-0.000152
-0.000128
-0.000109
-0.000102
-0.000110
-0.000129
-0.000155
-0.000181
-0.000202
-0.000215
-0.000219
-0.000216
-0.000207
-0.000194
-0.000180
-0.000168
-0.000159
-0.000156
-0.000158
-0.000167
-0.000181
-0.000197
-0.000213
-0.000225
-0.000231
-0.000230
-0.000223
-0.000211
-0.000198
-0.000185
-0.000172
-0.000161
-0.000149
-0.000132
-0.000103
-0.000049
0.000053
0.000251
0.000627
0.001324
0.002566
0.004688
0.008151
0.013532
0.021485
0.032650
0.047509
0.066221
0.088449
0.113246
0.139053
0.163836
0.185359
0.201556
0.210902
0.212699
0.207196
0.195505
0.179358
0.160754
0.141615
0.123504
0.107479
0.094065
0.083338
0.075056
0.068807
0.064135
0.060621
0.057924
0.055797
0.054068
0.052628
0.051404
0.050344
0.049409
0.048564
0.047776
0.047021
0.046276
0.045528
0.044772
0.044007
0.043239
0.042475
0.041722
0.040987
0.040274
0.039586
0.038925
0.038291
0.037684
0.037101
0.036541
0.036000
0.035477
0.034971
0.034480
0.034005
0.033546
0.033100
0.032662
0.032227
0.031786
0.031334
0.030864
0.030376
0.029873
0.029362
0.028855
0.028363
0.027897
0.027466
0.027070
0.026708
0.026372
0.026051
0.025735
0.025414
0.025082
0.024740
0.024388
0.024032
0.023680
0.023336
0.023003
0.022685
0.022380
0.022087
0.021805
0.021534
0.021275
0.021028
0.020795
0.020574
0.020361
0.020153
0.019941
0.019719
0.019480
0.019218
0.018934
0.018629
0.018310
0.017985
0.017664
0.017355
0.017061
0.016781
0.016511
0.016242
0.015966
0.015678
0.015376
0.015064
0.014754
0.014456
0.014185
0.013949
0.013753
0.013595
0.013466
0.013354
0.013246
0.013131
0.013000
0.012850
0.012680
0.012492
0.012290
0.012080
0.011868
0.011659
0.011460
0.011276
0.011108
0.010955
0.010814
0.010680
0.010547
0.010412
0.010272
0.010129
0.009982
0.009835
0.009690
0.009545
0.009400
0.009253
0.009100
0.008941
0.008776
0.008606
0.008434
0.008264
0.008099
0.007941
0.007790
0.007645
0.007505
0.007369
0.007236
0.007104
0.006976
0.006850
0.006730
0.006616
0.006508
0.006406
0.006310
0.006221
0.006138
0.006061
0.005990
0.005924
0.005859
0.005793
0.005721
0.005639
0.005546
0.005440
0.005322
0.005193
0.005056
0.004915
0.004774
0.004639
0.004515
0.004408
0.004322
0.004260
0.004221
0.004203
0.004200
0.004206
0.004212
0.004213
0.004202
0.004178
0.004141
0.004093
0.004037
0.003973
0.003905
0.003834
0.003759
0.003683
0.003606
0.003531
0.003461
0.003398
0.003342
0.003293
0.003250
0.003209
0.003168
0.003126
0.003078
0.003024
0.002962
0.002891
0.002811
0.002724
0.002630
0.002532
0.002434
0.002339
0.002250
0.002171
0.002105
0.002053
0.002017
0.001992
0.001976
0.001964
0.001950
0.001931
0.001904
0.001868
0.001825
0.001777
0.001726
0.001675
0.001625
0.001578
0.001533
0.001488
0.001443
0.001395
0.001343
0.001284
0.001218
0.001146
0.001069
0.000989
0.000909
0.000832
0.000760
0.000695
0.000639
0.000591
0.000550
0.000514
0.000483
0.000457
0.000434
0.000417
0.000405
0.000401
0.000402
0.000409
0.000419
0.000427
0.000431
0.000427
0.000413
0.000390
0.000360
0.000326
0.000291
0.000258
0.000229
0.000203
0.000178
0.000150
0.000116
0.000077
0.000035
-0.000005
-0.000038
-0.000059
-0.000066
-0.000062
-0.000051
-0.000042
-0.000041
-0.000054
-0.000085
-0.000132
-0.000192
-0.000256
-0.000320
-0.000376
-0.000421
-0.000454
-0.000476
-0.000488
-0.000495
-0.000497
-0.000496
-0.000493
-0.000488
-0.000480
-0.000471
-0.000463
-0.000457
-0.000456
-0.000463
-0.000479
-0.000502
-0.000532
-0.000562
-0.000589
-0.000610
-0.000623
-0.000629
-0.000631
-0.000634
-0.000640
-0.000652
-0.000667
-0.000682
-0.000690
-0.000686
-0.000666
-0.000628
-0.000576
-0.000513
-0.000446
-0.000384
-0.000334
-0.000302
-0.000291
-0.000302
-0.000332
-0.000376
-0.000429
-0.000486
-0.000540
-0.000588
-0.000628
-0.000660
-0.000683
-0.000698
-0.000709
-0.000716
-0.000722
-0.000729
-0.000739
-0.000753
-0.000772
-0.000798
-0.000828
-0.000862
-0.000898
-0.000931
-0.000958
-0.000977
-0.000985
-0.000982
-0.000970
-0.000951
-0.000928
-0.000906
-0.000887
-0.000874
-0.000871
-0.000877
-0.000895
-0.000922
-0.000957
-0.000997
-0.001037
-0.001072
-0.001098
-0.001111
-0.001113
-0.001104
-0.001091
-0.001080
-0.001076
-0.001084
-0.001106
-0.001139
-0.001182
-0.001228
-0.001271
-0.001308
-0.001334
-0.001352
-0.001361
-0.001367
-0.001372
-0.001379
-0.001389
-0.001399
-0.001408
-0.001413
-0.001411
-0.001403
-0.001390
-0.001377
-0.001365
-0.001358
-0.001357
-0.001361
-0.001367
-0.001374
-0.001379
-0.001383
-0.001388
-0.001396
-0.001408
-0.001426
-0.001449
-0.001473
-0.001496
-0.001514
-0.001525
-0.001527
-0.001521
-0.001511
-0.001498
-0.001485
-0.001475
-0.001467
-0.001463
-0.001459
-0.001456
-0.001451
-0.001443
-0.001432
-0.001419
-0.001405
-0.001394
-0.001388
-0.001392
-0.001407
-0.001431
-0.001462
-0.001494
-0.001522
-0.001540
-0.001546
-0.001539
-0.001520
-0.001493
-0.001462
-0.001431
-0.001404
-0.001384
-0.001372
-0.001368
-0.001373
-0.001382
-0.001393
-0.001404
-0.001411
-0.001415
-0.001415
-0.001414
-0.001414
-0.001417
-0.001423
-0.001434
-0.001450
-0.001468
-0.001489
-0.001511
-0.001535
-0.001563
-0.001593
-0.001626
-0.001659
-0.001690
-0.001713
-0.001726
-0.001726
-0.001716
-0.001697
-0.001673
-0.001648
-0.001624
-0.001602
-0.001581
-0.001559
-0.001536
-0.001511
-0.001483
-0.001454
-0.001426
-0.001401
-0.001380
-0.001363
-0.001350
-0.001336
-0.001318
-0.001289
-0.001245
-0.001182
-0.001100
-0.001001
-0.000892
-0.000782
-0.000682
-0.000599
-0.000542
-0.000514
-0.000515
-0.000541
-0.000586
-0.000643
-0.000705
-0.000769
-0.000829
-0.000885
-0.000934
-0.000978
-0.001016
-0.001049
-0.001079
-0.001107
-0.001134
-0.001161
-0.001188
-0.001215
-0.001240
-0.001264
-0.001283
-0.001295
-0.001299
-0.001293
-0.001278
-0.001255
-0.001227
-0.001197
-0.001168
-0.001142
-0.001123
-0.001110
-0.001103
-0.001100
-0.001098
-0.001094
-0.001087
-0.001076
-0.001062
-0.001045
-0.001031
-0.001020
-0.001013
-0.001012
-0.001013
-0.001015
-0.001015
-0.001012
-0.001007
-0.000999
-0.000991
-0.000982
-0.000972
-0.000958
-0.000938
-0.000911
-0.000875
-0.000835
-0.000795
-0.000761
-0.000736
-0.000726
-0.000731
-0.000752
-0.000786
-0.000832
-0.000886
-0.000946
-0.001007
-0.001065
-0.001117
-0.001159
-0.001186
-0.001197
-0.001193
-0.001176
-0.001149
-0.001118
-0.001086
-0.001058
-0.001036
-0.001022
-0.001015
-0.001014
-0.001017
-0.001022
-0.001030
-0.001039
-0.001050
-0.001063
-0.001076
-0.001087
-0.001092
-0.001091
-0.001082
-0.001065
-0.001043
-0.001021
-0.001002
-0.000989
-0.000987
-0.000995
-0.001013
-0.001040
-0.001073
-0.001110
-0.001148
-0.001183
-0.001214
-0.001238
-0.001253
-0.001258
-0.001253
-0.001238
-0.001217
-0.001193
-0.001173
-0.001159
-0.001156
-0.001164
-0.001180
-0.001201
-0.001221
-0.001236
-0.001241
-0.001234
-0.001214
-0.001180
-0.001132
-0.001075
-0.001011
-0.000946
-0.000887
-0.000839
-0.000806
-0.000787
-0.000781
-0.000782
-0.000783
-0.000778
-0.000763
-0.000741
-0.000715
-0.000696
-0.000692
-0.000709
-0.000750
-0.000809
-0.000876
-0.000937
-0.000977
-0.000984
-0.000951
-0.000880
-0.000775
-0.000651
-0.000519
-0.000396
-0.000293
-0.000220
-0.000179
-0.000171
-0.000191
-0.000231
-0.000283
-0.000338
-0.000386
-0.000422
-0.000441
-0.000440
-0.000422
-0.000388
-0.000344
-0.000298
-0.000256
-0.000225
-0.000211
-0.000214
-0.000233
-0.000265
-0.000303
-0.000342
-0.000378
-0.000409
-0.000435
-0.000459
-0.000484
-0.000513
-0.000547
-0.000586
-0.000627
-0.000666
-0.000701
-0.000729
-0.000749
-0.000760
-0.000764
-0.000761
-0.000754
-0.000745
-0.000736
-0.000728
-0.000724
-0.000723
-0.000726
-0.000730
-0.000734
-0.000734
-0.000728
-0.000716
-0.000699
-0.000678
-0.000656
-0.000638
-0.000627
-0.000626
-0.000635
-0.000653
-0.000678
-0.000704
-0.000728
-0.000746
-0.000757
-0.000761
-0.000760
-0.000756
-0.000753
-0.000752
-0.000754
-0.000757
-0.000760
-0.000761
-0.000762
-0.000763
-0.000764
-0.000770
-0.000779
-0.000791
-0.000803
-0.000813
-0.000816
-0.000811
-0.000797
-0.000777
-0.000753
-0.000731
-0.000714
-0.000705
-0.000708
-0.000722
-0.000749
-0.000786
-0.000830
-0.000879
-0.000928
-0.000971
-0.001005
-0.001026
-0.001031
-0.001019
-0.000992
-0.000954
-0.000908
-0.000861
-0.000819
-0.000787
-0.000767
-0.000760
-0.000765
-0.000778
-0.000793
-0.000807
-0.000817
-0.000820
-0.000816
-0.000806
-0.000791
-0.000774
-0.000755
-0.000739
-0.000726
-0.000718
-0.000718
-0.000725
-0.000739
-0.000756
-0.000774
-0.000790
-0.000802
-0.000810
-0.000813
-0.000816
-0.000819
-0.000825
-0.000836
-0.000851
-0.000868
-0.000884
-0.000894
-0.000895
-0.000884
-0.000859
-0.000821
-0.000770
-0.000709
-0.000643
-0.000575
-0.000512
-0.000461
-0.000428
-0.000416
-0.000429
-0.000463
-0.000517
-0.000582
-0.000653
-0.000722
-0.000786
-0.000840
-0.000883
-0.000914
-0.000933
-0.000938
-0.000928
-0.000902
-0.000861
-0.000806
-0.000742
-0.000673
-0.000605
-0.000544
-0.000494
-0.000459
-0.000440
-0.000437
-0.000449
-0.000474
-0.000509
-0.000549
-0.000593
-0.000636
-0.000675
-0.000710
-0.000739
-0.000764
-0.000785
-0.000804
-0.000820
-0.000830
-0.000834
-0.000829
-0.000816
-0.000795
-0.000772
-0.000749
-0.000732
-0.000724
-0.000723
-0.000730
-0.000740
-0.000751
-0.000759
-0.000763
-0.000764
-0.000760
-0.000753
-0.000741
-0.000719
-0.000684
-0.000627
-0.000542
-0.000423
-0.000267
-0.000080
0.000130
0.000345
0.000544
0.000705
0.000806
0.000832
0.000777
0.000643
0.000443
0.000198
-0.000069
-0.000331
-0.000564
-0.000748
-0.000868
-0.000915
-0.000889
-0.000790
-0.000627
-0.000410
-0.000154
0.000122
0.000396
0.000645
0.000844
0.000975
0.001026
0.000994
0.000888
0.000725
0.000527
0.000318
0.000118
-0.000058
-0.000203
-0.000315
-0.000398
-0.000456
-0.000496
-0.000524
-0.000545
-0.000564
-0.000584
-0.000610
-0.000644
-0.000687
-0.000737
-0.000792
-0.000847
-0.000900
-0.000946
-0.000982
-0.001009
-0.001029
-0.001045
-0.001059
-0.001075
-0.001095
-0.001117
-0.001143
-0.001170
-0.001198
-0.001226
-0.001255
-0.001287
-0.001322
-0.001362
-0.001405
-0.001448
-0.001484
-0.001504
-0.001497
-0.001447
-0.001341
-0.001165
-0.000915
-0.000592
-0.000213
0.000191
0.000579
0.000906
0.001130
0.001225
