-0.765682
0.148906
-0.200436
0.036345
0.040007
-0.025573
-0.052137
-0.007093
0.076826
-0.167953
0.193918
-0.143167
-0.019230
0.050883
-0.028612
-0.027921
0.005073
-0.032114
-0.007710
0.039842
-0.095798
0.062417
-0.054791
-0.014291
0.040549
-0.059629
-0.004638
-0.008399
-0.003428
-0.021587
-0.008506
-0.015166
-0.001385
-0.017245
-0.020331
0.005058
-0.035536
0.013831
-0.022639
-0.019945
-0.000845
-0.019365
0.001054
-0.032716
-0.014530
0.005626
-0.023444
-0.017868
0.020892
-0.068229
0.039755
-0.040605
-0.009945
0.007276
-0.043691
-0.053631
0.203555
-0.260762
-0.139905
0.438736
0.471069
-2.605397
2.579545
3.155392
1.827610
0.988711
0.405667
0.270815
-0.002119
-0.154891
0.069896
0.460249
0.184423
0.571992
0.318474
0.133174
0.379517
0.439041
0.270899
0.207530
0.284369
0.227414
0.299475
0.174342
0.332799
0.210757
0.201755
0.322970
0.207864
0.150807
0.274293
0.298476
0.192937
0.238065
0.168299
0.248181
0.302960
0.139574
0.216886
0.214821
0.233313
0.215459
0.201106
0.186004
0.254116
0.185716
0.195839
0.193263
0.219560
0.186750
0.189332
0.216374
0.186630
0.152870
0.229362
0.192493
0.164970
0.173599
0.182318
0.204731
0.185672
0.136075
0.203719
0.173165
0.176246
0.182483
0.127603
0.196667
0.192300
0.118370
0.198713
0.150790
0.164713
0.149273
0.164321
0.134372
0.173595
0.136995
0.177939
0.136291
0.143284
0.147139
0.116393
0.192320
0.120915
0.128822
0.164902
0.149253
0.103207
0.157596
0.116509
0.138763
0.136292
0.120417
0.125831
0.132663
0.124692
0.125309
0.094814
0.169823
0.094408
0.102345
0.135684
0.118595
0.084220
0.148875
0.085555
0.111925
0.126321
0.099559
0.077759
0.091775
0.087934
0.141099
0.075054
0.131997
0.088722
0.076266
0.137502
0.087101
0.085088
0.083837
0.106804
0.087497
0.087597
0.058406
0.129711
0.067170
0.101000
0.064590
0.069038
0.124917
0.058815
0.066577
0.103225
0.100493
0.023390
0.112121
0.070678
0.090865
0.064239
0.062305
0.087839
0.079565
0.070673
0.043169
0.084080
0.087254
0.077693
0.012679
0.108070
0.079485
0.054415
0.053523
0.087099
0.054542
0.079147
0.036311
0.077209
0.079745
0.049763
0.054697
0.054607
0.092316
0.046551
0.035834
0.074371
0.061510
0.065494
0.023464
0.088123
0.038533
0.068494
0.016804
0.102929
0.030519
0.063823
0.029833
0.066116
0.054122
0.038031
0.033511
0.088741
0.044153
0.022167
0.057830
0.064521
0.050609
0.038544
0.029348
0.063710
0.053326
0.038529
0.032819
0.044714
0.079124
0.023489
0.015377
0.069673
0.066579
0.025013
0.030128
0.041259
0.041654
0.062329
0.014768
0.034737
0.062677
0.034794
0.026247
0.036124
0.052002
0.057377
-0.019570
0.079456
0.052425
-0.008266
0.052336
0.033855
0.041843
0.027327
0.016538
0.045770
0.055266
0.019489
0.029847
0.012396
0.082482
0.001947
0.008989
0.046179
0.065987
-0.024516
0.059214
0.001948
0.069188
0.024382
0.005537
0.025487
0.057681
0.001532
0.036385
-0.000050
0.069206
0.023208
-0.005587
0.061051
0.031414
-0.008720
0.036670
0.039662
0.014785
0.035303
-0.002783
0.060543
0.010790
0.034179
-0.001045
0.033977
0.039375
0.016127
-0.004547
0.057198
0.019592
0.014911
0.011681
0.040001
0.018910
0.010415
0.024179
0.023309
0.019979
0.011314
0.044878
-0.026093
0.067948
0.001107
-0.005018
0.041621
0.041761
-0.017879
0.019867
0.016533
0.039811
0.013304
-0.009181
0.043804
0.030126
-0.004392
0.013750
0.006684
0.055552
0.008813
-0.033412
0.063848
0.021754
-0.003385
0.008426
0.026805
0.026422
0.017493
-0.005286
0.027811
0.007339
0.025687
0.012492
-0.001958
0.038904
0.022058
-0.031205
0.049071
0.022136
-0.017086
0.030491
0.008011
0.023379
0.018182
-0.010870
0.031672
0.024961
0.006841
-0.012543
0.028246
0.027914
0.004028
-0.013791
0.032092
0.021999
-0.000563
0.015441
-0.003814
0.032132
0.017362
-0.003010
-0.008003
0.034336
0.018529
-0.004311
-0.019654
0.063290
-0.005547
-0.013378
0.031456
0.000669
0.016875
0.008290
-0.004206
0.023754
0.000766
0.001134
0.027012
0.020935
-0.011419
-0.002241
0.014316
0.038976
-0.016924
-0.011132
0.037654
0.024315
-0.035060
0.021338
0.017713
0.015612
-0.007758
0.005794
0.011039
0.033628
-0.011907
-0.015637
0.019111
0.038160
-0.005157
-0.026101
0.038648
0.013175
-0.018884
0.011460
0.017430
0.015275
-0.007044
-0.013566
0.044987
-0.003307
0.001486
-0.010929
0.011779
0.040224
-0.019995
-0.027231
0.059538
0.001812
-0.002276
-0.029795
0.036036
0.011317
-0.001517
-0.018613
0.030406
0.014278
-0.006566
0.004507
-0.014791
0.036033
-0.002546
-0.004450
0.005057
0.031389
-0.026339
0.011905
-0.006910
0.027730
0.000158
-0.014332
0.020245
0.018939
-0.007812
-0.006394
-0.005430
0.038693
0.007334
-0.058114
0.069877
-0.001742
-0.023820
0.008007
0.004064
0.018006
-0.011950
0.004816
0.013890
0.001570
0.021598
-0.036071
0.017380
0.026685
-0.014232
-0.028722
0.051138
-0.004742
-0.022532
0.012746
0.017864
-0.006267
0.006907
-0.016685
0.024063
-0.000978
0.015124
-0.027440
0.021986
0.013396
-0.002965
-0.031657
0.044077
0.007535
-0.032134
0.012061
0.013178
0.011494
-0.013538
-0.009273
0.028502
0.000850
-0.002879
-0.009661
-0.006798
0.038448
-0.015039
-0.030123
0.053692
-0.007924
-0.013212
0.007552
-0.002606
0.016156
-0.022540
0.011948
0.017205
-0.004640
-0.000536
0.001635
-0.032004
0.058661
-0.016334
-0.035124
0.027219
0.026254
-0.039757
0.031323
-0.020617
0.023851
-0.012872
-0.014224
0.019995
0.013371
-0.011375
-0.000043
-0.006676
0.034457
-0.011494
-0.058058
0.064548
0.011547
-0.026550
-0.017947
0.027688
0.003476
-0.006853
0.003500
-0.000521
0.000555
0.012937
-0.027505
0.014719
0.020897
-0.009989
-0.031583
0.028244
0.024265
-0.032846
0.018578
-0.026783
0.025748
0.016731
-0.045264
0.029120
0.001700
-0.004557
0.007545
-0.031169
0.040167
0.012817
-0.062765
0.052144
-0.001300
-0.011410
0.000209
-0.011197
0.023870
-0.005971
-0.017893
0.014197
0.000995
0.005247
-0.001685
-0.020400
0.041249
-0.023769
-0.015614
0.021103
0.002115
-0.011328
0.007324
-0.006365
0.012175
-0.005981
0.007551
-0.010945
0.026789
-0.023105
-0.001011
-0.009422
0.033976
-0.013390
-0.029885
0.040585
-0.002907
-0.010668
0.006565
0.009790
-0.007664
0.003376
-0.003367
-0.004652
0.010338
0.003570
-0.001205
-0.026638
0.030968
0.014365
-0.034751
0.009824
0.018370
-0.010673
-0.002650
-0.010451
0.013786
0.008205
-0.027513
0.023176
-0.004350
0.006593
-0.008547
-0.008698
0.026848
-0.013866
-0.021134
0.024527
0.009183
-0.020401
0.017245
-0.020316
0.018182
-0.009134
-0.017461
0.030700
-0.014745
0.016611
-0.036165
0.016360
0.023207
-0.009476
-0.038324
0.047364
-0.009718
-0.020966
0.007116
0.012094
-0.001180
-0.013333
0.001044
0.003760
0.017227
-0.026887
0.016372
-0.029800
0.047253
-0.021687
-0.029438
0.052764
-0.024741
-0.010039
-0.004093
0.025881
-0.010215
-0.012539
-0.019270
0.045111
-0.012867
-0.009740
0.002906
-0.010378
0.027005
-0.024488
-0.010897
0.014707
0.021591
-0.031820
0.005363
-0.004457
0.005523
0.008886
-0.025096
0.006537
0.015272
-0.006246
-0.005271
-0.022156
0.049948
-0.015854
-0.054597
0.052931
-0.004049
-0.010544
-0.016651
0.018266
0.004293
-0.014391
-0.013258
0.016883
0.005279
-0.009637
-0.001823
-0.017484
0.033644
-0.019060
-0.018849
0.018992
0.011497
-0.019809
-0.000969
-0.000561
0.002898
-0.004658
-0.017187
0.026710
-0.007683
-0.000701
-0.010051
-0.022398
0.048091
-0.014238
-0.043891
0.026710
0.027892
-0.043151
0.006815
-0.003999
0.026031
-0.020145
-0.012107
0.010798
-0.006025
0.005794
-0.011411
-0.011499
0.011588
0.009106
-0.037594
0.039204
-0.010995
-0.021239
0.009223
0.015732
-0.020755
-0.004400
-0.000618
0.003312
-0.005690
0.005100
-0.003988
-0.023366
0.034563
-0.001041
-0.055452
0.056665
-0.018569
-0.012018
-0.014656
0.020792
-0.002488
-0.007630
-0.023426
0.029487
-0.006881
-0.001567
-0.019681
0.003511
0.022468
-0.008307
-0.046625
0.044736
-0.013580
-0.000472
-0.025263
0.024432
-0.019818
0.017287
-0.039453
0.039239
-0.016108
0.008212
-0.028662
-0.011808
0.036599
-0.002867
-0.055828
0.038475
0.015782
-0.031210
-0.019506
0.021096
0.000581
-0.006921
-0.028552
0.033303
-0.013071
-0.002039
-0.018392
-0.000327
0.023942
-0.014594
-0.028297
0.015302
0.003801
-0.017784
0.016957
-0.027910
0.014725
-0.009268
-0.010406
0.001843
-0.002050
0.005445
-0.017191
-0.015476
0.040209
-0.025164
-0.039116
0.039480
-0.008868
-0.005477
-0.011408
-0.016072
0.019176
-0.000663
-0.032527
0.026982
-0.003590
-0.019334
-0.010619
-0.006790
0.034146
-0.019024
-0.050126
0.037788
0.006021
-0.024414
-0.000642
-0.005158
0.008222
-0.005147
-0.029801
0.014207
-0.004305
-0.002976
0.001004
-0.039511
0.044597
-0.019309
-0.039193
0.034760
-0.003131
-0.038374
0.035427
-0.054699
0.057013
-0.075655
0.076504
-0.126993
0.173552
-0.153033
0.058218
-0.046861
0.048020
-0.021113
-0.043032
0.030164
0.001235
-0.015975
-0.027940
0.024093
-0.020710
0.007266
-0.013793
0.001144
0.001812
-0.029839
0.015681
-0.033098
0.046183
-0.039065
-0.008429
-0.012792
0.030370
-0.039368
0.002328
-0.007438
0.004663
-0.022645
-0.003525
0.002285
0.010065
-0.021978
-0.011571
-0.015170
0.026354
-0.029358
-0.010487
0.001379
0.003321
-0.018107
-0.004259
0.004431
-0.021766
0.003773
-0.021376
0.009329
-0.013308
0.013825
-0.055968
0.014867
0.011510
-0.003424
-0.037185
0.020725
-0.017692
0.014643
-0.044886
0.009604
0.001279
0.034858
-0.172853
0.191149
-0.077628
-0.046754
-0.011676
-0.016203
0.029739
-0.018618
-0.044054
0.027702
0.014842
-0.063347
0.032654
-0.041510
0.000777
0.004048
-0.027631
-0.006204
-0.006665
-0.021192
0.002630
-0.012475
-0.022461
0.021239
-0.066706
0.033414
-0.003532
-0.046040
-0.013733
0.027626
-0.032393
-0.003358
-0.028321
-0.001032
-0.002783
-0.030612
-0.006592
-0.011295
-0.012053
-0.006099
-0.041183
0.030018
-0.024653
-0.020848
-0.024534
0.003209
-0.007476
-0.014942
-0.013902
0.003263
-0.012479
-0.021295
-0.022671
0.002171
-0.025969
0.005512
-0.039688
-0.000187
0.002767
-0.044545
0.005162
-0.029385
0.008315
-0.068092
0.107177
-0.185793
0.126510
-0.224464
0.724376
-1.648343
1.837571
