0.007325
0.006472
0.005247
0.003865
0.002532
0.001405
0.000566
0.000022
-0.000278
-0.000412
-0.000461
-0.000490
-0.000536
-0.000617
-0.000730
-0.000863
-0.001004
-0.001140
-0.001266
-0.001377
-0.001473
-0.001559
-0.001636
-0.001710
-0.001782
-0.001857
-0.001935
-0.002017
-0.002102
-0.002189
-0.002276
-0.002361
-0.002441
-0.002517
-0.002586
-0.002650
-0.002710
-0.002766
-0.002821
-0.002876
-0.002931
-0.002988
-0.003042
-0.003086
-0.003099
-0.003040
-0.002823
-0.002282
-0.001117
0.001185
0.005453
0.012933
0.025353
0.044914
0.074113
0.115390
0.170550
0.240080
0.322476
0.413841
0.507938
0.596857
0.672231
0.726767
0.755713
0.757842
0.735658
0.694769
0.642604
0.586861
0.534102
0.488819
0.453132
0.427050
0.409101
0.397090
0.388766
0.382272
0.376351
0.370347
0.364077
0.357655
0.351324
0.345333
0.339864
0.335006
0.330759
0.327057
0.323799
0.320870
0.318165
0.315602
0.313123
0.310700
0.308323
0.305992
0.303716
0.301501
0.299349
0.297258
0.295222
0.293233
0.291283
0.289364
0.287471
0.285596
0.283738
0.281893
0.280060
0.278237
0.276424
0.274619
0.272818
0.271018
0.269212
0.267396
0.265565
0.263716
0.261848
0.259964
0.258068
0.256167
0.254265
0.252368
0.250476
0.248589
0.246701
0.244806
0.242900
0.240978
0.239041
0.237091
0.235131
0.233168
0.231206
0.229249
0.227298
0.225355
0.223419
0.221490
0.219565
0.217641
0.215712
0.213772
0.211814
0.209832
0.207828
0.205807
0.203783
0.201773
0.199799
0.197877
0.196021
0.194232
0.192508
0.190836
0.189199
0.187582
0.185972
0.184360
0.182744
0.181128
0.179515
0.177913
0.176326
0.174755
0.173199
0.171653
0.170109
0.168563
0.167009
0.165446
0.163878
0.162310
0.160753
0.159218
0.157715
0.156253
0.154834
0.153458
0.152119
0.150808
0.149512
0.148219
0.146920
0.145609
0.144284
0.142951
0.141617
0.140294
0.138991
0.137716
0.136470
0.135253
0.134062
0.132891
0.131737
0.130598
0.129476
0.128371
0.127289
0.126231
0.125197
0.124186
0.123193
0.122213
0.121239
0.120267
0.119292
0.118312
0.117328
0.116341
0.115356
0.114377
0.113410
0.112461
0.111534
0.110635
0.109765
0.108923
0.108106
0.107306
0.106515
0.105721
0.104915
0.104090
0.103243
0.102377
0.101498
0.100615
0.099740
0.098880
0.098045
0.097236
0.096455
0.095701
0.094969
0.094259
0.093570
0.092900
0.092250
0.091622
0.091014
0.090424
0.089846
0.089275
0.088703
0.088120
0.087523
0.086908
0.086277
0.085633
0.084982
0.084328
0.083674
0.083022
0.082372
0.081724
0.081079
0.080437
0.079803
0.079179
0.078569
0.077974
0.077395
0.076831
0.076281
0.075743
0.075215
0.074694
0.074179
0.073664
0.073147
0.072623
0.072092
0.071555
0.071018
0.070488
0.069972
0.069477
0.069003
0.068548
0.068104
0.067663
0.067215
0.066757
0.066286
0.065804
0.065318
0.064835
0.064362
0.063905
0.063467
0.063049
0.062647
0.062258
0.061875
0.061494
0.061112
0.060725
0.060334
0.059938
0.059536
0.059128
0.058713
0.058292
0.057869
0.057452
0.057047
0.056663
0.056304
0.055971
0.055657
0.055356
0.055056
0.054750
0.054430
0.054096
0.053749
0.053394
0.053037
0.052681
0.052333
0.051992
0.051659
0.051332
0.051008
0.050687
0.050368
0.050052
0.049741
0.049437
0.049141
0.048851
0.048563
0.048269
0.047963
0.047640
0.047296
0.046936
0.046565
0.046191
0.045826
0.045476
0.045147
0.044839
0.044551
0.044279
0.044015
0.043754
0.043491
0.043222
0.042947
0.042669
0.042391
0.042117
0.041852
0.041595
0.041344
0.041095
0.040841
0.040577
0.040302
0.040017
0.039728
0.039441
0.039164
0.038900
0.038652
0.038419
0.038198
0.037985
0.037777
0.037570
0.037362
0.037152
0.036942
0.036732
0.036526
0.036327
0.036139
0.035963
0.035798
0.035642
0.035490
0.035336
0.035175
0.035007
0.034832
0.034654
0.034479
0.034313
0.034157
0.034015
0.033883
0.033759
0.033641
0.033526
0.033411
0.033294
0.033174
0.033045
0.032905
0.032751
0.032581
0.032397
0.032203
0.032005
0.031809
0.031623
0.031453
0.031299
0.031162
0.031037
0.030919
0.030801
0.030677
0.030546
0.030406
0.030260
0.030111
0.029964
0.029822
0.029686
0.029558
0.029436
0.029319
0.029206
0.029095
0.028983
0.028867
0.028745
0.028616
0.028479
0.028336
0.028192
0.028050
0.027915
0.027788
0.027670
0.027560
0.027454
0.027351
0.027247
0.027144
0.027042
0.026941
0.026843
0.026746
0.026651
0.026556
0.026459
0.026361
0.026260
0.026159
0.026059
0.025960
0.025864
0.025772
0.025683
0.025599
0.025517
0.025437
0.025358
0.025277
0.025195
0.025112
0.025028
0.024946
0.024867
0.024792
0.024718
0.024644
0.024565
0.024476
0.024376
0.024264
0.024142
0.024013
0.023883
0.023757
0.023640
0.023538
0.023454
0.023389
0.023343
0.023315
0.023299
0.023290
0.023282
0.023269
0.023249
0.023219
0.023180
0.023137
0.023093
0.023053
0.023020
0.022996
0.022979
0.022965
0.022950
0.022926
0.022886
0.022828
0.022749
0.022650
0.022537
0.022414
0.022290
0.022170
0.022059
0.021962
0.021877
0.021805
0.021743
0.021688
0.021635
0.021583
0.021528
0.021469
0.021407
0.021342
0.021277
0.021215
0.021158
0.021105
0.021055
0.021007
0.020958
0.020905
0.020848
0.020786
0.020720
0.020653
0.020587
0.020524
0.020464
0.020409
0.020359
0.020313
0.020271
0.020231
0.020191
0.020149
0.020106
0.020064
0.020025
0.019993
0.019970
0.019955
0.019945
0.019934
0.019918
0.019891
0.019853
0.019806
0.019753
0.019700
0.019651
0.019608
0.019569
0.019531
0.019490
0.019443
0.019390
0.019332
0.019274
0.019220
0.019172
0.019133
0.019103
0.019077
0.019052
0.019023
0.018987
0.018941
0.018886
0.018827
0.018768
0.018713
0.018668
0.018632
0.018606
0.018589
0.018578
0.018570
0.018564
0.018558
0.018550
0.018536
0.018514
0.018480
0.018433
0.018375
0.018307
0.018238
0.018172
0.018117
0.018075
0.018046
0.018028
0.018018
0.018009
0.017998
0.017981
0.017957
0.017927
0.017893
0.017861
0.017836
0.017823
0.017825
0.017845
0.017881
0.017927
0.017976
0.018021
0.018054
0.018071
0.018067
0.018042
0.017998
0.017936
0.017859
0.017773
0.017680
0.017587
0.017500
0.017426
0.017370
0.017336
0.017326
0.017341
0.017379
0.017435
0.017503
0.017576
0.017646
0.017704
0.017740
0.017752
0.017738
0.017703
0.017658
0.017614
0.017585
0.017582
0.017614
0.017683
0.017785
0.017911
0.018049
0.018181
0.018289
0.018355
0.018369
0.018327
0.018233
0.018103
0.017953
0.017804
0.017670
0.017560
0.017476
0.017411
0.017358
0.017308
0.017256
0.017198
0.017135
0.017066
0.016994
0.016919
0.016845
0.016771
0.016700
0.016633
0.016574
0.016525
0.016487
0.016461
0.016445
0.016437
0.016432
0.016426
0.016416
0.016398
0.016369
0.016331
0.016286
0.016236
0.016186
0.016140
0.016101
0.016069
0.016043
0.016021
0.016000
0.015974
0.015943
0.015903
0.015853
0.015793
0.015726
0.015652
0.015575
0.015499
0.015428
0.015365
0.015312
0.015269
0.015234
0.015205
0.015177
0.015150
0.015121
0.015091
0.015061
0.015032
0.015005
0.014980
0.014958
0.014937
0.014917
0.014899
0.014880
0.014859
0.014836
0.014810
0.014779
0.014743
0.014702
0.014653
0.014597
0.014532
0.014459
0.014382
0.014304
0.014233
0.014174
0.014132
0.014109
0.014104
0.014115
0.014137
0.014166
0.014199
0.014231
0.014258
0.014276
0.014280
0.014268
0.014237
0.014187
0.014124
0.014052
0.013979
0.013912
0.013853
0.013805
0.013766
0.013732
0.013701
0.013669
0.013637
0.013603
0.013571
0.013542
0.013517
0.013496
0.013477
0.013459
0.013439
0.013416
0.013391
0.013365
0.013343
0.013330
0.013330
0.013347
0.013379
0.013422
0.013468
0.013508
0.013529
0.013527
0.013496
0.013440
0.013365
0.013281
0.013198
0.013124
0.013065
0.013022
0.012995
0.012980
0.012971
0.012963
0.012951
0.012932
0.012903
0.012864
0.012814
0.012755
0.012690
0.012621
0.012551
0.012482
0.012415
0.012352
0.012292
0.012235
0.012179
0.012123
0.012065
0.012004
0.011941
0.011876
0.011812
0.011753
0.011702
0.011657
0.011620
0.011585
0.011549
0.011507
0.011458
0.011399
0.011334
0.011264
0.011192
0.011121
0.011053
0.010990
0.010934
0.010886
0.010847
0.010814
0.010786
0.010758
0.010726
0.010687
0.010638
0.010581
0.010519
0.010457
0.010397
0.010344
0.010297
0.010255
0.010216
0.010178
0.010138
0.010098
0.010057
0.010019
0.009985
0.009955
0.009930
0.009906
0.009880
0.009847
0.009801
0.009741
0.009666
0.009580
0.009489
0.009399
0.009317
0.009246
0.009189
0.009144
0.009108
0.009074
0.009038
0.008996
0.008947
0.008888
0.008823
0.008753
0.008683
0.008616
0.008554
0.008499
0.008451
0.008408
0.008368
0.008326
0.008281
0.008231
0.008176
0.008117
0.008059
0.008001
0.007947
0.007898
0.007854
0.007816
0.007787
0.007766
0.007755
0.007752
0.007754
0.007753
0.007743
0.007718
0.007674
0.007610
0.007530
0.007438
0.007339
0.007238
0.007137
0.007038
0.006941
0.006848
0.006763
0.006687
0.006623
0.006572
0.006532
0.006499
0.006467
0.006429
0.006379
0.006314
0.006237
0.006151
0.006062
0.005980
0.005911
0.005859
0.005824
0.005802
0.005788
0.005775
0.005755
0.005724
0.005678
0.005616
0.005537
0.005443
0.005333
0.005209
0.005069
0.004910
0.004730
0.004521
0.004277
0.003993
0.003669
0.003312
0.002939
0.002577
0.002256
0.002003
0.001837
0.001758
0.001753
0.001793
0.001844
0.001873
0.001859
0.001793
0.001680
0.001530
0.001361
0.001185
0.001013
0.000849
0.000693
0.000543
0.000396
0.000251
0.000107
-0.000037
-0.000179
-0.000319
-0.000458
-0.000596
-0.000735
-0.000877
-0.001020
-0.001165
-0.001309
-0.001451
-0.001588
-0.001719
-0.001844
-0.001965
-0.002083
-0.002198
-0.002312
-0.002423
-0.002529
-0.002624
-0.002706
-0.002769
-0.002812
-0.002832
-0.002833
-0.002820
-0.002802
-0.002788
-0.002791
-0.002822
-0.002887
-0.002987
-0.003111
-0.003239
-0.003332
-0.003336
-0.003187
-0.002811
-0.002147
-0.001154
0.000163
0.001737
0.003436
0.005072
0.006435
0.007333
0.007639
