0.003564
0.003123
0.002488
0.001773
0.001086
0.000511
0.000093
-0.000166
-0.000292
-0.000327
-0.000318
-0.000299
-0.000294
-0.000310
-0.000348
-0.000399
-0.000457
-0.000513
-0.000566
-0.000612
-0.000652
-0.000688
-0.000720
-0.000749
-0.000774
-0.000797
-0.000816
-0.000832
-0.000847
-0.000862
-0.000877
-0.000892
-0.000908
-0.000922
-0.000933
-0.000941
-0.000944
-0.000946
-0.000947
-0.000952
-0.000961
-0.000973
-0.000983
-0.000981
-0.000945
-0.000834
-0.000570
-0.000009
0.001110
0.003219
0.007001
0.013454
0.023923
0.040057
0.063651
0.096333
0.139137
0.191999
0.253330
0.319815
0.386574
0.447746
0.497425
0.530746
0.544830
0.539347
0.516508
0.480528
0.436690
0.390320
0.345901
0.306531
0.273782
0.247892
0.228154
0.213369
0.202230
0.193582
0.186547
0.180544
0.175238
0.170467
0.166167
0.162313
0.158889
0.155866
0.153201
0.150839
0.148718
0.146775
0.144954
0.143202
0.141479
0.139752
0.137999
0.136210
0.134379
0.132510
0.130607
0.128682
0.126745
0.124809
0.122887
0.120992
0.119141
0.117347
0.115623
0.113981
0.112423
0.110948
0.109549
0.108213
0.106931
0.105693
0.104495
0.103337
0.102220
0.101141
0.100096
0.099073
0.098056
0.097028
0.095973
0.094880
0.093747
0.092576
0.091378
0.090167
0.088958
0.087764
0.086597
0.085465
0.084370
0.083315
0.082295
0.081307
0.080341
0.079389
0.078443
0.077494
0.076535
0.075562
0.074575
0.073576
0.072573
0.071574
0.070591
0.069631
0.068702
0.067807
0.066945
0.066113
0.065309
0.064528
0.063769
0.063034
0.062322
0.061635
0.060973
0.060334
0.059713
0.059106
0.058504
0.057902
0.057291
0.056667
0.056028
0.055372
0.054702
0.054023
0.053340
0.052658
0.051981
0.051310
0.050649
0.049998
0.049360
0.048742
0.048150
0.047589
0.047062
0.046568
0.046101
0.045651
0.045204
0.044750
0.044280
0.043790
0.043283
0.042765
0.042246
0.041736
0.041245
0.040778
0.040339
0.039924
0.039529
0.039147
0.038768
0.038386
0.037995
0.037592
0.037178
0.036757
0.036331
0.035906
0.035484
0.035065
0.034648
0.034232
0.033814
0.033395
0.032976
0.032559
0.032147
0.031745
0.031357
0.030986
0.030636
0.030310
0.030007
0.029727
0.029466
0.029220
0.028985
0.028758
0.028539
0.028328
0.028126
0.027935
0.027751
0.027569
0.027383
0.027184
0.026969
0.026735
0.026485
0.026224
0.025958
0.025694
0.025440
0.025201
0.024981
0.024784
0.024608
0.024451
0.024309
0.024175
0.024044
0.023909
0.023765
0.023609
0.023436
0.023244
0.023029
0.022790
0.022531
0.022255
0.021971
0.021690
0.021422
0.021175
0.020952
0.020750
0.020562
0.020377
0.020183
0.019971
0.019738
0.019484
0.019218
0.018952
0.018702
0.018479
0.018293
0.018148
0.018039
0.017956
0.017882
0.017800
0.017696
0.017559
0.017387
0.017185
0.016964
0.016739
0.016526
0.016336
0.016176
0.016044
0.015936
0.015843
0.015755
0.015664
0.015565
0.015455
0.015333
0.015198
0.015052
0.014897
0.014732
0.014561
0.014385
0.014209
0.014037
0.013874
0.013726
0.013596
0.013490
0.013409
0.013355
0.013328
0.013329
0.013357
0.013414
0.013497
0.013605
0.013731
0.013864
0.013988
0.014088
0.014144
0.014143
0.014076
0.013943
0.013751
0.013510
0.013238
0.012950
0.012660
0.012382
0.012122
0.011886
0.011674
0.011487
0.011323
0.011178
0.011051
0.010939
0.010840
0.010754
0.010678
0.010609
0.010543
0.010476
0.010403
0.010319
0.010221
0.010109
0.009982
0.009845
0.009700
0.009553
0.009407
0.009267
0.009134
0.009012
0.008901
0.008803
0.008719
0.008651
0.008598
0.008560
0.008535
0.008518
0.008505
0.008490
0.008468
0.008436
0.008393
0.008341
0.008282
0.008220
0.008157
0.008093
0.008025
0.007951
0.007869
0.007777
0.007679
0.007578
0.007480
0.007391
0.007316
0.007257
0.007215
0.007184
0.007161
0.007139
0.007112
0.007075
0.007026
0.006965
0.006894
0.006821
0.006750
0.006688
0.006636
0.006595
0.006560
0.006528
0.006495
0.006459
0.006420
0.006379
0.006341
0.006306
0.006277
0.006253
0.006231
0.006208
0.006183
0.006152
0.006116
0.006074
0.006027
0.005977
0.005925
0.005871
0.005818
0.005768
0.005725
0.005692
0.005672
0.005667
0.005677
0.005700
0.005730
0.005761
0.005787
0.005800
0.005797
0.005778
0.005742
0.005694
0.005635
0.005570
0.005501
0.005427
0.005349
0.005267
0.005180
0.005093
0.005008
0.004931
0.004865
0.004815
0.004780
0.004760
0.004749
0.004745
0.004743
0.004739
0.004732
0.004721
0.004707
0.004690
0.004670
0.004650
0.004628
0.004606
0.004584
0.004563
0.004544
0.004527
0.004515
0.004506
0.004500
0.004496
0.004493
0.004486
0.004473
0.004452
0.004421
0.004381
0.004334
0.004281
0.004228
0.004177
0.004131
0.004092
0.004061
0.004041
0.004032
0.004034
0.004046
0.004065
0.004086
0.004106
0.004117
0.004115
0.004100
0.004071
0.004031
0.003986
0.003939
0.003894
0.003853
0.003817
0.003788
0.003764
0.003747
0.003736
0.003733
0.003738
0.003752
0.003775
0.003806
0.003843
0.003882
0.003922
0.003961
0.003996
0.004028
0.004059
0.004091
0.004124
0.004158
0.004190
0.004216
0.004232
0.004232
0.004214
0.004179
0.004130
0.004072
0.004012
0.003955
0.003905
0.003863
0.003830
0.003803
0.003779
0.003754
0.003726
0.003693
0.003656
0.003615
0.003574
0.003537
0.003507
0.003486
0.003476
0.003474
0.003478
0.003486
0.003492
0.003497
0.003499
0.003499
0.003498
0.003497
0.003497
0.003498
0.003500
0.003502
0.003503
0.003504
0.003501
0.003496
0.003487
0.003475
0.003461
0.003447
0.003434
0.003426
0.003425
0.003432
0.003447
0.003467
0.003489
0.003507
0.003516
0.003511
0.003492
0.003460
0.003418
0.003375
0.003338
0.003315
0.003311
0.003325
0.003352
0.003387
0.003419
0.003443
0.003455
0.003455
0.003446
0.003433
0.003420
0.003410
0.003403
0.003399
0.003395
0.003391
0.003386
0.003380
0.003373
0.003366
0.003358
0.003348
0.003335
0.003317
0.003296
0.003270
0.003244
0.003217
0.003193
0.003173
0.003157
0.003147
0.003141
0.003140
0.003141
0.003145
0.003149
0.003155
0.003162
0.003172
0.003183
0.003196
0.003210
0.003222
0.003230
0.003233
0.003229
0.003218
0.003202
0.003183
0.003164
0.003147
0.003135
0.003130
0.003132
0.003142
0.003157
0.003177
0.003198
0.003217
0.003233
0.003243
0.003249
0.003251
0.003254
0.003260
0.003272
0.003292
0.003320
0.003354
0.003392
0.003431
0.003468
0.003502
0.003532
0.003558
0.003579
0.003596
0.003608
0.003614
0.003613
0.003605
0.003590
0.003570
0.003546
0.003520
0.003496
0.003476
0.003461
0.003452
0.003451
0.003458
0.003475
0.003504
0.003550
0.003616
0.003704
0.003813
0.003939
0.004073
0.004202
0.004315
0.004400
0.004450
0.004461
0.004437
0.004383
0.004304
0.004210
0.004107
0.003999
0.003894
0.003795
0.003709
0.003640
0.003589
0.003555
0.003537
0.003527
0.003521
0.003512
0.003498
0.003475
0.003445
0.003408
0.003368
0.003329
0.003293
0.003266
0.003251
0.003251
0.003265
0.003294
0.003333
0.003379
0.003427
0.003470
0.003505
0.003527
0.003537
0.003534
0.003521
0.003503
0.003488
0.003480
0.003485
0.003506
0.003540
0.003582
0.003626
0.003663
0.003688
0.003694
0.003681
0.003652
0.003609
0.003559
0.003509
0.003463
0.003426
0.003402
0.003391
0.003393
0.003405
0.003424
0.003446
0.003468
0.003486
0.003501
0.003512
0.003519
0.003524
0.003525
0.003523
0.003515
0.003498
0.003472
0.003437
0.003395
0.003350
0.003308
0.003272
0.003246
0.003230
0.003225
0.003227
0.003230
0.003232
0.003228
0.003218
0.003202
0.003184
0.003166
0.003153
0.003148
0.003153
0.003169
0.003193
0.003224
0.003259
0.003292
0.003320
0.003339
0.003347
0.003345
0.003332
0.003314
0.003292
0.003270
0.003252
0.003238
0.003231
0.003231
0.003237
0.003250
0.003270
0.003294
0.003320
0.003345
0.003363
0.003370
0.003365
0.003346
0.003316
0.003280
0.003242
0.003206
0.003176
0.003153
0.003135
0.003122
0.003108
0.003091
0.003065
0.003030
0.002983
0.002928
0.002870
0.002816
0.002772
0.002747
0.002743
0.002760
0.002792
0.002831
0.002868
0.002892
0.002896
0.002879
0.002841
0.002788
0.002727
0.002667
0.002616
0.002580
0.002562
0.002561
0.002575
0.002597
0.002623
0.002647
0.002665
0.002676
0.002679
0.002676
0.002669
0.002659
0.002648
0.002635
0.002623
0.002612
0.002603
0.002596
0.002591
0.002587
0.002582
0.002575
0.002564
0.002549
0.002530
0.002510
0.002490
0.002471
0.002456
0.002445
0.002438
0.002434
0.002432
0.002429
0.002423
0.002412
0.002393
0.002368
0.002338
0.002306
0.002276
0.002253
0.002238
0.002233
0.002235
0.002241
0.002247
0.002252
0.002254
0.002252
0.002250
0.002248
0.002248
0.002251
0.002256
0.002263
0.002267
0.002269
0.002266
0.002256
0.002240
0.002215
0.002184
0.002146
0.002105
0.002062
0.002020
0.001982
0.001950
0.001923
0.001904
0.001891
0.001883
0.001878
0.001875
0.001870
0.001863
0.001853
0.001841
0.001827
0.001816
0.001810
0.001810
0.001818
0.001831
0.001847
0.001861
0.001869
0.001866
0.001849
0.001820
0.001779
0.001731
0.001682
0.001638
0.001604
0.001583
0.001576
0.001581
0.001595
0.001611
0.001623
0.001629
0.001623
0.001605
0.001575
0.001535
0.001488
0.001436
0.001379
0.001317
0.001245
0.001158
0.001046
0.000904
0.000724
0.000509
0.000267
0.000015
-0.000225
-0.000429
-0.000575
-0.000653
-0.000662
-0.000615
-0.000533
-0.000440
-0.000355
-0.000294
-0.000263
-0.000259
-0.000277
-0.000310
-0.000349
-0.000390
-0.000430
-0.000468
-0.000502
-0.000532
-0.000558
-0.000579
-0.000596
-0.000611
-0.000624
-0.000640
-0.000661
-0.000692
-0.000736
-0.000795
-0.000868
-0.000951
-0.001041
-0.001132
-0.001221
-0.001303
-0.001379
-0.001448
-0.001512
-0.001570
-0.001625
-0.001674
-0.001718
-0.001756
-0.001791
-0.001823
-0.001858
-0.001899
-0.001949
-0.002007
-0.002074
-0.002146
-0.002220
-0.002293
-0.002359
-0.002413
-0.002446
-0.002442
-0.002380
-0.002233
-0.001969
-0.001559
-0.000988
-0.000258
0.000594
0.001502
0.002369
0.003089
0.003562
0.003725
