0.006409
0.005626
0.004519
0.003283
0.002105
0.001122
0.000406
-0.000046
-0.000281
-0.000377
-0.000407
-0.000428
-0.000474
-0.000552
-0.000658
-0.000778
-0.000899
-0.001012
-0.001113
-0.001201
-0.001277
-0.001344
-0.001404
-0.001458
-0.001508
-0.001555
-0.001601
-0.001648
-0.001698
-0.001753
-0.001813
-0.001877
-0.001943
-0.002009
-0.002071
-0.002129
-0.002180
-0.002225
-0.002264
-0.002300
-0.002333
-0.002364
-0.002391
-0.002402
-0.002373
-0.002247
-0.001906
-0.001125
0.000504
0.003679
0.009520
0.019698
0.036531
0.062954
0.102295
0.157796
0.231858
0.325129
0.435616
0.558136
0.684371
0.803708
0.904807
0.977607
1.015260
1.015483
0.980923
0.918462
0.837666
0.748833
0.661185
0.581588
0.514023
0.459752
0.417962
0.386607
0.363202
0.345404
0.331340
0.319699
0.309682
0.300866
0.293056
0.286168
0.280143
0.274910
0.270366
0.266383
0.262823
0.259549
0.256438
0.253388
0.250327
0.247214
0.244040
0.240819
0.237586
0.234388
0.231270
0.228269
0.225404
0.222676
0.220062
0.217529
0.215036
0.212547
0.210038
0.207502
0.204948
0.202396
0.199873
0.197401
0.194998
0.192671
0.190418
0.188233
0.186109
0.184041
0.182026
0.180067
0.178165
0.176319
0.174523
0.172766
0.171031
0.169302
0.167563
0.165806
0.164028
0.162235
0.160437
0.158647
0.156876
0.155133
0.153421
0.151740
0.150090
0.148468
0.146874
0.145306
0.143762
0.142234
0.140713
0.139185
0.137636
0.136054
0.134434
0.132779
0.131101
0.129421
0.127764
0.126153
0.124608
0.123140
0.121749
0.120425
0.119150
0.117903
0.116668
0.115432
0.114195
0.112963
0.111750
0.110569
0.109433
0.108344
0.107301
0.106293
0.105308
0.104333
0.103361
0.102387
0.101415
0.100449
0.099495
0.098556
0.097635
0.096731
0.095840
0.094961
0.094089
0.093222
0.092358
0.091495
0.090632
0.089769
0.088907
0.088048
0.087194
0.086347
0.085508
0.084676
0.083849
0.083027
0.082207
0.081391
0.080579
0.079776
0.078988
0.078222
0.077486
0.076787
0.076129
0.075515
0.074944
0.074412
0.073914
0.073438
0.072975
0.072511
0.072036
0.071544
0.071031
0.070499
0.069953
0.069400
0.068842
0.068283
0.067721
0.067152
0.066573
0.065983
0.065384
0.064782
0.064184
0.063601
0.063041
0.062509
0.062007
0.061533
0.061080
0.060639
0.060200
0.059756
0.059301
0.058835
0.058358
0.057877
0.057396
0.056922
0.056461
0.056016
0.055591
0.055189
0.054815
0.054469
0.054154
0.053867
0.053604
0.053357
0.053116
0.052869
0.052605
0.052312
0.051983
0.051611
0.051194
0.050736
0.050244
0.049730
0.049211
0.048702
0.048220
0.047777
0.047382
0.047036
0.046737
0.046480
0.046254
0.046049
0.045852
0.045648
0.045424
0.045169
0.044876
0.044542
0.044174
0.043780
0.043371
0.042961
0.042557
0.042166
0.041786
0.041415
0.041045
0.040672
0.040291
0.039903
0.039512
0.039128
0.038763
0.038428
0.038133
0.037880
0.037666
0.037478
0.037304
0.037126
0.036932
0.036713
0.036469
0.036200
0.035914
0.035616
0.035313
0.035012
0.034716
0.034429
0.034152
0.033884
0.033624
0.033366
0.033106
0.032840
0.032564
0.032278
0.031987
0.031695
0.031411
0.031138
0.030883
0.030644
0.030420
0.030205
0.029992
0.029775
0.029550
0.029317
0.029081
0.028849
0.028630
0.028430
0.028255
0.028103
0.027971
0.027849
0.027726
0.027593
0.027440
0.027261
0.027053
0.026819
0.026562
0.026290
0.026010
0.025728
0.025449
0.025176
0.024910
0.024654
0.024408
0.024174
0.023955
0.023755
0.023580
0.023435
0.023323
0.023244
0.023195
0.023167
0.023148
0.023126
0.023087
0.023021
0.022924
0.022793
0.022633
0.022448
0.022249
0.022046
0.021849
0.021668
0.021510
0.021379
0.021276
0.021195
0.021129
0.021070
0.021009
0.020941
0.020866
0.020787
0.020713
0.020651
0.020608
0.020586
0.020580
0.020581
0.020576
0.020553
0.020499
0.020410
0.020288
0.020138
0.019974
0.019806
0.019644
0.019495
0.019359
0.019234
0.019114
0.018995
0.018876
0.018755
0.018636
0.018521
0.018413
0.018313
0.018220
0.018134
0.018054
0.017978
0.017907
0.017841
0.017778
0.017718
0.017658
0.017595
0.017531
0.017467
0.017407
0.017355
0.017317
0.017294
0.017286
0.017289
0.017298
0.017304
0.017302
0.017286
0.017253
0.017200
0.017128
0.017038
0.016933
0.016816
0.016691
0.016563
0.016433
0.016306
0.016183
0.016069
0.015964
0.015872
0.015792
0.015723
0.015663
0.015610
0.015558
0.015508
0.015456
0.015406
0.015358
0.015316
0.015281
0.015253
0.015229
0.015206
0.015178
0.015141
0.015091
0.015026
0.014946
0.014851
0.014745
0.014634
0.014522
0.014416
0.014324
0.014249
0.014192
0.014154
0.014129
0.014114
0.014102
0.014089
0.014071
0.014044
0.014007
0.013958
0.013898
0.013829
0.013759
0.013694
0.013644
0.013614
0.013608
0.013624
0.013656
0.013696
0.013732
0.013754
0.013756
0.013735
0.013692
0.013629
0.013551
0.013467
0.013381
0.013300
0.013229
0.013174
0.013138
0.013125
0.013137
0.013176
0.013247
0.013352
0.013494
0.013674
0.013889
0.014130
0.014383
0.014625
0.014835
0.014991
0.015077
0.015086
0.015019
0.014888
0.014711
0.014506
0.014291
0.014081
0.013884
0.013704
0.013543
0.013400
0.013276
0.013174
0.013098
0.013054
0.013044
0.013067
0.013116
0.013181
0.013248
0.013302
0.013332
0.013332
0.013299
0.013236
0.013147
0.013041
0.012925
0.012809
0.012700
0.012607
0.012535
0.012487
0.012462
0.012459
0.012472
0.012498
0.012536
0.012587
0.012655
0.012747
0.012869
0.013027
0.013220
0.013448
0.013703
0.013976
0.014254
0.014523
0.014767
0.014970
0.015117
0.015195
0.015196
0.015119
0.014968
0.014754
0.014493
0.014203
0.013903
0.013609
0.013334
0.013085
0.012867
0.012682
0.012530
0.012409
0.012316
0.012248
0.012201
0.012169
0.012147
0.012130
0.012113
0.012094
0.012073
0.012052
0.012032
0.012017
0.012009
0.012009
0.012015
0.012026
0.012040
0.012053
0.012066
0.012077
0.012088
0.012100
0.012115
0.012133
0.012156
0.012181
0.012208
0.012234
0.012257
0.012274
0.012285
0.012290
0.012293
0.012299
0.012318
0.012362
0.012439
0.012558
0.012718
0.012910
0.013115
0.013310
0.013467
0.013564
0.013586
0.013531
0.013406
0.013227
0.013016
0.012795
0.012582
0.012390
0.012225
0.012088
0.011975
0.011879
0.011794
0.011716
0.011644
0.011580
0.011526
0.011488
0.011465
0.011457
0.011459
0.011464
0.011467
0.011464
0.011452
0.011431
0.011402
0.011366
0.011325
0.011277
0.011225
0.011169
0.011113
0.011059
0.011012
0.010974
0.010949
0.010935
0.010931
0.010934
0.010940
0.010944
0.010942
0.010931
0.010911
0.010880
0.010843
0.010802
0.010762
0.010725
0.010694
0.010668
0.010649
0.010636
0.010628
0.010625
0.010627
0.010632
0.010640
0.010646
0.010649
0.010646
0.010637
0.010622
0.010604
0.010584
0.010565
0.010549
0.010542
0.010546
0.010570
0.010618
0.010695
0.010800
0.010928
0.011066
0.011198
0.011307
0.011377
0.011400
0.011376
0.011311
0.011218
0.011110
0.010999
0.010892
0.010793
0.010703
0.010622
0.010549
0.010486
0.010438
0.010409
0.010405
0.010429
0.010482
0.010560
0.010656
0.010760
0.010858
0.010939
0.010991
0.011008
0.010990
0.010941
0.010869
0.010784
0.010697
0.010618
0.010556
0.010515
0.010497
0.010501
0.010521
0.010548
0.010571
0.010577
0.010561
0.010517
0.010449
0.010365
0.010273
0.010184
0.010105
0.010039
0.009983
0.009936
0.009896
0.009860
0.009831
0.009809
0.009796
0.009790
0.009787
0.009782
0.009768
0.009741
0.009699
0.009645
0.009582
0.009517
0.009454
0.009397
0.009348
0.009309
0.009280
0.009260
0.009247
0.009238
0.009232
0.009225
0.009216
0.009206
0.009195
0.009182
0.009169
0.009155
0.009139
0.009123
0.009104
0.009084
0.009062
0.009036
0.009008
0.008976
0.008939
0.008898
0.008856
0.008813
0.008774
0.008739
0.008711
0.008691
0.008676
0.008664
0.008653
0.008637
0.008614
0.008579
0.008532
0.008475
0.008410
0.008345
0.008285
0.008235
0.008201
0.008181
0.008174
0.008175
0.008178
0.008179
0.008173
0.008162
0.008144
0.008121
0.008097
0.008072
0.008047
0.008022
0.007998
0.007973
0.007947
0.007919
0.007890
0.007860
0.007832
0.007809
0.007794
0.007790
0.007799
0.007817
0.007842
0.007864
0.007877
0.007874
0.007849
0.007800
0.007728
0.007634
0.007525
0.007407
0.007288
0.007176
0.007079
0.007002
0.006948
0.006917
0.006904
0.006904
0.006910
0.006917
0.006921
0.006921
0.006915
0.006905
0.006889
0.006866
0.006833
0.006790
0.006735
0.006670
0.006601
0.006535
0.006480
0.006443
0.006430
0.006442
0.006477
0.006527
0.006584
0.006636
0.006675
0.006693
0.006685
0.006652
0.006595
0.006520
0.006434
0.006343
0.006253
0.006172
0.006102
0.006049
0.006016
0.006006
0.006023
0.006067
0.006136
0.006225
0.006325
0.006427
0.006522
0.006600
0.006653
0.006678
0.006671
0.006632
0.006564
0.006470
0.006357
0.006234
0.006111
0.005995
0.005894
0.005810
0.005743
0.005687
0.005638
0.005590
0.005539
0.005484
0.005426
0.005368
0.005313
0.005263
0.005219
0.005179
0.005138
0.005095
0.005045
0.004988
0.004924
0.004856
0.004788
0.004724
0.004667
0.004617
0.004573
0.004534
0.004499
0.004466
0.004435
0.004406
0.004377
0.004346
0.004310
0.004259
0.004186
0.004079
0.003925
0.003712
0.003431
0.003075
0.002651
0.002172
0.001667
0.001175
0.000738
0.000395
0.000172
0.000073
0.000081
0.000164
0.000281
0.000393
0.000474
0.000510
0.000501
0.000455
0.000386
0.000304
0.000215
0.000122
0.000025
-0.000077
-0.000184
-0.000296
-0.000408
-0.000518
-0.000621
-0.000715
-0.000798
-0.000872
-0.000939
-0.001003
-0.001069
-0.001143
-0.001225
-0.001319
-0.001424
-0.001537
-0.001659
-0.001787
-0.001921
-0.002062
-0.002208
-0.002356
-0.002502
-0.002639
-0.002761
-0.002861
-0.002935
-0.002984
-0.003009
-0.003018
-0.003020
-0.003026
-0.003046
-0.003087
-0.003154
-0.003244
-0.003344
-0.003434
-0.003480
-0.003436
-0.003246
-0.002850
-0.002194
-0.001248
-0.000019
0.001429
0.002976
0.004453
0.005672
0.006462
0.006714
