0.002274
0.001963
0.001532
0.001050
0.000589
0.000200
-0.000086
-0.000262
-0.000342
-0.000351
-0.000316
-0.000261
-0.000207
-0.000164
-0.000138
-0.000132
-0.000144
-0.000170
-0.000206
-0.000248
-0.000291
-0.000335
-0.000376
-0.000415
-0.000452
-0.000486
-0.000517
-0.000546
-0.000572
-0.000594
-0.000611
-0.000620
-0.000621
-0.000612
-0.000591
-0.000563
-0.000531
-0.000502
-0.000480
-0.000471
-0.000477
-0.000494
-0.000515
-0.000528
-0.000510
-0.000421
-0.000194
0.000295
0.001258
0.003049
0.006215
0.011546
0.020098
0.033141
0.052025
0.077934
0.111542
0.152648
0.199862
0.250494
0.300719
0.346049
0.382063
0.405213
0.413508
0.406892
0.387199
0.357718
0.322494
0.285563
0.250312
0.219083
0.193078
0.172496
0.156815
0.145125
0.136407
0.129740
0.124397
0.119879
0.115884
0.112257
0.108936
0.105907
0.103168
0.100714
0.098526
0.096572
0.094810
0.093193
0.091676
0.090218
0.088793
0.087385
0.085991
0.084615
0.083269
0.081961
0.080694
0.079465
0.078263
0.077072
0.075875
0.074658
0.073412
0.072135
0.070834
0.069521
0.068212
0.066927
0.065688
0.064515
0.063425
0.062427
0.061523
0.060704
0.059952
0.059245
0.058557
0.057865
0.057155
0.056421
0.055668
0.054905
0.054148
0.053409
0.052696
0.052013
0.051358
0.050726
0.050109
0.049497
0.048881
0.048253
0.047604
0.046928
0.046225
0.045498
0.044754
0.044003
0.043254
0.042514
0.041784
0.041065
0.040352
0.039644
0.038940
0.038243
0.037559
0.036895
0.036255
0.035641
0.035054
0.034490
0.033946
0.033421
0.032914
0.032423
0.031947
0.031484
0.031030
0.030580
0.030130
0.029677
0.029219
0.028761
0.028304
0.027854
0.027413
0.026984
0.026566
0.026157
0.025756
0.025360
0.024969
0.024585
0.024211
0.023852
0.023514
0.023202
0.022920
0.022670
0.022451
0.022257
0.022082
0.021915
0.021744
0.021555
0.021335
0.021073
0.020764
0.020407
0.020012
0.019592
0.019167
0.018757
0.018377
0.018037
0.017736
0.017467
0.017215
0.016966
0.016703
0.016421
0.016116
0.015795
0.015470
0.015154
0.014862
0.014603
0.014380
0.014194
0.014037
0.013902
0.013780
0.013663
0.013549
0.013437
0.013329
0.013228
0.013136
0.013053
0.012977
0.012902
0.012823
0.012737
0.012638
0.012524
0.012394
0.012246
0.012078
0.011892
0.011688
0.011469
0.011240
0.011008
0.010780
0.010564
0.010365
0.010189
0.010038
0.009916
0.009820
0.009748
0.009694
0.009651
0.009606
0.009551
0.009477
0.009378
0.009255
0.009111
0.008951
0.008782
0.008608
0.008430
0.008247
0.008059
0.007863
0.007663
0.007461
0.007266
0.007085
0.006923
0.006785
0.006672
0.006581
0.006508
0.006449
0.006398
0.006351
0.006305
0.006255
0.006200
0.006134
0.006057
0.005968
0.005870
0.005766
0.005660
0.005560
0.005469
0.005389
0.005323
0.005267
0.005219
0.005173
0.005123
0.005066
0.004997
0.004915
0.004821
0.004720
0.004616
0.004517
0.004430
0.004359
0.004307
0.004276
0.004261
0.004257
0.004255
0.004244
0.004217
0.004167
0.004093
0.003998
0.003891
0.003783
0.003686
0.003608
0.003554
0.003524
0.003513
0.003515
0.003523
0.003532
0.003538
0.003540
0.003539
0.003534
0.003526
0.003514
0.003493
0.003462
0.003417
0.003354
0.003274
0.003180
0.003075
0.002967
0.002864
0.002773
0.002700
0.002648
0.002618
0.002607
0.002612
0.002626
0.002644
0.002662
0.002673
0.002674
0.002658
0.002620
0.002556
0.002464
0.002344
0.002201
0.002044
0.001885
0.001735
0.001606
0.001506
0.001441
0.001411
0.001414
0.001444
0.001492
0.001548
0.001604
0.001650
0.001680
0.001693
0.001687
0.001663
0.001625
0.001575
0.001516
0.001450
0.001382
0.001314
0.001250
0.001192
0.001142
0.001099
0.001062
0.001026
0.000988
0.000947
0.000901
0.000852
0.000806
0.000768
0.000744
0.000740
0.000755
0.000789
0.000833
0.000879
0.000918
0.000941
0.000942
0.000922
0.000881
0.000825
0.000762
0.000700
0.000646
0.000608
0.000588
0.000589
0.000611
0.000650
0.000701
0.000757
0.000812
0.000856
0.000881
0.000884
0.000860
0.000812
0.000744
0.000661
0.000569
0.000475
0.000383
0.000298
0.000223
0.000163
0.000123
0.000105
0.000113
0.000145
0.000198
0.000262
0.000329
0.000386
0.000427
0.000445
0.000443
0.000426
0.000403
0.000385
0.000382
0.000401
0.000441
0.000499
0.000566
0.000634
0.000691
0.000729
0.000745
0.000736
0.000705
0.000657
0.000599
0.000540
0.000486
0.000444
0.000420
0.000415
0.000428
0.000454
0.000487
0.000521
0.000550
0.000567
0.000571
0.000561
0.000539
0.000508
0.000470
0.000427
0.000381
0.000330
0.000274
0.000212
0.000149
0.000087
0.000035
0.000000
-0.000011
0.000004
0.000044
0.000103
0.000172
0.000237
0.000291
0.000323
0.000333
0.000320
0.000290
0.000250
0.000209
0.000173
0.000144
0.000125
0.000111
0.000099
0.000084
0.000065
0.000039
0.000008
-0.000024
-0.000054
-0.000075
-0.000083
-0.000074
-0.000045
0.000002
0.000064
0.000133
0.000200
0.000255
0.000289
0.000295
0.000271
0.000219
0.000147
0.000062
-0.000024
-0.000100
-0.000158
-0.000189
-0.000191
-0.000162
-0.000107
-0.000033
0.000050
0.000130
0.000201
0.000254
0.000287
0.000303
0.000302
0.000291
0.000273
0.000252
0.000231
0.000213
0.000198
0.000189
0.000184
0.000184
0.000185
0.000186
0.000185
0.000178
0.000166
0.000147
0.000120
0.000086
0.000046
0.000002
-0.000043
-0.000085
-0.000117
-0.000137
-0.000141
-0.000129
-0.000105
-0.000074
-0.000042
-0.000012
0.000012
0.000032
0.000049
0.000066
0.000084
0.000103
0.000121
0.000136
0.000145
0.000147
0.000144
0.000135
0.000123
0.000108
0.000091
0.000072
0.000050
0.000028
0.000006
-0.000011
-0.000019
-0.000015
0.000003
0.000037
0.000086
0.000146
0.000217
0.000293
0.000373
0.000454
0.000537
0.000620
0.000702
0.000782
0.000857
0.000925
0.000983
0.001029
0.001062
0.001080
0.001085
0.001076
0.001055
0.001021
0.000976
0.000920
0.000858
0.000792
0.000727
0.000670
0.000624
0.000592
0.000575
0.000569
0.000572
0.000579
0.000585
0.000588
0.000588
0.000587
0.000587
0.000589
0.000596
0.000606
0.000619
0.000631
0.000640
0.000642
0.000635
0.000617
0.000588
0.000547
0.000501
0.000453
0.000413
0.000386
0.000376
0.000384
0.000406
0.000435
0.000464
0.000487
0.000499
0.000501
0.000495
0.000485
0.000474
0.000465
0.000460
0.000457
0.000456
0.000456
0.000460
0.000471
0.000496
0.000545
0.000627
0.000755
0.000937
0.001179
0.001480
0.001830
0.002211
0.002595
0.002949
0.003240
0.003441
0.003532
0.003512
0.003391
0.003191
0.002943
0.002677
0.002420
0.002192
0.002003
0.001858
0.001755
0.001690
0.001657
0.001650
0.001662
0.001686
0.001716
0.001747
0.001776
0.001801
0.001824
0.001845
0.001865
0.001882
0.001894
0.001894
0.001877
0.001841
0.001784
0.001710
0.001624
0.001534
0.001448
0.001372
0.001310
0.001264
0.001232
0.001214
0.001207
0.001210
0.001222
0.001243
0.001272
0.001307
0.001343
0.001375
0.001396
0.001399
0.001381
0.001342
0.001290
0.001231
0.001176
0.001135
0.001113
0.001111
0.001124
0.001146
0.001169
0.001185
0.001191
0.001187
0.001175
0.001159
0.001146
0.001140
0.001147
0.001172
0.001217
0.001281
0.001362
0.001453
0.001544
0.001623
0.001679
0.001705
0.001698
0.001661
0.001600
0.001524
0.001443
0.001365
0.001296
0.001239
0.001196
0.001169
0.001159
0.001165
0.001185
0.001215
0.001247
0.001274
0.001287
0.001279
0.001246
0.001189
0.001114
0.001031
0.000950
0.000882
0.000834
0.000811
0.000811
0.000830
0.000861
0.000896
0.000929
0.000955
0.000973
0.000981
0.000984
0.000983
0.000980
0.000977
0.000972
0.000965
0.000953
0.000936
0.000914
0.000888
0.000858
0.000827
0.000796
0.000767
0.000740
0.000715
0.000692
0.000669
0.000646
0.000624
0.000603
0.000588
0.000583
0.000591
0.000615
0.000656
0.000709
0.000768
0.000824
0.000868
0.000896
0.000904
0.000896
0.000875
0.000851
0.000830
0.000819
0.000821
0.000836
0.000861
0.000889
0.000916
0.000938
0.000951
0.000956
0.000956
0.000953
0.000951
0.000953
0.000960
0.000968
0.000976
0.000976
0.000965
0.000939
0.000899
0.000846
0.000784
0.000721
0.000661
0.000613
0.000580
0.000568
0.000578
0.000613
0.000669
0.000742
0.000824
0.000903
0.000970
0.001016
0.001034
0.001025
0.000993
0.000948
0.000899
0.000858
0.000831
0.000825
0.000838
0.000869
0.000911
0.000960
0.001007
0.001047
0.001074
0.001086
0.001079
0.001052
0.001008
0.000947
0.000874
0.000796
0.000721
0.000658
0.000616
0.000605
0.000626
0.000680
0.000759
0.000852
0.000944
0.001022
0.001075
0.001096
0.001085
0.001047
0.000990
0.000925
0.000862
0.000811
0.000777
0.000763
0.000769
0.000790
0.000822
0.000856
0.000885
0.000903
0.000907
0.000894
0.000867
0.000830
0.000788
0.000746
0.000710
0.000680
0.000660
0.000651
0.000653
0.000666
0.000692
0.000730
0.000781
0.000843
0.000916
0.001001
0.001097
0.001203
0.001316
0.001434
0.001548
0.001653
0.001740
0.001801
0.001830
0.001822
0.001777
0.001697
0.001586
0.001453
0.001307
0.001162
0.001029
0.000919
0.000842
0.000804
0.000802
0.000834
0.000889
0.000955
0.001021
0.001074
0.001108
0.001117
0.001104
0.001072
0.001028
0.000979
0.000929
0.000883
0.000840
0.000797
0.000747
0.000685
0.000604
0.000501
0.000373
0.000224
0.000058
-0.000115
-0.000284
-0.000437
-0.000561
-0.000648
-0.000692
-0.000696
-0.000669
-0.000621
-0.000567
-0.000516
-0.000478
-0.000452
-0.000440
-0.000436
-0.000437
-0.000440
-0.000447
-0.000458
-0.000474
-0.000497
-0.000525
-0.000556
-0.000586
-0.000611
-0.000631
-0.000647
-0.000660
-0.000677
-0.000701
-0.000736
-0.000782
-0.000838
-0.000898
-0.000959
-0.001017
-0.001069
-0.001114
-0.001153
-0.001189
-0.001223
-0.001256
-0.001289
-0.001321
-0.001352
-0.001383
-0.001413
-0.001445
-0.001481
-0.001521
-0.001567
-0.001619
-0.001673
-0.001726
-0.001770
-0.001800
-0.001810
-0.001794
-0.001748
-0.001665
-0.001540
-0.001363
-0.001123
-0.000808
-0.000411
0.000063
0.000596
0.001148
0.001664
0.002082
0.002343
0.002409
