-0.000911
-0.000878
-0.000851
-0.000830
-0.000814
-0.000804
-0.000798
-0.000796
-0.000796
-0.000799
-0.000801
-0.000803
-0.000801
-0.000793
-0.000777
-0.000749
-0.000707
-0.000644
-0.000558
-0.000440
-0.000285
-0.000085
0.000170
0.000491
0.000889
0.001378
0.001973
0.002691
0.003552
0.004575
0.005782
0.007197
0.008845
0.010750
0.012939
0.015438
0.018272
0.021465
0.025041
0.029018
0.033412
0.038237
0.043497
0.049195
0.055325
0.061873
0.068818
0.076132
0.083776
0.091706
0.099868
0.108200
0.116634
0.125097
0.133510
0.141793
0.149860
0.157630
0.165021
0.171954
0.178357
0.184163
0.189315
0.193764
0.197472
0.200412
0.202570
0.203943
0.204540
0.204380
0.203495
0.201925
0.199719
0.196933
0.193628
0.189870
0.185726
0.181267
0.176559
0.171670
0.166664
0.161599
0.156530
0.151507
0.146572
0.141762
0.137108
0.132634
0.128358
0.124294
0.120450
0.116828
0.113429
0.110247
0.107276
0.104508
0.101930
0.099531
0.097298
0.095217
0.093276
0.091462
0.089761
0.088163
0.086655
0.085229
0.083873
0.082580
0.081343
0.080154
0.079008
0.077899
0.076824
0.075778
0.074759
0.073763
0.072789
0.071834
0.070897
0.069978
0.069074
0.068185
0.067311
0.066451
0.065604
0.064770
0.063949
0.063141
0.062344
0.061560
0.060787
0.060026
0.059277
0.058538
0.057811
0.057094
0.056387
0.055691
0.055005
0.054329
0.053663
0.053006
0.052358
0.051719
0.051090
0.050469
0.049857
0.049253
0.048657
0.048070
0.047491
0.046919
0.046356
0.045800
0.045252
0.044711
0.044178
0.043652
0.043133
0.042621
0.042117
0.041619
0.041128
0.040643
0.040165
0.039694
0.039229
0.038771
0.038319
0.037872
0.037432
0.036998
0.036569
0.036146
0.035729
0.035317
0.034910
0.034508
0.034110
0.033718
0.033330
0.032947
0.032568
0.032193
0.031822
0.031455
0.031093
0.030734
0.030379
0.030028
0.029681
0.029338
0.028999
0.028664
0.028333
0.028006
0.027684
0.027366
0.027052
0.026743
0.026438
0.026138
0.025842
0.025551
0.025264
0.024982
0.024704
0.024430
0.024159
0.023893
0.023631
0.023372
0.023116
0.022863
0.022613
0.022367
0.022122
0.021880
0.021640
0.021403
0.021167
0.020933
0.020701
0.020471
0.020242
0.020016
0.019791
0.019568
0.019347
0.019128
0.018911
0.018696
0.018484
0.018274
0.018066
0.017861
0.017659
0.017460
0.017263
0.017069
0.016878
0.016690
0.016505
0.016322
0.016143
0.015966
0.015792
0.015620
0.015451
0.015284
0.015119
0.014957
0.014796
0.014637
0.014480
0.014324
0.014170
0.014016
0.013864
0.013714
0.013563
0.013414
0.013266
0.013118
0.012971
0.012825
0.012679
0.012533
0.012389
0.012245
0.012101
0.011959
0.011817
0.011676
0.011536
0.011397
0.011259
0.011123
0.010989
0.010856
0.010724
0.010595
0.010468
0.010343
0.010221
0.010101
0.009984
0.009870
0.009758
0.009650
0.009544
0.009441
0.009341
0.009244
0.009149
0.009057
0.008967
0.008880
0.008795
0.008711
0.008629
0.008548
0.008469
0.008390
0.008311
0.008233
0.008155
0.008077
0.007999
0.007920
0.007840
0.007760
0.007679
0.007597
0.007514
0.007430
0.007345
0.007260
0.007173
0.007087
0.006999
0.006912
0.006824
0.006736
0.006649
0.006562
0.006475
0.006389
0.006304
0.006219
0.006136
0.006054
0.005972
0.005892
0.005813
0.005736
0.005659
0.005584
0.005509
0.005436
0.005364
0.005293
0.005223
0.005154
0.005085
0.005017
0.004950
0.004884
0.004818
0.004753
0.004689
0.004625
0.004561
0.004498
0.004435
0.004373
0.004311
0.004250
0.004189
0.004128
0.004068
0.004008
0.003949
0.003890
0.003831
0.003773
0.003716
0.003659
0.003602
0.003546
0.003491
0.003437
0.003383
0.003330
0.003278
0.003226
0.003176
0.003127
0.003078
0.003031
0.002985
0.002940
0.002896
0.002854
0.002812
0.002772
0.002733
0.002695
0.002659
0.002623
0.002588
0.002555
0.002522
0.002490
0.002459
0.002428
0.002398
0.002368
0.002338
0.002309
0.002280
0.002252
0.002223
0.002195
0.002167
0.002139
0.002111
0.002084
0.002056
0.002029
0.002003
0.001976
0.001950
0.001925
0.001900
0.001875
0.001851
0.001828
0.001805
0.001783
0.001762
0.001741
0.001720
0.001700
0.001681
0.001661
0.001642
0.001623
0.001604
0.001585
0.001565
0.001545
0.001525
0.001504
0.001482
0.001460
0.001437
0.001412
0.001387
0.001361
0.001334
0.001307
0.001278
0.001248
0.001217
0.001185
0.001153
0.001120
0.001086
0.001052
0.001017
0.000982
0.000947
0.000911
0.000875
0.000839
0.000804
0.000768
0.000733
0.000698
0.000663
0.000629
0.000596
0.000563
0.000531
0.000500
0.000469
0.000439
0.000411
0.000382
0.000355
0.000329
0.000304
0.000279
0.000256
0.000233
0.000211
0.000190
0.000169
0.000150
0.000131
0.000112
0.000095
0.000078
0.000061
0.000045
0.000030
0.000015
0.000000
-0.000014
-0.000028
-0.000041
-0.000054
-0.000067
-0.000080
-0.000092
-0.000104
-0.000116
-0.000128
-0.000139
-0.000151
-0.000162
-0.000173
-0.000184
-0.000195
-0.000205
-0.000216
-0.000226
-0.000237
-0.000247
-0.000257
-0.000267
-0.000277
-0.000287
-0.000296
-0.000306
-0.000315
-0.000325
-0.000334
-0.000343
-0.000351
-0.000360
-0.000368
-0.000376
-0.000384
-0.000392
-0.000399
-0.000406
-0.000413
-0.000419
-0.000424
-0.000429
-0.000433
-0.000437
-0.000439
-0.000440
-0.000440
-0.000439
-0.000436
-0.000432
-0.000426
-0.000418
-0.000408
-0.000396
-0.000381
-0.000365
-0.000346
-0.000324
-0.000300
-0.000275
-0.000246
-0.000216
-0.000184
-0.000151
-0.000116
-0.000080
-0.000044
-0.000007
0.000030
0.000066
0.000102
0.000136
0.000170
0.000201
0.000230
0.000256
0.000280
0.000301
0.000319
0.000334
0.000346
0.000354
0.000359
0.000361
0.000360
0.000356
0.000349
0.000340
0.000328
0.000314
0.000299
0.000281
0.000262
0.000242
0.000221
0.000199
0.000176
0.000153
0.000130
0.000107
0.000084
0.000061
0.000039
0.000017
-0.000004
-0.000025
-0.000044
-0.000063
-0.000081
-0.000099
-0.000115
-0.000130
-0.000144
-0.000157
-0.000169
-0.000179
-0.000189
-0.000197
-0.000204
-0.000209
-0.000213
-0.000215
-0.000215
-0.000213
-0.000210
-0.000204
-0.000196
-0.000185
-0.000172
-0.000156
-0.000137
-0.000115
-0.000090
-0.000061
-0.000029
0.000006
0.000045
0.000086
0.000131
0.000179
0.000230
0.000284
0.000339
0.000396
0.000455
0.000515
0.000575
0.000635
0.000695
0.000754
0.000810
0.000865
0.000917
0.000966
0.001012
0.001053
0.001090
0.001123
0.001152
0.001175
0.001194
0.001209
0.001219
0.001224
0.001226
0.001224
0.001219
0.001210
0.001200
0.001187
0.001173
0.001157
0.001141
0.001125
0.001109
0.001094
0.001079
0.001066
0.001054
0.001044
0.001036
0.001030
0.001026
0.001024
0.001024
0.001025
0.001029
0.001034
0.001041
0.001050
0.001059
0.001069
0.001081
0.001092
0.001104
0.001116
0.001128
0.001139
0.001150
0.001160
0.001169
0.001177
0.001183
0.001189
0.001192
0.001194
0.001195
0.001193
0.001190
0.001185
0.001179
0.001170
0.001160
0.001148
0.001135
0.001120
0.001103
0.001086
0.001067
0.001047
0.001026
0.001004
0.000982
0.000960
0.000937
0.000913
0.000890
0.000867
0.000844
0.000821
0.000799
0.000777
0.000756
0.000735
0.000715
0.000696
0.000678
0.000660
0.000643
0.000627
0.000612
0.000597
0.000584
0.000571
0.000559
0.000548
0.000538
0.000528
0.000519
0.000511
0.000504
0.000497
0.000491
0.000486
0.000482
0.000478
0.000474
0.000472
0.000470
0.000468
0.000467
0.000466
0.000466
0.000466
0.000467
0.000468
0.000469
0.000471
0.000472
0.000474
0.000476
0.000477
0.000479
0.000481
0.000482
0.000483
0.000484
0.000484
0.000484
0.000483
0.000482
0.000480
0.000477
0.000474
0.000469
0.000464
0.000458
0.000451
0.000444
0.000435
0.000426
0.000416
0.000405
0.000393
0.000381
0.000369
0.000356
0.000342
0.000329
0.000315
0.000301
0.000288
0.000274
0.000260
0.000247
0.000234
0.000221
0.000209
0.000197
0.000185
0.000174
0.000163
0.000153
0.000142
0.000133
0.000123
0.000114
0.000106
0.000097
0.000089
0.000081
0.000073
0.000065
0.000057
0.000050
0.000043
0.000035
0.000028
0.000021
0.000015
0.000008
0.000002
-0.000004
-0.000010
-0.000016
-0.000022
-0.000027
-0.000032
-0.000037
-0.000041
-0.000046
-0.000050
-0.000054
-0.000058
-0.000062
-0.000066
-0.000070
-0.000074
-0.000077
-0.000081
-0.000085
-0.000089
-0.000094
-0.000098
-0.000102
-0.000107
-0.000112
-0.000117
-0.000122
-0.000127
-0.000132
-0.000137
-0.000142
-0.000147
-0.000152
-0.000157
-0.000162
-0.000166
-0.000171
-0.000175
-0.000178
-0.000182
-0.000185
-0.000188
-0.000190
-0.000193
-0.000195
-0.000196
-0.000198
-0.000199
-0.000201
-0.000202
-0.000203
-0.000204
-0.000205
-0.000207
-0.000208
-0.000210
-0.000212
-0.000214
-0.000217
-0.000219
-0.000222
-0.000226
-0.000229
-0.000232
-0.000236
-0.000240
-0.000243
-0.000247
-0.000250
-0.000253
-0.000255
-0.000257
-0.000258
-0.000259
-0.000259
-0.000258
-0.000256
-0.000252
-0.000248
-0.000243
-0.000237
-0.000230
-0.000222
-0.000213
-0.000203
-0.000193
-0.000181
-0.000170
-0.000158
-0.000146
-0.000134
-0.000122
-0.000111
-0.000100
-0.000090
-0.000081
-0.000072
-0.000065
-0.000059
-0.000054
-0.000051
-0.000049
-0.000048
-0.000050
-0.000052
-0.000057
-0.000063
-0.000071
-0.000081
-0.000093
-0.000107
-0.000122
-0.000140
-0.000159
-0.000181
-0.000204
-0.000230
-0.000257
-0.000287
-0.000318
-0.000351
-0.000386
-0.000423
-0.000461
-0.000500
-0.000540
-0.000581
-0.000623
-0.000664
-0.000706
-0.000747
-0.000787
-0.000826
-0.000863
-0.000900
-0.000934
-0.000966
-0.000996
-0.001023
-0.001049
-0.001072
-0.001093
-0.001112
-0.001129
-0.001145
-0.001160
-0.001173
-0.001187
-0.001200
-0.001213
-0.001228
-0.001243
-0.001260
-0.001279
-0.001300
-0.001323
-0.001348
-0.001376
-0.001407
-0.001441
-0.001476
-0.001514
-0.001554
-0.001596
-0.001638
-0.001682
-0.001726
-0.001770
-0.001812
-0.001854
-0.001893
-0.001930
-0.001964
-0.001994
-0.002019
-0.002040
-0.002055
-0.002064
-0.002067
-0.002064
-0.002055
-0.002038
-0.002015
-0.001986
-0.001949
-0.001907
-0.001860
-0.001807
-0.001749
-0.001688
-0.001623
-0.001557
-0.001488
-0.001420
-0.001351
-0.001284
-0.001219
-0.001156
-0.001098
-0.001043
-0.000994
-0.000949
