0.001151
0.001014
0.000814
0.000586
0.000368
0.000183
0.000044
-0.000048
-0.000104
-0.000136
-0.000157
-0.000176
-0.000197
-0.000218
-0.000238
-0.000251
-0.000256
-0.000251
-0.000236
-0.000216
-0.000194
-0.000175
-0.000160
-0.000151
-0.000149
-0.000152
-0.000159
-0.000168
-0.000178
-0.000189
-0.000201
-0.000214
-0.000226
-0.000237
-0.000245
-0.000249
-0.000248
-0.000241
-0.000231
-0.000216
-0.000199
-0.000180
-0.000156
-0.000124
-0.000071
0.000027
0.000216
0.000583
0.001270
0.002506
0.004630
0.008103
0.013501
0.021463
0.032597
0.047329
0.065723
0.087320
0.111032
0.135172
0.157630
0.176188
0.188926
0.194591
0.192862
0.184399
0.170689
0.153720
0.135588
0.118126
0.102661
0.089909
0.080026
0.072749
0.067573
0.063922
0.061270
0.059209
0.057466
0.055888
0.054404
0.052995
0.051664
0.050418
0.049261
0.048188
0.047191
0.046259
0.045382
0.044550
0.043756
0.042998
0.042272
0.041581
0.040923
0.040300
0.039709
0.039147
0.038606
0.038080
0.037564
0.037051
0.036539
0.036030
0.035524
0.035027
0.034541
0.034069
0.033608
0.033157
0.032710
0.032262
0.031811
0.031352
0.030886
0.030414
0.029936
0.029457
0.028979
0.028505
0.028040
0.027586
0.027146
0.026722
0.026314
0.025919
0.025536
0.025162
0.024796
0.024440
0.024098
0.023773
0.023471
0.023193
0.022938
0.022702
0.022477
0.022255
0.022027
0.021787
0.021533
0.021264
0.020981
0.020690
0.020392
0.020090
0.019785
0.019478
0.019170
0.018864
0.018561
0.018266
0.017984
0.017718
0.017469
0.017239
0.017024
0.016820
0.016619
0.016415
0.016203
0.015979
0.015744
0.015499
0.015247
0.014992
0.014738
0.014488
0.014244
0.014006
0.013774
0.013548
0.013327
0.013111
0.012900
0.012694
0.012495
0.012306
0.012130
0.011967
0.011818
0.011683
0.011555
0.011429
0.011299
0.011159
0.011007
0.010841
0.010664
0.010480
0.010296
0.010116
0.009947
0.009792
0.009654
0.009532
0.009426
0.009331
0.009244
0.009158
0.009070
0.008975
0.008871
0.008756
0.008633
0.008501
0.008364
0.008223
0.008081
0.007938
0.007795
0.007654
0.007514
0.007376
0.007241
0.007109
0.006984
0.006865
0.006754
0.006651
0.006553
0.006459
0.006367
0.006273
0.006174
0.006069
0.005955
0.005832
0.005701
0.005564
0.005428
0.005296
0.005176
0.005073
0.004989
0.004924
0.004876
0.004837
0.004801
0.004761
0.004713
0.004655
0.004588
0.004515
0.004438
0.004361
0.004285
0.004211
0.004138
0.004064
0.003989
0.003912
0.003833
0.003753
0.003672
0.003592
0.003513
0.003437
0.003366
0.003300
0.003242
0.003191
0.003149
0.003112
0.003078
0.003045
0.003009
0.002968
0.002920
0.002865
0.002802
0.002736
0.002667
0.002598
0.002533
0.002474
0.002423
0.002378
0.002340
0.002306
0.002271
0.002232
0.002185
0.002130
0.002067
0.002000
0.001931
0.001866
0.001809
0.001760
0.001720
0.001686
0.001653
0.001618
0.001577
0.001528
0.001471
0.001409
0.001346
0.001286
0.001234
0.001193
0.001163
0.001141
0.001125
0.001108
0.001085
0.001051
0.001006
0.000949
0.000883
0.000815
0.000751
0.000697
0.000658
0.000638
0.000635
0.000648
0.000670
0.000694
0.000712
0.000716
0.000703
0.000672
0.000626
0.000572
0.000516
0.000466
0.000425
0.000396
0.000374
0.000357
0.000338
0.000312
0.000278
0.000236
0.000188
0.000137
0.000089
0.000045
0.000006
-0.000027
-0.000056
-0.000082
-0.000108
-0.000135
-0.000163
-0.000192
-0.000222
-0.000254
-0.000288
-0.000325
-0.000363
-0.000403
-0.000443
-0.000479
-0.000511
-0.000536
-0.000554
-0.000565
-0.000571
-0.000572
-0.000569
-0.000563
-0.000555
-0.000546
-0.000540
-0.000540
-0.000549
-0.000569
-0.000598
-0.000637
-0.000680
-0.000725
-0.000768
-0.000807
-0.000840
-0.000866
-0.000885
-0.000896
-0.000900
-0.000898
-0.000892
-0.000884
-0.000877
-0.000873
-0.000873
-0.000878
-0.000887
-0.000901
-0.000920
-0.000943
-0.000972
-0.001006
-0.001042
-0.001076
-0.001106
-0.001128
-0.001139
-0.001140
-0.001132
-0.001118
-0.001103
-0.001090
-0.001081
-0.001079
-0.001084
-0.001095
-0.001113
-0.001134
-0.001158
-0.001182
-0.001204
-0.001222
-0.001235
-0.001244
-0.001249
-0.001253
-0.001260
-0.001271
-0.001290
-0.001317
-0.001351
-0.001389
-0.001425
-0.001454
-0.001471
-0.001473
-0.001459
-0.001434
-0.001402
-0.001371
-0.001348
-0.001337
-0.001339
-0.001354
-0.001378
-0.001405
-0.001430
-0.001450
-0.001462
-0.001468
-0.001469
-0.001470
-0.001471
-0.001475
-0.001482
-0.001490
-0.001498
-0.001503
-0.001506
-0.001505
-0.001502
-0.001498
-0.001495
-0.001494
-0.001494
-0.001496
-0.001499
-0.001503
-0.001509
-0.001515
-0.001522
-0.001530
-0.001538
-0.001545
-0.001551
-0.001554
-0.001553
-0.001549
-0.001542
-0.001534
-0.001528
-0.001523
-0.001522
-0.001525
-0.001532
-0.001542
-0.001554
-0.001569
-0.001585
-0.001602
-0.001622
-0.001642
-0.001663
-0.001681
-0.001696
-0.001704
-0.001706
-0.001699
-0.001688
-0.001673
-0.001660
-0.001652
-0.001652
-0.001663
-0.001684
-0.001712
-0.001746
-0.001779
-0.001807
-0.001825
-0.001831
-0.001825
-0.001808
-0.001785
-0.001759
-0.001737
-0.001722
-0.001717
-0.001720
-0.001731
-0.001747
-0.001764
-0.001778
-0.001786
-0.001787
-0.001779
-0.001766
-0.001749
-0.001733
-0.001722
-0.001719
-0.001724
-0.001736
-0.001756
-0.001778
-0.001802
-0.001823
-0.001840
-0.001852
-0.001856
-0.001855
-0.001849
-0.001843
-0.001839
-0.001840
-0.001847
-0.001858
-0.001869
-0.001877
-0.001877
-0.001867
-0.001846
-0.001816
-0.001780
-0.001742
-0.001707
-0.001676
-0.001651
-0.001633
-0.001620
-0.001611
-0.001601
-0.001592
-0.001580
-0.001569
-0.001559
-0.001553
-0.001555
-0.001565
-0.001584
-0.001611
-0.001643
-0.001676
-0.001709
-0.001737
-0.001760
-0.001775
-0.001781
-0.001777
-0.001764
-0.001745
-0.001723
-0.001701
-0.001683
-0.001671
-0.001664
-0.001662
-0.001659
-0.001651
-0.001632
-0.001600
-0.001553
-0.001491
-0.001421
-0.001348
-0.001279
-0.001223
-0.001184
-0.001167
-0.001171
-0.001194
-0.001231
-0.001275
-0.001321
-0.001363
-0.001398
-0.001423
-0.001441
-0.001453
-0.001461
-0.001469
-0.001478
-0.001489
-0.001502
-0.001516
-0.001529
-0.001542
-0.001551
-0.001557
-0.001559
-0.001558
-0.001553
-0.001546
-0.001536
-0.001524
-0.001510
-0.001494
-0.001477
-0.001459
-0.001443
-0.001431
-0.001424
-0.001426
-0.001435
-0.001452
-0.001475
-0.001502
-0.001528
-0.001550
-0.001566
-0.001574
-0.001574
-0.001566
-0.001552
-0.001534
-0.001513
-0.001492
-0.001470
-0.001448
-0.001428
-0.001409
-0.001392
-0.001378
-0.001368
-0.001362
-0.001360
-0.001360
-0.001359
-0.001356
-0.001348
-0.001337
-0.001324
-0.001313
-0.001307
-0.001309
-0.001319
-0.001334
-0.001351
-0.001364
-0.001368
-0.001362
-0.001347
-0.001325
-0.001302
-0.001283
-0.001270
-0.001265
-0.001268
-0.001275
-0.001284
-0.001291
-0.001292
-0.001288
-0.001276
-0.001258
-0.001235
-0.001209
-0.001183
-0.001160
-0.001141
-0.001129
-0.001123
-0.001125
-0.001134
-0.001147
-0.001164
-0.001183
-0.001201
-0.001215
-0.001225
-0.001230
-0.001230
-0.001224
-0.001214
-0.001199
-0.001182
-0.001162
-0.001139
-0.001115
-0.001093
-0.001076
-0.001066
-0.001066
-0.001078
-0.001099
-0.001127
-0.001157
-0.001185
-0.001206
-0.001217
-0.001218
-0.001210
-0.001195
-0.001177
-0.001159
-0.001142
-0.001128
-0.001119
-0.001114
-0.001114
-0.001118
-0.001123
-0.001130
-0.001135
-0.001137
-0.001133
-0.001121
-0.001101
-0.001074
-0.001040
-0.001005
-0.000972
-0.000947
-0.000931
-0.000927
-0.000935
-0.000950
-0.000968
-0.000986
-0.000997
-0.001002
-0.001000
-0.000993
-0.000985
-0.000980
-0.000981
-0.000990
-0.001006
-0.001026
-0.001046
-0.001064
-0.001076
-0.001080
-0.001078
-0.001071
-0.001063
-0.001056
-0.001053
-0.001055
-0.001061
-0.001069
-0.001076
-0.001079
-0.001076
-0.001067
-0.001052
-0.001034
-0.001016
-0.000999
-0.000987
-0.000980
-0.000978
-0.000979
-0.000982
-0.000983
-0.000980
-0.000971
-0.000954
-0.000930
-0.000900
-0.000866
-0.000833
-0.000801
-0.000773
-0.000748
-0.000726
-0.000706
-0.000686
-0.000667
-0.000648
-0.000628
-0.000609
-0.000588
-0.000567
-0.000546
-0.000526
-0.000508
-0.000496
-0.000491
-0.000496
-0.000509
-0.000532
-0.000561
-0.000596
-0.000632
-0.000669
-0.000704
-0.000734
-0.000759
-0.000778
-0.000789
-0.000793
-0.000791
-0.000784
-0.000775
-0.000766
-0.000760
-0.000758
-0.000761
-0.000768
-0.000777
-0.000784
-0.000787
-0.000782
-0.000768
-0.000744
-0.000712
-0.000674
-0.000634
-0.000596
-0.000563
-0.000538
-0.000521
-0.000512
-0.000512
-0.000518
-0.000527
-0.000539
-0.000551
-0.000562
-0.000572
-0.000581
-0.000589
-0.000598
-0.000607
-0.000616
-0.000623
-0.000628
-0.000630
-0.000627
-0.000622
-0.000615
-0.000609
-0.000605
-0.000604
-0.000605
-0.000610
-0.000614
-0.000618
-0.000620
-0.000621
-0.000620
-0.000618
-0.000615
-0.000611
-0.000606
-0.000599
-0.000591
-0.000582
-0.000575
-0.000570
-0.000570
-0.000576
-0.000586
-0.000600
-0.000615
-0.000631
-0.000644
-0.000653
-0.000657
-0.000657
-0.000652
-0.000644
-0.000633
-0.000619
-0.000604
-0.000587
-0.000569
-0.000550
-0.000531
-0.000510
-0.000491
-0.000474
-0.000463
-0.000458
-0.000462
-0.000475
-0.000495
-0.000519
-0.000543
-0.000563
-0.000577
-0.000583
-0.000584
-0.000580
-0.000577
-0.000577
-0.000582
-0.000592
-0.000606
-0.000622
-0.000637
-0.000649
-0.000657
-0.000658
-0.000652
-0.000637
-0.000609
-0.000566
-0.000504
-0.000422
-0.000317
-0.000193
-0.000054
0.000091
0.000232
0.000357
0.000454
0.000514
0.000532
0.000509
0.000452
0.000372
0.000281
0.000193
0.000115
0.000052
0.000005
-0.000028
-0.000054
-0.000076
-0.000099
-0.000126
-0.000158
-0.000197
-0.000244
-0.000301
-0.000368
-0.000443
-0.000525
-0.000607
-0.000682
-0.000742
-0.000781
-0.000797
-0.000793
-0.000774
-0.000751
-0.000732
-0.000726
-0.000734
-0.000757
-0.000788
-0.000822
-0.000851
-0.000871
-0.000881
-0.000880
-0.000870
-0.000855
-0.000837
-0.000815
-0.000789
-0.000756
-0.000715
-0.000665
-0.000607
-0.000544
-0.000483
-0.000432
-0.000399
-0.000390
-0.000408
-0.000452
-0.000516
-0.000593
-0.000672
-0.000747
-0.000812
-0.000866
-0.000909
-0.000945
-0.000976
-0.001006
-0.001034
-0.001063
-0.001091
-0.001118
-0.001143
-0.001168
-0.001190
-0.001211
-0.001231
-0.001250
-0.001267
-0.001283
-0.001296
-0.001304
-0.001302
-0.001283
-0.001239
-0.001160
-0.001033
-0.000852
-0.000613
-0.000319
0.000013
0.000358
0.000683
0.000949
0.001126
0.001194
