0.001179
0.001035
0.000817
0.000566
0.000322
0.000115
-0.000036
-0.000129
-0.000172
-0.000179
-0.000166
-0.000149
-0.000135
-0.000129
-0.000132
-0.000143
-0.000157
-0.000171
-0.000182
-0.000189
-0.000191
-0.000190
-0.000186
-0.000183
-0.000183
-0.000186
-0.000193
-0.000204
-0.000218
-0.000232
-0.000246
-0.000258
-0.000267
-0.000273
-0.000273
-0.000265
-0.000251
-0.000229
-0.000201
-0.000172
-0.000146
-0.000125
-0.000110
-0.000095
-0.000066
0.000006
0.000173
0.000523
0.001194
0.002400
0.004448
0.007753
0.012833
0.020266
0.030608
0.044268
0.061351
0.081511
0.103851
0.126935
0.148913
0.167785
0.181726
0.189427
0.190333
0.184741
0.173705
0.158814
0.141867
0.124569
0.108291
0.093943
0.081965
0.072403
0.065032
0.059482
0.055348
0.052260
0.049917
0.048097
0.046645
0.045457
0.044466
0.043625
0.042899
0.042258
0.041679
0.041139
0.040620
0.040108
0.039595
0.039075
0.038551
0.038025
0.037499
0.036974
0.036449
0.035920
0.035381
0.034832
0.034273
0.033709
0.033146
0.032594
0.032059
0.031547
0.031061
0.030600
0.030165
0.029754
0.029365
0.028995
0.028640
0.028297
0.027959
0.027622
0.027280
0.026928
0.026562
0.026182
0.025790
0.025389
0.024988
0.024594
0.024215
0.023854
0.023515
0.023195
0.022888
0.022589
0.022291
0.021989
0.021681
0.021367
0.021052
0.020741
0.020440
0.020153
0.019880
0.019619
0.019364
0.019105
0.018834
0.018541
0.018222
0.017876
0.017506
0.017119
0.016723
0.016328
0.015944
0.015578
0.015239
0.014931
0.014658
0.014416
0.014198
0.013996
0.013795
0.013584
0.013357
0.013111
0.012852
0.012592
0.012344
0.012117
0.011918
0.011747
0.011597
0.011458
0.011321
0.011177
0.011024
0.010861
0.010695
0.010532
0.010381
0.010246
0.010132
0.010036
0.009954
0.009879
0.009801
0.009713
0.009608
0.009482
0.009335
0.009169
0.008987
0.008793
0.008591
0.008384
0.008174
0.007965
0.007760
0.007563
0.007378
0.007207
0.007051
0.006911
0.006785
0.006670
0.006563
0.006462
0.006367
0.006277
0.006194
0.006117
0.006047
0.005985
0.005931
0.005884
0.005846
0.005815
0.005789
0.005768
0.005747
0.005723
0.005692
0.005650
0.005594
0.005523
0.005437
0.005337
0.005227
0.005109
0.004987
0.004861
0.004735
0.004609
0.004485
0.004367
0.004260
0.004169
0.004100
0.004053
0.004029
0.004023
0.004024
0.004023
0.004008
0.003973
0.003913
0.003829
0.003729
0.003621
0.003514
0.003415
0.003330
0.003259
0.003202
0.003154
0.003112
0.003075
0.003040
0.003007
0.002974
0.002942
0.002909
0.002876
0.002845
0.002818
0.002797
0.002786
0.002783
0.002786
0.002789
0.002781
0.002753
0.002695
0.002602
0.002475
0.002319
0.002148
0.001976
0.001819
0.001690
0.001596
0.001537
0.001510
0.001504
0.001508
0.001511
0.001503
0.001479
0.001437
0.001377
0.001300
0.001208
0.001104
0.000993
0.000877
0.000763
0.000656
0.000562
0.000487
0.000432
0.000397
0.000380
0.000376
0.000381
0.000391
0.000401
0.000409
0.000412
0.000410
0.000402
0.000390
0.000375
0.000363
0.000356
0.000358
0.000370
0.000393
0.000422
0.000452
0.000478
0.000495
0.000500
0.000491
0.000470
0.000439
0.000402
0.000362
0.000320
0.000277
0.000233
0.000190
0.000147
0.000107
0.000072
0.000041
0.000015
-0.000006
-0.000026
-0.000043
-0.000058
-0.000068
-0.000072
-0.000065
-0.000048
-0.000019
0.000017
0.000057
0.000092
0.000117
0.000124
0.000110
0.000073
0.000014
-0.000062
-0.000148
-0.000236
-0.000321
-0.000394
-0.000452
-0.000493
-0.000517
-0.000526
-0.000523
-0.000512
-0.000496
-0.000479
-0.000463
-0.000452
-0.000445
-0.000443
-0.000446
-0.000452
-0.000461
-0.000472
-0.000486
-0.000504
-0.000528
-0.000558
-0.000595
-0.000639
-0.000688
-0.000738
-0.000787
-0.000829
-0.000862
-0.000882
-0.000889
-0.000881
-0.000860
-0.000831
-0.000797
-0.000765
-0.000740
-0.000723
-0.000717
-0.000718
-0.000723
-0.000728
-0.000730
-0.000729
-0.000724
-0.000718
-0.000712
-0.000707
-0.000701
-0.000693
-0.000680
-0.000657
-0.000624
-0.000581
-0.000526
-0.000461
-0.000385
-0.000296
-0.000194
-0.000078
0.000048
0.000177
0.000298
0.000399
0.000466
0.000489
0.000463
0.000388
0.000272
0.000128
-0.000027
-0.000175
-0.000303
-0.000400
-0.000465
-0.000500
-0.000515
-0.000519
-0.000523
-0.000534
-0.000557
-0.000590
-0.000629
-0.000671
-0.000708
-0.000738
-0.000758
-0.000769
-0.000776
-0.000781
-0.000792
-0.000813
-0.000846
-0.000892
-0.000950
-0.001014
-0.001078
-0.001136
-0.001182
-0.001211
-0.001223
-0.001216
-0.001193
-0.001157
-0.001110
-0.001058
-0.001005
-0.000956
-0.000916
-0.000889
-0.000880
-0.000891
-0.000920
-0.000966
-0.001024
-0.001087
-0.001150
-0.001209
-0.001260
-0.001301
-0.001330
-0.001346
-0.001349
-0.001340
-0.001319
-0.001290
-0.001256
-0.001222
-0.001190
-0.001162
-0.001141
-0.001126
-0.001119
-0.001118
-0.001124
-0.001137
-0.001156
-0.001179
-0.001206
-0.001233
-0.001259
-0.001285
-0.001309
-0.001333
-0.001356
-0.001378
-0.001399
-0.001415
-0.001426
-0.001428
-0.001421
-0.001407
-0.001388
-0.001368
-0.001351
-0.001341
-0.001339
-0.001345
-0.001356
-0.001368
-0.001379
-0.001385
-0.001387
-0.001387
-0.001387
-0.001391
-0.001403
-0.001423
-0.001449
-0.001475
-0.001496
-0.001508
-0.001506
-0.001493
-0.001471
-0.001445
-0.001420
-0.001397
-0.001376
-0.001355
-0.001331
-0.001303
-0.001272
-0.001241
-0.001217
-0.001205
-0.001206
-0.001224
-0.001255
-0.001295
-0.001340
-0.001382
-0.001419
-0.001444
-0.001457
-0.001457
-0.001446
-0.001427
-0.001403
-0.001378
-0.001355
-0.001336
-0.001321
-0.001310
-0.001302
-0.001294
-0.001285
-0.001274
-0.001261
-0.001246
-0.001231
-0.001218
-0.001211
-0.001212
-0.001223
-0.001245
-0.001277
-0.001317
-0.001359
-0.001401
-0.001437
-0.001463
-0.001478
-0.001480
-0.001469
-0.001448
-0.001418
-0.001387
-0.001360
-0.001342
-0.001335
-0.001341
-0.001356
-0.001374
-0.001387
-0.001390
-0.001379
-0.001357
-0.001327
-0.001296
-0.001270
-0.001255
-0.001250
-0.001255
-0.001265
-0.001278
-0.001289
-0.001298
-0.001304
-0.001310
-0.001314
-0.001319
-0.001323
-0.001324
-0.001320
-0.001311
-0.001296
-0.001277
-0.001256
-0.001236
-0.001219
-0.001207
-0.001200
-0.001199
-0.001203
-0.001210
-0.001220
-0.001229
-0.001235
-0.001236
-0.001232
-0.001221
-0.001206
-0.001189
-0.001173
-0.001161
-0.001155
-0.001156
-0.001163
-0.001173
-0.001184
-0.001195
-0.001205
-0.001213
-0.001220
-0.001225
-0.001231
-0.001236
-0.001240
-0.001243
-0.001246
-0.001249
-0.001253
-0.001259
-0.001267
-0.001276
-0.001285
-0.001289
-0.001288
-0.001279
-0.001261
-0.001236
-0.001205
-0.001173
-0.001143
-0.001119
-0.001104
-0.001100
-0.001105
-0.001119
-0.001140
-0.001165
-0.001193
-0.001222
-0.001249
-0.001272
-0.001290
-0.001299
-0.001297
-0.001284
-0.001260
-0.001225
-0.001183
-0.001138
-0.001093
-0.001055
-0.001026
-0.001009
-0.001006
-0.001014
-0.001031
-0.001052
-0.001072
-0.001088
-0.001098
-0.001101
-0.001098
-0.001089
-0.001078
-0.001066
-0.001056
-0.001051
-0.001054
-0.001065
-0.001083
-0.001108
-0.001134
-0.001158
-0.001174
-0.001179
-0.001172
-0.001155
-0.001131
-0.001104
-0.001076
-0.001052
-0.001030
-0.001008
-0.000983
-0.000951
-0.000908
-0.000853
-0.000788
-0.000716
-0.000644
-0.000578
-0.000525
-0.000490
-0.000476
-0.000482
-0.000506
-0.000543
-0.000585
-0.000628
-0.000666
-0.000695
-0.000715
-0.000726
-0.000733
-0.000738
-0.000746
-0.000759
-0.000779
-0.000803
-0.000829
-0.000852
-0.000866
-0.000868
-0.000857
-0.000835
-0.000804
-0.000771
-0.000739
-0.000713
-0.000694
-0.000683
-0.000676
-0.000674
-0.000674
-0.000676
-0.000681
-0.000688
-0.000700
-0.000715
-0.000734
-0.000754
-0.000771
-0.000784
-0.000790
-0.000788
-0.000779
-0.000764
-0.000747
-0.000731
-0.000721
-0.000717
-0.000722
-0.000735
-0.000752
-0.000770
-0.000786
-0.000796
-0.000798
-0.000792
-0.000777
-0.000757
-0.000736
-0.000716
-0.000702
-0.000695
-0.000697
-0.000707
-0.000721
-0.000737
-0.000752
-0.000762
-0.000766
-0.000765
-0.000759
-0.000751
-0.000742
-0.000735
-0.000731
-0.000731
-0.000737
-0.000747
-0.000759
-0.000769
-0.000773
-0.000766
-0.000744
-0.000705
-0.000651
-0.000585
-0.000515
-0.000447
-0.000388
-0.000344
-0.000317
-0.000306
-0.000308
-0.000317
-0.000330
-0.000342
-0.000352
-0.000359
-0.000365
-0.000369
-0.000375
-0.000382
-0.000389
-0.000399
-0.000409
-0.000422
-0.000438
-0.000457
-0.000479
-0.000506
-0.000534
-0.000562
-0.000586
-0.000601
-0.000604
-0.000594
-0.000572
-0.000542
-0.000509
-0.000479
-0.000458
-0.000448
-0.000450
-0.000461
-0.000476
-0.000493
-0.000507
-0.000516
-0.000520
-0.000520
-0.000517
-0.000512
-0.000508
-0.000503
-0.000499
-0.000494
-0.000486
-0.000474
-0.000456
-0.000434
-0.000407
-0.000375
-0.000341
-0.000303
-0.000261
-0.000213
-0.000160
-0.000101
-0.000039
0.000022
0.000077
0.000119
0.000144
0.000150
0.000139
0.000114
0.000083
0.000052
0.000025
0.000004
-0.000012
-0.000025
-0.000039
-0.000057
-0.000080
-0.000107
-0.000137
-0.000166
-0.000192
-0.000214
-0.000232
-0.000245
-0.000254
-0.000258
-0.000259
-0.000258
-0.000255
-0.000254
-0.000256
-0.000262
-0.000272
-0.000285
-0.000298
-0.000306
-0.000308
-0.000303
-0.000292
-0.000276
-0.000260
-0.000246
-0.000236
-0.000230
-0.000228
-0.000228
-0.000227
-0.000224
-0.000215
-0.000199
-0.000174
-0.000139
-0.000094
-0.000040
0.000018
0.000075
0.000126
0.000165
0.000189
0.000196
0.000189
0.000170
0.000146
0.000120
0.000097
0.000078
0.000062
0.000048
0.000035
0.000022
0.000009
-0.000003
-0.000013
-0.000021
-0.000027
-0.000036
-0.000051
-0.000076
-0.000117
-0.000175
-0.000250
-0.000340
-0.000437
-0.000533
-0.000619
-0.000687
-0.000730
-0.000747
-0.000740
-0.000716
-0.000683
-0.000648
-0.000619
-0.000599
-0.000590
-0.000590
-0.000597
-0.000610
-0.000626
-0.000642
-0.000659
-0.000674
-0.000688
-0.000704
-0.000724
-0.000748
-0.000778
-0.000812
-0.000847
-0.000880
-0.000906
-0.000921
-0.000925
-0.000917
-0.000900
-0.000878
-0.000853
-0.000832
-0.000818
-0.000815
-0.000825
-0.000849
-0.000886
-0.000932
-0.000984
-0.001034
-0.001077
-0.001109
-0.001127
-0.001132
-0.001125
-0.001112
-0.001095
-0.001078
-0.001064
-0.001052
-0.001042
-0.001032
-0.001021
-0.001009
-0.000993
-0.000973
-0.000946
-0.000906
-0.000846
-0.000755
-0.000621
-0.000437
-0.000198
0.000086
0.000398
0.000704
0.000965
0.001147
0.001221
