-0.000797
-0.000763
-0.000734
-0.000709
-0.000689
-0.000673
-0.000661
-0.000652
-0.000645
-0.000640
-0.000635
-0.000629
-0.000621
-0.000609
-0.000590
-0.000562
-0.000523
-0.000469
-0.000397
-0.000301
-0.000176
-0.000018
0.000183
0.000432
0.000740
0.001117
0.001573
0.002122
0.002776
0.003552
0.004465
0.005532
0.006771
0.008201
0.009839
0.011705
0.013817
0.016190
0.018842
0.021785
0.025029
0.028583
0.032449
0.036626
0.041109
0.045887
0.050941
0.056249
0.061783
0.067507
0.073380
0.079358
0.085390
0.091421
0.097394
0.103250
0.108929
0.114372
0.119521
0.124321
0.128720
0.132674
0.136144
0.139096
0.141508
0.143362
0.144652
0.145379
0.145551
0.145187
0.144311
0.142955
0.141156
0.138955
0.136399
0.133536
0.130414
0.127083
0.123592
0.119988
0.116316
0.112617
0.108929
0.105286
0.101716
0.098245
0.094893
0.091675
0.088604
0.085687
0.082929
0.080330
0.077890
0.075605
0.073469
0.071474
0.069613
0.067878
0.066258
0.064744
0.063327
0.061997
0.060746
0.059567
0.058450
0.057389
0.056377
0.055409
0.054479
0.053584
0.052718
0.051879
0.051063
0.050268
0.049492
0.048732
0.047987
0.047257
0.046539
0.045833
0.045138
0.044453
0.043778
0.043113
0.042457
0.041810
0.041172
0.040542
0.039920
0.039307
0.038701
0.038104
0.037516
0.036935
0.036362
0.035798
0.035242
0.034695
0.034155
0.033625
0.033102
0.032589
0.032084
0.031588
0.031100
0.030622
0.030152
0.029690
0.029238
0.028794
0.028358
0.027931
0.027512
0.027100
0.026697
0.026300
0.025911
0.025529
0.025154
0.024785
0.024422
0.024065
0.023713
0.023367
0.023025
0.022689
0.022357
0.022029
0.021706
0.021387
0.021072
0.020761
0.020454
0.020151
0.019852
0.019556
0.019265
0.018977
0.018694
0.018414
0.018138
0.017866
0.017599
0.017335
0.017075
0.016820
0.016569
0.016321
0.016078
0.015839
0.015603
0.015372
0.015145
0.014921
0.014701
0.014485
0.014272
0.014063
0.013858
0.013655
0.013456
0.013260
0.013067
0.012877
0.012690
0.012506
0.012324
0.012145
0.011968
0.011795
0.011623
0.011454
0.011287
0.011122
0.010959
0.010799
0.010640
0.010483
0.010328
0.010175
0.010024
0.009874
0.009725
0.009578
0.009432
0.009288
0.009144
0.009002
0.008861
0.008721
0.008581
0.008443
0.008305
0.008168
0.008032
0.007897
0.007762
0.007629
0.007496
0.007364
0.007233
0.007103
0.006975
0.006848
0.006722
0.006598
0.006476
0.006356
0.006237
0.006121
0.006008
0.005896
0.005787
0.005681
0.005577
0.005476
0.005378
0.005282
0.005189
0.005099
0.005011
0.004925
0.004842
0.004761
0.004682
0.004605
0.004529
0.004455
0.004382
0.004310
0.004240
0.004170
0.004101
0.004032
0.003964
0.003896
0.003828
0.003761
0.003693
0.003626
0.003559
0.003491
0.003424
0.003356
0.003288
0.003220
0.003152
0.003083
0.003015
0.002946
0.002878
0.002809
0.002740
0.002671
0.002602
0.002534
0.002465
0.002397
0.002328
0.002260
0.002193
0.002125
0.002059
0.001993
0.001927
0.001863
0.001799
0.001737
0.001675
0.001615
0.001556
0.001499
0.001443
0.001389
0.001336
0.001285
0.001236
0.001189
0.001144
0.001101
0.001060
0.001021
0.000983
0.000948
0.000914
0.000882
0.000851
0.000822
0.000793
0.000766
0.000740
0.000715
0.000690
0.000666
0.000643
0.000619
0.000595
0.000571
0.000547
0.000523
0.000498
0.000473
0.000447
0.000421
0.000394
0.000366
0.000338
0.000309
0.000279
0.000250
0.000219
0.000189
0.000158
0.000127
0.000096
0.000065
0.000034
0.000004
-0.000027
-0.000057
-0.000086
-0.000115
-0.000144
-0.000172
-0.000199
-0.000226
-0.000252
-0.000277
-0.000302
-0.000326
-0.000350
-0.000373
-0.000395
-0.000417
-0.000439
-0.000460
-0.000481
-0.000501
-0.000522
-0.000542
-0.000561
-0.000581
-0.000601
-0.000620
-0.000639
-0.000659
-0.000678
-0.000697
-0.000717
-0.000736
-0.000755
-0.000775
-0.000794
-0.000813
-0.000833
-0.000852
-0.000871
-0.000890
-0.000909
-0.000927
-0.000946
-0.000964
-0.000982
-0.000999
-0.001016
-0.001033
-0.001049
-0.001064
-0.001079
-0.001092
-0.001106
-0.001118
-0.001129
-0.001139
-0.001149
-0.001157
-0.001165
-0.001172
-0.001177
-0.001182
-0.001186
-0.001188
-0.001191
-0.001192
-0.001193
-0.001193
-0.001193
-0.001193
-0.001193
-0.001192
-0.001192
-0.001192
-0.001192
-0.001193
-0.001194
-0.001196
-0.001198
-0.001202
-0.001206
-0.001211
-0.001216
-0.001223
-0.001231
-0.001239
-0.001248
-0.001258
-0.001268
-0.001279
-0.001290
-0.001302
-0.001315
-0.001327
-0.001340
-0.001353
-0.001366
-0.001380
-0.001393
-0.001406
-0.001419
-0.001432
-0.001445
-0.001458
-0.001470
-0.001483
-0.001495
-0.001506
-0.001518
-0.001529
-0.001540
-0.001550
-0.001560
-0.001570
-0.001579
-0.001588
-0.001596
-0.001604
-0.001611
-0.001618
-0.001624
-0.001630
-0.001635
-0.001640
-0.001644
-0.001648
-0.001651
-0.001654
-0.001656
-0.001659
-0.001661
-0.001662
-0.001664
-0.001665
-0.001667
-0.001668
-0.001669
-0.001670
-0.001671
-0.001673
-0.001674
-0.001675
-0.001677
-0.001679
-0.001681
-0.001682
-0.001685
-0.001687
-0.001689
-0.001691
-0.001693
-0.001696
-0.001698
-0.001700
-0.001702
-0.001705
-0.001707
-0.001709
-0.001711
-0.001713
-0.001715
-0.001716
-0.001718
-0.001720
-0.001722
-0.001723
-0.001725
-0.001726
-0.001727
-0.001728
-0.001729
-0.001730
-0.001731
-0.001732
-0.001732
-0.001732
-0.001731
-0.001731
-0.001730
-0.001728
-0.001726
-0.001723
-0.001720
-0.001716
-0.001711
-0.001706
-0.001700
-0.001693
-0.001685
-0.001676
-0.001667
-0.001657
-0.001646
-0.001634
-0.001621
-0.001608
-0.001595
-0.001581
-0.001566
-0.001551
-0.001536
-0.001521
-0.001506
-0.001491
-0.001477
-0.001462
-0.001449
-0.001435
-0.001423
-0.001411
-0.001399
-0.001389
-0.001380
-0.001371
-0.001363
-0.001357
-0.001351
-0.001346
-0.001342
-0.001339
-0.001336
-0.001335
-0.001334
-0.001334
-0.001335
-0.001336
-0.001338
-0.001340
-0.001343
-0.001346
-0.001349
-0.001352
-0.001356
-0.001360
-0.001363
-0.001367
-0.001371
-0.001374
-0.001378
-0.001381
-0.001384
-0.001387
-0.001389
-0.001392
-0.001394
-0.001395
-0.001396
-0.001397
-0.001398
-0.001397
-0.001397
-0.001395
-0.001393
-0.001391
-0.001387
-0.001382
-0.001377
-0.001370
-0.001362
-0.001353
-0.001342
-0.001330
-0.001315
-0.001300
-0.001282
-0.001262
-0.001241
-0.001217
-0.001192
-0.001165
-0.001135
-0.001104
-0.001072
-0.001038
-0.001002
-0.000966
-0.000929
-0.000891
-0.000853
-0.000815
-0.000778
-0.000742
-0.000706
-0.000673
-0.000641
-0.000611
-0.000583
-0.000558
-0.000536
-0.000517
-0.000501
-0.000488
-0.000478
-0.000472
-0.000468
-0.000467
-0.000469
-0.000473
-0.000480
-0.000488
-0.000499
-0.000510
-0.000523
-0.000537
-0.000551
-0.000565
-0.000579
-0.000593
-0.000606
-0.000619
-0.000631
-0.000641
-0.000651
-0.000659
-0.000666
-0.000672
-0.000677
-0.000680
-0.000683
-0.000684
-0.000684
-0.000684
-0.000683
-0.000681
-0.000679
-0.000676
-0.000674
-0.000671
-0.000669
-0.000667
-0.000666
-0.000664
-0.000664
-0.000664
-0.000665
-0.000667
-0.000670
-0.000674
-0.000679
-0.000685
-0.000691
-0.000699
-0.000707
-0.000716
-0.000726
-0.000737
-0.000748
-0.000759
-0.000771
-0.000783
-0.000795
-0.000808
-0.000820
-0.000832
-0.000844
-0.000855
-0.000866
-0.000877
-0.000887
-0.000897
-0.000906
-0.000914
-0.000922
-0.000929
-0.000936
-0.000942
-0.000948
-0.000953
-0.000957
-0.000961
-0.000965
-0.000968
-0.000970
-0.000972
-0.000974
-0.000975
-0.000975
-0.000975
-0.000974
-0.000973
-0.000971
-0.000969
-0.000966
-0.000962
-0.000958
-0.000953
-0.000948
-0.000942
-0.000935
-0.000928
-0.000920
-0.000912
-0.000903
-0.000894
-0.000885
-0.000875
-0.000865
-0.000855
-0.000845
-0.000835
-0.000825
-0.000816
-0.000806
-0.000797
-0.000789
-0.000781
-0.000773
-0.000767
-0.000761
-0.000755
-0.000751
-0.000747
-0.000744
-0.000742
-0.000741
-0.000740
-0.000740
-0.000741
-0.000743
-0.000745
-0.000748
-0.000751
-0.000754
-0.000758
-0.000762
-0.000765
-0.000769
-0.000773
-0.000776
-0.000780
-0.000782
-0.000785
-0.000787
-0.000789
-0.000791
-0.000792
-0.000793
-0.000794
-0.000795
-0.000795
-0.000796
-0.000797
-0.000798
-0.000799
-0.000800
-0.000802
-0.000804
-0.000807
-0.000810
-0.000814
-0.000818
-0.000822
-0.000828
-0.000833
-0.000839
-0.000846
-0.000852
-0.000859
-0.000867
-0.000874
-0.000882
-0.000889
-0.000897
-0.000905
-0.000912
-0.000919
-0.000926
-0.000933
-0.000940
-0.000947
-0.000953
-0.000959
-0.000964
-0.000970
-0.000975
-0.000980
-0.000984
-0.000989
-0.000993
-0.000997
-0.001000
-0.001004
-0.001007
-0.001010
-0.001013
-0.001016
-0.001019
-0.001022
-0.001024
-0.001027
-0.001029
-0.001031
-0.001033
-0.001035
-0.001036
-0.001037
-0.001039
-0.001039
-0.001040
-0.001040
-0.001040
-0.001040
-0.001039
-0.001038
-0.001037
-0.001035
-0.001033
-0.001031
-0.001029
-0.001026
-0.001023
-0.001020
-0.001017
-0.001014
-0.001011
-0.001007
-0.001004
-0.001001
-0.000998
-0.000996
-0.000993
-0.000991
-0.000988
-0.000986
-0.000984
-0.000981
-0.000979
-0.000976
-0.000973
-0.000970
-0.000966
-0.000961
-0.000956
-0.000950
-0.000942
-0.000933
-0.000924
-0.000912
-0.000899
-0.000885
-0.000869
-0.000852
-0.000833
-0.000812
-0.000790
-0.000767
-0.000743
-0.000718
-0.000692
-0.000665
-0.000639
-0.000612
-0.000586
-0.000561
-0.000536
-0.000512
-0.000490
-0.000470
-0.000451
-0.000434
-0.000420
-0.000407
-0.000397
-0.000389
-0.000383
-0.000380
-0.000379
-0.000379
-0.000382
-0.000387
-0.000393
-0.000401
-0.000411
-0.000422
-0.000434
-0.000447
-0.000462
-0.000478
-0.000494
-0.000512
-0.000531
-0.000551
-0.000572
-0.000593
-0.000616
-0.000639
-0.000663
-0.000688
-0.000713
-0.000739
-0.000765
-0.000791
-0.000817
-0.000842
-0.000867
-0.000890
-0.000913
-0.000934
-0.000954
-0.000973
-0.000989
-0.001004
-0.001016
-0.001027
-0.001036
-0.001044
-0.001050
-0.001055
-0.001059
-0.001062
-0.001065
-0.001068
-0.001072
-0.001077
-0.001083
-0.001091
-0.001100
-0.001112
-0.001127
-0.001144
-0.001164
-0.001187
-0.001213
-0.001242
-0.001273
-0.001307
-0.001343
-0.001381
-0.001421
-0.001461
-0.001502
-0.001543
-0.001583
-0.001622
-0.001660
-0.001695
-0.001727
-0.001756
-0.001781
-0.001802
-0.001818
-0.001828
-0.001833
-0.001833
-0.001826
-0.001813
-0.001794
-0.001770
-0.001739
-0.001703
-0.001662
-0.001616
-0.001565
-0.001511
-0.001454
-0.001395
-0.001334
-0.001272
-0.001211
-0.001150
-0.001090
-0.001033
-0.000978
-0.000927
-0.000879
-0.000836
