-0.193370
0.039067
-0.037356
0.017264
-0.003292
0.009093
-0.017000
0.011721
0.013503
-0.037981
0.060079
-0.041841
0.017435
-0.001268
0.010990
-0.007040
-0.008390
0.004510
0.022461
-0.007957
-0.015770
0.013036
-0.002519
-0.006140
0.017351
-0.017329
0.018044
-0.005295
0.010764
-0.007338
0.013752
-0.013466
0.000793
0.009808
-0.003246
0.002730
-0.004202
0.004894
0.008671
-0.017614
0.014469
-0.001593
0.001288
0.004671
-0.006362
0.009156
-0.007970
0.006728
0.007142
0.003042
-0.006205
-0.004888
0.017508
0.001977
-0.022189
-0.009118
0.092252
-0.112420
0.009122
0.093264
0.206533
-0.856378
1.749597
1.124200
0.127714
0.018150
0.241088
0.261073
0.008464
-0.026658
0.116125
0.072140
0.112517
0.198868
-0.044912
0.081695
0.154326
0.108963
0.028062
0.060003
0.087716
0.074025
0.077196
0.036462
0.108605
0.041711
0.038736
0.131931
0.004141
0.027920
0.113862
0.077747
0.007126
0.068642
0.048036
0.089802
0.060805
0.034329
0.043248
0.037011
0.087448
0.056813
0.013659
0.054477
0.076250
0.032137
0.034179
0.066370
0.043709
0.040986
0.017609
0.094299
0.011545
0.031469
0.051149
0.056687
0.024480
0.062005
0.016559
0.055848
0.028759
0.045709
0.044578
0.016711
0.062085
0.028078
0.043940
0.028831
0.046035
0.010884
0.061624
0.017192
0.035536
0.040141
0.026197
0.021732
0.037348
0.037801
0.021361
0.032251
0.029872
0.037067
0.032493
0.008404
0.029563
0.034529
0.032345
0.027046
0.000282
0.053249
0.031974
0.007610
0.025817
0.037248
0.025823
0.022418
0.018014
0.019107
0.025882
0.035596
0.012446
0.009703
0.039781
0.029261
0.005513
0.031669
0.031671
0.000334
0.037419
0.011333
0.039905
0.008427
0.018663
0.019063
0.013269
0.047218
-0.003528
0.018012
0.011213
0.046862
0.007666
0.010133
0.024180
0.037781
0.004520
0.004527
0.030889
0.019369
0.012432
0.006964
0.019955
0.049695
-0.016299
0.010772
0.032022
0.020859
0.002356
0.026995
-0.001506
0.026519
0.003214
0.023440
0.026058
-0.009590
0.020192
0.015979
0.009210
0.036987
-0.005195
0.004383
0.016611
0.024774
0.021535
-0.013326
0.022657
0.022204
0.007200
0.003621
0.030043
0.014012
-0.006735
0.006550
0.032583
0.005091
0.004910
-0.011675
0.048758
-0.007039
0.015096
0.007140
0.009833
0.001833
0.026433
-0.005158
0.020650
0.016306
-0.002111
0.007943
0.001552
0.042230
-0.023767
0.021017
0.008384
0.018613
-0.000457
0.002741
0.016641
0.014097
-0.000263
0.010123
0.011573
0.012130
-0.008798
0.023843
-0.003764
0.036007
-0.011247
-0.004767
0.025293
-0.005779
0.018892
0.001946
0.009197
0.005571
0.002656
0.014166
0.007751
0.005732
0.002132
0.003366
0.004296
0.013155
0.001227
0.002272
0.020556
0.012850
-0.029271
0.026598
-0.004518
0.022686
-0.002118
0.009678
-0.002220
0.009039
0.005680
0.003035
0.003895
0.021695
-0.009162
-0.002021
0.013192
0.017666
-0.008515
0.012124
-0.012385
0.019450
0.011693
-0.012581
0.011613
0.017736
-0.006585
0.003535
0.000587
0.024777
-0.004904
-0.009096
0.010246
0.016233
-0.005383
0.005220
0.001003
0.001305
0.009527
-0.002851
0.013381
-0.004707
0.019465
-0.020300
0.023577
-0.008139
0.014918
-0.009470
0.021001
-0.004829
0.004341
0.000972
-0.003613
0.022253
-0.013606
0.018699
-0.014954
0.013104
0.006704
-0.015336
0.011173
0.017365
-0.003569
0.001596
0.010240
0.000701
-0.012526
0.018609
0.012325
-0.015556
-0.004279
0.004156
0.018766
-0.003211
0.003596
-0.009795
0.022201
-0.000903
-0.006283
0.003374
0.021708
0.001352
0.003402
-0.002882
0.001898
0.008241
0.000389
-0.005436
0.016011
-0.006182
0.005894
0.001075
-0.001948
0.023132
-0.017282
-0.002969
0.019987
-0.003729
0.005215
0.003678
-0.008883
-0.001081
0.011399
-0.005821
0.034753
-0.022840
-0.006938
0.018472
-0.009718
0.015387
-0.007720
-0.007235
0.019681
0.002332
-0.007747
0.017349
-0.013369
-0.002162
0.020533
-0.012900
0.008881
-0.000140
0.010603
-0.010960
-0.001968
0.022221
-0.032145
0.023599
-0.004963
0.021682
-0.029546
0.022267
-0.003566
0.007629
-0.022542
0.030623
-0.006633
-0.013065
0.017914
-0.003988
0.006322
0.012329
-0.007125
0.001347
0.011030
0.006688
-0.019220
0.011927
-0.005509
0.011549
0.004206
-0.005632
-0.004573
0.015809
-0.010299
0.013809
-0.006474
-0.003122
0.012390
-0.017861
0.029660
-0.019720
0.004610
-0.001992
0.012740
0.004653
-0.014342
-0.002819
0.017580
0.005732
-0.015636
0.000706
0.007396
0.011515
-0.013298
-0.004163
0.020580
-0.005732
-0.000984
-0.002061
-0.000699
0.005863
0.000444
0.002240
0.000224
-0.002973
0.007397
0.005864
-0.019025
0.025823
-0.006628
-0.013034
0.012926
0.000701
-0.007022
0.003286
-0.000655
0.014193
-0.014620
0.008274
-0.001066
0.028754
-0.049001
0.030471
-0.004842
0.001398
0.001185
-0.013661
0.009615
0.010940
-0.010545
0.002474
0.013634
-0.016107
0.014488
-0.010161
0.001085
0.006088
-0.000880
-0.004469
0.014531
-0.007666
-0.002871
-0.004851
0.015933
-0.005573
-0.008355
0.007342
0.002807
0.005097
-0.012574
0.005992
0.009701
-0.002782
-0.010239
-0.000532
0.010333
0.006986
-0.017311
0.013183
-0.003475
0.012112
-0.007242
0.006743
-0.018651
0.010339
0.001889
-0.004576
0.008755
0.010459
-0.014341
-0.006274
-0.002134
0.029920
-0.024090
0.012287
-0.004859
0.004927
-0.005519
0.006696
0.000497
0.003466
-0.012407
0.007833
0.005571
-0.012548
0.008788
-0.009928
0.013256
0.008568
-0.002062
-0.022090
0.012392
0.009256
-0.008424
0.002420
-0.008953
0.013393
-0.002288
-0.007384
0.008634
-0.003253
0.004921
0.001502
-0.008745
0.004658
0.000156
-0.004314
0.030274
-0.027277
-0.001222
-0.007699
0.033650
-0.014275
-0.007168
0.000106
0.006015
0.005597
-0.010612
-0.000361
0.000677
0.016823
-0.012901
-0.007019
0.018837
-0.012240
0.001621
0.007552
-0.004296
0.000445
-0.001537
-0.005883
0.013324
-0.006648
-0.000227
0.003162
-0.006175
0.019506
-0.011113
-0.002486
0.010562
-0.005937
-0.006482
0.005399
0.006005
-0.000782
-0.003172
-0.007161
0.011357
-0.000863
0.010037
-0.018307
-0.000027
0.031865
-0.024325
-0.001611
0.002731
0.011513
-0.017351
0.017194
-0.011177
0.010721
-0.008604
-0.002272
0.013232
-0.010233
0.002877
-0.001389
0.013177
-0.008393
0.004455
-0.025702
0.043769
-0.033040
0.020494
-0.009697
0.016917
-0.017852
0.010991
-0.000916
0.000236
0.005636
-0.012435
0.006264
-0.011319
0.014678
-0.001280
-0.008842
0.010647
0.010117
-0.016515
0.010479
-0.001268
0.011242
-0.028371
0.016830
0.004454
-0.006946
0.017215
-0.029785
0.023475
0.000762
-0.009281
0.004139
0.012756
-0.007071
-0.001767
-0.004082
0.002154
0.007697
-0.006942
0.005326
-0.008517
0.013833
-0.007032
0.006351
-0.012251
0.021219
-0.016146
-0.001652
0.011642
0.008943
-0.016677
0.002469
0.003147
0.000620
0.002280
-0.002116
0.007265
-0.003678
-0.000528
0.000307
-0.000103
0.009581
-0.013204
-0.000045
0.019080
-0.009971
-0.016249
0.018466
0.003448
0.004547
-0.012608
0.004227
0.006637
-0.004680
0.009123
-0.011762
-0.002762
0.020721
-0.009348
-0.007855
0.012027
0.003126
-0.012129
0.018394
-0.011425
0.003769
-0.007432
0.003414
0.012740
0.001393
-0.015094
0.008825
-0.008277
0.021468
-0.015723
0.000209
0.014312
-0.006068
-0.010598
0.013357
0.007482
-0.009396
-0.006190
0.003183
0.015233
-0.017579
0.017782
-0.024099
0.027618
0.002948
-0.010463
-0.007019
0.011885
0.006675
-0.005671
-0.007236
-0.001015
0.013876
-0.012559
0.018776
-0.009732
0.002969
-0.001871
-0.003710
0.004994
0.011380
-0.003419
-0.014824
0.020794
-0.010945
0.004867
-0.006592
0.004035
0.010634
-0.012152
0.004673
0.004204
0.008249
-0.016084
0.017738
-0.008002
0.011350
-0.021867
0.014752
0.005429
-0.003683
-0.002929
0.007415
-0.002610
0.005712
0.003035
-0.016553
0.029616
-0.014755
0.000596
0.001846
-0.002416
0.017941
-0.010460
0.000241
-0.003114
0.016594
-0.025740
0.017585
0.008407
-0.005498
-0.010435
0.012283
0.001122
0.000360
-0.005773
0.009826
-0.010506
0.019641
-0.008642
-0.010858
0.022363
-0.009076
-0.003199
0.001647
0.007170
0.011092
-0.018157
0.006608
0.004285
0.002366
0.003214
-0.012840
0.005005
0.018259
-0.011587
-0.008900
0.026445
-0.009066
-0.014328
0.009063
0.015888
-0.024636
0.021655
-0.014269
0.012482
0.000553
0.000394
-0.004022
0.012635
-0.000671
-0.005479
-0.002341
0.008653
0.003143
-0.009925
0.008795
-0.005988
0.017298
-0.014056
0.001142
0.007658
0.003581
-0.006640
0.000668
0.006568
0.012804
-0.010378
-0.006449
0.029138
-0.008525
-0.012107
0.007553
0.009189
-0.004558
-0.002526
-0.003186
0.020514
-0.008956
0.001958
-0.009278
0.005789
0.019698
-0.017730
0.005989
0.003106
0.004548
-0.003072
0.000493
0.000118
-0.001366
0.014818
-0.015045
0.011549
-0.000733
-0.002257
0.008519
-0.015204
0.030056
-0.016150
-0.006687
0.024869
-0.008247
-0.011970
0.012667
0.002174
0.003390
-0.019915
0.028640
-0.022199
0.041367
-0.049242
0.030176
-0.015242
0.022518
-0.015897
0.006778
0.005911
0.010426
-0.020443
0.024262
-0.011373
0.007061
-0.005002
-0.004779
0.009465
0.008775
-0.001853
0.000955
-0.002078
0.010141
-0.007018
-0.009394
0.023902
-0.003213
-0.000972
-0.005866
0.012035
-0.006707
0.000835
-0.000784
0.013905
-0.011126
0.011826
-0.016991
0.013359
0.011011
-0.017344
0.011106
0.007455
-0.005914
0.008121
-0.012237
0.011743
-0.004609
0.006325
-0.006662
0.017806
-0.012399
0.009244
-0.005231
-0.006265
0.026537
-0.012512
-0.008038
0.009197
0.003843
0.015057
-0.029049
0.025188
-0.006027
0.017720
-0.066053
0.104282
-0.054845
-0.011908
-0.004080
0.020086
0.009990
-0.013277
-0.011379
0.012718
0.011678
-0.012755
0.018208
-0.018152
0.012076
0.001355
-0.007584
0.001725
-0.000682
0.005891
0.000479
-0.000666
-0.003503
0.013281
-0.023641
0.026467
-0.008513
-0.007566
0.004200
0.003954
0.008813
-0.009520
-0.003401
-0.001413
0.011894
-0.008265
0.009938
-0.017948
0.027185
-0.019297
0.006336
-0.003280
0.005302
-0.001177
-0.010254
0.018264
0.001441
0.003215
-0.009706
0.007592
0.001671
-0.011207
0.013430
-0.003619
0.000130
-0.001649
0.011026
-0.014235
0.007001
-0.003036
0.004550
-0.001776
0.004123
-0.013850
0.027113
-0.036306
0.030498
-0.050268
0.174721
-0.398850
0.467017
