-1.075507
0.175721
-0.267779
-0.009361
0.096443
-0.066145
-0.090972
-0.021188
0.086376
-0.223933
0.238583
-0.218497
-0.018340
0.033650
-0.020553
-0.067131
-0.018530
-0.046489
-0.009135
0.017537
-0.137996
0.081780
-0.096503
-0.032175
0.044658
-0.107278
-0.010462
-0.009077
-0.022765
-0.059932
-0.006491
-0.042139
-0.020738
-0.021593
-0.052017
-0.006689
-0.055394
0.000805
-0.043018
-0.036136
-0.018271
-0.037769
-0.018980
-0.037120
-0.042904
0.001225
-0.053956
-0.029302
-0.004618
-0.074844
0.006788
-0.044235
-0.028217
0.001607
-0.108838
-0.012458
0.164903
-0.272143
-0.309167
0.884373
-0.100907
-2.537497
2.897709
4.387261
3.657423
1.887628
0.498867
0.402823
0.388694
0.205366
0.244658
0.378081
0.282923
0.734030
0.394641
0.122058
0.346316
0.525377
0.340817
0.298302
0.278489
0.233553
0.322654
0.268427
0.316834
0.250702
0.228574
0.359145
0.233912
0.206969
0.244138
0.354341
0.235711
0.246673
0.150799
0.263433
0.338903
0.187936
0.218975
0.198657
0.280476
0.223133
0.216883
0.200837
0.243168
0.208482
0.219137
0.203413
0.188433
0.216414
0.186157
0.219577
0.194475
0.164858
0.213208
0.203920
0.166792
0.175312
0.192515
0.186840
0.177529
0.173395
0.161480
0.195437
0.170436
0.184673
0.102269
0.217085
0.170291
0.127480
0.175827
0.151400
0.163702
0.158598
0.145042
0.144307
0.156010
0.127586
0.178651
0.150565
0.102429
0.123904
0.123329
0.169972
0.120546
0.096584
0.163504
0.129224
0.119772
0.095542
0.159734
0.111020
0.114395
0.101260
0.123752
0.123254
0.105481
0.109815
0.096588
0.135345
0.101203
0.083366
0.118764
0.132252
0.085159
0.095103
0.108621
0.105553
0.092475
0.082693
0.112890
0.121753
0.069616
0.072305
0.072571
0.129671
0.057904
0.072793
0.119893
0.087506
0.069670
0.077703
0.091186
0.080500
0.092508
0.051488
0.098235
0.086069
0.069073
0.054349
0.076210
0.107336
0.063218
0.046982
0.084332
0.095288
0.037195
0.079802
0.065555
0.072307
0.070002
0.046750
0.074355
0.078594
0.062561
0.036550
0.066664
0.096212
0.051028
0.023731
0.081561
0.081318
0.042159
0.042490
0.063387
0.070379
0.056502
0.029838
0.064617
0.077768
0.040208
0.039040
0.042394
0.084337
0.047265
0.014886
0.085854
0.053743
0.035645
0.033953
0.062286
0.047722
0.047458
0.026958
0.062826
0.046188
0.041637
0.033366
0.038109
0.064674
0.047962
-0.005449
0.081101
0.045664
0.018808
0.031703
0.054040
0.051689
0.020260
0.021620
0.067653
0.048957
0.008936
0.037051
0.028324
0.060618
0.030974
0.000114
0.067314
0.050845
-0.003014
0.041526
0.039113
0.029606
0.029687
0.016089
0.045871
0.044195
0.012879
0.017782
0.028041
0.047302
0.038259
-0.015227
0.048166
0.069595
-0.016842
0.026149
0.029624
0.037303
0.028327
-0.000716
0.038309
0.046271
0.015114
-0.006430
0.030375
0.056141
0.014880
-0.021784
0.051088
0.044501
-0.006238
0.013673
0.024078
0.035146
0.017121
0.005286
0.024894
0.029265
0.010883
0.010516
0.007954
0.048477
0.021159
-0.021601
0.055290
0.043358
-0.018722
0.004764
0.019132
0.041809
-0.001736
0.000361
0.018197
0.038828
0.005104
-0.002610
0.014649
0.032754
0.012945
-0.019656
0.036389
0.023642
-0.008086
0.018272
0.004541
0.018480
0.015114
0.002884
0.008813
0.024751
0.003582
0.003765
-0.004022
0.031560
0.017828
-0.038038
0.045148
0.018873
-0.022813
0.016762
0.009235
0.007330
0.007293
-0.012042
0.021332
0.015791
-0.004465
-0.004916
-0.000503
0.031005
0.001192
-0.028493
0.033117
0.012415
-0.015001
-0.002783
0.011758
0.005286
0.008107
-0.021881
0.029071
-0.001157
0.006269
-0.014132
-0.003126
0.036093
-0.007474
-0.023544
0.014740
0.026513
-0.024045
0.005533
-0.009838
0.023438
-0.011120
-0.012888
0.017212
0.008352
-0.012305
-0.011767
0.003569
0.015156
-0.001965
-0.028684
0.025201
-0.002089
-0.007030
-0.002615
-0.008924
0.017356
-0.009991
-0.008566
0.000240
0.011467
-0.011242
-0.010778
-0.010765
0.026465
-0.005429
-0.038715
0.029139
0.000835
-0.022046
0.006680
-0.008303
0.008785
-0.013940
-0.012173
0.017281
-0.009935
0.001729
-0.022886
0.000412
0.012445
0.006881
-0.050867
0.024147
0.008963
-0.030556
-0.000338
-0.002487
-0.001101
-0.006769
-0.024982
0.017881
0.002432
-0.018246
-0.011971
-0.018934
0.020349
0.008265
-0.059159
0.037424
0.003964
-0.039541
0.003474
-0.005477
-0.001901
-0.014583
-0.016494
0.011410
0.001741
-0.023643
-0.006736
-0.013915
0.020100
-0.017199
-0.037232
0.017693
0.011996
-0.030970
-0.010177
-0.004015
0.000387
-0.008682
-0.024232
-0.001297
0.009729
-0.015242
-0.017661
-0.018868
0.014624
0.000366
-0.043870
0.021812
0.000091
-0.033681
-0.006443
-0.003030
-0.005433
-0.011154
-0.020185
0.002859
0.003913
-0.019992
-0.010763
-0.016691
0.015033
-0.005530
-0.048370
0.026692
-0.007360
-0.026541
-0.014025
0.007108
-0.020599
-0.005678
-0.020798
0.002125
-0.002161
-0.013121
-0.021593
-0.015939
0.021562
-0.016678
-0.047474
0.030990
-0.012909
-0.027066
-0.010776
-0.005783
-0.000724
-0.012697
-0.031927
0.004823
0.002999
-0.016633
-0.023466
-0.008282
0.016527
-0.025039
-0.037877
0.015105
0.006269
-0.039939
-0.002479
-0.012926
-0.005103
-0.002643
-0.038006
0.013500
-0.009114
-0.013287
-0.027720
-0.019476
0.026406
-0.018487
-0.056803
0.033005
-0.001300
-0.038030
-0.006200
-0.018253
0.009919
-0.024290
-0.016690
-0.007389
0.001426
-0.021395
-0.025713
-0.016546
0.016397
-0.009187
-0.053862
0.015847
0.005103
-0.038585
-0.008861
-0.011631
-0.004186
-0.002719
-0.036729
0.008844
-0.002320
-0.023424
-0.015496
-0.024294
0.020470
-0.014302
-0.048643
0.027962
-0.000245
-0.035379
-0.015281
-0.005230
0.002282
-0.024413
-0.018059
-0.009354
0.007436
-0.034220
-0.012617
-0.014682
0.007014
-0.004083
-0.058063
0.024851
-0.007491
-0.033026
-0.015389
-0.002311
-0.012026
-0.009739
-0.030061
0.005755
-0.006444
-0.026454
-0.012096
-0.025941
0.020877
-0.009873
-0.052293
0.015448
0.000800
-0.031199
-0.021156
0.000125
-0.018397
-0.001121
-0.041963
0.014643
-0.011195
-0.016680
-0.028653
-0.014387
0.014037
-0.024818
-0.041984
0.018817
-0.010168
-0.032002
-0.008773
-0.007609
-0.021755
-0.015866
-0.014475
-0.007149
-0.001677
-0.020893
-0.025861
-0.009143
0.002578
-0.014694
-0.045076
0.011678
0.009872
-0.056205
-0.002826
-0.007616
-0.009110
-0.019006
-0.023676
-0.002491
-0.010484
-0.014170
-0.034291
-0.011041
0.009064
-0.006619
-0.065350
0.019620
-0.000183
-0.036986
-0.015790
-0.007987
-0.011596
-0.016901
-0.025742
0.001967
-0.003898
-0.022991
-0.030528
-0.013676
0.006141
-0.016109
-0.046596
0.010844
0.006894
-0.044202
-0.010722
-0.016453
0.003176
-0.031592
-0.020838
0.007258
-0.025889
-0.009358
-0.029545
-0.006367
-0.002073
-0.008564
-0.062810
0.023751
-0.009822
-0.031832
-0.014242
-0.015435
-0.013389
-0.011486
-0.019033
-0.013531
0.004326
-0.025824
-0.019753
-0.034985
0.023568
-0.016127
-0.058010
0.022051
-0.006732
-0.042317
-0.013499
-0.003312
-0.014025
-0.015226
-0.032280
0.000655
-0.004892
-0.026345
-0.026581
-0.016245
0.007321
-0.013494
-0.050751
0.007892
-0.000791
-0.040712
-0.009879
-0.009940
-0.020625
-0.006604
-0.031795
0.000580
-0.014087
-0.016928
-0.019348
-0.035475
0.016695
-0.016763
-0.054350
0.017065
-0.000394
-0.043541
-0.015518
-0.005545
-0.018941
-0.020710
-0.030516
0.011649
-0.015005
-0.017147
-0.044592
-0.007063
0.008173
-0.024385
-0.044710
0.009881
-0.006070
-0.035698
-0.012153
-0.015172
-0.011299
-0.020058
-0.035971
0.001528
-0.001471
-0.029824
-0.026235
-0.023651
0.009446
-0.018949
-0.053832
0.012315
-0.003885
-0.040813
-0.010288
-0.031032
0.021432
-0.053882
-0.006253
-0.018481
-0.003125
-0.020088
-0.035265
-0.012276
-0.008850
-0.001022
-0.067137
0.023842
-0.020597
-0.019665
-0.043449
0.010593
-0.028922
-0.000926
-0.049003
0.006876
-0.016940
-0.014645
-0.033486
-0.027025
0.012713
-0.015104
-0.061586
0.021997
-0.005010
-0.043938
0.008856
-0.022740
-0.018879
-0.023502
-0.030427
0.004804
-0.012132
-0.028207
-0.025906
-0.020023
0.006586
-0.011290
-0.063092
0.019906
-0.018170
-0.026711
-0.018274
-0.020954
-0.005611
-0.024426
-0.025496
-0.014348
0.000777
-0.033638
-0.006586
-0.052133
0.022713
-0.019694
-0.058072
0.013250
-0.010040
-0.037860
-0.025652
-0.000878
-0.026789
-0.011539
-0.041456
0.006119
-0.011869
-0.030626
-0.031051
-0.022807
0.009224
-0.019210
-0.055337
-0.008809
0.046467
-0.050831
-0.027729
-0.023956
-0.014818
-0.006598
-0.044346
-0.008459
-0.006392
-0.016181
-0.032435
-0.026032
0.009136
-0.027579
-0.054949
0.019604
-0.011836
-0.042329
-0.016475
-0.018276
-0.010561
-0.020470
-0.034448
-0.000808
-0.012703
-0.032577
-0.027027
-0.019423
0.009609
-0.024168
-0.062915
0.028262
-0.028684
-0.024879
-0.030152
-0.006616
-0.017517
-0.022906
-0.031220
-0.007597
-0.012118
-0.028603
-0.015114
-0.039504
0.014590
-0.024717
-0.054468
0.005236
0.001315
-0.060493
0.020569
-0.071733
0.047457
-0.105390
0.090876
-0.206063
0.249201
-0.252806
0.089343
-0.071370
0.014839
-0.010768
-0.067460
0.016036
-0.022944
-0.016777
-0.061291
0.039826
-0.076275
0.006857
-0.030223
-0.021121
-0.008786
-0.030784
-0.024305
-0.020850
0.000954
-0.046258
-0.015540
-0.025892
-0.001976
-0.039101
-0.029126
-0.007686
-0.023970
-0.023491
-0.035566
-0.000055
-0.010525
-0.028442
-0.035359
-0.016891
0.002702
-0.034671
-0.036345
-0.018292
0.004056
-0.043814
-0.028954
-0.006136
-0.025107
-0.026734
-0.026754
-0.018274
-0.007742
-0.024321
-0.055194
-0.001066
-0.010932
-0.034879
-0.030204
-0.019094
-0.000444
-0.034782
-0.051031
-0.008816
0.015089
-0.032204
-0.137668
0.147353
-0.065645
-0.068972
-0.060008
-0.037410
0.018492
-0.020320
-0.054042
-0.006684
-0.017413
-0.049671
0.008407
-0.062861
-0.026715
-0.010130
-0.027285
-0.034657
-0.022857
-0.041899
-0.011993
-0.028439
-0.036811
-0.011554
-0.056490
-0.012116
-0.005801
-0.063356
-0.027682
-0.009736
-0.032633
-0.038408
-0.032966
-0.023668
-0.004946
-0.047526
-0.033896
-0.026015
-0.024724
-0.029067
-0.048448
-0.012425
-0.025984
-0.036836
-0.048200
0.002627
-0.055522
-0.016592
-0.052602
-0.008950
-0.034904
-0.038273
-0.035969
-0.023253
-0.040468
-0.016218
-0.052097
-0.021289
-0.025007
-0.053133
-0.018862
-0.042274
-0.005210
-0.122480
0.159221
-0.294434
0.180277
-0.319527
0.983346
-2.318531
2.566573
