0.002425
0.002117
0.001681
0.001194
0.000726
0.000334
0.000044
-0.000141
-0.000239
-0.000278
-0.000287
-0.000286
-0.000289
-0.000300
-0.000319
-0.000342
-0.000366
-0.000387
-0.000405
-0.000420
-0.000432
-0.000441
-0.000449
-0.000455
-0.000457
-0.000457
-0.000454
-0.000448
-0.000439
-0.000430
-0.000422
-0.000416
-0.000412
-0.000413
-0.000418
-0.000427
-0.000439
-0.000453
-0.000466
-0.000479
-0.000491
-0.000499
-0.000503
-0.000496
-0.000463
-0.000374
-0.000167
0.000270
0.001138
0.002764
0.005653
0.010524
0.018326
0.030192
0.047311
0.070712
0.100964
0.137855
0.180135
0.225420
0.270348
0.310992
0.343491
0.364735
0.372955
0.368030
0.351464
0.326014
0.295108
0.262210
0.230279
0.201435
0.176858
0.156890
0.141252
0.129304
0.120272
0.113420
0.108135
0.103956
0.100566
0.097753
0.095379
0.093348
0.091584
0.090022
0.088605
0.087281
0.086008
0.084755
0.083499
0.082233
0.080956
0.079673
0.078394
0.077126
0.075875
0.074644
0.073431
0.072235
0.071056
0.069897
0.068764
0.067666
0.066609
0.065600
0.064642
0.063733
0.062868
0.062038
0.061232
0.060440
0.059653
0.058865
0.058075
0.057283
0.056493
0.055708
0.054933
0.054172
0.053426
0.052697
0.051985
0.051292
0.050615
0.049954
0.049308
0.048675
0.048053
0.047442
0.046842
0.046253
0.045677
0.045118
0.044576
0.044057
0.043559
0.043081
0.042619
0.042166
0.041710
0.041243
0.040753
0.040233
0.039679
0.039093
0.038479
0.037848
0.037211
0.036582
0.035972
0.035388
0.034833
0.034306
0.033804
0.033321
0.032850
0.032388
0.031934
0.031489
0.031057
0.030642
0.030251
0.029889
0.029559
0.029264
0.029004
0.028777
0.028576
0.028396
0.028228
0.028060
0.027884
0.027689
0.027467
0.027213
0.026924
0.026603
0.026255
0.025886
0.025506
0.025122
0.024742
0.024368
0.024005
0.023651
0.023307
0.022971
0.022643
0.022324
0.022015
0.021719
0.021440
0.021179
0.020940
0.020722
0.020523
0.020339
0.020163
0.019988
0.019805
0.019606
0.019388
0.019149
0.018894
0.018627
0.018360
0.018099
0.017854
0.017629
0.017425
0.017239
0.017068
0.016905
0.016743
0.016576
0.016399
0.016212
0.016014
0.015809
0.015599
0.015389
0.015181
0.014974
0.014768
0.014561
0.014348
0.014126
0.013895
0.013655
0.013411
0.013169
0.012937
0.012723
0.012537
0.012383
0.012262
0.012173
0.012110
0.012062
0.012021
0.011975
0.011917
0.011842
0.011747
0.011635
0.011510
0.011377
0.011240
0.011102
0.010965
0.010827
0.010685
0.010535
0.010373
0.010200
0.010015
0.009822
0.009627
0.009438
0.009259
0.009098
0.008956
0.008834
0.008731
0.008643
0.008568
0.008502
0.008441
0.008384
0.008328
0.008270
0.008208
0.008142
0.008068
0.007985
0.007891
0.007786
0.007668
0.007538
0.007395
0.007242
0.007083
0.006922
0.006765
0.006617
0.006483
0.006367
0.006269
0.006187
0.006118
0.006058
0.006003
0.005947
0.005889
0.005828
0.005765
0.005702
0.005642
0.005589
0.005544
0.005509
0.005482
0.005461
0.005441
0.005418
0.005386
0.005342
0.005283
0.005209
0.005121
0.005022
0.004916
0.004806
0.004696
0.004588
0.004482
0.004379
0.004280
0.004187
0.004099
0.004017
0.003941
0.003871
0.003802
0.003733
0.003662
0.003587
0.003510
0.003433
0.003356
0.003284
0.003218
0.003158
0.003108
0.003066
0.003035
0.003014
0.003003
0.003002
0.003008
0.003021
0.003040
0.003062
0.003087
0.003113
0.003136
0.003153
0.003159
0.003150
0.003120
0.003069
0.002995
0.002902
0.002797
0.002684
0.002572
0.002467
0.002372
0.002289
0.002220
0.002163
0.002117
0.002082
0.002055
0.002036
0.002021
0.002007
0.001992
0.001974
0.001951
0.001925
0.001897
0.001868
0.001841
0.001816
0.001795
0.001779
0.001766
0.001755
0.001745
0.001733
0.001717
0.001696
0.001670
0.001638
0.001602
0.001562
0.001520
0.001474
0.001424
0.001369
0.001308
0.001242
0.001172
0.001105
0.001045
0.000998
0.000968
0.000959
0.000970
0.001000
0.001048
0.001112
0.001191
0.001286
0.001398
0.001528
0.001674
0.001832
0.001996
0.002159
0.002312
0.002447
0.002559
0.002642
0.002693
0.002709
0.002689
0.002633
0.002543
0.002426
0.002287
0.002139
0.001992
0.001856
0.001742
0.001654
0.001594
0.001557
0.001535
0.001517
0.001492
0.001451
0.001389
0.001309
0.001216
0.001120
0.001033
0.000962
0.000910
0.000877
0.000856
0.000841
0.000824
0.000801
0.000768
0.000728
0.000685
0.000642
0.000606
0.000581
0.000569
0.000570
0.000582
0.000603
0.000627
0.000651
0.000669
0.000679
0.000679
0.000669
0.000650
0.000624
0.000594
0.000561
0.000527
0.000495
0.000464
0.000436
0.000415
0.000402
0.000400
0.000408
0.000425
0.000449
0.000475
0.000498
0.000513
0.000518
0.000512
0.000495
0.000470
0.000441
0.000412
0.000386
0.000363
0.000346
0.000332
0.000320
0.000310
0.000298
0.000285
0.000270
0.000251
0.000230
0.000204
0.000175
0.000144
0.000112
0.000085
0.000067
0.000061
0.000069
0.000090
0.000118
0.000149
0.000174
0.000189
0.000190
0.000178
0.000158
0.000135
0.000118
0.000112
0.000121
0.000146
0.000183
0.000227
0.000271
0.000309
0.000337
0.000354
0.000361
0.000361
0.000358
0.000353
0.000346
0.000336
0.000322
0.000303
0.000278
0.000251
0.000224
0.000200
0.000182
0.000171
0.000165
0.000161
0.000154
0.000142
0.000122
0.000094
0.000060
0.000023
-0.000011
-0.000039
-0.000055
-0.000059
-0.000050
-0.000032
-0.000008
0.000018
0.000040
0.000057
0.000067
0.000070
0.000066
0.000058
0.000046
0.000031
0.000016
0.000003
-0.000007
-0.000013
-0.000016
-0.000016
-0.000016
-0.000017
-0.000021
-0.000027
-0.000034
-0.000043
-0.000050
-0.000056
-0.000059
-0.000059
-0.000053
-0.000042
-0.000024
-0.000003
0.000021
0.000043
0.000058
0.000063
0.000057
0.000039
0.000013
-0.000017
-0.000046
-0.000069
-0.000083
-0.000087
-0.000082
-0.000071
-0.000058
-0.000045
-0.000039
-0.000039
-0.000049
-0.000067
-0.000092
-0.000119
-0.000145
-0.000167
-0.000181
-0.000184
-0.000174
-0.000150
-0.000111
-0.000062
-0.000004
0.000056
0.000111
0.000155
0.000182
0.000188
0.000172
0.000137
0.000088
0.000029
-0.000031
-0.000085
-0.000128
-0.000154
-0.000159
-0.000144
-0.000109
-0.000060
-0.000003
0.000054
0.000100
0.000129
0.000135
0.000117
0.000077
0.000022
-0.000039
-0.000097
-0.000141
-0.000166
-0.000168
-0.000148
-0.000108
-0.000056
0.000002
0.000058
0.000105
0.000140
0.000161
0.000168
0.000164
0.000153
0.000137
0.000119
0.000100
0.000081
0.000063
0.000047
0.000034
0.000025
0.000022
0.000023
0.000026
0.000029
0.000028
0.000023
0.000012
-0.000003
-0.000019
-0.000033
-0.000044
-0.000048
-0.000045
-0.000037
-0.000024
-0.000010
0.000005
0.000021
0.000037
0.000056
0.000080
0.000110
0.000145
0.000182
0.000216
0.000242
0.000255
0.000252
0.000233
0.000200
0.000159
0.000117
0.000079
0.000051
0.000034
0.000029
0.000034
0.000045
0.000059
0.000073
0.000084
0.000091
0.000094
0.000093
0.000088
0.000082
0.000078
0.000080
0.000093
0.000126
0.000186
0.000283
0.000425
0.000617
0.000862
0.001154
0.001478
0.001811
0.002124
0.002386
0.002569
0.002656
0.002640
0.002530
0.002345
0.002114
0.001865
0.001625
0.001413
0.001240
0.001108
0.001014
0.000950
0.000908
0.000879
0.000856
0.000833
0.000810
0.000786
0.000762
0.000739
0.000716
0.000693
0.000669
0.000643
0.000614
0.000583
0.000551
0.000523
0.000502
0.000492
0.000497
0.000519
0.000558
0.000613
0.000678
0.000749
0.000819
0.000880
0.000925
0.000949
0.000949
0.000926
0.000884
0.000827
0.000764
0.000702
0.000646
0.000601
0.000571
0.000555
0.000554
0.000566
0.000589
0.000618
0.000651
0.000683
0.000708
0.000723
0.000725
0.000714
0.000691
0.000657
0.000617
0.000575
0.000537
0.000505
0.000484
0.000476
0.000481
0.000497
0.000522
0.000551
0.000580
0.000607
0.000627
0.000640
0.000643
0.000637
0.000625
0.000610
0.000595
0.000585
0.000586
0.000599
0.000626
0.000664
0.000708
0.000752
0.000788
0.000813
0.000821
0.000813
0.000790
0.000754
0.000710
0.000663
0.000616
0.000573
0.000538
0.000512
0.000498
0.000495
0.000503
0.000520
0.000543
0.000570
0.000596
0.000620
0.000635
0.000640
0.000634
0.000616
0.000591
0.000563
0.000537
0.000521
0.000518
0.000528
0.000549
0.000576
0.000602
0.000620
0.000623
0.000611
0.000583
0.000545
0.000502
0.000463
0.000433
0.000417
0.000417
0.000432
0.000460
0.000496
0.000535
0.000574
0.000608
0.000635
0.000652
0.000660
0.000661
0.000655
0.000646
0.000635
0.000626
0.000619
0.000615
0.000614
0.000617
0.000624
0.000637
0.000657
0.000685
0.000721
0.000765
0.000815
0.000867
0.000916
0.000956
0.000980
0.000985
0.000969
0.000934
0.000884
0.000826
0.000768
0.000715
0.000673
0.000644
0.000628
0.000623
0.000626
0.000633
0.000640
0.000642
0.000637
0.000623
0.000602
0.000575
0.000547
0.000522
0.000501
0.000489
0.000483
0.000482
0.000484
0.000487
0.000489
0.000489
0.000487
0.000483
0.000479
0.000477
0.000477
0.000481
0.000491
0.000509
0.000537
0.000575
0.000624
0.000684
0.000757
0.000841
0.000935
0.001035
0.001136
0.001232
0.001316
0.001379
0.001415
0.001422
0.001397
0.001342
0.001261
0.001160
0.001047
0.000930
0.000817
0.000717
0.000634
0.000571
0.000529
0.000502
0.000485
0.000467
0.000436
0.000381
0.000294
0.000170
0.000010
-0.000178
-0.000378
-0.000571
-0.000736
-0.000857
-0.000923
-0.000935
-0.000901
-0.000836
-0.000758
-0.000682
-0.000621
-0.000580
-0.000557
-0.000551
-0.000553
-0.000561
-0.000572
-0.000585
-0.000603
-0.000627
-0.000661
-0.000704
-0.000754
-0.000805
-0.000854
-0.000897
-0.000931
-0.000957
-0.000976
-0.000994
-0.001013
-0.001036
-0.001063
-0.001095
-0.001129
-0.001164
-0.001198
-0.001231
-0.001261
-0.001290
-0.001318
-0.001346
-0.001377
-0.001411
-0.001451
-0.001498
-0.001552
-0.001611
-0.001673
-0.001735
-0.001791
-0.001840
-0.001878
-0.001904
-0.001919
-0.001920
-0.001907
-0.001875
-0.001816
-0.001720
-0.001571
-0.001349
-0.001037
-0.000625
-0.000116
0.000468
0.001082
0.001663
0.002139
0.002447
0.002545
