-0.963797
0.177267
-0.220475
-0.002807
0.102429
-0.053354
-0.054774
-0.013930
0.095896
-0.187393
0.221130
-0.178718
-0.004898
0.057268
-0.023600
-0.040621
-0.001098
-0.026239
0.003549
0.030463
-0.106781
0.076563
-0.059376
-0.025133
0.054454
-0.075786
0.000952
0.003198
0.000161
-0.044960
0.012121
-0.038522
0.008099
-0.006665
-0.032509
0.001913
-0.033310
0.016549
-0.024267
-0.015477
-0.017916
-0.003859
-0.011388
-0.008065
-0.037635
0.019245
-0.036006
-0.006965
0.000932
-0.047784
0.027801
-0.044740
0.001884
0.005968
-0.057101
-0.040595
0.198413
-0.253601
-0.163747
0.466521
0.457462
-2.612074
2.567937
3.200128
2.160126
0.677154
0.127936
0.147976
0.103898
0.048434
0.119786
0.324837
0.217945
0.607883
0.293203
0.145043
0.333789
0.441532
0.290659
0.225491
0.256923
0.220404
0.291728
0.178361
0.349366
0.194397
0.192527
0.325584
0.212943
0.164922
0.251552
0.300100
0.189433
0.257106
0.142848
0.227012
0.321962
0.158627
0.203376
0.208828
0.235902
0.214983
0.207634
0.183278
0.227939
0.210266
0.197307
0.197041
0.197366
0.205009
0.183011
0.223294
0.198511
0.148552
0.224229
0.190631
0.177308
0.175032
0.182922
0.187184
0.196086
0.158320
0.176585
0.183804
0.171875
0.180966
0.133338
0.193832
0.185365
0.130216
0.177426
0.166722
0.151512
0.158149
0.155559
0.141894
0.168001
0.136576
0.166006
0.151202
0.134148
0.151283
0.123070
0.172529
0.130208
0.110845
0.161167
0.149800
0.110769
0.138136
0.127254
0.128705
0.134772
0.120751
0.127318
0.130097
0.123651
0.120465
0.102506
0.140815
0.117193
0.089250
0.137017
0.128971
0.080538
0.126731
0.115159
0.093579
0.100977
0.090243
0.124707
0.105913
0.088778
0.102676
0.078156
0.143816
0.072967
0.068066
0.133655
0.098855
0.070270
0.078577
0.120426
0.082935
0.089976
0.068183
0.110906
0.079196
0.082100
0.076547
0.079296
0.098268
0.078728
0.058136
0.094700
0.103361
0.042880
0.085867
0.069977
0.088547
0.060538
0.060264
0.091097
0.068042
0.085157
0.046440
0.063483
0.090747
0.071319
0.028507
0.096020
0.072145
0.048699
0.056556
0.070662
0.064000
0.061416
0.038633
0.074108
0.078614
0.037947
0.056400
0.054236
0.083148
0.043680
0.021125
0.096472
0.058865
0.032139
0.044774
0.070778
0.038827
0.069913
0.019215
0.071092
0.047456
0.057744
0.027890
0.045506
0.066022
0.051545
0.009374
0.075279
0.052414
0.013950
0.055167
0.043920
0.055917
0.024631
0.032706
0.058580
0.048452
0.026982
0.040111
0.036848
0.066388
0.034298
0.011052
0.067907
0.039510
0.023275
0.027649
0.052344
0.029536
0.042029
0.014802
0.043108
0.056889
0.020832
0.021002
0.028670
0.059175
0.032493
-0.009641
0.051572
0.054440
0.007781
0.024206
0.042559
0.026932
0.033081
0.000078
0.065336
0.026938
0.007708
0.021173
0.042326
0.037049
0.015632
0.002222
0.061691
0.028473
-0.000690
0.035737
0.026897
0.030035
0.026172
0.011987
0.025604
0.037014
0.013472
0.021706
0.013331
0.032068
0.037627
-0.009938
0.043284
0.039992
-0.012875
0.038714
0.009059
0.029707
0.018373
0.010024
0.025422
0.027675
0.025225
-0.006613
0.020414
0.034877
0.028392
-0.024433
0.042172
0.035424
-0.005139
0.016737
0.019959
0.012357
0.032630
-0.002883
0.024146
0.016024
0.018133
0.012252
-0.004096
0.043171
0.019812
-0.039031
0.060979
0.012982
-0.001257
0.005106
0.027052
0.016777
0.004976
-0.008357
0.032866
0.027053
-0.013209
0.015777
-0.004548
0.045031
0.007910
-0.024960
0.050323
0.010215
-0.011153
0.011503
0.016264
0.007881
0.015271
-0.009327
0.035817
-0.005460
0.017533
0.004785
-0.004368
0.023065
0.024199
-0.034149
0.037020
0.020540
-0.014832
0.006332
0.009314
0.016951
0.004991
-0.009138
0.019681
0.021977
-0.009777
0.006326
-0.004283
0.026592
0.012783
-0.034962
0.040184
0.010002
-0.010302
0.010900
0.007116
0.005946
0.007033
-0.003788
0.011528
0.015489
-0.000863
0.006808
-0.018635
0.039104
-0.004942
-0.021908
0.036302
0.013219
-0.018939
0.008487
0.006353
0.007963
0.001158
-0.009138
0.032461
-0.009656
0.010643
-0.013184
0.004260
0.025451
0.004336
-0.028138
0.025300
0.016947
-0.018249
-0.000065
0.014127
-0.002130
0.016482
-0.020460
0.012761
0.016707
-0.009066
0.007870
-0.020617
0.030482
0.006708
-0.042681
0.049024
-0.000265
-0.018123
0.002215
0.017601
-0.004513
-0.004439
-0.000921
0.014885
0.001201
-0.002738
0.002832
-0.017078
0.027228
0.000878
-0.023846
0.022471
0.017270
-0.028909
0.007792
0.011076
-0.004350
0.009713
-0.021484
0.016420
0.006690
-0.006434
-0.002399
-0.011634
0.026076
0.009412
-0.048416
0.041355
0.007717
-0.027237
0.012105
-0.004666
0.003024
0.009635
-0.022852
0.011914
0.020798
-0.012055
-0.001984
-0.017554
0.030534
0.004064
-0.033006
0.019709
0.015230
-0.030833
0.009793
0.006143
0.003527
-0.012798
-0.000266
0.006858
0.004337
-0.003541
-0.000725
-0.015709
0.025005
-0.001097
-0.037544
0.032381
0.003825
-0.021908
0.011809
-0.003460
0.002959
-0.004816
-0.013510
0.017143
0.000671
-0.003181
-0.003835
-0.011100
0.022989
-0.001838
-0.035641
0.016641
0.026409
-0.032312
0.005370
0.002018
-0.005943
0.009022
-0.016787
0.013581
0.006605
-0.010505
-0.011151
-0.009951
0.024897
-0.004405
-0.030858
0.029452
0.000499
-0.018500
-0.000295
0.006822
-0.001881
-0.003795
-0.010262
0.010104
0.006457
-0.010180
-0.017406
0.002791
0.020299
-0.000193
-0.041326
0.025845
0.013804
-0.026167
-0.001974
0.002881
0.004048
0.003131
-0.017212
0.007682
0.014523
-0.012436
-0.015246
-0.009511
0.031582
0.001173
-0.051243
0.045422
0.014996
-0.039020
0.006638
-0.003012
0.020285
-0.020930
-0.004882
0.006144
0.010861
-0.016981
0.000233
-0.014635
0.012196
0.018919
-0.040900
0.022301
0.004271
-0.016602
-0.007552
0.012691
-0.010828
0.005678
-0.018288
0.016526
-0.001208
-0.015021
0.012046
-0.024955
0.027053
-0.006869
-0.027581
0.025706
0.004890
-0.025888
0.000778
0.002739
0.000196
0.006876
-0.027617
0.018068
0.002260
-0.005558
-0.009325
-0.016621
0.026192
0.001911
-0.047075
0.039177
-0.005514
-0.009905
-0.014477
0.016099
-0.017757
0.006571
-0.013758
0.004030
0.012540
-0.013171
-0.004980
-0.006857
0.016656
-0.005604
-0.033937
0.032174
0.004379
-0.028803
0.002871
0.000282
-0.000059
-0.001251
-0.014383
0.010403
-0.000726
-0.001122
-0.013206
-0.024620
0.040104
-0.005744
-0.042305
0.019798
0.015152
-0.022046
0.004920
-0.011614
0.010071
-0.010218
-0.011534
0.015599
-0.009808
-0.000098
-0.008432
-0.012494
0.007190
0.016267
-0.043725
0.027914
0.006340
-0.030291
0.012433
-0.014596
0.014164
-0.014284
-0.011611
0.010459
0.002753
-0.009957
-0.013432
-0.004836
0.025007
-0.006818
-0.044813
0.038003
0.002016
-0.036631
0.010640
-0.001010
-0.001113
-0.003521
-0.009241
0.014059
-0.006245
-0.014079
-0.003325
-0.005911
0.010007
0.009246
-0.051493
0.040257
0.001339
-0.030544
0.002773
-0.001345
0.000400
-0.000139
-0.012149
-0.004321
0.016513
-0.014385
-0.013367
-0.009364
0.024694
-0.007244
-0.039387
0.025571
0.009305
-0.029654
0.005400
0.006780
-0.009184
-0.003180
-0.008508
0.004746
0.001185
-0.011248
-0.001719
-0.023604
0.031124
-0.006621
-0.044050
0.039444
0.009370
-0.031304
-0.010142
0.009164
0.006252
-0.011161
-0.019735
0.016311
0.001689
-0.011703
-0.016998
-0.003048
0.019202
-0.006484
-0.025006
0.012540
0.005239
-0.019836
0.000621
-0.005458
0.001348
0.000047
-0.019738
0.005331
0.001872
-0.002988
-0.012561
-0.015143
0.020163
0.002043
-0.038161
0.010863
0.018501
-0.035213
0.010033
-0.017982
0.032097
-0.040977
0.010788
-0.010474
0.015068
-0.020535
-0.003029
-0.009516
0.001919
0.012591
-0.043615
0.032228
-0.009139
-0.011131
-0.012309
0.004987
-0.011886
0.006030
-0.019468
0.013233
-0.010419
-0.000155
-0.005748
-0.029523
0.028993
-0.002281
-0.048682
0.036942
0.015571
-0.040456
0.016601
-0.013174
0.014981
-0.021623
-0.007712
0.000041
0.013631
-0.022999
-0.000822
-0.017049
0.023722
-0.000852
-0.050031
0.034878
-0.004722
-0.020869
-0.005272
0.006301
-0.000322
-0.006844
-0.025208
0.018187
-0.004700
-0.012512
-0.007309
-0.022792
0.036717
-0.011140
-0.052574
0.040824
0.000942
-0.031802
-0.010817
0.023480
-0.023984
0.004294
-0.020035
0.011332
-0.003398
-0.010298
-0.009489
-0.025868
0.040122
-0.016002
-0.043737
0.026505
0.048164
-0.054016
-0.002945
-0.010446
-0.000869
0.011095
-0.032108
0.005524
-0.001579
0.003546
-0.007449
-0.029669
0.030333
-0.013540
-0.033156
0.017143
0.011760
-0.033930
0.002612
-0.001171
0.000707
-0.010372
-0.020677
0.015165
0.004893
-0.020507
-0.010716
-0.016381
0.033232
-0.015938
-0.040321
0.024760
-0.001737
-0.016417
-0.002639
-0.010458
0.008358
-0.011513
-0.021015
0.011426
-0.002147
-0.007777
-0.002780
-0.035261
0.036754
-0.012042
-0.043292
0.026879
0.014807
-0.051843
0.035560
-0.051310
0.055719
-0.080300
0.090640
-0.167884
0.230203
-0.210193
0.090248
-0.043452
0.023368
0.001059
-0.052145
0.029966
-0.001337
-0.007858
-0.039270
0.041910
-0.043092
0.015532
-0.023605
0.004374
0.000134
-0.010624
-0.018267
-0.002055
0.009986
-0.022300
-0.013191
0.002386
0.012197
-0.028161
-0.013244
0.007354
-0.005075
-0.018953
-0.007938
0.007983
0.003269
-0.018445
-0.013858
-0.013230
0.029986
-0.030061
-0.018879
0.000699
0.013895
-0.027775
-0.016045
0.015008
-0.018910
0.001611
-0.019229
-0.007470
0.006983
-0.008038
-0.027642
-0.003658
0.011759
-0.016163
-0.031693
0.010631
0.011814
-0.011754
-0.057224
0.031622
-0.003683
0.029674
-0.168427
0.193813
-0.078365
-0.038097
-0.042956
0.002768
0.015796
-0.004617
-0.033408
0.002116
0.009130
-0.047855
0.027157
-0.035787
-0.017275
0.005628
-0.020115
-0.004075
-0.016721
-0.016125
-0.008571
-0.001089
-0.029013
0.017255
-0.050221
0.006949
0.005760
-0.040354
-0.009806
0.000211
-0.018637
-0.012489
-0.020083
-0.006081
-0.000209
-0.032844
-0.000478
-0.027075
0.000474
-0.011916
-0.029956
-0.005023
0.000528
-0.029231
-0.023591
0.005674
-0.024172
-0.010313
-0.028067
-0.001001
-0.006943
-0.030795
-0.015617
-0.004868
-0.023760
-0.002174
-0.038124
-0.004230
0.001882
-0.053132
0.016584
-0.041065
0.019084
-0.103576
0.159367
-0.248562
0.177178
-0.285493
0.913857
-2.086238
2.334963
