-0.294304
0.061088
-0.066892
-0.001408
0.036500
-0.007206
-0.016470
-0.007066
0.040014
-0.061119
0.078116
-0.060499
0.004591
0.018472
0.005169
-0.019953
0.007355
-0.007666
0.006550
0.002595
-0.022059
0.032171
-0.024435
0.005231
0.007043
-0.012037
0.005888
-0.009962
0.023447
-0.025532
0.010408
-0.002593
-0.010996
0.016954
-0.010591
0.003122
-0.024268
0.040546
-0.029866
0.020528
-0.023045
0.009442
0.012986
-0.022602
0.000555
0.014133
-0.008712
-0.004479
0.008863
-0.023812
0.028843
-0.020084
0.004037
0.009215
-0.021693
-0.000092
0.073531
-0.130448
0.029648
0.157644
0.044744
-0.828464
2.019674
0.770282
0.604953
0.403698
0.338154
0.217085
0.180062
0.071759
0.104058
0.042173
0.155538
0.222653
-0.059267
0.046302
0.150790
0.127577
0.031581
0.081126
0.075536
0.069612
0.077602
0.098245
0.067979
0.045043
0.102910
0.096524
0.025885
0.069017
0.098437
0.080149
0.036459
0.082406
0.047954
0.073267
0.100141
0.037759
0.044079
0.080951
0.066600
0.058958
0.043010
0.055245
0.082301
0.042718
0.056358
0.045060
0.059815
0.047898
0.051369
0.064958
0.043448
0.057987
0.047079
0.053196
0.029680
0.053608
0.061933
0.036287
0.039998
0.053164
0.034982
0.051647
0.030108
0.049915
0.031207
0.058007
0.033765
0.037895
0.043714
0.022109
0.064985
0.033006
0.027564
0.034844
0.035685
0.044313
0.028856
0.048855
0.011578
0.044297
0.038969
0.044957
0.002155
0.029215
0.070967
-0.012594
0.051727
0.010000
0.059906
0.006263
0.035975
0.039102
0.035772
0.011053
0.034627
0.015471
0.031847
0.035659
0.018683
0.026270
0.026955
0.022543
0.006261
0.053488
0.006315
0.045405
-0.009744
0.039472
0.032838
0.015400
0.002407
0.044628
0.020757
0.028552
-0.000840
0.030488
0.039189
0.000217
0.018258
0.017330
0.035559
0.005606
0.018292
0.010902
0.029134
0.031504
-0.001236
0.009286
0.035512
0.023345
-0.009417
0.024961
0.015509
0.031042
-0.007045
0.027258
0.016474
0.015776
-0.000385
0.029303
0.016376
-0.006204
0.042275
-0.004388
0.013823
0.026132
0.014581
-0.019854
0.036938
0.023401
-0.003716
0.018839
0.004197
0.013930
0.011544
0.020551
0.003208
0.012936
0.017604
-0.000351
0.013081
0.012869
0.017000
-0.003579
0.023760
-0.002421
0.014635
0.007176
0.019034
-0.006676
0.019819
0.011442
0.009433
0.005058
0.013507
0.011785
0.006469
0.011343
0.009475
0.002907
0.024482
-0.009088
0.011375
0.022623
-0.000522
0.001294
0.011510
0.003177
0.022107
0.000080
-0.002758
0.019597
0.002199
0.018221
-0.004071
-0.000368
0.024533
-0.005504
0.009643
0.008852
-0.002184
0.014133
0.007169
0.002197
0.002192
0.007742
0.019157
-0.003003
-0.002999
0.023060
0.002517
-0.007564
0.017261
0.011400
-0.013203
0.017594
-0.001140
0.010398
0.000647
0.004651
0.013918
-0.005340
0.012130
-0.007744
0.017980
0.010564
0.005174
-0.012640
0.011389
0.011995
-0.008233
0.007526
0.007271
0.003438
-0.003003
0.013229
-0.002151
0.002983
0.003490
0.000895
0.000620
0.021048
-0.014450
0.007833
0.007688
0.005316
-0.002419
0.011925
-0.006051
0.016407
-0.003470
0.002820
-0.001316
0.006536
0.007127
-0.008000
0.005587
0.013060
0.005005
-0.024531
0.023572
0.003206
-0.006447
0.009399
-0.006410
0.008748
0.004418
-0.016221
0.014284
0.020072
-0.016958
-0.000552
-0.003077
0.027235
-0.021337
-0.007595
0.032684
-0.014017
-0.003053
-0.004367
0.026984
-0.015702
0.008341
-0.010817
0.028530
-0.018322
0.003631
-0.005254
0.009644
0.006552
-0.005237
-0.009605
0.024411
-0.016332
-0.002358
0.016570
-0.005396
-0.007449
0.007844
-0.005253
0.016297
-0.010994
0.010351
-0.005600
-0.014783
0.030831
-0.010953
-0.009341
0.005223
0.007887
-0.008243
0.004586
-0.008745
0.021201
-0.017830
0.003615
0.007553
0.002910
-0.005585
-0.004920
0.008291
-0.000762
-0.010769
-0.001474
0.018764
-0.013419
0.001953
0.001894
0.000447
0.006797
-0.004978
-0.001814
0.006587
-0.013325
0.011359
-0.020804
0.019597
0.004518
-0.002845
-0.015133
0.018136
-0.010421
0.002299
0.004719
-0.006253
0.003690
-0.012915
0.018286
-0.013379
0.013932
-0.006063
-0.010555
0.015831
-0.003448
0.006124
-0.014047
0.017196
-0.016886
0.005469
-0.000054
-0.000088
0.001943
-0.009011
0.010081
0.001438
-0.003387
-0.006864
0.017009
-0.027165
0.028147
-0.020696
0.004270
0.007923
-0.004222
-0.012394
0.015551
0.000997
-0.016658
0.007739
0.000559
0.001722
-0.007112
0.009313
-0.022623
0.005361
0.017842
-0.002474
-0.022394
0.019635
-0.007527
0.002381
-0.011096
0.007026
-0.003257
0.003045
-0.013858
0.008282
0.001713
0.006754
-0.012903
0.005039
0.003573
-0.002128
-0.016245
0.020076
-0.011376
-0.004908
-0.000107
0.000859
0.008842
-0.011876
-0.006654
0.013496
0.001554
-0.010466
-0.006692
0.009559
-0.004085
0.003721
-0.022920
0.028040
-0.006447
-0.014905
0.003194
0.004782
-0.003364
-0.000529
0.000320
0.006872
-0.006521
0.004680
-0.003674
-0.001917
0.005210
-0.007282
-0.000198
0.003313
-0.004223
0.000076
-0.002514
0.003117
-0.009468
0.008614
-0.007456
0.003494
0.001040
-0.007961
0.002706
-0.007927
0.024882
-0.020430
-0.001547
0.002060
-0.003916
-0.002210
0.007599
-0.011740
-0.003237
0.014135
-0.014621
-0.003279
0.006475
-0.000050
-0.011363
0.001991
0.021091
-0.023604
-0.003374
0.015970
-0.004663
-0.005259
-0.009350
0.007668
0.003005
-0.002455
-0.007912
0.006554
-0.006278
-0.000052
-0.001742
0.002601
0.004304
-0.012445
-0.004007
0.013896
-0.005540
-0.009491
0.008347
-0.005685
0.006120
-0.003784
-0.007064
0.001677
0.002028
0.001589
-0.008358
-0.007014
0.023852
-0.024512
-0.003534
0.009648
0.003978
-0.022621
0.019715
-0.011748
0.009084
-0.004850
-0.010043
0.011133
-0.010855
0.003226
-0.006243
0.001509
0.001331
-0.002583
-0.005210
0.010016
0.002632
-0.017138
0.004894
0.003230
-0.001727
-0.001038
-0.002541
-0.001180
0.002744
-0.010635
0.004135
-0.003609
0.006072
-0.009685
0.000905
0.001286
0.000382
-0.012084
0.022805
-0.030337
0.017429
-0.003220
-0.009558
0.014515
-0.018441
0.013927
-0.009375
-0.001122
0.006332
-0.013545
-0.000141
0.008553
-0.003174
-0.005654
0.004405
0.004480
-0.020585
0.016220
-0.006389
0.002872
-0.001506
-0.001427
-0.000842
-0.010580
0.016930
-0.017297
-0.004524
0.015753
-0.004701
-0.009026
0.000147
0.003235
-0.002584
0.005244
-0.017672
0.013236
-0.006481
0.012766
-0.019045
-0.000311
0.013178
-0.009363
-0.004254
0.007949
-0.011002
0.005178
0.004437
-0.006336
-0.003700
-0.006923
0.010611
0.000396
-0.010532
-0.002340
0.006980
-0.015330
0.012398
-0.003135
-0.006772
0.015303
-0.016088
0.009061
-0.009165
0.001908
-0.011191
0.016023
-0.007856
0.006920
-0.020589
0.029111
-0.031662
0.017010
-0.011767
0.007316
-0.003196
0.000359
-0.003915
-0.006014
0.007403
-0.002244
0.001011
0.001091
-0.008606
0.007528
-0.008288
0.005511
-0.007537
-0.007536
0.019195
-0.015904
-0.001743
0.014925
-0.017143
0.004411
-0.002385
-0.001147
0.008333
-0.012786
0.001297
0.005101
-0.008125
0.012491
-0.013972
0.003872
-0.005506
0.003960
-0.006105
0.014980
-0.018981
0.011808
-0.006376
-0.002204
0.001216
-0.001711
-0.008216
0.011891
-0.008419
0.006795
-0.011848
0.001990
0.005071
-0.001071
-0.013538
0.030064
-0.025249
0.010918
0.001490
-0.009017
0.003831
-0.001594
0.002616
0.002572
-0.006759
0.007117
-0.015861
0.009548
0.005457
-0.013049
-0.002254
0.010995
0.002443
-0.017722
0.004787
0.013084
-0.015237
0.001211
-0.000616
0.002135
0.006493
-0.014980
0.009141
-0.013365
0.011659
0.004665
-0.017526
0.015853
-0.011977
0.000365
0.007570
-0.009284
0.010715
-0.008134
0.000321
-0.004244
0.011911
-0.004648
-0.002389
-0.009133
0.014297
-0.005620
-0.011280
0.024553
-0.014029
-0.011050
0.010192
-0.003289
-0.001166
0.005860
-0.012815
0.013448
-0.005984
-0.003186
0.005985
-0.018361
0.032638
-0.027077
-0.003877
0.020332
-0.003779
-0.014496
0.007435
0.000902
-0.004548
0.002458
-0.005878
-0.001451
0.008842
-0.001042
-0.010950
0.002122
0.011480
-0.004096
-0.015599
0.015531
-0.001507
-0.014501
0.010580
-0.001402
0.002615
-0.003430
-0.004710
0.005515
0.001828
-0.007545
-0.012242
0.022195
-0.007562
-0.007122
-0.006519
0.015235
0.005413
-0.018149
0.007306
0.000712
-0.003892
0.001643
-0.002541
0.003746
-0.008673
0.006763
-0.002688
-0.006358
0.013452
-0.008555
-0.006270
0.012870
-0.003789
-0.011240
0.015357
-0.017712
0.008878
-0.006680
0.006264
0.001066
-0.012832
0.004619
0.005175
0.003209
-0.005965
-0.010911
0.011872
0.002879
-0.007631
-0.014601
0.019475
-0.010434
0.010378
-0.013383
0.014117
-0.010175
0.002746
0.000943
-0.007571
0.002257
0.011812
-0.013272
-0.002783
0.009855
-0.000324
-0.003327
-0.006680
0.005551
0.006943
-0.011506
0.000296
0.002611
-0.003560
0.009320
-0.006319
-0.002645
0.015900
-0.009243
-0.004185
0.015633
-0.008026
-0.011532
0.024142
-0.012217
0.016119
-0.025247
0.037326
-0.051713
0.073142
-0.072661
0.038048
-0.006976
-0.004419
0.011804
-0.020395
0.017374
-0.011559
0.009271
-0.005393
0.006572
-0.014361
0.010178
0.005915
-0.014066
0.015733
-0.016829
0.014836
-0.011360
0.019118
-0.025938
0.016003
-0.010323
0.004496
0.003918
-0.014945
0.014203
-0.005662
-0.000283
-0.001899
0.010109
-0.007682
0.003142
-0.002127
-0.007612
0.017131
-0.016878
0.010916
0.003816
-0.005841
-0.000653
0.009499
-0.004081
-0.006639
-0.001417
0.010558
0.001289
-0.001507
0.002090
-0.019318
0.021073
-0.002564
-0.006343
0.002808
-0.000104
-0.002033
0.003923
-0.016799
0.030477
-0.022730
0.016158
-0.063286
0.120746
-0.104302
0.028264
-0.010523
0.007160
-0.001340
0.005709
-0.017940
0.013288
-0.003468
-0.005349
0.016527
-0.025380
0.006979
0.006657
-0.006675
-0.003776
-0.002279
0.006589
-0.003185
-0.002737
0.000986
-0.003681
-0.013422
0.019964
-0.011934
-0.002175
0.000931
-0.006269
0.005325
-0.009728
-0.004908
0.015990
-0.013818
0.005464
-0.014206
0.005564
0.002748
-0.003050
-0.011039
0.013979
-0.007333
-0.015501
0.019164
-0.020539
0.009674
-0.010285
0.009874
-0.001469
-0.018167
0.002981
0.012382
-0.021363
0.007783
0.001705
-0.019261
0.008907
0.004902
-0.018950
0.012076
-0.011473
0.010127
-0.028473
0.044582
-0.060057
0.045124
-0.084407
0.293206
-0.645989
0.720875
