-0.611643
0.125963
-0.153579
0.005398
0.062526
-0.025084
-0.049274
0.003451
0.049439
-0.110907
0.140655
-0.120977
0.007856
0.022767
-0.010655
-0.016465
-0.007558
-0.015321
0.006138
0.004772
-0.063055
0.063003
-0.058411
0.002333
0.023077
-0.046501
0.002486
-0.007292
0.008786
-0.025599
0.000191
-0.020957
0.004074
-0.004448
-0.014730
-0.009689
-0.016322
0.017712
-0.027312
-0.006040
-0.009802
-0.005062
-0.001937
-0.016004
-0.012703
0.003485
-0.019224
-0.010355
0.009140
-0.030116
0.007277
-0.020126
0.001839
-0.003551
-0.048104
0.031091
0.055875
-0.170057
-0.044177
0.507207
-0.459357
-0.921141
2.347359
1.661964
1.536771
1.175300
0.787689
0.574407
0.226844
0.150709
0.228767
0.272769
0.176015
0.395808
0.026270
0.126696
0.236823
0.236579
0.100866
0.149173
0.167103
0.126383
0.141691
0.123871
0.190854
0.093136
0.164250
0.168587
0.114021
0.114898
0.158329
0.177247
0.120308
0.132527
0.103859
0.148426
0.167428
0.095033
0.123115
0.114532
0.149137
0.105028
0.110267
0.109870
0.132473
0.112649
0.112150
0.111051
0.109153
0.114077
0.094969
0.115445
0.100633
0.096916
0.108067
0.106648
0.094363
0.092360
0.095135
0.110178
0.085018
0.090432
0.086517
0.103115
0.076597
0.086020
0.073098
0.104694
0.086286
0.063863
0.100598
0.074043
0.078913
0.084297
0.065581
0.084704
0.075255
0.076693
0.070523
0.072158
0.080318
0.058847
0.057924
0.096266
0.055161
0.054955
0.078468
0.067649
0.055638
0.062804
0.056721
0.072590
0.049931
0.058817
0.064948
0.056776
0.058837
0.056706
0.060526
0.062004
0.045856
0.050159
0.068456
0.047579
0.050107
0.049555
0.052178
0.052893
0.049540
0.048766
0.047167
0.057638
0.038441
0.043008
0.044355
0.063958
0.029334
0.038008
0.061854
0.040163
0.033366
0.039164
0.044886
0.051908
0.024725
0.040234
0.050123
0.036149
0.043079
0.024566
0.045354
0.047326
0.022697
0.033320
0.043338
0.040441
0.027502
0.028669
0.034104
0.048877
0.013355
0.030100
0.044362
0.026517
0.047341
0.010841
0.043387
0.044272
0.017500
0.020222
0.037572
0.044417
0.004639
0.035236
0.034509
0.024936
0.018188
0.033648
0.032459
0.025076
0.016336
0.026263
0.028783
0.037452
0.006558
0.022877
0.045006
0.016121
0.008787
0.031689
0.026691
0.020626
0.024438
0.004812
0.043482
0.011085
0.027906
0.007396
0.032071
0.022452
0.011718
0.009792
0.039624
0.018599
0.008596
0.018633
0.027098
0.023196
0.003683
0.026148
0.019483
0.021711
0.009303
0.017211
0.032789
0.024331
0.014849
0.008048
0.022508
0.031725
-0.009048
0.020728
0.022287
0.020917
0.007340
0.010946
0.024320
0.022061
-0.005776
0.021538
0.019345
0.021230
0.005822
0.000742
0.032666
0.013131
-0.005291
0.019970
0.016027
0.014079
0.006766
0.011191
0.019877
0.014030
0.003084
0.002547
0.024629
0.008666
-0.001675
0.011585
0.029671
0.008733
-0.007116
0.021210
0.004643
0.017812
-0.005001
0.017657
0.014704
0.012081
-0.001265
0.014953
0.003509
0.013775
0.004756
0.001037
0.024530
0.002706
0.003828
0.010976
0.008505
0.010124
0.000551
0.007434
0.013043
0.010614
0.005929
-0.008581
0.017482
0.010123
0.008230
-0.009384
0.018320
0.018750
-0.017115
0.011502
0.008470
0.012187
-0.000733
0.002289
0.009209
0.008015
0.000861
0.008130
-0.003250
0.012524
0.003356
-0.004751
0.024542
-0.008719
-0.002466
0.010135
0.010153
0.006466
-0.002422
-0.003461
0.017285
0.000440
0.000480
0.000460
0.003583
0.015376
-0.006913
-0.005411
0.017541
0.002965
-0.007016
0.004725
0.002255
0.004702
-0.003485
0.003057
0.013738
-0.005600
0.011049
-0.013149
0.003659
0.017460
-0.003235
-0.007397
0.009959
0.004712
-0.002050
0.003545
-0.000238
0.011100
-0.013841
0.008046
0.009786
-0.006100
-0.001904
0.011158
-0.008542
0.012371
-0.011266
0.001604
0.012651
-0.005647
0.001054
0.008036
-0.007735
0.008600
-0.003823
-0.003174
0.013161
-0.004137
0.000177
-0.002497
0.002938
0.009811
-0.014592
0.001400
0.017927
-0.010408
0.001056
0.005022
-0.006860
0.004828
-0.000710
0.001306
0.005431
-0.008913
0.013608
-0.015509
0.009618
-0.003025
0.004859
-0.014730
0.018215
-0.004914
-0.006111
-0.005794
0.009813
-0.004963
-0.000886
-0.001903
0.006759
-0.000701
-0.004286
-0.002200
-0.004633
0.017049
-0.015567
-0.012805
0.022680
0.000246
-0.014491
-0.000950
0.006566
-0.004476
0.002062
-0.009005
0.010033
-0.005933
0.004067
-0.011456
0.004211
0.009127
-0.010970
-0.009843
0.013114
0.002028
-0.010067
0.002452
-0.007491
0.012435
-0.018323
0.005432
0.001967
0.006007
-0.018929
0.003336
0.004420
0.007252
-0.010524
-0.016171
0.021644
-0.003808
-0.013590
0.006104
-0.004888
0.007127
-0.007502
-0.012890
0.016881
0.001389
-0.005863
-0.002611
-0.004580
0.016124
-0.010835
-0.015523
0.021671
-0.008592
-0.008196
-0.002468
0.004408
-0.003037
-0.007790
-0.000129
0.007190
-0.001235
-0.008804
-0.002003
0.000526
0.009150
-0.009134
-0.015222
0.019207
-0.007550
-0.001739
-0.007133
0.002082
-0.005846
0.001657
-0.011189
0.019357
-0.017754
0.006469
-0.007917
0.007644
0.001241
-0.009983
-0.001159
0.001132
-0.003893
-0.005831
0.005443
-0.008287
0.000993
0.001448
-0.010494
0.016355
-0.012755
0.000472
-0.011616
0.007753
-0.000066
-0.007368
-0.009505
0.015097
-0.007024
-0.006695
-0.003400
0.001212
-0.000618
-0.006309
0.001330
-0.001286
0.000275
-0.000901
-0.011637
-0.003861
0.009122
0.002734
-0.027828
0.022061
-0.007161
-0.001503
-0.012934
0.002501
0.010271
-0.017711
0.000835
0.011211
-0.003113
-0.015499
0.006790
-0.003934
0.008805
-0.011392
-0.012260
0.024022
-0.006270
-0.009374
-0.000997
0.006849
-0.007714
-0.002820
-0.001067
-0.002654
0.004120
-0.005934
-0.009182
0.001130
0.004713
-0.011881
-0.002376
0.011527
-0.006929
-0.003983
-0.011482
0.009631
0.000100
-0.014513
-0.003182
0.017178
-0.011480
-0.005915
-0.007546
0.001314
0.011102
-0.012085
-0.011515
0.015293
-0.007662
-0.006642
-0.006577
0.007276
-0.005506
-0.002874
-0.007392
0.006232
-0.004215
-0.003255
-0.004192
-0.007802
0.014910
-0.015362
-0.007287
0.012783
-0.005917
-0.008773
-0.001164
-0.005426
0.000685
-0.004471
-0.001847
-0.001282
0.002579
-0.008146
-0.002957
0.004526
-0.000150
-0.004625
-0.008501
0.010408
-0.005217
-0.007582
-0.005436
-0.001000
0.003848
-0.001832
-0.016393
0.013662
-0.002725
-0.005632
-0.003744
-0.010683
0.019636
-0.017637
-0.015029
0.017135
-0.002490
-0.004030
-0.010001
0.000797
0.001905
-0.004972
-0.011181
0.011109
-0.003952
-0.004240
-0.013018
0.005616
0.005437
-0.006670
-0.014229
0.013852
-0.000632
-0.016797
0.001463
-0.002220
0.003052
-0.015389
0.002567
0.006728
-0.009350
-0.003797
-0.005458
0.007034
-0.004824
-0.001093
-0.017810
0.013896
-0.000785
-0.013058
-0.000174
0.006153
0.001859
-0.002606
-0.005701
0.011330
-0.012460
0.003209
-0.011990
-0.001086
0.008770
-0.012192
-0.006641
0.014452
-0.002707
-0.010348
-0.003316
0.000149
0.000914
-0.003207
-0.010505
0.011823
-0.005575
-0.001622
-0.015960
0.005632
0.010594
-0.015879
-0.009303
0.012147
0.000477
-0.012580
0.003877
-0.002429
-0.002775
-0.006181
-0.001916
0.008795
-0.007017
-0.005235
-0.001211
-0.003649
0.002793
-0.002723
-0.013167
0.016887
-0.009362
-0.002109
-0.004730
-0.001350
-0.002989
-0.000815
-0.004968
0.000529
0.002928
-0.004147
-0.013776
0.006881
-0.001285
-0.005045
-0.010343
0.010195
-0.001167
-0.012644
-0.001398
0.000185
0.000792
-0.009098
-0.000814
-0.005300
0.008327
-0.010918
-0.005989
-0.005171
0.014580
-0.012366
-0.011841
0.010159
-0.004285
-0.005784
-0.002562
-0.007496
0.014385
-0.020158
-0.000602
0.000663
0.002727
-0.008567
-0.005954
0.003067
-0.004345
-0.000215
-0.019236
0.022240
-0.014731
-0.001499
-0.010903
0.006980
-0.011518
0.000516
-0.002902
-0.003338
0.001468
-0.003690
-0.002395
-0.023295
0.025046
-0.007692
-0.018905
0.024159
-0.016822
-0.004698
0.003835
-0.005023
0.000499
-0.010637
-0.004416
0.009526
-0.006676
-0.005894
-0.005035
-0.001077
0.005617
-0.011245
-0.015270
0.010900
-0.001157
-0.009375
0.002008
-0.010708
0.004363
-0.004417
-0.009118
0.003340
-0.000321
-0.003488
-0.011127
-0.011413
0.019806
-0.010126
-0.022270
0.017347
-0.003877
-0.012209
-0.005018
0.003858
-0.005022
0.000255
-0.019610
0.013445
-0.007988
-0.003528
-0.009594
-0.005023
0.008807
-0.008341
-0.012931
0.010236
0.016298
-0.003996
-0.019530
-0.001967
-0.002119
-0.005715
0.000708
-0.006697
0.003491
-0.007989
0.001703
-0.013531
0.016733
-0.018309
-0.004081
0.006582
-0.002286
-0.014421
-0.000572
-0.000700
-0.002374
-0.003298
-0.009000
0.010632
-0.003700
-0.006013
-0.007683
-0.006735
0.014679
-0.014854
-0.006287
0.005423
-0.004930
-0.001315
-0.005602
-0.004337
-0.002191
-0.000463
-0.015261
0.012740
-0.011990
0.005273
-0.014519
-0.001477
0.008076
-0.009484
-0.019123
0.020783
-0.002918
-0.027974
0.019429
-0.027009
0.031375
-0.053383
0.066559
-0.110272
0.143311
-0.132935
0.054891
-0.019866
0.005732
-0.001085
-0.021150
0.014290
-0.006286
-0.000596
-0.022270
0.025908
-0.034488
0.006999
0.001195
-0.010709
0.006635
-0.011590
-0.013051
0.007226
0.006657
-0.026172
0.005338
-0.000640
-0.001440
-0.008030
-0.016524
0.018230
-0.020351
-0.002999
-0.004339
0.005671
-0.001605
-0.006803
-0.011254
0.005115
0.006405
-0.019862
-0.005422
0.005899
-0.003583
-0.012651
-0.003656
0.001813
-0.008826
-0.000373
-0.010628
-0.001409
-0.000546
-0.003734
-0.023032
0.015626
-0.002647
-0.017567
-0.006159
0.000810
0.004277
-0.009610
-0.020848
0.008414
0.014559
-0.031515
-0.043479
0.105103
-0.085528
0.006871
-0.024855
-0.003466
0.006501
-0.016290
-0.012950
0.011133
-0.013623
-0.009468
0.008515
-0.035085
0.007709
-0.003259
-0.014611
-0.005702
-0.007322
-0.002108
-0.011254
-0.010917
-0.005510
0.002919
-0.030627
0.008403
-0.003933
-0.017619
-0.008800
-0.003879
0.000054
-0.022410
-0.007954
-0.000777
-0.003151
-0.018320
-0.006655
-0.003776
-0.009903
-0.010716
-0.014828
0.001713
-0.009737
-0.011810
-0.012022
0.000122
-0.011746
-0.015831
-0.005231
-0.007544
-0.005231
-0.017469
-0.009342
-0.011563
-0.003377
-0.012353
-0.009430
-0.014906
0.004021
-0.029286
0.004142
-0.018209
0.006503
-0.066967
0.101196
-0.147230
0.096294
-0.169092
0.569156
-1.301082
1.456400
