-1.028241
0.163837
-0.254381
0.003025
0.082025
-0.059335
-0.076579
-0.029177
0.083171
-0.200300
0.222871
-0.202496
-0.021171
0.036537
-0.020546
-0.058698
-0.017508
-0.049233
0.006181
0.006249
-0.116688
0.067111
-0.081790
-0.029807
0.035281
-0.083899
-0.022283
-0.002258
-0.022134
-0.050355
-0.015230
-0.028008
-0.025842
-0.012132
-0.048312
-0.010584
-0.042035
0.000611
-0.043929
-0.025282
-0.035343
-0.008499
-0.030400
-0.033059
-0.037073
-0.010754
-0.034614
-0.030433
-0.000116
-0.076258
0.013684
-0.037854
-0.033190
0.005448
-0.106934
0.009330
0.137456
-0.250979
-0.269892
0.787425
-0.047442
-2.414892
2.797029
4.002003
3.712679
1.737963
1.050246
0.396396
0.413593
0.129966
0.256774
0.405750
0.288975
0.690979
0.411431
0.155175
0.316133
0.545960
0.286516
0.292757
0.302440
0.206800
0.324598
0.265352
0.321809
0.226621
0.251378
0.327482
0.251981
0.197629
0.255843
0.348738
0.223109
0.260555
0.154238
0.276910
0.326163
0.197191
0.215876
0.222631
0.252675
0.246214
0.212300
0.209469
0.228717
0.239125
0.189846
0.234597
0.183917
0.234345
0.173479
0.229470
0.210618
0.147706
0.216914
0.218872
0.145600
0.200169
0.180032
0.204144
0.140299
0.246942
0.132088
0.151675
0.196568
0.154105
0.161540
0.169790
0.194818
0.111129
0.191798
0.143899
0.168231
0.139549
0.156680
0.142619
0.147307
0.159076
0.139458
0.154920
0.125690
0.144631
0.118467
0.175477
0.129640
0.105365
0.157676
0.158625
0.095768
0.088554
0.204256
0.086972
0.093749
0.074845
0.148172
0.112619
0.124948
0.094089
0.102517
0.136922
0.117662
0.079454
0.127775
0.111355
0.093314
0.107410
0.092564
0.112225
0.079787
0.099418
0.106123
0.104636
0.064281
0.106864
0.085783
0.118895
0.067782
0.060124
0.139047
0.075043
0.055604
0.087440
0.104891
0.076509
0.086910
0.067632
0.089966
0.076969
0.072304
0.078761
0.061843
0.104490
0.074378
0.034134
0.100267
0.093708
0.029491
0.075715
0.064429
0.080459
0.072655
0.050168
0.077914
0.067531
0.054695
0.061808
0.062703
0.087673
0.048059
0.022941
0.102595
0.072608
0.032673
0.051506
0.063249
0.066251
0.037326
0.070935
0.051413
0.072909
0.044821
0.049816
0.032633
0.080097
0.054922
0.016931
0.073680
0.061583
0.031853
0.037865
0.072515
0.023797
0.071140
0.027993
0.058503
0.044685
0.048006
0.040030
0.030637
0.077766
0.035322
0.004023
0.081662
0.053158
0.012129
0.038868
0.061896
0.033149
0.033230
0.021408
0.061371
0.051260
0.022008
0.035408
0.034874
0.045348
0.046315
0.013695
0.048703
0.046504
0.010182
0.041822
0.037001
0.024150
0.040262
0.030071
0.038972
0.033879
0.034128
0.011524
0.030613
0.051721
0.050167
-0.028760
0.052706
0.065071
0.001488
0.019088
0.022139
0.046677
0.038118
-0.014664
0.049301
0.024190
0.035270
0.001283
0.035237
0.024109
0.032471
0.000227
0.042725
0.038915
-0.007783
0.025513
0.027637
0.030893
0.014505
0.009698
0.046207
0.008897
0.021502
0.014774
0.018135
0.032507
0.014310
-0.007953
0.047415
0.027036
-0.007045
0.013820
0.018758
0.037116
0.012075
-0.013529
0.040231
0.018595
0.020937
-0.015166
0.016649
0.046892
0.001043
-0.017294
0.036025
0.027652
-0.014378
0.037221
-0.005215
0.023298
0.002063
0.021009
0.017412
0.013378
-0.004692
0.029349
-0.011691
0.030292
0.016141
-0.032847
0.056193
0.007824
-0.018449
0.011493
0.017220
0.021998
-0.007847
0.000407
0.015455
0.030320
-0.018023
0.012784
-0.017306
0.046153
0.010874
-0.042828
0.040478
0.010549
-0.000459
0.000005
0.007644
-0.007714
0.021769
-0.007594
0.020727
-0.005622
0.012792
-0.000684
-0.008963
0.020576
0.015192
-0.032688
0.022752
0.033253
-0.039852
0.017833
-0.002429
0.013588
-0.010759
-0.009910
0.022271
0.016522
-0.016888
0.002606
-0.013011
0.031451
-0.002088
-0.026805
0.021813
0.014228
-0.015596
0.010804
-0.011586
0.009897
0.009768
-0.023015
0.017375
-0.000636
0.010671
-0.022933
0.005668
0.015407
0.003465
-0.038102
0.023758
0.017112
-0.031814
0.000128
0.020966
-0.001645
-0.012584
-0.002891
0.020867
-0.020766
0.003315
-0.013632
0.008012
-0.000250
0.009918
-0.044038
0.040665
-0.000073
-0.025264
0.005210
-0.004502
0.013740
-0.018028
-0.018246
0.022957
0.002104
-0.005695
-0.009906
-0.023811
0.022692
0.006689
-0.038389
0.018892
0.011004
-0.027440
-0.003634
0.002267
0.001413
-0.005538
-0.018075
0.001829
0.012875
-0.021775
0.003350
-0.022379
0.024259
-0.012205
-0.030795
0.016767
0.008561
-0.017759
-0.020813
0.013237
-0.008027
-0.008181
-0.015572
0.012332
0.002158
-0.007789
-0.020354
-0.014117
0.012988
0.010715
-0.048619
0.030912
0.016230
-0.034793
-0.004336
-0.005363
0.004673
-0.015157
-0.010923
0.001299
0.011006
-0.012873
-0.015815
-0.018599
0.023221
-0.012131
-0.033461
0.012129
0.009667
-0.027831
-0.011300
0.010537
-0.012786
-0.018508
-0.005513
-0.005499
0.006250
-0.005693
-0.017352
-0.022649
0.030533
-0.018423
-0.042594
0.032551
-0.000381
-0.029819
-0.017353
0.012345
-0.008842
-0.010866
-0.021417
-0.001417
0.012471
-0.022555
-0.022374
-0.013848
0.022567
-0.003509
-0.043624
0.002667
0.018719
-0.031093
-0.005319
-0.009564
-0.003241
-0.002364
-0.031159
0.019116
-0.008591
-0.012110
-0.023995
-0.007486
0.005433
-0.001652
-0.037029
0.020843
0.004438
-0.032945
-0.009858
-0.001093
-0.014182
0.002759
-0.032216
0.010890
-0.003806
-0.014744
-0.027693
0.005516
0.005029
-0.009685
-0.042455
0.025151
-0.000446
-0.044787
0.000484
-0.003118
-0.006000
-0.006891
-0.018323
-0.009329
0.007932
-0.011407
-0.025416
-0.023177
0.027794
-0.011022
-0.060060
0.027224
0.016567
-0.049528
-0.000393
-0.011511
0.004549
-0.017253
-0.020511
0.004801
-0.002555
-0.031323
-0.001716
-0.018193
0.005625
0.012298
-0.064634
0.014288
0.015242
-0.034986
-0.009578
-0.009095
-0.008003
0.001869
-0.033608
0.005844
-0.009111
-0.002862
-0.023265
-0.021681
0.012151
-0.005545
-0.053380
0.024040
0.008667
-0.034264
-0.010311
-0.020534
0.004392
-0.009984
-0.031383
-0.001771
0.006093
-0.010531
-0.022507
-0.026832
0.023574
-0.013664
-0.045545
0.022563
-0.003424
-0.031877
-0.012876
-0.005962
-0.005879
-0.011299
-0.023160
-0.003807
0.005182
-0.014219
-0.028042
-0.011443
0.014374
-0.014456
-0.055857
0.029218
0.006212
-0.044279
-0.014021
-0.000123
-0.010786
-0.005869
-0.029017
0.007184
-0.011194
-0.010984
-0.026915
-0.020369
0.028266
-0.016296
-0.063293
0.030986
0.001358
-0.034273
-0.013714
-0.002213
-0.004341
-0.033017
-0.007007
0.007102
-0.017849
-0.009903
-0.026688
-0.008242
-0.009165
0.011508
-0.050154
0.015730
-0.007604
-0.030862
-0.003181
-0.018530
0.002487
-0.027933
-0.022128
0.020211
-0.019439
-0.018721
-0.015243
-0.012499
0.002370
-0.015702
-0.049178
0.031674
-0.005793
-0.047810
0.000296
0.001724
-0.027437
-0.006696
-0.016126
-0.006966
-0.008993
-0.012674
-0.022010
-0.019235
0.005468
0.000439
-0.070157
0.050177
-0.018181
-0.035856
-0.017951
0.011813
-0.016654
-0.017440
-0.022254
-0.000144
-0.004053
-0.015916
-0.024896
-0.021280
0.008381
-0.004838
-0.036271
-0.003667
0.005085
-0.025444
-0.019905
-0.009301
-0.005568
-0.008432
-0.026746
-0.005605
0.011780
-0.039700
-0.013649
-0.021082
0.014435
-0.011693
-0.061007
0.037297
-0.008260
-0.048564
-0.000017
-0.006119
-0.008196
-0.030916
-0.012132
0.006670
-0.009945
-0.034452
-0.008963
-0.010945
-0.000970
-0.004307
-0.042265
0.000237
0.006699
-0.033870
-0.011371
-0.007429
-0.014671
-0.009076
-0.029841
0.001553
0.001061
-0.028198
-0.018179
-0.018960
0.016434
-0.026725
-0.032253
-0.005530
0.022050
-0.038702
0.003090
-0.013666
0.020183
-0.051855
-0.003433
-0.009921
0.003132
-0.026919
-0.017854
-0.014900
0.001364
0.006573
-0.063849
0.025148
-0.017526
-0.016868
-0.024405
-0.003405
-0.020581
-0.004474
-0.024387
-0.000178
-0.023321
0.005236
-0.021829
-0.044726
0.020609
0.000880
-0.054729
0.000475
0.021108
-0.063111
0.008685
-0.019221
0.000334
-0.023618
-0.024234
-0.006471
0.013680
-0.031589
-0.034829
-0.001884
-0.008197
0.010515
-0.074858
0.047946
-0.035956
-0.019536
-0.014246
-0.003618
-0.016097
-0.021553
-0.018223
0.005278
-0.017020
-0.024442
-0.010329
-0.032781
0.027094
-0.030287
-0.046196
0.014345
0.007248
-0.038262
-0.029376
0.025299
-0.045584
0.010810
-0.058271
0.023178
-0.021848
-0.005604
-0.033898
-0.019936
0.006986
0.001749
-0.068961
0.011735
0.004265
-0.040105
-0.002479
-0.019993
-0.014750
-0.011971
-0.023607
-0.002810
-0.022156
-0.011341
-0.019663
-0.023293
0.009859
-0.031354
-0.040793
0.020661
-0.004744
-0.053514
-0.002876
-0.005575
-0.014693
-0.026880
-0.024031
0.002113
-0.002278
-0.034570
-0.005006
-0.043759
0.038734
-0.034903
-0.047047
0.009756
-0.003641
-0.022580
-0.039558
0.016803
-0.036287
-0.006727
-0.029887
-0.010361
-0.003153
-0.024151
-0.005660
-0.048654
0.027981
-0.028847
-0.049754
0.011776
0.006988
-0.066852
0.020902
-0.057111
0.047048
-0.091149
0.076835
-0.188520
0.241245
-0.239104
0.079084
-0.050925
0.018710
-0.022455
-0.063000
0.020494
-0.008709
-0.023322
-0.055403
0.042662
-0.063385
0.002801
-0.025077
-0.033188
0.023571
-0.041044
-0.024221
-0.020944
0.013876
-0.035938
-0.029141
-0.033058
0.032194
-0.053035
-0.008958
-0.030042
-0.006345
-0.029550
-0.011840
-0.021295
-0.003188
-0.032738
-0.012470
-0.030281
0.012328
-0.040664
-0.021932
-0.015555
-0.002463
-0.038480
-0.026369
-0.001458
-0.022137
-0.025883
-0.016681
-0.021256
0.008367
-0.047011
-0.016456
-0.022960
0.007837
-0.039636
-0.026604
-0.020801
0.013467
-0.034028
-0.049636
0.002570
0.006292
-0.024173
-0.138965
0.157027
-0.087601
-0.031279
-0.079204
-0.009366
-0.020437
0.021594
-0.083510
0.025010
-0.028425
-0.042589
0.012257
-0.045726
-0.042614
-0.010271
-0.011939
-0.025657
-0.029122
-0.034074
-0.015828
-0.017481
-0.032913
-0.005998
-0.066337
0.000562
-0.001836
-0.050628
-0.034109
-0.003665
-0.028081
-0.031133
-0.036791
-0.012094
-0.017181
-0.037031
-0.029803
-0.023621
-0.026319
-0.017476
-0.046857
-0.014503
-0.014001
-0.039716
-0.035143
-0.015042
-0.032695
-0.018467
-0.043473
-0.021588
-0.024452
-0.034110
-0.022113
-0.031464
-0.024678
-0.030353
-0.036592
-0.021769
-0.010293
-0.070106
0.002581
-0.044698
-0.010993
-0.103242
0.149223
-0.274542
0.166577
-0.303865
0.949651
-2.236051
2.480109
