-0.000867
-0.000840
-0.000818
-0.000801
-0.000790
-0.000783
-0.000780
-0.000780
-0.000783
-0.000786
-0.000790
-0.000791
-0.000788
-0.000780
-0.000763
-0.000735
-0.000691
-0.000628
-0.000541
-0.000425
-0.000272
-0.000075
0.000175
0.000487
0.000874
0.001348
0.001924
0.002618
0.003448
0.004433
0.005594
0.006953
0.008534
0.010360
0.012457
0.014847
0.017557
0.020607
0.024019
0.027812
0.032000
0.036593
0.041599
0.047016
0.052839
0.059055
0.065643
0.072575
0.079814
0.087317
0.095033
0.102902
0.110861
0.118839
0.126762
0.134552
0.142131
0.149421
0.156344
0.162828
0.168804
0.174211
0.178995
0.183110
0.186522
0.189208
0.191154
0.192359
0.192831
0.192591
0.191670
0.190105
0.187943
0.185237
0.182047
0.178433
0.174460
0.170192
0.165694
0.161028
0.156254
0.151427
0.146598
0.141813
0.137111
0.132527
0.128089
0.123820
0.119737
0.115851
0.112171
0.108698
0.105433
0.102371
0.099506
0.096830
0.094333
0.092003
0.089829
0.087798
0.085900
0.084121
0.082450
0.080877
0.079391
0.077983
0.076644
0.075368
0.074145
0.072972
0.071841
0.070749
0.069691
0.068663
0.067663
0.066687
0.065734
0.064800
0.063886
0.062989
0.062108
0.061242
0.060390
0.059552
0.058726
0.057913
0.057112
0.056322
0.055543
0.054776
0.054019
0.053273
0.052538
0.051813
0.051099
0.050396
0.049704
0.049022
0.048352
0.047692
0.047044
0.046407
0.045781
0.045167
0.044564
0.043972
0.043392
0.042823
0.042265
0.041719
0.041183
0.040658
0.040143
0.039638
0.039144
0.038658
0.038182
0.037714
0.037254
0.036802
0.036358
0.035920
0.035489
0.035064
0.034644
0.034230
0.033821
0.033416
0.033016
0.032620
0.032228
0.031840
0.031455
0.031074
0.030696
0.030322
0.029951
0.029583
0.029218
0.028857
0.028498
0.028143
0.027792
0.027444
0.027099
0.026758
0.026420
0.026086
0.025755
0.025428
0.025105
0.024786
0.024471
0.024159
0.023852
0.023548
0.023249
0.022953
0.022662
0.022375
0.022091
0.021812
0.021536
0.021265
0.020997
0.020733
0.020473
0.020217
0.019963
0.019714
0.019467
0.019224
0.018984
0.018747
0.018513
0.018281
0.018052
0.017826
0.017602
0.017380
0.017161
0.016943
0.016728
0.016515
0.016304
0.016095
0.015888
0.015683
0.015480
0.015278
0.015079
0.014882
0.014687
0.014495
0.014304
0.014116
0.013930
0.013746
0.013565
0.013386
0.013210
0.013036
0.012864
0.012695
0.012529
0.012365
0.012204
0.012046
0.011890
0.011736
0.011585
0.011437
0.011290
0.011147
0.011005
0.010866
0.010730
0.010595
0.010463
0.010333
0.010205
0.010079
0.009955
0.009832
0.009712
0.009594
0.009477
0.009362
0.009248
0.009136
0.009025
0.008915
0.008807
0.008700
0.008593
0.008487
0.008382
0.008278
0.008174
0.008071
0.007967
0.007865
0.007762
0.007659
0.007556
0.007453
0.007351
0.007248
0.007145
0.007042
0.006940
0.006837
0.006735
0.006633
0.006532
0.006431
0.006331
0.006232
0.006134
0.006038
0.005943
0.005850
0.005759
0.005671
0.005584
0.005501
0.005420
0.005342
0.005267
0.005195
0.005127
0.005062
0.005001
0.004943
0.004889
0.004839
0.004791
0.004747
0.004706
0.004668
0.004633
0.004600
0.004569
0.004540
0.004513
0.004486
0.004461
0.004436
0.004410
0.004385
0.004358
0.004330
0.004301
0.004271
0.004238
0.004202
0.004165
0.004124
0.004081
0.004035
0.003987
0.003936
0.003882
0.003826
0.003767
0.003706
0.003644
0.003580
0.003515
0.003450
0.003383
0.003317
0.003251
0.003185
0.003120
0.003056
0.002993
0.002933
0.002874
0.002817
0.002762
0.002710
0.002660
0.002613
0.002569
0.002528
0.002489
0.002453
0.002420
0.002390
0.002362
0.002337
0.002315
0.002295
0.002277
0.002262
0.002249
0.002237
0.002227
0.002218
0.002210
0.002203
0.002196
0.002189
0.002182
0.002175
0.002167
0.002157
0.002146
0.002133
0.002118
0.002102
0.002082
0.002060
0.002036
0.002009
0.001979
0.001947
0.001912
0.001875
0.001835
0.001793
0.001750
0.001705
0.001659
0.001611
0.001563
0.001514
0.001465
0.001416
0.001367
0.001318
0.001270
0.001223
0.001176
0.001130
0.001085
0.001042
0.000999
0.000958
0.000917
0.000878
0.000840
0.000803
0.000767
0.000731
0.000697
0.000664
0.000631
0.000599
0.000568
0.000538
0.000508
0.000479
0.000451
0.000423
0.000396
0.000369
0.000343
0.000318
0.000293
0.000269
0.000245
0.000222
0.000200
0.000178
0.000157
0.000136
0.000117
0.000097
0.000079
0.000061
0.000043
0.000027
0.000010
-0.000006
-0.000021
-0.000036
-0.000050
-0.000065
-0.000079
-0.000093
-0.000107
-0.000120
-0.000134
-0.000148
-0.000162
-0.000176
-0.000190
-0.000204
-0.000219
-0.000234
-0.000248
-0.000263
-0.000279
-0.000294
-0.000309
-0.000324
-0.000339
-0.000354
-0.000369
-0.000383
-0.000398
-0.000412
-0.000425
-0.000438
-0.000451
-0.000463
-0.000475
-0.000486
-0.000497
-0.000507
-0.000517
-0.000527
-0.000536
-0.000545
-0.000553
-0.000562
-0.000570
-0.000578
-0.000586
-0.000593
-0.000601
-0.000609
-0.000616
-0.000624
-0.000631
-0.000639
-0.000646
-0.000654
-0.000661
-0.000669
-0.000676
-0.000683
-0.000690
-0.000697
-0.000704
-0.000711
-0.000718
-0.000725
-0.000732
-0.000738
-0.000745
-0.000751
-0.000757
-0.000764
-0.000770
-0.000776
-0.000782
-0.000787
-0.000793
-0.000798
-0.000804
-0.000809
-0.000814
-0.000818
-0.000822
-0.000826
-0.000830
-0.000833
-0.000836
-0.000838
-0.000840
-0.000841
-0.000842
-0.000842
-0.000842
-0.000841
-0.000840
-0.000839
-0.000837
-0.000835
-0.000832
-0.000830
-0.000827
-0.000825
-0.000822
-0.000820
-0.000818
-0.000816
-0.000814
-0.000813
-0.000812
-0.000812
-0.000812
-0.000813
-0.000814
-0.000815
-0.000817
-0.000819
-0.000822
-0.000824
-0.000827
-0.000830
-0.000834
-0.000837
-0.000840
-0.000843
-0.000846
-0.000849
-0.000851
-0.000853
-0.000855
-0.000857
-0.000859
-0.000860
-0.000861
-0.000863
-0.000863
-0.000864
-0.000865
-0.000866
-0.000867
-0.000868
-0.000869
-0.000870
-0.000871
-0.000873
-0.000875
-0.000877
-0.000879
-0.000881
-0.000883
-0.000886
-0.000888
-0.000891
-0.000894
-0.000896
-0.000899
-0.000902
-0.000904
-0.000906
-0.000908
-0.000910
-0.000911
-0.000912
-0.000913
-0.000913
-0.000913
-0.000912
-0.000911
-0.000910
-0.000908
-0.000906
-0.000903
-0.000900
-0.000896
-0.000892
-0.000888
-0.000884
-0.000879
-0.000875
-0.000870
-0.000864
-0.000859
-0.000854
-0.000849
-0.000843
-0.000838
-0.000833
-0.000828
-0.000823
-0.000818
-0.000814
-0.000809
-0.000805
-0.000801
-0.000797
-0.000794
-0.000790
-0.000787
-0.000785
-0.000782
-0.000780
-0.000778
-0.000776
-0.000774
-0.000773
-0.000771
-0.000770
-0.000769
-0.000768
-0.000767
-0.000766
-0.000765
-0.000764
-0.000763
-0.000762
-0.000760
-0.000759
-0.000757
-0.000755
-0.000753
-0.000751
-0.000749
-0.000746
-0.000744
-0.000741
-0.000738
-0.000735
-0.000731
-0.000728
-0.000725
-0.000722
-0.000718
-0.000715
-0.000712
-0.000709
-0.000706
-0.000703
-0.000700
-0.000697
-0.000694
-0.000692
-0.000689
-0.000686
-0.000683
-0.000680
-0.000677
-0.000673
-0.000669
-0.000665
-0.000661
-0.000656
-0.000651
-0.000645
-0.000638
-0.000632
-0.000624
-0.000616
-0.000608
-0.000599
-0.000590
-0.000581
-0.000571
-0.000561
-0.000551
-0.000540
-0.000530
-0.000520
-0.000510
-0.000501
-0.000492
-0.000483
-0.000475
-0.000468
-0.000461
-0.000454
-0.000449
-0.000444
-0.000440
-0.000436
-0.000433
-0.000430
-0.000428
-0.000427
-0.000426
-0.000425
-0.000424
-0.000423
-0.000423
-0.000422
-0.000421
-0.000420
-0.000419
-0.000418
-0.000416
-0.000414
-0.000412
-0.000410
-0.000407
-0.000403
-0.000400
-0.000396
-0.000392
-0.000388
-0.000383
-0.000379
-0.000374
-0.000370
-0.000365
-0.000361
-0.000357
-0.000353
-0.000350
-0.000347
-0.000344
-0.000342
-0.000340
-0.000339
-0.000338
-0.000338
-0.000338
-0.000339
-0.000341
-0.000342
-0.000345
-0.000347
-0.000350
-0.000354
-0.000357
-0.000361
-0.000365
-0.000369
-0.000372
-0.000376
-0.000380
-0.000383
-0.000386
-0.000390
-0.000392
-0.000395
-0.000397
-0.000400
-0.000401
-0.000403
-0.000405
-0.000406
-0.000407
-0.000409
-0.000410
-0.000411
-0.000412
-0.000413
-0.000414
-0.000415
-0.000415
-0.000416
-0.000417
-0.000418
-0.000419
-0.000420
-0.000420
-0.000421
-0.000421
-0.000422
-0.000422
-0.000422
-0.000422
-0.000422
-0.000422
-0.000421
-0.000420
-0.000419
-0.000418
-0.000417
-0.000416
-0.000414
-0.000412
-0.000410
-0.000408
-0.000406
-0.000403
-0.000401
-0.000398
-0.000395
-0.000392
-0.000389
-0.000386
-0.000383
-0.000379
-0.000376
-0.000372
-0.000368
-0.000364
-0.000360
-0.000357
-0.000353
-0.000348
-0.000344
-0.000340
-0.000336
-0.000332
-0.000327
-0.000323
-0.000318
-0.000313
-0.000308
-0.000303
-0.000297
-0.000291
-0.000286
-0.000279
-0.000273
-0.000266
-0.000260
-0.000253
-0.000246
-0.000238
-0.000231
-0.000224
-0.000217
-0.000210
-0.000204
-0.000197
-0.000191
-0.000186
-0.000181
-0.000176
-0.000173
-0.000170
-0.000168
-0.000166
-0.000166
-0.000166
-0.000167
-0.000168
-0.000171
-0.000174
-0.000178
-0.000182
-0.000188
-0.000193
-0.000199
-0.000205
-0.000212
-0.000219
-0.000226
-0.000233
-0.000241
-0.000248
-0.000256
-0.000263
-0.000271
-0.000278
-0.000286
-0.000293
-0.000300
-0.000308
-0.000315
-0.000322
-0.000329
-0.000336
-0.000343
-0.000351
-0.000358
-0.000365
-0.000373
-0.000381
-0.000389
-0.000397
-0.000405
-0.000415
-0.000424
-0.000435
-0.000446
-0.000458
-0.000471
-0.000485
-0.000501
-0.000518
-0.000536
-0.000556
-0.000578
-0.000601
-0.000626
-0.000654
-0.000683
-0.000714
-0.000747
-0.000781
-0.000818
-0.000856
-0.000896
-0.000937
-0.000979
-0.001022
-0.001067
-0.001111
-0.001157
-0.001202
-0.001247
-0.001292
-0.001336
-0.001380
-0.001423
-0.001464
-0.001504
-0.001543
-0.001581
-0.001617
-0.001651
-0.001684
-0.001715
-0.001744
-0.001773
-0.001799
-0.001825
-0.001849
-0.001872
-0.001894
-0.001916
-0.001936
-0.001956
-0.001975
-0.001994
-0.002013
-0.002031
-0.002049
-0.002066
-0.002084
-0.002101
-0.002118
-0.002134
-0.002150
-0.002165
-0.002179
-0.002193
-0.002205
-0.002216
-0.002225
-0.002232
-0.002236
-0.002239
-0.002238
-0.002234
-0.002227
-0.002216
-0.002201
-0.002181
-0.002157
-0.002129
-0.002096
-0.002058
-0.002016
-0.001969
-0.001918
-0.001862
-0.001804
-0.001742
-0.001677
-0.001610
-0.001542
-0.001473
-0.001404
-0.001336
-0.001269
-0.001205
-0.001144
-0.001086
-0.001032
-0.000983
-0.000939
-0.000900
