-0.341728
0.064415
-0.068077
-0.000081
0.034053
-0.005495
-0.026233
0.005354
0.035269
-0.067069
0.086894
-0.061985
-0.000736
0.023020
-0.005366
-0.004493
-0.002516
-0.007915
0.016077
-0.003870
-0.028830
0.037114
-0.023048
0.002115
0.012315
-0.017429
0.000547
0.005491
0.000233
-0.006341
-0.001728
-0.001667
-0.001603
0.004341
-0.002713
-0.002480
-0.011130
0.015585
-0.000074
-0.011055
-0.004431
0.001465
0.008075
-0.008006
-0.008630
0.012592
-0.016438
0.016980
-0.008967
-0.015982
0.024468
-0.019271
0.009657
0.000630
-0.031840
0.017124
0.086559
-0.168948
-0.019026
0.381310
-0.170210
-1.110755
2.456640
1.400489
0.937713
0.285251
0.417956
0.423869
0.174100
0.009673
0.142635
0.189818
0.151708
0.203739
0.094704
0.092879
0.142093
0.209279
0.085011
0.087796
0.113282
0.115772
0.104238
0.094203
0.145432
0.062263
0.096348
0.158328
0.049355
0.084685
0.119714
0.134792
0.057916
0.085869
0.073122
0.118857
0.104671
0.054635
0.086626
0.091135
0.093211
0.075812
0.069136
0.081653
0.096315
0.071259
0.071687
0.074465
0.084004
0.062651
0.078271
0.084024
0.059848
0.066187
0.087332
0.061269
0.067361
0.056183
0.081892
0.065466
0.054763
0.065001
0.061411
0.065159
0.058686
0.058257
0.071411
0.048785
0.056994
0.048071
0.082434
0.038969
0.059340
0.057211
0.052269
0.043455
0.069719
0.038711
0.063340
0.045913
0.046878
0.048675
0.048199
0.064414
0.032166
0.040475
0.062295
0.044864
0.044132
0.039189
0.045924
0.045946
0.042611
0.032360
0.045902
0.047181
0.036802
0.033758
0.037917
0.067341
0.003601
0.053243
0.050463
0.023599
0.032828
0.043927
0.042785
0.026151
0.043178
0.022059
0.055684
0.023339
0.039687
0.023211
0.036029
0.044081
0.015218
0.025613
0.054209
0.016876
0.029191
0.027995
0.035631
0.028450
0.032131
0.019252
0.037127
0.028822
0.021882
0.022996
0.028115
0.047417
0.005588
0.021804
0.042302
0.030947
0.003202
0.030223
0.031194
0.030290
0.014516
0.026147
0.032291
0.015834
0.030587
-0.005362
0.048402
0.032105
-0.008639
0.030459
0.027133
0.023143
0.009735
0.029408
0.014588
0.024429
0.007022
0.025099
0.028744
0.016235
0.015639
0.012877
0.023914
0.028122
-0.000311
0.017691
0.036717
0.006044
0.015028
0.016178
0.024298
0.010110
0.017375
0.008652
0.029588
0.012193
0.012290
0.004665
0.030251
0.025530
-0.002019
0.003753
0.049372
-0.003250
0.007682
0.015171
0.021092
0.012889
0.007187
0.010413
0.032008
-0.002985
0.014475
0.008740
0.017503
0.019484
-0.002199
0.011091
0.029607
0.007844
0.000817
0.006286
0.018885
0.011870
0.010422
0.003711
0.015865
0.015086
0.005461
0.001314
0.014692
0.019277
0.004347
-0.000230
0.029115
0.002842
0.007632
0.002308
0.021330
0.002852
0.009756
0.007026
0.012031
0.012727
0.003228
0.005883
0.017033
0.008148
-0.001432
0.007887
0.025321
0.003096
-0.008138
0.017344
0.003167
0.020151
-0.009287
0.016273
0.002326
0.018443
0.001901
-0.001158
0.005930
0.021706
0.000372
-0.008320
0.026392
0.004286
-0.004119
0.011814
0.007905
0.004459
-0.001003
0.009238
0.009437
0.005272
0.002390
0.002496
0.006838
0.018123
-0.008808
0.001015
0.022117
0.001015
-0.005512
0.007684
0.009444
0.010947
-0.005252
-0.000095
0.013344
0.008798
-0.007813
0.006534
0.002643
0.020048
-0.016395
-0.000152
0.026349
0.000082
-0.009752
0.003030
0.015420
0.004385
0.001939
-0.008093
0.015744
0.005431
-0.000402
-0.005609
0.007770
0.018556
-0.015385
0.004593
0.011590
0.003050
0.001695
-0.004416
0.015109
-0.007523
0.004758
-0.000640
0.013800
-0.006964
0.011333
-0.011342
0.010362
0.010064
-0.010593
-0.000732
0.019276
-0.004161
-0.000320
-0.005735
0.010050
0.001668
0.005390
-0.008907
0.013214
0.006313
-0.017893
0.007258
0.001061
0.024166
-0.024567
0.000371
0.022161
-0.001678
-0.010567
0.001692
0.004460
0.011007
-0.014404
0.006359
0.012705
-0.004401
-0.000340
-0.006236
0.005584
0.015604
-0.018686
0.000938
0.018632
-0.007741
-0.004415
-0.000458
0.012835
-0.002893
-0.005272
0.004788
0.007255
-0.000788
0.004684
-0.016923
0.013833
0.012521
-0.014664
-0.005939
0.010072
0.013024
-0.016536
0.002962
-0.001297
0.010239
-0.007451
0.003832
-0.007012
0.015971
-0.011150
-0.000675
0.000217
0.012721
-0.005051
-0.012820
0.016444
-0.003224
-0.000369
-0.002208
-0.000170
0.007587
-0.006924
0.004634
-0.002536
0.005843
-0.001908
-0.010036
0.000549
0.017115
-0.009411
-0.010075
0.012886
0.006598
-0.013236
0.005770
-0.006644
0.009227
0.000498
-0.011047
0.007311
0.003371
-0.001441
-0.008908
-0.000433
0.012370
-0.002930
-0.016601
0.022573
0.002091
-0.014687
-0.002140
0.010330
-0.001657
-0.006142
-0.003928
0.003917
0.006751
-0.003085
-0.005706
0.005152
0.008426
-0.006689
-0.005892
0.015635
-0.011273
-0.003609
0.005743
0.004166
-0.005753
-0.002254
-0.006724
0.012367
-0.001845
-0.001980
-0.004499
-0.003691
0.025541
-0.024678
0.002332
0.000979
0.007632
-0.017784
0.020844
-0.013296
-0.001109
-0.001824
0.004025
0.007525
-0.007336
0.003328
-0.019036
0.021469
0.003833
-0.015733
-0.002464
0.014016
-0.001353
-0.011644
0.004110
0.003520
-0.000683
-0.002939
-0.005077
0.005598
0.003508
-0.004686
-0.009289
0.006407
0.009980
-0.012406
-0.011427
0.023741
-0.005485
-0.011798
0.001806
0.002984
0.006214
-0.012106
0.000554
0.006404
-0.000681
-0.003384
-0.005906
0.003033
0.014709
-0.019248
0.001183
0.006559
0.003593
-0.010232
-0.003932
0.001930
0.007768
-0.004957
-0.009656
0.016931
0.002960
-0.011002
-0.006949
0.008933
0.005758
-0.012201
-0.008022
0.026485
-0.004433
-0.013481
0.001935
0.008839
-0.003755
-0.002619
-0.003907
0.005589
0.003206
-0.001356
-0.008735
-0.000003
0.013408
-0.008795
-0.014009
0.021470
-0.002108
-0.011839
-0.000170
0.008306
0.003814
-0.008888
-0.000262
0.003524
0.000415
-0.004484
-0.008533
0.017879
0.009040
-0.008888
-0.006789
0.016957
-0.005356
-0.004114
-0.000946
0.000977
0.000686
0.002116
-0.008971
0.011052
0.000794
-0.002745
-0.009988
0.004796
0.021525
-0.029879
0.011900
0.006169
-0.003770
-0.011041
0.006463
0.004907
-0.003908
-0.000219
-0.009070
0.019140
-0.006248
0.000953
-0.020001
0.015525
0.012026
-0.017547
-0.004340
0.020699
-0.000468
-0.020729
0.005305
0.005998
0.004953
-0.014098
0.007001
0.001384
-0.000108
0.002503
-0.008292
0.000251
0.014536
-0.017148
0.003717
0.004023
0.003726
-0.008258
0.003501
-0.000031
0.001852
-0.005313
0.006017
0.001157
-0.001039
0.003580
-0.017797
0.021648
0.002377
-0.016590
-0.002375
0.018886
-0.000029
-0.011970
-0.004073
0.013019
-0.004082
-0.002724
-0.001832
0.011491
-0.007232
0.000223
-0.004389
0.008709
0.007197
-0.017900
0.003066
0.014170
-0.004620
-0.016275
0.016562
-0.002263
-0.000695
-0.000632
-0.005461
0.014614
-0.008429
0.003371
-0.004800
0.000726
0.013577
-0.017795
0.002590
0.015695
-0.004741
-0.007181
0.004575
0.005721
0.000216
-0.001152
-0.006713
0.006471
0.005949
-0.011408
0.003278
0.001173
0.015655
-0.018926
-0.003285
0.020063
-0.001119
-0.018398
0.010251
0.005855
0.000412
-0.003329
-0.002765
0.006266
0.006814
-0.006829
-0.005401
0.002057
0.016083
-0.013815
-0.009339
0.021688
-0.009842
0.003530
-0.007970
0.008525
0.001541
-0.007136
0.000608
0.009676
-0.006766
0.006786
-0.020884
0.021825
0.005288
-0.016415
0.007835
0.007143
0.001512
-0.016923
0.013386
0.005839
-0.005527
-0.006406
0.001293
0.010676
0.000089
-0.005687
-0.009819
0.010640
0.014302
-0.019321
-0.000683
0.014773
-0.005167
-0.002645
-0.002432
-0.000942
0.018086
-0.023349
0.014542
-0.003830
0.006746
-0.006665
-0.003766
0.008947
0.003323
-0.004515
-0.008690
0.015774
-0.003043
-0.010295
0.003813
0.004276
-0.001620
0.005933
-0.012907
0.016618
-0.002667
-0.003274
-0.009823
0.010872
0.009544
-0.009985
-0.008419
0.018618
-0.005358
-0.009255
0.001849
0.010356
0.002687
-0.010687
0.005713
0.006230
0.001833
-0.002028
-0.011609
0.014623
0.010494
-0.020539
0.001991
0.016559
-0.011700
0.001516
0.001356
0.002664
0.000900
-0.004544
0.001580
0.004004
0.001310
0.000601
-0.007389
0.003163
0.011077
-0.008217
-0.012831
0.026585
-0.009882
-0.000067
-0.015325
0.026250
-0.016445
0.014550
-0.024142
0.022048
-0.004504
0.003673
-0.014333
0.006705
0.014115
-0.015005
-0.001946
0.014398
-0.001456
-0.006106
0.008444
-0.002449
0.005646
-0.002892
-0.001704
0.005615
0.000069
0.005390
-0.018864
0.013940
0.006105
-0.001659
-0.017143
0.026412
-0.009196
-0.005462
-0.000084
0.008726
-0.000421
-0.004287
-0.001338
0.003633
0.007475
-0.013302
0.006245
0.005218
0.008683
-0.021317
0.003403
0.015075
0.001328
-0.018550
0.012315
0.001221
0.004145
-0.010279
0.001621
0.002815
0.005799
-0.001774
-0.009869
0.006627
0.015262
-0.012536
-0.012620
0.020718
-0.001753
-0.008114
0.010945
-0.015595
0.019495
-0.023833
0.039352
-0.059058
0.086388
-0.079652
0.035646
-0.010217
0.019858
-0.016823
-0.006269
0.024819
-0.016160
0.009861
-0.015200
0.019997
-0.008399
-0.006269
0.001547
0.003091
0.009692
-0.009144
-0.001233
0.003395
0.012853
-0.019352
0.002613
0.007874
-0.001716
-0.002318
-0.005608
0.006177
0.001877
-0.003883
0.000576
0.007989
-0.007049
0.003778
-0.007518
0.008272
0.011922
-0.022853
0.006721
0.012160
-0.005541
-0.009508
0.004028
0.004714
0.000017
-0.005596
0.006472
-0.005961
0.010432
-0.002258
-0.013840
0.015313
0.002868
-0.015061
0.003127
0.012238
-0.004486
-0.002707
-0.017811
0.024269
0.006265
-0.007036
-0.067109
0.146989
-0.107673
0.019699
-0.031288
0.026542
0.008481
-0.019346
-0.000625
0.011867
-0.004551
-0.012249
0.018010
-0.022549
0.010143
0.000381
-0.004671
0.000512
-0.007712
0.003503
0.001250
-0.008197
-0.000967
0.005338
-0.017401
0.018195
-0.003641
-0.015797
0.005006
-0.002074
0.001969
-0.004786
0.001143
0.007803
-0.006915
0.002559
-0.012554
0.008646
-0.004134
-0.000080
-0.014227
0.013015
-0.006601
-0.008523
0.005858
-0.000722
-0.005088
-0.007564
0.005368
-0.004299
-0.002682
-0.003291
-0.006057
0.002262
0.005966
-0.012663
-0.010935
0.008773
0.001536
-0.020135
0.016804
-0.016117
0.015089
-0.040068
0.062224
-0.079375
0.057946
-0.094441
0.325346
-0.728618
0.824156
