-0.314752
0.066157
-0.066455
0.000829
0.030524
-0.003602
-0.027345
-0.002011
0.037666
-0.058808
0.071373
-0.041383
-0.013972
0.033334
-0.018724
0.003653
-0.000772
-0.012483
0.008859
0.019581
-0.044900
0.040156
-0.029362
0.006424
0.028507
-0.047493
0.015412
0.011093
-0.001824
-0.022918
0.016577
-0.003913
0.003177
-0.016254
0.025358
-0.025911
0.008001
-0.007224
0.019316
-0.030074
0.029303
-0.023539
0.018120
-0.021174
0.013239
-0.006586
0.003544
-0.009590
0.002943
-0.004708
0.003768
0.000715
-0.002684
0.008404
-0.034020
0.019184
0.070278
-0.149359
-0.021321
0.357558
-0.127748
-1.104150
2.367636
1.399038
0.748950
0.246505
0.385787
0.387054
0.144188
0.008731
0.124797
0.174203
0.148677
0.153530
0.090972
0.083223
0.138533
0.185732
0.056471
0.106983
0.105635
0.115128
0.068750
0.101809
0.136277
0.067873
0.053832
0.160214
0.039766
0.064255
0.111951
0.111756
0.047050
0.079330
0.060914
0.090512
0.118309
0.033790
0.063473
0.089745
0.112671
0.056244
0.057937
0.068468
0.085075
0.064160
0.057254
0.074851
0.070013
0.023825
0.094973
0.059169
0.052403
0.055354
0.071054
0.072699
0.051303
0.044580
0.068132
0.038638
0.074543
0.043252
0.064651
0.039400
0.082757
0.024654
0.028491
0.079906
0.036428
0.049905
0.054767
0.046624
0.033856
0.071596
0.023170
0.052910
0.063891
0.028627
0.055699
0.031086
0.044219
0.043315
0.036812
0.059454
0.031058
0.030339
0.051328
0.030955
0.051732
0.024114
0.036900
0.056505
0.017649
0.052831
0.003537
0.066962
0.039595
0.015281
0.028791
0.059219
0.020727
0.032081
0.042151
0.021824
0.009084
0.062861
0.008490
0.015451
0.050036
0.022596
0.031940
0.019931
0.033649
0.033359
0.012075
0.031343
0.026306
-0.001352
0.059687
0.026973
0.016694
0.020428
0.033004
0.018198
0.021067
0.019155
0.029392
0.027608
0.025773
-0.000284
0.041625
0.043471
-0.027637
0.045697
0.011809
0.033003
0.016033
0.011028
0.030274
0.024268
0.019942
-0.003078
0.055443
-0.006035
0.030552
0.002317
0.039364
0.033429
0.017017
-0.008359
0.035038
0.021956
0.014843
0.006231
0.016580
0.024610
0.011257
0.004821
0.034988
-0.004955
0.031441
-0.004884
0.020584
0.041699
-0.031307
0.029004
0.021325
0.027776
-0.009348
0.021395
0.017432
0.004834
0.014959
0.010257
0.028675
-0.007679
0.015476
0.022328
0.017198
0.020402
0.020279
-0.005063
0.041896
0.014889
-0.014579
0.022284
0.014513
0.015708
0.005304
0.006195
0.010622
0.029173
-0.005657
0.006330
0.007155
0.028072
0.001225
0.004618
0.015509
0.035253
-0.025635
0.020466
0.012256
0.009843
0.005127
0.001953
0.004544
0.014230
0.015083
0.015804
-0.020270
0.033647
0.004787
0.015121
0.001282
-0.003646
0.022516
0.000753
-0.016125
0.025793
0.010204
0.004029
0.008994
-0.002006
0.013195
0.000523
0.003909
0.024140
-0.014248
0.008959
0.021311
-0.002855
0.010413
-0.011312
0.012346
0.019362
-0.009931
-0.009862
0.040385
-0.003146
-0.004711
0.013448
-0.000025
0.022496
-0.013502
-0.014654
0.035914
0.013913
-0.008721
-0.008501
-0.003038
0.034921
-0.030054
0.015929
-0.012050
0.027629
-0.007882
0.007584
-0.002070
0.033140
-0.004549
-0.010924
0.012269
0.010259
-0.001071
0.011166
-0.003901
0.019233
-0.016112
0.015802
0.012614
-0.008232
0.013639
0.000007
0.001319
0.006001
-0.004840
0.020721
0.011784
-0.023940
0.012046
0.002539
0.000543
0.012605
-0.015602
0.012786
0.014896
-0.009226
0.011907
-0.015064
0.015401
0.006065
0.001091
0.002111
-0.007276
0.015890
0.001523
0.006730
-0.004869
0.005974
0.009628
-0.007116
0.016423
-0.015559
0.041083
-0.042562
0.021644
0.007543
0.001033
-0.016665
0.014832
0.027883
-0.034399
0.012725
-0.004205
0.008151
0.001076
-0.005448
0.010211
0.003948
0.008282
-0.013245
0.002808
0.010802
-0.012911
0.003772
0.022176
-0.014861
-0.013973
0.013858
0.008123
0.004724
-0.021423
0.006538
0.004064
0.013993
-0.007397
0.007705
-0.012954
0.014813
-0.010511
-0.004980
0.012453
-0.001957
0.010049
-0.006572
-0.008834
0.002871
0.012417
-0.014222
0.006096
0.003793
0.007606
-0.019236
0.011013
0.010732
-0.013474
0.011879
-0.001043
-0.002134
0.004336
-0.003138
0.015912
-0.024779
0.022926
-0.019293
0.002533
0.011304
-0.010091
-0.002403
-0.003764
0.025561
-0.027926
-0.002425
0.028841
-0.012033
-0.014088
0.018333
0.007192
0.013401
-0.017778
0.015488
0.011576
-0.001976
-0.012749
0.001297
0.003669
0.015113
-0.023519
0.005759
-0.002361
0.028646
-0.025082
0.010676
0.000613
-0.000546
-0.008550
0.006818
-0.006418
0.017995
-0.007643
-0.014479
0.003919
0.017821
-0.021322
0.007557
0.001320
0.016381
-0.015089
-0.017524
0.025233
0.003689
-0.020591
0.004906
0.013303
-0.001560
-0.009487
-0.009288
0.014925
0.003575
-0.020819
0.019335
-0.002744
0.000290
-0.011530
0.009760
-0.010917
0.021562
-0.018085
0.010400
0.001324
-0.012911
0.021123
-0.022423
-0.003154
0.032711
-0.026328
-0.005464
0.017905
-0.009871
0.012769
-0.019332
-0.001390
0.022279
-0.024656
0.009066
0.008523
0.006267
-0.017976
0.001472
0.011736
0.006694
-0.016766
-0.008121
0.020281
-0.016275
0.001802
0.007856
-0.017298
0.028714
-0.015762
-0.023741
0.027940
-0.002356
0.001107
-0.023091
0.006221
0.027067
-0.023854
0.006717
-0.009460
0.017682
-0.026976
0.026096
-0.012165
-0.011806
0.011087
-0.001144
0.009709
-0.021955
0.021988
-0.016925
0.003958
0.011120
-0.022010
0.001251
0.011285
0.004068
-0.012461
-0.010126
0.010752
0.006103
-0.007480
-0.010343
0.015114
0.006796
-0.009064
-0.012202
0.006086
0.006313
0.001499
-0.010056
0.018391
-0.005139
-0.006153
-0.008990
0.000532
0.026784
-0.021305
0.003344
0.000300
0.011300
-0.027901
0.027239
-0.025494
0.010970
0.013545
-0.033249
0.025056
-0.003422
-0.007244
0.009535
-0.012929
0.011657
-0.005581
-0.011373
0.004170
0.021518
-0.019494
0.006283
0.002257
0.013966
-0.016379
0.000921
-0.002410
0.003774
-0.015940
0.029886
-0.010347
-0.011673
0.011292
-0.021865
0.024002
-0.005949
0.001352
-0.018255
0.022170
0.001103
-0.000932
-0.025389
0.038213
-0.013130
-0.018465
0.003317
0.016308
-0.018860
0.011197
0.010273
-0.005201
-0.022693
0.028492
-0.019331
0.006478
0.005283
0.000085
-0.004269
-0.010758
0.012386
0.005338
-0.016387
0.006621
0.002624
0.005950
-0.007076
-0.002384
-0.001798
0.014624
-0.015912
0.002890
0.007379
-0.006321
0.001757
0.015108
-0.022512
0.003686
-0.002204
0.011074
-0.006909
0.000409
-0.005411
0.010153
-0.001593
-0.002849
-0.008897
0.002343
0.014562
-0.002747
-0.008653
-0.003274
0.016278
-0.022399
0.018737
-0.005673
0.000111
0.009291
-0.015498
0.024134
-0.034607
0.026485
-0.013498
0.001861
0.019534
-0.026024
-0.000022
0.017667
0.002866
-0.030721
0.024641
0.004637
-0.011391
0.007710
-0.015822
0.030562
-0.021599
0.006682
-0.016814
0.023031
-0.004849
0.003539
-0.016321
0.014843
0.000396
0.007445
-0.030850
0.020264
-0.002038
0.009833
-0.021767
0.014662
-0.003489
0.012524
-0.023487
0.011258
0.007275
-0.005742
-0.015180
0.030974
-0.022960
0.006286
-0.002308
0.015847
-0.013581
-0.002106
-0.010436
0.018136
0.002476
-0.015850
0.015200
-0.017201
0.035626
-0.029409
-0.007444
0.030089
-0.007046
-0.017995
0.001040
0.004037
0.015993
-0.026158
0.024820
-0.025927
0.034110
-0.014868
0.002315
-0.007402
0.011237
0.020445
-0.028357
0.028506
-0.010393
-0.003533
0.019129
-0.017885
0.000281
0.006114
0.001212
0.002096
0.015912
-0.034748
0.013123
0.006536
0.019535
-0.020673
-0.005958
0.010714
0.012644
-0.029448
0.031139
-0.020886
0.026979
-0.027653
0.002109
0.015628
-0.009768
0.010360
-0.023904
0.025893
-0.009804
0.000126
-0.002149
0.013740
-0.010470
-0.005840
0.015098
-0.011402
0.012623
-0.016235
0.013868
0.000776
-0.000859
-0.009640
0.005869
0.004979
0.014734
-0.021820
0.000168
0.019447
-0.009098
0.009108
-0.028433
0.017424
0.018704
-0.025265
0.002493
0.006895
0.010622
-0.002607
-0.017017
0.006989
0.022798
-0.025608
0.001191
0.014516
-0.000720
-0.011079
0.022533
-0.021826
0.009227
-0.004045
0.011901
-0.018955
0.024476
-0.004260
-0.008808
-0.019190
0.033927
0.012607
-0.056904
0.041869
0.002207
-0.009914
-0.010987
0.011964
0.000150
0.011058
-0.021478
0.024104
-0.016617
0.003266
-0.003833
-0.000044
0.028547
-0.030488
-0.003591
0.011699
0.001794
0.001775
-0.012954
0.009528
0.004086
0.001583
-0.011118
0.001189
0.016026
0.005736
-0.029705
0.023069
0.002053
-0.000637
-0.023569
0.024983
0.005523
-0.017176
-0.000994
0.001210
0.013615
-0.009640
0.001431
0.005033
0.004144
0.001744
-0.023661
0.019158
0.007842
-0.008646
0.000456
0.004506
-0.001883
0.000840
-0.003543
-0.004937
0.013393
-0.008787
-0.012502
0.033220
-0.017992
0.006083
-0.002946
-0.009591
0.026796
-0.027937
0.013471
-0.000760
0.014999
-0.027943
0.034472
-0.042193
0.046816
-0.044114
0.052924
-0.075347
0.083676
-0.072998
0.042014
-0.016774
0.022079
-0.019358
-0.001392
0.014712
-0.004674
-0.002146
-0.005565
0.015681
-0.015567
0.007033
-0.012457
0.017041
0.005518
-0.015085
0.003919
0.008135
-0.009305
0.001675
-0.008334
0.023782
-0.022878
0.026231
-0.025893
0.031641
-0.021139
0.007675
-0.011625
0.021009
-0.007553
-0.009762
-0.005187
0.011685
0.011688
-0.016852
0.003470
0.014016
-0.012739
0.007965
-0.013709
0.012722
-0.000127
0.000951
-0.007837
0.002933
-0.003332
0.006227
-0.006646
0.001043
0.019031
-0.025831
0.015753
-0.004062
0.003294
-0.001500
-0.008012
0.006369
0.007585
0.009290
-0.077574
0.133884
-0.093721
0.019332
-0.029004
0.030134
-0.006267
-0.005565
-0.018489
0.022227
0.005863
-0.012296
-0.002251
0.002213
-0.008059
0.000390
0.007607
0.003579
-0.018010
0.013341
0.002894
-0.023937
0.009216
0.008231
-0.010875
0.002259
0.001684
-0.009558
-0.004568
0.019870
-0.010337
-0.021817
0.018437
-0.011277
0.019144
-0.019845
-0.005406
0.006647
-0.003193
0.002776
-0.002069
-0.009560
0.012002
-0.025735
0.024001
-0.024460
0.008794
-0.005316
0.010061
-0.016694
0.002027
0.004233
-0.008540
0.008168
-0.013419
0.002282
-0.006593
-0.002213
0.002075
-0.015021
0.027518
-0.034137
0.025409
-0.042462
0.062181
-0.069751
0.048821
-0.082759
0.294326
-0.672758
0.758051
