0.008374
0.007383
0.005970
0.004384
0.002864
0.001591
0.000657
0.000062
-0.000256
-0.000395
-0.000450
-0.000496
-0.000577
-0.000704
-0.000871
-0.001058
-0.001247
-0.001419
-0.001567
-0.001687
-0.001782
-0.001855
-0.001914
-0.001965
-0.002015
-0.002068
-0.002127
-0.002196
-0.002275
-0.002362
-0.002456
-0.002554
-0.002654
-0.002753
-0.002850
-0.002943
-0.003031
-0.003113
-0.003188
-0.003255
-0.003311
-0.003356
-0.003386
-0.003392
-0.003350
-0.003207
-0.002842
-0.002020
-0.000303
0.003067
0.009318
0.020307
0.038634
0.067644
0.111205
0.173197
0.256695
0.362924
0.490214
0.633270
0.783095
0.927792
1.054225
1.150256
1.207013
1.220599
1.192750
1.130272
1.043455
0.943932
0.842567
0.747885
0.665297
0.597123
0.543199
0.501758
0.470304
0.446297
0.427557
0.412439
0.399821
0.389009
0.379599
0.371364
0.364159
0.357867
0.352364
0.347511
0.343161
0.339166
0.335392
0.331729
0.328099
0.324455
0.320782
0.317080
0.313365
0.309655
0.305963
0.302302
0.298676
0.295085
0.291530
0.288010
0.284529
0.281094
0.277717
0.274412
0.271195
0.268076
0.265064
0.262160
0.259363
0.256667
0.254066
0.251549
0.249107
0.246726
0.244390
0.242081
0.239783
0.237479
0.235160
0.232820
0.230456
0.228070
0.225661
0.223228
0.220770
0.218284
0.215770
0.213229
0.210665
0.208085
0.205502
0.202934
0.200400
0.197926
0.195535
0.193249
0.191081
0.189032
0.187090
0.185233
0.183428
0.181645
0.179858
0.178050
0.176218
0.174371
0.172523
0.170693
0.168898
0.167152
0.165461
0.163826
0.162236
0.160676
0.159123
0.157550
0.155930
0.154235
0.152446
0.150554
0.148568
0.146511
0.144428
0.142373
0.140412
0.138604
0.136998
0.135621
0.134477
0.133540
0.132768
0.132101
0.131480
0.130848
0.130165
0.129402
0.128550
0.127610
0.126592
0.125511
0.124381
0.123215
0.122020
0.120803
0.119568
0.118321
0.117067
0.115812
0.114566
0.113339
0.112144
0.110991
0.109890
0.108849
0.107870
0.106952
0.106094
0.105289
0.104529
0.103807
0.103113
0.102438
0.101772
0.101105
0.100429
0.099737
0.099027
0.098299
0.097555
0.096799
0.096037
0.095273
0.094511
0.093751
0.092994
0.092240
0.091487
0.090736
0.089988
0.089245
0.088512
0.087793
0.087094
0.086420
0.085778
0.085173
0.084609
0.084088
0.083608
0.083164
0.082746
0.082343
0.081941
0.081526
0.081088
0.080619
0.080116
0.079585
0.079034
0.078478
0.077932
0.077411
0.076924
0.076477
0.076068
0.075688
0.075325
0.074967
0.074600
0.074216
0.073807
0.073372
0.072909
0.072423
0.071917
0.071396
0.070866
0.070333
0.069802
0.069277
0.068760
0.068251
0.067749
0.067250
0.066750
0.066244
0.065727
0.065195
0.064646
0.064084
0.063517
0.062957
0.062418
0.061916
0.061460
0.061050
0.060681
0.060337
0.060000
0.059648
0.059267
0.058848
0.058390
0.057904
0.057408
0.056924
0.056474
0.056076
0.055737
0.055458
0.055225
0.055021
0.054825
0.054618
0.054383
0.054112
0.053801
0.053449
0.053059
0.052633
0.052177
0.051695
0.051196
0.050692
0.050196
0.049726
0.049302
0.048943
0.048665
0.048481
0.048398
0.048415
0.048524
0.048704
0.048925
0.049148
0.049329
0.049422
0.049393
0.049221
0.048906
0.048468
0.047943
0.047370
0.046792
0.046240
0.045734
0.045282
0.044885
0.044538
0.044237
0.043979
0.043761
0.043579
0.043429
0.043305
0.043196
0.043092
0.042980
0.042851
0.042699
0.042520
0.042318
0.042094
0.041854
0.041602
0.041336
0.041057
0.040761
0.040448
0.040121
0.039788
0.039461
0.039153
0.038873
0.038627
0.038411
0.038217
0.038033
0.037846
0.037647
0.037431
0.037198
0.036951
0.036695
0.036437
0.036182
0.035937
0.035704
0.035487
0.035289
0.035109
0.034946
0.034798
0.034660
0.034530
0.034405
0.034283
0.034163
0.034044
0.033927
0.033809
0.033693
0.033579
0.033467
0.033360
0.033257
0.033158
0.033061
0.032962
0.032857
0.032742
0.032612
0.032466
0.032302
0.032123
0.031932
0.031734
0.031537
0.031351
0.031185
0.031049
0.030947
0.030880
0.030843
0.030826
0.030817
0.030800
0.030764
0.030696
0.030591
0.030446
0.030265
0.030054
0.029824
0.029589
0.029362
0.029153
0.028972
0.028823
0.028704
0.028612
0.028541
0.028483
0.028433
0.028384
0.028329
0.028264
0.028184
0.028088
0.027974
0.027847
0.027712
0.027575
0.027443
0.027320
0.027207
0.027104
0.027007
0.026916
0.026827
0.026741
0.026658
0.026580
0.026506
0.026439
0.026376
0.026318
0.026263
0.026209
0.026153
0.026090
0.026018
0.025934
0.025837
0.025729
0.025613
0.025495
0.025381
0.025276
0.025185
0.025110
0.025053
0.025015
0.024994
0.024987
0.024989
0.024994
0.024991
0.024974
0.024934
0.024868
0.024774
0.024656
0.024520
0.024372
0.024222
0.024080
0.023953
0.023848
0.023770
0.023720
0.023696
0.023692
0.023701
0.023715
0.023727
0.023731
0.023723
0.023703
0.023668
0.023619
0.023555
0.023477
0.023388
0.023291
0.023195
0.023104
0.023025
0.022960
0.022910
0.022871
0.022835
0.022798
0.022753
0.022700
0.022644
0.022595
0.022566
0.022571
0.022621
0.022721
0.022869
0.023051
0.023246
0.023427
0.023571
0.023656
0.023674
0.023626
0.023525
0.023389
0.023239
0.023092
0.022959
0.022844
0.022745
0.022657
0.022575
0.022497
0.022420
0.022345
0.022273
0.022202
0.022133
0.022062
0.021988
0.021910
0.021826
0.021740
0.021655
0.021576
0.021507
0.021454
0.021420
0.021406
0.021408
0.021423
0.021444
0.021462
0.021471
0.021464
0.021440
0.021396
0.021335
0.021259
0.021174
0.021084
0.020998
0.020921
0.020857
0.020810
0.020779
0.020764
0.020759
0.020760
0.020763
0.020766
0.020766
0.020762
0.020753
0.020739
0.020719
0.020691
0.020658
0.020618
0.020575
0.020527
0.020475
0.020417
0.020352
0.020279
0.020201
0.020122
0.020049
0.019989
0.019945
0.019919
0.019908
0.019906
0.019908
0.019909
0.019905
0.019897
0.019888
0.019880
0.019872
0.019866
0.019857
0.019843
0.019821
0.019788
0.019742
0.019683
0.019613
0.019536
0.019454
0.019372
0.019296
0.019228
0.019171
0.019127
0.019093
0.019067
0.019046
0.019029
0.019012
0.018994
0.018973
0.018947
0.018917
0.018881
0.018842
0.018800
0.018757
0.018715
0.018673
0.018630
0.018584
0.018535
0.018483
0.018432
0.018384
0.018344
0.018314
0.018294
0.018283
0.018277
0.018277
0.018281
0.018290
0.018307
0.018332
0.018366
0.018408
0.018454
0.018502
0.018547
0.018587
0.018620
0.018643
0.018657
0.018660
0.018652
0.018633
0.018605
0.018568
0.018525
0.018480
0.018434
0.018390
0.018350
0.018315
0.018286
0.018264
0.018251
0.018244
0.018244
0.018247
0.018253
0.018262
0.018278
0.018306
0.018354
0.018427
0.018529
0.018658
0.018806
0.018960
0.019105
0.019221
0.019293
0.019309
0.019263
0.019157
0.019000
0.018808
0.018597
0.018386
0.018188
0.018014
0.017867
0.017745
0.017644
0.017558
0.017484
0.017419
0.017361
0.017307
0.017257
0.017209
0.017159
0.017108
0.017056
0.017006
0.016960
0.016922
0.016894
0.016875
0.016866
0.016864
0.016868
0.016879
0.016895
0.016920
0.016958
0.017014
0.017093
0.017199
0.017333
0.017491
0.017663
0.017832
0.017981
0.018091
0.018148
0.018144
0.018080
0.017967
0.017818
0.017649
0.017477
0.017313
0.017165
0.017036
0.016927
0.016837
0.016762
0.016698
0.016643
0.016592
0.016543
0.016495
0.016447
0.016401
0.016359
0.016321
0.016287
0.016254
0.016220
0.016180
0.016134
0.016080
0.016020
0.015956
0.015892
0.015828
0.015766
0.015704
0.015643
0.015580
0.015514
0.015443
0.015370
0.015296
0.015222
0.015153
0.015090
0.015035
0.014989
0.014950
0.014917
0.014889
0.014864
0.014840
0.014817
0.014796
0.014777
0.014763
0.014753
0.014748
0.014749
0.014754
0.014760
0.014765
0.014766
0.014758
0.014742
0.014719
0.014693
0.014668
0.014649
0.014635
0.014624
0.014610
0.014585
0.014540
0.014471
0.014380
0.014272
0.014157
0.014043
0.013940
0.013853
0.013782
0.013723
0.013674
0.013628
0.013581
0.013532
0.013479
0.013422
0.013359
0.013290
0.013215
0.013135
0.013052
0.012969
0.012889
0.012817
0.012753
0.012698
0.012650
0.012607
0.012564
0.012520
0.012473
0.012422
0.012368
0.012312
0.012258
0.012210
0.012172
0.012146
0.012132
0.012129
0.012130
0.012130
0.012122
0.012103
0.012072
0.012027
0.011970
0.011904
0.011830
0.011750
0.011666
0.011580
0.011494
0.011412
0.011334
0.011262
0.011193
0.011125
0.011057
0.010987
0.010915
0.010845
0.010777
0.010715
0.010660
0.010611
0.010568
0.010528
0.010490
0.010452
0.010414
0.010377
0.010339
0.010302
0.010265
0.010228
0.010189
0.010147
0.010099
0.010046
0.009987
0.009925
0.009863
0.009806
0.009757
0.009717
0.009685
0.009658
0.009633
0.009607
0.009576
0.009542
0.009504
0.009464
0.009421
0.009376
0.009326
0.009266
0.009196
0.009115
0.009025
0.008930
0.008837
0.008750
0.008674
0.008611
0.008558
0.008512
0.008469
0.008426
0.008378
0.008324
0.008263
0.008197
0.008128
0.008060
0.007997
0.007942
0.007898
0.007865
0.007840
0.007820
0.007799
0.007770
0.007729
0.007673
0.007602
0.007519
0.007426
0.007328
0.007228
0.007130
0.007036
0.006944
0.006854
0.006763
0.006672
0.006580
0.006489
0.006402
0.006323
0.006253
0.006191
0.006132
0.006069
0.005987
0.005872
0.005705
0.005469
0.005148
0.004733
0.004229
0.003652
0.003039
0.002437
0.001899
0.001475
0.001196
0.001071
0.001080
0.001183
0.001329
0.001469
0.001564
0.001597
0.001563
0.001476
0.001354
0.001215
0.001074
0.000938
0.000810
0.000689
0.000573
0.000462
0.000354
0.000252
0.000157
0.000070
-0.000009
-0.000083
-0.000159
-0.000244
-0.000345
-0.000466
-0.000610
-0.000774
-0.000953
-0.001140
-0.001327
-0.001510
-0.001685
-0.001853
-0.002016
-0.002174
-0.002330
-0.002485
-0.002637
-0.002786
-0.002930
-0.003070
-0.003208
-0.003347
-0.003492
-0.003644
-0.003807
-0.003980
-0.004159
-0.004335
-0.004493
-0.004609
-0.004643
-0.004547
-0.004257
-0.003703
-0.002823
-0.001580
0.000016
0.001886
0.003882
0.005789
0.007367
0.008401
0.008746
