-0.000869
-0.000832
-0.000802
-0.000779
-0.000763
-0.000753
-0.000748
-0.000747
-0.000751
-0.000756
-0.000763
-0.000768
-0.000771
-0.000769
-0.000758
-0.000737
-0.000700
-0.000644
-0.000564
-0.000454
-0.000306
-0.000113
0.000134
0.000446
0.000835
0.001314
0.001899
0.002605
0.003453
0.004461
0.005652
0.007048
0.008674
0.010555
0.012717
0.015185
0.017985
0.021139
0.024671
0.028599
0.032940
0.037706
0.042902
0.048530
0.054585
0.061052
0.067911
0.075135
0.082685
0.090517
0.098578
0.106807
0.115138
0.123497
0.131809
0.139991
0.147963
0.155642
0.162949
0.169805
0.176140
0.181888
0.186992
0.191405
0.195088
0.198017
0.200176
0.201562
0.202185
0.202064
0.201229
0.199720
0.197586
0.194880
0.191663
0.188000
0.183958
0.179603
0.175004
0.170225
0.165329
0.160375
0.155414
0.150497
0.145664
0.140953
0.136393
0.132008
0.127816
0.123831
0.120059
0.116505
0.113169
0.110045
0.107128
0.104409
0.101878
0.099523
0.097331
0.095290
0.093387
0.091610
0.089947
0.088386
0.086916
0.085528
0.084211
0.082959
0.081763
0.080617
0.079514
0.078450
0.077421
0.076421
0.075448
0.074500
0.073572
0.072664
0.071773
0.070898
0.070038
0.069191
0.068357
0.067535
0.066724
0.065923
0.065133
0.064353
0.063582
0.062820
0.062067
0.061323
0.060587
0.059860
0.059140
0.058428
0.057724
0.057027
0.056338
0.055656
0.054982
0.054314
0.053654
0.053000
0.052354
0.051715
0.051082
0.050457
0.049839
0.049229
0.048625
0.048029
0.047441
0.046860
0.046287
0.045722
0.045164
0.044615
0.044074
0.043541
0.043017
0.042501
0.041993
0.041494
0.041003
0.040520
0.040046
0.039580
0.039122
0.038671
0.038229
0.037793
0.037365
0.036944
0.036530
0.036122
0.035720
0.035324
0.034934
0.034549
0.034169
0.033794
0.033423
0.033057
0.032695
0.032337
0.031983
0.031633
0.031286
0.030943
0.030604
0.030268
0.029936
0.029608
0.029283
0.028962
0.028644
0.028330
0.028019
0.027712
0.027409
0.027109
0.026813
0.026520
0.026231
0.025945
0.025662
0.025383
0.025107
0.024835
0.024565
0.024299
0.024036
0.023776
0.023519
0.023266
0.023016
0.022769
0.022525
0.022284
0.022047
0.021814
0.021584
0.021357
0.021134
0.020915
0.020699
0.020487
0.020279
0.020075
0.019874
0.019677
0.019484
0.019294
0.019108
0.018925
0.018745
0.018568
0.018394
0.018222
0.018054
0.017887
0.017723
0.017561
0.017401
0.017243
0.017086
0.016930
0.016776
0.016624
0.016472
0.016321
0.016172
0.016023
0.015875
0.015728
0.015581
0.015436
0.015291
0.015146
0.015002
0.014859
0.014716
0.014573
0.014431
0.014289
0.014148
0.014007
0.013866
0.013726
0.013586
0.013446
0.013307
0.013168
0.013029
0.012891
0.012753
0.012616
0.012479
0.012342
0.012207
0.012072
0.011938
0.011805
0.011673
0.011543
0.011413
0.011285
0.011158
0.011033
0.010910
0.010789
0.010669
0.010551
0.010435
0.010321
0.010210
0.010100
0.009992
0.009886
0.009782
0.009680
0.009580
0.009481
0.009384
0.009288
0.009193
0.009099
0.009007
0.008914
0.008823
0.008732
0.008641
0.008550
0.008459
0.008369
0.008278
0.008186
0.008095
0.008003
0.007912
0.007819
0.007727
0.007635
0.007543
0.007450
0.007358
0.007266
0.007175
0.007085
0.006995
0.006905
0.006817
0.006730
0.006644
0.006560
0.006477
0.006395
0.006315
0.006237
0.006160
0.006085
0.006012
0.005940
0.005870
0.005802
0.005735
0.005670
0.005606
0.005543
0.005482
0.005421
0.005362
0.005304
0.005246
0.005189
0.005132
0.005076
0.005020
0.004964
0.004909
0.004853
0.004798
0.004743
0.004688
0.004632
0.004577
0.004522
0.004467
0.004412
0.004358
0.004304
0.004250
0.004197
0.004144
0.004092
0.004041
0.003990
0.003941
0.003893
0.003846
0.003800
0.003756
0.003713
0.003672
0.003632
0.003594
0.003558
0.003524
0.003493
0.003463
0.003435
0.003410
0.003386
0.003365
0.003346
0.003330
0.003315
0.003302
0.003291
0.003282
0.003275
0.003269
0.003264
0.003260
0.003256
0.003253
0.003250
0.003247
0.003244
0.003240
0.003235
0.003228
0.003221
0.003212
0.003201
0.003188
0.003173
0.003156
0.003136
0.003115
0.003091
0.003065
0.003036
0.003006
0.002974
0.002939
0.002903
0.002866
0.002827
0.002787
0.002746
0.002703
0.002661
0.002617
0.002574
0.002530
0.002486
0.002443
0.002400
0.002358
0.002317
0.002276
0.002237
0.002199
0.002162
0.002126
0.002092
0.002060
0.002029
0.002000
0.001973
0.001948
0.001924
0.001901
0.001881
0.001862
0.001844
0.001828
0.001813
0.001800
0.001787
0.001776
0.001765
0.001755
0.001746
0.001737
0.001728
0.001720
0.001712
0.001703
0.001695
0.001686
0.001677
0.001667
0.001657
0.001647
0.001636
0.001624
0.001611
0.001598
0.001584
0.001569
0.001554
0.001537
0.001520
0.001503
0.001484
0.001465
0.001445
0.001425
0.001404
0.001383
0.001361
0.001340
0.001317
0.001295
0.001273
0.001251
0.001229
0.001207
0.001185
0.001164
0.001144
0.001124
0.001105
0.001086
0.001069
0.001052
0.001036
0.001020
0.001006
0.000992
0.000979
0.000967
0.000956
0.000945
0.000934
0.000924
0.000914
0.000904
0.000894
0.000884
0.000874
0.000864
0.000853
0.000842
0.000831
0.000819
0.000806
0.000793
0.000779
0.000764
0.000750
0.000734
0.000718
0.000702
0.000685
0.000668
0.000651
0.000634
0.000617
0.000600
0.000583
0.000566
0.000550
0.000534
0.000518
0.000503
0.000489
0.000475
0.000462
0.000449
0.000437
0.000425
0.000414
0.000404
0.000395
0.000385
0.000377
0.000369
0.000362
0.000355
0.000349
0.000343
0.000337
0.000332
0.000327
0.000323
0.000319
0.000315
0.000312
0.000309
0.000306
0.000304
0.000301
0.000299
0.000297
0.000295
0.000294
0.000292
0.000291
0.000290
0.000288
0.000287
0.000286
0.000285
0.000283
0.000282
0.000280
0.000278
0.000276
0.000274
0.000272
0.000270
0.000267
0.000264
0.000261
0.000258
0.000255
0.000251
0.000248
0.000244
0.000240
0.000236
0.000233
0.000229
0.000225
0.000222
0.000218
0.000215
0.000212
0.000209
0.000206
0.000203
0.000200
0.000197
0.000195
0.000192
0.000190
0.000188
0.000186
0.000184
0.000181
0.000179
0.000178
0.000176
0.000174
0.000172
0.000170
0.000168
0.000166
0.000164
0.000162
0.000160
0.000158
0.000155
0.000153
0.000150
0.000147
0.000144
0.000140
0.000136
0.000132
0.000128
0.000123
0.000118
0.000113
0.000107
0.000101
0.000095
0.000089
0.000083
0.000077
0.000070
0.000064
0.000057
0.000051
0.000045
0.000039
0.000033
0.000028
0.000023
0.000019
0.000014
0.000011
0.000007
0.000004
0.000002
-0.000000
-0.000002
-0.000003
-0.000004
-0.000005
-0.000005
-0.000005
-0.000005
-0.000004
-0.000003
-0.000002
-0.000001
0.000000
0.000002
0.000004
0.000007
0.000010
0.000013
0.000016
0.000020
0.000025
0.000030
0.000035
0.000042
0.000049
0.000056
0.000065
0.000074
0.000084
0.000095
0.000107
0.000120
0.000134
0.000148
0.000163
0.000179
0.000196
0.000213
0.000231
0.000248
0.000267
0.000285
0.000303
0.000321
0.000338
0.000355
0.000371
0.000386
0.000400
0.000413
0.000424
0.000434
0.000443
0.000450
0.000455
0.000458
0.000460
0.000461
0.000459
0.000457
0.000452
0.000447
0.000441
0.000433
0.000425
0.000416
0.000407
0.000398
0.000388
0.000379
0.000370
0.000361
0.000353
0.000345
0.000338
0.000331
0.000326
0.000321
0.000317
0.000314
0.000312
0.000310
0.000309
0.000309
0.000309
0.000309
0.000310
0.000311
0.000312
0.000313
0.000315
0.000315
0.000316
0.000316
0.000316
0.000316
0.000315
0.000313
0.000311
0.000309
0.000306
0.000302
0.000298
0.000294
0.000289
0.000283
0.000277
0.000271
0.000265
0.000258
0.000251
0.000244
0.000237
0.000230
0.000223
0.000215
0.000208
0.000201
0.000194
0.000188
0.000181
0.000175
0.000169
0.000163
0.000158
0.000152
0.000148
0.000143
0.000138
0.000134
0.000130
0.000127
0.000123
0.000120
0.000116
0.000113
0.000110
0.000107
0.000103
0.000100
0.000096
0.000092
0.000088
0.000084
0.000079
0.000074
0.000069
0.000064
0.000058
0.000051
0.000045
0.000038
0.000031
0.000023
0.000015
0.000007
-0.000001
-0.000009
-0.000017
-0.000025
-0.000033
-0.000041
-0.000048
-0.000056
-0.000063
-0.000069
-0.000075
-0.000081
-0.000086
-0.000090
-0.000094
-0.000097
-0.000099
-0.000100
-0.000101
-0.000100
-0.000099
-0.000096
-0.000093
-0.000088
-0.000083
-0.000076
-0.000068
-0.000058
-0.000047
-0.000035
-0.000021
-0.000006
0.000011
0.000030
0.000050
0.000071
0.000095
0.000119
0.000145
0.000172
0.000200
0.000229
0.000258
0.000288
0.000318
0.000348
0.000378
0.000406
0.000434
0.000460
0.000485
0.000508
0.000528
0.000546
0.000561
0.000574
0.000583
0.000590
0.000593
0.000593
0.000591
0.000585
0.000577
0.000566
0.000553
0.000538
0.000521
0.000503
0.000484
0.000464
0.000443
0.000422
0.000401
0.000381
0.000361
0.000341
0.000323
0.000306
0.000290
0.000276
0.000263
0.000251
0.000241
0.000232
0.000225
0.000218
0.000213
0.000209
0.000206
0.000203
0.000201
0.000199
0.000197
0.000196
0.000194
0.000191
0.000188
0.000184
0.000178
0.000172
0.000163
0.000153
0.000141
0.000127
0.000111
0.000092
0.000071
0.000047
0.000021
-0.000009
-0.000041
-0.000076
-0.000114
-0.000155
-0.000198
-0.000244
-0.000293
-0.000343
-0.000396
-0.000450
-0.000506
-0.000564
-0.000622
-0.000682
-0.000742
-0.000802
-0.000863
-0.000923
-0.000983
-0.001042
-0.001101
-0.001158
-0.001214
-0.001269
-0.001323
-0.001375
-0.001426
-0.001475
-0.001522
-0.001568
-0.001613
-0.001656
-0.001698
-0.001739
-0.001778
-0.001816
-0.001854
-0.001890
-0.001926
-0.001961
-0.001996
-0.002030
-0.002063
-0.002096
-0.002129
-0.002161
-0.002192
-0.002222
-0.002252
-0.002281
-0.002309
-0.002335
-0.002360
-0.002383
-0.002404
-0.002422
-0.002438
-0.002451
-0.002461
-0.002467
-0.002469
-0.002466
-0.002459
-0.002446
-0.002429
-0.002405
-0.002377
-0.002342
-0.002301
-0.002255
-0.002202
-0.002145
-0.002082
-0.002014
-0.001942
-0.001866
-0.001787
-0.001706
-0.001624
-0.001541
-0.001458
-0.001377
-0.001297
-0.001221
-0.001149
-0.001081
-0.001019
-0.000962
-0.000912
