0.005790
0.005095
0.004092
0.002959
0.001868
0.000950
0.000274
-0.000157
-0.000384
-0.000474
-0.000495
-0.000500
-0.000520
-0.000566
-0.000635
-0.000716
-0.000799
-0.000876
-0.000943
-0.001001
-0.001053
-0.001104
-0.001157
-0.001214
-0.001273
-0.001332
-0.001389
-0.001439
-0.001481
-0.001516
-0.001544
-0.001568
-0.001590
-0.001613
-0.001638
-0.001667
-0.001699
-0.001735
-0.001772
-0.001810
-0.001848
-0.001882
-0.001908
-0.001918
-0.001896
-0.001804
-0.001569
-0.001050
0.000008
0.002043
0.005753
0.012178
0.022740
0.039215
0.063571
0.097642
0.142651
0.198648
0.264008
0.335174
0.406818
0.472480
0.525642
0.560978
0.575467
0.569030
0.544511
0.506986
0.462629
0.417445
0.376231
0.341967
0.315735
0.297047
0.284420
0.275983
0.269967
0.265013
0.260266
0.255341
0.250194
0.244973
0.239896
0.235157
0.230886
0.227136
0.223895
0.221108
0.218695
0.216572
0.214660
0.212890
0.211206
0.209563
0.207929
0.206282
0.204609
0.202908
0.201184
0.199447
0.197710
0.195989
0.194294
0.192632
0.191004
0.189410
0.187841
0.186290
0.184747
0.183203
0.181649
0.180077
0.178481
0.176854
0.175193
0.173497
0.171767
0.170011
0.168241
0.166473
0.164729
0.163027
0.161386
0.159814
0.158313
0.156873
0.155477
0.154102
0.152726
0.151330
0.149905
0.148451
0.146977
0.145499
0.144035
0.142601
0.141206
0.139853
0.138535
0.137242
0.135960
0.134673
0.133369
0.132039
0.130679
0.129291
0.127883
0.126464
0.125047
0.123643
0.122258
0.120893
0.119543
0.118199
0.116850
0.115485
0.114100
0.112698
0.111287
0.109886
0.108516
0.107199
0.105952
0.104786
0.103701
0.102685
0.101719
0.100777
0.099835
0.098871
0.097871
0.096831
0.095752
0.094643
0.093516
0.092386
0.091266
0.090169
0.089105
0.088082
0.087102
0.086166
0.085270
0.084406
0.083567
0.082742
0.081922
0.081101
0.080271
0.079433
0.078586
0.077734
0.076887
0.076053
0.075244
0.074471
0.073740
0.073054
0.072413
0.071808
0.071229
0.070663
0.070094
0.069510
0.068898
0.068247
0.067554
0.066816
0.066038
0.065228
0.064404
0.063581
0.062780
0.062018
0.061308
0.060655
0.060056
0.059501
0.058975
0.058461
0.057942
0.057409
0.056855
0.056283
0.055697
0.055108
0.054524
0.053954
0.053404
0.052878
0.052376
0.051895
0.051430
0.050975
0.050522
0.050063
0.049593
0.049106
0.048604
0.048090
0.047569
0.047050
0.046541
0.046049
0.045576
0.045122
0.044686
0.044261
0.043846
0.043436
0.043029
0.042626
0.042225
0.041829
0.041436
0.041048
0.040664
0.040283
0.039906
0.039531
0.039158
0.038786
0.038411
0.038033
0.037649
0.037255
0.036852
0.036440
0.036024
0.035609
0.035204
0.034819
0.034462
0.034141
0.033858
0.033610
0.033392
0.033195
0.033006
0.032814
0.032612
0.032393
0.032157
0.031906
0.031645
0.031379
0.031114
0.030854
0.030604
0.030365
0.030141
0.029932
0.029738
0.029555
0.029379
0.029201
0.029011
0.028801
0.028565
0.028302
0.028014
0.027711
0.027402
0.027097
0.026805
0.026531
0.026275
0.026034
0.025803
0.025580
0.025358
0.025136
0.024912
0.024687
0.024460
0.024232
0.024004
0.023778
0.023557
0.023341
0.023132
0.022930
0.022734
0.022542
0.022351
0.022159
0.021965
0.021767
0.021565
0.021361
0.021155
0.020948
0.020743
0.020541
0.020346
0.020160
0.019985
0.019822
0.019674
0.019538
0.019414
0.019299
0.019189
0.019079
0.018967
0.018847
0.018718
0.018577
0.018423
0.018255
0.018072
0.017875
0.017665
0.017446
0.017225
0.017010
0.016809
0.016632
0.016482
0.016363
0.016271
0.016202
0.016144
0.016089
0.016028
0.015952
0.015857
0.015744
0.015616
0.015477
0.015337
0.015202
0.015076
0.014963
0.014859
0.014761
0.014666
0.014571
0.014474
0.014379
0.014291
0.014215
0.014154
0.014107
0.014069
0.014031
0.013985
0.013920
0.013832
0.013719
0.013586
0.013437
0.013284
0.013134
0.012996
0.012876
0.012776
0.012697
0.012633
0.012581
0.012534
0.012488
0.012444
0.012404
0.012377
0.012372
0.012395
0.012451
0.012537
0.012642
0.012748
0.012836
0.012888
0.012890
0.012837
0.012736
0.012599
0.012444
0.012288
0.012146
0.012027
0.011934
0.011869
0.011829
0.011811
0.011810
0.011822
0.011840
0.011854
0.011855
0.011833
0.011780
0.011692
0.011571
0.011424
0.011263
0.011102
0.010954
0.010827
0.010726
0.010649
0.010592
0.010550
0.010516
0.010487
0.010460
0.010434
0.010405
0.010372
0.010331
0.010281
0.010222
0.010156
0.010086
0.010017
0.009953
0.009895
0.009844
0.009801
0.009765
0.009733
0.009706
0.009682
0.009659
0.009636
0.009609
0.009575
0.009533
0.009480
0.009418
0.009351
0.009281
0.009215
0.009156
0.009107
0.009066
0.009033
0.009004
0.008975
0.008944
0.008910
0.008877
0.008847
0.008828
0.008825
0.008840
0.008870
0.008911
0.008951
0.008979
0.008986
0.008965
0.008917
0.008847
0.008764
0.008679
0.008601
0.008536
0.008488
0.008454
0.008431
0.008416
0.008404
0.008393
0.008381
0.008367
0.008352
0.008335
0.008319
0.008302
0.008284
0.008264
0.008241
0.008216
0.008191
0.008169
0.008154
0.008153
0.008172
0.008216
0.008290
0.008394
0.008527
0.008681
0.008846
0.009007
0.009147
0.009248
0.009299
0.009294
0.009236
0.009138
0.009013
0.008881
0.008757
0.008651
0.008569
0.008509
0.008469
0.008442
0.008422
0.008403
0.008382
0.008355
0.008321
0.008280
0.008233
0.008180
0.008126
0.008071
0.008019
0.007972
0.007934
0.007906
0.007889
0.007884
0.007889
0.007901
0.007915
0.007927
0.007932
0.007928
0.007914
0.007891
0.007862
0.007831
0.007801
0.007776
0.007757
0.007742
0.007732
0.007723
0.007713
0.007698
0.007677
0.007649
0.007614
0.007575
0.007536
0.007500
0.007471
0.007453
0.007444
0.007445
0.007451
0.007459
0.007465
0.007467
0.007464
0.007456
0.007446
0.007435
0.007424
0.007416
0.007410
0.007406
0.007405
0.007403
0.007399
0.007390
0.007372
0.007346
0.007310
0.007269
0.007226
0.007187
0.007156
0.007135
0.007124
0.007121
0.007125
0.007131
0.007138
0.007144
0.007147
0.007147
0.007142
0.007134
0.007122
0.007108
0.007093
0.007079
0.007067
0.007059
0.007053
0.007048
0.007041
0.007031
0.007017
0.006997
0.006974
0.006950
0.006927
0.006905
0.006888
0.006875
0.006867
0.006863
0.006865
0.006871
0.006881
0.006895
0.006911
0.006926
0.006940
0.006949
0.006951
0.006944
0.006928
0.006903
0.006872
0.006837
0.006804
0.006773
0.006746
0.006722
0.006698
0.006673
0.006646
0.006620
0.006597
0.006581
0.006574
0.006578
0.006589
0.006603
0.006615
0.006622
0.006620
0.006609
0.006592
0.006572
0.006553
0.006541
0.006537
0.006544
0.006560
0.006579
0.006597
0.006605
0.006599
0.006576
0.006537
0.006487
0.006433
0.006382
0.006342
0.006317
0.006309
0.006317
0.006338
0.006369
0.006405
0.006440
0.006466
0.006479
0.006473
0.006449
0.006408
0.006358
0.006305
0.006258
0.006222
0.006199
0.006188
0.006187
0.006191
0.006197
0.006205
0.006215
0.006229
0.006251
0.006285
0.006332
0.006395
0.006474
0.006569
0.006672
0.006778
0.006876
0.006955
0.007009
0.007031
0.007022
0.006985
0.006929
0.006864
0.006799
0.006742
0.006697
0.006662
0.006635
0.006608
0.006577
0.006536
0.006482
0.006419
0.006349
0.006282
0.006225
0.006185
0.006166
0.006167
0.006182
0.006203
0.006222
0.006233
0.006234
0.006226
0.006211
0.006196
0.006184
0.006177
0.006177
0.006185
0.006197
0.006213
0.006229
0.006241
0.006246
0.006239
0.006218
0.006183
0.006137
0.006083
0.006026
0.005971
0.005921
0.005877
0.005840
0.005810
0.005786
0.005768
0.005758
0.005756
0.005762
0.005775
0.005791
0.005807
0.005819
0.005823
0.005816
0.005796
0.005763
0.005719
0.005668
0.005615
0.005565
0.005524
0.005494
0.005475
0.005464
0.005455
0.005445
0.005430
0.005409
0.005383
0.005357
0.005337
0.005328
0.005332
0.005352
0.005383
0.005421
0.005459
0.005491
0.005510
0.005512
0.005496
0.005462
0.005413
0.005354
0.005290
0.005227
0.005169
0.005120
0.005080
0.005051
0.005033
0.005023
0.005020
0.005021
0.005024
0.005025
0.005022
0.005012
0.004997
0.004977
0.004953
0.004927
0.004900
0.004873
0.004844
0.004813
0.004781
0.004748
0.004717
0.004689
0.004669
0.004655
0.004649
0.004648
0.004650
0.004651
0.004646
0.004632
0.004609
0.004575
0.004534
0.004488
0.004444
0.004406
0.004376
0.004357
0.004346
0.004343
0.004343
0.004345
0.004344
0.004341
0.004334
0.004324
0.004309
0.004288
0.004261
0.004230
0.004196
0.004163
0.004139
0.004128
0.004134
0.004160
0.004205
0.004268
0.004340
0.004415
0.004484
0.004538
0.004572
0.004582
0.004570
0.004541
0.004501
0.004458
0.004417
0.004380
0.004345
0.004310
0.004269
0.004218
0.004156
0.004085
0.004006
0.003927
0.003849
0.003778
0.003714
0.003656
0.003604
0.003557
0.003516
0.003480
0.003450
0.003426
0.003408
0.003392
0.003377
0.003359
0.003335
0.003304
0.003265
0.003220
0.003172
0.003124
0.003080
0.003046
0.003022
0.003009
0.003006
0.003007
0.003011
0.003012
0.003012
0.003012
0.003018
0.003034
0.003063
0.003105
0.003158
0.003211
0.003255
0.003279
0.003275
0.003238
0.003171
0.003081
0.002979
0.002878
0.002788
0.002717
0.002666
0.002632
0.002607
0.002583
0.002548
0.002493
0.002412
0.002297
0.002142
0.001944
0.001700
0.001416
0.001103
0.000781
0.000475
0.000215
0.000024
-0.000085
-0.000112
-0.000074
0.000002
0.000087
0.000154
0.000186
0.000178
0.000132
0.000059
-0.000032
-0.000132
-0.000236
-0.000342
-0.000449
-0.000558
-0.000666
-0.000771
-0.000871
-0.000963
-0.001049
-0.001130
-0.001208
-0.001289
-0.001374
-0.001463
-0.001556
-0.001647
-0.001734
-0.001812
-0.001882
-0.001943
-0.002001
-0.002059
-0.002123
-0.002198
-0.002285
-0.002385
-0.002495
-0.002613
-0.002735
-0.002859
-0.002983
-0.003102
-0.003216
-0.003321
-0.003417
-0.003503
-0.003583
-0.003660
-0.003738
-0.003816
-0.003887
-0.003937
-0.003936
-0.003845
-0.003615
-0.003192
-0.002530
-0.001603
-0.000419
0.000963
0.002432
0.003834
0.004997
0.005765
0.006036
