-0.098295
0.021040
-0.014842
0.000338
0.013756
0.001822
-0.007112
-0.009163
0.022599
-0.016295
0.026077
-0.022180
0.003947
0.020539
-0.014264
-0.001432
0.009994
-0.000706
-0.001649
0.009648
-0.015518
0.016866
-0.013033
0.012766
-0.001122
-0.007032
0.010210
0.000721
-0.004798
0.010818
-0.007594
0.017900
-0.009564
-0.007065
0.002672
0.016127
-0.012600
0.007586
-0.010403
0.015744
-0.003048
-0.000329
-0.000431
0.017401
-0.018255
0.008930
-0.008746
0.018602
-0.010359
0.000748
0.016277
-0.012074
-0.005533
0.017930
-0.009911
-0.012157
0.056403
-0.059582
0.002572
0.053378
0.212283
-0.508507
1.208625
0.816489
0.033323
0.228095
0.170897
0.141685
0.056803
0.064729
0.046568
0.060208
0.074174
0.154208
-0.049800
0.047446
0.144629
0.027753
0.014375
0.077470
0.042269
0.044241
0.069673
0.035475
0.060893
0.039773
0.033732
0.086134
-0.007715
0.051269
0.070032
0.043945
0.011285
0.061955
0.048609
0.002376
0.084027
0.008785
0.045618
0.041637
0.042840
0.037134
0.022350
0.048435
0.048834
0.004959
0.025534
0.058028
0.025791
0.022103
0.036103
0.058164
0.015054
0.010086
0.060478
0.030383
0.006813
0.044884
0.038105
0.000163
0.031038
0.039413
0.029483
0.036529
0.003466
0.025645
0.039844
0.028392
0.018981
0.013728
0.043850
0.025099
0.011640
0.025676
0.021067
0.030292
0.023535
0.009941
0.034692
0.018773
0.015660
0.022107
0.015144
0.044201
-0.008460
0.027711
0.023392
0.020718
0.005291
0.026213
0.017205
0.031282
0.001644
0.024351
0.027479
-0.001332
0.023873
0.032394
0.007947
0.007253
0.015232
0.033591
0.011149
0.005023
0.017735
0.034627
0.004674
0.010440
0.009006
0.018332
0.018057
0.018592
0.016934
0.004308
0.005924
0.041796
-0.012142
0.014753
0.020929
0.010656
0.011921
0.015087
0.015678
-0.001137
0.030541
0.001351
0.025641
-0.007643
0.021470
-0.008229
0.038481
0.003607
-0.012409
0.026889
0.015522
0.009534
-0.007963
0.024760
0.000550
0.018549
0.007401
0.009178
0.004602
0.012550
0.004180
0.016642
-0.005317
0.016586
0.018301
-0.011088
0.022116
0.007576
0.011895
-0.007747
0.017413
0.012962
0.002492
-0.001922
0.015282
0.020305
-0.010740
0.017641
0.000083
0.026445
-0.020058
0.026594
-0.000853
0.021103
-0.024359
0.032953
-0.006537
0.012018
0.013985
0.000491
0.004678
0.001723
0.008227
0.012581
0.000480
0.014445
-0.002281
0.008033
0.011695
-0.010661
0.012132
0.006101
0.015329
-0.016911
0.017430
0.002403
0.005245
-0.002202
0.013560
-0.003168
0.016457
-0.002184
0.005881
-0.004427
0.017506
0.009302
-0.002469
-0.003978
0.017401
-0.003112
0.014715
-0.007122
-0.004551
0.027571
-0.015301
0.006342
0.019390
-0.004574
0.003753
-0.002653
0.018021
-0.000704
-0.017675
0.019313
0.006888
0.003104
-0.006122
0.008792
0.014636
-0.012966
0.010620
-0.004830
0.009513
0.008027
-0.011571
0.005238
0.025019
-0.014786
0.007280
-0.002378
-0.004624
0.012569
0.002831
-0.005919
0.017110
-0.012194
0.004757
0.012829
-0.014392
0.020071
0.004374
-0.019480
0.017373
-0.008464
0.016331
-0.006089
-0.000039
0.009802
-0.000455
-0.002808
0.003525
-0.003232
0.013471
-0.013793
0.012840
0.013412
-0.008438
-0.011366
0.018054
-0.003103
0.001347
-0.006762
0.014222
-0.000792
-0.003862
0.005613
0.005590
-0.010593
0.006522
0.002873
0.005492
0.012215
-0.013360
-0.000548
0.014031
0.004965
-0.007436
-0.004273
0.010678
-0.000894
-0.006676
0.013693
-0.005552
0.010107
-0.018757
0.019809
-0.008195
0.015514
-0.024993
0.013531
0.016665
-0.015048
-0.001514
0.006879
-0.006523
0.013550
-0.007271
0.004840
-0.005620
0.017173
-0.015477
0.007995
-0.004083
0.013143
-0.011769
0.009238
-0.000444
0.002539
-0.005439
0.003769
0.008638
0.000082
0.005957
-0.009180
0.013678
-0.010449
0.015795
-0.014481
-0.000560
0.012671
-0.010707
0.016325
-0.011363
0.005856
0.004659
-0.012015
0.010174
-0.003868
0.009006
-0.010376
0.012743
-0.012587
0.012568
-0.014085
0.011625
0.006947
-0.006916
-0.019359
0.027866
-0.006203
-0.008028
0.006453
-0.004398
0.004702
0.007626
-0.006721
-0.000701
0.005539
-0.005653
0.015546
-0.016571
0.006694
-0.009144
0.024005
-0.028654
0.019340
-0.024252
0.032207
-0.008093
-0.000770
-0.003389
-0.004913
0.005418
0.006365
-0.004608
-0.010973
0.011712
0.014405
-0.024449
-0.005363
0.031515
-0.017879
-0.002897
-0.001011
0.015040
-0.013038
-0.000637
0.009925
-0.003251
-0.005998
0.009350
0.002061
-0.016854
0.020764
-0.016643
0.009756
-0.004871
0.006943
-0.008874
0.012938
-0.006574
0.007168
-0.020013
0.014000
0.008827
-0.007443
-0.001044
-0.011153
0.018098
-0.007602
0.009076
-0.010918
0.003281
-0.001277
0.001427
-0.001000
0.006588
-0.010038
0.011841
-0.008114
0.004238
-0.000930
0.001223
-0.001178
-0.011824
0.027725
-0.028042
0.007792
0.008837
-0.008644
0.006314
-0.001800
-0.001620
-0.001177
0.001181
-0.002717
0.004991
-0.006830
0.008480
-0.016002
0.017796
-0.004967
0.002277
-0.020033
0.021474
-0.003021
-0.015250
0.010109
0.006957
-0.008557
-0.002841
0.007764
-0.004357
0.003705
-0.009097
0.004564
0.004184
0.008103
-0.008183
-0.004640
-0.000893
-0.001551
-0.002739
0.028894
-0.028976
0.002210
0.005844
-0.000950
-0.006099
0.007433
-0.000492
-0.008916
0.010770
0.009287
-0.022486
0.002859
0.009464
-0.002973
-0.000451
-0.004518
0.012111
-0.016092
0.005320
-0.002840
0.013888
-0.014253
0.002652
0.002905
-0.001658
0.009849
-0.015864
0.001460
0.018305
-0.013971
-0.002083
-0.001751
0.000870
0.015710
-0.013399
-0.000639
0.005282
-0.011878
0.018741
-0.016488
0.002645
-0.000824
0.003619
0.003827
0.003605
-0.004896
-0.018213
0.016982
0.008631
-0.016606
0.003673
-0.004311
0.013252
-0.004926
0.000736
-0.009846
0.001345
0.015954
-0.005355
-0.019709
0.015519
-0.008799
0.009429
-0.008026
0.002918
-0.009787
0.020405
-0.013511
0.002193
-0.004062
0.001984
0.005795
0.002763
-0.004040
-0.003497
-0.001609
0.008024
-0.005278
-0.008623
0.010723
-0.000178
-0.000864
-0.005605
0.004683
0.006776
-0.006097
-0.003125
-0.002863
-0.000145
0.017076
-0.018222
-0.000506
0.003283
0.005272
-0.002939
-0.005483
0.025624
-0.033472
0.016744
-0.006706
0.010461
-0.008940
0.002541
0.008037
0.001151
0.005558
-0.007728
0.003158
0.013445
-0.005880
-0.006532
0.006889
-0.001673
0.008547
-0.015436
0.015119
-0.002764
0.000431
0.014075
-0.024383
-0.000204
0.025379
-0.018296
-0.012488
0.025194
-0.007779
0.005668
-0.004657
-0.001339
-0.003657
0.010261
0.003850
0.000977
-0.019782
0.016603
-0.002950
-0.007352
0.011864
-0.011919
0.008380
0.009697
-0.012062
-0.000225
0.016312
-0.012696
0.003376
-0.008901
0.004355
0.010949
0.004935
-0.011995
0.002591
0.003112
0.011014
-0.025324
0.006585
0.015387
-0.007423
-0.000722
0.009332
-0.011832
0.007649
-0.000240
-0.006457
-0.001748
0.014648
-0.010942
0.005925
0.002674
-0.001752
0.000291
-0.019628
0.032238
-0.017544
-0.003054
0.013693
0.000338
-0.008521
0.006802
-0.013746
0.024785
-0.009450
-0.004072
-0.001339
0.007776
0.000316
-0.002397
-0.004547
0.008226
0.000035
-0.003311
-0.001835
0.004472
-0.002479
0.009005
-0.010031
0.009906
-0.006845
0.010263
-0.007318
-0.008311
0.017761
-0.007564
-0.007864
0.018740
-0.001678
-0.006752
-0.006422
0.004638
0.013714
-0.013669
0.011145
-0.007582
0.006772
0.000909
-0.018555
0.019394
0.007094
-0.013679
0.000940
0.005729
-0.001691
-0.002979
0.012010
-0.012511
0.010681
-0.015549
0.016207
0.001518
-0.007149
0.000927
0.013405
-0.020372
0.015114
-0.000451
-0.012056
0.013370
-0.002781
-0.003964
0.017382
-0.017930
0.006097
0.007453
-0.009177
0.012323
-0.013925
0.010649
0.005955
-0.006708
0.001989
-0.001998
-0.010288
0.018163
0.005612
-0.017794
0.009089
-0.003523
0.005847
-0.000658
0.005445
-0.006337
0.002890
0.004799
0.003293
-0.009303
0.014405
-0.012001
-0.003916
0.025644
-0.016035
-0.003524
0.013168
-0.002817
-0.009482
0.005453
0.020482
-0.018170
-0.009342
0.030048
-0.025075
0.017081
-0.012663
0.012978
-0.007755
0.010231
-0.010406
0.016798
-0.011576
0.012874
-0.010056
0.009722
-0.015808
0.006649
0.007327
0.001096
-0.011086
0.006503
0.022657
-0.022515
-0.003582
0.017295
-0.005435
-0.001120
0.003296
0.000977
-0.011595
0.004210
0.019946
-0.002175
-0.007891
-0.006856
0.009638
0.000622
0.013210
-0.020128
0.008283
0.012575
-0.010936
0.004037
-0.003365
-0.000582
0.004053
0.012937
-0.018812
0.018221
-0.001963
-0.002897
-0.006831
0.005402
0.007478
-0.001680
-0.004486
0.009999
-0.005124
-0.004723
0.017923
-0.012439
0.004102
-0.000130
0.000069
0.004506
0.010408
-0.017886
0.016883
-0.006572
0.010826
-0.016780
0.008117
0.008772
-0.000551
-0.010929
0.012483
-0.003377
0.002947
-0.005493
0.009028
0.002495
-0.004649
-0.002150
0.005410
0.003098
-0.001793
0.008211
-0.011139
0.012345
0.003318
-0.012917
0.001359
0.012325
0.009830
-0.021610
0.014612
-0.008636
0.006370
-0.000129
0.004922
-0.003117
0.013821
-0.012826
0.006143
-0.001487
0.004281
-0.006515
0.005693
0.009709
-0.001891
-0.001838
-0.006553
0.008437
0.003298
0.000942
-0.003920
0.009773
0.002105
-0.016738
0.013686
0.015994
-0.018422
-0.002632
0.014430
0.002971
-0.010591
0.001868
0.013183
-0.001571
-0.008974
0.011611
-0.005934
-0.001102
0.013222
-0.004904
-0.009831
0.009351
0.006408
0.000574
-0.003811
0.004762
-0.005762
0.011988
-0.009868
0.002287
0.008883
0.010585
-0.016729
-0.000641
0.014246
0.004679
-0.018180
0.025490
-0.016356
0.005454
-0.010044
0.027654
-0.005663
-0.009542
-0.018979
0.056320
-0.020725
-0.043379
0.037007
-0.006020
0.011565
-0.019812
0.020193
-0.003458
-0.003075
0.005096
0.010051
-0.022184
0.016224
-0.001844
-0.005838
0.002736
0.002661
0.000085
0.004526
-0.000932
-0.008150
0.008355
-0.004550
0.013139
0.000868
-0.025076
0.020629
0.009150
-0.008918
0.003843
-0.011600
0.013772
-0.001705
0.002995
-0.006132
-0.001926
0.013828
-0.015584
0.014062
-0.009637
0.008832
-0.013788
0.016599
-0.003476
0.000907
-0.000191
-0.001935
0.011768
-0.007109
-0.002612
0.012487
-0.015388
0.011050
0.001635
-0.002147
0.006114
-0.007336
-0.006142
0.013542
-0.010646
0.012079
-0.007004
0.012037
-0.014462
0.020119
-0.033322
0.097045
-0.189273
0.219267
