-0.936017
0.147213
-0.235262
-0.007523
0.075590
-0.066710
-0.080646
-0.025595
0.070591
-0.189762
0.184495
-0.179102
-0.032665
0.035030
-0.032957
-0.053638
-0.025957
-0.041112
-0.029143
0.024739
-0.126872
0.065002
-0.090585
-0.035143
0.032628
-0.091536
-0.010351
-0.028067
-0.017889
-0.058721
-0.007381
-0.052240
-0.008677
-0.037202
-0.042931
-0.018104
-0.049454
-0.002402
-0.041083
-0.042143
-0.025000
-0.035155
-0.021720
-0.032906
-0.053615
0.000364
-0.054283
-0.031308
-0.008099
-0.069805
-0.000442
-0.040799
-0.033725
0.000529
-0.119506
-0.004590
0.156088
-0.257776
-0.338773
0.885451
-0.045218
-2.595166
2.805115
4.610044
3.314757
1.944993
1.088356
0.553331
0.505677
0.179661
0.327567
0.469840
0.328972
0.746820
0.471876
0.175979
0.426487
0.583327
0.352025
0.339346
0.351833
0.282293
0.363987
0.318261
0.351587
0.297335
0.275238
0.404179
0.285490
0.233928
0.308429
0.385475
0.283467
0.293269
0.212599
0.324230
0.355188
0.240405
0.248850
0.269957
0.305587
0.278379
0.250070
0.254219
0.289001
0.265829
0.248627
0.254823
0.240965
0.266714
0.231474
0.268664
0.240767
0.189881
0.294638
0.234594
0.220642
0.233529
0.227617
0.235071
0.258089
0.175831
0.218576
0.251808
0.202522
0.185176
0.239965
0.190266
0.231636
0.143775
0.262845
0.144320
0.234602
0.174330
0.189898
0.160888
0.245658
0.122698
0.221424
0.143572
0.186623
0.171433
0.148604
0.220251
0.170463
0.132721
0.205806
0.176550
0.141115
0.160839
0.171926
0.149814
0.166558
0.143596
0.160662
0.158374
0.145572
0.151898
0.110462
0.205139
0.131174
0.092739
0.157020
0.142182
0.123929
0.138132
0.138487
0.130896
0.117599
0.155583
0.128228
0.096544
0.091429
0.136171
0.104908
0.129830
0.124774
0.093360
0.158421
0.115855
0.083742
0.113103
0.120192
0.106970
0.124325
0.078554
0.135414
0.092677
0.111394
0.099790
0.088976
0.129669
0.101398
0.065588
0.130746
0.100191
0.085231
0.089980
0.102449
0.098659
0.081870
0.083514
0.109563
0.085986
0.098485
0.062148
0.089027
0.119890
0.063573
0.053538
0.119613
0.093818
0.047342
0.083447
0.085011
0.091664
0.066942
0.064217
0.091567
0.094365
0.061120
0.065829
0.060718
0.110666
0.044713
0.053671
0.102418
0.074422
0.048567
0.067017
0.078990
0.066243
0.065911
0.050676
0.081109
0.064944
0.066846
0.048244
0.051850
0.096150
0.053665
0.025095
0.093566
0.075645
0.028310
0.063252
0.065478
0.062380
0.049508
0.050720
0.078552
0.053294
0.036152
0.058793
0.046716
0.096933
0.046533
0.017756
0.084278
0.071801
0.017996
0.044632
0.066601
0.048379
0.051310
0.036378
0.065348
0.042768
0.048272
0.034453
0.043880
0.066643
0.056956
-0.007402
0.080052
0.071190
0.004873
0.035394
0.057080
0.046320
0.059171
-0.002372
0.079387
0.041719
0.034332
0.019983
0.047081
0.058937
0.027381
0.006143
0.067848
0.047086
0.008513
0.053092
0.032408
0.040521
0.038389
0.011911
0.053462
0.041326
0.017271
0.021387
0.032900
0.061112
0.027370
-0.003109
0.054722
0.055547
-0.000408
0.036426
0.024963
0.029178
0.035165
0.015034
0.035364
0.034278
0.025285
0.023053
0.019168
0.044753
0.022450
-0.003407
0.039813
0.052933
-0.015648
0.041658
0.018862
0.028783
0.021181
0.015693
0.030465
0.036466
0.016664
0.009744
0.009601
0.052424
0.017799
-0.028851
0.063760
0.029927
-0.013008
0.016493
0.036651
0.016709
0.015215
-0.007755
0.055585
0.009026
0.002752
0.014622
0.007417
0.046593
0.008653
-0.020443
0.055620
0.013207
-0.004968
0.009644
0.032876
0.000816
0.021602
-0.003432
0.029451
0.013740
0.011521
0.002480
-0.000621
0.042678
0.010529
-0.030704
0.039427
0.031557
-0.027454
0.020631
0.009000
0.021742
0.003938
-0.012014
0.032804
0.021349
-0.013197
0.009346
0.007850
0.031119
-0.003538
-0.018526
0.037625
0.014029
-0.013597
0.010172
0.012270
0.012788
0.007363
-0.016579
0.029031
0.008048
0.013363
-0.012893
-0.002228
0.036044
0.010661
-0.042098
0.040944
0.014053
-0.013611
0.014333
0.011325
-0.002153
0.000771
-0.005610
0.031622
-0.000687
0.004173
-0.020990
0.011053
0.025386
0.002581
-0.040920
0.047724
0.006247
-0.020106
-0.002264
0.005178
0.016937
-0.003367
-0.005881
0.008395
0.011856
-0.008662
-0.002523
-0.005953
0.025832
-0.002946
-0.037128
0.039421
0.014561
-0.036925
0.021985
-0.008565
-0.000014
0.006249
-0.016649
0.011029
0.012702
-0.008796
-0.013899
0.000115
0.011208
0.010617
-0.046483
0.029450
0.016718
-0.029038
0.000406
0.007680
-0.009633
0.004093
-0.012049
0.003678
0.019950
-0.032542
0.012551
-0.020838
0.015304
0.008849
-0.039439
0.029168
0.004360
-0.031552
0.000721
0.005233
0.007011
-0.018691
-0.019169
0.025599
-0.002181
-0.013906
0.001797
-0.031430
0.031575
0.001161
-0.042727
0.025856
0.004137
-0.024422
0.000799
0.009139
-0.020995
0.001662
-0.012061
0.006596
0.000288
-0.006264
-0.018299
-0.013404
0.035445
-0.023943
-0.036522
0.031498
0.009332
-0.045533
0.003862
0.002878
-0.003199
0.005289
-0.020417
0.017484
-0.008466
0.000950
-0.027084
0.001756
0.013020
-0.010188
-0.046365
0.033668
0.007684
-0.037088
-0.002015
0.006480
-0.007027
-0.002376
-0.038502
0.023244
0.004849
-0.013227
-0.033331
-0.000315
0.022460
-0.009692
-0.052112
0.035217
-0.007655
-0.012317
-0.020180
0.001824
-0.000461
-0.007245
-0.029662
0.024312
-0.001395
-0.020323
-0.020663
-0.014987
0.025312
-0.012819
-0.042437
0.026218
0.004037
-0.037393
0.004707
-0.014650
-0.000481
-0.000659
-0.030436
0.006162
0.003731
-0.014652
-0.017190
-0.010297
0.006002
0.000286
-0.059466
0.041687
-0.004270
-0.037799
0.003055
-0.006114
0.001034
-0.021762
-0.017698
-0.001755
0.015634
-0.028847
-0.015567
-0.009406
0.008337
-0.008845
-0.036929
0.019304
-0.005178
-0.034516
0.004144
-0.003873
-0.012591
-0.012022
-0.018489
0.015282
-0.018121
-0.017679
0.000696
-0.029225
0.027153
-0.021107
-0.031538
0.006913
0.012957
-0.034515
-0.008362
-0.003562
-0.009054
-0.005791
-0.035416
0.011825
0.005141
-0.024265
-0.017072
-0.014091
0.008816
-0.007438
-0.041906
0.020636
-0.004780
-0.033607
-0.003689
-0.000986
-0.017561
-0.004137
-0.020289
0.000043
-0.000208
-0.015162
-0.017468
-0.012219
0.019626
-0.024899
-0.032827
0.024801
0.001654
-0.055908
0.003043
0.001976
-0.010784
-0.013849
-0.021175
-0.004488
0.008231
-0.023500
-0.011105
-0.026956
0.023241
-0.007890
-0.061480
0.025706
0.006509
-0.026693
-0.011787
-0.011180
-0.009106
-0.003036
-0.025181
0.004079
-0.014675
-0.009807
-0.028436
-0.003114
0.003862
0.006984
-0.058939
0.037912
-0.005522
-0.037898
-0.015979
0.001975
-0.004687
-0.020042
-0.025381
0.013598
-0.010932
-0.017444
-0.032852
-0.003543
0.028198
-0.032449
-0.049269
0.031047
-0.016381
-0.024758
-0.004956
-0.011021
-0.012226
-0.010082
-0.020845
0.002690
-0.012081
-0.022121
-0.014673
-0.017606
0.010238
-0.003678
-0.063040
0.034956
-0.008906
-0.041439
-0.003977
-0.012980
-0.003319
-0.015187
-0.020143
-0.010193
0.001171
-0.018360
-0.026852
-0.012307
0.013848
-0.029072
-0.032957
0.014631
0.000795
-0.045633
-0.009052
-0.005667
-0.008308
-0.020476
-0.026965
0.012917
-0.005173
-0.033316
-0.011139
-0.022185
0.011832
-0.014847
-0.055512
0.026099
-0.008371
-0.037748
-0.005668
-0.011969
-0.006203
-0.019236
-0.032234
0.009145
-0.012185
-0.016878
-0.019616
-0.021067
0.010895
-0.018923
-0.047692
0.017020
0.001716
-0.050427
-0.007358
-0.007710
-0.011066
-0.012922
-0.036032
0.005446
-0.011030
-0.023275
-0.011140
-0.030935
0.012986
-0.014949
-0.044973
0.000866
0.014743
-0.056230
0.007434
-0.028514
0.005555
-0.033719
-0.021422
-0.002252
0.000405
-0.028953
-0.023767
-0.016577
0.005480
-0.009678
-0.060776
0.022621
-0.006449
-0.036636
-0.015276
-0.003586
-0.017803
-0.014268
-0.031710
0.005804
-0.013810
-0.020435
-0.024553
-0.030250
0.024407
-0.021251
-0.059454
0.026819
0.017218
-0.054447
-0.017072
0.015826
-0.028552
-0.008389
-0.040391
-0.001145
0.001564
-0.018344
-0.041333
-0.008948
0.010591
-0.011443
-0.060079
0.012053
0.005855
-0.053268
0.003449
-0.019162
-0.010468
-0.020985
-0.024068
-0.009074
-0.004960
-0.019341
-0.020308
-0.035071
0.006177
-0.008207
-0.057758
0.026222
-0.019800
-0.032818
-0.018561
-0.003561
-0.029575
-0.006197
-0.035007
0.007861
-0.015830
-0.030308
-0.023602
-0.023563
0.017231
-0.023126
-0.058820
0.019041
-0.005121
-0.040678
-0.021946
-0.010786
-0.013743
-0.012550
-0.048546
0.006069
-0.011257
-0.023025
-0.021823
-0.034079
0.020764
-0.034766
-0.052915
0.022570
-0.007255
-0.043076
-0.022099
-0.011131
-0.017706
-0.012559
-0.047609
0.016214
-0.017776
-0.032724
-0.019212
-0.035021
0.020438
-0.034153
-0.048261
0.017598
-0.023432
-0.031523
-0.011394
-0.022553
-0.019365
-0.012061
-0.035617
0.000842
-0.024519
-0.022746
-0.017002
-0.049572
0.033883
-0.036621
-0.055416
0.007436
0.011471
-0.078963
0.030699
-0.071684
0.044090
-0.090828
0.069932
-0.185257
0.225232
-0.230534
0.080136
-0.073754
0.026741
-0.030079
-0.060984
0.021028
-0.021311
-0.028249
-0.048763
0.030918
-0.065053
0.006274
-0.031931
-0.014737
-0.004355
-0.028886
-0.032658
-0.014127
-0.001687
-0.036011
-0.037081
-0.009613
-0.000118
-0.049733
-0.020347
-0.010531
-0.017717
-0.023569
-0.034487
-0.013899
-0.006424
-0.035322
-0.026666
-0.025388
0.003266
-0.035826
-0.044013
0.004440
-0.014042
-0.035388
-0.036217
-0.005877
-0.019385
-0.033842
-0.017327
-0.027183
-0.001867
-0.036773
-0.036760
-0.011274
-0.014737
-0.021569
-0.046682
-0.006019
-0.003259
-0.038715
-0.053952
-0.006613
0.013962
-0.026489
-0.156545
0.160431
-0.068739
-0.082462
-0.048923
-0.022595
-0.019312
0.002606
-0.062277
-0.007276
-0.005177
-0.074486
0.024802
-0.056602
-0.041755
-0.003966
-0.034565
-0.034398
-0.013788
-0.045042
-0.018625
-0.024449
-0.042512
-0.005859
-0.064544
-0.012064
-0.006810
-0.062504
-0.032103
-0.001665
-0.045700
-0.022682
-0.053054
-0.001850
-0.034934
-0.038089
-0.035596
-0.024363
-0.031292
-0.023430
-0.050237
-0.020851
-0.015901
-0.055514
-0.027131
-0.019972
-0.042967
-0.029241
-0.041431
-0.022654
-0.026656
-0.038388
-0.039721
-0.019223
-0.029394
-0.014242
-0.042069
-0.004150
-0.039954
-0.071941
-0.000034
-0.041573
-0.020265
-0.115654
0.139555
-0.241989
0.135440
-0.286003
0.845275
-1.996250
2.202998
