-1.028444
0.181921
-0.239826
0.000696
0.102775
-0.046756
-0.073890
-0.009579
0.102159
-0.200376
0.234533
-0.189144
-0.012807
0.056777
-0.018886
-0.044398
-0.006595
-0.026832
-0.001497
0.023588
-0.108302
0.092743
-0.078436
-0.025795
0.059027
-0.082342
0.002997
-0.008540
0.003605
-0.049704
0.003841
-0.031512
0.006083
-0.011226
-0.033813
0.005006
-0.048083
0.024067
-0.035221
-0.020585
-0.007572
-0.018730
-0.004348
-0.022515
-0.031784
0.019698
-0.037696
-0.021479
0.015093
-0.063066
0.025216
-0.036688
-0.012716
0.009329
-0.061847
-0.050080
0.214214
-0.278043
-0.168855
0.483962
0.497757
-2.768410
2.672940
3.266508
2.232184
1.106509
0.478316
0.321582
-0.018019
-0.177666
0.090681
0.480380
0.234445
0.616063
0.322222
0.188861
0.395893
0.484038
0.299640
0.261798
0.299128
0.270161
0.313348
0.195163
0.367354
0.239018
0.219972
0.368019
0.205648
0.209447
0.282583
0.329709
0.221084
0.260156
0.175087
0.274568
0.330905
0.182706
0.224437
0.240098
0.266950
0.233869
0.215079
0.213723
0.275027
0.216267
0.216043
0.221834
0.220458
0.225640
0.188835
0.252427
0.222168
0.171065
0.244384
0.208960
0.212471
0.179374
0.205870
0.214282
0.207066
0.188045
0.187210
0.207998
0.190436
0.204775
0.142643
0.217511
0.212978
0.137756
0.206286
0.177674
0.175604
0.176638
0.187560
0.149028
0.191476
0.160276
0.184088
0.161670
0.142564
0.175334
0.142751
0.190477
0.153983
0.125252
0.188453
0.152781
0.132416
0.150985
0.154321
0.136307
0.151536
0.130987
0.153141
0.146649
0.130202
0.135338
0.116996
0.169920
0.111186
0.112531
0.149647
0.133591
0.099666
0.143468
0.118785
0.125192
0.115267
0.103440
0.140990
0.110099
0.117511
0.116057
0.095010
0.144051
0.102636
0.061893
0.157163
0.102708
0.090604
0.090416
0.126808
0.099641
0.106012
0.074571
0.124582
0.097348
0.088548
0.094977
0.080452
0.137521
0.071782
0.067118
0.111730
0.113844
0.050748
0.097556
0.090605
0.092632
0.087424
0.057365
0.106496
0.087767
0.087207
0.056962
0.090584
0.097442
0.074504
0.038343
0.116294
0.081640
0.053029
0.085009
0.072887
0.076966
0.067597
0.064515
0.080165
0.082269
0.049922
0.071654
0.056228
0.098347
0.057066
0.033337
0.101987
0.067790
0.046213
0.059591
0.073874
0.051782
0.079565
0.030214
0.087741
0.050053
0.068450
0.036198
0.055968
0.084729
0.053994
0.015263
0.099856
0.058500
0.026367
0.062683
0.058080
0.059484
0.042391
0.033082
0.080623
0.050984
0.041739
0.043693
0.046809
0.082166
0.040645
0.010791
0.079416
0.065697
0.013819
0.057615
0.045016
0.046691
0.056042
0.018317
0.061272
0.049603
0.033211
0.041682
0.034905
0.067207
0.055220
-0.019902
0.076708
0.066140
-0.004567
0.051571
0.046023
0.042572
0.038346
0.013086
0.071456
0.038064
0.028470
0.019428
0.047892
0.052686
0.033606
0.002007
0.060894
0.054974
-0.005244
0.051321
0.028411
0.051230
0.017705
0.025177
0.047079
0.038394
0.018859
0.036066
0.013052
0.059579
0.034510
-0.006659
0.068391
0.031450
0.010968
0.037911
0.023481
0.036123
0.027722
0.012785
0.040467
0.033953
0.025238
0.007943
0.030858
0.042853
0.029821
-0.010486
0.056209
0.035287
-0.000788
0.034954
0.021556
0.026956
0.025046
0.007811
0.047433
0.020759
0.011815
0.030880
0.008079
0.045424
0.025520
-0.031084
0.075965
0.018553
-0.002182
0.019661
0.032020
0.027101
0.012986
0.005278
0.035722
0.036523
-0.009795
0.026144
0.003022
0.059292
-0.006155
-0.004230
0.053506
0.017169
0.002456
0.011009
0.027662
0.017433
0.026493
-0.010135
0.041533
0.008424
0.024540
0.005330
0.006807
0.040013
0.014667
-0.024387
0.043360
0.027277
-0.006359
0.021518
0.013134
0.022133
0.008115
-0.006183
0.038465
0.019157
0.007586
0.000446
0.012916
0.027027
0.019286
-0.019912
0.034143
0.025308
-0.005473
0.008826
0.014583
0.020841
0.010618
0.001370
0.019908
0.016719
0.014782
0.004636
-0.008748
0.043370
0.006414
-0.026347
0.043747
0.020600
-0.010305
0.016776
0.001916
0.021462
0.009190
-0.003405
0.023785
0.008306
0.017018
-0.008074
0.010801
0.019836
0.022437
-0.029355
0.034546
0.025165
-0.024064
0.016784
0.010260
0.015240
0.006349
-0.002420
0.006688
0.036821
-0.013143
0.010729
-0.013187
0.037254
0.014366
-0.044747
0.058623
0.008611
-0.013482
0.001962
0.019011
0.000016
0.014849
-0.005878
0.020035
0.009044
-0.000664
0.007616
-0.009344
0.045574
-0.006891
-0.025219
0.039145
0.014491
-0.025944
0.017455
0.007261
0.020007
-0.008589
-0.001925
0.012517
0.021791
-0.011892
0.009002
-0.010581
0.044210
-0.006276
-0.033080
0.043495
0.013830
-0.024598
0.008313
0.017445
0.005625
0.004344
-0.022415
0.035804
0.008386
-0.004465
-0.001086
-0.011831
0.053063
-0.009277
-0.042351
0.050141
0.014328
-0.028404
0.007748
0.010504
0.011649
-0.003715
-0.006890
0.024173
0.009831
-0.000455
-0.009980
-0.001954
0.032051
0.003595
-0.037974
0.042147
0.007272
-0.022909
0.010922
0.013314
0.001255
0.002688
-0.014460
0.019885
0.011105
-0.002287
-0.006424
0.000995
0.031837
-0.004530
-0.031265
0.030820
0.018755
-0.026981
0.010879
0.005790
-0.005780
0.020954
-0.019010
0.023918
0.001135
-0.001004
-0.011187
0.002756
0.026278
-0.006814
-0.028417
0.040332
0.010697
-0.026569
0.006988
0.006738
0.001661
0.006441
-0.016982
0.022853
0.000730
0.000831
-0.000983
-0.018286
0.035557
0.006317
-0.044041
0.036989
0.001557
-0.008177
0.003613
-0.005794
0.006809
0.013316
-0.018065
0.009402
0.019142
-0.006560
-0.004140
-0.013870
0.027609
0.009523
-0.046422
0.041992
0.021006
-0.040704
0.020697
-0.003560
0.015318
-0.016319
0.007137
0.000689
0.015503
-0.015329
0.000823
0.002228
0.013949
0.002759
-0.030785
0.039602
-0.002544
-0.023831
0.010017
0.005326
0.003660
0.000040
-0.017167
0.030752
-0.010367
-0.006543
0.000526
-0.009401
0.033899
-0.009052
-0.034187
0.041605
0.006562
-0.031831
0.009310
0.003779
0.007242
-0.005813
-0.019207
0.025473
0.011290
-0.015366
-0.006749
-0.008166
0.034165
-0.010351
-0.030724
0.022499
0.010161
-0.012649
-0.003498
0.007181
-0.006837
0.014447
-0.017049
0.001348
0.014095
0.007478
-0.024728
-0.003975
0.030371
0.001122
-0.038863
0.029017
0.017473
-0.032902
0.009286
-0.003947
0.008989
-0.006385
-0.008705
0.008466
0.011034
-0.013689
-0.000178
-0.014382
0.031617
-0.006487
-0.040564
0.031518
0.019907
-0.030697
0.004673
0.001998
-0.001752
0.000494
-0.012621
0.020533
-0.007977
0.005110
-0.018177
-0.003490
0.022009
0.002322
-0.039547
0.031326
0.009455
-0.031818
0.010433
0.006806
0.000204
-0.009960
-0.020400
0.030732
-0.005145
-0.012744
-0.003306
0.002378
0.018880
-0.010858
-0.041359
0.049210
-0.010494
-0.016682
0.003946
-0.004313
0.000521
0.014700
-0.016145
0.021346
-0.003649
-0.008543
-0.004067
-0.019140
0.030924
-0.001794
-0.038603
0.027598
0.022239
-0.039690
0.001845
0.009850
0.000101
0.000818
-0.027059
0.028400
-0.008602
0.003503
-0.012524
-0.005942
0.020326
-0.010742
-0.032649
0.029865
0.012215
-0.033247
0.008574
0.002229
0.002253
-0.005301
-0.016563
0.019638
0.004089
-0.018737
0.005737
-0.024009
0.028383
-0.006122
-0.036873
0.036765
0.003756
-0.026700
0.006728
-0.007321
0.016193
-0.023515
-0.004634
0.009694
0.005406
-0.006783
-0.020364
-0.008846
0.039958
-0.016314
-0.034601
0.022678
0.007493
-0.018799
-0.003366
0.000575
-0.002995
0.004595
-0.022044
0.016003
-0.011548
0.003205
-0.001097
-0.025517
0.026958
-0.008664
-0.024119
0.008717
0.017978
-0.033816
0.015654
-0.024495
0.030403
-0.037018
0.008625
-0.001252
0.009135
-0.015863
-0.008208
-0.008600
0.015060
0.001633
-0.046141
0.041738
-0.015046
-0.012278
-0.004620
0.004086
-0.013911
0.005687
-0.015101
0.008138
-0.001372
-0.014386
0.010158
-0.029528
0.004039
0.024522
-0.016246
0.014971
0.003634
-0.049400
0.020859
0.000877
-0.000995
-0.005197
-0.027781
0.027834
0.000076
-0.017816
-0.016398
0.001133
0.029553
-0.014321
-0.056082
0.046650
-0.001298
-0.022778
-0.002749
-0.001592
0.000898
0.000142
-0.029113
0.013593
0.006215
-0.012046
-0.007016
-0.020555
0.026070
-0.008581
-0.044363
0.038718
0.001151
-0.028180
-0.013728
0.018637
-0.018411
0.010844
-0.036719
0.023424
-0.000683
-0.022618
-0.000845
0.004746
-0.029698
0.026629
0.003895
-0.003796
0.002364
-0.037775
0.014040
-0.002405
-0.013993
0.000895
-0.018063
0.016466
-0.002101
-0.012822
-0.006438
-0.016922
0.030510
-0.020294
-0.041145
0.041737
-0.002341
-0.035612
0.004764
0.001285
0.001015
-0.013385
-0.013340
0.014237
-0.000482
-0.027105
0.008178
-0.024268
0.036221
-0.018175
-0.040152
0.034420
-0.009042
-0.019797
-0.003568
0.003847
-0.009081
0.007458
-0.031467
0.027381
-0.012809
-0.017285
-0.014117
-0.013303
0.032654
-0.013546
-0.043495
0.027765
0.009068
-0.051199
0.038249
-0.061422
0.073858
-0.089231
0.095779
-0.188784
0.261657
-0.238433
0.095086
-0.042025
0.029120
-0.002859
-0.058276
0.032029
-0.001517
-0.005609
-0.044621
0.049406
-0.054253
0.012376
-0.007361
-0.015297
0.013629
-0.019378
-0.012498
-0.013015
0.024284
-0.031827
-0.000114
-0.016764
0.019174
-0.034384
-0.001329
-0.005195
-0.005502
-0.012165
-0.009355
0.000964
0.004124
-0.012216
-0.023355
0.000678
0.020866
-0.031369
-0.018374
0.006109
0.004872
-0.031123
-0.001659
-0.000046
-0.013369
-0.007322
-0.010565
-0.003973
-0.000656
-0.008407
-0.027936
0.001317
0.005121
-0.015195
-0.029912
0.001827
0.016250
-0.019927
-0.041604
0.021117
-0.002679
0.024982
-0.170557
0.196802
-0.079635
-0.044430
-0.030221
-0.016632
0.026783
-0.014050
-0.043878
0.018483
0.007122
-0.053571
0.025248
-0.032631
-0.024127
0.010278
-0.025414
-0.007084
-0.010569
-0.024170
-0.001607
-0.012066
-0.031099
0.018060
-0.050092
0.006865
0.003986
-0.046125
-0.009812
0.004180
-0.024910
-0.007333
-0.032067
-0.001792
-0.004857
-0.027087
-0.008704
-0.024517
-0.004818
-0.012194
-0.038170
-0.000654
-0.005270
-0.033052
-0.013683
-0.004910
-0.029150
-0.002261
-0.038644
0.006157
-0.022959
-0.018172
-0.022987
-0.011728
-0.024212
-0.003576
-0.038786
-0.006333
-0.000211
-0.058887
0.018277
-0.039976
0.009165
-0.101836
0.166846
-0.262166
0.171234
-0.291707
0.971615
-2.239098
2.503030
