-0.426643
0.068727
-0.100005
-0.002968
0.044431
-0.023520
-0.030454
-0.009957
0.039454
-0.079809
0.091667
-0.076886
-0.018975
0.039776
-0.016709
-0.013064
-0.019201
-0.003899
0.001408
0.002834
-0.058541
0.061522
-0.048730
-0.005930
0.017550
-0.033320
-0.010907
0.011065
-0.011276
-0.017690
0.000239
-0.009243
-0.018019
0.013185
-0.020769
-0.006842
-0.019652
0.019259
-0.025648
-0.003015
-0.015210
0.003039
-0.010994
-0.005353
-0.018984
0.007626
-0.030212
0.007436
-0.004615
-0.024247
0.006825
-0.012656
-0.003594
-0.004226
-0.046910
0.030620
0.070138
-0.176998
-0.060462
0.507326
-0.357753
-1.103802
2.424656
1.906679
1.291337
0.592839
0.490226
0.448658
0.239570
-0.032634
0.144407
0.265688
0.198546
0.273019
0.153166
0.050300
0.241803
0.244515
0.101143
0.127231
0.164206
0.138481
0.158025
0.104553
0.161940
0.110837
0.126979
0.179764
0.093324
0.075286
0.151403
0.185098
0.054065
0.118430
0.093590
0.141821
0.148744
0.073076
0.090189
0.114042
0.141697
0.081611
0.110327
0.086089
0.133475
0.091657
0.078190
0.105157
0.115088
0.073565
0.081889
0.113108
0.095110
0.080437
0.096877
0.099590
0.067011
0.082761
0.077778
0.091269
0.072488
0.074752
0.093083
0.072846
0.076295
0.073694
0.063947
0.080828
0.090295
0.047898
0.083031
0.069175
0.078253
0.055539
0.061959
0.073917
0.072826
0.034431
0.099709
0.079505
-0.005336
0.038713
0.069769
0.089510
0.044755
0.044229
0.066806
0.065753
0.044868
0.040304
0.060025
0.047783
0.060331
0.043232
0.039602
0.059994
0.042884
0.058324
0.035480
0.052477
0.047712
0.031666
0.062534
0.031590
0.029497
0.048680
0.054812
0.025533
0.039631
0.045767
0.035403
0.035817
0.049360
0.028783
0.026783
0.057462
0.010137
0.045221
0.040670
0.040796
0.017345
0.040151
0.041995
0.029735
0.019635
0.037144
0.025275
0.039008
0.011554
0.026710
0.041572
0.041430
0.005725
0.024158
0.043735
0.022827
0.013415
0.027713
0.039968
0.028209
0.008625
0.019786
0.045922
0.007917
0.040644
0.006081
0.029499
0.039861
0.010229
0.004633
0.049970
0.012465
0.005804
0.027509
0.019058
0.034305
0.012821
0.011415
0.023556
0.042973
-0.001403
0.006070
0.024362
0.045115
-0.013071
0.016887
0.022469
0.030204
0.005225
0.013683
0.022643
0.012855
0.013616
0.005912
0.031207
0.003356
0.020177
0.004809
0.020824
0.023476
0.006113
-0.001205
0.038507
0.014419
-0.004594
0.009592
0.029480
0.013861
-0.011138
0.023809
0.017753
0.016412
0.005236
-0.000471
0.017306
0.029799
-0.005531
-0.017895
0.048103
0.008905
-0.008324
0.010044
0.025964
0.012857
-0.015475
0.014929
0.017350
0.017623
-0.002094
-0.003305
0.015409
0.011629
0.005190
0.003802
0.013532
0.025894
-0.032990
0.014596
0.027389
-0.001862
0.010445
-0.010256
0.026841
-0.002246
0.003970
-0.003937
0.020402
0.006357
-0.005267
0.012269
0.016727
-0.007207
0.001434
0.015346
0.002984
-0.001476
-0.006561
0.022763
-0.001449
0.005071
0.006121
-0.013848
0.023047
0.014979
-0.036435
0.017047
0.017146
0.019586
-0.039828
0.022356
0.014706
-0.007990
-0.010668
0.015846
0.008966
0.000564
0.004655
-0.011182
0.009189
0.003665
0.008660
-0.011484
0.019537
-0.005826
-0.006690
0.005394
0.002703
0.002176
0.003399
0.003804
-0.010008
0.010818
0.002035
-0.007301
0.013618
0.010490
-0.009251
-0.026876
0.045656
-0.007431
-0.011603
0.002377
0.002328
0.000132
-0.001864
-0.014918
0.023169
-0.002398
-0.000704
-0.012104
0.001038
0.017599
-0.011368
-0.012334
0.012839
0.000983
-0.004166
-0.004066
0.001184
0.001787
0.001369
-0.018908
0.022611
-0.006661
0.003129
-0.023773
0.012020
0.014301
-0.010569
-0.027680
0.026339
-0.002250
-0.006464
-0.002713
-0.001500
0.007597
-0.010260
-0.011539
0.005545
0.011948
-0.006440
-0.010868
0.001283
0.007034
-0.000962
-0.027430
0.020717
0.007901
-0.014339
-0.021392
0.018820
-0.006711
-0.003178
-0.010187
0.016312
-0.017321
0.011810
-0.029367
0.015899
0.006663
-0.020821
-0.001781
0.018543
-0.006513
-0.021613
0.007154
-0.006354
0.013403
-0.015735
-0.002706
0.005557
-0.003257
-0.003849
-0.020206
0.001413
0.008685
0.003660
-0.021858
0.016142
0.000298
-0.020911
-0.001392
0.001726
0.000019
-0.009413
-0.002006
-0.000041
-0.004022
-0.008940
-0.003445
0.010268
-0.010504
-0.003918
-0.020317
0.021579
-0.004003
-0.012937
0.002161
-0.008046
-0.008281
0.006014
-0.013232
0.007523
-0.000561
-0.013175
-0.000982
-0.009945
0.012500
-0.016461
-0.023897
0.031762
-0.004335
-0.024337
0.003559
-0.006804
0.006225
-0.009628
-0.014021
0.004841
0.006184
-0.017336
-0.004249
-0.003135
0.006327
-0.010573
-0.012813
0.022839
-0.009913
-0.018068
0.003695
-0.001894
-0.006526
-0.003775
-0.002988
0.000268
-0.004275
-0.000896
-0.025697
0.015530
-0.012299
0.010802
-0.021803
0.001306
0.009866
-0.022790
-0.004476
0.007900
-0.010472
-0.005586
-0.005684
-0.004044
0.000095
0.005040
-0.021709
-0.000679
0.014909
-0.024976
-0.010115
0.021595
-0.016002
-0.018385
0.010870
0.003286
-0.012393
-0.011796
-0.001430
-0.001394
0.007134
-0.005090
-0.027289
0.010266
0.002044
-0.009121
-0.013632
0.014582
-0.015263
-0.003452
-0.004874
-0.004026
-0.000112
-0.006899
-0.004195
-0.000016
-0.003494
-0.004327
-0.014403
0.008811
-0.002859
-0.015554
-0.001043
0.002015
-0.001547
-0.016627
0.004585
-0.006589
-0.005220
-0.016901
0.010227
-0.003237
-0.001105
-0.005962
-0.014671
0.002600
0.002552
-0.005370
-0.032944
0.035887
-0.018219
-0.002217
-0.008957
-0.011213
0.006689
-0.003418
-0.017480
0.001010
0.009298
-0.015117
-0.003311
-0.012048
0.009184
-0.010305
-0.020134
0.021228
-0.003189
-0.019700
-0.000269
-0.003689
-0.007225
-0.004436
-0.002439
-0.003699
0.006403
-0.022823
-0.001682
-0.006525
0.018845
-0.020486
-0.016630
0.012515
0.004216
-0.024771
-0.007446
0.002696
0.004850
-0.012028
-0.005824
0.001051
-0.007858
-0.001315
-0.001070
-0.011141
-0.001228
-0.002087
-0.020061
0.014365
-0.014262
0.005264
-0.018952
0.002343
-0.005586
0.003672
-0.016807
0.003014
0.003919
-0.008601
-0.022691
0.016650
-0.003994
-0.005952
-0.026861
0.027759
-0.018593
-0.010180
-0.001277
0.005126
-0.004266
-0.021023
0.001312
0.007104
-0.009458
-0.006121
-0.011334
-0.000009
-0.001275
0.001849
-0.026958
0.023638
-0.011830
-0.018659
-0.004245
-0.001240
0.004907
-0.012717
-0.005760
0.002301
-0.005017
-0.006434
-0.009210
-0.007970
0.020481
-0.019007
-0.025426
0.021166
-0.004493
-0.017926
-0.006596
0.011547
-0.017847
0.008604
-0.022652
0.009051
-0.005070
0.000696
-0.020892
0.001308
0.005012
-0.008525
-0.019606
0.016265
0.000213
-0.026774
0.012877
-0.015364
-0.000868
-0.008786
-0.000395
0.003584
-0.007144
-0.004202
-0.023864
0.011417
0.002731
-0.011360
-0.011678
0.004692
-0.006803
-0.009548
0.004991
-0.000404
-0.014691
-0.011086
0.005550
-0.005245
-0.003660
-0.008093
-0.001864
-0.007429
0.010149
-0.029568
0.001800
0.008371
-0.000500
-0.024243
-0.004762
0.010063
-0.001061
-0.010494
-0.013332
0.009846
-0.006275
-0.010093
-0.019236
0.023323
-0.005376
-0.009506
-0.026562
0.016925
-0.002520
-0.010347
-0.004073
0.004773
-0.009675
-0.012081
-0.005182
0.002554
0.006483
-0.010935
-0.020208
-0.002165
0.018887
-0.021987
-0.009000
0.012643
-0.007092
-0.016243
0.004452
-0.002724
-0.010979
-0.003745
-0.006036
0.003424
-0.014735
0.005327
-0.003624
-0.003275
0.004536
-0.019781
-0.004319
0.001722
0.002743
-0.020540
0.006596
-0.010067
0.001604
-0.009362
-0.000283
-0.006650
0.014387
-0.028100
-0.004825
0.001462
0.014048
-0.019548
-0.011078
0.001465
0.005835
-0.017587
0.003709
0.003578
0.007907
-0.033509
0.018703
-0.016383
0.011252
-0.010273
-0.013794
0.002265
0.006666
-0.018254
-0.017278
0.029550
-0.019050
-0.001753
-0.018424
0.009233
-0.007245
-0.001739
-0.012081
0.009250
-0.008357
-0.006206
-0.009148
-0.000790
0.004569
-0.011464
-0.023860
0.027761
-0.008035
-0.023002
0.002823
0.007576
-0.013116
-0.002776
-0.012279
-0.004918
0.021391
-0.028299
-0.008379
0.000715
0.006626
-0.000581
-0.029625
0.020029
-0.005673
-0.008378
-0.005578
-0.005301
0.001015
-0.008024
-0.002494
-0.015118
0.012067
-0.008390
-0.008563
-0.008902
0.007830
-0.010723
-0.020884
0.018631
0.005984
-0.025496
-0.000853
-0.002905
-0.004709
-0.010632
0.002612
-0.002121
0.004324
-0.022796
-0.000385
-0.000511
-0.000190
-0.004056
-0.018336
0.007551
-0.001263
-0.010872
-0.005214
-0.005378
-0.006662
0.001921
-0.011309
-0.000267
0.002528
-0.003290
-0.017755
-0.004943
0.018783
-0.032341
-0.008147
0.022309
-0.009105
-0.016485
-0.004487
-0.000094
0.001865
-0.016949
0.005449
-0.012392
0.000325
-0.001293
-0.005654
-0.016482
0.022768
-0.015380
-0.014813
0.014705
-0.023225
0.005292
-0.007074
0.000028
-0.015163
-0.002134
-0.007127
0.003177
-0.004408
-0.017152
0.004798
-0.011219
0.019475
-0.027198
-0.009336
0.011252
-0.000724
-0.017618
0.000618
-0.014632
0.014314
-0.037588
0.047228
-0.084491
0.105630
-0.098770
0.026564
-0.010052
0.013868
-0.022752
-0.016154
0.022257
-0.013281
-0.002904
-0.033285
0.040996
-0.034384
-0.004784
-0.002565
-0.005782
0.009046
-0.008333
-0.024365
0.016562
-0.010058
-0.014654
-0.007091
0.003031
0.002276
-0.015087
-0.009538
0.003172
-0.003353
-0.019512
-0.000141
0.000059
0.005677
-0.029465
0.010587
-0.016017
0.018211
-0.040124
0.006612
0.003951
-0.001320
-0.015881
-0.009321
0.003826
-0.003285
-0.008875
-0.015965
0.007303
-0.003739
0.001983
-0.019538
-0.010842
0.012438
-0.027007
0.003397
0.002341
0.002219
-0.019974
-0.018243
0.014115
0.000690
-0.020914
-0.060396
0.123348
-0.078567
-0.021726
-0.022981
0.021360
-0.010768
-0.009819
-0.018692
0.008243
-0.001712
-0.023743
0.008789
-0.023151
-0.002090
-0.001474
-0.008570
-0.003622
-0.022789
0.000173
-0.000534
-0.008072
-0.022758
0.009849
-0.015699
-0.000523
-0.011298
-0.024939
0.009994
-0.004064
-0.013581
-0.013834
-0.004344
-0.007390
-0.004550
-0.009062
-0.022662
0.001093
0.000687
-0.008005
-0.028746
0.009454
-0.007027
-0.028188
0.001529
0.001024
-0.020065
-0.003432
-0.015616
0.004650
-0.016080
-0.012006
-0.007709
-0.012606
-0.000610
-0.005028
-0.025415
-0.001621
-0.003628
-0.027271
0.014561
-0.020115
-0.006284
-0.049161
0.082851
-0.122166
0.068696
-0.115108
0.409141
-0.955424
1.057572
