0.001211
0.001071
0.000849
0.000588
0.000333
0.000119
-0.000035
-0.000126
-0.000164
-0.000166
-0.000150
-0.000129
-0.000112
-0.000101
-0.000096
-0.000095
-0.000097
-0.000101
-0.000108
-0.000120
-0.000137
-0.000159
-0.000188
-0.000219
-0.000253
-0.000284
-0.000311
-0.000331
-0.000343
-0.000345
-0.000339
-0.000328
-0.000314
-0.000305
-0.000303
-0.000313
-0.000335
-0.000368
-0.000408
-0.000448
-0.000479
-0.000492
-0.000481
-0.000436
-0.000344
-0.000175
0.000128
0.000688
0.001725
0.003619
0.006972
0.012661
0.021869
0.036037
0.056722
0.085327
0.122728
0.168845
0.222283
0.280165
0.338276
0.391565
0.434935
0.464163
0.476704
0.472171
0.452352
0.420762
0.381889
0.340319
0.299992
0.263722
0.233045
0.208348
0.189184
0.174625
0.163596
0.155097
0.148328
0.142718
0.137902
0.133670
0.129906
0.126548
0.123552
0.120879
0.118483
0.116316
0.114332
0.112487
0.110747
0.109087
0.107492
0.105954
0.104472
0.103042
0.101664
0.100331
0.099039
0.097775
0.096529
0.095289
0.094042
0.092778
0.091491
0.090177
0.088837
0.087476
0.086104
0.084733
0.083377
0.082050
0.080762
0.079524
0.078341
0.077214
0.076140
0.075114
0.074128
0.073170
0.072232
0.071301
0.070367
0.069418
0.068445
0.067441
0.066403
0.065334
0.064241
0.063138
0.062040
0.060961
0.059914
0.058910
0.057953
0.057043
0.056180
0.055363
0.054591
0.053865
0.053186
0.052556
0.051974
0.051438
0.050941
0.050475
0.050030
0.049593
0.049153
0.048698
0.048217
0.047702
0.047149
0.046555
0.045921
0.045253
0.044558
0.043844
0.043122
0.042399
0.041685
0.040988
0.040312
0.039663
0.039043
0.038456
0.037904
0.037387
0.036906
0.036458
0.036038
0.035642
0.035260
0.034887
0.034516
0.034142
0.033764
0.033382
0.032995
0.032606
0.032217
0.031830
0.031445
0.031063
0.030682
0.030301
0.029916
0.029526
0.029127
0.028722
0.028313
0.027905
0.027507
0.027125
0.026765
0.026429
0.026118
0.025828
0.025554
0.025289
0.025029
0.024769
0.024508
0.024245
0.023980
0.023714
0.023449
0.023188
0.022936
0.022696
0.022475
0.022278
0.022108
0.021964
0.021843
0.021736
0.021632
0.021516
0.021377
0.021203
0.020988
0.020728
0.020428
0.020094
0.019738
0.019371
0.019005
0.018652
0.018317
0.018005
0.017717
0.017452
0.017208
0.016985
0.016782
0.016598
0.016429
0.016273
0.016126
0.015982
0.015839
0.015697
0.015557
0.015423
0.015299
0.015186
0.015086
0.014997
0.014917
0.014844
0.014775
0.014704
0.014626
0.014533
0.014419
0.014278
0.014104
0.013898
0.013665
0.013413
0.013150
0.012886
0.012628
0.012382
0.012147
0.011923
0.011707
0.011496
0.011288
0.011083
0.010881
0.010683
0.010491
0.010308
0.010138
0.009983
0.009849
0.009736
0.009644
0.009570
0.009509
0.009453
0.009398
0.009339
0.009277
0.009214
0.009156
0.009110
0.009083
0.009076
0.009090
0.009120
0.009157
0.009191
0.009208
0.009198
0.009153
0.009070
0.008952
0.008807
0.008645
0.008479
0.008319
0.008174
0.008050
0.007946
0.007862
0.007793
0.007733
0.007676
0.007618
0.007555
0.007486
0.007411
0.007331
0.007247
0.007160
0.007071
0.006977
0.006879
0.006774
0.006663
0.006547
0.006426
0.006302
0.006177
0.006052
0.005928
0.005806
0.005685
0.005567
0.005451
0.005339
0.005233
0.005132
0.005038
0.004950
0.004867
0.004789
0.004719
0.004657
0.004610
0.004580
0.004569
0.004579
0.004605
0.004644
0.004688
0.004731
0.004768
0.004795
0.004810
0.004813
0.004805
0.004789
0.004767
0.004744
0.004722
0.004701
0.004684
0.004669
0.004656
0.004646
0.004640
0.004640
0.004648
0.004665
0.004691
0.004725
0.004761
0.004797
0.004827
0.004847
0.004853
0.004841
0.004811
0.004762
0.004695
0.004616
0.004529
0.004441
0.004358
0.004284
0.004219
0.004163
0.004112
0.004063
0.004013
0.003958
0.003897
0.003829
0.003753
0.003671
0.003585
0.003500
0.003418
0.003345
0.003281
0.003229
0.003189
0.003162
0.003148
0.003149
0.003167
0.003201
0.003248
0.003305
0.003365
0.003421
0.003467
0.003498
0.003513
0.003513
0.003499
0.003475
0.003441
0.003401
0.003355
0.003304
0.003251
0.003198
0.003150
0.003109
0.003078
0.003054
0.003037
0.003021
0.003001
0.002974
0.002938
0.002893
0.002842
0.002791
0.002745
0.002712
0.002693
0.002690
0.002698
0.002712
0.002724
0.002727
0.002718
0.002697
0.002669
0.002638
0.002610
0.002591
0.002580
0.002577
0.002580
0.002587
0.002596
0.002606
0.002616
0.002625
0.002631
0.002632
0.002625
0.002610
0.002590
0.002566
0.002544
0.002524
0.002508
0.002495
0.002483
0.002469
0.002452
0.002433
0.002413
0.002393
0.002376
0.002361
0.002346
0.002331
0.002313
0.002289
0.002260
0.002225
0.002187
0.002147
0.002108
0.002075
0.002049
0.002034
0.002029
0.002034
0.002046
0.002062
0.002079
0.002093
0.002104
0.002112
0.002118
0.002124
0.002133
0.002145
0.002163
0.002187
0.002216
0.002249
0.002285
0.002319
0.002348
0.002367
0.002372
0.002358
0.002326
0.002276
0.002214
0.002146
0.002079
0.002019
0.001971
0.001936
0.001914
0.001904
0.001902
0.001907
0.001916
0.001927
0.001939
0.001952
0.001963
0.001972
0.001978
0.001979
0.001975
0.001966
0.001951
0.001933
0.001914
0.001897
0.001884
0.001877
0.001877
0.001882
0.001891
0.001900
0.001909
0.001916
0.001923
0.001934
0.001952
0.001980
0.002018
0.002063
0.002112
0.002159
0.002199
0.002228
0.002244
0.002248
0.002239
0.002221
0.002195
0.002161
0.002124
0.002084
0.002046
0.002011
0.001982
0.001960
0.001947
0.001940
0.001939
0.001941
0.001943
0.001946
0.001948
0.001949
0.001948
0.001946
0.001942
0.001937
0.001932
0.001928
0.001930
0.001940
0.001962
0.001997
0.002041
0.002091
0.002138
0.002177
0.002200
0.002206
0.002196
0.002174
0.002148
0.002124
0.002108
0.002102
0.002105
0.002112
0.002119
0.002120
0.002113
0.002095
0.002069
0.002039
0.002009
0.001984
0.001968
0.001965
0.001975
0.001994
0.002019
0.002044
0.002064
0.002075
0.002074
0.002065
0.002051
0.002042
0.002048
0.002079
0.002147
0.002260
0.002418
0.002618
0.002846
0.003083
0.003305
0.003490
0.003620
0.003682
0.003678
0.003614
0.003505
0.003371
0.003228
0.003093
0.002975
0.002877
0.002799
0.002734
0.002676
0.002619
0.002560
0.002500
0.002441
0.002391
0.002356
0.002340
0.002345
0.002368
0.002403
0.002440
0.002470
0.002486
0.002482
0.002461
0.002426
0.002383
0.002339
0.002301
0.002273
0.002255
0.002248
0.002248
0.002254
0.002261
0.002269
0.002274
0.002275
0.002271
0.002263
0.002251
0.002236
0.002220
0.002207
0.002201
0.002204
0.002218
0.002245
0.002281
0.002324
0.002367
0.002404
0.002431
0.002445
0.002446
0.002434
0.002412
0.002382
0.002346
0.002306
0.002265
0.002226
0.002191
0.002165
0.002150
0.002148
0.002156
0.002170
0.002185
0.002196
0.002200
0.002195
0.002183
0.002168
0.002152
0.002139
0.002131
0.002126
0.002124
0.002122
0.002120
0.002116
0.002115
0.002117
0.002127
0.002143
0.002166
0.002192
0.002215
0.002232
0.002238
0.002230
0.002211
0.002183
0.002151
0.002121
0.002096
0.002080
0.002074
0.002076
0.002083
0.002090
0.002094
0.002092
0.002083
0.002069
0.002053
0.002038
0.002031
0.002033
0.002047
0.002071
0.002101
0.002131
0.002155
0.002166
0.002161
0.002139
0.002102
0.002058
0.002014
0.001978
0.001956
0.001951
0.001960
0.001980
0.002002
0.002022
0.002034
0.002037
0.002032
0.002023
0.002016
0.002015
0.002021
0.002036
0.002056
0.002079
0.002101
0.002120
0.002134
0.002142
0.002147
0.002149
0.002150
0.002153
0.002159
0.002168
0.002180
0.002194
0.002207
0.002215
0.002216
0.002207
0.002188
0.002163
0.002133
0.002104
0.002078
0.002058
0.002043
0.002031
0.002020
0.002007
0.001991
0.001971
0.001949
0.001928
0.001909
0.001894
0.001884
0.001878
0.001876
0.001877
0.001881
0.001888
0.001895
0.001902
0.001905
0.001900
0.001887
0.001865
0.001836
0.001804
0.001773
0.001748
0.001731
0.001722
0.001720
0.001724
0.001733
0.001746
0.001764
0.001786
0.001812
0.001837
0.001857
0.001867
0.001864
0.001846
0.001815
0.001776
0.001735
0.001696
0.001665
0.001643
0.001631
0.001627
0.001631
0.001639
0.001650
0.001660
0.001669
0.001673
0.001672
0.001666
0.001658
0.001650
0.001644
0.001644
0.001650
0.001658
0.001666
0.001669
0.001663
0.001646
0.001619
0.001584
0.001547
0.001512
0.001482
0.001460
0.001445
0.001438
0.001435
0.001436
0.001442
0.001451
0.001466
0.001484
0.001505
0.001524
0.001536
0.001538
0.001528
0.001505
0.001473
0.001437
0.001402
0.001371
0.001348
0.001332
0.001324
0.001321
0.001319
0.001318
0.001316
0.001312
0.001307
0.001299
0.001290
0.001280
0.001270
0.001260
0.001251
0.001241
0.001230
0.001216
0.001198
0.001179
0.001160
0.001146
0.001142
0.001151
0.001175
0.001211
0.001256
0.001305
0.001349
0.001383
0.001400
0.001394
0.001364
0.001307
0.001228
0.001133
0.001031
0.000934
0.000851
0.000793
0.000766
0.000770
0.000804
0.000860
0.000929
0.001001
0.001067
0.001117
0.001147
0.001152
0.001135
0.001099
0.001051
0.000998
0.000948
0.000908
0.000883
0.000873
0.000879
0.000896
0.000922
0.000950
0.000979
0.001003
0.001020
0.001028
0.001023
0.001003
0.000963
0.000897
0.000800
0.000666
0.000494
0.000288
0.000059
-0.000176
-0.000396
-0.000581
-0.000714
-0.000787
-0.000803
-0.000773
-0.000716
-0.000652
-0.000598
-0.000567
-0.000563
-0.000586
-0.000629
-0.000685
-0.000745
-0.000803
-0.000856
-0.000900
-0.000938
-0.000970
-0.000998
-0.001026
-0.001055
-0.001086
-0.001120
-0.001156
-0.001191
-0.001223
-0.001251
-0.001273
-0.001289
-0.001301
-0.001308
-0.001306
-0.001291
-0.001249
-0.001166
-0.001026
-0.000812
-0.000516
-0.000140
0.000301
0.000779
0.001252
0.001672
0.001996
0.002186
0.002226
0.002116
0.001878
0.001548
0.001166
0.000771
0.000396
0.000062
-0.000222
-0.000452
-0.000629
-0.000754
-0.000823
-0.000828
-0.000761
-0.000614
-0.000385
-0.000086
0.000256
0.000604
0.000910
0.001131
0.001235
