0.037738
-0.029889
0.036502
-0.011273
0.001547
-0.002934
0.011123
-0.011696
0.011238
-0.004086
-0.002378
0.010961
-0.001911
-0.000640
-0.002148
0.005308
0.000782
-0.000131
0.013387
-0.012750
0.009966
-0.009126
0.013536
-0.009165
0.002836
-0.005399
0.023285
-0.009907
-0.011771
0.025715
-0.015689
0.008922
0.006368
-0.020358
0.024776
-0.014073
0.011507
-0.010154
0.013852
-0.010457
0.011891
-0.012902
0.025157
-0.023556
0.006179
0.001282
0.012182
-0.004667
0.002621
0.001112
-0.005492
0.023706
-0.023839
0.013281
-0.005559
-0.008387
0.058363
-0.052268
-0.042473
0.069751
0.274162
-0.535345
1.018733
1.161324
-0.013732
-0.214976
0.126827
0.263338
-0.017590
-0.077095
0.052611
0.111668
0.002300
0.159909
-0.005095
-0.004333
0.136497
0.078754
0.020772
-0.003071
0.079825
0.071699
0.010129
0.042494
0.069594
0.031437
0.025563
0.069543
0.028574
0.005649
0.060216
0.077495
0.012545
-0.002405
0.058098
0.057996
0.034205
0.013051
0.023744
0.053474
0.045312
0.017330
0.015024
0.045768
0.040530
0.034741
0.023660
0.008195
0.055963
0.019871
0.012972
0.066311
0.002946
0.025373
0.033292
0.030903
0.019176
0.017343
0.029634
0.046277
0.007633
0.026147
0.020782
0.016155
0.038689
0.023034
0.007355
0.038663
0.024667
0.013089
0.029682
0.011235
0.028712
0.028668
0.019033
0.001639
0.042230
0.004477
0.032628
0.009237
0.015085
0.020359
0.019774
0.037499
-0.012271
0.027134
0.039485
0.005830
0.004621
0.026223
0.021555
0.008579
0.023519
0.002804
0.027609
0.011934
0.010206
0.019795
0.017249
0.013004
0.015574
0.013707
0.014285
0.021442
-0.001045
0.024671
0.012600
0.017208
0.000944
0.013926
0.026940
-0.009030
0.023969
-0.003533
0.029490
0.026569
-0.016648
0.025446
0.007476
0.024907
-0.005332
0.021999
0.010934
0.010179
0.011178
0.011995
0.006816
0.004244
0.011090
0.020426
0.006530
0.015625
-0.003050
0.011450
0.024993
0.004490
-0.008502
0.019308
0.012673
0.013323
0.008120
0.000719
0.019468
0.010838
0.002695
0.007061
0.001955
0.031608
-0.016298
0.007619
0.021747
0.009291
-0.005052
0.022928
-0.010458
0.016070
-0.002150
0.012468
0.007393
0.012511
0.002919
0.003323
0.009354
0.018537
-0.010539
0.003155
0.022370
0.005551
-0.011581
0.020445
0.001763
0.004632
0.011189
0.001005
0.006097
0.002109
0.005726
0.010668
-0.008150
0.031362
-0.010707
0.016213
-0.004297
-0.002084
0.005028
0.015923
0.001222
0.013890
-0.005620
0.005064
0.007910
0.003497
-0.000820
0.005560
0.004553
0.022492
-0.015661
0.008619
0.013136
0.005418
-0.005462
0.003239
0.011794
0.009242
-0.007141
0.008132
0.013087
-0.008570
0.015364
-0.011423
0.008185
0.005016
-0.002363
0.006211
0.016338
-0.001469
0.002554
-0.009147
0.017293
0.009695
-0.014077
0.009721
0.018292
-0.019231
0.011894
0.004487
0.004082
0.006881
-0.008532
0.003678
0.020175
-0.013381
0.007345
0.009214
-0.020278
0.035645
-0.026235
0.018776
-0.011901
0.023399
-0.016444
0.010786
-0.012630
0.028701
-0.010630
-0.017412
0.022353
0.005510
-0.004554
-0.002050
0.003131
0.008566
-0.009175
0.004331
0.013653
-0.003128
0.001710
-0.007333
0.011524
0.002529
-0.011775
0.004569
0.011614
0.007559
-0.011509
-0.008102
0.021077
-0.001213
0.003868
-0.011872
0.018627
-0.014958
0.013984
-0.004950
-0.003883
0.016961
-0.009409
0.000213
0.005828
0.004235
-0.010325
0.009484
-0.001208
0.008740
-0.017422
0.016069
0.010808
-0.017770
0.007026
-0.002491
0.014350
-0.000803
-0.004827
-0.002539
0.008163
0.002252
-0.004616
0.004794
-0.002787
0.001982
0.002342
0.005227
-0.009018
0.012454
-0.008393
0.002199
0.001238
0.010918
-0.007582
-0.010970
0.027797
-0.016066
0.001248
-0.004828
0.013662
-0.001136
0.009192
-0.024076
0.027623
-0.010967
0.004219
-0.018529
0.023915
-0.011908
0.004689
-0.010063
0.017808
-0.003686
-0.004131
0.001055
0.003755
0.002915
0.002722
-0.013507
0.012772
0.001903
-0.014937
0.014047
-0.008135
0.012682
-0.007452
-0.006752
0.011244
0.002322
-0.007636
0.000410
0.003189
-0.007082
0.014491
-0.012635
0.008231
0.003794
0.000181
0.000723
-0.003450
0.002865
0.005641
-0.001579
0.024021
0.000706
-0.015048
0.018263
-0.005753
0.000956
-0.004317
0.010841
-0.011233
0.017352
-0.016581
0.009430
0.001268
0.007114
-0.014641
0.006664
0.011892
-0.016302
0.007610
-0.000287
0.006479
-0.003317
0.001448
0.003863
-0.001936
-0.002006
0.009259
-0.009546
0.000251
0.015570
-0.021189
0.011775
0.003789
0.001613
-0.005904
-0.001155
0.011955
-0.012229
0.004468
0.001016
0.004300
-0.000215
-0.013842
0.006451
-0.003317
0.020384
-0.014873
0.002626
0.002789
0.010851
-0.013963
0.004959
0.002112
-0.007374
0.000213
0.007197
0.005096
-0.009686
0.003193
-0.006215
0.013773
-0.000892
-0.004191
-0.007009
0.010870
-0.003191
0.003772
-0.010638
0.009621
0.010431
-0.025617
0.018617
-0.012125
0.006499
0.009775
-0.008417
-0.017606
0.030267
-0.012432
0.001562
-0.003141
0.010056
-0.002348
0.000549
0.003732
-0.011864
0.004024
-0.004276
0.003957
0.006020
-0.010430
0.001627
0.010990
0.001807
-0.005153
-0.014395
0.022290
-0.008806
-0.002817
-0.002673
0.008217
0.006880
-0.015245
0.001552
0.013890
-0.014484
0.005493
-0.000201
-0.007882
0.016051
-0.015036
0.000633
0.008246
0.002276
-0.009613
0.010671
-0.004400
0.004149
-0.002557
-0.006821
0.009770
-0.004196
0.003079
-0.007020
0.006685
0.007430
-0.009208
-0.008960
0.016908
-0.007243
-0.004178
-0.000821
0.012884
-0.007423
-0.000222
-0.003539
0.001528
0.003491
-0.001589
0.000363
-0.004112
0.016658
-0.014871
0.000565
0.000699
0.001144
-0.010301
0.008856
-0.001584
0.004444
-0.000397
-0.011339
0.005137
0.009587
-0.005356
0.005150
0.001954
-0.007558
0.009588
-0.024629
0.023205
-0.001374
-0.004262
-0.012870
0.006191
0.010179
-0.002684
-0.015921
0.019454
-0.003411
0.002271
-0.004597
-0.005509
0.008465
-0.007688
0.000340
0.010156
-0.012029
0.011106
-0.015923
0.014345
-0.009376
0.013892
-0.023599
0.025194
-0.018613
0.014434
-0.011032
-0.000917
0.004592
0.003682
-0.009044
0.005427
0.007582
-0.014211
0.000670
0.009513
-0.000127
-0.005431
0.005313
-0.010761
0.004212
0.001025
-0.000770
0.002303
0.010093
-0.019966
0.002633
0.012049
0.002196
-0.015132
0.007033
0.007197
0.000752
-0.010973
-0.006954
0.016913
-0.002544
0.004725
-0.020966
0.006316
0.013786
-0.002606
-0.021054
0.020661
0.003257
-0.012738
0.007627
-0.005462
0.004628
0.001571
0.000581
-0.000189
0.000942
-0.009056
0.005392
-0.004817
0.015383
-0.020783
0.011846
0.001370
0.005663
-0.012574
0.004368
-0.001186
0.011841
-0.019452
0.005886
0.006501
0.004432
-0.008951
-0.004068
0.002905
0.011028
-0.007084
-0.004547
0.004848
0.004440
-0.007650
0.014135
-0.011140
0.007810
-0.013803
0.010786
-0.000804
-0.000554
-0.012626
0.021137
-0.018177
0.024269
-0.017470
-0.014393
0.036419
-0.015866
-0.013367
0.012969
0.004113
-0.000845
-0.007065
-0.002722
0.013736
-0.004017
-0.004720
-0.003330
0.007154
0.011978
-0.011124
-0.010904
0.014358
0.004125
-0.013792
0.008425
-0.008160
0.009975
0.004428
-0.013926
0.005147
0.004341
0.000659
-0.010199
0.001774
0.029353
-0.015925
0.020275
-0.007105
0.011874
-0.017990
0.015059
-0.006782
0.008116
-0.003646
-0.006742
0.013814
-0.004085
0.010881
-0.018119
0.012159
0.003062
-0.000240
-0.010937
0.015638
0.009247
-0.026826
0.021142
0.001425
-0.001640
-0.018462
0.021104
-0.010744
0.023756
-0.024916
0.001938
0.000081
0.026268
-0.018860
-0.000031
0.004115
0.005476
0.001735
-0.007331
-0.000080
0.001019
0.005419
0.000175
-0.000509
-0.003703
0.010609
-0.012123
0.013158
-0.005101
-0.000088
-0.002156
0.011462
-0.003250
-0.000121
-0.009940
0.008045
0.014069
-0.015970
0.003953
0.008589
-0.005655
0.004144
-0.004444
-0.002956
0.014019
-0.011699
0.004996
0.006544
-0.003492
-0.004334
0.008604
0.006076
-0.011618
-0.003731
0.007447
0.007392
-0.006818
0.008287
-0.009048
0.001057
0.014025
-0.009710
-0.007491
0.020851
-0.003763
0.000890
-0.011055
0.007309
0.002259
0.003415
-0.010391
0.009264
0.003824
-0.006482
0.006707
-0.009186
0.024079
-0.021621
0.006626
0.006453
0.005382
-0.010969
0.001404
0.009659
-0.003719
0.003633
-0.009376
0.013040
0.000549
-0.013352
0.011026
0.006542
-0.005011
0.002784
-0.007269
0.013020
-0.003533
-0.002996
0.005070
-0.002200
0.002553
-0.003924
0.011004
-0.005683
0.004126
-0.000217
-0.002546
-0.013806
0.042661
-0.028079
0.002595
0.007963
0.000878
-0.002147
-0.005526
0.010520
-0.004737
0.004291
-0.007148
0.017299
-0.007326
-0.006237
0.000979
0.014972
0.002511
-0.011968
-0.000589
0.010572
0.003650
-0.019840
0.020663
-0.002718
0.003660
-0.005957
-0.003283
0.017516
-0.003438
-0.002146
-0.005494
0.001352
0.022881
-0.007553
-0.019770
0.021464
0.002158
-0.010299
0.003048
0.011882
-0.007575
0.000844
-0.003433
0.019913
-0.021905
0.015513
-0.005052
0.000748
0.012187
-0.003201
-0.016573
0.019231
-0.001686
0.002233
-0.009743
0.013353
-0.000694
-0.003337
0.001022
0.000991
0.008057
0.004727
-0.017561
0.014055
-0.000052
0.004960
-0.017020
0.025503
-0.011272
0.001211
0.002731
0.006460
-0.007816
0.004058
-0.006025
0.009051
0.001201
0.002116
-0.003882
0.000677
0.015868
-0.011494
0.010488
-0.003219
0.010093
-0.013012
0.011318
0.007622
-0.004957
-0.001113
0.000945
0.010659
-0.014304
0.018005
-0.016244
-0.002729
0.028773
-0.013636
-0.006264
0.011818
-0.002939
0.007985
-0.016332
0.011827
0.012297
0.002299
-0.040144
0.058096
-0.018296
-0.022893
0.010774
-0.007989
0.028785
-0.011668
-0.005458
0.008530
0.004573
-0.016834
0.021477
-0.011216
-0.001328
0.009246
-0.006961
0.007760
-0.002633
-0.002072
0.011499
-0.016634
0.023396
-0.008117
-0.011285
0.010933
0.008762
-0.008555
-0.009785
0.015054
-0.000563
-0.001413
-0.005134
0.009817
-0.000988
-0.001027
0.002467
-0.004473
0.005959
0.000042
-0.004423
0.002383
-0.003191
0.008050
-0.005027
-0.001716
0.007501
-0.005075
0.002225
0.005684
-0.004391
-0.005647
0.015654
-0.018594
0.014247
-0.005205
0.000620
0.000172
0.008802
-0.012546
0.009625
-0.008722
0.020425
-0.013063
-0.015598
0.036765
-0.026663
0.005775
-0.046519
0.178504
-0.137199
