-0.053957
0.012141
-0.005025
-0.009202
0.008922
0.007223
-0.010023
0.005460
0.002488
-0.007893
0.019824
-0.015092
-0.003051
0.011288
-0.004357
0.007868
-0.011163
-0.004067
0.019866
-0.005174
-0.003725
-0.002525
0.004774
-0.004489
0.010366
-0.010473
0.004170
0.006037
-0.000180
-0.005579
0.006090
-0.003190
0.002199
-0.009433
0.016959
-0.002932
-0.008975
0.003463
0.008857
-0.004679
0.006401
-0.011379
0.008216
-0.002007
0.000266
0.007104
-0.013250
0.015994
-0.001060
-0.012204
0.012072
-0.006504
0.006399
-0.000727
-0.004478
-0.010483
0.069812
-0.100956
0.017166
0.087933
0.201480
-0.703657
1.499569
0.866540
0.113626
0.341782
0.261285
0.187809
0.085278
0.081617
0.068735
0.107961
0.069202
0.200971
-0.046251
0.071410
0.195892
0.020414
0.039109
0.092369
0.069633
0.065098
0.074218
0.048606
0.099347
0.036806
0.054745
0.106708
0.014119
0.059921
0.106974
0.049158
0.038905
0.072064
0.048404
0.043791
0.093875
0.012628
0.076937
0.046292
0.064214
0.036519
0.055000
0.046341
0.065832
0.038691
0.048711
0.049749
0.045913
0.050596
0.028038
0.072416
0.034640
0.040944
0.055873
0.025234
0.055613
0.039927
0.047417
0.030823
0.042017
0.043714
0.033203
0.041992
0.036050
0.043997
0.036468
0.042093
0.029097
0.036610
0.048664
0.028405
0.032765
0.029870
0.041089
0.027140
0.047504
0.020836
0.039955
0.023374
0.039179
0.024469
0.032829
0.034682
0.024565
0.029781
0.042170
0.020788
0.018915
0.029695
0.042881
0.020461
0.015913
0.034243
0.034699
0.015638
0.028121
0.017090
0.028918
0.033626
0.016551
0.021624
0.030971
0.020810
0.023965
0.022628
0.021399
0.018032
0.015335
0.025330
0.030009
0.019793
0.014628
0.011729
0.028068
0.043691
-0.010811
0.014219
0.034509
0.015723
0.025616
0.008685
0.030297
0.010739
0.021319
0.012722
0.028602
0.003391
0.019572
0.019299
0.021593
0.010036
0.017246
0.012356
0.031318
-0.003622
0.023947
0.012061
0.015132
0.024340
0.021393
-0.001569
0.011077
0.026133
0.007221
0.009498
0.009293
0.028724
0.011004
0.001906
0.026618
0.001469
0.005975
0.030639
0.005484
0.009683
0.004823
0.014411
0.017752
0.007244
0.004924
0.011849
0.009515
0.024215
-0.004168
0.009968
0.014818
0.014099
0.000622
0.013314
0.013890
0.000889
0.014031
0.005759
0.015012
0.001912
0.017078
0.000197
0.010312
0.014924
0.006628
0.003538
0.025105
-0.001483
0.007179
-0.000524
0.016340
0.014215
0.005673
-0.001493
0.013072
0.011123
0.004135
0.009056
-0.002553
0.024536
-0.007838
0.001069
0.016166
0.006934
0.002403
0.005613
0.001857
0.017346
-0.004762
0.005004
0.011239
0.010536
-0.002790
0.004992
0.003495
0.017920
-0.000211
-0.007879
0.021026
0.005787
-0.007503
0.007576
0.005760
0.007705
0.002184
0.002445
0.010078
0.004656
0.009941
-0.001758
0.000937
0.018559
-0.014776
0.013289
-0.000990
0.007459
0.004844
0.005780
0.001497
0.001699
0.006805
-0.000528
0.008330
-0.001959
0.007208
0.002001
-0.007486
0.023790
-0.015604
0.008011
0.004245
0.003032
-0.002566
0.012494
-0.006015
0.005301
0.001125
-0.004404
0.018639
-0.013966
0.016510
-0.004614
0.008413
0.006588
-0.008194
-0.006642
0.026502
-0.010616
-0.002390
-0.000835
0.007397
0.011651
-0.013098
0.010947
0.001747
0.002947
-0.001077
0.003440
-0.001531
0.013699
-0.017483
0.004366
0.014829
-0.007300
-0.002348
0.005815
0.006064
0.006715
-0.023063
0.018415
0.006721
-0.002538
-0.008628
0.001826
0.007153
0.012589
-0.021453
0.000895
0.015426
-0.001973
-0.002257
-0.001199
-0.002749
0.012071
-0.008410
0.002712
0.006617
-0.016564
0.019903
-0.003285
-0.007635
0.017213
-0.022807
0.011079
0.010497
-0.011408
-0.007051
0.014438
-0.004309
0.008219
-0.020408
0.020799
-0.000146
0.015321
-0.016722
0.010249
-0.006591
0.016078
-0.001362
-0.019321
0.021497
-0.005670
-0.001412
-0.002940
0.007006
0.002217
-0.005574
-0.004575
0.013775
-0.006186
-0.003325
0.005081
-0.003782
0.019911
-0.025752
0.010582
-0.001832
0.009840
-0.010528
0.002388
-0.006250
0.005751
0.001572
-0.003900
0.000713
-0.005007
0.009292
-0.009151
-0.000589
0.011122
-0.007599
-0.007966
0.017186
-0.011046
0.003022
-0.005187
0.006355
-0.001117
-0.005055
-0.003723
0.012690
-0.007376
-0.001017
-0.002824
0.000669
0.010520
-0.014663
0.001757
0.007582
-0.000038
-0.001991
-0.005229
0.003004
-0.001989
0.000585
-0.007944
0.002691
0.006805
-0.001439
-0.009279
-0.005328
0.013679
-0.001384
-0.007380
0.002988
-0.005071
-0.003960
0.006180
-0.003259
0.001779
-0.009356
0.005221
0.003229
-0.005411
0.000764
-0.004723
0.002546
0.001302
-0.007676
-0.009267
0.022422
-0.004720
-0.020315
0.017163
-0.013839
0.011277
-0.010544
0.001890
0.005639
-0.004709
-0.003973
-0.003762
-0.000121
0.010542
-0.011780
-0.007888
0.016644
-0.004097
-0.011827
0.005625
-0.009216
0.008251
-0.006505
-0.002966
0.005712
-0.003873
-0.003658
-0.007519
0.008411
0.005348
-0.013958
-0.004272
0.020495
-0.017184
-0.004016
0.005828
0.003271
-0.011264
-0.001527
-0.000580
0.018270
-0.022303
0.003144
-0.001045
-0.001687
0.010398
-0.016386
-0.001715
0.009413
0.002020
-0.018260
0.010936
-0.006579
0.001757
-0.004864
0.001712
0.003275
-0.004667
-0.001750
-0.006781
0.001339
0.015331
-0.022354
-0.003451
0.013409
-0.010817
0.000080
-0.005180
0.001277
0.009258
-0.013640
0.001501
0.001074
-0.001452
-0.004575
-0.000507
-0.000476
0.000118
-0.002295
-0.007421
0.007527
-0.000630
-0.001906
-0.008488
0.003179
-0.002779
0.010026
-0.029765
0.026656
-0.013946
0.011884
-0.023891
0.009456
0.010943
-0.024785
0.006201
0.006987
0.000615
-0.020767
0.014203
-0.003653
0.004399
-0.016666
0.001320
0.008925
-0.011315
0.012584
-0.023518
0.011067
0.006105
-0.001947
-0.022782
0.024377
-0.010678
-0.011045
0.010862
-0.008589
0.002588
-0.001910
-0.002452
0.003120
-0.001945
-0.006784
0.006423
-0.015739
0.017239
-0.015849
-0.007863
0.015918
-0.007963
-0.003498
0.002948
-0.010610
0.005775
0.000047
-0.006757
-0.000006
0.009250
-0.007478
-0.007742
0.002749
0.001965
-0.006660
-0.001360
0.013623
-0.011279
-0.009652
0.005318
0.002430
-0.006384
0.003794
-0.006510
0.014267
-0.006893
0.000136
-0.002394
-0.010955
0.018304
-0.019068
0.007497
0.005793
-0.007227
-0.008788
0.006533
0.008767
-0.019869
0.013246
-0.008421
0.015508
-0.023745
0.016617
-0.007697
-0.007665
0.015576
-0.013123
0.000220
0.001364
-0.001405
-0.008425
0.015241
-0.017132
0.007424
-0.004795
-0.000497
0.009052
-0.010701
0.003873
-0.003019
-0.000115
0.004755
-0.000617
-0.015208
0.016072
0.002477
-0.014245
0.000182
0.004332
0.002446
-0.010733
0.002132
0.019497
0.003771
0.023333
-0.028655
0.003743
0.002689
-0.012964
0.003685
0.011494
-0.003358
-0.008414
0.011145
-0.005972
0.006392
0.003392
-0.006475
0.007748
-0.005293
0.005442
-0.010706
0.004208
0.009634
-0.008228
-0.001063
0.012561
-0.002720
-0.011042
0.008254
0.000580
0.003426
-0.013438
0.006765
0.002951
0.006981
-0.004733
-0.007259
0.001984
0.015074
-0.013309
-0.006596
0.011857
0.000699
-0.009566
0.005186
0.001263
-0.009912
0.008730
0.003511
-0.000362
-0.006139
0.005995
-0.001627
-0.007029
0.012275
-0.009504
0.001570
0.004404
0.002249
-0.008226
-0.002571
0.006819
-0.000126
-0.002196
-0.000138
0.001336
0.002067
0.007264
-0.009074
-0.003560
0.016989
-0.020601
0.008170
0.000480
0.001796
-0.009395
0.006523
-0.001519
0.006377
-0.010773
0.003755
0.005885
-0.005061
0.003354
-0.006358
0.004487
0.005593
-0.007456
-0.002000
0.005732
-0.003340
-0.000763
0.004685
-0.006108
0.008784
-0.010426
0.006126
0.001913
-0.011125
0.009626
0.001847
-0.010340
0.007626
0.004415
-0.011584
0.010924
-0.008053
0.004742
0.004293
-0.011907
0.013312
-0.009280
0.006304
-0.007508
0.008734
-0.006105
0.002988
-0.003649
0.016368
-0.019652
0.002608
0.017068
0.006273
-0.011692
0.001045
0.011241
-0.003286
-0.007912
0.006871
0.005237
-0.004513
0.003123
-0.002314
-0.007618
0.018446
-0.014704
0.001623
0.007755
0.002850
-0.011647
0.010206
-0.004262
0.007177
-0.006582
0.001016
0.002085
-0.002213
0.006426
-0.005992
-0.000056
0.017296
-0.011712
-0.005743
0.021082
-0.015369
0.005684
-0.003360
0.005534
-0.003369
-0.003265
0.009436
-0.001201
0.004379
-0.011858
0.010387
-0.009209
0.014571
-0.004686
-0.003762
0.005511
0.002001
-0.005004
0.005974
-0.004368
0.008701
-0.009882
0.000199
0.001014
0.012672
-0.005529
-0.009436
0.000356
0.020273
-0.017110
-0.001370
0.008626
0.008085
-0.012190
0.004940
-0.002374
0.003095
-0.000934
-0.004542
0.010359
0.001145
-0.013223
0.005893
0.008076
0.002874
-0.015984
0.012551
0.015517
-0.020286
-0.003718
0.020720
-0.011956
0.006020
-0.006645
-0.000444
0.011935
-0.010865
0.007496
-0.001308
-0.008197
0.014308
-0.003762
-0.010657
0.016929
-0.007229
0.000613
-0.000742
-0.005964
0.017233
-0.012053
0.005733
-0.013214
0.033453
-0.029013
0.007477
-0.007778
0.021153
-0.016364
0.001642
0.006355
-0.000250
-0.004886
0.005206
-0.000113
-0.003801
0.003099
0.005222
0.000320
0.002674
-0.003034
0.001057
-0.007002
0.021693
-0.019541
-0.000966
0.010058
-0.001596
0.001693
-0.004147
0.004687
0.006726
-0.010932
-0.005017
0.015557
-0.005943
0.007557
-0.007963
0.002005
0.014584
-0.015993
0.006085
0.003593
0.000537
-0.007648
0.014348
-0.005686
0.007387
-0.008539
0.005360
-0.000672
-0.004229
0.008880
-0.007888
0.006596
0.006387
-0.007580
-0.003013
0.011584
-0.006300
0.008036
-0.020268
0.019783
-0.002693
0.012105
-0.051798
0.081562
-0.044691
-0.014635
0.014300
-0.012992
0.031243
-0.024146
-0.002046
0.011031
0.001995
-0.012608
0.010460
-0.007894
0.003184
0.008049
-0.013259
0.005165
-0.000083
0.001798
0.003251
-0.006966
0.000296
0.003648
-0.010692
0.009782
-0.000351
-0.012126
0.010320
0.003783
-0.013741
0.005859
-0.008519
0.018068
-0.011954
0.000811
0.000487
0.005597
-0.000106
-0.010046
-0.003482
0.014964
-0.006261
-0.009774
0.005359
-0.001425
0.007772
-0.008116
0.006939
-0.003836
0.005210
-0.008763
0.009026
-0.007307
-0.002524
0.009684
-0.012228
0.011536
-0.009887
0.001858
0.003414
-0.004942
0.001228
-0.000233
-0.005594
-0.002495
-0.001110
0.030288
0.061083
-0.147577
0.135596
