-0.824895
0.157327
-0.211644
0.017293
0.069083
-0.035875
-0.051699
-0.020127
0.088841
-0.169035
0.184750
-0.148188
-0.016246
0.049261
-0.016486
-0.043528
0.006373
-0.032752
-0.002450
0.022921
-0.090042
0.072947
-0.065246
-0.023272
0.048457
-0.069828
-0.000786
-0.006862
0.001430
-0.035930
-0.007845
-0.019207
0.008227
-0.028387
-0.007222
-0.013453
-0.034413
0.016219
-0.019420
-0.027898
-0.004889
-0.013147
-0.016957
0.003110
-0.050168
0.030046
-0.056118
0.013400
-0.002310
-0.056142
0.026293
-0.041810
0.001680
0.000407
-0.067430
-0.023363
0.185291
-0.255008
-0.147793
0.473484
0.377789
-2.541254
2.677203
2.957555
1.851393
0.953491
0.358773
0.224447
-0.011005
-0.139428
0.111286
0.430397
0.166679
0.562528
0.280478
0.170977
0.349021
0.420407
0.260482
0.220639
0.254194
0.230970
0.251690
0.193111
0.308026
0.211567
0.182360
0.335515
0.169650
0.171627
0.243539
0.294451
0.159715
0.248925
0.143759
0.243367
0.291071
0.130656
0.226756
0.203628
0.224279
0.204115
0.190608
0.179444
0.234726
0.191455
0.148764
0.225378
0.172995
0.206617
0.148455
0.219337
0.185944
0.147311
0.211657
0.179461
0.175467
0.147244
0.190159
0.162452
0.177011
0.157804
0.165305
0.179648
0.167953
0.176009
0.113684
0.198558
0.161145
0.138482
0.162284
0.140639
0.150038
0.173406
0.136054
0.121870
0.175322
0.126449
0.155757
0.137385
0.147070
0.136673
0.110957
0.164023
0.123139
0.114372
0.144722
0.141488
0.103134
0.129824
0.127642
0.117436
0.137667
0.091386
0.151711
0.104956
0.121474
0.111353
0.101429
0.140535
0.100828
0.089094
0.129817
0.107138
0.081265
0.123908
0.095643
0.111839
0.091998
0.099703
0.099235
0.109825
0.081051
0.099165
0.076832
0.130364
0.064048
0.082045
0.114765
0.081836
0.064113
0.106827
0.085652
0.091678
0.074612
0.081103
0.086354
0.088918
0.068253
0.078636
0.068080
0.102983
0.067964
0.047341
0.107532
0.084831
0.046704
0.068054
0.087151
0.070950
0.073678
0.036130
0.111083
0.050013
0.068986
0.066800
0.050155
0.093217
0.057944
0.037144
0.080014
0.054852
0.056257
0.067921
0.062039
0.051004
0.060975
0.050845
0.069336
0.072645
0.036468
0.058865
0.053545
0.075521
0.035899
0.025590
0.088603
0.050106
0.030611
0.057802
0.064906
0.038939
0.060599
0.026905
0.068777
0.045212
0.042058
0.047587
0.023691
0.080982
0.038538
0.034943
0.048459
0.048348
0.040628
0.031158
0.056941
0.037727
0.047253
0.016630
0.073175
0.039785
0.006168
0.068278
0.016548
0.074844
0.015708
0.027811
0.059734
0.059054
-0.004987
0.053365
0.037825
0.027792
0.044439
0.011420
0.046203
0.048685
0.022850
0.030750
0.033405
0.051255
0.043441
-0.013364
0.062664
0.047251
0.007692
0.033807
0.040088
0.020806
0.031367
0.026458
0.038709
0.035116
0.016966
0.010329
0.061394
0.029479
0.014917
0.007037
0.070582
0.009997
0.016773
0.027926
0.021891
0.037296
0.033450
-0.010411
0.048607
0.039581
0.008543
0.008347
0.035106
0.037648
0.026836
-0.036047
0.080002
0.025262
-0.010382
0.035748
0.027104
0.028631
0.007376
0.007638
0.040496
0.027831
0.006849
0.023145
0.020831
0.025408
0.026032
-0.011752
0.050310
0.025953
-0.012192
0.021171
0.035653
0.006691
0.033781
0.006184
0.027866
0.001136
0.022095
0.017792
0.005397
0.027016
0.039005
-0.044000
0.067117
0.009645
-0.008840
0.015762
0.025028
0.025324
0.008921
-0.008979
0.035854
0.022718
0.006228
0.001167
0.017307
0.027615
0.018941
-0.040315
0.060634
0.015429
0.005090
-0.001068
0.021843
0.012307
0.003801
0.004374
0.036173
0.002701
0.017748
-0.011225
0.013317
0.045392
-0.001696
-0.026302
0.041155
0.033187
-0.021026
0.011598
0.006978
0.034540
-0.001301
-0.019907
0.042491
0.017806
-0.007711
0.004718
0.001962
0.045910
0.005323
-0.042829
0.041968
0.025499
-0.004839
-0.005162
0.012838
0.005258
0.033985
-0.033852
0.041070
0.016677
-0.022239
0.016855
-0.011588
0.048111
-0.006024
-0.028199
0.046293
0.005401
-0.004907
0.004004
0.011756
-0.007029
0.016430
0.001062
0.018435
0.004383
-0.004242
0.021361
-0.005081
0.019581
0.003256
-0.016983
0.030768
0.010585
-0.010281
0.012485
0.001246
0.014651
-0.002023
0.004484
0.003740
0.011304
0.006557
0.001878
-0.014693
0.033668
0.016578
-0.044149
0.051942
0.007610
-0.029979
0.012357
0.023432
0.005822
-0.006097
-0.007965
0.010367
0.015288
0.006542
-0.010203
-0.019292
0.049352
-0.002930
-0.022983
0.020916
0.018196
-0.013362
0.003627
-0.004037
0.022746
0.001358
-0.006458
-0.018172
0.045730
-0.006205
-0.007676
-0.019551
0.038465
0.016603
-0.052322
0.027898
0.031194
-0.025097
0.001274
-0.001179
0.021465
-0.007554
-0.009226
0.008563
0.036148
-0.032987
0.010134
-0.028826
0.068538
-0.027855
-0.023872
0.030581
0.007391
-0.008410
-0.008818
0.009256
0.004337
0.006959
-0.019734
0.019519
0.009920
0.002306
-0.013706
0.008030
0.024801
-0.019052
-0.025680
0.041137
0.007978
-0.030773
0.009051
0.015949
-0.002481
-0.011109
-0.002137
0.018270
0.009165
-0.017162
0.000213
-0.011422
0.050355
-0.040224
-0.002385
0.012888
0.018125
-0.025912
0.018181
-0.004877
-0.005597
0.008034
-0.016405
0.027497
-0.006534
-0.004207
-0.008056
0.000690
0.028819
-0.001414
-0.027087
0.040464
-0.005916
-0.022276
0.019806
-0.004687
-0.003753
-0.003641
0.005165
0.007943
0.000979
-0.009715
0.007325
-0.001144
0.010992
0.003584
-0.045211
0.052835
-0.012640
-0.008657
0.000565
-0.004859
0.017449
-0.003116
-0.017198
0.013125
0.011139
-0.028036
0.017109
-0.017735
0.046272
-0.037665
-0.014448
0.030790
0.017033
-0.044577
0.009620
0.012452
0.004358
-0.008125
-0.009888
0.017509
-0.001694
-0.000756
-0.019736
0.003674
0.020868
-0.003752
-0.029915
0.032633
0.004859
-0.026918
0.004993
0.004045
-0.002064
0.000908
-0.003985
0.011024
-0.000607
-0.019084
0.012839
-0.013114
0.031928
-0.026149
-0.020865
0.032772
0.009644
-0.030817
-0.003005
0.019471
-0.006916
0.005458
-0.029706
0.029627
0.004150
-0.019519
0.010968
-0.029929
0.044506
-0.023488
-0.022992
0.041732
-0.014182
-0.014838
-0.006067
0.020280
-0.018375
0.016087
-0.017728
0.005480
0.010627
-0.018013
-0.005187
0.007087
0.024042
-0.027804
-0.031067
0.054869
0.003885
-0.061640
0.024106
0.022528
-0.015825
0.002494
-0.032114
0.039912
-0.016270
-0.003484
-0.015981
0.009665
0.009331
0.005981
-0.035453
0.027077
-0.002522
-0.003867
-0.018130
0.013135
-0.008396
-0.000903
-0.002170
-0.001241
0.002885
0.005700
-0.016069
-0.011073
0.032538
-0.015521
-0.039030
0.042667
0.005044
-0.030431
0.003898
-0.005231
0.007102
-0.005995
-0.014800
0.025963
-0.010790
-0.008948
-0.015376
0.011037
0.018843
-0.020187
-0.024095
0.031132
0.003598
-0.033010
0.005098
0.014244
-0.013052
0.005258
-0.023019
0.020751
-0.006870
-0.007891
-0.009864
-0.001208
0.026501
-0.006214
-0.055354
0.046164
0.005264
-0.030292
0.007651
-0.016376
0.022903
-0.006039
-0.024169
0.013414
0.003713
-0.002867
-0.019154
-0.007097
0.032241
-0.012479
-0.036417
0.031870
0.007298
-0.043477
0.015337
0.011938
-0.025489
0.018733
-0.028685
0.020121
0.012686
-0.035736
0.010189
-0.019290
0.040222
-0.035167
-0.024767
0.047273
-0.004236
-0.025503
0.009364
-0.006999
0.004510
-0.008771
-0.010041
0.002220
0.017268
-0.011690
-0.028469
0.019438
0.009498
-0.018207
-0.022312
0.032668
-0.011557
-0.008289
-0.004158
-0.001147
-0.004992
0.002573
-0.012447
0.017529
-0.022308
0.001559
0.006104
-0.028449
0.035544
-0.021194
-0.016077
0.006454
0.020697
-0.048644
0.031129
-0.011386
0.008698
-0.029421
0.010394
0.003762
0.003924
-0.021375
0.008665
-0.006327
0.002472
-0.002187
-0.039250
0.050708
-0.020762
-0.016222
-0.010825
0.018827
-0.015865
0.007009
-0.023498
0.020948
-0.009390
-0.000251
-0.016154
-0.009601
0.025873
-0.007486
-0.039811
0.024371
0.014931
-0.047941
0.013846
0.011003
-0.009229
-0.002772
-0.028960
0.012098
0.013593
-0.015634
-0.013281
-0.012318
0.031698
-0.003480
-0.053907
0.023339
0.017455
-0.030780
-0.001826
0.000470
0.003333
-0.015245
-0.002807
0.006802
-0.008092
0.001609
-0.014709
-0.007048
0.012121
-0.003966
-0.049022
0.043644
-0.008836
-0.017228
-0.004296
0.006849
-0.014905
0.011421
-0.035041
0.024975
-0.005877
-0.018950
-0.004121
-0.018598
0.037065
-0.020670
-0.033405
0.031310
-0.011038
-0.016602
0.002211
-0.001849
-0.016609
0.012429
-0.040868
0.038332
-0.023332
0.000341
-0.014220
-0.008775
0.017225
-0.009728
-0.041702
0.040422
-0.006845
-0.036969
0.014627
-0.011773
0.005093
-0.018948
-0.013075
0.022376
-0.015537
-0.010045
-0.012876
-0.005392
0.026703
-0.027345
-0.027676
0.019294
0.019158
-0.053266
-0.000912
0.015518
-0.019598
0.013923
-0.032047
0.024724
-0.021781
-0.010420
-0.006206
-0.019737
0.040608
-0.030902
-0.025061
0.013064
0.026359
-0.059273
0.029157
-0.035422
0.041265
-0.063500
0.059212
-0.131924
0.199075
-0.191617
0.083727
-0.046186
0.034086
-0.019994
-0.039264
0.029390
-0.006780
-0.012500
-0.028274
0.040072
-0.055736
0.022991
-0.023056
0.005238
-0.009521
-0.000210
-0.027004
-0.001104
0.024504
-0.039818
-0.008764
-0.000256
0.008644
-0.031667
0.005995
-0.012854
0.005306
-0.028073
0.003777
-0.004497
-0.000131
-0.016920
-0.011940
-0.009413
0.013227
-0.025747
-0.010349
0.010625
-0.012730
-0.002916
-0.018835
0.003881
-0.014363
-0.000993
-0.014307
-0.002488
-0.004108
-0.003657
-0.025538
-0.011190
0.014041
-0.012127
-0.032557
0.020637
-0.011257
-0.001727
-0.041427
0.018257
-0.012697
0.038102
-0.171572
0.202686
-0.091289
-0.043628
-0.031595
0.004761
0.020411
-0.021507
-0.035714
0.022175
-0.006147
-0.049160
0.036023
-0.037952
-0.017359
0.005212
-0.024106
-0.002950
-0.018655
-0.011402
0.003625
-0.024512
-0.016719
0.004580
-0.036980
0.000489
0.016559
-0.057403
0.011566
-0.019786
-0.008225
-0.025289
-0.003455
-0.008539
-0.006004
-0.031296
-0.003902
-0.019478
-0.009195
-0.007639
-0.034656
0.012128
-0.017933
-0.027326
-0.012291
0.007829
-0.030852
-0.014293
-0.021733
-0.006852
-0.012987
-0.021600
-0.008499
-0.015166
-0.017220
-0.008915
-0.038278
-0.002519
0.006634
-0.057159
0.017128
-0.028659
0.003027
-0.091492
0.145511
-0.225605
0.155210
-0.251462
0.773710
-1.773897
1.985492
