-0.282057
0.040448
-0.054696
-0.004403
0.021847
-0.005164
-0.027572
0.004669
0.021568
-0.055641
0.073473
-0.061762
-0.008053
0.024859
-0.010131
-0.007813
-0.017122
0.003414
-0.002357
0.010459
-0.042071
0.030204
-0.017424
-0.006382
0.009858
-0.029858
0.009049
-0.002075
0.002030
-0.018694
0.003342
-0.008828
-0.004567
-0.003926
0.001733
-0.007981
-0.014778
0.011749
-0.016686
-0.002293
-0.007105
0.003240
-0.005928
-0.014099
-0.000687
0.007730
-0.023136
0.003787
0.000274
-0.016772
0.005483
-0.004256
-0.011163
0.006422
-0.044102
0.029214
0.070479
-0.172328
-0.022729
0.405960
-0.226836
-1.069998
2.312403
1.687427
0.942292
0.286468
0.351168
0.426024
0.136263
-0.022536
0.124669
0.190390
0.088530
0.322720
0.012246
0.074230
0.198592
0.204500
0.089088
0.087661
0.124280
0.104672
0.117459
0.064353
0.154156
0.059533
0.087253
0.141938
0.080254
0.052428
0.103834
0.143886
0.049982
0.083653
0.051529
0.101408
0.130557
0.044924
0.060881
0.096633
0.106310
0.061419
0.060444
0.069846
0.083011
0.085032
0.045322
0.073753
0.080595
0.047610
0.065891
0.079197
0.052250
0.072973
0.052859
0.073423
0.052564
0.055236
0.058961
0.069902
0.044670
0.051283
0.068390
0.038159
0.067665
0.040115
0.043372
0.064561
0.045400
0.042497
0.054200
0.031190
0.050956
0.053657
0.041311
0.034548
0.046208
0.040415
0.056647
0.028077
0.037312
0.040529
0.052521
0.042142
0.023828
0.033087
0.046169
0.039908
0.027420
0.044337
0.026850
0.037187
0.026059
0.038025
0.029674
0.025209
0.043023
0.008737
0.028092
0.051059
0.017439
0.012293
0.045100
0.028557
0.019225
0.022859
0.030477
0.033576
0.016792
0.022800
0.031969
0.014412
0.037918
0.005680
0.033882
0.023675
0.012932
0.016061
0.039269
0.019190
0.002012
0.028857
0.013366
0.023649
0.012168
0.024161
0.021387
0.022871
0.008250
0.008222
0.030847
0.019442
0.015693
0.007189
0.018418
0.026703
0.006038
0.021340
0.011757
0.006749
0.024422
0.004544
0.027143
-0.001170
0.024273
-0.001647
0.016403
0.018134
0.008673
0.006604
0.017201
0.016715
0.004714
0.013678
0.008298
0.016073
0.006351
0.014060
0.011296
0.002085
0.016478
0.008410
0.010613
0.023826
-0.011753
0.008989
0.021919
0.007784
-0.007615
0.011954
0.016560
0.004288
0.002228
0.013674
0.005299
0.006771
0.005982
0.006868
0.006334
0.017875
-0.021923
0.009138
0.030580
-0.014883
0.004167
0.011032
0.009138
0.009472
-0.013115
0.006674
0.028948
-0.010918
0.005962
-0.005369
0.009703
0.026672
-0.016539
-0.015622
0.031714
-0.003370
-0.001382
0.010243
-0.006144
0.011953
-0.002185
-0.004318
0.009494
0.003898
-0.002597
-0.000390
0.012073
0.001389
-0.004519
0.000332
0.013501
0.007493
-0.026365
0.020590
0.005763
-0.005424
-0.000966
-0.000305
0.011360
0.007163
-0.003755
-0.007905
0.011473
0.004098
-0.003847
-0.012275
0.008649
0.018130
-0.026749
0.010356
-0.001805
0.007269
-0.008760
0.001383
0.007143
-0.007086
0.002602
-0.013445
0.009510
0.010717
-0.021851
-0.005163
0.016499
0.015232
-0.027236
0.002512
0.002318
0.017002
-0.011404
-0.009839
0.011854
0.000810
-0.003458
-0.012078
0.008020
0.009016
-0.010537
-0.022447
0.026802
-0.000192
-0.022824
0.012973
-0.012774
0.012903
-0.011142
0.001437
0.005142
-0.016147
0.007842
-0.005554
-0.009762
0.011863
-0.012528
-0.008336
0.018383
-0.006607
-0.020729
0.008876
0.000068
0.005212
-0.009590
-0.010834
0.012886
-0.003742
-0.005923
-0.012969
0.000125
0.013103
-0.016082
-0.003415
0.000391
-0.001040
0.005059
-0.023006
0.012118
-0.008488
-0.000097
-0.010226
0.008874
-0.001834
-0.007619
-0.003356
-0.004363
0.004185
-0.007776
-0.006742
0.007909
-0.005291
-0.019679
0.006476
-0.004812
0.010760
-0.023839
0.003331
0.001183
0.011479
-0.030682
0.012311
-0.011048
0.016540
-0.018153
-0.017708
0.012249
0.002940
-0.007252
-0.014157
0.009895
-0.012004
0.002336
-0.012975
0.011108
-0.003180
-0.012384
-0.007440
-0.011143
0.024143
-0.031592
0.005212
0.001457
-0.001923
-0.007315
-0.003995
-0.008212
0.009457
-0.017640
-0.010285
0.027531
-0.025680
-0.002764
-0.016250
0.013367
0.007683
-0.023934
-0.014537
0.014700
0.002936
-0.026329
0.009260
-0.001614
-0.009783
-0.009595
-0.000337
-0.002164
-0.009546
0.009527
-0.020051
0.002122
0.006709
-0.009508
-0.013699
0.020312
-0.014674
-0.005134
-0.012997
0.007604
-0.001119
-0.013086
-0.006818
0.009417
-0.012167
0.003116
-0.010267
-0.017061
0.024155
-0.023922
-0.009281
0.008749
-0.004278
-0.007795
-0.010016
0.003216
-0.002544
-0.012935
-0.009342
0.009793
-0.007220
-0.009283
-0.001107
-0.009024
0.010232
-0.006072
-0.028237
0.022483
-0.013866
-0.005180
-0.003292
-0.004087
-0.004463
-0.014128
0.003329
-0.005589
0.003286
-0.016516
0.004379
-0.017071
0.016519
-0.017148
-0.013468
0.013402
-0.003014
-0.022355
0.009217
-0.017372
0.012689
-0.017344
-0.006617
0.012848
-0.013628
-0.006387
-0.009555
0.007534
0.001772
-0.023211
-0.006628
0.017306
-0.013106
-0.019466
0.005351
0.004614
-0.011377
-0.009241
0.003334
0.000619
-0.017603
0.003685
-0.011667
0.000666
-0.004119
-0.004709
-0.014193
0.010737
-0.000805
-0.028396
0.011617
-0.010374
0.002510
-0.007658
-0.013919
0.016849
-0.017364
-0.005651
-0.006468
-0.001695
0.008440
-0.024455
0.000077
0.002560
-0.003825
-0.011931
0.009647
-0.024370
0.008508
-0.011173
-0.003259
0.004949
-0.005527
-0.010599
-0.015966
0.013665
0.001933
-0.020441
-0.015465
0.021582
-0.008742
-0.021660
0.012190
-0.016223
0.005730
-0.012783
-0.005024
0.003197
-0.000354
-0.021244
0.007188
-0.008855
0.008894
-0.019114
-0.008923
0.013474
0.006805
-0.019253
-0.007336
0.013517
-0.009437
-0.007226
-0.008074
0.003345
0.006790
-0.026675
0.005258
-0.001717
0.002291
-0.012781
-0.007436
0.004999
-0.002073
-0.006518
-0.011356
0.004715
-0.004716
-0.009392
-0.002176
0.005947
-0.014400
-0.000403
-0.002099
-0.016960
0.019354
-0.017834
-0.009906
0.017614
-0.013084
-0.005268
-0.012805
0.008474
-0.008245
-0.002251
-0.013602
0.002155
0.005795
-0.014474
-0.014492
0.004314
0.012779
-0.017133
-0.013019
0.009651
0.000309
-0.018789
0.005347
-0.010244
-0.002158
-0.005483
0.001273
0.000165
-0.003002
-0.024367
0.011759
-0.013992
0.018732
-0.028077
0.002516
0.006226
-0.002493
-0.023738
0.007371
-0.003688
0.003289
-0.011422
-0.020376
0.021003
-0.013689
0.003999
-0.023349
0.010154
0.000472
-0.008617
-0.020217
0.024453
-0.008477
-0.023537
-0.009817
0.045680
0.026291
-0.038428
-0.006044
-0.002022
-0.003097
-0.001538
-0.006848
-0.008689
0.023453
-0.023631
0.004384
-0.004533
0.010823
-0.022484
0.015918
-0.013083
0.006676
-0.018919
0.008434
-0.001119
-0.001270
-0.000884
-0.015385
0.007493
0.009702
-0.017748
-0.009859
0.017535
-0.007592
-0.007008
-0.005653
0.012109
-0.003672
-0.007427
0.000817
-0.002232
-0.000113
0.006788
0.012342
-0.012930
0.059805
-0.049939
0.001677
0.008826
-0.003923
-0.010580
-0.005644
0.011121
-0.002141
0.003426
-0.012706
0.016568
-0.012384
0.007311
0.000121
0.006796
0.010700
-0.019647
0.004280
0.015506
-0.016953
0.000613
-0.008694
0.011595
-0.003511
-0.000923
-0.009263
0.010876
-0.004857
0.002184
-0.009007
-0.007972
0.027490
-0.019211
-0.013419
0.017168
-0.006777
-0.002282
-0.006690
0.003875
-0.001780
-0.002114
-0.011092
0.016392
-0.004823
-0.006043
-0.006777
0.004833
0.005666
-0.014397
-0.006864
0.013892
-0.005861
-0.008151
-0.001917
0.002964
-0.010960
0.013500
-0.018623
0.008942
-0.002905
0.000251
-0.004782
-0.008891
0.015102
-0.014290
-0.006515
0.006112
0.003442
-0.009555
0.003675
-0.009130
0.007380
-0.015346
0.003249
0.005310
-0.013512
0.010119
-0.006586
-0.005242
0.000926
0.003435
-0.021419
0.024779
-0.020108
-0.000468
0.002378
-0.003143
-0.001913
-0.000684
-0.003704
0.010386
-0.016727
0.008896
-0.016448
-0.000871
0.012748
-0.010518
-0.014654
0.018397
-0.011157
-0.014810
0.009756
-0.002404
-0.006520
-0.000099
-0.009663
0.013899
-0.012616
-0.006579
0.001792
-0.008473
0.012358
-0.009584
-0.012398
0.010231
-0.004248
-0.008423
0.000646
-0.007330
0.005061
-0.012035
0.004383
-0.005680
0.005133
-0.007827
-0.002982
-0.013214
0.026557
-0.021127
-0.021707
0.022910
-0.002044
-0.010753
-0.005533
0.000739
-0.008552
0.012436
-0.021695
0.014884
-0.014930
0.004201
-0.011722
0.000955
0.008276
-0.009871
-0.010998
0.010137
-0.002875
-0.013158
0.001316
-0.003212
0.005201
-0.012072
-0.011372
0.017130
-0.013953
0.012590
-0.028173
0.016191
0.005988
-0.025137
0.000429
0.006489
-0.000405
-0.017210
0.009422
-0.010198
0.003662
-0.006469
-0.003080
0.005019
-0.012122
0.000771
-0.007980
-0.014983
0.031275
-0.021566
-0.016241
0.015770
-0.006120
-0.004355
-0.001483
-0.008506
0.001885
-0.010405
0.000158
0.004335
-0.013991
0.008858
-0.019843
0.009792
0.004702
-0.012429
-0.017683
0.018462
-0.003164
-0.011168
0.001267
-0.006666
0.010787
-0.030039
0.030923
-0.047603
0.059391
-0.063683
0.020266
-0.003474
0.006424
-0.014475
-0.009462
0.019400
-0.014101
-0.001449
-0.018928
0.023614
-0.029184
0.004462
0.002571
-0.005257
0.000946
-0.003078
-0.014127
0.011784
-0.004846
-0.014999
0.001295
0.007266
-0.011418
-0.007102
-0.009623
0.021677
-0.025182
-0.000313
0.003258
0.005717
0.003983
-0.020228
-0.006413
0.010684
0.003631
-0.019209
0.000660
0.002939
-0.009232
0.000701
-0.008880
0.003559
-0.002786
-0.007722
-0.002470
-0.001524
0.000491
-0.010235
-0.007362
0.002603
0.008100
-0.017124
-0.008271
0.010421
0.005569
-0.018115
-0.008702
0.009210
0.022405
-0.031544
-0.054813
0.117938
-0.088184
0.002210
-0.016515
0.006749
0.006702
-0.009319
-0.016204
0.018093
-0.015088
-0.016862
0.022898
-0.033397
0.018430
-0.018341
-0.000698
-0.004560
-0.007629
0.001983
-0.010275
-0.003085
-0.009326
0.014175
-0.029808
0.026127
0.001641
-0.022381
-0.001117
-0.004908
0.000609
-0.011222
-0.010157
0.012389
-0.012358
-0.003990
-0.005401
-0.002193
-0.003114
-0.005290
-0.011938
-0.007490
0.008263
-0.018398
0.006508
-0.009996
-0.002640
-0.011727
0.001769
-0.002765
-0.012275
-0.007873
0.001184
-0.013051
0.009480
-0.020614
-0.011270
0.014326
-0.011714
-0.016230
0.005381
-0.010299
-0.002831
-0.025954
0.036897
-0.061710
0.044850
-0.085566
0.268678
-0.610513
0.683385
