0.001966
0.001731
0.001385
0.000990
0.000608
0.000284
0.000044
-0.000111
-0.000196
-0.000234
-0.000246
-0.000250
-0.000255
-0.000264
-0.000275
-0.000285
-0.000294
-0.000301
-0.000307
-0.000314
-0.000322
-0.000333
-0.000345
-0.000358
-0.000369
-0.000379
-0.000387
-0.000392
-0.000395
-0.000396
-0.000394
-0.000389
-0.000380
-0.000368
-0.000356
-0.000345
-0.000341
-0.000344
-0.000355
-0.000374
-0.000398
-0.000421
-0.000438
-0.000439
-0.000409
-0.000319
-0.000112
0.000315
0.001142
0.002660
0.005317
0.009745
0.016769
0.027365
0.042539
0.063134
0.089570
0.121568
0.157938
0.196516
0.234321
0.267937
0.294069
0.310146
0.314814
0.308183
0.291763
0.268119
0.240336
0.211455
0.184001
0.159716
0.139488
0.123466
0.111268
0.102227
0.095593
0.090675
0.086919
0.083921
0.081414
0.079232
0.077277
0.075492
0.073841
0.072300
0.070850
0.069480
0.068180
0.066946
0.065778
0.064674
0.063635
0.062657
0.061734
0.060854
0.060005
0.059173
0.058348
0.057524
0.056698
0.055874
0.055055
0.054245
0.053447
0.052660
0.051884
0.051119
0.050365
0.049623
0.048897
0.048190
0.047504
0.046840
0.046198
0.045574
0.044964
0.044362
0.043764
0.043167
0.042569
0.041968
0.041362
0.040750
0.040130
0.039501
0.038864
0.038223
0.037586
0.036961
0.036358
0.035787
0.035253
0.034758
0.034300
0.033873
0.033466
0.033068
0.032668
0.032253
0.031816
0.031350
0.030855
0.030334
0.029796
0.029251
0.028712
0.028190
0.027693
0.027227
0.026794
0.026392
0.026018
0.025669
0.025342
0.025034
0.024743
0.024464
0.024194
0.023927
0.023659
0.023384
0.023099
0.022803
0.022496
0.022180
0.021856
0.021527
0.021197
0.020869
0.020545
0.020228
0.019923
0.019629
0.019350
0.019087
0.018839
0.018607
0.018391
0.018188
0.017996
0.017809
0.017622
0.017427
0.017219
0.016995
0.016754
0.016498
0.016235
0.015969
0.015710
0.015462
0.015230
0.015015
0.014816
0.014630
0.014453
0.014280
0.014105
0.013926
0.013739
0.013545
0.013345
0.013143
0.012942
0.012749
0.012567
0.012398
0.012244
0.012102
0.011969
0.011842
0.011716
0.011586
0.011450
0.011306
0.011154
0.010997
0.010836
0.010676
0.010520
0.010371
0.010231
0.010101
0.009983
0.009877
0.009780
0.009692
0.009606
0.009517
0.009421
0.009313
0.009192
0.009061
0.008921
0.008778
0.008637
0.008501
0.008372
0.008252
0.008143
0.008046
0.007961
0.007888
0.007825
0.007769
0.007716
0.007660
0.007598
0.007526
0.007445
0.007354
0.007256
0.007151
0.007040
0.006922
0.006797
0.006667
0.006532
0.006394
0.006255
0.006118
0.005984
0.005853
0.005726
0.005601
0.005480
0.005362
0.005251
0.005149
0.005057
0.004979
0.004914
0.004864
0.004826
0.004796
0.004769
0.004736
0.004691
0.004627
0.004540
0.004430
0.004302
0.004161
0.004013
0.003865
0.003722
0.003587
0.003464
0.003358
0.003270
0.003205
0.003163
0.003141
0.003133
0.003132
0.003129
0.003117
0.003095
0.003062
0.003022
0.002982
0.002946
0.002919
0.002901
0.002890
0.002882
0.002873
0.002858
0.002833
0.002797
0.002748
0.002686
0.002611
0.002523
0.002425
0.002321
0.002215
0.002113
0.002019
0.001938
0.001871
0.001815
0.001768
0.001724
0.001677
0.001623
0.001561
0.001493
0.001421
0.001349
0.001281
0.001220
0.001166
0.001118
0.001078
0.001044
0.001018
0.000999
0.000990
0.000991
0.001002
0.001022
0.001049
0.001080
0.001109
0.001131
0.001141
0.001134
0.001109
0.001068
0.001014
0.000952
0.000890
0.000834
0.000789
0.000758
0.000743
0.000743
0.000755
0.000775
0.000798
0.000817
0.000825
0.000816
0.000789
0.000743
0.000681
0.000607
0.000528
0.000451
0.000380
0.000317
0.000265
0.000221
0.000185
0.000155
0.000128
0.000104
0.000083
0.000064
0.000048
0.000035
0.000024
0.000015
0.000005
-0.000006
-0.000020
-0.000037
-0.000059
-0.000086
-0.000118
-0.000153
-0.000189
-0.000226
-0.000262
-0.000295
-0.000323
-0.000344
-0.000354
-0.000348
-0.000321
-0.000267
-0.000182
-0.000064
0.000087
0.000269
0.000478
0.000712
0.000970
0.001252
0.001562
0.001901
0.002263
0.002637
0.002998
0.003317
0.003558
0.003693
0.003704
0.003591
0.003371
0.003075
0.002741
0.002403
0.002087
0.001810
0.001575
0.001376
0.001207
0.001057
0.000922
0.000798
0.000684
0.000581
0.000492
0.000417
0.000356
0.000308
0.000272
0.000245
0.000222
0.000201
0.000177
0.000147
0.000111
0.000068
0.000020
-0.000031
-0.000082
-0.000131
-0.000176
-0.000217
-0.000255
-0.000292
-0.000328
-0.000363
-0.000395
-0.000420
-0.000434
-0.000437
-0.000429
-0.000413
-0.000393
-0.000376
-0.000364
-0.000360
-0.000361
-0.000365
-0.000368
-0.000368
-0.000362
-0.000355
-0.000349
-0.000348
-0.000356
-0.000375
-0.000405
-0.000444
-0.000487
-0.000530
-0.000566
-0.000590
-0.000599
-0.000594
-0.000578
-0.000557
-0.000539
-0.000532
-0.000538
-0.000558
-0.000590
-0.000629
-0.000672
-0.000716
-0.000759
-0.000802
-0.000847
-0.000892
-0.000939
-0.000984
-0.001025
-0.001058
-0.001080
-0.001090
-0.001087
-0.001072
-0.001049
-0.001020
-0.000987
-0.000952
-0.000919
-0.000889
-0.000867
-0.000855
-0.000857
-0.000873
-0.000903
-0.000941
-0.000982
-0.001017
-0.001041
-0.001047
-0.001034
-0.001004
-0.000959
-0.000907
-0.000853
-0.000803
-0.000765
-0.000741
-0.000734
-0.000746
-0.000773
-0.000814
-0.000864
-0.000916
-0.000968
-0.001012
-0.001048
-0.001072
-0.001084
-0.001086
-0.001077
-0.001059
-0.001032
-0.000997
-0.000955
-0.000908
-0.000859
-0.000813
-0.000776
-0.000751
-0.000745
-0.000758
-0.000792
-0.000844
-0.000909
-0.000982
-0.001055
-0.001122
-0.001175
-0.001207
-0.001216
-0.001200
-0.001163
-0.001112
-0.001056
-0.001004
-0.000966
-0.000945
-0.000943
-0.000958
-0.000983
-0.001012
-0.001040
-0.001063
-0.001080
-0.001092
-0.001102
-0.001113
-0.001125
-0.001139
-0.001152
-0.001161
-0.001163
-0.001157
-0.001141
-0.001118
-0.001092
-0.001069
-0.001053
-0.001047
-0.001051
-0.001062
-0.001077
-0.001091
-0.001102
-0.001111
-0.001118
-0.001126
-0.001136
-0.001150
-0.001166
-0.001183
-0.001200
-0.001214
-0.001225
-0.001233
-0.001236
-0.001235
-0.001229
-0.001217
-0.001199
-0.001179
-0.001159
-0.001142
-0.001134
-0.001137
-0.001154
-0.001185
-0.001227
-0.001276
-0.001325
-0.001368
-0.001400
-0.001417
-0.001417
-0.001405
-0.001382
-0.001354
-0.001325
-0.001296
-0.001271
-0.001249
-0.001230
-0.001215
-0.001206
-0.001203
-0.001206
-0.001214
-0.001226
-0.001239
-0.001250
-0.001256
-0.001257
-0.001253
-0.001245
-0.001232
-0.001216
-0.001196
-0.001173
-0.001149
-0.001126
-0.001107
-0.001096
-0.001093
-0.001100
-0.001116
-0.001138
-0.001162
-0.001185
-0.001204
-0.001218
-0.001224
-0.001223
-0.001216
-0.001202
-0.001185
-0.001167
-0.001151
-0.001140
-0.001136
-0.001139
-0.001147
-0.001158
-0.001167
-0.001173
-0.001172
-0.001165
-0.001152
-0.001136
-0.001118
-0.001096
-0.001072
-0.001044
-0.001012
-0.000977
-0.000942
-0.000911
-0.000888
-0.000877
-0.000878
-0.000893
-0.000920
-0.000955
-0.000994
-0.001032
-0.001066
-0.001090
-0.001103
-0.001103
-0.001092
-0.001071
-0.001045
-0.001013
-0.000975
-0.000926
-0.000858
-0.000756
-0.000604
-0.000385
-0.000084
0.000306
0.000780
0.001318
0.001881
0.002420
0.002880
0.003210
0.003377
0.003373
0.003217
0.002951
0.002629
0.002304
0.002020
0.001802
0.001655
0.001573
0.001540
0.001538
0.001551
0.001570
0.001587
0.001600
0.001608
0.001612
0.001611
0.001604
0.001592
0.001570
0.001539
0.001495
0.001438
0.001371
0.001297
0.001220
0.001145
0.001075
0.001013
0.000961
0.000919
0.000887
0.000863
0.000848
0.000840
0.000837
0.000838
0.000839
0.000840
0.000841
0.000841
0.000841
0.000842
0.000843
0.000843
0.000839
0.000828
0.000808
0.000780
0.000746
0.000709
0.000674
0.000645
0.000625
0.000612
0.000605
0.000600
0.000591
0.000577
0.000554
0.000522
0.000485
0.000446
0.000411
0.000382
0.000364
0.000358
0.000365
0.000381
0.000405
0.000432
0.000458
0.000480
0.000498
0.000509
0.000515
0.000517
0.000516
0.000515
0.000517
0.000523
0.000535
0.000555
0.000584
0.000621
0.000661
0.000698
0.000726
0.000739
0.000729
0.000698
0.000646
0.000579
0.000506
0.000434
0.000372
0.000322
0.000287
0.000264
0.000251
0.000241
0.000232
0.000217
0.000197
0.000171
0.000144
0.000117
0.000097
0.000086
0.000082
0.000085
0.000088
0.000089
0.000085
0.000075
0.000063
0.000053
0.000050
0.000058
0.000078
0.000108
0.000144
0.000181
0.000212
0.000233
0.000242
0.000239
0.000225
0.000207
0.000190
0.000179
0.000178
0.000188
0.000206
0.000229
0.000251
0.000269
0.000278
0.000279
0.000274
0.000265
0.000258
0.000257
0.000268
0.000292
0.000332
0.000387
0.000452
0.000524
0.000594
0.000656
0.000705
0.000737
0.000752
0.000749
0.000733
0.000705
0.000669
0.000629
0.000587
0.000548
0.000514
0.000487
0.000467
0.000454
0.000443
0.000432
0.000417
0.000396
0.000369
0.000340
0.000315
0.000297
0.000289
0.000293
0.000305
0.000323
0.000341
0.000357
0.000369
0.000376
0.000378
0.000375
0.000365
0.000347
0.000321
0.000286
0.000246
0.000205
0.000168
0.000140
0.000125
0.000123
0.000132
0.000150
0.000175
0.000204
0.000240
0.000285
0.000343
0.000415
0.000502
0.000600
0.000703
0.000801
0.000886
0.000948
0.000983
0.000990
0.000972
0.000934
0.000883
0.000825
0.000766
0.000708
0.000654
0.000604
0.000556
0.000513
0.000472
0.000435
0.000401
0.000368
0.000334
0.000294
0.000241
0.000171
0.000078
-0.000040
-0.000180
-0.000334
-0.000489
-0.000629
-0.000741
-0.000815
-0.000847
-0.000842
-0.000812
-0.000767
-0.000722
-0.000684
-0.000656
-0.000639
-0.000630
-0.000624
-0.000621
-0.000620
-0.000621
-0.000627
-0.000639
-0.000657
-0.000681
-0.000710
-0.000744
-0.000782
-0.000823
-0.000866
-0.000908
-0.000949
-0.000987
-0.001019
-0.001045
-0.001066
-0.001082
-0.001094
-0.001106
-0.001119
-0.001133
-0.001151
-0.001172
-0.001199
-0.001230
-0.001265
-0.001304
-0.001343
-0.001381
-0.001415
-0.001443
-0.001463
-0.001476
-0.001481
-0.001482
-0.001479
-0.001476
-0.001474
-0.001471
-0.001468
-0.001462
-0.001447
-0.001417
-0.001362
-0.001267
-0.001115
-0.000892
-0.000584
-0.000191
0.000272
0.000771
0.001254
0.001662
0.001938
0.002042
