-0.438367
0.078380
-0.091692
-0.004019
0.035074
-0.007139
-0.037599
0.004467
0.032719
-0.084650
0.106878
-0.079938
-0.015960
0.024174
0.006017
-0.022070
-0.015300
-0.000855
-0.002832
0.015637
-0.054038
0.044951
-0.029950
-0.007337
0.009048
-0.022875
-0.004035
0.002794
-0.003405
-0.013955
-0.007485
0.003736
-0.009276
-0.008978
-0.002861
-0.012310
-0.008755
0.010711
-0.015513
-0.002042
-0.016753
-0.000336
-0.000665
-0.014552
-0.003581
0.001299
-0.014619
-0.003262
-0.003718
-0.018526
0.013926
-0.019768
0.002774
-0.003774
-0.043243
0.037785
0.051691
-0.171829
-0.013498
0.435723
-0.376413
-0.934777
2.491640
1.355062
1.182505
0.678977
0.606067
0.471005
0.273640
0.076596
0.233011
0.177887
0.239250
0.333095
0.060914
0.131033
0.245683
0.242312
0.125024
0.155703
0.157024
0.129458
0.163478
0.151759
0.157461
0.100966
0.152879
0.189038
0.089089
0.114301
0.165826
0.172314
0.100228
0.114938
0.112635
0.158321
0.144434
0.093749
0.115857
0.135757
0.132712
0.124861
0.096790
0.126262
0.123573
0.109089
0.113307
0.093823
0.125971
0.091737
0.108823
0.115632
0.097544
0.083587
0.117817
0.107690
0.072871
0.109850
0.083793
0.102874
0.090887
0.087815
0.091739
0.099197
0.078100
0.082716
0.080318
0.113998
0.072855
0.067046
0.095460
0.074964
0.086972
0.074041
0.082280
0.070063
0.080892
0.058523
0.099057
0.064779
0.070890
0.071530
0.070408
0.083667
0.056775
0.054941
0.089216
0.068554
0.053148
0.076792
0.059345
0.079265
0.053332
0.063403
0.057622
0.063959
0.068554
0.044971
0.065438
0.071139
0.049233
0.052914
0.062738
0.059393
0.043695
0.062735
0.048581
0.065750
0.036318
0.053882
0.056510
0.055454
0.040725
0.048615
0.049557
0.065866
0.020326
0.048868
0.059916
0.039240
0.045702
0.033594
0.059396
0.034023
0.045329
0.037935
0.046986
0.045764
0.032202
0.034796
0.053677
0.049301
0.019918
0.040800
0.045030
0.037049
0.020863
0.053971
0.030249
0.041135
0.023443
0.040641
0.048839
0.019539
0.032002
0.034747
0.030306
0.047782
0.015071
0.030392
0.048127
0.027685
0.018278
0.045991
0.017677
0.044836
0.010855
0.047766
0.012473
0.036464
0.040078
0.008190
0.040144
0.030876
0.025191
0.016639
0.041643
0.014231
0.042432
0.005110
0.027159
0.026945
0.037420
0.008352
0.030098
0.017973
0.033467
-0.000239
0.036868
0.030124
0.014771
0.013878
0.038606
0.006743
0.012632
0.028272
0.024910
0.026992
0.000719
0.024953
0.030443
0.028451
-0.006218
0.027586
0.015432
0.034149
0.002813
0.010396
0.030314
0.019557
0.011564
0.020651
0.020192
0.010094
0.010407
0.017194
0.021319
0.011391
0.015420
0.007516
0.028679
0.014503
0.006244
0.022015
0.022016
0.017215
-0.002596
0.011679
0.039857
0.003518
0.002143
0.015480
0.026888
-0.001410
0.026534
-0.005834
0.034217
0.006622
0.003299
0.011115
0.028224
0.003120
-0.001370
0.011388
0.016226
0.020571
0.005327
0.010182
0.004182
0.020695
0.006195
0.002472
0.015950
0.018924
-0.005840
0.009777
0.011653
0.020602
-0.005821
0.006591
0.012645
0.007286
0.010393
-0.001742
0.024777
0.002210
0.015840
-0.014623
0.016979
0.036660
-0.023898
0.010981
0.008873
0.019652
0.000826
-0.006537
0.013344
0.023063
-0.018302
0.008785
0.024024
0.009993
-0.015229
0.002731
0.024634
0.018663
-0.034305
0.023694
0.026926
-0.019452
-0.006041
0.027095
0.004042
0.001534
-0.016864
0.026752
0.003748
-0.005566
0.006967
0.011113
-0.004410
0.008270
0.001334
-0.001438
0.021241
-0.012921
0.015812
-0.004400
0.005354
-0.002119
0.009177
0.001324
0.002136
0.004141
0.011693
-0.014298
-0.000406
0.021858
-0.002928
-0.014919
0.016898
0.011344
-0.009948
0.002785
0.003623
0.006816
-0.008210
0.007467
0.005347
-0.000330
-0.000117
0.003407
-0.001681
0.005672
0.005190
-0.018116
0.018416
0.008417
-0.014265
0.008882
0.000258
0.001221
-0.004384
0.000713
0.003985
0.002795
-0.003012
0.001197
0.005467
0.011832
-0.016865
-0.009643
0.032460
-0.017609
0.012479
-0.013199
0.007653
-0.001833
0.000644
0.001567
0.003729
0.002976
-0.006005
-0.012204
0.017630
0.016080
-0.028972
-0.003369
0.023156
-0.008022
-0.006401
-0.006122
0.016393
-0.004058
-0.002591
-0.003295
0.004257
0.008897
-0.015286
0.000485
-0.002587
0.012411
-0.011801
-0.015423
0.025494
-0.003442
-0.014069
0.001025
0.003411
0.005649
-0.012833
-0.002834
0.010753
0.006458
-0.028146
0.011323
0.003675
0.000118
-0.016568
0.008737
0.010384
-0.005976
-0.020229
0.009487
0.005664
-0.008462
-0.006931
0.005792
-0.001985
0.002214
-0.004878
-0.011219
0.002523
0.014018
-0.022533
0.003685
0.005967
0.004216
-0.025766
0.008417
-0.006164
0.016331
-0.024951
0.010102
-0.009587
0.014684
-0.015424
-0.008834
-0.005427
0.030494
-0.030976
-0.003639
0.012903
-0.005208
-0.014307
0.006721
-0.005895
0.005751
-0.019212
0.001036
0.009613
-0.001052
-0.017868
-0.002062
-0.003425
0.021750
-0.035693
0.005344
0.013146
-0.013565
-0.002971
-0.000247
-0.006017
0.003767
-0.003185
-0.003203
-0.000925
-0.015403
0.008503
-0.010612
0.004877
-0.004252
0.001497
-0.023198
0.027463
-0.015596
-0.015581
0.008195
-0.004885
-0.008503
-0.000423
-0.010592
0.010882
-0.000402
-0.012476
-0.007236
-0.001177
0.003301
-0.004939
-0.017690
0.014288
-0.008486
-0.010915
0.009992
-0.012082
0.002538
-0.003051
-0.010114
0.002044
-0.009319
0.013122
-0.024490
0.011450
-0.007768
-0.001365
-0.014942
0.013119
-0.000770
-0.019159
0.002879
0.000049
0.003414
-0.005806
-0.014786
-0.002460
0.009929
-0.009175
-0.008404
-0.005985
0.014610
-0.015432
-0.012858
0.019013
-0.009874
-0.013605
-0.014042
0.020199
-0.006492
-0.015090
0.002894
-0.003530
0.001645
-0.004994
-0.002878
0.008011
0.008805
-0.015657
-0.003141
0.012474
-0.009224
-0.011747
-0.003298
0.005188
0.002011
-0.018014
0.004579
0.008840
-0.016978
0.003061
-0.011018
0.005483
-0.001831
-0.002389
-0.021032
0.021798
-0.010438
-0.011745
-0.003641
0.005206
-0.004679
-0.004291
-0.015684
0.019764
-0.006226
-0.014613
-0.009567
0.013416
-0.001217
-0.010263
-0.020544
0.019261
-0.005386
-0.007238
-0.009121
0.016914
-0.016945
0.001698
-0.012351
0.008689
0.011788
-0.016916
-0.011243
0.018903
0.007750
-0.035176
0.010935
-0.002561
0.006876
-0.022611
0.011949
-0.004402
-0.005236
-0.000944
-0.013558
0.010064
-0.005935
-0.004404
-0.011335
0.001637
0.019161
-0.022722
-0.017252
0.031841
-0.004352
-0.008303
-0.008834
0.004137
0.003415
-0.013479
0.000798
-0.003298
0.009482
-0.014889
-0.007143
-0.004509
0.021718
-0.021107
0.006767
0.000760
-0.006818
0.001367
-0.004941
-0.008540
0.008851
-0.012511
-0.004283
0.003909
-0.001724
-0.002147
-0.013082
0.007102
0.001858
-0.002279
-0.028817
0.024502
-0.008869
0.001910
-0.010630
-0.004669
0.003989
-0.001279
-0.013093
-0.000132
0.004716
-0.000768
-0.013819
0.000470
0.010147
-0.020121
0.001527
0.009476
-0.006651
-0.012840
0.003156
0.005289
-0.011086
-0.006895
0.000794
0.003089
0.000136
-0.008484
-0.017842
0.011358
0.010289
-0.023089
-0.001782
0.001837
0.002603
-0.002623
-0.012293
-0.002223
0.010476
-0.014582
-0.003466
0.003149
-0.002183
-0.007109
-0.004633
-0.003414
0.009568
-0.017731
-0.006590
0.021634
-0.019641
-0.003401
-0.011270
0.025236
-0.025199
0.004104
-0.013293
0.016145
-0.017772
0.009058
-0.019560
0.011626
-0.003262
-0.005638
-0.007198
0.003725
-0.003170
-0.008598
0.000997
0.000105
-0.013455
0.011388
-0.024443
0.017687
-0.017712
0.013038
-0.016208
0.005819
0.003531
-0.007478
-0.015001
0.021018
-0.019716
0.000021
0.001398
-0.005521
0.003218
-0.015784
0.011319
-0.010206
0.002491
-0.008633
-0.003119
-0.004529
0.009245
-0.010565
-0.011762
0.019873
-0.015257
0.002650
-0.014594
0.002513
0.002103
0.000412
-0.010491
-0.001636
0.007691
-0.009616
-0.013243
0.003184
0.013711
-0.023649
0.001210
0.014219
-0.000752
-0.021474
0.010242
0.006381
-0.013306
0.001063
-0.001823
0.002026
-0.009916
-0.001258
-0.011725
0.011479
0.005551
-0.014707
-0.012105
0.020178
-0.011763
-0.007153
-0.004659
0.012962
-0.007986
-0.014860
0.000893
0.007077
-0.011208
0.001525
-0.007775
-0.002102
0.006847
-0.011629
-0.010220
0.013610
-0.001804
-0.013164
-0.003729
0.005035
-0.005258
-0.004004
-0.008219
0.002122
0.006837
-0.018113
-0.001829
-0.010251
0.027163
-0.028123
0.000328
0.009551
-0.005118
-0.012014
-0.011769
0.009923
-0.003517
-0.000051
-0.011006
-0.002474
0.005692
-0.012593
0.000710
-0.013209
0.026939
-0.029742
-0.002017
0.010077
-0.014090
0.000145
-0.007022
0.003651
-0.001888
-0.013503
-0.000254
0.006399
-0.004552
-0.010773
-0.006592
0.007698
-0.004748
-0.015984
0.002134
0.011569
-0.006339
-0.016863
0.005460
-0.009821
0.006396
-0.016098
0.007160
-0.011897
0.010686
-0.010042
-0.012168
0.000706
0.011151
-0.015786
-0.001331
-0.000267
-0.000460
-0.016371
0.007586
-0.012923
0.016498
-0.038755
0.043375
-0.072009
0.097424
-0.097784
0.039134
-0.011444
-0.000241
0.000037
-0.014157
0.009081
-0.014453
0.000596
-0.007004
0.014552
-0.031047
0.008029
0.001356
-0.012764
0.008192
-0.007875
-0.014495
0.012593
0.005834
-0.029172
0.005154
-0.004178
0.003793
-0.008535
-0.000133
-0.012775
0.008550
-0.018149
0.006589
-0.012272
0.007914
-0.014118
-0.000525
-0.002815
0.007565
-0.026534
0.004219
0.002260
-0.001757
-0.014815
0.005525
-0.005922
-0.008700
-0.002079
-0.005090
0.001785
-0.000493
-0.005722
-0.026224
0.011589
0.013519
-0.030846
0.001636
0.008875
-0.008768
-0.002129
-0.028933
0.030748
-0.005385
-0.018062
-0.053166
0.119433
-0.106850
0.026508
-0.034274
0.001649
0.014588
-0.027799
0.000614
0.013798
-0.021999
-0.009929
0.020960
-0.035491
0.009399
-0.007034
-0.006381
-0.008545
-0.008869
0.003794
-0.011100
-0.008569
-0.000596
-0.003099
-0.021177
0.004493
-0.002239
-0.022258
0.001895
0.000476
-0.009494
-0.012345
-0.009986
-0.001240
0.000230
-0.021128
0.003709
-0.009903
-0.003241
-0.007196
-0.018150
0.010713
-0.022863
-0.005332
-0.001541
-0.007442
-0.006434
-0.015194
-0.001656
-0.002247
-0.009678
-0.009552
-0.008587
-0.006991
0.002350
-0.014450
-0.001089
0.004967
-0.019110
-0.015947
0.005959
-0.006185
-0.003128
-0.052972
0.083384
-0.116694
0.070987
-0.122126
0.414725
-0.944202
1.051507
