0.003156
0.002761
0.002200
0.001574
0.000976
0.000477
0.000114
-0.000113
-0.000227
-0.000267
-0.000268
-0.000260
-0.000260
-0.000274
-0.000302
-0.000340
-0.000383
-0.000428
-0.000473
-0.000517
-0.000560
-0.000601
-0.000641
-0.000679
-0.000714
-0.000745
-0.000772
-0.000794
-0.000812
-0.000827
-0.000838
-0.000849
-0.000860
-0.000874
-0.000892
-0.000912
-0.000935
-0.000957
-0.000976
-0.000991
-0.000998
-0.000997
-0.000984
-0.000955
-0.000894
-0.000767
-0.000505
0.000027
0.001067
0.003017
0.006503
0.012435
0.022034
0.036783
0.058281
0.087965
0.126721
0.174445
0.229675
0.289421
0.349316
0.404141
0.448641
0.478469
0.491012
0.485886
0.464942
0.431818
0.391156
0.347711
0.305582
0.267715
0.235736
0.210073
0.190271
0.175357
0.164184
0.155677
0.148965
0.143426
0.138664
0.134457
0.130689
0.127304
0.124266
0.121538
0.119077
0.116832
0.114748
0.112776
0.110874
0.109013
0.107177
0.105365
0.103583
0.101844
0.100163
0.098553
0.097020
0.095565
0.094181
0.092857
0.091576
0.090324
0.089086
0.087852
0.086616
0.085380
0.084146
0.082923
0.081720
0.080544
0.079403
0.078296
0.077223
0.076176
0.075146
0.074124
0.073103
0.072078
0.071050
0.070021
0.068995
0.067978
0.066972
0.065978
0.064995
0.064022
0.063058
0.062105
0.061167
0.060252
0.059364
0.058510
0.057689
0.056899
0.056133
0.055380
0.054630
0.053872
0.053096
0.052297
0.051471
0.050621
0.049754
0.048882
0.048018
0.047178
0.046376
0.045622
0.044919
0.044268
0.043662
0.043093
0.042554
0.042036
0.041533
0.041042
0.040558
0.040077
0.039595
0.039108
0.038610
0.038099
0.037572
0.037029
0.036473
0.035908
0.035342
0.034780
0.034229
0.033695
0.033180
0.032686
0.032212
0.031759
0.031322
0.030903
0.030498
0.030109
0.029735
0.029376
0.029028
0.028688
0.028354
0.028020
0.027687
0.027353
0.027020
0.026690
0.026366
0.026050
0.025740
0.025436
0.025136
0.024838
0.024540
0.024239
0.023937
0.023631
0.023322
0.023007
0.022686
0.022355
0.022011
0.021653
0.021282
0.020899
0.020509
0.020120
0.019740
0.019377
0.019037
0.018726
0.018444
0.018190
0.017959
0.017745
0.017542
0.017345
0.017150
0.016957
0.016765
0.016575
0.016387
0.016200
0.016010
0.015815
0.015609
0.015390
0.015158
0.014916
0.014669
0.014427
0.014196
0.013984
0.013794
0.013629
0.013486
0.013361
0.013249
0.013143
0.013039
0.012931
0.012817
0.012695
0.012564
0.012427
0.012284
0.012140
0.011996
0.011856
0.011718
0.011582
0.011443
0.011296
0.011138
0.010966
0.010779
0.010581
0.010375
0.010169
0.009968
0.009777
0.009599
0.009437
0.009290
0.009157
0.009037
0.008926
0.008821
0.008720
0.008620
0.008519
0.008415
0.008310
0.008205
0.008101
0.007999
0.007899
0.007802
0.007706
0.007609
0.007511
0.007411
0.007309
0.007205
0.007100
0.006997
0.006894
0.006793
0.006694
0.006596
0.006500
0.006403
0.006307
0.006212
0.006117
0.006026
0.005941
0.005863
0.005794
0.005734
0.005684
0.005640
0.005601
0.005564
0.005525
0.005482
0.005432
0.005373
0.005303
0.005223
0.005135
0.005040
0.004942
0.004843
0.004746
0.004654
0.004566
0.004484
0.004408
0.004340
0.004279
0.004227
0.004181
0.004141
0.004104
0.004067
0.004027
0.003983
0.003932
0.003876
0.003817
0.003757
0.003701
0.003652
0.003610
0.003577
0.003550
0.003526
0.003500
0.003470
0.003430
0.003382
0.003325
0.003263
0.003198
0.003135
0.003077
0.003023
0.002975
0.002930
0.002888
0.002847
0.002807
0.002769
0.002734
0.002702
0.002673
0.002649
0.002629
0.002612
0.002595
0.002578
0.002558
0.002533
0.002501
0.002463
0.002418
0.002371
0.002323
0.002280
0.002242
0.002213
0.002190
0.002171
0.002152
0.002130
0.002102
0.002069
0.002030
0.001990
0.001954
0.001927
0.001912
0.001911
0.001924
0.001947
0.001975
0.002003
0.002025
0.002036
0.002036
0.002025
0.002006
0.001981
0.001955
0.001929
0.001905
0.001881
0.001858
0.001834
0.001810
0.001787
0.001768
0.001754
0.001745
0.001741
0.001737
0.001730
0.001716
0.001693
0.001657
0.001610
0.001552
0.001488
0.001421
0.001355
0.001294
0.001241
0.001199
0.001168
0.001148
0.001140
0.001140
0.001150
0.001166
0.001186
0.001209
0.001228
0.001240
0.001241
0.001227
0.001199
0.001159
0.001112
0.001065
0.001025
0.000998
0.000988
0.000997
0.001023
0.001063
0.001110
0.001159
0.001204
0.001238
0.001261
0.001272
0.001272
0.001265
0.001257
0.001249
0.001245
0.001247
0.001253
0.001262
0.001272
0.001279
0.001281
0.001277
0.001264
0.001244
0.001217
0.001189
0.001163
0.001144
0.001137
0.001144
0.001166
0.001200
0.001241
0.001283
0.001317
0.001339
0.001341
0.001324
0.001287
0.001234
0.001173
0.001112
0.001058
0.001020
0.001002
0.001004
0.001025
0.001058
0.001099
0.001138
0.001171
0.001193
0.001203
0.001202
0.001191
0.001175
0.001157
0.001140
0.001129
0.001124
0.001126
0.001135
0.001150
0.001167
0.001184
0.001199
0.001210
0.001216
0.001217
0.001211
0.001200
0.001183
0.001161
0.001133
0.001102
0.001068
0.001033
0.000999
0.000969
0.000943
0.000925
0.000915
0.000917
0.000929
0.000953
0.000985
0.001023
0.001061
0.001095
0.001121
0.001136
0.001139
0.001133
0.001120
0.001105
0.001090
0.001078
0.001070
0.001065
0.001062
0.001058
0.001054
0.001049
0.001044
0.001041
0.001043
0.001053
0.001073
0.001104
0.001145
0.001196
0.001254
0.001317
0.001383
0.001452
0.001522
0.001594
0.001666
0.001734
0.001794
0.001839
0.001864
0.001866
0.001843
0.001798
0.001734
0.001659
0.001581
0.001508
0.001444
0.001392
0.001355
0.001329
0.001312
0.001301
0.001293
0.001285
0.001278
0.001273
0.001270
0.001274
0.001283
0.001299
0.001321
0.001344
0.001367
0.001385
0.001397
0.001401
0.001396
0.001383
0.001364
0.001343
0.001322
0.001303
0.001290
0.001282
0.001279
0.001279
0.001281
0.001282
0.001280
0.001275
0.001267
0.001258
0.001249
0.001241
0.001237
0.001235
0.001235
0.001237
0.001241
0.001245
0.001252
0.001263
0.001278
0.001300
0.001326
0.001357
0.001389
0.001419
0.001444
0.001462
0.001472
0.001473
0.001465
0.001452
0.001435
0.001418
0.001401
0.001387
0.001375
0.001364
0.001354
0.001346
0.001340
0.001338
0.001341
0.001351
0.001366
0.001385
0.001406
0.001426
0.001441
0.001449
0.001448
0.001439
0.001424
0.001405
0.001387
0.001374
0.001369
0.001373
0.001383
0.001396
0.001409
0.001416
0.001417
0.001411
0.001403
0.001396
0.001395
0.001403
0.001421
0.001445
0.001473
0.001499
0.001519
0.001531
0.001533
0.001526
0.001514
0.001501
0.001493
0.001494
0.001510
0.001541
0.001587
0.001642
0.001700
0.001753
0.001792
0.001812
0.001811
0.001791
0.001756
0.001712
0.001666
0.001623
0.001587
0.001560
0.001544
0.001536
0.001534
0.001538
0.001543
0.001548
0.001554
0.001562
0.001573
0.001592
0.001619
0.001656
0.001701
0.001753
0.001806
0.001857
0.001902
0.001939
0.001967
0.001986
0.002001
0.002015
0.002031
0.002052
0.002082
0.002118
0.002158
0.002196
0.002226
0.002242
0.002240
0.002218
0.002179
0.002127
0.002068
0.002008
0.001952
0.001903
0.001863
0.001833
0.001812
0.001799
0.001791
0.001788
0.001787
0.001787
0.001787
0.001786
0.001785
0.001782
0.001777
0.001768
0.001754
0.001734
0.001707
0.001676
0.001643
0.001611
0.001585
0.001566
0.001557
0.001557
0.001565
0.001579
0.001597
0.001616
0.001633
0.001646
0.001654
0.001655
0.001650
0.001638
0.001623
0.001605
0.001588
0.001573
0.001563
0.001559
0.001560
0.001567
0.001579
0.001597
0.001621
0.001652
0.001693
0.001746
0.001813
0.001896
0.001994
0.002103
0.002217
0.002326
0.002421
0.002493
0.002535
0.002543
0.002520
0.002469
0.002398
0.002315
0.002227
0.002141
0.002062
0.001993
0.001934
0.001886
0.001845
0.001811
0.001782
0.001755
0.001729
0.001705
0.001685
0.001668
0.001656
0.001649
0.001646
0.001646
0.001645
0.001642
0.001636
0.001626
0.001611
0.001593
0.001573
0.001554
0.001535
0.001519
0.001508
0.001502
0.001503
0.001511
0.001526
0.001552
0.001591
0.001646
0.001723
0.001825
0.001954
0.002106
0.002273
0.002441
0.002593
0.002712
0.002786
0.002809
0.002782
0.002715
0.002622
0.002518
0.002416
0.002326
0.002252
0.002195
0.002151
0.002117
0.002090
0.002068
0.002049
0.002035
0.002026
0.002024
0.002030
0.002042
0.002061
0.002082
0.002102
0.002118
0.002129
0.002132
0.002127
0.002115
0.002096
0.002072
0.002044
0.002015
0.001987
0.001963
0.001943
0.001928
0.001917
0.001909
0.001902
0.001893
0.001882
0.001866
0.001846
0.001823
0.001798
0.001771
0.001744
0.001718
0.001695
0.001675
0.001660
0.001650
0.001647
0.001648
0.001654
0.001662
0.001670
0.001675
0.001674
0.001665
0.001644
0.001611
0.001566
0.001514
0.001460
0.001412
0.001376
0.001357
0.001355
0.001367
0.001390
0.001415
0.001437
0.001451
0.001456
0.001450
0.001436
0.001417
0.001397
0.001380
0.001370
0.001368
0.001378
0.001397
0.001424
0.001454
0.001481
0.001502
0.001512
0.001509
0.001492
0.001465
0.001428
0.001386
0.001341
0.001296
0.001253
0.001215
0.001183
0.001159
0.001143
0.001135
0.001134
0.001138
0.001144
0.001152
0.001160
0.001165
0.001166
0.001161
0.001145
0.001115
0.001065
0.000988
0.000878
0.000731
0.000547
0.000332
0.000098
-0.000134
-0.000344
-0.000513
-0.000627
-0.000682
-0.000684
-0.000648
-0.000592
-0.000534
-0.000489
-0.000465
-0.000466
-0.000490
-0.000531
-0.000585
-0.000645
-0.000705
-0.000763
-0.000816
-0.000862
-0.000901
-0.000933
-0.000959
-0.000980
-0.000996
-0.001007
-0.001015
-0.001021
-0.001029
-0.001040
-0.001056
-0.001080
-0.001111
-0.001147
-0.001187
-0.001229
-0.001271
-0.001312
-0.001354
-0.001398
-0.001444
-0.001494
-0.001546
-0.001600
-0.001655
-0.001709
-0.001763
-0.001817
-0.001874
-0.001934
-0.001997
-0.002063
-0.002130
-0.002197
-0.002257
-0.002305
-0.002330
-0.002317
-0.002246
-0.002092
-0.001829
-0.001435
-0.000898
-0.000225
0.000550
0.001364
0.002134
0.002766
0.003175
0.003308
