-0.396893
0.083900
-0.099877
0.003706
0.036271
-0.008277
-0.032618
0.000771
0.033179
-0.072515
0.095741
-0.086740
0.013597
0.015204
-0.007156
-0.016639
-0.003416
-0.017881
0.024118
-0.002973
-0.045768
0.046841
-0.037537
0.003500
0.009516
-0.028849
0.011263
-0.011581
0.011687
-0.032030
0.013365
-0.010614
-0.002583
0.001577
-0.008483
-0.013244
-0.005939
0.005805
-0.006013
-0.012915
-0.004498
-0.005751
0.012482
-0.016917
-0.020275
0.019233
-0.023735
0.012138
-0.012297
-0.011997
0.007595
-0.019741
0.008424
-0.009101
-0.032731
0.031858
0.055244
-0.179956
0.016825
0.412932
-0.393826
-0.846391
2.301753
1.390853
1.264019
0.838097
0.701310
0.462737
0.208478
0.125025
0.190038
0.233032
0.150228
0.344585
0.002815
0.097157
0.195517
0.204134
0.078789
0.114189
0.159868
0.089258
0.118624
0.108141
0.172605
0.057329
0.142812
0.154217
0.076511
0.107127
0.131793
0.153250
0.079019
0.125166
0.074130
0.138779
0.128722
0.089259
0.093936
0.099621
0.145057
0.070337
0.104889
0.088680
0.112027
0.098748
0.082296
0.080856
0.105934
0.098059
0.064967
0.122376
0.057539
0.084976
0.096885
0.087442
0.071644
0.074886
0.084312
0.078710
0.074442
0.070836
0.083212
0.075598
0.069353
0.066159
0.059329
0.087115
0.054569
0.071510
0.062738
0.070485
0.052134
0.073029
0.053902
0.059036
0.065167
0.055988
0.064391
0.052094
0.068747
0.046811
0.050620
0.076732
0.037364
0.054407
0.064442
0.055955
0.041319
0.050972
0.044617
0.062131
0.048867
0.037553
0.056968
0.037251
0.055494
0.033299
0.054740
0.051726
0.032286
0.040007
0.061675
0.033705
0.021691
0.057391
0.037375
0.045611
0.030206
0.043312
0.049898
0.033364
0.040087
0.031379
0.032790
0.055447
0.009963
0.037974
0.054734
0.021640
0.034104
0.032807
0.037287
0.028807
0.033030
0.005444
0.068190
0.007573
0.037205
0.019349
0.047331
0.032209
0.017031
0.036500
0.030532
0.033719
0.012770
0.047841
0.003886
0.047833
0.015134
0.020282
0.037761
0.019438
0.031985
0.004950
0.031870
0.033473
0.017147
0.016026
0.042067
0.012669
0.030390
0.009203
0.037028
0.006453
0.031196
0.012713
0.035434
0.006279
0.020450
0.026199
0.009928
0.041607
-0.004336
0.024214
0.025053
0.018591
0.014906
0.005999
0.029257
0.011639
0.023410
0.004366
0.034968
0.008262
0.017001
0.015055
0.014436
0.031175
-0.003481
0.018378
0.022599
0.022010
-0.006309
0.021308
0.021682
0.019462
0.001718
0.017542
0.026582
0.005802
0.014808
0.002049
0.019131
0.026018
0.013518
-0.007172
0.032382
0.012189
0.008634
0.005204
0.013366
0.017482
0.009607
-0.000415
0.021070
0.010475
0.004737
0.009473
0.012516
0.012807
0.014526
-0.003426
0.024082
0.012607
-0.002809
0.008767
0.009406
0.018322
0.007335
-0.001846
0.012309
0.014154
0.011933
-0.010407
0.027491
0.014209
-0.003590
0.000263
0.033743
0.003017
-0.004492
0.004886
0.013806
-0.000216
0.007540
0.009835
0.006359
0.012558
-0.001512
0.009177
0.005040
0.019169
-0.013973
0.012881
0.015815
0.002108
0.005777
-0.002061
0.006462
0.013801
-0.002077
0.001976
0.011671
-0.001354
0.017422
-0.002524
0.007212
0.001999
0.014731
-0.006262
0.021146
-0.001724
-0.001114
0.002816
0.011562
0.004937
-0.006486
0.008874
0.016041
-0.008287
0.007968
0.004520
0.003721
0.016304
-0.012629
0.005624
0.033789
-0.025720
0.007080
0.015733
0.011632
0.001457
-0.007711
0.004651
0.019173
0.000019
-0.009652
0.015090
0.000934
0.008987
-0.010637
0.012240
0.010778
-0.003603
0.000189
-0.000270
0.009060
-0.003497
0.011259
-0.000666
-0.005012
0.010517
0.004036
-0.002929
0.000512
0.011722
-0.010635
0.011914
0.000304
0.006621
-0.012351
0.011634
-0.006653
0.016648
-0.010493
0.002608
0.009634
0.000369
0.000885
-0.003399
0.006384
0.007027
-0.005213
-0.005102
0.014310
-0.007120
0.005096
0.000646
0.000123
-0.003971
0.011915
-0.005841
0.012452
-0.008804
0.018752
-0.017889
0.005168
0.006819
-0.003247
-0.001130
0.004968
0.003528
0.002628
-0.016295
0.013444
0.008302
-0.015710
0.009606
0.001320
0.004037
-0.004196
-0.002852
0.000785
0.008538
-0.008135
-0.001938
0.016664
-0.002139
-0.011292
-0.002993
0.013477
0.004971
-0.014865
-0.001910
0.005917
0.009024
-0.012693
0.002382
-0.000921
0.003989
0.001766
-0.012286
0.014458
-0.001501
-0.002842
0.001078
0.002746
0.003297
-0.004345
-0.010171
0.013306
-0.003862
0.002736
-0.004799
0.006933
-0.003412
-0.000780
-0.016892
0.018925
0.000164
-0.005918
-0.007329
0.013036
-0.007191
0.006924
-0.017351
0.015055
0.001409
0.008207
-0.022764
0.002008
0.012283
-0.002825
-0.008915
0.018840
-0.028324
0.020932
-0.010112
0.001784
0.003481
-0.009418
-0.003923
0.014891
-0.000355
-0.017110
0.010229
-0.014214
0.031713
-0.028352
0.000308
0.008308
0.002942
-0.014555
0.015877
-0.011230
0.003128
-0.010103
0.007444
0.001657
0.003498
-0.012744
0.003346
0.006556
0.008517
-0.026726
0.005191
0.012389
-0.000801
-0.019828
0.009658
0.001590
0.004361
-0.020103
0.010211
0.011956
-0.012065
-0.000820
-0.002806
0.007064
0.009083
-0.027682
0.013314
0.000398
-0.002487
0.000543
-0.010110
0.016013
-0.014693
0.010780
-0.023495
0.025811
-0.018111
0.016222
-0.024234
0.012850
0.000157
-0.001308
-0.017069
0.021552
-0.003599
-0.020531
0.011303
-0.001076
0.014141
-0.028405
0.012901
0.002205
-0.000142
-0.015016
0.014390
-0.013332
0.009737
-0.005554
-0.008187
0.006689
-0.000651
-0.005540
-0.003107
0.003936
-0.007282
0.008787
-0.021531
0.023017
-0.006578
0.000314
-0.014373
0.006775
0.006254
-0.011020
-0.006032
0.021779
-0.008567
-0.010017
0.004831
-0.002336
-0.001410
0.000666
-0.010422
0.010474
-0.004480
0.003428
-0.015470
0.010607
-0.001323
-0.007720
0.002805
-0.000685
-0.002250
0.003075
-0.001510
-0.011920
0.011565
-0.002619
-0.012598
0.007494
0.004998
-0.001228
-0.013122
-0.005544
0.014696
-0.001686
-0.018618
0.017442
0.000678
-0.006543
-0.007049
-0.006121
0.011746
0.002410
-0.008490
0.003588
-0.007636
0.005230
-0.010727
0.000204
0.017424
-0.024567
0.006587
-0.001789
0.003274
-0.005156
0.002196
-0.001791
0.003948
-0.008238
-0.005329
0.001407
0.007448
-0.003022
-0.008119
0.000219
0.008542
-0.017909
-0.004378
0.028263
-0.019429
-0.000754
-0.003743
0.002189
0.001766
-0.004669
-0.006470
0.010240
-0.005924
-0.000372
-0.005642
-0.002461
0.012719
-0.009597
-0.009849
0.017978
-0.010341
-0.004339
-0.001507
-0.004116
-0.000359
0.006064
-0.012985
0.008645
0.000733
-0.006749
-0.002734
0.003526
-0.004618
0.010426
-0.022503
0.017165
0.001103
-0.005500
-0.008087
-0.008770
0.019402
-0.015020
0.000091
-0.001126
0.002707
0.000771
-0.011592
0.006921
0.007586
-0.019514
0.009272
-0.002256
0.000220
-0.005816
0.003832
-0.004330
0.004087
-0.007415
-0.000393
0.004472
-0.006586
0.000250
-0.009141
0.007567
0.008427
-0.011490
-0.017479
0.025550
-0.007956
-0.015440
0.008338
-0.001197
-0.001067
0.005292
-0.009119
-0.004783
0.012544
-0.006208
-0.006869
-0.000822
0.003804
-0.001776
-0.012228
0.015895
-0.009730
-0.001845
0.003901
-0.008563
0.004153
-0.010494
0.009271
-0.004291
0.001273
-0.007174
0.005737
-0.014680
0.024103
-0.019625
-0.009598
0.024689
-0.015026
0.003336
-0.011997
0.013791
-0.000205
-0.010054
0.004993
-0.001168
0.016912
-0.026075
0.007176
0.000806
0.011959
-0.019675
0.002730
0.008158
-0.009113
-0.004845
0.005661
-0.005554
0.006270
-0.002501
-0.009402
0.005827
0.002522
-0.013548
0.008350
-0.005815
0.016304
-0.021276
-0.001763
0.010499
-0.001503
-0.008258
0.001728
-0.002246
0.007401
-0.017901
0.001855
0.007895
0.006471
-0.014168
-0.003017
0.000526
0.007278
-0.006074
-0.009269
0.017230
-0.008614
0.001089
-0.010539
0.011410
-0.004946
-0.006224
-0.006313
0.010815
-0.000593
-0.000068
-0.009301
-0.009727
0.027512
-0.021650
-0.002283
0.004561
0.001687
-0.009577
-0.003993
0.007229
0.000423
-0.003624
-0.009358
0.008740
-0.001656
-0.002494
0.000378
-0.010618
0.022006
-0.029185
0.004512
0.010531
-0.005150
-0.011880
0.002401
0.005626
-0.005451
-0.004038
0.003273
-0.008707
0.013264
-0.010071
0.000170
-0.013417
0.020928
-0.013237
-0.006831
0.010138
-0.002543
-0.008898
-0.004691
0.009737
-0.004776
-0.002867
-0.010761
0.011085
-0.001771
-0.005272
-0.012346
0.009622
0.007730
-0.017430
0.001903
0.005889
-0.005316
-0.001147
-0.002669
-0.003549
0.000856
-0.001851
-0.005737
0.005342
-0.002838
0.000099
-0.012344
-0.002090
0.021090
-0.024727
-0.000800
0.011694
-0.014870
0.007473
-0.004945
-0.001777
0.003996
-0.007135
-0.005340
0.008351
-0.002803
-0.009869
0.001080
0.001637
-0.004438
0.007990
-0.019638
0.018110
-0.020365
0.009574
-0.003201
-0.005744
0.001874
-0.008173
0.008129
-0.013352
0.008120
-0.014330
0.010924
-0.017275
0.023348
-0.017105
0.002924
-0.005368
0.010758
-0.020972
0.020843
-0.029331
0.033260
-0.035333
0.036544
-0.068721
0.101401
-0.098530
0.038109
-0.012708
0.021849
-0.022479
-0.015286
0.028751
-0.012960
-0.002757
-0.015430
0.020519
-0.012812
-0.008566
0.009982
-0.014476
0.006835
-0.001818
-0.009084
0.002563
0.009286
-0.025096
0.018509
-0.018124
0.011408
-0.004110
-0.013629
0.011060
-0.004435
-0.007754
-0.007374
0.011355
-0.005442
-0.007475
-0.013262
0.015258
0.007849
-0.030936
0.017570
-0.007426
0.003031
-0.007912
-0.001653
-0.005406
0.006385
-0.012840
0.002295
-0.012413
0.021481
-0.014879
-0.013829
0.005241
0.016450
-0.030791
0.009916
-0.004697
0.007912
-0.013329
-0.013574
0.018080
0.004491
-0.018478
-0.052267
0.118176
-0.094454
0.016300
-0.026028
0.003773
0.011725
-0.021144
-0.005674
0.005780
0.007346
-0.028204
0.021904
-0.029387
0.010048
-0.008335
-0.005728
0.001682
-0.004675
-0.008874
-0.005775
0.000505
-0.008064
0.001521
-0.018426
0.013543
-0.014153
-0.006247
0.000274
-0.005774
0.002596
-0.024338
0.008571
-0.005387
0.003091
-0.020557
0.003435
-0.010513
0.001358
-0.013403
-0.004495
0.004173
-0.000695
-0.021308
0.002028
-0.004644
-0.003845
-0.016330
0.007670
-0.013861
0.004647
-0.024977
0.011675
-0.007795
-0.017632
0.001851
-0.001936
-0.017495
0.005496
-0.015422
-0.000510
-0.009742
-0.000391
-0.026484
0.054153
-0.090626
0.057940
-0.102040
0.358091
-0.830273
0.939619
