-0.584412
0.092007
-0.124465
-0.001500
0.028606
-0.021876
-0.041109
-0.015466
0.056168
-0.137355
0.144555
-0.113340
-0.023239
0.043596
-0.051706
0.007864
-0.026929
-0.020331
-0.012999
0.010586
-0.065120
0.045242
-0.056621
-0.003327
-0.000622
-0.050975
0.012739
-0.019611
-0.006221
-0.035980
0.013339
-0.046486
0.014767
-0.029728
-0.004309
-0.023509
-0.025870
0.004041
-0.013060
-0.039929
0.011658
-0.045984
0.011502
-0.024923
-0.027165
0.009188
-0.033035
-0.016670
0.002747
-0.058052
0.030978
-0.044691
-0.003077
0.007227
-0.082468
0.001178
0.142743
-0.226040
-0.227383
0.762364
-0.156257
-2.133145
2.839678
3.534524
2.582628
1.766956
0.621345
0.681595
0.301135
0.062129
0.216000
0.330784
0.202393
0.573677
0.294897
0.076972
0.336249
0.383242
0.262300
0.219796
0.215860
0.184958
0.276460
0.211594
0.240463
0.171435
0.193002
0.290419
0.165798
0.162089
0.198023
0.250761
0.203160
0.159747
0.121485
0.245257
0.221144
0.152533
0.146835
0.193087
0.181747
0.210641
0.116358
0.166891
0.198468
0.142327
0.174751
0.152775
0.159214
0.144696
0.153554
0.168820
0.155177
0.112292
0.192769
0.124968
0.109334
0.161525
0.128403
0.155873
0.122767
0.123403
0.146766
0.113755
0.143029
0.120053
0.104272
0.155360
0.136978
0.093659
0.143705
0.100025
0.120715
0.146119
0.105474
0.093116
0.133726
0.081611
0.141577
0.110362
0.092788
0.110926
0.079228
0.119924
0.132379
0.061815
0.121358
0.120355
0.084869
0.099769
0.101225
0.072513
0.124683
0.054282
0.089030
0.136174
0.069145
-0.021500
0.045037
0.121136
0.057697
0.059554
0.077341
0.095757
0.048630
0.086001
0.076275
0.078454
0.061814
0.067641
0.097846
0.050510
0.082931
0.072972
0.058007
0.095871
0.048026
0.046787
0.097350
0.065604
0.043068
0.066962
0.071524
0.066583
0.042762
0.055781
0.087664
0.044978
0.062611
0.053342
0.049951
0.073970
0.049996
0.033429
0.075959
0.049597
0.034946
0.067198
0.037027
0.055236
0.059619
0.032719
0.086048
0.028491
0.060374
0.019749
0.072771
0.044058
0.050596
0.015362
0.093954
0.032631
0.032914
0.044914
0.027759
0.048035
0.048862
0.019851
0.052800
0.053678
0.034608
0.025609
0.019107
0.071592
0.047153
-0.008338
0.062643
0.029029
0.045020
0.018808
0.037638
0.045558
0.016778
0.018553
0.077143
0.015362
0.019430
0.041466
0.022325
0.071346
0.041744
0.003656
0.071917
0.027221
-0.003125
0.037360
0.060472
0.007537
0.019997
0.022957
0.038917
0.036512
0.008531
0.017112
0.046083
0.066663
-0.016044
-0.000193
0.070609
0.020664
-0.000260
0.029281
0.030802
0.035545
0.006111
-0.003042
0.062164
0.038894
-0.015351
0.019734
0.021221
0.055760
0.018818
-0.034288
0.049435
0.077876
-0.034924
-0.001214
0.015913
0.071427
0.022811
-0.052091
0.045939
0.056869
0.001390
-0.037400
0.044006
0.034174
0.032091
-0.049079
0.062128
0.031054
-0.001366
0.012679
0.002673
0.024851
0.040934
-0.000971
-0.010799
0.055826
-0.008093
0.022874
-0.016405
0.055729
0.000195
0.011851
-0.015228
0.077291
-0.067708
0.057362
-0.011270
0.031829
0.005805
0.012170
0.000249
0.022898
0.027134
-0.028451
0.033193
0.024850
0.010045
0.003179
0.033209
0.002341
-0.011612
0.037652
-0.016705
0.014943
0.013702
-0.008979
0.026223
0.017147
-0.012866
-0.005773
0.018277
0.017663
-0.002787
-0.021368
0.051848
-0.008663
-0.005778
0.004444
0.020450
-0.014030
0.012935
0.000836
0.008702
0.028137
-0.032229
0.024930
-0.004674
0.009212
0.012083
-0.034249
0.046341
-0.012336
0.023688
-0.039270
0.032973
-0.021583
0.027023
-0.008489
0.005971
0.000176
0.016985
0.003580
-0.024811
0.014703
-0.010448
0.012041
0.026361
-0.022739
0.000464
-0.005223
0.021581
-0.018435
0.010136
-0.020344
0.014942
0.019213
-0.014391
-0.015978
0.001222
0.029399
-0.024239
-0.001857
0.010156
0.009981
-0.012473
0.006692
-0.012660
-0.001026
0.000564
-0.008745
0.015205
0.009316
-0.016001
-0.023908
0.020582
-0.005020
0.012767
-0.038503
0.039022
-0.031769
0.011613
-0.018281
0.009804
0.000275
-0.001927
-0.011014
-0.003879
0.012433
-0.007572
-0.011202
0.001817
0.019224
-0.030947
-0.009484
0.021265
0.019444
-0.050402
-0.000144
0.004490
0.003231
-0.010562
-0.013020
0.016196
-0.006358
0.002596
-0.027277
-0.004470
0.016787
-0.026279
0.024550
-0.039818
0.033468
-0.024280
0.110609
-0.502595
0.787261
-0.340467
0.043404
-0.091131
0.036742
0.016710
-0.013934
-0.030095
0.036868
0.009742
-0.073934
0.087136
-0.051259
0.008198
0.010185
0.006512
-0.025699
0.010850
-0.005451
-0.001932
0.020050
-0.035039
0.023193
-0.029810
0.031850
0.024630
-0.083677
0.051844
0.016788
-0.020987
-0.016206
0.019841
-0.019284
0.026520
-0.020757
-0.019083
0.043526
-0.008605
-0.019372
-0.020351
0.052607
-0.020143
-0.028845
0.024947
0.016607
-0.026665
-0.001193
0.016412
-0.018281
0.019986
-0.031698
0.039797
0.004612
-0.030345
-0.009655
0.015885
0.011233
-0.010287
-0.007661
0.019803
0.012265
-0.035278
0.016601
-0.004688
0.019298
0.002104
-0.032895
0.015285
0.027027
-0.017611
-0.001562
-0.008222
0.031431
-0.021025
-0.007986
0.017120
0.008449
-0.014527
0.020654
-0.013923
0.011667
-0.010566
-0.004039
0.012740
0.003683
0.023810
-0.027756
-0.010581
0.041429
-0.014977
-0.020796
0.025122
0.021749
-0.029844
0.007491
0.007341
0.025224
-0.020705
0.006488
0.013348
-0.000578
-0.004188
-0.004567
0.012251
0.035925
-0.040161
0.006037
0.013354
0.015277
0.000424
-0.001256
0.003312
0.000436
0.026006
-0.026034
0.016196
0.023854
-0.011995
-0.017627
0.021101
0.015546
0.001765
-0.029186
0.053194
-0.016782
-0.011881
0.055889
-0.071186
-0.007097
0.019184
0.019523
0.003059
0.008356
-0.051616
0.077938
-0.027717
-0.014263
-0.157620
-0.020971
0.109552
0.015356
-0.017137
-0.016222
0.023243
-0.016361
0.004392
-0.024523
0.021240
0.010359
-0.023901
0.002103
0.008494
0.024896
-0.036020
-0.003989
0.033342
-0.006468
-0.020836
0.013316
0.003984
-0.022090
0.002176
-0.009761
0.032471
-0.017093
-0.000344
-0.002827
-0.008553
0.021147
-0.012565
-0.007334
0.007830
0.003022
-0.011850
0.007183
-0.016599
-0.001880
0.020404
-0.040477
0.050111
-0.022819
0.005910
-0.031648
0.031149
-0.001037
-0.011715
-0.026635
0.043278
-0.018125
-0.021019
0.004722
0.007994
0.011247
-0.016243
-0.014102
0.015032
0.001641
-0.000418
-0.015108
-0.009136
0.017101
-0.000829
-0.033154
0.037735
-0.015270
-0.024030
0.017119
-0.007835
-0.003835
0.007182
-0.028764
0.027906
-0.005222
-0.021434
0.005430
-0.011012
0.009965
-0.007529
-0.010572
0.019619
-0.001526
-0.042986
0.039428
-0.008467
0.001120
0.011681
-0.032143
0.027464
0.000568
-0.019961
-0.004536
0.007483
0.012631
-0.041096
0.007354
0.012472
0.004334
-0.021181
0.003429
0.006909
-0.007054
-0.006472
-0.001284
0.011662
-0.015268
-0.000805
-0.002350
-0.001162
0.026111
-0.028276
-0.022939
0.038563
-0.012150
-0.011476
-0.004295
0.017106
-0.014012
-0.010448
-0.000334
0.006599
-0.002559
-0.004272
-0.010049
-0.002077
0.007734
0.007295
-0.044030
0.030072
0.004698
-0.038053
0.009844
0.011861
-0.009235
-0.014226
-0.019091
0.036412
-0.002443
-0.022419
-0.013761
0.006301
0.015484
-0.019757
-0.017362
0.009893
0.017000
-0.029839
-0.011701
0.014649
-0.008516
-0.008121
0.001824
-0.014487
0.026182
-0.017425
-0.007801
-0.019945
0.047138
-0.026402
-0.023311
0.029375
-0.016438
0.001952
-0.016000
0.016574
-0.013846
0.004149
-0.022163
0.010113
-0.000467
-0.005800
-0.006562
-0.018662
0.028185
-0.033199
-0.009113
0.022383
-0.004680
-0.015130
0.006489
-0.019552
0.003685
-0.001304
-0.017382
0.006964
0.008047
-0.021462
-0.007475
-0.010841
0.037833
-0.035719
-0.031052
0.046865
-0.019598
-0.011122
-0.022406
0.020905
-0.024724
0.022870
-0.035520
0.014166
0.005652
-0.023252
0.011171
-0.036143
0.036356
-0.042606
0.010924
0.002107
-0.001958
-0.022114
0.003451
-0.010611
0.002150
-0.004486
-0.012074
-0.004688
0.002178
-0.002737
-0.022231
0.003721
-0.005324
0.008053
-0.041164
0.032616
-0.027868
0.007808
-0.019868
0.011011
-0.016716
0.008948
-0.036458
0.021686
-0.004171
-0.007585
-0.030496
0.005374
0.020516
-0.013992
-0.052047
0.045035
-0.009043
-0.027376
-0.011239
0.019731
-0.027166
0.030069
-0.073257
0.050674
-0.008095
-0.012001
-0.033955
-0.001456
0.022084
-0.015809
-0.028839
0.019149
-0.010385
-0.008018
-0.016744
0.003415
-0.003737
-0.014684
-0.017312
0.009629
0.009507
-0.011615
-0.023662
-0.014027
0.028325
-0.025755
-0.033491
0.032710
-0.025616
-0.009636
0.004378
-0.019418
0.003970
-0.003860
-0.018915
0.011505
-0.007531
-0.020372
0.010214
-0.027420
0.028023
-0.028854
-0.016714
0.017989
-0.021646
-0.003059
-0.014701
-0.008467
0.001019
0.000765
-0.039929
0.024217
-0.007553
-0.000976
-0.029669
-0.013209
0.024812
-0.013561
-0.024956
-0.002659
0.008794
-0.044538
0.044785
-0.070990
0.056448
-0.071477
0.064527
-0.109182
0.145312
-0.141222
0.045120
-0.011945
-0.004460
-0.001796
-0.046004
0.041291
-0.029305
-0.015245
-0.008103
0.021489
-0.032827
-0.006014
-0.014974
0.003536
-0.002447
-0.012632
-0.027227
0.004648
0.019309
-0.043271
-0.014437
0.023756
-0.019393
-0.014793
-0.014342
-0.003831
0.010717
-0.020614
-0.029548
0.022401
-0.008676
-0.020025
-0.006657
-0.011284
0.011454
-0.027047
-0.019068
0.014651
-0.022078
-0.010737
0.002449
-0.021423
0.004166
-0.007019
-0.024380
0.003223
-0.000219
-0.022607
-0.014005
-0.002459
0.008499
-0.032087
-0.035006
0.048789
-0.034881
0.000077
-0.043650
0.025514
-0.002855
-0.015183
-0.102574
0.153515
-0.071280
-0.050547
-0.022976
-0.023529
0.031253
-0.034770
-0.029407
0.029531
-0.014208
-0.048518
0.034049
-0.038440
-0.028365
0.034129
-0.047838
0.004956
-0.020620
-0.011204
-0.006090
-0.023389
0.003027
-0.018450
-0.039946
0.005717
0.014714
-0.055905
0.013929
-0.018971
-0.007119
-0.027406
-0.000551
-0.024320
0.011113
-0.046075
0.008743
-0.023427
-0.018229
0.000358
-0.048209
0.028685
-0.027596
-0.018715
-0.025473
-0.001236
-0.014603
-0.018752
-0.027803
0.001270
-0.009660
-0.019331
-0.024496
0.002926
-0.032649
-0.010131
-0.018996
-0.009618
-0.003555
-0.042787
0.002263
-0.036468
0.011802
-0.066849
0.088602
-0.164319
0.120371
-0.189712
0.538396
-1.239180
1.372767
