-0.000891
-0.000867
-0.000851
-0.000841
-0.000837
-0.000839
-0.000846
-0.000856
-0.000870
-0.000885
-0.000900
-0.000913
-0.000921
-0.000922
-0.000913
-0.000891
-0.000850
-0.000786
-0.000694
-0.000565
-0.000393
-0.000168
0.000121
0.000487
0.000943
0.001505
0.002192
0.003023
0.004020
0.005209
0.006614
0.008264
0.010188
0.012418
0.014983
0.017917
0.021250
0.025012
0.029231
0.033932
0.039136
0.044860
0.051114
0.057902
0.065219
0.073053
0.081383
0.090177
0.099393
0.108981
0.118879
0.129019
0.139321
0.149700
0.160064
0.170318
0.180363
0.190099
0.199430
0.208260
0.216500
0.224068
0.230893
0.236911
0.242072
0.246340
0.249692
0.252117
0.253620
0.254220
0.253945
0.252840
0.250955
0.248353
0.245103
0.241277
0.236955
0.232214
0.227134
0.221794
0.216268
0.210626
0.204934
0.199251
0.193630
0.188117
0.182750
0.177560
0.172572
0.167803
0.163267
0.158968
0.154910
0.151089
0.147500
0.144134
0.140980
0.138025
0.135256
0.132659
0.130219
0.127923
0.125756
0.123705
0.121759
0.119905
0.118134
0.116436
0.114804
0.113229
0.111705
0.110227
0.108790
0.107391
0.106025
0.104689
0.103383
0.102102
0.100847
0.099615
0.098406
0.097218
0.096051
0.094904
0.093776
0.092667
0.091577
0.090505
0.089451
0.088414
0.087394
0.086390
0.085402
0.084430
0.083473
0.082530
0.081602
0.080688
0.079787
0.078898
0.078023
0.077159
0.076306
0.075464
0.074633
0.073812
0.073000
0.072198
0.071404
0.070619
0.069841
0.069071
0.068309
0.067553
0.066805
0.066063
0.065328
0.064599
0.063876
0.063159
0.062449
0.061745
0.061047
0.060356
0.059671
0.058992
0.058321
0.057656
0.056998
0.056347
0.055703
0.055067
0.054438
0.053817
0.053204
0.052599
0.052001
0.051412
0.050830
0.050257
0.049692
0.049134
0.048585
0.048044
0.047511
0.046985
0.046467
0.045957
0.045455
0.044960
0.044473
0.043992
0.043519
0.043053
0.042594
0.042142
0.041696
0.041257
0.040824
0.040398
0.039977
0.039563
0.039154
0.038751
0.038353
0.037960
0.037572
0.037188
0.036809
0.036435
0.036063
0.035696
0.035332
0.034971
0.034613
0.034258
0.033905
0.033555
0.033207
0.032861
0.032517
0.032175
0.031836
0.031498
0.031163
0.030829
0.030498
0.030170
0.029844
0.029520
0.029200
0.028882
0.028568
0.028257
0.027950
0.027647
0.027347
0.027051
0.026759
0.026472
0.026189
0.025909
0.025634
0.025364
0.025097
0.024835
0.024577
0.024324
0.024074
0.023828
0.023587
0.023349
0.023115
0.022885
0.022659
0.022436
0.022217
0.022002
0.021789
0.021580
0.021374
0.021170
0.020970
0.020772
0.020576
0.020383
0.020192
0.020002
0.019815
0.019628
0.019443
0.019259
0.019076
0.018893
0.018711
0.018530
0.018348
0.018167
0.017986
0.017805
0.017623
0.017442
0.017261
0.017081
0.016900
0.016720
0.016540
0.016361
0.016183
0.016005
0.015829
0.015654
0.015481
0.015309
0.015139
0.014971
0.014805
0.014641
0.014479
0.014320
0.014163
0.014009
0.013857
0.013708
0.013561
0.013417
0.013275
0.013135
0.012998
0.012862
0.012728
0.012597
0.012466
0.012338
0.012210
0.012084
0.011959
0.011834
0.011710
0.011587
0.011465
0.011342
0.011221
0.011099
0.010977
0.010856
0.010735
0.010614
0.010494
0.010374
0.010254
0.010134
0.010015
0.009897
0.009780
0.009663
0.009547
0.009432
0.009319
0.009206
0.009095
0.008985
0.008877
0.008770
0.008665
0.008561
0.008459
0.008359
0.008260
0.008163
0.008067
0.007973
0.007881
0.007790
0.007701
0.007613
0.007526
0.007441
0.007358
0.007276
0.007195
0.007115
0.007037
0.006960
0.006884
0.006809
0.006735
0.006663
0.006592
0.006522
0.006453
0.006385
0.006318
0.006253
0.006188
0.006125
0.006063
0.006002
0.005942
0.005883
0.005826
0.005770
0.005715
0.005661
0.005608
0.005556
0.005506
0.005456
0.005408
0.005360
0.005314
0.005268
0.005223
0.005178
0.005134
0.005091
0.005047
0.005005
0.004962
0.004919
0.004876
0.004833
0.004790
0.004746
0.004702
0.004657
0.004612
0.004567
0.004521
0.004474
0.004427
0.004379
0.004331
0.004282
0.004233
0.004183
0.004133
0.004083
0.004033
0.003983
0.003932
0.003882
0.003831
0.003781
0.003731
0.003682
0.003633
0.003584
0.003536
0.003488
0.003441
0.003395
0.003349
0.003304
0.003259
0.003215
0.003172
0.003130
0.003088
0.003047
0.003006
0.002966
0.002926
0.002887
0.002848
0.002810
0.002772
0.002734
0.002697
0.002659
0.002622
0.002586
0.002549
0.002513
0.002477
0.002441
0.002405
0.002369
0.002334
0.002299
0.002264
0.002229
0.002195
0.002160
0.002126
0.002093
0.002059
0.002026
0.001994
0.001961
0.001929
0.001898
0.001867
0.001836
0.001806
0.001777
0.001748
0.001720
0.001692
0.001665
0.001639
0.001613
0.001589
0.001565
0.001541
0.001519
0.001497
0.001475
0.001455
0.001435
0.001416
0.001397
0.001379
0.001361
0.001343
0.001326
0.001309
0.001292
0.001275
0.001258
0.001240
0.001223
0.001206
0.001188
0.001171
0.001153
0.001135
0.001116
0.001098
0.001080
0.001062
0.001044
0.001026
0.001008
0.000991
0.000975
0.000959
0.000944
0.000929
0.000916
0.000903
0.000891
0.000881
0.000871
0.000863
0.000855
0.000849
0.000844
0.000839
0.000836
0.000833
0.000832
0.000831
0.000831
0.000832
0.000833
0.000835
0.000837
0.000840
0.000844
0.000848
0.000853
0.000858
0.000864
0.000871
0.000878
0.000887
0.000896
0.000906
0.000918
0.000931
0.000945
0.000961
0.000978
0.000996
0.001016
0.001037
0.001060
0.001084
0.001108
0.001134
0.001161
0.001188
0.001216
0.001243
0.001270
0.001296
0.001322
0.001346
0.001368
0.001388
0.001406
0.001422
0.001435
0.001446
0.001453
0.001457
0.001459
0.001457
0.001453
0.001446
0.001437
0.001425
0.001412
0.001397
0.001381
0.001364
0.001346
0.001328
0.001311
0.001294
0.001278
0.001263
0.001250
0.001238
0.001229
0.001221
0.001216
0.001213
0.001213
0.001215
0.001219
0.001226
0.001235
0.001246
0.001259
0.001273
0.001289
0.001306
0.001324
0.001343
0.001362
0.001382
0.001401
0.001421
0.001440
0.001459
0.001477
0.001495
0.001512
0.001528
0.001543
0.001558
0.001572
0.001585
0.001598
0.001611
0.001623
0.001635
0.001646
0.001658
0.001669
0.001680
0.001691
0.001702
0.001713
0.001724
0.001734
0.001744
0.001754
0.001763
0.001771
0.001778
0.001784
0.001790
0.001794
0.001796
0.001798
0.001798
0.001796
0.001793
0.001789
0.001783
0.001775
0.001766
0.001756
0.001745
0.001732
0.001719
0.001705
0.001690
0.001674
0.001659
0.001642
0.001626
0.001610
0.001594
0.001578
0.001562
0.001547
0.001532
0.001518
0.001504
0.001491
0.001479
0.001467
0.001456
0.001446
0.001436
0.001427
0.001418
0.001409
0.001401
0.001393
0.001386
0.001378
0.001371
0.001364
0.001357
0.001350
0.001343
0.001335
0.001328
0.001321
0.001314
0.001307
0.001299
0.001292
0.001285
0.001278
0.001271
0.001264
0.001258
0.001252
0.001246
0.001240
0.001234
0.001229
0.001225
0.001220
0.001217
0.001213
0.001210
0.001207
0.001205
0.001203
0.001202
0.001201
0.001200
0.001200
0.001200
0.001200
0.001201
0.001202
0.001204
0.001205
0.001208
0.001210
0.001213
0.001216
0.001220
0.001224
0.001228
0.001233
0.001238
0.001244
0.001250
0.001256
0.001263
0.001270
0.001277
0.001285
0.001293
0.001301
0.001309
0.001318
0.001326
0.001335
0.001344
0.001352
0.001361
0.001369
0.001378
0.001386
0.001395
0.001403
0.001412
0.001421
0.001430
0.001439
0.001448
0.001457
0.001467
0.001478
0.001488
0.001500
0.001511
0.001524
0.001536
0.001550
0.001563
0.001578
0.001592
0.001607
0.001622
0.001636
0.001651
0.001666
0.001680
0.001693
0.001706
0.001718
0.001728
0.001738
0.001746
0.001753
0.001758
0.001761
0.001762
0.001762
0.001760
0.001756
0.001750
0.001743
0.001733
0.001722
0.001710
0.001696
0.001680
0.001664
0.001646
0.001627
0.001608
0.001588
0.001568
0.001547
0.001526
0.001504
0.001483
0.001462
0.001441
0.001420
0.001400
0.001380
0.001360
0.001341
0.001322
0.001304
0.001286
0.001268
0.001251
0.001235
0.001219
0.001203
0.001188
0.001173
0.001158
0.001144
0.001130
0.001117
0.001103
0.001090
0.001078
0.001066
0.001054
0.001042
0.001031
0.001020
0.001009
0.000998
0.000988
0.000978
0.000969
0.000959
0.000950
0.000941
0.000933
0.000924
0.000916
0.000909
0.000901
0.000894
0.000887
0.000880
0.000873
0.000866
0.000860
0.000854
0.000848
0.000841
0.000835
0.000829
0.000823
0.000817
0.000811
0.000805
0.000799
0.000793
0.000786
0.000780
0.000773
0.000766
0.000759
0.000751
0.000743
0.000736
0.000728
0.000719
0.000711
0.000702
0.000693
0.000684
0.000675
0.000666
0.000657
0.000648
0.000639
0.000630
0.000621
0.000612
0.000603
0.000594
0.000585
0.000577
0.000568
0.000559
0.000551
0.000543
0.000534
0.000525
0.000517
0.000508
0.000499
0.000490
0.000480
0.000471
0.000460
0.000450
0.000439
0.000428
0.000416
0.000404
0.000392
0.000379
0.000365
0.000351
0.000337
0.000322
0.000307
0.000292
0.000276
0.000259
0.000242
0.000224
0.000205
0.000186
0.000166
0.000145
0.000123
0.000100
0.000075
0.000049
0.000022
-0.000007
-0.000038
-0.000071
-0.000105
-0.000142
-0.000180
-0.000221
-0.000264
-0.000308
-0.000355
-0.000404
-0.000455
-0.000507
-0.000561
-0.000617
-0.000674
-0.000731
-0.000790
-0.000849
-0.000909
-0.000969
-0.001029
-0.001089
-0.001149
-0.001208
-0.001266
-0.001324
-0.001381
-0.001437
-0.001492
-0.001547
-0.001600
-0.001653
-0.001704
-0.001755
-0.001805
-0.001854
-0.001902
-0.001950
-0.001996
-0.002042
-0.002087
-0.002130
-0.002173
-0.002215
-0.002255
-0.002294
-0.002332
-0.002368
-0.002402
-0.002434
-0.002463
-0.002490
-0.002515
-0.002536
-0.002554
-0.002569
-0.002580
-0.002586
-0.002589
-0.002587
-0.002581
-0.002570
-0.002553
-0.002532
-0.002505
-0.002473
-0.002435
-0.002392
-0.002343
-0.002290
-0.002231
-0.002168
-0.002100
-0.002029
-0.001954
-0.001876
-0.001797
-0.001716
-0.001634
-0.001553
-0.001472
-0.001394
-0.001318
-0.001245
-0.001177
-0.001114
-0.001056
-0.001005
-0.000960
-0.000922
