0.003021
0.002659
0.002124
0.001517
0.000932
0.000445
0.000091
-0.000125
-0.000231
-0.000263
-0.000261
-0.000255
-0.000263
-0.000292
-0.000337
-0.000392
-0.000448
-0.000497
-0.000535
-0.000560
-0.000574
-0.000581
-0.000583
-0.000586
-0.000595
-0.000611
-0.000637
-0.000673
-0.000719
-0.000772
-0.000829
-0.000886
-0.000940
-0.000988
-0.001028
-0.001060
-0.001085
-0.001105
-0.001123
-0.001141
-0.001161
-0.001181
-0.001198
-0.001201
-0.001171
-0.001069
-0.000822
-0.000291
0.000771
0.002780
0.006394
0.012584
0.022675
0.038316
0.061342
0.093504
0.136052
0.189253
0.251939
0.321239
0.392630
0.460390
0.518409
0.561211
0.584940
0.588053
0.571545
0.538646
0.494103
0.443247
0.391095
0.341675
0.297687
0.260484
0.230298
0.206589
0.188400
0.174651
0.164330
0.156591
0.150778
0.146403
0.143112
0.140638
0.138777
0.137359
0.136245
0.135315
0.134466
0.133619
0.132710
0.131698
0.130555
0.129275
0.127863
0.126334
0.124713
0.123026
0.121300
0.119558
0.117818
0.116093
0.114388
0.112703
0.111039
0.109395
0.107774
0.106179
0.104620
0.103109
0.101659
0.100286
0.099000
0.097813
0.096725
0.095730
0.094813
0.093948
0.093105
0.092253
0.091363
0.090413
0.089392
0.088296
0.087133
0.085919
0.084672
0.083414
0.082164
0.080939
0.079752
0.078612
0.077522
0.076480
0.075481
0.074515
0.073573
0.072644
0.071721
0.070801
0.069883
0.068969
0.068064
0.067170
0.066290
0.065426
0.064581
0.063756
0.062956
0.062185
0.061449
0.060752
0.060098
0.059485
0.058910
0.058369
0.057854
0.057357
0.056872
0.056392
0.055911
0.055425
0.054928
0.054413
0.053874
0.053303
0.052697
0.052053
0.051375
0.050671
0.049951
0.049227
0.048512
0.047813
0.047135
0.046477
0.045839
0.045217
0.044610
0.044019
0.043447
0.042899
0.042379
0.041893
0.041443
0.041029
0.040646
0.040288
0.039946
0.039609
0.039266
0.038909
0.038534
0.038140
0.037732
0.037317
0.036905
0.036505
0.036123
0.035761
0.035416
0.035082
0.034752
0.034416
0.034067
0.033701
0.033318
0.032920
0.032512
0.032101
0.031693
0.031292
0.030900
0.030517
0.030140
0.029768
0.029401
0.029042
0.028696
0.028369
0.028067
0.027792
0.027544
0.027318
0.027107
0.026900
0.026691
0.026473
0.026244
0.026006
0.025762
0.025517
0.025274
0.025038
0.024811
0.024596
0.024393
0.024202
0.024019
0.023841
0.023660
0.023471
0.023266
0.023041
0.022796
0.022534
0.022261
0.021984
0.021714
0.021460
0.021228
0.021022
0.020843
0.020684
0.020539
0.020399
0.020254
0.020099
0.019929
0.019743
0.019544
0.019334
0.019119
0.018903
0.018691
0.018487
0.018296
0.018119
0.017958
0.017810
0.017669
0.017529
0.017385
0.017231
0.017069
0.016904
0.016742
0.016594
0.016468
0.016366
0.016288
0.016227
0.016174
0.016118
0.016049
0.015961
0.015849
0.015714
0.015557
0.015383
0.015197
0.015007
0.014817
0.014633
0.014458
0.014294
0.014140
0.013993
0.013850
0.013710
0.013570
0.013433
0.013301
0.013179
0.013071
0.012979
0.012902
0.012839
0.012781
0.012723
0.012656
0.012576
0.012481
0.012373
0.012256
0.012139
0.012029
0.011931
0.011850
0.011784
0.011729
0.011679
0.011625
0.011559
0.011476
0.011372
0.011248
0.011106
0.010951
0.010790
0.010629
0.010473
0.010327
0.010191
0.010066
0.009949
0.009839
0.009735
0.009635
0.009541
0.009455
0.009379
0.009315
0.009265
0.009228
0.009205
0.009193
0.009193
0.009203
0.009225
0.009260
0.009307
0.009367
0.009436
0.009509
0.009577
0.009630
0.009660
0.009657
0.009618
0.009540
0.009428
0.009287
0.009127
0.008959
0.008792
0.008636
0.008495
0.008376
0.008279
0.008203
0.008147
0.008109
0.008083
0.008065
0.008052
0.008037
0.008017
0.007988
0.007948
0.007897
0.007837
0.007769
0.007697
0.007623
0.007548
0.007474
0.007401
0.007330
0.007261
0.007195
0.007134
0.007078
0.007028
0.006982
0.006937
0.006889
0.006834
0.006770
0.006696
0.006615
0.006533
0.006458
0.006399
0.006362
0.006351
0.006367
0.006406
0.006462
0.006530
0.006602
0.006674
0.006740
0.006796
0.006839
0.006864
0.006870
0.006854
0.006819
0.006766
0.006700
0.006625
0.006546
0.006466
0.006385
0.006306
0.006229
0.006155
0.006084
0.006017
0.005954
0.005894
0.005832
0.005768
0.005700
0.005627
0.005552
0.005478
0.005411
0.005356
0.005318
0.005299
0.005300
0.005316
0.005344
0.005376
0.005407
0.005432
0.005446
0.005449
0.005443
0.005428
0.005408
0.005384
0.005357
0.005329
0.005300
0.005272
0.005245
0.005222
0.005204
0.005192
0.005186
0.005185
0.005190
0.005202
0.005222
0.005248
0.005281
0.005318
0.005351
0.005376
0.005386
0.005375
0.005342
0.005290
0.005222
0.005144
0.005060
0.004975
0.004892
0.004813
0.004740
0.004676
0.004623
0.004584
0.004560
0.004550
0.004551
0.004559
0.004568
0.004572
0.004567
0.004550
0.004521
0.004482
0.004435
0.004386
0.004337
0.004295
0.004264
0.004251
0.004259
0.004290
0.004343
0.004412
0.004489
0.004560
0.004615
0.004641
0.004632
0.004588
0.004513
0.004415
0.004308
0.004203
0.004112
0.004045
0.004005
0.003993
0.004007
0.004041
0.004088
0.004142
0.004197
0.004247
0.004288
0.004319
0.004338
0.004345
0.004343
0.004333
0.004319
0.004304
0.004292
0.004286
0.004288
0.004298
0.004317
0.004342
0.004370
0.004397
0.004419
0.004434
0.004442
0.004444
0.004440
0.004434
0.004427
0.004420
0.004411
0.004398
0.004378
0.004348
0.004308
0.004259
0.004208
0.004161
0.004126
0.004108
0.004109
0.004128
0.004159
0.004192
0.004221
0.004238
0.004242
0.004233
0.004214
0.004191
0.004166
0.004142
0.004118
0.004096
0.004073
0.004052
0.004033
0.004019
0.004015
0.004020
0.004034
0.004054
0.004072
0.004081
0.004075
0.004050
0.004006
0.003947
0.003881
0.003818
0.003767
0.003734
0.003723
0.003735
0.003768
0.003814
0.003869
0.003925
0.003976
0.004017
0.004048
0.004066
0.004075
0.004075
0.004072
0.004067
0.004062
0.004058
0.004054
0.004051
0.004046
0.004040
0.004032
0.004024
0.004018
0.004016
0.004020
0.004032
0.004049
0.004072
0.004098
0.004125
0.004153
0.004181
0.004210
0.004241
0.004273
0.004307
0.004339
0.004368
0.004389
0.004400
0.004397
0.004377
0.004339
0.004284
0.004216
0.004140
0.004064
0.003994
0.003937
0.003898
0.003879
0.003878
0.003893
0.003919
0.003949
0.003977
0.003999
0.004011
0.004013
0.004005
0.003990
0.003972
0.003955
0.003942
0.003934
0.003934
0.003941
0.003954
0.003971
0.003990
0.004006
0.004015
0.004014
0.003999
0.003970
0.003927
0.003874
0.003819
0.003767
0.003726
0.003698
0.003686
0.003689
0.003704
0.003728
0.003759
0.003793
0.003830
0.003868
0.003906
0.003943
0.003974
0.003998
0.004009
0.004008
0.003992
0.003965
0.003931
0.003893
0.003859
0.003833
0.003819
0.003818
0.003829
0.003847
0.003868
0.003883
0.003887
0.003876
0.003850
0.003811
0.003764
0.003718
0.003676
0.003646
0.003629
0.003625
0.003632
0.003646
0.003662
0.003676
0.003688
0.003695
0.003697
0.003695
0.003688
0.003677
0.003660
0.003637
0.003610
0.003581
0.003555
0.003538
0.003533
0.003546
0.003574
0.003615
0.003663
0.003712
0.003754
0.003784
0.003799
0.003798
0.003784
0.003761
0.003733
0.003705
0.003681
0.003662
0.003648
0.003638
0.003628
0.003616
0.003598
0.003576
0.003551
0.003525
0.003503
0.003486
0.003477
0.003476
0.003483
0.003497
0.003518
0.003543
0.003571
0.003598
0.003621
0.003635
0.003637
0.003623
0.003594
0.003553
0.003507
0.003463
0.003427
0.003405
0.003400
0.003412
0.003438
0.003476
0.003519
0.003564
0.003606
0.003640
0.003667
0.003685
0.003696
0.003700
0.003700
0.003695
0.003686
0.003673
0.003655
0.003633
0.003610
0.003588
0.003572
0.003563
0.003561
0.003567
0.003575
0.003583
0.003585
0.003580
0.003566
0.003545
0.003518
0.003489
0.003460
0.003435
0.003413
0.003396
0.003380
0.003365
0.003347
0.003325
0.003298
0.003269
0.003240
0.003216
0.003200
0.003196
0.003203
0.003220
0.003242
0.003264
0.003282
0.003291
0.003291
0.003282
0.003266
0.003246
0.003224
0.003202
0.003180
0.003158
0.003135
0.003108
0.003078
0.003043
0.003006
0.002971
0.002940
0.002919
0.002910
0.002912
0.002925
0.002945
0.002968
0.002992
0.003015
0.003035
0.003053
0.003070
0.003087
0.003103
0.003118
0.003130
0.003136
0.003133
0.003121
0.003098
0.003064
0.003023
0.002977
0.002931
0.002890
0.002856
0.002833
0.002818
0.002810
0.002806
0.002800
0.002789
0.002772
0.002748
0.002718
0.002684
0.002649
0.002617
0.002589
0.002566
0.002546
0.002530
0.002516
0.002503
0.002491
0.002481
0.002474
0.002470
0.002469
0.002471
0.002474
0.002475
0.002472
0.002464
0.002449
0.002428
0.002403
0.002377
0.002353
0.002332
0.002318
0.002311
0.002312
0.002322
0.002340
0.002364
0.002391
0.002414
0.002430
0.002432
0.002418
0.002388
0.002343
0.002290
0.002233
0.002178
0.002128
0.002086
0.002051
0.002022
0.001999
0.001981
0.001967
0.001960
0.001960
0.001969
0.001984
0.002006
0.002028
0.002049
0.002062
0.002066
0.002058
0.002038
0.002009
0.001973
0.001934
0.001896
0.001861
0.001833
0.001813
0.001805
0.001809
0.001827
0.001857
0.001896
0.001938
0.001975
0.001997
0.001993
0.001955
0.001875
0.001749
0.001575
0.001354
0.001093
0.000802
0.000497
0.000199
-0.000070
-0.000289
-0.000439
-0.000515
-0.000520
-0.000467
-0.000378
-0.000278
-0.000188
-0.000124
-0.000090
-0.000088
-0.000111
-0.000151
-0.000203
-0.000261
-0.000324
-0.000393
-0.000467
-0.000548
-0.000633
-0.000718
-0.000801
-0.000875
-0.000938
-0.000985
-0.001018
-0.001038
-0.001049
-0.001056
-0.001065
-0.001077
-0.001096
-0.001117
-0.001137
-0.001147
-0.001139
-0.001104
-0.001038
-0.000942
-0.000822
-0.000691
-0.000565
-0.000464
-0.000404
-0.000399
-0.000453
-0.000565
-0.000727
-0.000926
-0.001144
-0.001367
-0.001581
-0.001775
-0.001941
-0.002073
-0.002165
-0.002208
-0.002188
-0.002087
-0.001882
-0.001549
-0.001071
-0.000450
0.000288
0.001086
0.001860
0.002514
0.002959
0.003133
