-0.302170
0.065495
-0.066844
-0.007641
0.030736
-0.002200
-0.019982
-0.007409
0.028649
-0.046525
0.063594
-0.057303
0.003647
0.012952
0.001488
-0.002116
-0.014500
-0.008187
0.013734
0.004126
-0.034882
0.038478
-0.030549
0.000742
0.010863
-0.010198
-0.014099
0.008025
0.004003
-0.009734
-0.011985
0.015632
-0.022166
0.016027
-0.007354
-0.004919
-0.013519
0.016934
-0.012183
-0.002310
-0.006689
0.003850
-0.003240
-0.000849
-0.016795
0.011618
-0.010958
0.001285
0.001596
-0.020477
0.021295
-0.025033
0.016173
-0.005782
-0.028915
0.009745
0.084031
-0.171696
0.024445
0.274103
-0.100152
-1.008264
2.444057
0.781868
1.073402
0.747716
0.543309
0.368207
0.176628
0.116131
0.150324
0.224579
0.148276
0.184939
0.105384
0.148614
0.080887
0.184222
0.107966
0.135609
0.125577
0.094466
0.133472
0.106491
0.148458
0.075279
0.121851
0.145532
0.086651
0.086972
0.146375
0.119075
0.082663
0.122471
0.080875
0.121556
0.115528
0.078134
0.096695
0.097462
0.114833
0.090212
0.081520
0.099478
0.094260
0.082672
0.077876
0.100200
0.095111
0.070324
0.089993
0.100530
0.072807
0.073482
0.089584
0.075234
0.083643
0.069536
0.080897
0.085572
0.072813
0.067803
0.067630
0.090849
0.063726
0.056380
0.072629
0.086391
0.054227
0.062030
0.077336
0.058718
0.071383
0.062342
0.058376
0.064070
0.051939
0.071222
0.042433
0.072281
0.058371
0.047020
0.061408
0.072724
0.024871
0.080016
0.046931
0.051286
0.057948
0.041593
0.058334
0.049933
0.045173
0.043674
0.052435
0.049188
0.049584
0.034350
0.056561
0.052805
0.028695
0.049115
0.053057
0.046549
0.020713
0.062783
0.035149
0.038989
0.037988
0.049086
0.038796
0.038164
0.044876
0.027124
0.042081
0.052978
0.015581
0.039558
0.051498
0.032920
0.024576
0.033185
0.033482
0.047762
0.008561
0.043763
0.043016
0.019140
0.029426
0.019159
0.056766
0.025207
0.010397
0.035719
0.045488
0.014005
0.033209
0.023134
0.031303
0.021432
0.025175
0.027122
0.031291
0.010682
0.039706
0.007001
0.035749
0.035808
0.004453
0.023524
0.036643
0.031556
-0.004847
0.027690
0.033669
0.011992
0.014581
0.024441
0.032983
0.003806
0.026721
0.016291
0.037900
0.010277
0.000425
0.032388
0.022344
0.027434
-0.008557
0.024908
0.033994
0.006851
0.014892
0.012173
0.026471
0.022170
0.020173
-0.010197
0.034698
0.019553
0.008688
0.012715
0.019084
0.012382
0.023825
-0.002487
0.026185
0.004420
0.022169
0.011782
0.020093
0.005341
0.021921
-0.003355
0.021063
0.029361
-0.008125
0.011263
0.030470
0.005310
0.014732
-0.001590
0.023783
0.010995
0.007572
0.009929
0.022371
0.004830
0.000027
0.008626
0.023442
0.011314
-0.007017
0.013537
0.027980
-0.003850
0.003000
0.017208
0.011821
0.009785
-0.001230
0.012375
0.004472
0.018882
0.005474
-0.001760
0.010893
0.015002
-0.004048
0.010017
0.015217
0.006851
-0.001480
0.010667
-0.001104
0.020558
-0.002905
0.001179
0.019577
-0.000211
0.016252
-0.017320
0.019074
0.012897
-0.010028
0.007286
0.014231
-0.002579
0.004220
0.008059
-0.000180
0.013974
-0.000998
-0.003519
0.014920
0.007316
-0.003180
-0.009696
0.013741
0.015104
-0.010033
-0.002359
0.023705
0.001692
-0.013802
0.011264
0.002015
-0.000545
-0.004433
0.015471
0.003408
-0.002059
0.007026
-0.004557
0.007910
0.013306
-0.011429
-0.009680
0.030135
-0.010449
-0.006600
0.003315
0.011540
0.002813
-0.010030
-0.001176
0.012152
0.007289
-0.005787
-0.008142
0.011020
0.005460
-0.012225
0.001928
0.016533
-0.005556
-0.009486
-0.000342
0.013212
-0.009469
-0.004606
0.004984
0.008936
-0.001929
-0.011290
0.004816
0.008546
0.003450
-0.016032
0.005638
0.014435
-0.015083
-0.005444
0.038890
-0.058406
-0.009937
0.125678
-0.069369
0.003068
-0.014054
0.002608
0.004924
0.003998
0.004470
-0.007136
-0.007521
0.037123
-0.020256
-0.017490
0.013556
0.019719
-0.007820
-0.011370
0.004066
0.004515
0.004263
-0.009688
-0.006311
0.011814
0.011630
-0.020955
0.013749
-0.009825
0.004777
0.000842
0.002356
-0.006372
0.002410
-0.004154
0.003655
-0.003292
0.005343
0.002207
-0.013662
0.008183
0.010745
-0.015763
-0.006543
0.019233
-0.002873
-0.012917
0.002038
0.009169
-0.006518
-0.004144
0.000554
0.009671
-0.006710
0.003895
-0.011402
0.006055
0.001862
-0.002784
-0.011161
0.015505
-0.003643
-0.003838
-0.007952
0.004632
0.005618
-0.005564
-0.007096
0.007802
0.001093
0.002545
-0.019016
0.012804
0.005641
-0.017598
0.005852
0.005038
-0.010150
0.004227
-0.004293
0.008002
-0.012891
0.003531
0.008464
-0.012617
0.009901
-0.005740
-0.008633
0.005947
0.005177
-0.010815
-0.003628
0.012489
-0.005478
-0.000668
-0.004852
0.010984
-0.007655
-0.005878
0.006814
-0.001118
0.005704
-0.005988
-0.005213
-0.006369
0.022443
-0.020882
0.003784
0.009049
-0.005050
-0.016904
0.021062
-0.012040
0.003015
-0.002624
-0.001202
0.004982
-0.002655
0.002905
-0.016112
0.004182
0.024984
-0.028034
-0.004963
0.021202
-0.016933
0.004194
-0.007699
0.015221
-0.016694
0.002313
0.000781
0.002657
-0.003099
0.008833
-0.017156
0.006314
0.011663
-0.021978
0.013738
0.003246
-0.014597
0.016083
-0.015991
0.004046
0.007855
-0.008722
-0.006329
0.009591
-0.003338
-0.003527
-0.000355
-0.007461
0.020249
-0.023635
0.002144
0.018078
-0.021307
0.006933
-0.005742
0.002149
0.005304
-0.013596
0.008448
0.002355
-0.004356
0.001523
-0.013464
0.013234
0.001775
-0.007096
-0.010670
0.022765
-0.018275
0.002383
-0.001015
0.005903
-0.000648
-0.005196
-0.010738
0.019340
-0.005432
-0.000642
-0.019686
0.021529
-0.002524
-0.013987
-0.001656
0.018735
-0.010040
0.003015
-0.005319
-0.002078
0.002470
-0.002521
0.001832
-0.000597
0.003115
-0.002020
-0.010366
0.004690
0.009064
-0.008812
-0.008108
0.020610
-0.012369
-0.003797
0.002940
-0.006893
0.016839
-0.017802
0.002152
0.012747
-0.008832
0.003198
0.000402
-0.005476
0.014449
-0.023173
0.003965
0.020631
-0.013800
-0.000277
0.000212
0.002873
-0.004129
0.000192
-0.005145
0.010199
-0.002720
-0.001490
-0.008279
0.004435
0.011390
-0.012453
-0.004335
0.020612
-0.011353
-0.002185
-0.006501
0.012650
-0.008667
-0.001900
0.004317
0.004448
-0.002293
0.001065
-0.008772
0.017393
-0.003443
-0.007374
0.008305
0.002654
0.001519
-0.017084
0.015548
-0.002909
-0.005834
0.008303
-0.009550
0.010001
0.002308
-0.000372
-0.018159
0.015854
0.011177
-0.018508
0.005379
0.000514
0.025512
-0.024500
-0.032254
0.020421
0.014073
-0.001864
-0.013257
0.005020
0.005684
0.006856
-0.024680
0.015443
0.016074
-0.024641
0.011013
0.010618
-0.003817
-0.010144
0.006220
0.002709
0.006277
-0.016055
0.009657
0.000037
-0.005620
0.007840
-0.008890
0.005001
0.011593
-0.014609
0.002040
0.010530
-0.009922
0.003761
-0.003060
-0.002604
0.009559
-0.003174
-0.001593
0.002197
-0.002893
0.002403
-0.006766
0.008210
-0.001920
0.001161
-0.013986
0.031996
-0.022773
-0.000960
0.001454
0.006538
-0.002989
0.003414
-0.007056
-0.003047
0.013788
-0.002429
-0.017485
0.015351
0.003040
-0.007726
-0.010238
0.015610
-0.005334
-0.001517
0.003729
-0.004317
0.001832
-0.009767
0.002968
0.014115
-0.008089
-0.004418
0.001755
0.003131
0.002743
-0.007444
-0.012037
0.023956
-0.017208
0.004964
-0.001312
0.004603
-0.003750
-0.004294
0.004850
-0.005130
0.013264
-0.009087
-0.006844
0.002091
0.008310
-0.013897
0.007399
0.003221
-0.005660
-0.003542
0.007586
-0.004787
0.000571
-0.013032
0.012396
0.000810
0.005208
-0.004999
-0.011752
0.007676
0.011320
-0.023023
0.001021
0.013987
-0.006828
-0.003940
0.002300
-0.006680
0.010420
-0.006490
-0.000805
0.003439
-0.001676
0.001701
-0.009785
0.006785
0.004458
-0.015280
0.004234
0.014405
-0.011630
-0.006948
0.004432
0.007402
-0.006051
0.003369
-0.005613
-0.001219
0.007369
0.001590
-0.011572
0.004492
0.010879
-0.016933
0.002208
0.015578
-0.000012
-0.009372
0.002088
0.007748
0.001355
-0.009966
0.004645
0.002119
0.006768
-0.009605
-0.004274
-0.000502
0.024888
-0.026744
0.002602
0.014043
-0.008064
-0.002706
-0.000747
0.012450
-0.017094
0.008397
-0.001976
0.000944
-0.000644
0.001711
-0.002182
-0.006739
0.017366
-0.019188
0.002268
0.015195
-0.010705
-0.001032
-0.004063
0.011190
-0.007655
0.002013
-0.005483
0.012181
-0.003786
-0.002877
-0.009316
0.007881
0.006827
-0.005873
-0.008740
0.008504
0.001915
-0.009802
0.012509
-0.015527
0.013958
-0.005022
-0.003011
-0.002703
0.009626
-0.004574
-0.014958
0.014127
0.006055
-0.019063
0.001625
0.019566
-0.016446
-0.001560
-0.001580
0.007879
-0.003384
-0.008860
0.004893
-0.004242
0.006762
-0.004007
0.002039
-0.009343
0.021765
-0.021918
0.007801
0.000155
0.003199
-0.010899
0.009898
-0.006155
0.008418
-0.015956
0.004751
0.004434
-0.005246
0.003601
-0.003566
-0.003789
0.022186
-0.035025
0.012768
0.008403
-0.006625
-0.011483
0.017962
-0.014358
0.011666
-0.024775
0.032793
-0.053006
0.074110
-0.063716
0.028849
-0.009642
0.008342
-0.015753
0.006058
0.002566
-0.001452
-0.004556
0.001250
0.003352
-0.007928
-0.002162
0.005727
0.001372
0.002897
-0.004611
-0.007122
0.007945
0.004589
-0.019355
0.010333
0.003752
-0.008582
-0.003982
0.005773
-0.000255
0.001280
-0.005727
-0.005745
0.008747
-0.000784
-0.002822
-0.011755
0.016394
-0.002059
-0.010111
0.003876
0.002615
-0.006277
0.000697
-0.003039
0.009762
-0.010615
0.000683
0.004690
-0.007369
0.013249
-0.012348
-0.006753
0.008083
0.009910
-0.021706
0.002523
0.014872
-0.017036
0.009857
-0.024009
0.024315
-0.008035
0.008528
-0.069512
0.133071
-0.117394
0.042076
-0.030427
0.006478
0.005491
-0.012926
0.002009
-0.000807
0.011423
-0.022987
0.018029
-0.019008
0.003360
-0.002528
0.001059
-0.009985
0.005015
-0.005265
-0.004641
-0.001403
-0.001632
0.000315
-0.016082
0.015130
-0.005154
-0.014385
0.003601
-0.002420
-0.009971
0.002400
-0.004054
-0.002219
-0.003457
-0.000129
-0.008330
-0.002472
0.007274
-0.017594
-0.002324
0.012466
-0.019272
0.000507
-0.000195
-0.002169
-0.005461
-0.011312
0.001194
0.001709
0.000683
-0.005046
-0.010416
0.009591
0.000073
-0.013629
-0.003812
0.004441
-0.004138
-0.013147
0.005593
-0.006752
0.005143
-0.038829
0.057569
-0.073721
0.045957
-0.076427
0.269290
-0.619134
0.710052
