-0.198731
0.040185
-0.036886
0.010193
0.015418
-0.001881
-0.014056
0.007506
0.027560
-0.045661
0.063233
-0.043997
0.018003
0.005817
-0.002385
0.000756
0.012953
-0.020320
0.022995
0.000115
-0.021675
0.034475
-0.016077
0.001573
0.021596
-0.028265
0.017726
0.007544
0.001530
-0.010812
0.010499
0.008638
0.000104
-0.006108
-0.005528
0.023793
-0.014899
0.015839
-0.014611
0.015529
0.006416
-0.015123
0.014253
-0.000738
0.002220
0.001916
0.003008
-0.000988
0.007847
-0.009048
0.023721
-0.012454
0.001341
0.008441
-0.006242
-0.006030
0.052922
-0.065993
-0.005770
0.099563
0.181557
-0.559207
1.274394
0.883799
0.054186
0.243473
0.207011
0.156226
0.058134
0.049659
0.053468
0.089571
0.038788
0.166295
-0.023533
0.023431
0.180940
0.024994
0.015766
0.067495
0.067548
0.042090
0.073457
0.017459
0.087342
0.018237
0.047743
0.096667
0.000755
0.053226
0.078568
0.041398
0.019713
0.053305
0.043428
0.041741
0.061033
0.023953
0.051068
0.025858
0.051587
0.032466
0.032036
0.058400
0.032190
0.030291
0.028148
0.052113
0.034072
0.031679
0.025576
0.049997
0.023070
0.035321
0.039690
0.033195
0.025933
0.035957
0.041359
0.007826
0.050288
0.013806
0.032854
0.031770
0.033872
0.010423
0.037871
0.030818
0.039962
0.003117
0.044166
0.019266
0.018033
0.050058
0.006027
0.012471
0.046887
0.014621
0.033083
0.018800
0.024091
0.016422
0.017284
0.045374
0.018103
0.000603
0.033665
0.033685
0.011486
0.019928
0.026917
0.020708
0.020765
0.026425
0.016077
0.008089
0.023706
0.024715
0.016802
0.023672
0.000396
0.031959
0.017103
0.029603
0.005030
0.014568
0.010923
0.033148
0.007433
0.000564
0.024992
0.014703
0.024850
0.014012
0.015353
0.010742
0.010890
0.017001
0.035315
-0.010903
0.010055
0.039483
0.006593
0.007527
0.011685
0.003384
0.019364
0.028018
0.005399
0.013482
-0.008688
0.043899
0.002352
0.005530
0.015298
0.008705
0.014014
0.010625
0.019349
0.001967
0.014216
0.012018
0.012507
0.015695
-0.011788
0.028020
0.003569
0.028453
-0.015343
0.014476
0.013924
0.015126
0.005655
0.006920
0.014793
-0.006873
0.021498
0.009631
-0.000200
0.023585
-0.007291
0.015855
0.011401
0.000950
0.003857
0.019962
0.001606
0.016526
-0.006675
0.020483
0.003095
0.009402
0.009259
-0.003294
0.011851
0.016058
0.008988
-0.011599
0.011457
0.015109
0.005168
-0.003818
0.013469
0.010335
-0.014856
0.040579
-0.018854
0.025541
-0.012678
0.018039
0.007801
0.008389
-0.013940
0.023574
0.003931
0.006303
0.017315
-0.025613
0.036924
-0.005693
-0.005115
0.022015
-0.006543
0.011880
0.012037
-0.008679
0.013905
0.007959
-0.011436
0.022439
0.005492
0.004908
0.003044
-0.019222
0.038407
0.001657
-0.012374
0.006611
0.020803
-0.009223
0.007797
-0.007735
0.014382
0.015094
-0.010499
0.009161
-0.000623
0.014846
-0.001736
0.003386
0.003535
0.012407
-0.012925
0.017229
0.002726
-0.002669
0.013137
-0.005649
0.003080
0.016532
-0.003549
-0.004232
0.011985
0.005182
0.004664
-0.012469
0.017034
0.003842
-0.001751
-0.000994
0.006146
0.006821
-0.004057
0.008094
0.003147
0.001602
-0.001740
0.006913
0.000822
0.007406
-0.008375
0.013932
-0.000675
0.001613
-0.000117
0.013566
-0.006723
0.003104
0.011571
-0.006645
0.005736
0.001665
-0.005371
0.015948
-0.011554
0.020691
-0.005994
-0.004066
0.021201
-0.014588
-0.012928
0.025385
0.002830
-0.006584
0.003053
0.002330
0.011083
-0.009727
0.016606
-0.007446
0.002345
0.002308
0.005496
-0.014948
0.023878
-0.006274
-0.006943
0.016613
-0.006943
0.009174
-0.010820
0.003291
0.013148
0.003655
-0.011656
0.003248
0.005295
0.010902
-0.009317
0.001824
0.014101
-0.004069
-0.010495
0.018150
-0.009038
-0.002298
0.008187
0.005842
0.004061
-0.002843
-0.002961
0.004771
0.006466
-0.004665
-0.001569
-0.001005
0.022663
-0.010293
-0.014571
0.016759
0.008714
-0.002170
0.004302
-0.010260
0.017926
-0.003665
-0.000163
-0.000893
0.000732
0.014881
-0.007024
-0.010198
0.022104
-0.009321
-0.002519
0.008419
0.006051
-0.000243
-0.017827
0.024975
-0.002542
-0.000517
-0.005496
0.006084
0.002155
0.012818
-0.014118
0.001368
0.000032
0.011104
-0.007533
0.013493
-0.009964
-0.001130
0.010110
0.002522
-0.003683
0.001489
0.007472
-0.006735
-0.000016
0.016810
-0.004280
-0.013501
0.014705
0.002511
-0.018599
0.021503
-0.007807
0.010779
-0.003343
-0.006839
0.011712
-0.002529
0.003032
0.004900
-0.009972
0.006464
0.000748
-0.004045
0.009181
-0.003843
-0.001619
0.010847
-0.001496
-0.002876
-0.002364
-0.001297
0.017151
-0.017480
0.014949
-0.014636
0.005875
0.017859
-0.006021
-0.009100
-0.001712
0.014741
-0.007668
0.006414
-0.012439
0.020358
-0.010033
0.000917
0.005316
0.004559
-0.014793
0.015611
-0.012961
0.020257
-0.020883
0.004810
0.020042
-0.013402
-0.001153
0.001045
0.011929
-0.012266
0.005100
-0.001211
0.010552
0.001147
-0.015660
0.006289
0.006246
0.001632
0.004526
-0.014519
0.025759
-0.014561
-0.004833
0.010315
0.002885
-0.017150
0.018593
-0.009869
0.013738
0.000964
-0.019514
0.011554
0.000980
0.015122
-0.011476
-0.001861
0.005595
0.006435
-0.017180
0.013052
0.010432
-0.018738
0.017378
-0.013222
0.010348
0.000539
-0.001853
0.002073
0.001820
0.005841
-0.010705
-0.006758
0.026483
-0.013213
0.001079
0.000076
0.012078
-0.012668
-0.003230
0.001987
0.009284
-0.000229
-0.003227
-0.001562
0.006773
0.006243
-0.009489
-0.013452
0.025253
0.001847
-0.013851
0.007604
-0.008076
0.014811
-0.006542
0.007418
-0.012735
0.019101
-0.009144
0.005278
-0.008340
0.004000
0.006837
-0.005905
0.011764
-0.002989
-0.012379
0.011571
0.018336
0.002718
-0.020966
0.004274
0.015538
-0.001984
0.002652
-0.014111
0.018551
-0.003010
0.010302
-0.021638
0.016525
-0.003107
0.003701
0.007970
-0.009047
0.004520
-0.003348
0.002020
0.011200
-0.006905
0.003009
0.005510
-0.016939
0.015167
0.004079
-0.012716
0.012673
0.011479
-0.027813
0.020972
-0.009068
0.017866
-0.007258
-0.006351
0.011116
-0.003889
0.004206
-0.004418
-0.000851
0.017026
-0.008024
-0.006991
0.011848
0.002491
-0.003087
0.008139
-0.011425
0.006475
0.002390
-0.000243
0.002865
0.007949
-0.004795
0.006729
-0.015616
0.022360
-0.017598
0.004311
0.018077
-0.004596
-0.007004
0.011078
-0.003507
0.002129
0.002484
0.000590
0.006832
-0.005081
0.003965
-0.002141
0.003550
0.009490
-0.008290
-0.015223
0.028906
-0.006677
-0.008192
0.004975
0.006844
0.003221
-0.011666
0.012681
-0.000322
0.006284
-0.016279
0.019831
-0.014909
0.022181
-0.019121
0.004688
0.016665
-0.001414
-0.020293
0.016527
0.004158
-0.013100
0.014892
-0.005054
0.012250
-0.014868
0.019973
-0.022448
0.014158
0.011963
-0.005389
-0.011613
0.014523
-0.005537
-0.000490
0.012659
-0.009699
0.007228
-0.004686
0.002361
0.004029
-0.013264
0.023223
-0.011220
0.008458
0.004378
-0.006956
-0.015795
0.035620
-0.015848
-0.007848
0.011207
0.002306
0.002599
-0.002837
-0.007495
0.006823
0.008254
0.004224
-0.012436
0.009796
0.002898
0.009944
-0.014405
0.008174
0.002599
0.001779
-0.012440
0.021595
-0.017557
0.024433
-0.021095
0.029785
-0.012787
0.001561
-0.007052
0.007135
0.002739
-0.004480
-0.001208
0.009102
0.004404
-0.009357
0.008793
0.007885
-0.004071
0.008341
-0.004072
0.005928
0.006879
-0.006119
0.002581
-0.002292
0.012153
0.003881
-0.016234
0.019048
-0.010023
0.007324
-0.003314
0.018384
-0.017103
0.019438
-0.011772
0.009451
0.007085
-0.001648
-0.008891
0.003877
0.018795
-0.010811
-0.009602
0.026546
-0.008034
-0.003793
0.001869
0.016935
-0.012423
-0.001324
0.002826
0.009255
0.001105
-0.005227
0.004432
0.004878
-0.001031
-0.003515
0.002336
0.011995
-0.003573
0.004333
-0.007804
0.010231
-0.005203
0.009852
-0.008531
0.011644
-0.005041
0.002152
0.003657
-0.000116
0.014224
-0.019435
0.012129
0.006922
0.006136
-0.021511
0.018595
-0.000230
-0.006664
0.006521
0.003892
0.008497
-0.008833
0.002267
-0.000070
0.008879
-0.002278
0.007342
-0.020761
0.027094
-0.005388
-0.007155
0.015100
-0.002031
-0.000212
-0.006938
0.000720
0.016043
-0.001360
-0.016397
0.028365
-0.016835
0.015724
-0.015098
-0.001312
0.033688
-0.021178
-0.001891
0.002500
0.017403
-0.013028
-0.001481
0.005796
0.004728
0.001401
-0.005440
0.003636
-0.003990
0.010990
0.004694
-0.009568
0.009844
0.003053
-0.006981
0.002007
0.017566
-0.013721
0.002523
-0.005776
0.018982
-0.006846
0.001876
0.002973
-0.006230
0.017740
-0.017439
0.004249
0.018789
-0.002966
-0.012575
0.014776
-0.003636
-0.004942
0.015389
-0.010826
0.008066
0.003984
-0.010433
0.016286
-0.016053
0.027740
-0.015274
-0.006612
0.018326
-0.005382
-0.009144
0.012233
0.006357
-0.007481
0.009717
-0.015013
0.016846
-0.007368
0.020961
-0.020070
0.009452
0.005390
0.009513
-0.011396
0.010580
-0.003935
-0.002900
0.005259
0.001234
0.014322
-0.018763
0.012946
-0.008816
0.021440
-0.019638
0.005097
0.002786
0.011756
-0.002841
-0.018876
0.031058
-0.005971
-0.001598
-0.003297
0.013242
-0.004052
-0.002195
0.010923
-0.002885
0.005786
-0.003450
-0.001043
0.005096
0.005741
-0.004864
-0.004544
0.015120
0.007102
-0.013255
0.001771
0.003444
0.001292
0.007104
-0.011440
0.014517
0.003413
-0.006726
0.006557
-0.002010
0.008521
-0.012065
0.015012
-0.006958
0.005059
-0.001209
0.010656
-0.003608
-0.008532
0.013884
0.000323
-0.001183
0.004857
-0.006554
0.005342
-0.003622
0.020009
-0.012831
0.004515
0.019989
-0.002131
0.006709
-0.007128
0.016564
-0.006158
0.018293
-0.059026
0.084593
-0.035921
-0.026956
0.030807
-0.007012
0.005352
-0.001111
-0.006199
0.025965
-0.019358
-0.006442
0.023773
-0.001594
0.002971
0.034270
-0.031861
0.011160
0.012794
0.001605
-0.015263
0.013533
-0.002705
0.016043
-0.026064
0.023207
0.009341
-0.021168
0.011644
0.004258
0.003944
-0.010279
0.010329
-0.000099
0.017685
-0.024534
0.016841
-0.006626
0.013236
-0.013257
0.010508
-0.003181
0.005824
-0.009760
0.011983
-0.000314
0.010897
-0.014640
-0.002849
0.019761
-0.010243
0.001719
0.001091
0.006225
-0.006440
0.010077
-0.012201
0.015558
-0.006879
0.001619
-0.002991
0.006118
0.003027
-0.016955
0.025347
-0.025742
0.027610
-0.050567
0.182061
-0.408962
0.477602
