-0.126871
0.025145
-0.019437
-0.007082
0.015502
-0.005863
-0.001966
-0.008241
0.042341
-0.062663
0.062382
-0.021809
-0.011399
0.004826
0.001414
0.006572
0.004955
-0.014426
0.009422
0.002415
-0.016884
0.035737
-0.030145
0.005004
0.014028
-0.011235
0.012353
-0.010155
0.007428
0.004545
-0.002266
-0.002342
0.009416
-0.015905
0.022207
-0.015479
-0.000094
0.002869
0.008712
-0.015396
0.015909
-0.005823
-0.007460
0.013897
0.000232
-0.009819
0.006719
0.006331
-0.008745
0.003100
0.008894
-0.007130
0.004654
-0.003917
0.006540
-0.020380
0.051883
-0.051026
-0.000793
0.019251
0.259739
-0.439422
0.999722
0.868058
0.124643
0.060448
0.181413
0.183389
0.043412
-0.009662
0.047946
0.103674
0.032197
0.084761
0.025678
0.001663
0.140974
0.047514
0.018210
0.015817
0.103620
0.021686
0.049896
0.036871
0.065530
0.025422
0.037947
0.075040
-0.002013
0.041853
0.059312
0.060004
-0.003536
0.060213
0.027559
0.049367
0.045838
0.011520
0.055157
0.018156
0.056466
0.011776
0.025773
0.037359
0.052255
-0.000790
0.041340
0.041014
0.047212
0.006084
0.022849
0.045457
0.034411
-0.006527
0.058887
0.011265
0.039965
0.006111
0.033647
0.036013
0.032937
0.000466
0.040810
0.022535
0.020458
0.032152
0.003619
0.048652
0.011719
0.020943
0.019316
0.014031
0.034689
0.004284
0.052909
-0.002060
0.030008
-0.007009
0.077684
-0.011898
0.017709
0.019702
0.029316
0.023441
0.000064
0.033148
0.008165
0.018553
0.016590
0.023338
0.000381
0.036766
0.007471
0.007610
0.031801
-0.000967
0.033782
-0.010951
0.019138
0.037281
-0.007895
0.004761
0.030077
0.011039
0.012640
0.012900
0.005995
0.004760
0.031645
-0.008026
0.023879
0.008205
0.012579
0.017794
-0.003199
0.013960
0.007609
0.004092
0.035951
-0.002935
-0.001994
0.012464
0.022467
0.000442
0.011440
0.006212
0.006407
0.005655
0.030595
-0.000489
0.012863
0.006351
0.012418
-0.009693
0.028906
0.006322
0.015262
-0.015291
0.018399
0.011921
0.012501
0.001584
-0.008231
0.038786
-0.016759
0.024168
-0.011659
0.019855
-0.001075
0.015095
0.002455
0.018198
-0.020359
0.037523
-0.013452
0.012595
0.003542
0.007885
0.008040
0.008619
-0.004419
0.021841
0.001413
-0.000514
0.007109
0.002493
0.004625
0.012322
-0.001345
0.004560
0.005731
-0.005544
0.020075
-0.014063
0.011508
-0.002541
0.014801
0.008308
-0.006126
0.019235
0.007986
-0.005824
0.018354
-0.009371
0.007218
-0.004380
0.016514
0.001066
0.002882
-0.005213
0.024925
-0.003205
-0.005956
0.019727
-0.017384
0.018391
-0.005177
0.003454
0.004616
0.006244
-0.005551
0.016074
0.000193
-0.001980
0.007465
-0.000292
0.007813
-0.007860
0.009485
0.005573
-0.011951
0.011759
-0.001964
0.000553
0.011465
0.004469
-0.020931
0.028429
-0.001322
-0.013166
0.007103
0.006394
-0.004161
0.012719
-0.009094
-0.010118
0.012809
0.013206
-0.027308
0.023921
-0.013304
0.023496
-0.019167
0.002757
-0.011964
0.029163
-0.018655
0.008357
0.007956
-0.017317
0.017486
0.005791
0.000112
-0.015095
0.011432
0.002580
0.010238
-0.016308
0.011028
-0.007783
0.015389
-0.005823
-0.007318
0.002202
0.017221
-0.011513
-0.004423
0.007687
0.012210
-0.000733
0.001443
-0.020229
0.027814
-0.010023
0.007310
0.002461
-0.002905
-0.011008
0.025753
-0.015323
0.014570
-0.024438
0.018904
0.003960
-0.012393
0.014010
-0.020285
0.004030
0.007803
0.021281
-0.039167
0.000981
0.027279
-0.004605
-0.013476
-0.001260
0.009036
0.024446
-0.018301
-0.008715
0.000190
0.031445
-0.026668
-0.001323
-0.006301
0.021090
-0.014252
0.011411
-0.010118
-0.004706
0.001405
-0.002382
0.008236
-0.012806
0.012078
-0.001016
0.003429
-0.005909
-0.013661
0.020547
-0.001860
-0.009561
-0.008843
0.002141
0.014910
-0.003091
-0.008513
-0.004156
0.010837
0.013636
-0.025675
0.008750
-0.011319
0.006611
-0.003123
-0.006415
0.014225
-0.001202
-0.008453
-0.004502
0.009485
-0.017304
0.006775
0.003253
0.006819
-0.016471
-0.005153
0.024280
-0.022479
0.010093
-0.005241
-0.000924
0.004007
-0.008031
-0.002601
0.004452
0.002545
-0.004473
0.010802
-0.020286
0.034103
-0.037884
0.025803
-0.014816
-0.012348
0.015991
-0.005304
-0.006957
0.007641
-0.003105
-0.004962
0.008039
-0.004751
0.000316
0.008986
-0.023253
0.020941
-0.014190
0.004271
-0.008626
0.005069
-0.001775
0.006511
-0.008992
0.001358
0.005556
-0.020121
0.035335
-0.023644
0.022191
-0.019704
0.008518
-0.007161
0.010532
-0.007162
-0.012561
0.016226
-0.001902
-0.003923
-0.019203
0.029773
-0.019101
0.008280
-0.017160
0.022179
-0.008533
-0.010755
0.016444
-0.009593
-0.004369
0.002197
0.001624
-0.004114
0.004032
-0.009998
0.013066
-0.008730
0.010125
-0.023404
0.005127
0.000978
0.007344
-0.007262
-0.005737
0.002163
0.018741
-0.028695
0.002740
-0.000915
0.020858
-0.010166
-0.027352
0.030155
-0.014778
-0.003160
-0.000114
0.000660
0.004665
-0.019265
0.011239
0.006857
-0.017361
0.013708
-0.017504
0.020331
-0.011375
-0.000261
-0.024810
0.040344
-0.026700
-0.000565
-0.002715
0.016240
-0.018530
0.011227
-0.019702
0.006614
0.004244
-0.005068
0.004538
-0.015322
0.021545
-0.016377
0.021111
-0.025901
0.020147
-0.002464
-0.001562
-0.003365
-0.006712
0.000191
-0.005150
0.006473
-0.000022
0.002469
-0.012720
0.012143
-0.003301
-0.007326
-0.005843
0.017818
-0.017399
0.000255
-0.001203
0.024453
-0.025731
-0.002472
0.000491
0.005991
-0.003685
0.002942
-0.001904
-0.010995
0.007611
0.008296
-0.016133
0.005573
-0.000782
-0.011740
0.008304
-0.014302
0.021558
-0.015535
-0.012925
0.034426
-0.018898
-0.005665
-0.000742
0.001935
0.011769
0.003967
-0.017110
0.006065
0.022247
-0.023769
0.014984
-0.025580
0.018955
-0.006602
-0.001300
-0.007558
0.016740
-0.020310
0.003280
0.010474
-0.000796
-0.015216
0.005247
0.007515
0.000356
-0.032158
0.023900
0.007236
-0.013252
0.014552
-0.009512
-0.000979
-0.004027
0.011693
-0.006368
-0.005928
-0.003929
0.023305
-0.029183
0.023487
-0.019594
0.000405
0.008348
0.003970
-0.012723
-0.006124
0.009251
-0.010753
0.017682
-0.022508
0.026780
-0.028904
0.020325
-0.013187
-0.001096
0.013378
-0.014461
0.013646
-0.026316
0.023413
-0.015825
0.018159
-0.012646
-0.003215
0.009844
-0.005605
0.005720
-0.014615
0.007330
-0.002220
-0.003180
0.008597
0.006258
-0.017307
-0.010122
0.017917
-0.000309
0.004294
-0.024167
0.013176
0.011814
-0.003829
-0.024196
0.017550
-0.001444
0.007620
-0.018671
0.012483
-0.001889
-0.003509
0.000432
0.006878
-0.013490
0.012543
-0.015412
0.015304
-0.018496
0.013652
-0.013859
0.012744
-0.001136
-0.011743
-0.003488
0.022473
-0.015313
-0.004363
0.003266
0.003176
-0.013477
0.022792
-0.033836
0.027841
0.001078
-0.020698
0.013589
-0.004585
-0.002490
0.006043
-0.006257
0.008868
-0.008034
-0.006175
0.011350
-0.002838
-0.002904
-0.006912
0.009590
-0.002251
-0.007575
0.010153
-0.010832
0.009632
-0.006738
0.005619
-0.005131
-0.001725
0.003497
-0.004802
0.001124
0.003860
0.003571
-0.017809
0.004335
0.011677
-0.009460
-0.003799
-0.003260
0.008299
0.011946
-0.018164
0.000524
0.002457
0.003275
-0.009584
0.011811
-0.011612
0.011853
-0.023673
0.023495
-0.005993
-0.009628
0.008386
-0.010356
0.005008
-0.003741
0.017956
-0.026808
0.020345
-0.012410
0.010330
-0.015062
0.022168
-0.023056
0.011362
-0.012798
0.023902
-0.005029
0.006609
0.010909
-0.009655
0.029419
-0.025559
-0.004360
0.029949
-0.013918
-0.002511
0.002839
-0.003094
-0.002290
0.008972
-0.010216
-0.004840
0.018355
-0.011097
0.018630
-0.026317
0.010527
-0.003010
0.012859
-0.005610
-0.007476
-0.001181
0.011834
-0.013361
0.015722
-0.007643
-0.000546
0.009892
0.001628
-0.012256
-0.002158
-0.004281
0.019972
-0.002898
-0.018446
0.012398
0.010708
0.000448
-0.027153
0.023137
-0.002267
0.000273
0.001769
-0.000107
-0.004655
0.003396
0.010707
-0.028988
0.019191
-0.004754
0.000746
0.007315
-0.003815
0.002878
0.002842
-0.014670
0.012254
-0.004910
-0.009801
0.024487
-0.015591
-0.002485
0.004204
-0.001011
0.011737
-0.007274
-0.018832
0.025552
0.011582
-0.045591
0.040700
-0.019664
0.006947
-0.001805
0.003524
-0.009277
0.026028
-0.032474
0.017816
-0.017030
0.017658
0.003700
-0.018687
0.019615
0.003637
-0.021389
0.001322
0.020717
-0.014573
0.000823
0.009484
-0.007601
0.004292
0.008293
-0.021911
0.017428
0.006059
-0.010006
-0.009043
0.009974
0.008815
-0.012178
0.014837
-0.028993
0.040967
-0.033992
0.017039
-0.009974
0.004464
0.005435
-0.010789
0.018103
-0.014835
0.007220
-0.009543
0.020884
-0.006690
-0.006809
-0.000923
0.009931
0.002086
-0.009684
0.006218
-0.007254
0.017310
-0.019283
0.014544
-0.031200
0.051019
-0.025175
0.009856
-0.013297
0.002385
0.011803
-0.013109
0.013951
-0.008881
0.012908
-0.014619
0.011697
-0.009963
0.000637
0.000041
-0.001370
0.021205
-0.026669
0.018606
0.002798
-0.001456
-0.007583
-0.000815
0.000482
0.014485
-0.010953
0.010411
-0.026604
0.049045
-0.042860
0.008636
0.003886
0.007011
-0.003489
-0.001431
0.004913
-0.002404
-0.007049
0.001452
0.009583
-0.018059
0.023453
-0.007834
-0.005636
0.012769
-0.015968
0.012296
-0.002884
0.019901
-0.024952
0.005136
0.002732
0.009918
-0.006231
-0.022461
0.035894
-0.008672
-0.001454
-0.005625
0.004006
-0.004616
0.017705
-0.019435
0.008482
0.007057
0.001374
-0.018061
0.019154
-0.000658
-0.007609
0.004471
-0.002698
0.013075
-0.011522
0.001388
0.009233
-0.014799
0.012251
-0.003226
0.005831
-0.002279
-0.000876
-0.008575
0.018394
-0.004759
-0.003572
-0.004047
0.009815
-0.001152
0.019989
-0.063593
0.064892
-0.011425
-0.016774
0.000887
-0.004894
0.021315
-0.004853
-0.020518
0.009518
0.021503
-0.013290
-0.001714
0.002018
0.003303
0.005552
-0.018805
0.022153
-0.021288
0.018199
-0.020057
0.024638
-0.029914
0.025839
-0.013113
0.009608
0.000893
-0.010898
0.016847
-0.014861
0.011404
-0.018797
0.028195
-0.024949
0.016680
-0.009208
0.003276
-0.010488
0.016397
0.000945
-0.014010
0.021195
-0.025270
0.027495
-0.030261
0.020530
-0.005342
0.007451
-0.011372
-0.004345
0.017541
-0.010186
-0.003884
0.012910
-0.004911
-0.007835
0.006672
-0.003037
0.010330
-0.015617
0.011680
-0.003796
0.004275
-0.014142
0.020765
-0.021070
0.013821
-0.029485
0.120563
-0.268316
0.308130
