-0.000764
-0.000745
-0.000728
-0.000714
-0.000703
-0.000695
-0.000689
-0.000684
-0.000681
-0.000678
-0.000674
-0.000668
-0.000659
-0.000645
-0.000623
-0.000593
-0.000550
-0.000492
-0.000414
-0.000313
-0.000182
-0.000017
0.000191
0.000450
0.000768
0.001156
0.001626
0.002191
0.002865
0.003663
0.004602
0.005699
0.006974
0.008444
0.010130
0.012050
0.014223
0.016666
0.019396
0.022427
0.025768
0.029429
0.033412
0.037717
0.042338
0.047262
0.052473
0.057947
0.063654
0.069558
0.075618
0.081786
0.088011
0.094236
0.100404
0.106451
0.112318
0.117942
0.123263
0.128226
0.132777
0.136870
0.140463
0.143525
0.146029
0.147959
0.149307
0.150074
0.150270
0.149912
0.149027
0.147647
0.145809
0.143557
0.140938
0.138001
0.134796
0.131376
0.127789
0.124085
0.120310
0.116505
0.112709
0.108958
0.105280
0.101701
0.098243
0.094920
0.091744
0.088725
0.085865
0.083166
0.080627
0.078243
0.076009
0.073918
0.071961
0.070130
0.068416
0.066808
0.065299
0.063879
0.062540
0.061275
0.060075
0.058935
0.057848
0.056809
0.055814
0.054859
0.053940
0.053054
0.052198
0.051370
0.050568
0.049790
0.049034
0.048299
0.047583
0.046886
0.046205
0.045540
0.044891
0.044255
0.043631
0.043020
0.042420
0.041830
0.041249
0.040677
0.040114
0.039557
0.039008
0.038466
0.037930
0.037400
0.036876
0.036358
0.035846
0.035339
0.034837
0.034342
0.033852
0.033367
0.032889
0.032416
0.031949
0.031489
0.031034
0.030585
0.030143
0.029706
0.029275
0.028850
0.028431
0.028018
0.027610
0.027207
0.026810
0.026417
0.026030
0.025647
0.025269
0.024896
0.024527
0.024163
0.023803
0.023447
0.023095
0.022749
0.022406
0.022068
0.021735
0.021407
0.021083
0.020765
0.020452
0.020144
0.019841
0.019544
0.019252
0.018966
0.018686
0.018411
0.018142
0.017879
0.017620
0.017368
0.017120
0.016878
0.016640
0.016408
0.016179
0.015955
0.015735
0.015519
0.015306
0.015096
0.014890
0.014686
0.014484
0.014285
0.014087
0.013891
0.013697
0.013504
0.013312
0.013122
0.012932
0.012744
0.012556
0.012370
0.012185
0.012001
0.011818
0.011637
0.011457
0.011279
0.011104
0.010930
0.010759
0.010591
0.010425
0.010263
0.010103
0.009947
0.009795
0.009646
0.009501
0.009359
0.009221
0.009086
0.008955
0.008827
0.008702
0.008581
0.008462
0.008346
0.008232
0.008120
0.008010
0.007902
0.007796
0.007690
0.007586
0.007482
0.007379
0.007276
0.007173
0.007071
0.006968
0.006866
0.006763
0.006661
0.006558
0.006455
0.006351
0.006248
0.006144
0.006041
0.005937
0.005834
0.005731
0.005628
0.005525
0.005423
0.005322
0.005221
0.005121
0.005022
0.004925
0.004828
0.004733
0.004639
0.004547
0.004456
0.004367
0.004280
0.004195
0.004111
0.004029
0.003949
0.003870
0.003793
0.003718
0.003644
0.003572
0.003502
0.003432
0.003364
0.003296
0.003230
0.003164
0.003099
0.003034
0.002970
0.002906
0.002842
0.002778
0.002715
0.002651
0.002587
0.002523
0.002460
0.002396
0.002332
0.002269
0.002205
0.002142
0.002079
0.002016
0.001954
0.001892
0.001830
0.001770
0.001709
0.001650
0.001592
0.001534
0.001477
0.001422
0.001367
0.001314
0.001262
0.001212
0.001163
0.001115
0.001069
0.001025
0.000983
0.000942
0.000904
0.000868
0.000833
0.000801
0.000771
0.000743
0.000717
0.000693
0.000671
0.000651
0.000632
0.000615
0.000600
0.000586
0.000572
0.000560
0.000548
0.000536
0.000525
0.000513
0.000501
0.000489
0.000476
0.000462
0.000447
0.000430
0.000413
0.000395
0.000375
0.000355
0.000333
0.000310
0.000286
0.000262
0.000237
0.000211
0.000185
0.000159
0.000133
0.000108
0.000082
0.000057
0.000032
0.000008
-0.000016
-0.000038
-0.000060
-0.000081
-0.000102
-0.000121
-0.000139
-0.000157
-0.000173
-0.000189
-0.000203
-0.000217
-0.000230
-0.000241
-0.000252
-0.000262
-0.000271
-0.000279
-0.000285
-0.000291
-0.000296
-0.000300
-0.000304
-0.000306
-0.000308
-0.000309
-0.000310
-0.000310
-0.000310
-0.000310
-0.000310
-0.000310
-0.000311
-0.000312
-0.000314
-0.000316
-0.000319
-0.000323
-0.000329
-0.000335
-0.000342
-0.000351
-0.000361
-0.000371
-0.000383
-0.000396
-0.000409
-0.000424
-0.000439
-0.000455
-0.000472
-0.000489
-0.000506
-0.000524
-0.000543
-0.000561
-0.000580
-0.000599
-0.000618
-0.000637
-0.000656
-0.000675
-0.000694
-0.000714
-0.000733
-0.000752
-0.000771
-0.000790
-0.000810
-0.000828
-0.000847
-0.000866
-0.000885
-0.000903
-0.000921
-0.000939
-0.000956
-0.000974
-0.000991
-0.001007
-0.001024
-0.001040
-0.001056
-0.001071
-0.001086
-0.001101
-0.001115
-0.001130
-0.001143
-0.001157
-0.001170
-0.001183
-0.001196
-0.001208
-0.001220
-0.001232
-0.001243
-0.001254
-0.001265
-0.001275
-0.001285
-0.001294
-0.001303
-0.001312
-0.001320
-0.001327
-0.001335
-0.001341
-0.001348
-0.001354
-0.001359
-0.001365
-0.001370
-0.001374
-0.001378
-0.001382
-0.001386
-0.001390
-0.001393
-0.001396
-0.001399
-0.001402
-0.001404
-0.001407
-0.001410
-0.001412
-0.001415
-0.001417
-0.001419
-0.001421
-0.001424
-0.001426
-0.001428
-0.001430
-0.001432
-0.001433
-0.001435
-0.001437
-0.001438
-0.001439
-0.001441
-0.001442
-0.001442
-0.001443
-0.001443
-0.001444
-0.001444
-0.001444
-0.001444
-0.001444
-0.001444
-0.001443
-0.001443
-0.001443
-0.001442
-0.001442
-0.001442
-0.001442
-0.001442
-0.001442
-0.001443
-0.001443
-0.001444
-0.001445
-0.001446
-0.001447
-0.001448
-0.001450
-0.001451
-0.001452
-0.001453
-0.001455
-0.001456
-0.001457
-0.001458
-0.001458
-0.001459
-0.001459
-0.001459
-0.001459
-0.001458
-0.001457
-0.001456
-0.001455
-0.001453
-0.001451
-0.001448
-0.001446
-0.001443
-0.001439
-0.001436
-0.001432
-0.001428
-0.001424
-0.001420
-0.001415
-0.001411
-0.001406
-0.001401
-0.001396
-0.001391
-0.001386
-0.001381
-0.001377
-0.001372
-0.001367
-0.001362
-0.001357
-0.001352
-0.001348
-0.001343
-0.001339
-0.001335
-0.001331
-0.001327
-0.001323
-0.001319
-0.001316
-0.001313
-0.001310
-0.001307
-0.001304
-0.001302
-0.001299
-0.001297
-0.001296
-0.001294
-0.001292
-0.001291
-0.001290
-0.001288
-0.001287
-0.001286
-0.001285
-0.001284
-0.001282
-0.001281
-0.001279
-0.001277
-0.001275
-0.001273
-0.001271
-0.001268
-0.001266
-0.001263
-0.001260
-0.001257
-0.001254
-0.001251
-0.001248
-0.001245
-0.001242
-0.001239
-0.001236
-0.001234
-0.001232
-0.001231
-0.001229
-0.001228
-0.001227
-0.001227
-0.001227
-0.001227
-0.001227
-0.001228
-0.001228
-0.001229
-0.001230
-0.001231
-0.001233
-0.001234
-0.001235
-0.001236
-0.001237
-0.001238
-0.001239
-0.001240
-0.001240
-0.001241
-0.001241
-0.001241
-0.001240
-0.001240
-0.001239
-0.001238
-0.001236
-0.001235
-0.001232
-0.001230
-0.001227
-0.001224
-0.001220
-0.001217
-0.001212
-0.001208
-0.001203
-0.001197
-0.001192
-0.001186
-0.001180
-0.001174
-0.001168
-0.001161
-0.001155
-0.001148
-0.001142
-0.001135
-0.001129
-0.001123
-0.001117
-0.001111
-0.001105
-0.001099
-0.001093
-0.001088
-0.001083
-0.001077
-0.001072
-0.001067
-0.001062
-0.001057
-0.001052
-0.001047
-0.001042
-0.001038
-0.001033
-0.001028
-0.001023
-0.001018
-0.001013
-0.001009
-0.001004
-0.001000
-0.000995
-0.000991
-0.000987
-0.000983
-0.000980
-0.000976
-0.000973
-0.000969
-0.000966
-0.000963
-0.000960
-0.000957
-0.000954
-0.000951
-0.000948
-0.000945
-0.000942
-0.000939
-0.000935
-0.000932
-0.000928
-0.000924
-0.000921
-0.000917
-0.000913
-0.000909
-0.000905
-0.000901
-0.000897
-0.000893
-0.000889
-0.000885
-0.000881
-0.000877
-0.000873
-0.000869
-0.000865
-0.000862
-0.000858
-0.000853
-0.000849
-0.000845
-0.000841
-0.000836
-0.000831
-0.000826
-0.000820
-0.000814
-0.000808
-0.000801
-0.000794
-0.000786
-0.000778
-0.000770
-0.000761
-0.000752
-0.000742
-0.000733
-0.000723
-0.000712
-0.000702
-0.000691
-0.000680
-0.000670
-0.000660
-0.000649
-0.000640
-0.000630
-0.000621
-0.000613
-0.000605
-0.000598
-0.000591
-0.000585
-0.000580
-0.000576
-0.000573
-0.000571
-0.000569
-0.000569
-0.000569
-0.000569
-0.000571
-0.000573
-0.000576
-0.000579
-0.000583
-0.000587
-0.000592
-0.000596
-0.000601
-0.000606
-0.000611
-0.000616
-0.000621
-0.000626
-0.000631
-0.000635
-0.000639
-0.000643
-0.000646
-0.000649
-0.000652
-0.000654
-0.000655
-0.000656
-0.000657
-0.000657
-0.000656
-0.000655
-0.000653
-0.000650
-0.000647
-0.000642
-0.000637
-0.000632
-0.000625
-0.000618
-0.000610
-0.000601
-0.000591
-0.000581
-0.000569
-0.000558
-0.000545
-0.000533
-0.000519
-0.000506
-0.000492
-0.000479
-0.000465
-0.000452
-0.000439
-0.000426
-0.000415
-0.000404
-0.000394
-0.000385
-0.000377
-0.000371
-0.000366
-0.000363
-0.000361
-0.000360
-0.000361
-0.000364
-0.000368
-0.000373
-0.000380
-0.000388
-0.000396
-0.000406
-0.000416
-0.000428
-0.000439
-0.000451
-0.000463
-0.000474
-0.000486
-0.000497
-0.000508
-0.000519
-0.000528
-0.000537
-0.000545
-0.000552
-0.000558
-0.000563
-0.000567
-0.000569
-0.000571
-0.000572
-0.000571
-0.000570
-0.000568
-0.000565
-0.000561
-0.000557
-0.000552
-0.000547
-0.000542
-0.000536
-0.000530
-0.000524
-0.000519
-0.000514
-0.000509
-0.000504
-0.000500
-0.000496
-0.000493
-0.000491
-0.000489
-0.000488
-0.000488
-0.000488
-0.000489
-0.000490
-0.000492
-0.000494
-0.000497
-0.000500
-0.000504
-0.000507
-0.000511
-0.000515
-0.000519
-0.000523
-0.000527
-0.000531
-0.000536
-0.000540
-0.000544
-0.000548
-0.000552
-0.000557
-0.000561
-0.000566
-0.000571
-0.000576
-0.000582
-0.000588
-0.000595
-0.000602
-0.000610
-0.000619
-0.000629
-0.000640
-0.000653
-0.000666
-0.000681
-0.000697
-0.000715
-0.000734
-0.000754
-0.000776
-0.000800
-0.000825
-0.000852
-0.000879
-0.000909
-0.000939
-0.000970
-0.001002
-0.001034
-0.001068
-0.001101
-0.001135
-0.001169
-0.001202
-0.001236
-0.001269
-0.001301
-0.001333
-0.001364
-0.001394
-0.001423
-0.001451
-0.001478
-0.001503
-0.001528
-0.001551
-0.001572
-0.001592
-0.001611
-0.001627
-0.001643
-0.001656
-0.001668
-0.001678
-0.001687
-0.001694
-0.001699
-0.001702
-0.001704
-0.001704
-0.001703
-0.001700
-0.001696
-0.001691
-0.001684
-0.001676
-0.001668
-0.001658
-0.001647
-0.001636
-0.001623
-0.001610
-0.001595
-0.001580
-0.001563
-0.001546
-0.001527
-0.001506
-0.001485
-0.001461
-0.001436
-0.001409
-0.001380
-0.001350
-0.001317
-0.001283
-0.001248
-0.001211
-0.001173
-0.001135
-0.001096
-0.001056
-0.001018
-0.000979
-0.000943
-0.000907
-0.000873
-0.000842
-0.000813
-0.000787
