-0.361631
0.068169
-0.086875
-0.003669
0.033335
-0.000233
-0.050148
0.016233
0.017493
-0.048244
0.065692
-0.056837
-0.010263
0.018368
-0.004013
-0.007936
-0.023597
0.008084
-0.003300
0.009669
-0.050559
0.046270
-0.037051
0.000369
0.015149
-0.028094
0.005326
-0.010439
0.009553
-0.026380
0.011204
-0.013459
-0.012969
0.009442
-0.011232
-0.003330
-0.015487
0.013875
-0.020300
0.004588
-0.015234
0.004110
-0.000038
-0.018180
-0.007604
0.004304
-0.014183
0.003668
-0.010046
-0.012188
0.005496
-0.011944
0.003254
-0.005053
-0.035122
0.020632
0.061170
-0.156864
-0.013393
0.386208
-0.263514
-1.005127
2.376802
1.462085
0.952526
0.443906
0.439411
0.359597
0.157245
-0.006270
0.124368
0.233438
0.118778
0.224456
0.135325
0.005801
0.211447
0.196188
0.067516
0.106305
0.131701
0.111787
0.112974
0.100860
0.114192
0.099096
0.082073
0.130408
0.073881
0.074556
0.106449
0.156091
0.041737
0.094668
0.069560
0.110941
0.109277
0.056986
0.053117
0.119195
0.095956
0.056845
0.079667
0.073441
0.088836
0.069664
0.080928
0.051611
0.089702
0.070908
0.067841
0.074820
0.057656
0.076628
0.073306
0.030792
0.084943
0.045161
0.056693
0.060276
0.071379
0.035424
0.075250
0.045246
0.074206
0.025469
0.070879
0.055470
0.051296
0.036543
0.063783
0.047666
0.041810
0.063989
0.038266
0.045525
0.053301
0.044390
0.058845
0.027461
0.051883
0.035811
0.039733
0.043862
0.041892
0.036139
0.047529
0.037747
0.049407
0.022202
0.029558
0.051893
0.033342
0.023955
0.047737
0.024957
0.035254
0.035468
0.024024
0.031842
0.027498
0.032208
0.038076
0.021529
0.025516
0.020735
0.035978
0.025062
0.027324
0.041518
0.016936
0.037365
0.017089
0.018024
0.039129
0.024183
0.015144
0.016276
0.045576
0.009133
0.010147
0.030936
0.040168
0.001344
0.020352
0.015560
0.043965
0.005001
0.017316
0.010562
0.054557
0.017815
-0.010511
0.018540
0.036006
0.019046
0.010523
0.014340
0.029277
0.019181
0.007591
0.000105
0.043611
-0.007956
0.035201
-0.000732
0.021453
0.022765
0.011856
0.008459
0.020654
0.021830
-0.008975
0.029899
-0.005232
0.034985
0.000136
0.009458
0.012860
0.030599
-0.013331
0.023707
0.000025
0.042347
-0.017444
0.003309
0.040648
0.002181
0.003169
0.007036
0.033976
-0.015891
0.017624
0.003276
0.025185
-0.007231
0.017627
0.007925
0.007352
0.026353
-0.008220
0.002855
0.034900
0.001217
-0.023555
0.029004
0.009557
0.006557
0.001110
0.010239
0.015225
0.015612
-0.017134
0.014474
0.007401
0.001370
0.011897
-0.012324
0.029706
0.008500
-0.002744
-0.007712
0.019500
0.017045
-0.007120
0.002468
0.006985
0.015479
-0.002797
-0.016425
0.018993
0.017767
-0.001665
-0.004716
0.009968
0.004044
0.000152
-0.001047
0.013807
0.009059
-0.015309
0.004605
0.013982
0.009780
-0.006302
-0.011927
0.018999
0.019673
-0.021746
-0.000270
0.007740
0.018161
-0.014450
-0.002824
0.010053
0.003671
-0.001514
-0.001362
0.001185
0.001696
0.007784
-0.010832
-0.000748
0.020787
-0.010652
0.004523
-0.005923
0.016697
-0.016297
-0.000560
0.010272
0.000817
0.013557
-0.014221
-0.002599
0.001196
0.017061
-0.021135
-0.002945
0.018923
0.000639
-0.020565
0.021610
-0.004385
-0.013937
0.005194
-0.000106
0.001794
0.002973
-0.017938
0.021213
-0.003651
-0.005295
0.001312
-0.013550
0.021883
-0.011233
-0.023596
0.034852
-0.006209
-0.016367
0.009401
-0.008218
0.006235
-0.004016
-0.004347
-0.003969
0.008497
-0.006194
0.003330
-0.008747
0.012237
-0.026382
0.015919
-0.001425
0.010183
-0.020054
0.007161
0.007010
-0.011688
-0.013493
0.012979
0.013300
-0.018907
0.002148
-0.014286
0.006313
0.007233
0.000323
-0.026869
0.028146
-0.024173
-0.002682
0.003392
0.008531
-0.007022
-0.014692
0.013071
-0.010635
0.009360
-0.016466
-0.008582
0.014935
0.001772
-0.028765
0.011335
0.020414
-0.024487
-0.005473
0.001324
0.002303
0.007173
-0.020781
0.000068
-0.004556
0.015464
-0.016809
-0.012153
0.015091
-0.003783
-0.011533
-0.011972
0.020519
0.001552
-0.019153
-0.010617
0.018602
-0.012304
-0.009598
0.003044
-0.004214
0.012066
-0.016237
0.000380
0.013967
-0.003047
-0.022360
0.002764
0.012924
-0.005501
-0.004077
-0.014171
0.026477
-0.029127
0.007269
-0.006040
0.005889
-0.005737
-0.006217
-0.004139
-0.007008
0.022148
-0.024008
-0.008100
0.017082
-0.014598
0.003751
-0.004905
-0.003285
-0.001704
0.000409
-0.015208
-0.003937
0.016457
-0.008447
-0.006728
-0.005649
-0.001445
0.010335
-0.024325
0.022774
-0.014989
-0.022626
0.015627
0.002401
-0.009649
-0.016699
0.017084
-0.005138
-0.001576
-0.015488
0.003971
-0.013216
0.010376
-0.013187
-0.001150
0.004519
-0.005814
-0.018684
0.007438
-0.007677
0.013454
-0.011189
-0.016244
0.006077
-0.000820
0.002614
-0.023896
0.011097
0.000899
-0.008573
-0.020427
0.017770
-0.008583
-0.003581
-0.003373
0.000620
-0.008869
-0.003409
0.002276
-0.012790
0.016691
-0.013695
-0.018985
0.005517
0.018168
-0.018565
-0.013595
0.011969
-0.009312
-0.005546
-0.005518
0.007016
-0.009246
0.009364
-0.032345
0.024585
-0.015533
0.000400
-0.008158
0.004788
0.000319
-0.009154
-0.028113
0.038496
-0.009291
-0.036537
0.014309
0.005866
0.000826
-0.028736
0.014988
0.002489
-0.007977
-0.002643
-0.026250
0.016158
-0.004426
0.018041
-0.033642
0.023554
-0.016898
0.002620
-0.016087
0.014132
-0.000343
-0.014068
-0.006286
-0.000826
0.006955
-0.006122
-0.009072
-0.013956
0.018753
-0.013520
-0.006226
-0.001340
-0.002567
-0.014919
0.009419
-0.005460
-0.000926
-0.001709
-0.009539
0.006197
-0.014820
-0.001177
0.001712
-0.003069
-0.004805
-0.009498
-0.006698
0.024713
-0.036784
0.003193
0.009127
-0.003928
-0.003926
-0.006045
-0.012650
0.011094
-0.016459
0.000709
-0.004221
-0.004944
0.011938
-0.021832
-0.004295
0.008311
-0.010091
-0.001983
-0.010857
0.004821
-0.003695
-0.005828
-0.008682
0.003292
0.010013
-0.024695
0.003703
-0.010410
0.021661
-0.029111
0.003354
0.011503
-0.010860
-0.009006
-0.005339
-0.000742
-0.009551
0.013294
-0.021115
0.007386
-0.003556
-0.006918
-0.004066
-0.006372
0.012611
-0.027346
0.005398
0.016985
-0.019554
-0.010130
0.011304
-0.024983
0.014701
-0.009055
-0.005938
0.010314
-0.013301
0.003315
-0.016412
-0.001429
0.017577
-0.024113
-0.003534
-0.002403
0.010624
-0.014889
-0.012889
0.015920
-0.006857
-0.007397
-0.012601
0.007732
-0.001968
-0.001811
-0.017945
0.007324
0.003103
-0.016092
-0.007688
0.013237
-0.007023
-0.005810
-0.015317
0.011090
-0.006157
-0.014631
0.008739
-0.000123
-0.001631
-0.015599
0.002958
-0.010397
0.014775
-0.015212
-0.006336
-0.001441
0.010696
-0.021217
-0.000870
-0.001367
0.001242
-0.008532
-0.006477
0.001035
0.000831
0.001815
-0.021690
0.002663
0.008170
-0.001364
-0.028368
0.019129
-0.017573
-0.000501
0.008500
-0.012174
0.001946
-0.012914
0.004718
-0.005409
-0.002183
0.000988
-0.014070
-0.000057
0.006028
-0.013437
-0.015938
0.022272
-0.008853
-0.003279
-0.011591
0.003962
-0.014324
0.021468
-0.033064
0.005163
0.008160
-0.008304
-0.005204
-0.011516
0.017520
-0.025281
-0.001024
0.014780
-0.004090
-0.030622
0.019632
-0.005699
-0.006464
-0.016938
0.020068
-0.019137
0.006832
-0.006784
-0.007829
-0.000130
0.017107
-0.020226
-0.016317
0.026984
-0.001374
-0.016424
-0.016254
0.013636
0.011970
-0.011652
-0.012741
0.003860
0.002370
-0.010726
-0.004090
0.001903
0.008316
-0.025426
-0.001823
0.014954
-0.008843
-0.008712
-0.009693
0.006892
-0.003110
-0.007181
-0.002628
-0.002886
0.006719
-0.010477
-0.001676
-0.009493
0.007807
-0.014348
-0.003679
0.007125
-0.001263
-0.016834
0.010759
-0.008780
0.006632
-0.023228
0.010229
-0.002926
-0.006680
-0.004104
-0.003666
0.007584
-0.007012
-0.016600
0.002052
0.012374
-0.017496
-0.001305
-0.009421
0.015006
-0.025815
0.012530
-0.014320
0.022938
-0.026488
0.000166
-0.009205
0.001152
0.015586
-0.023268
-0.005170
0.011712
0.000391
-0.023794
0.006163
-0.010665
0.011336
-0.011782
-0.010257
0.004782
0.010586
-0.020182
-0.010533
0.009249
0.001733
-0.009731
-0.000543
-0.002979
-0.004100
-0.009854
0.008262
-0.007158
-0.000415
-0.020331
0.011787
-0.005412
0.008881
-0.022359
-0.000613
-0.003679
0.023590
-0.024815
-0.016469
0.025754
-0.008607
-0.022513
0.002781
0.013746
-0.018836
0.011791
-0.039919
0.034804
-0.013408
-0.008054
-0.002094
-0.009639
0.017342
-0.015303
-0.020288
0.025896
-0.006452
-0.022303
0.003955
-0.005044
0.009383
-0.025253
0.015481
-0.008444
-0.006610
-0.001487
-0.002502
-0.013748
0.022690
-0.024096
-0.011679
0.013993
0.001249
-0.023489
0.003086
0.005337
-0.001721
-0.011784
-0.007316
0.013520
-0.006875
-0.011244
-0.014655
0.011448
0.006991
-0.022459
0.006607
-0.002482
-0.002470
-0.004813
-0.010236
0.005591
-0.008350
-0.007263
-0.005055
0.018713
-0.024818
0.011184
-0.021964
0.017238
0.005541
-0.024502
-0.011795
0.025810
-0.015814
-0.014733
0.010897
-0.015013
0.020500
-0.038085
0.037013
-0.066584
0.086803
-0.083385
0.030475
-0.012974
0.010015
-0.004160
-0.021534
0.011632
-0.002719
-0.004379
-0.001684
-0.009114
-0.009188
0.005214
-0.010128
-0.011022
0.016950
-0.010949
-0.008501
0.002920
0.007165
-0.027129
0.011963
-0.007304
-0.001046
-0.009312
-0.000814
0.002348
-0.009530
-0.017329
0.008156
-0.004602
0.006221
-0.017834
-0.001753
0.008261
-0.009850
-0.011102
0.000663
0.007480
-0.001705
-0.015312
-0.004910
0.008330
-0.004147
-0.018617
0.016523
-0.006628
-0.014067
0.003166
-0.014207
0.013063
-0.005316
-0.020239
0.008655
0.002496
-0.003968
-0.014338
-0.014385
0.021962
0.002757
-0.022914
-0.050000
0.107589
-0.076611
-0.002914
-0.023755
0.011592
0.007532
-0.018495
-0.011045
0.000283
-0.002385
-0.000330
-0.000786
-0.016689
-0.003820
0.002907
-0.007714
-0.018629
0.005012
0.003171
-0.010535
-0.016254
0.007482
-0.006471
-0.018188
0.005530
-0.000215
-0.008268
-0.022636
0.001166
0.009787
-0.018403
0.000422
0.001301
-0.016419
0.000864
-0.013035
0.001313
-0.010341
-0.002201
-0.015824
0.011137
-0.009351
-0.017201
0.000066
-0.000357
-0.004180
-0.027819
0.006160
0.005018
-0.020021
-0.005720
-0.000774
-0.010933
-0.003730
-0.010619
-0.002154
-0.007991
0.000596
-0.019339
-0.002517
-0.000183
-0.009864
-0.029930
0.058201
-0.089753
0.050102
-0.092014
0.332940
-0.774864
0.870236
