-0.215913
0.039638
-0.036817
-0.016790
0.042961
-0.016592
-0.014894
-0.002982
0.027069
-0.045416
0.057860
-0.045113
0.004568
0.013819
-0.009562
0.008247
-0.012661
-0.012637
0.021942
-0.002228
-0.026919
0.033293
-0.028018
0.013002
-0.001833
-0.005648
-0.001510
0.004848
-0.006775
0.000686
-0.005006
0.004872
-0.007017
0.001607
-0.002977
0.004846
-0.010120
0.010553
-0.015833
0.010863
-0.009343
-0.001392
0.007295
-0.007674
-0.008266
0.015674
-0.017175
0.005956
0.000111
-0.015871
0.025200
-0.028549
0.018564
-0.002280
-0.025849
0.012350
0.068773
-0.148758
0.037954
0.218756
-0.060521
-0.887682
2.286960
0.674802
0.701412
0.574305
0.397261
0.222730
0.144582
0.059986
0.083806
0.157718
0.109848
0.112984
0.064666
0.127702
0.035600
0.116910
0.073840
0.080686
0.095926
0.067612
0.072354
0.082754
0.106166
0.042666
0.064830
0.135112
0.032553
0.069303
0.087899
0.089142
0.065797
0.064744
0.050762
0.091247
0.076850
0.037441
0.082788
0.059965
0.078817
0.050221
0.053593
0.077072
0.048742
0.054202
0.054061
0.069422
0.057106
0.037805
0.055449
0.076633
0.031430
0.049738
0.063833
0.040207
0.054578
0.048466
0.041631
0.053953
0.040233
0.053872
0.035910
0.046235
0.069166
0.023536
0.042822
0.051354
0.028989
0.049708
0.048194
0.014434
0.063957
0.031888
0.042877
0.029691
0.038826
0.034666
0.048100
0.017533
0.045019
0.023676
0.042976
0.026692
0.027331
0.035258
0.038664
0.030142
0.023893
0.033164
0.025809
0.035367
0.023197
0.022048
0.036136
0.039652
0.014816
0.012265
0.046085
0.040700
-0.008368
0.038203
0.044418
0.006209
0.021550
0.035272
0.027237
0.012417
0.021225
0.036554
0.002768
0.038383
0.036664
-0.016814
0.034016
0.054224
-0.018402
0.035592
0.021530
0.016401
0.023916
0.009630
0.037435
0.011443
0.012698
0.012143
0.037487
-0.001430
0.032662
0.004793
0.018812
0.028176
-0.000971
0.023831
0.017103
0.011058
0.018784
0.022658
0.001563
0.020405
0.012132
0.017255
0.020336
0.010107
-0.003419
0.025137
0.019965
0.020384
-0.010506
0.017969
0.038426
-0.012756
0.019230
0.015156
0.016465
0.003760
0.007277
0.012564
0.021111
0.009446
-0.003128
0.021678
0.010432
0.008519
-0.000630
0.016211
0.015672
0.006656
-0.006010
0.035479
-0.011951
0.012875
0.013555
0.005053
0.015587
-0.000482
0.018208
0.001006
0.014730
0.016828
-0.012056
0.007857
0.033627
-0.007863
-0.006923
0.019852
0.012195
0.000820
0.000903
0.003200
0.017858
0.005055
0.004251
0.000941
0.001520
0.022667
-0.005848
0.006815
0.006920
0.010286
0.007492
0.003925
-0.008340
0.017170
0.005978
0.001764
0.009140
0.001074
0.003581
-0.002967
0.018562
0.003941
-0.006466
-0.005332
0.037051
-0.017924
-0.003481
0.018237
0.010011
-0.006569
0.000854
0.006709
0.007826
0.011324
-0.005341
-0.006679
0.006323
0.021025
-0.011938
0.004265
0.013201
0.005134
-0.006105
0.007328
-0.006444
0.016168
-0.006190
0.006809
0.000292
0.007874
-0.004245
-0.000777
0.005111
0.013844
-0.011233
0.002615
0.007401
0.001197
-0.006292
0.013969
-0.010278
0.015183
-0.014680
0.016377
0.001899
-0.001810
0.002321
-0.002845
-0.001366
0.017696
-0.013628
-0.005210
0.022797
-0.001260
-0.014622
0.011619
0.003314
-0.004425
0.004631
-0.000480
0.002450
0.000163
-0.002580
-0.004475
0.018127
0.001812
-0.009137
-0.009115
0.033638
-0.023806
0.013567
-0.019154
0.110096
-0.069458
0.003699
-0.008453
0.016881
0.002888
-0.005721
-0.008925
0.017395
0.022149
-0.036131
0.027429
-0.006140
-0.001435
0.006931
-0.001366
0.003569
0.000970
0.001688
0.002939
-0.000289
0.000426
0.011624
-0.014305
0.011660
0.010165
-0.012522
-0.004008
0.021158
-0.019541
0.007600
-0.004312
0.005151
0.008723
-0.001013
-0.005226
0.005083
0.004598
-0.000948
0.002893
-0.006186
0.006081
-0.011323
0.000954
0.037517
-0.034363
0.002730
0.004462
0.004433
0.000919
-0.014066
0.010439
0.008729
-0.000040
-0.013977
-0.001184
0.009765
0.017089
-0.033549
0.021272
-0.007124
0.003001
-0.007228
0.003111
0.002496
0.009437
-0.015657
0.007743
-0.000253
-0.002338
0.006483
-0.008255
0.005640
-0.001326
-0.004818
-0.001619
0.006736
-0.011711
0.016187
-0.005133
-0.010894
0.008299
0.004997
-0.015949
0.003526
0.014306
-0.016215
-0.006037
0.004598
0.015662
-0.015171
-0.007509
0.017651
-0.012312
0.005076
-0.011029
0.013846
-0.010912
0.004082
-0.007147
0.013586
-0.008800
-0.004104
-0.007537
0.003629
0.016552
-0.020878
0.002472
-0.003009
0.011264
-0.008228
-0.004375
0.003230
-0.005771
-0.000529
0.007696
-0.005416
0.000881
-0.006665
0.000382
-0.003961
0.013363
-0.022619
0.007470
0.014552
-0.028430
0.011157
-0.002434
0.009331
-0.010135
0.002029
-0.011585
0.017151
-0.004666
-0.006742
-0.009822
0.002879
0.022531
-0.029881
-0.004253
0.019776
-0.004021
-0.008314
0.008080
0.001498
-0.017492
0.013188
-0.008852
0.007334
-0.010241
-0.001506
0.001013
0.002657
0.012161
-0.033129
0.016785
0.005115
-0.014947
0.005923
-0.003472
0.005956
-0.008692
0.004712
-0.005475
0.005344
-0.010512
0.009380
-0.000360
-0.013245
0.015003
-0.011898
-0.001163
0.005360
-0.002769
-0.010032
0.012801
-0.009784
0.006319
-0.011002
0.000123
0.014764
-0.010787
-0.010387
0.000701
0.006629
0.008950
-0.018106
-0.004606
0.016360
-0.009677
-0.003090
-0.008125
0.006551
0.003478
-0.006041
-0.002273
-0.001639
0.009155
-0.012372
0.003973
-0.004663
0.011588
-0.019532
0.004247
0.007733
-0.012877
0.004128
-0.004578
0.002815
0.000657
-0.001090
-0.010562
0.014796
-0.008375
0.003003
-0.017549
0.020207
-0.005250
-0.009230
-0.007940
0.021918
-0.015207
-0.001606
0.003270
-0.002221
-0.002626
-0.000517
-0.004079
0.005077
-0.000063
-0.000047
-0.012489
0.007274
-0.000463
-0.001889
-0.009080
0.015776
-0.007359
-0.015605
0.011363
-0.001480
-0.000692
-0.007224
0.006213
-0.002155
-0.003752
0.003361
-0.005642
-0.003786
0.016960
-0.020559
0.000843
0.023631
-0.027195
0.003344
0.000608
0.003192
-0.002072
-0.004930
-0.006209
0.011226
-0.007180
0.004001
-0.017018
0.012680
0.010326
-0.026196
0.003120
0.011271
-0.015494
0.012572
-0.003578
-0.003455
-0.006856
0.012722
-0.011543
0.004300
-0.014640
0.022716
-0.020462
0.007119
0.001365
-0.009846
0.002580
0.009404
-0.004110
-0.018525
0.014357
0.007455
-0.018057
0.002595
-0.008643
0.019995
-0.016271
0.013237
-0.027776
0.024228
0.001157
-0.026245
0.008383
0.013594
-0.012858
0.001214
-0.002694
-0.007223
0.014877
-0.010884
0.001430
0.001096
-0.005580
0.007414
-0.019301
0.010640
0.004490
-0.014285
0.007429
0.006330
-0.007677
-0.013213
0.025648
-0.026470
0.021690
-0.025581
0.015729
0.000988
-0.000744
-0.009835
-0.009677
0.014545
0.010087
-0.026503
0.004311
0.017874
-0.017455
-0.001774
0.012808
-0.016905
0.012935
-0.018226
0.016254
-0.010822
0.004127
-0.010662
0.012215
-0.013527
0.017199
-0.021616
0.001030
0.020702
-0.016687
0.000927
0.000528
0.000053
0.000728
0.001463
-0.009101
0.011834
-0.006039
0.003633
-0.017150
0.009729
0.007424
-0.009520
-0.004045
0.015660
-0.012148
-0.007444
0.014783
-0.008952
-0.004031
-0.003626
0.004668
0.002301
-0.006731
0.001856
-0.001916
-0.002611
0.016917
-0.024313
-0.000185
0.025424
-0.018869
0.000508
-0.004423
0.012623
-0.004074
-0.005326
-0.005380
0.009620
0.013190
-0.013531
-0.005583
0.006560
0.008701
-0.017244
0.004052
0.008929
-0.007398
-0.004207
0.004526
-0.005105
0.001907
0.000381
-0.001051
0.000730
-0.000707
-0.003054
-0.001030
0.002352
0.009431
-0.021501
0.011308
0.005592
-0.016194
0.008870
0.006656
-0.009956
0.002925
-0.004909
0.004414
0.001566
-0.004547
0.008527
-0.016718
0.005078
0.018465
-0.023309
0.007028
0.009745
-0.007452
-0.004783
0.000770
0.009599
-0.018451
0.018028
-0.015728
0.006926
0.006059
-0.006396
-0.002906
0.001847
0.011318
-0.016235
0.002320
0.011382
-0.007933
-0.011056
0.016470
-0.009456
0.004213
-0.007266
0.004301
0.001633
0.002073
-0.008195
-0.005999
0.008658
0.012266
-0.025218
0.005337
0.011267
-0.007274
-0.004075
0.001488
0.000166
0.003850
-0.008950
0.000442
0.007990
-0.005782
0.007289
-0.016503
0.007089
0.011796
-0.019688
0.003010
0.018825
-0.016458
-0.007878
0.015375
-0.004279
-0.009193
0.007703
-0.012162
0.013491
0.001663
-0.012370
0.005993
-0.008691
0.019081
-0.017730
0.001329
0.009906
-0.009874
0.002451
0.001303
-0.005183
0.005804
-0.013446
0.008368
-0.003652
0.010859
-0.007567
-0.013980
0.014449
0.009096
-0.029190
0.015845
0.018733
-0.028278
0.011047
-0.001517
0.002237
-0.005243
0.004341
-0.005320
0.005144
-0.002173
-0.001699
-0.000033
-0.011185
0.026208
-0.027082
0.007330
0.008381
-0.005021
-0.004158
0.005822
-0.002553
-0.003402
-0.000037
-0.011223
0.019990
-0.013991
0.001197
-0.000459
-0.004009
0.020477
-0.018255
-0.001033
0.005992
0.006387
-0.016409
0.017898
-0.018452
0.016642
-0.020062
0.026035
-0.038269
0.053458
-0.048589
0.019624
-0.004507
0.005382
-0.004278
-0.007333
0.014630
-0.009609
0.001524
0.002467
-0.008619
0.005426
-0.006264
0.004728
-0.000913
-0.001434
0.007021
-0.019419
0.016487
0.003851
-0.021719
0.013961
0.011060
-0.024577
0.016526
-0.008810
0.001857
0.002942
-0.007696
0.009164
-0.007987
0.000213
0.008797
-0.022238
0.014735
0.005524
-0.009096
-0.001313
0.005811
0.000853
-0.015443
0.015544
-0.010915
0.004513
-0.005316
0.002379
0.004766
-0.004742
0.006425
-0.011822
0.011096
0.003899
-0.018431
0.005929
0.014203
-0.020623
0.015093
-0.019108
0.024016
-0.008220
0.002632
-0.058520
0.126971
-0.109022
0.026489
-0.011725
-0.000318
0.014860
-0.015447
-0.007413
0.013928
-0.003752
-0.008557
0.008395
-0.015612
0.007391
-0.001900
-0.007234
0.013548
-0.020313
0.013340
-0.004877
-0.006239
0.008714
-0.012298
-0.009778
0.021573
-0.009372
-0.017914
0.013549
-0.006222
0.008555
-0.015915
0.001189
0.006945
-0.013360
0.000012
0.002749
-0.009474
0.011666
-0.018645
0.011556
-0.005668
-0.011479
0.006869
0.000169
-0.004270
-0.006778
0.002751
-0.002723
0.002464
-0.013014
0.007547
-0.010768
0.004881
0.003517
-0.018590
0.005160
0.002340
-0.002264
-0.024653
0.021401
-0.003218
-0.001175
-0.027219
0.043334
-0.041708
0.029866
-0.062427
0.203294
-0.457995
0.518228
