-0.560530
0.108225
-0.136597
0.002321
0.060570
-0.029686
-0.041655
-0.005717
0.052438
-0.105694
0.124019
-0.096511
-0.015730
0.032980
-0.005703
-0.018156
-0.017590
-0.012011
0.005604
0.011571
-0.061646
0.048381
-0.046938
-0.002762
0.022157
-0.037178
-0.004660
-0.004400
0.007020
-0.033388
0.010346
-0.024985
0.004541
-0.006355
-0.014450
-0.010180
-0.014880
0.011633
-0.023016
-0.006072
-0.019302
0.004064
-0.008165
-0.007724
-0.019042
0.004846
-0.018922
-0.004727
-0.009348
-0.014073
0.008367
-0.027082
-0.002741
0.011117
-0.072394
0.066401
0.021023
-0.153929
-0.058323
0.533101
-0.486299
-0.936912
2.391623
1.724717
1.699175
1.165998
0.883571
0.626689
0.238812
0.130571
0.239449
0.301540
0.202347
0.407904
0.036423
0.148506
0.252492
0.253573
0.129319
0.138587
0.198686
0.139621
0.148409
0.141931
0.203844
0.110720
0.168906
0.178700
0.123549
0.117509
0.176149
0.192463
0.114839
0.158673
0.114550
0.172943
0.163260
0.103921
0.132983
0.135177
0.159649
0.110034
0.120294
0.134193
0.137834
0.122986
0.119327
0.125905
0.110089
0.121897
0.099806
0.130290
0.118296
0.094748
0.143634
0.090066
0.119388
0.088425
0.106117
0.118192
0.090455
0.110341
0.090220
0.107473
0.100140
0.081573
0.086002
0.118339
0.089664
0.074181
0.116016
0.073757
0.093272
0.074198
0.091749
0.077183
0.100868
0.067298
0.087402
0.075321
0.095332
0.047337
0.096533
0.085251
0.057069
0.081679
0.076694
0.076094
0.060901
0.082021
0.061762
0.074267
0.066418
0.066559
0.070404
0.063936
0.065866
0.058333
0.056488
0.078534
0.057337
0.042034
0.072288
0.056913
0.062013
0.034556
0.076051
0.049150
0.052020
0.049522
0.063389
0.051699
0.049226
0.045793
0.055717
0.060288
0.030512
0.052342
0.062039
0.044870
0.040260
0.048047
0.042049
0.046817
0.046721
0.030234
0.061332
0.045030
0.041294
0.032973
0.053808
0.052360
0.027474
0.038786
0.051358
0.051880
0.007401
0.059276
0.039703
0.041989
0.021271
0.033240
0.052245
0.031111
0.039869
0.013359
0.061639
0.023372
0.038381
0.015030
0.053002
0.036059
0.032465
0.028418
0.035840
0.025336
0.039300
0.018583
0.042193
0.033535
0.014902
0.037177
0.022815
0.048723
0.007840
0.022859
0.054935
0.012069
0.029716
0.016457
0.028805
0.040134
0.006936
0.027676
0.044255
0.004007
0.046036
-0.004172
0.045274
0.011583
0.026908
0.008047
0.041528
0.013686
0.022434
0.021305
0.024826
0.028932
0.015359
0.017075
0.032480
0.021626
0.001655
0.042421
0.010023
0.029742
0.013340
0.019618
0.030685
0.022173
0.022514
0.016390
0.026212
0.017537
0.013241
0.026089
0.002628
0.030061
0.014012
0.013260
0.015297
0.019923
0.028562
0.000640
0.012428
0.033349
0.007495
0.010150
0.019166
0.015307
0.012443
-0.000690
0.042332
0.006997
0.014221
0.003048
0.024932
0.018491
0.001880
0.010135
0.017607
0.025802
-0.004047
0.023817
-0.008034
0.041292
0.010103
-0.012379
0.029489
0.024717
-0.005040
0.001042
0.020595
0.028835
-0.004964
-0.006781
0.032230
0.016155
0.006333
-0.002713
0.016444
0.009131
0.026141
-0.018796
0.015625
0.014790
0.019194
-0.014170
0.015340
0.018002
0.004868
-0.004750
0.017341
0.019910
-0.015858
0.030433
-0.004049
0.004581
0.008916
0.017932
-0.006191
0.017506
0.001959
0.012281
-0.010369
0.033201
-0.012295
0.007025
0.022894
0.003202
-0.000454
-0.005700
0.024392
-0.004730
0.007127
0.003032
0.010517
0.011595
0.006324
-0.010746
0.016415
0.002404
0.002574
0.006781
0.020609
-0.019388
0.014213
-0.003257
0.019485
-0.005071
0.001773
0.001743
0.019944
-0.005609
0.006204
-0.006068
0.015351
0.002962
0.001623
-0.007636
0.020596
0.006960
-0.008076
-0.003817
0.023773
-0.002496
-0.009855
0.009911
0.010088
0.010604
-0.018016
0.011028
0.001477
0.020061
-0.020441
-0.001270
0.029277
-0.010885
0.002531
-0.002844
0.019530
-0.016013
0.010665
-0.015772
0.029287
-0.004041
0.007432
-0.024338
0.018952
0.005720
0.002929
-0.012479
0.012071
-0.000749
0.006293
-0.009274
0.012972
-0.000175
-0.002617
-0.003430
0.019764
-0.000397
-0.003008
-0.017767
0.017904
0.014201
-0.016019
-0.004266
0.004248
0.021869
-0.021042
0.010060
-0.011818
0.020628
-0.009193
0.002526
0.002171
0.007006
-0.000035
-0.012853
0.010024
0.005250
0.003053
-0.023037
0.029503
0.001815
-0.021164
0.007655
0.007039
0.001420
-0.003852
-0.008264
0.010922
0.013491
-0.026004
0.012756
-0.009455
0.010501
0.003038
-0.010906
0.010765
-0.009257
0.007388
-0.006613
0.001572
0.011033
-0.011769
0.001796
-0.006829
0.024632
-0.013589
-0.009388
0.005689
0.010020
-0.011177
0.001579
0.008011
-0.000350
0.000135
-0.003055
0.000742
0.005149
-0.010009
0.005224
0.001024
0.010922
-0.016602
0.001271
-0.001336
0.019152
-0.012893
-0.021574
0.031109
-0.008700
-0.002841
-0.009976
0.014731
-0.017808
0.006045
-0.005159
0.012305
-0.008779
0.011918
-0.023281
0.004114
0.018725
-0.014730
-0.008319
0.007368
0.003041
0.001040
-0.007308
0.002703
-0.007671
-0.000047
-0.003475
0.016856
-0.011240
-0.005753
-0.010233
0.012615
0.008235
-0.006687
-0.020130
0.016545
0.004326
-0.014807
0.008623
-0.016073
0.015090
-0.006006
-0.012470
0.024419
-0.017646
0.016765
-0.040107
0.031234
0.000778
-0.019414
-0.004814
0.023690
-0.005863
-0.008260
-0.004757
0.006453
0.000565
-0.008839
-0.012229
0.030428
-0.017695
-0.004110
-0.000106
-0.004404
0.004692
0.010400
-0.034203
0.028941
-0.002777
-0.016823
0.003394
-0.001411
0.004956
-0.020251
0.008346
0.000482
0.010384
-0.013645
-0.003224
0.004186
0.005267
-0.025631
0.005374
0.026483
-0.027960
0.002226
0.003756
-0.012794
0.009467
0.000059
-0.007820
0.005973
-0.002940
-0.004852
-0.002956
0.000236
-0.002233
0.007447
-0.024058
0.020473
-0.007903
-0.008000
0.006024
-0.003652
-0.003961
-0.002970
0.004219
-0.005960
0.005568
-0.004824
-0.001703
-0.015431
0.023219
-0.014350
-0.011247
0.020104
-0.005947
-0.009113
-0.001322
0.004267
-0.007114
-0.000145
-0.018239
0.019331
0.000296
-0.011887
-0.011376
0.012806
0.008057
-0.018014
-0.006608
0.021916
-0.010521
-0.009349
-0.006476
0.014660
-0.009706
-0.000752
-0.005360
0.002948
0.005364
-0.011358
-0.004528
0.009034
-0.007619
0.000876
-0.019098
0.025091
-0.003897
-0.021773
0.009560
-0.005802
0.011389
-0.024082
0.016727
-0.011956
0.003591
-0.006503
0.003424
-0.014100
0.018174
-0.012180
-0.013614
0.011655
0.005332
-0.011843
0.005908
-0.001874
-0.003056
0.018482
-0.014864
0.001473
-0.003298
0.009448
-0.017024
0.006458
-0.009191
0.022041
-0.023854
0.009803
0.001423
-0.000267
-0.015581
-0.000947
0.011643
-0.022653
0.010776
0.001487
0.010434
-0.020837
-0.005714
0.016222
-0.002671
-0.011709
-0.013010
0.029396
-0.014371
-0.013335
0.004020
0.006867
-0.005456
-0.007956
-0.002032
0.009156
-0.009995
0.004496
-0.008459
-0.001206
-0.001947
0.013504
-0.028043
0.022985
-0.016246
0.001043
-0.008759
0.008370
0.002420
-0.006864
-0.010396
0.009333
0.004884
-0.014881
-0.009084
0.010540
0.009399
-0.022760
-0.004357
0.016597
-0.005935
0.004374
-0.009161
-0.000837
-0.006381
0.003363
-0.005838
0.010190
-0.011274
0.003422
-0.008643
0.002107
0.006130
-0.009667
-0.016499
0.023393
-0.008042
-0.005881
-0.006986
0.000911
0.000741
-0.006817
-0.000442
0.003495
-0.000284
0.009133
-0.021407
0.001576
0.019113
-0.016635
-0.009424
0.009246
0.006483
-0.013199
-0.003548
0.001574
0.006145
-0.010070
-0.008309
0.016707
-0.002112
-0.014185
-0.006503
0.010707
-0.000538
-0.003174
-0.014911
0.013783
-0.012145
0.011664
-0.003123
-0.005787
0.007917
-0.012368
0.015231
-0.017068
0.008205
-0.001274
-0.017972
0.005352
0.014825
-0.023310
-0.000586
0.012309
-0.004058
-0.001623
-0.005377
-0.001208
-0.003146
-0.005261
-0.006184
0.016391
-0.025479
0.020055
-0.019356
0.003456
0.007617
-0.006372
-0.009140
0.003732
0.006099
-0.015314
0.003565
-0.003313
-0.000315
-0.002520
-0.008514
0.012690
-0.002242
-0.011281
-0.008627
0.005920
0.006144
-0.007695
-0.018419
0.025828
-0.003726
-0.019615
0.009023
-0.005738
0.005629
-0.010296
-0.012791
0.022127
-0.015465
0.006974
-0.010716
-0.007920
0.018002
-0.014301
-0.024435
0.026178
-0.001124
-0.011570
-0.017787
0.025860
-0.020130
0.009037
-0.021989
0.017813
-0.009763
0.001031
-0.017341
0.008537
0.009744
-0.024980
0.007421
-0.003761
0.004320
-0.007276
-0.005949
-0.008362
0.015385
-0.016135
-0.012400
0.011504
-0.002090
-0.003221
-0.015240
0.005574
0.010910
-0.018332
-0.011201
0.015893
-0.011117
0.001203
-0.017706
0.015108
-0.003890
-0.015710
0.005510
0.002390
0.000155
-0.024434
0.010167
-0.001304
0.010761
-0.016536
-0.008911
0.003134
0.004866
-0.010071
-0.001224
-0.003167
-0.000477
-0.004610
-0.013963
0.016142
-0.010030
-0.002594
-0.008366
-0.005895
0.016175
-0.022028
-0.000231
0.005300
0.004963
-0.031522
0.019329
-0.022238
0.028444
-0.059061
0.078762
-0.110446
0.131659
-0.120983
0.048142
-0.019845
0.012366
-0.013591
-0.007723
0.009480
-0.015009
0.008505
-0.024759
0.026770
-0.034225
0.009738
-0.004857
-0.010717
0.009106
-0.007110
-0.015076
0.014155
-0.009026
-0.020667
0.007006
-0.004564
0.005669
-0.011105
-0.022657
0.032763
-0.026517
-0.006960
-0.007343
0.014068
-0.009967
-0.009600
-0.005870
0.002318
0.006585
-0.029856
0.010463
-0.005653
0.002411
-0.009945
-0.013136
0.012114
-0.015060
-0.001612
-0.009225
0.005820
-0.004629
-0.003072
-0.020977
0.007786
0.002282
-0.020086
0.002555
-0.002545
0.002659
-0.014865
-0.022064
0.018949
0.004779
-0.021910
-0.048674
0.107364
-0.091337
0.013179
-0.040696
0.013036
-0.001293
-0.016287
-0.019250
0.022305
-0.011587
-0.013632
0.006822
-0.038745
0.015130
-0.010763
-0.001928
-0.018935
0.002517
-0.007960
-0.001535
-0.020603
-0.003552
0.001684
-0.019461
0.007540
-0.007948
-0.022643
-0.000743
0.000393
-0.015782
-0.010914
-0.007313
-0.005785
-0.002885
-0.010986
-0.010805
-0.009386
-0.009242
-0.002646
-0.017723
-0.003870
-0.010331
0.005105
-0.025503
0.000650
-0.019198
-0.003663
-0.003453
-0.009998
-0.021053
0.001950
-0.013075
-0.011499
-0.007613
-0.007662
-0.019765
-0.001447
-0.008457
-0.016944
-0.001163
-0.016581
0.004801
-0.060353
0.090380
-0.141048
0.101349
-0.163052
0.520128
-1.205326
1.349316
