-0.109894
0.018092
-0.022159
-0.000052
0.020097
-0.017144
0.006929
-0.004682
0.016678
-0.031622
0.046785
-0.031426
-0.001611
0.009774
0.013487
-0.016419
0.002382
0.000225
0.008799
-0.002318
-0.010259
0.014483
-0.006137
0.003123
0.006350
-0.010322
0.007103
-0.001433
0.002205
0.004804
-0.007500
-0.004628
0.012440
-0.001627
-0.003144
0.001373
-0.000072
0.008488
-0.004984
-0.001923
0.002960
0.002811
0.003785
-0.005371
-0.003106
0.013416
-0.009869
0.000608
0.008905
-0.010987
0.012608
-0.006361
0.000230
0.004066
-0.000204
-0.012525
0.044085
-0.045032
-0.006502
0.032116
0.229976
-0.360349
0.889226
0.897548
0.107783
0.090297
0.151014
0.190305
0.040419
0.005162
0.041674
0.105002
0.032320
0.101376
0.003889
0.022384
0.111428
0.056747
0.009218
0.025739
0.078096
0.040564
0.037070
0.040459
0.060339
0.038331
0.033190
0.069743
0.014836
0.047425
0.058777
0.038878
0.024629
0.043636
0.035583
0.044175
0.047362
0.018089
0.035926
0.037849
0.050204
0.016763
0.026673
0.045947
0.036812
0.026408
0.035638
0.021808
0.048689
0.022322
0.025285
0.029294
0.038425
0.017970
0.034169
0.035644
0.014558
0.025854
0.029186
0.034728
0.022502
0.015943
0.026339
0.033498
0.032192
0.004355
0.034583
0.024500
0.032457
0.000329
0.039906
0.011173
0.034146
0.021838
0.012274
0.018297
0.033245
0.028617
0.004178
0.019654
0.015313
0.043397
-0.001141
0.022077
0.022427
0.009677
0.035114
0.007641
0.011020
0.019286
0.027522
0.012151
0.024211
0.001607
0.031507
-0.003758
0.038313
0.005616
0.011198
0.023484
0.009175
0.013774
0.018977
0.007254
0.012528
0.016976
0.021355
-0.003228
0.024354
0.005830
0.024373
0.001959
0.016847
0.016345
0.000578
0.025234
0.006267
0.010184
0.015762
0.009243
0.002410
0.019859
0.012531
0.003323
0.018696
0.007993
0.015552
-0.005293
0.019138
0.007667
0.015811
0.008610
0.004819
0.004731
0.015771
0.019937
-0.013422
0.019253
0.001742
0.013144
0.010850
0.001406
0.016783
0.003127
0.004756
0.013233
0.001003
0.015930
-0.001472
0.010846
0.004239
0.016290
-0.009930
0.022347
-0.002638
0.013252
0.007149
0.004152
0.014170
0.000915
-0.000819
0.014207
0.011038
-0.003906
0.005517
0.003001
0.021702
-0.002821
-0.000753
0.009507
0.009030
0.000635
0.003999
0.009324
-0.000313
0.019766
-0.003986
0.000567
0.008824
0.008785
0.008003
-0.001085
0.006317
0.001404
-0.000332
0.011521
-0.003310
0.018200
-0.011907
0.011102
0.010495
-0.003813
0.004332
0.001780
-0.003936
0.014369
0.008258
-0.003542
0.004235
-0.001232
0.004748
0.005371
0.009187
0.003268
-0.002808
0.014026
0.001970
0.000933
0.001126
0.008395
0.000945
0.008634
-0.005262
0.001739
0.004786
0.022704
-0.008339
-0.003529
0.005641
0.015342
-0.003167
0.002343
0.001778
0.004294
0.003807
0.002285
0.009097
-0.007604
0.005825
-0.000297
0.019527
-0.017135
-0.003196
0.015861
0.010920
-0.009651
-0.013726
0.014786
0.016442
-0.002185
-0.010312
0.003787
0.005811
0.016780
-0.006309
-0.014487
0.010913
0.011621
-0.007806
0.005968
-0.007268
0.011079
-0.003022
-0.000219
0.005922
-0.001597
-0.002381
0.014555
-0.004645
-0.004969
0.015784
-0.006295
-0.000577
0.006698
-0.000495
0.002520
-0.000451
0.006137
-0.007780
0.000154
0.014029
-0.008894
0.012066
-0.014314
0.009332
0.008778
-0.011097
-0.006887
0.013252
0.006573
-0.014774
0.015682
-0.014318
0.013610
-0.002985
-0.007898
0.005956
0.006046
-0.003433
-0.002473
0.010910
-0.005329
0.009507
-0.014724
0.021885
-0.017002
0.001244
0.000919
0.014767
-0.011595
0.007933
-0.006126
0.016084
-0.019078
0.010484
-0.005604
-0.002774
0.014693
-0.007973
0.002139
-0.004237
0.013739
-0.010671
0.004590
-0.000794
-0.002237
0.005352
-0.003512
0.010673
-0.012030
0.008828
-0.007686
0.002894
-0.000254
0.003055
-0.010257
0.015696
-0.005424
-0.010156
0.008066
-0.000664
0.009940
-0.016677
0.004003
0.001861
0.010666
-0.014315
0.006743
-0.004648
0.010890
-0.011578
0.004715
0.002148
0.004835
-0.014908
-0.000993
0.012031
-0.003899
-0.003659
0.006354
-0.007469
0.009997
-0.007121
0.009302
-0.008752
0.002258
0.000786
-0.003655
0.007469
-0.010149
0.003392
-0.001037
0.010975
-0.013379
0.004094
-0.014383
0.025460
-0.013753
0.004667
-0.009640
0.013851
-0.005417
0.004918
-0.018723
0.017395
0.003580
-0.017716
0.015785
-0.007586
-0.002856
0.010411
-0.017862
0.010705
-0.001391
0.004650
-0.011213
0.001565
0.003547
0.003795
-0.012479
0.003671
0.009774
-0.008589
0.004752
-0.007517
0.006970
-0.008796
0.006874
0.001236
-0.000397
-0.011982
0.007449
-0.002751
0.006305
-0.003149
-0.005584
0.005794
0.005020
-0.004342
-0.004859
0.010086
-0.008002
0.000764
-0.009185
0.019549
-0.026219
0.021293
-0.014808
0.011550
-0.007933
0.002694
-0.007967
0.012602
-0.007593
-0.004005
0.004010
-0.001913
0.004077
-0.013212
0.004899
0.009024
-0.008838
-0.006475
0.011095
-0.007474
-0.001784
0.001834
0.003142
-0.008053
0.008414
-0.010397
0.005086
-0.002522
0.011282
-0.024344
0.010144
0.003575
0.005639
-0.014557
-0.000225
0.003506
-0.004797
0.003496
-0.006574
0.009986
-0.003097
-0.005736
-0.001649
0.001704
-0.000966
-0.000509
0.007502
-0.012038
0.011244
-0.004445
-0.002062
-0.006439
0.010241
-0.009562
0.000578
-0.001416
0.001121
-0.000514
0.001175
-0.008960
0.016157
-0.016834
0.001332
0.003916
-0.002788
-0.001606
0.005013
-0.007980
0.006502
-0.001933
-0.010859
0.005355
0.003326
-0.006945
0.005325
-0.004191
0.004658
-0.010741
-0.001176
0.007081
0.000374
-0.007259
0.004424
0.000670
-0.005869
0.001453
-0.003432
0.006886
-0.001711
-0.014873
0.007779
0.012712
-0.014638
-0.003916
0.001936
-0.001091
0.006703
-0.007638
0.000031
-0.002713
0.017943
-0.008862
-0.008380
0.001803
0.011069
-0.009800
-0.005087
0.004987
0.001958
-0.004128
-0.003193
0.008668
-0.011157
0.010017
-0.006514
-0.004287
0.006640
-0.004207
-0.001258
0.008902
-0.000599
-0.010388
0.002158
0.008290
-0.012321
0.005983
-0.003392
0.003555
-0.009560
0.007978
-0.005772
-0.005998
0.021634
-0.016227
-0.002584
0.005698
0.010650
-0.004300
0.002997
-0.005115
-0.000733
-0.001150
0.001644
0.002015
-0.005126
0.003378
0.000478
-0.014712
0.019114
-0.010635
0.003949
-0.000685
0.001676
-0.006088
0.002225
-0.000436
0.003239
-0.003508
-0.009642
0.012797
-0.007698
0.000383
0.006959
-0.003738
0.002895
0.003776
-0.020522
0.018141
-0.004285
-0.003197
0.000563
-0.002398
0.010725
-0.016553
0.006955
-0.001148
0.003145
0.002346
-0.014002
0.014681
-0.005738
0.001889
-0.011312
0.018581
-0.009433
-0.001847
-0.000452
-0.000820
0.001654
-0.005327
0.002012
0.009621
-0.009350
-0.007748
0.016995
-0.018715
0.018939
-0.019016
0.005737
0.011044
-0.007847
-0.004058
-0.005407
0.010895
0.004297
-0.005902
0.003442
-0.001837
0.001465
0.004383
-0.004273
-0.003493
0.007860
-0.005414
0.004773
-0.003392
0.003797
-0.011350
0.014969
-0.012638
0.009438
-0.009794
0.000405
0.002199
0.012586
-0.012046
-0.005952
0.009256
0.002006
-0.001891
-0.015680
0.018190
-0.003381
-0.006623
0.006585
0.000737
-0.000791
-0.003912
0.009500
-0.007813
0.003444
-0.011509
0.018959
-0.010015
0.002344
-0.005177
0.002826
0.005491
-0.004225
-0.005909
0.002898
0.000908
0.004779
-0.006799
-0.003588
0.010027
0.003285
-0.012222
0.006592
-0.008584
0.020180
-0.018400
0.004715
0.003221
-0.002716
-0.010519
0.017727
-0.006432
-0.002986
-0.003646
-0.001568
0.017016
-0.015412
0.002911
0.004272
-0.007186
0.012748
-0.009587
0.000229
0.006555
-0.003760
-0.005806
0.006826
-0.001999
-0.005405
0.009169
-0.001987
0.005272
-0.000146
-0.002407
0.004964
-0.002140
0.000575
0.001534
-0.007485
0.002353
0.011444
-0.011840
0.001542
0.001007
-0.000546
0.000621
0.002146
0.000282
-0.001168
-0.000543
0.009229
-0.015884
0.009056
-0.000036
-0.007694
0.018099
-0.020036
0.007720
-0.005570
0.017027
-0.012727
0.002621
-0.003542
0.006176
0.006813
-0.016619
0.002656
0.002252
0.013430
-0.011634
-0.004838
0.002304
0.015437
-0.013472
-0.001173
0.003011
0.007725
-0.012349
0.002442
0.007700
-0.009445
0.006942
0.001089
-0.005038
0.001168
0.004627
-0.009083
0.013755
-0.009406
0.001005
-0.001633
0.009826
-0.008949
0.004907
-0.009199
0.018226
-0.010422
0.001363
-0.003498
0.005111
-0.004446
0.007424
-0.010981
0.008154
0.009588
-0.016938
0.011221
-0.006972
0.004318
0.000722
-0.006132
0.011326
-0.008679
0.000303
0.005916
-0.005039
0.007962
-0.008470
0.005427
-0.000124
0.002475
-0.008038
0.008071
-0.002438
0.006993
-0.009685
0.000299
0.012850
-0.008202
0.005694
-0.010990
-0.000419
0.016526
-0.011761
0.000130
0.001693
0.011472
-0.019425
0.012395
0.001107
-0.010281
0.012985
-0.005751
-0.000347
0.002145
-0.001944
0.004238
0.004955
-0.007554
0.009221
-0.018632
0.021437
-0.011164
0.001527
0.003945
-0.004167
0.005514
-0.009483
0.018332
-0.023943
0.028663
-0.025101
0.021143
-0.015872
0.008454
-0.001757
-0.007736
0.012973
0.002809
-0.006225
-0.004143
0.009405
-0.004589
-0.001239
0.001288
-0.002618
0.009334
-0.004405
-0.002735
0.003806
0.005051
-0.007288
0.000043
0.005662
-0.000012
0.001446
-0.010415
0.011224
-0.005423
0.007829
0.003159
-0.006917
0.005524
-0.000526
0.009236
-0.017673
0.013352
0.001533
-0.005596
-0.002649
0.008306
-0.001870
0.004311
-0.009042
0.007634
0.001337
-0.004849
0.005837
0.009934
-0.013411
-0.004815
0.007101
0.011093
-0.010063
-0.005764
0.014617
0.000159
0.000210
-0.010894
0.016005
-0.005549
0.010119
-0.031285
0.044372
-0.018936
-0.019315
0.006486
0.006053
-0.002672
0.006503
-0.010250
0.014027
-0.005392
-0.003487
0.002363
-0.000124
-0.002523
0.007046
-0.003987
0.000688
0.004817
-0.010904
0.012264
-0.007459
0.002545
0.007846
-0.011124
-0.000431
0.013018
-0.010210
0.008434
-0.005373
0.007141
-0.005364
0.000835
0.000461
0.000629
-0.005514
0.012070
-0.010104
0.003018
0.006891
-0.010669
0.010252
-0.007260
-0.003468
0.011015
-0.006487
-0.001237
0.001854
-0.006080
0.003900
0.004918
-0.006718
0.005542
-0.004266
0.005155
-0.008206
0.000709
0.004081
0.009120
-0.019440
0.010092
0.002879
-0.001249
-0.016288
0.027691
-0.029754
0.023019
-0.031108
0.111647
-0.254118
0.289011
