-0.520275
0.106066
-0.126879
-0.009808
0.061336
-0.024764
-0.039281
-0.008444
0.044441
-0.096648
0.119834
-0.103419
-0.005178
0.034497
-0.019331
-0.016669
-0.018240
-0.002231
-0.000209
0.000283
-0.050571
0.049975
-0.048612
-0.009102
0.025807
-0.035021
-0.012150
0.001236
-0.002186
-0.023007
-0.003500
-0.010943
-0.012096
0.004641
-0.018913
-0.004020
-0.023975
0.015653
-0.026087
-0.002520
-0.015094
-0.006996
-0.003856
-0.012206
-0.020209
0.013421
-0.030041
-0.004012
0.001735
-0.025237
0.001872
-0.018268
-0.000570
0.000663
-0.062085
0.039875
0.048674
-0.163158
-0.054471
0.521773
-0.475934
-0.921491
2.367509
1.684529
1.595362
1.319624
0.826664
0.691846
0.307136
0.206329
0.270057
0.328775
0.225440
0.438696
0.072858
0.161227
0.280273
0.259847
0.160875
0.178476
0.202397
0.152325
0.186032
0.147608
0.226945
0.141936
0.182163
0.208253
0.141107
0.169642
0.175649
0.223963
0.137917
0.181512
0.124578
0.195301
0.195558
0.128452
0.153946
0.150805
0.179638
0.138806
0.146853
0.141192
0.158019
0.141526
0.146069
0.123472
0.155275
0.135640
0.133022
0.151580
0.121197
0.123590
0.147146
0.130758
0.123469
0.109335
0.139924
0.124196
0.124585
0.112037
0.127821
0.118174
0.121091
0.106289
0.124716
0.113060
0.113451
0.104380
0.115058
0.104355
0.103407
0.111278
0.097673
0.093885
0.109560
0.093448
0.105726
0.102350
0.092605
0.095818
0.093320
0.104438
0.081228
0.083732
0.108079
0.083895
0.078114
0.083770
0.098480
0.073698
0.083007
0.085290
0.080317
0.076133
0.078332
0.081812
0.059701
0.101681
0.058983
0.079522
0.079129
0.073896
0.057921
0.090226
0.065622
0.073556
0.054559
0.074111
0.073610
0.061514
0.061792
0.064525
0.073919
0.064239
0.054252
0.053150
0.090845
0.041389
0.066710
0.051763
0.070019
0.057205
0.060268
0.045899
0.073411
0.056425
0.048861
0.054045
0.056942
0.072980
0.025995
0.062351
0.054657
0.066592
0.024865
0.061262
0.041784
0.055726
0.047880
0.033322
0.058565
0.039622
0.051721
0.028568
0.060509
0.041870
0.045382
0.034071
0.053252
0.047373
0.032260
0.052179
0.033053
0.047869
0.033924
0.038670
0.060399
0.029819
0.035164
0.033432
0.050207
0.046392
0.023581
0.038068
0.043092
0.035609
0.031484
0.028873
0.039424
0.040887
0.030848
0.025426
0.053394
0.025368
0.031841
0.029587
0.032258
0.038969
0.033133
0.012934
0.055217
0.023806
0.017358
0.034792
0.034336
0.035309
0.012891
0.035230
0.023565
0.042332
0.014507
0.026375
0.033934
0.035299
0.014127
0.016235
0.040189
0.023875
0.011631
0.038622
0.020389
0.024629
0.020005
0.035454
0.017817
0.033084
0.013485
0.026757
0.027543
0.023351
0.010435
0.023509
0.045856
0.013615
0.011609
0.022466
0.027456
0.021153
0.020008
0.006420
0.039173
0.015645
0.015710
0.013634
0.025957
0.028689
0.002356
0.016566
0.027704
0.025680
0.001903
0.016605
0.028047
0.022997
0.007362
0.006623
0.042322
0.005813
0.017722
0.008846
0.025081
0.032487
-0.016143
0.018942
0.032224
0.024037
-0.009637
0.015410
0.029252
0.022739
-0.007730
0.000476
0.050783
0.008465
-0.002773
-0.005481
0.045573
0.016944
-0.003385
-0.006631
0.051984
0.008935
-0.008207
0.005358
0.040565
0.003772
-0.004535
0.019987
0.034331
-0.009783
-0.000085
0.033697
0.002030
0.008347
-0.000178
0.030342
0.013908
-0.013798
0.015011
0.019006
0.014468
0.001916
0.004278
0.019930
0.006078
0.010005
0.005135
0.020061
-0.007406
0.030262
-0.003721
-0.004902
0.033420
0.007439
-0.006118
0.012546
0.009460
0.002989
0.006189
0.002979
0.027566
-0.000851
0.001681
0.005569
0.010446
0.009430
-0.000791
-0.001674
0.031531
-0.000551
-0.010392
0.014454
0.016356
0.002894
-0.009070
0.008286
0.020117
0.009643
-0.010167
0.009553
0.012340
0.008283
-0.000999
-0.003057
0.023286
-0.000207
-0.005087
0.017996
0.003257
0.005649
0.009514
-0.006511
0.016031
0.011414
0.001601
-0.015559
0.030234
0.006849
-0.002524
-0.012493
0.027749
0.001316
-0.000289
0.006719
0.004465
0.012073
-0.009041
0.008268
0.011182
0.000750
0.005002
-0.008251
0.014824
0.011293
-0.008425
0.001380
0.013490
0.006983
-0.009867
0.005567
0.003805
0.012902
-0.006616
0.000495
0.011168
0.007491
-0.004888
-0.006042
0.016594
0.000914
-0.000494
-0.004171
0.024050
-0.005382
-0.012166
0.009327
0.004819
0.020492
-0.018249
-0.000427
0.012444
0.010873
-0.000897
-0.012889
0.010616
0.012796
-0.007740
-0.002685
0.008320
0.008634
0.000811
-0.011318
0.009126
0.001607
0.002368
-0.000414
0.002465
0.000842
0.004719
-0.004557
0.001692
0.005910
0.002286
-0.010539
0.019634
-0.007503
0.003887
-0.003309
-0.002755
0.016208
-0.014610
0.007324
0.004668
0.001674
-0.003550
-0.001608
-0.004414
0.015429
-0.004526
-0.003118
0.004910
0.004335
-0.005271
-0.004207
0.011421
-0.005910
0.007667
-0.014417
0.015467
-0.003837
0.004446
-0.010951
0.015016
-0.001877
-0.003814
-0.007900
0.023331
-0.007397
-0.011225
-0.001412
0.009387
0.002012
-0.000341
-0.000026
0.000145
0.013877
-0.006191
-0.011323
0.004246
0.021519
-0.018709
-0.000130
0.003505
0.006697
0.001220
-0.014235
0.006707
0.001023
0.001310
-0.000627
-0.000913
0.000583
0.006718
-0.014058
0.002071
0.014120
-0.012041
-0.005863
0.017719
-0.010915
-0.002535
0.007687
-0.007787
0.005634
0.000080
-0.002712
0.006749
-0.011515
0.006753
-0.000928
-0.006935
0.007968
0.002455
-0.010890
0.007032
-0.005869
0.009402
-0.009074
-0.005358
0.021647
-0.021296
0.013053
-0.005865
0.007904
-0.008861
0.005029
-0.012951
0.020007
-0.015251
-0.003850
0.017936
-0.015049
0.004048
-0.010595
0.017673
-0.005641
-0.014255
0.012354
-0.002341
0.004620
-0.003400
-0.003206
0.004374
0.008594
-0.009492
-0.009807
0.019974
-0.008886
0.000735
-0.007544
0.008833
-0.006060
0.006719
-0.013830
0.009192
0.006857
-0.016427
0.011466
-0.013817
0.017178
-0.012580
-0.002910
0.009156
0.004587
-0.016892
0.009659
-0.006803
0.007106
-0.003941
-0.009373
0.013853
-0.001186
-0.008561
0.002457
-0.007469
0.020599
-0.027209
0.015963
-0.002377
-0.001622
-0.003792
0.010102
-0.017930
0.011754
0.002847
-0.010218
0.007788
0.001002
0.010938
-0.024304
0.018700
0.004386
-0.005131
-0.014969
0.021221
-0.002332
-0.011414
0.010294
-0.010002
0.009432
-0.012215
0.000022
0.002892
0.011255
-0.017218
0.005238
-0.005227
0.011857
-0.007416
-0.006581
0.012150
0.011808
-0.015638
0.002624
0.006902
-0.003044
-0.002288
-0.007161
0.008955
0.004576
0.000651
-0.016441
0.009401
0.016116
-0.009503
-0.011567
0.018317
-0.001004
-0.004121
-0.004889
0.003147
0.006728
-0.019214
0.008501
0.015531
-0.011577
-0.003468
-0.001034
0.000670
0.008820
-0.011396
-0.003360
0.015726
-0.014860
0.000137
0.007591
-0.006534
0.007346
-0.014165
-0.002915
0.008314
0.009183
-0.015089
-0.001446
0.001483
0.014320
-0.016657
-0.008054
0.031361
-0.024490
0.001391
-0.001559
0.006468
-0.007089
-0.000190
-0.008102
0.017718
-0.004674
-0.008372
-0.007336
0.009098
0.006207
-0.015024
-0.001472
0.011245
-0.008173
0.001805
-0.007101
0.005723
-0.002251
-0.013666
0.007659
0.009538
-0.014170
0.005072
0.003248
-0.013912
0.014071
-0.014181
-0.007358
0.028753
-0.019722
-0.004667
-0.004574
0.008830
0.000842
-0.011887
0.004616
0.002040
-0.000618
-0.007538
-0.002219
0.000768
0.001250
0.004465
-0.011105
0.001617
0.004573
-0.011141
0.002830
-0.006076
0.008203
-0.005058
-0.008251
-0.003055
0.019195
-0.014660
-0.010384
0.003342
0.007048
0.004213
-0.023763
0.019038
0.003966
-0.017158
0.002790
-0.004838
0.019370
-0.027754
0.007176
-0.005256
0.017613
-0.018106
-0.009741
0.013378
0.002097
-0.011559
-0.006443
0.019386
-0.016521
0.005816
-0.007393
0.003294
-0.002379
0.002173
-0.017474
0.021530
-0.012665
0.001928
-0.008712
-0.000712
0.010209
-0.008677
-0.017131
0.018083
0.008620
-0.020388
0.010219
-0.002201
-0.001796
-0.004354
-0.001339
0.000409
0.006945
-0.011911
-0.006967
0.012116
-0.013834
0.012394
-0.016183
0.014191
-0.001655
-0.015159
0.009852
-0.002140
-0.005265
-0.006550
0.004890
-0.008063
0.003063
0.004158
-0.014280
0.000908
0.009812
-0.012038
-0.009031
0.016657
-0.012201
-0.000623
-0.009886
0.008115
-0.004006
-0.004674
-0.006245
0.002856
0.004773
-0.012329
-0.004393
0.000549
0.001269
0.006675
-0.027980
0.019356
-0.008983
-0.001798
0.000084
-0.010857
0.000515
0.001731
-0.008208
0.004655
-0.007095
0.000255
-0.005237
-0.002636
0.010612
-0.023144
-0.001254
0.012075
-0.006303
-0.007783
-0.005862
0.001719
0.002866
-0.018278
0.007402
-0.003577
0.000604
-0.004047
-0.009270
-0.003024
0.009793
-0.009465
-0.013621
0.014881
-0.015588
0.007971
-0.018648
0.007296
-0.001742
-0.006310
-0.011961
0.012923
-0.013400
0.002488
-0.008477
-0.004385
0.013061
-0.022406
0.000890
0.002521
-0.002519
-0.017503
0.019847
-0.031560
0.031394
-0.046884
0.056351
-0.101056
0.123788
-0.111413
0.052713
-0.022570
0.007949
-0.012046
-0.009679
0.012339
-0.013425
0.006822
-0.029691
0.025614
-0.021774
-0.000577
0.001928
-0.006376
-0.001576
-0.002050
-0.011677
0.004739
0.009376
-0.033696
0.012314
-0.001216
-0.005542
-0.013635
0.003367
-0.004985
-0.000606
-0.018509
0.009025
-0.005463
-0.005080
-0.011856
-0.000453
-0.000835
0.003435
-0.018024
-0.003921
0.006384
-0.005152
-0.017820
0.003238
-0.001748
-0.008141
-0.008313
0.001159
-0.004687
-0.006684
-0.001550
-0.018750
0.013101
-0.003603
-0.019152
0.001825
-0.002502
0.003672
-0.017460
-0.011299
0.002990
0.014202
-0.032946
-0.039399
0.107496
-0.096653
0.015354
-0.030981
-0.003892
0.011938
-0.024591
-0.009379
0.012332
-0.013210
-0.007148
0.002425
-0.032412
0.014224
-0.010688
-0.014999
-0.002195
-0.010183
-0.006341
-0.003813
-0.011570
-0.011632
0.004147
-0.026152
0.005596
-0.006553
-0.025797
0.007515
-0.015268
0.000990
-0.026070
0.003654
-0.014546
0.002443
-0.021024
-0.003989
-0.015372
0.008060
-0.026829
-0.002884
-0.006191
-0.017037
-0.001414
-0.011362
-0.015974
-0.003251
-0.013738
-0.012469
0.003509
-0.017107
-0.011539
-0.008238
-0.000472
-0.012798
-0.005952
-0.014161
0.001808
-0.009780
-0.020608
0.000391
-0.011941
-0.000199
-0.064019
0.095591
-0.144365
0.094629
-0.148702
0.482935
-1.114268
1.239728
