0.001484
0.001293
0.001015
0.000700
0.000399
0.000149
-0.000029
-0.000135
-0.000181
-0.000187
-0.000174
-0.000159
-0.000153
-0.000161
-0.000181
-0.000209
-0.000240
-0.000268
-0.000287
-0.000296
-0.000294
-0.000282
-0.000264
-0.000243
-0.000224
-0.000210
-0.000204
-0.000206
-0.000217
-0.000235
-0.000257
-0.000281
-0.000303
-0.000322
-0.000334
-0.000338
-0.000335
-0.000326
-0.000313
-0.000297
-0.000281
-0.000265
-0.000248
-0.000223
-0.000176
-0.000079
0.000115
0.000497
0.001209
0.002482
0.004652
0.008182
0.013656
0.021737
0.033079
0.048182
0.067218
0.089857
0.115151
0.141520
0.166895
0.188997
0.205708
0.215459
0.217519
0.212117
0.200365
0.184007
0.165070
0.145507
0.126924
0.110416
0.096549
0.085428
0.076836
0.070374
0.065584
0.062033
0.059363
0.057298
0.055644
0.054268
0.053085
0.052040
0.051095
0.050226
0.049411
0.048636
0.047885
0.047149
0.046419
0.045693
0.044968
0.044248
0.043537
0.042837
0.042153
0.041487
0.040840
0.040212
0.039602
0.039008
0.038428
0.037857
0.037290
0.036722
0.036149
0.035568
0.034978
0.034382
0.033785
0.033195
0.032619
0.032065
0.031540
0.031049
0.030594
0.030173
0.029784
0.029419
0.029072
0.028732
0.028393
0.028047
0.027689
0.027317
0.026932
0.026534
0.026127
0.025713
0.025296
0.024880
0.024468
0.024066
0.023679
0.023310
0.022965
0.022643
0.022344
0.022063
0.021793
0.021525
0.021251
0.020963
0.020657
0.020331
0.019989
0.019636
0.019281
0.018932
0.018594
0.018273
0.017971
0.017689
0.017423
0.017173
0.016935
0.016707
0.016487
0.016274
0.016068
0.015868
0.015673
0.015482
0.015292
0.015100
0.014904
0.014702
0.014491
0.014271
0.014044
0.013810
0.013570
0.013328
0.013085
0.012846
0.012615
0.012395
0.012190
0.012002
0.011831
0.011673
0.011522
0.011373
0.011220
0.011057
0.010882
0.010697
0.010503
0.010306
0.010110
0.009920
0.009739
0.009571
0.009416
0.009275
0.009149
0.009037
0.008937
0.008849
0.008767
0.008688
0.008605
0.008512
0.008405
0.008282
0.008142
0.007987
0.007824
0.007657
0.007495
0.007341
0.007202
0.007076
0.006964
0.006862
0.006764
0.006666
0.006564
0.006456
0.006342
0.006223
0.006102
0.005983
0.005869
0.005762
0.005665
0.005578
0.005501
0.005436
0.005378
0.005327
0.005276
0.005223
0.005161
0.005088
0.005001
0.004900
0.004786
0.004662
0.004532
0.004402
0.004275
0.004157
0.004050
0.003957
0.003875
0.003804
0.003739
0.003676
0.003612
0.003542
0.003467
0.003385
0.003299
0.003210
0.003123
0.003040
0.002965
0.002901
0.002847
0.002804
0.002768
0.002736
0.002704
0.002668
0.002625
0.002576
0.002523
0.002469
0.002419
0.002376
0.002341
0.002313
0.002292
0.002274
0.002256
0.002236
0.002211
0.002181
0.002143
0.002097
0.002039
0.001970
0.001889
0.001798
0.001700
0.001600
0.001503
0.001413
0.001334
0.001268
0.001219
0.001185
0.001165
0.001158
0.001160
0.001168
0.001177
0.001184
0.001184
0.001173
0.001151
0.001115
0.001066
0.001008
0.000944
0.000879
0.000817
0.000761
0.000712
0.000670
0.000633
0.000598
0.000562
0.000524
0.000484
0.000441
0.000399
0.000357
0.000317
0.000280
0.000245
0.000210
0.000173
0.000135
0.000093
0.000049
0.000003
-0.000042
-0.000087
-0.000129
-0.000169
-0.000208
-0.000247
-0.000288
-0.000331
-0.000374
-0.000415
-0.000452
-0.000482
-0.000503
-0.000514
-0.000519
-0.000517
-0.000514
-0.000511
-0.000511
-0.000516
-0.000526
-0.000544
-0.000568
-0.000599
-0.000638
-0.000681
-0.000729
-0.000777
-0.000824
-0.000867
-0.000903
-0.000932
-0.000952
-0.000962
-0.000963
-0.000956
-0.000943
-0.000927
-0.000913
-0.000902
-0.000899
-0.000902
-0.000913
-0.000930
-0.000949
-0.000969
-0.000988
-0.001006
-0.001022
-0.001037
-0.001052
-0.001067
-0.001082
-0.001098
-0.001113
-0.001128
-0.001141
-0.001154
-0.001164
-0.001172
-0.001177
-0.001179
-0.001178
-0.001175
-0.001170
-0.001163
-0.001158
-0.001155
-0.001156
-0.001165
-0.001182
-0.001208
-0.001241
-0.001280
-0.001320
-0.001357
-0.001388
-0.001411
-0.001427
-0.001439
-0.001450
-0.001465
-0.001486
-0.001512
-0.001543
-0.001574
-0.001601
-0.001622
-0.001632
-0.001632
-0.001622
-0.001604
-0.001583
-0.001561
-0.001544
-0.001534
-0.001533
-0.001541
-0.001557
-0.001578
-0.001602
-0.001626
-0.001648
-0.001666
-0.001680
-0.001690
-0.001696
-0.001699
-0.001700
-0.001701
-0.001703
-0.001707
-0.001715
-0.001727
-0.001741
-0.001757
-0.001772
-0.001786
-0.001797
-0.001806
-0.001811
-0.001812
-0.001811
-0.001806
-0.001798
-0.001788
-0.001776
-0.001763
-0.001751
-0.001738
-0.001727
-0.001716
-0.001705
-0.001696
-0.001689
-0.001684
-0.001684
-0.001688
-0.001695
-0.001707
-0.001721
-0.001737
-0.001752
-0.001767
-0.001779
-0.001790
-0.001799
-0.001808
-0.001817
-0.001828
-0.001841
-0.001855
-0.001870
-0.001884
-0.001897
-0.001907
-0.001914
-0.001920
-0.001924
-0.001927
-0.001930
-0.001934
-0.001938
-0.001941
-0.001943
-0.001943
-0.001940
-0.001935
-0.001929
-0.001923
-0.001918
-0.001914
-0.001910
-0.001904
-0.001896
-0.001883
-0.001865
-0.001844
-0.001822
-0.001802
-0.001787
-0.001779
-0.001780
-0.001789
-0.001803
-0.001821
-0.001838
-0.001853
-0.001863
-0.001869
-0.001872
-0.001873
-0.001876
-0.001882
-0.001891
-0.001903
-0.001917
-0.001934
-0.001952
-0.001970
-0.001988
-0.002005
-0.002020
-0.002032
-0.002039
-0.002041
-0.002040
-0.002037
-0.002034
-0.002035
-0.002039
-0.002047
-0.002057
-0.002068
-0.002075
-0.002075
-0.002065
-0.002044
-0.002011
-0.001969
-0.001920
-0.001870
-0.001824
-0.001785
-0.001757
-0.001741
-0.001734
-0.001734
-0.001736
-0.001737
-0.001736
-0.001732
-0.001728
-0.001726
-0.001726
-0.001731
-0.001738
-0.001746
-0.001750
-0.001749
-0.001740
-0.001724
-0.001701
-0.001676
-0.001652
-0.001633
-0.001623
-0.001625
-0.001637
-0.001659
-0.001686
-0.001712
-0.001732
-0.001743
-0.001743
-0.001733
-0.001717
-0.001697
-0.001678
-0.001663
-0.001655
-0.001653
-0.001658
-0.001668
-0.001684
-0.001703
-0.001724
-0.001744
-0.001763
-0.001777
-0.001787
-0.001792
-0.001793
-0.001790
-0.001785
-0.001778
-0.001769
-0.001761
-0.001751
-0.001741
-0.001731
-0.001719
-0.001705
-0.001689
-0.001670
-0.001649
-0.001628
-0.001607
-0.001588
-0.001573
-0.001563
-0.001558
-0.001558
-0.001564
-0.001575
-0.001589
-0.001608
-0.001627
-0.001646
-0.001663
-0.001674
-0.001678
-0.001675
-0.001665
-0.001648
-0.001627
-0.001603
-0.001578
-0.001556
-0.001538
-0.001526
-0.001519
-0.001517
-0.001518
-0.001519
-0.001518
-0.001512
-0.001502
-0.001487
-0.001468
-0.001446
-0.001423
-0.001402
-0.001384
-0.001372
-0.001369
-0.001374
-0.001390
-0.001415
-0.001446
-0.001480
-0.001513
-0.001540
-0.001557
-0.001564
-0.001559
-0.001543
-0.001518
-0.001487
-0.001453
-0.001416
-0.001378
-0.001337
-0.001294
-0.001247
-0.001196
-0.001142
-0.001090
-0.001042
-0.001005
-0.000982
-0.000973
-0.000979
-0.000995
-0.001016
-0.001037
-0.001055
-0.001067
-0.001076
-0.001082
-0.001091
-0.001104
-0.001122
-0.001146
-0.001174
-0.001201
-0.001225
-0.001243
-0.001252
-0.001252
-0.001243
-0.001227
-0.001206
-0.001184
-0.001163
-0.001145
-0.001133
-0.001127
-0.001125
-0.001127
-0.001131
-0.001136
-0.001140
-0.001144
-0.001148
-0.001153
-0.001160
-0.001170
-0.001182
-0.001196
-0.001212
-0.001228
-0.001240
-0.001245
-0.001241
-0.001222
-0.001186
-0.001133
-0.001065
-0.000986
-0.000904
-0.000827
-0.000766
-0.000727
-0.000715
-0.000730
-0.000769
-0.000824
-0.000886
-0.000946
-0.000997
-0.001035
-0.001056
-0.001063
-0.001058
-0.001043
-0.001024
-0.001001
-0.000979
-0.000957
-0.000937
-0.000922
-0.000913
-0.000911
-0.000917
-0.000931
-0.000952
-0.000978
-0.001006
-0.001033
-0.001056
-0.001074
-0.001085
-0.001089
-0.001089
-0.001084
-0.001077
-0.001069
-0.001061
-0.001053
-0.001045
-0.001035
-0.001023
-0.001009
-0.000993
-0.000975
-0.000958
-0.000942
-0.000929
-0.000919
-0.000911
-0.000903
-0.000893
-0.000877
-0.000853
-0.000817
-0.000769
-0.000709
-0.000640
-0.000566
-0.000491
-0.000423
-0.000367
-0.000326
-0.000305
-0.000302
-0.000316
-0.000344
-0.000382
-0.000427
-0.000475
-0.000524
-0.000572
-0.000618
-0.000659
-0.000694
-0.000723
-0.000746
-0.000763
-0.000776
-0.000784
-0.000789
-0.000790
-0.000789
-0.000785
-0.000781
-0.000776
-0.000773
-0.000771
-0.000770
-0.000769
-0.000768
-0.000766
-0.000763
-0.000758
-0.000751
-0.000742
-0.000731
-0.000718
-0.000703
-0.000686
-0.000669
-0.000654
-0.000642
-0.000633
-0.000626
-0.000623
-0.000622
-0.000623
-0.000628
-0.000638
-0.000653
-0.000674
-0.000698
-0.000724
-0.000748
-0.000767
-0.000779
-0.000784
-0.000782
-0.000774
-0.000761
-0.000744
-0.000723
-0.000699
-0.000672
-0.000644
-0.000616
-0.000590
-0.000569
-0.000555
-0.000549
-0.000550
-0.000559
-0.000572
-0.000587
-0.000602
-0.000613
-0.000621
-0.000624
-0.000625
-0.000625
-0.000625
-0.000625
-0.000625
-0.000626
-0.000628
-0.000630
-0.000633
-0.000639
-0.000648
-0.000659
-0.000672
-0.000685
-0.000694
-0.000696
-0.000690
-0.000674
-0.000646
-0.000605
-0.000552
-0.000487
-0.000410
-0.000324
-0.000232
-0.000139
-0.000051
0.000024
0.000082
0.000116
0.000125
0.000108
0.000068
0.000011
-0.000057
-0.000131
-0.000204
-0.000272
-0.000330
-0.000379
-0.000417
-0.000448
-0.000472
-0.000492
-0.000509
-0.000522
-0.000531
-0.000534
-0.000528
-0.000512
-0.000485
-0.000446
-0.000394
-0.000328
-0.000249
-0.000154
-0.000046
0.000073
0.000198
0.000321
0.000430
0.000518
0.000576
0.000598
0.000586
0.000544
0.000480
0.000403
0.000323
0.000249
0.000184
0.000131
0.000087
0.000051
0.000018
-0.000015
-0.000049
-0.000087
-0.000130
-0.000177
-0.000231
-0.000291
-0.000360
-0.000436
-0.000516
-0.000596
-0.000672
-0.000737
-0.000788
-0.000823
-0.000846
-0.000859
-0.000867
-0.000874
-0.000884
-0.000898
-0.000914
-0.000930
-0.000945
-0.000955
-0.000960
-0.000958
-0.000952
-0.000942
-0.000931
-0.000921
-0.000913
-0.000909
-0.000907
-0.000909
-0.000914
-0.000921
-0.000930
-0.000942
-0.000955
-0.000970
-0.000986
-0.001005
-0.001026
-0.001050
-0.001078
-0.001109
-0.001144
-0.001181
-0.001221
-0.001261
-0.001301
-0.001339
-0.001373
-0.001403
-0.001428
-0.001446
-0.001459
-0.001466
-0.001468
-0.001468
-0.001467
-0.001466
-0.001466
-0.001467
-0.001467
-0.001461
-0.001442
-0.001399
-0.001318
-0.001184
-0.000983
-0.000707
-0.000358
0.000047
0.000478
0.000889
0.001232
0.001460
0.001546
