-0.183648
0.033257
-0.027350
-0.004813
0.028164
-0.014446
-0.009516
0.009648
0.015586
-0.037210
0.050605
-0.033342
0.006050
0.003796
0.000275
0.007349
-0.007391
-0.005150
0.012960
0.006031
-0.019454
0.014141
-0.002372
-0.006026
0.014409
-0.011948
0.008546
-0.008470
0.006505
0.010744
-0.015043
0.011770
-0.015501
0.016733
-0.001638
-0.002027
-0.007092
0.015514
-0.008616
-0.001246
0.004768
-0.005579
0.014053
-0.010866
0.003484
0.008272
-0.015834
0.014684
-0.003794
-0.012251
0.022279
-0.017045
0.014022
0.009398
-0.020429
-0.009201
0.068227
-0.093589
0.012426
0.099429
0.158767
-0.598484
1.391155
0.896094
0.129543
0.328204
0.241186
0.195452
0.066713
0.071771
0.067381
0.088113
0.090625
0.165580
-0.011877
0.029806
0.193830
0.027730
0.047240
0.055477
0.085565
0.060934
0.073060
0.038667
0.080650
0.048112
0.051372
0.108908
0.009914
0.043900
0.092133
0.058415
0.025191
0.076929
0.034005
0.058421
0.080140
0.021717
0.038966
0.069821
0.051832
0.029909
0.040163
0.060462
0.047803
0.026228
0.055463
0.052869
0.028803
0.050255
0.035498
0.037231
0.038590
0.053430
0.037166
0.041408
0.038031
0.045417
0.034921
0.024622
0.046049
0.035023
0.031435
0.050346
0.029930
0.024364
0.040013
0.048353
0.019563
0.019483
0.048738
0.035038
0.017218
0.036319
0.028555
0.034478
0.029807
0.019426
0.039128
0.023226
0.031039
0.024958
0.011299
0.048880
0.028534
0.018291
0.023786
0.035248
0.013659
0.028728
0.025906
0.023163
0.029544
0.008389
0.031303
0.029145
0.007197
0.024939
0.021557
0.028399
0.001957
0.032318
0.030002
0.011136
0.006285
0.043100
0.000999
0.035468
-0.007134
0.040608
0.014282
0.013408
0.023505
0.024801
0.002147
0.032968
0.012763
0.003838
0.024187
0.014166
0.018310
0.016370
0.019465
0.012884
0.027760
-0.006111
0.023505
0.022877
0.008921
0.010779
0.007996
0.031731
-0.004650
0.011970
0.029590
0.020279
-0.005133
0.009209
0.039359
0.000853
0.007964
0.011955
0.028023
-0.008596
0.022960
0.009514
0.004466
0.025371
0.002855
0.012587
0.009311
0.013865
0.008051
0.011519
0.012170
0.002555
0.015697
0.006980
0.018142
-0.004223
0.020080
0.006629
0.007445
0.019792
-0.005381
0.009216
0.025182
-0.003098
-0.000013
0.019774
0.004202
0.007535
0.003187
0.003291
0.024700
-0.006892
0.016001
-0.000015
0.008811
0.017739
-0.001896
-0.001432
0.026630
-0.005769
0.004686
0.010399
0.001096
0.014824
-0.003089
0.011089
0.013108
-0.001498
-0.000286
0.010382
0.012451
0.016793
-0.006945
0.002834
0.022800
-0.001528
0.000858
0.014164
0.000866
0.006211
0.001969
0.020302
-0.017159
0.023362
0.000144
0.005317
0.001618
0.011956
0.000413
-0.001651
0.013016
0.016058
-0.021191
0.002910
0.011988
0.003806
0.003819
0.000233
0.011664
0.011753
-0.013302
0.006359
0.006619
0.015448
-0.012272
-0.001532
0.026329
-0.008742
0.002045
0.011626
-0.005072
-0.000669
0.014396
-0.004482
0.010959
-0.005340
-0.002632
0.015785
-0.002923
0.011795
-0.009064
-0.013131
0.031725
0.005415
-0.019122
0.011100
0.006488
0.004665
-0.008091
-0.002701
0.010766
0.010444
-0.002324
-0.003891
0.013587
0.005279
-0.004252
-0.001785
0.013990
0.000328
-0.000763
0.007851
-0.000107
-0.007035
0.018475
-0.002013
-0.000899
-0.005157
0.013358
0.004279
-0.014298
0.020185
-0.010481
0.000951
0.014653
-0.008262
-0.002267
0.002572
0.007513
0.007454
-0.015429
0.007100
0.007225
-0.000388
-0.010665
0.017530
-0.013052
0.018823
-0.006650
-0.006030
0.006747
0.007852
-0.015508
0.017637
-0.018071
0.019463
-0.001801
-0.002987
-0.001750
-0.005222
0.016737
-0.015057
0.006014
0.005872
-0.006571
-0.009639
0.029357
-0.019663
0.001441
0.000531
0.010740
-0.007641
0.001564
-0.003295
0.008750
-0.003989
0.001126
-0.004438
0.002519
0.004938
-0.010464
0.001769
0.009183
-0.001332
-0.006164
0.004145
0.000289
0.003848
0.000027
-0.006432
0.010559
-0.006520
-0.000046
0.010049
-0.014720
0.005914
-0.000033
-0.005424
0.014594
-0.006947
-0.015116
0.022120
-0.012763
0.004290
-0.003620
-0.001004
0.008260
-0.008697
0.007244
-0.013436
0.013649
0.002418
-0.006684
-0.009699
0.016969
-0.010091
0.006780
-0.006709
0.004912
-0.004300
-0.005724
0.011207
-0.009213
0.007681
-0.003690
-0.005966
0.007288
-0.004499
-0.000053
-0.007325
0.014952
-0.008159
-0.003562
-0.001319
0.006445
-0.004459
-0.006908
0.003378
0.005128
-0.000619
-0.009017
0.002750
0.000638
0.005252
-0.010812
-0.004569
0.016955
-0.005460
-0.020732
0.013173
0.007134
-0.011887
0.008003
-0.008749
0.010454
-0.017445
0.011329
-0.006559
0.000171
0.006418
-0.003036
-0.016853
0.018002
-0.004686
-0.008833
-0.007268
0.014391
-0.001019
-0.001203
-0.014065
0.020725
-0.015784
0.000165
0.003939
-0.007980
0.009484
-0.009764
-0.001461
0.008354
-0.003472
-0.008150
0.007431
-0.010938
0.006827
-0.002701
-0.006227
0.012896
-0.013045
0.000792
0.002407
-0.001991
0.004944
-0.014934
0.000393
0.009891
-0.002573
-0.010891
0.008838
-0.007146
0.002259
-0.009280
0.008946
-0.000272
-0.009775
-0.000589
0.004910
-0.002488
0.003691
-0.020010
0.012471
0.004417
-0.004043
-0.015265
0.013787
-0.003594
-0.003790
0.003573
-0.005432
-0.000564
0.007962
-0.003938
-0.003925
-0.007837
0.012432
-0.002954
-0.009451
0.007014
-0.015148
0.012646
-0.000530
-0.011649
-0.000872
0.009302
-0.006897
0.000612
-0.003207
-0.000964
0.000943
-0.013679
0.025753
-0.024303
-0.004593
0.010724
0.007519
-0.009129
-0.005160
-0.001140
0.001584
0.010411
-0.028785
0.014068
0.003977
-0.005938
-0.002779
-0.004782
0.008684
-0.016294
0.010186
0.006621
-0.006777
-0.013510
0.011138
-0.000625
-0.005055
-0.002821
-0.001991
0.004998
0.001476
-0.016064
0.006139
0.002300
0.004534
-0.007004
-0.010480
0.017496
-0.005189
-0.017379
0.015495
-0.003330
-0.012749
-0.000340
0.003254
0.016459
-0.023379
0.012722
-0.013627
0.008406
0.001056
0.000665
-0.018608
0.022559
-0.018264
-0.002590
0.002273
-0.000787
0.005298
0.000877
-0.006737
0.007430
-0.009390
0.002507
-0.006295
-0.001615
0.018716
-0.021483
0.007456
-0.001850
-0.001800
-0.006887
0.011410
-0.008138
0.001156
-0.004308
-0.002020
0.007766
-0.005429
0.000932
-0.011060
0.003920
0.011605
-0.009194
-0.013172
0.018838
-0.009086
0.002776
-0.007435
-0.002859
0.008068
-0.000131
-0.014575
0.009840
0.005767
-0.006512
-0.010872
0.010030
0.005824
-0.015929
-0.005884
0.020410
-0.011997
-0.011509
0.015026
0.001355
-0.003613
-0.019429
0.019216
-0.002804
-0.001057
-0.014268
0.015572
-0.009255
0.012844
-0.015061
0.001070
0.008249
0.008968
-0.006194
-0.000832
0.018517
-0.012300
0.002900
-0.004643
0.017671
-0.015170
0.001211
-0.000497
-0.008291
0.017610
-0.003049
-0.018300
0.021338
-0.000123
-0.015154
0.011260
-0.009288
0.009736
-0.006018
0.001751
0.007811
-0.018273
0.012599
-0.002516
0.004563
0.000453
-0.005640
-0.000116
0.013569
-0.011307
0.002197
-0.008114
0.006803
-0.000990
0.007131
-0.016894
0.016842
-0.008416
0.002119
0.002625
-0.009952
0.015583
-0.009165
-0.005015
0.008812
-0.007850
-0.000278
0.004326
0.005467
-0.008544
-0.002231
0.006104
0.002464
-0.005799
0.004082
0.001744
-0.010619
0.010033
0.005446
-0.017642
0.014276
-0.003824
-0.004039
0.003674
-0.001593
0.003438
-0.003605
-0.008436
0.016540
-0.004096
-0.005805
0.001730
0.008018
-0.001592
-0.008828
-0.002461
0.018431
-0.011606
-0.002383
0.005703
-0.000667
-0.002626
-0.005190
0.012646
-0.012096
0.012389
-0.007488
0.004638
-0.013265
0.021110
-0.011519
-0.001203
0.002611
0.019525
-0.025341
0.016662
-0.010714
0.013825
-0.021828
0.015925
-0.001492
0.003397
-0.002980
-0.000890
-0.002715
0.011924
-0.011139
-0.012560
0.027994
-0.011221
-0.006989
0.005381
0.004536
-0.005788
0.008747
-0.012687
0.012383
-0.009425
0.010451
-0.006296
-0.008362
0.014988
-0.003042
-0.007657
0.012696
0.001061
-0.010626
0.011632
-0.004300
0.000550
0.003317
-0.007244
0.015854
-0.007309
-0.008364
0.001604
0.006311
0.012138
-0.026924
0.014252
0.012794
-0.012004
-0.003706
0.007659
-0.001253
0.006216
-0.008359
0.011377
-0.006176
-0.005248
-0.002285
0.018897
-0.021915
0.019636
-0.002655
-0.017087
0.013505
0.004612
-0.008397
0.005836
-0.003558
0.001951
0.003728
-0.007725
0.010254
-0.005684
0.011233
-0.013961
0.011477
-0.006907
0.004200
-0.011749
0.014789
0.003929
-0.016817
0.016815
-0.004733
0.001446
-0.003543
0.001668
0.002085
-0.000123
0.006174
-0.006682
-0.006151
0.018721
-0.013676
-0.005980
0.025856
-0.013763
-0.001679
0.000641
0.005541
-0.010333
0.011779
-0.008740
0.009866
0.005327
-0.008834
0.005005
-0.008699
0.017233
-0.012419
-0.001972
0.004549
0.008273
-0.012808
0.010543
-0.003093
0.002202
0.002362
-0.005177
-0.001106
0.006122
-0.003585
0.004017
-0.003461
0.009023
-0.005449
-0.010361
0.023231
-0.006780
-0.010878
0.011493
-0.007401
0.016716
-0.024895
0.025244
-0.029823
0.050963
-0.046859
0.023877
-0.008298
0.011192
-0.006695
-0.000965
0.007914
-0.006965
0.004645
0.001889
-0.001546
-0.002341
0.008030
-0.004290
0.003828
-0.004232
0.003373
-0.001248
-0.002303
0.016069
-0.017767
0.004461
0.009952
-0.009684
-0.004804
0.016770
-0.011197
0.011850
-0.010670
0.006784
0.002315
0.001179
-0.010910
0.002223
0.011137
0.012847
-0.023850
0.001122
0.013925
0.005191
-0.012484
0.000601
0.005057
0.005732
-0.006150
-0.001607
0.006939
-0.005108
0.014703
-0.015492
0.003912
0.008995
-0.008576
0.000888
0.005890
-0.008126
0.014449
-0.024413
0.029719
-0.015588
0.016809
-0.049656
0.081608
-0.042921
-0.022188
0.022224
-0.009944
0.018267
-0.014804
-0.006835
0.018847
-0.004336
-0.001504
-0.000304
-0.013257
0.005584
0.012648
-0.012148
0.012469
-0.014460
0.004886
0.006936
-0.006984
-0.008038
0.014914
-0.011011
0.008703
0.003987
-0.016894
0.003931
0.012756
-0.005376
0.003591
-0.006060
0.010188
-0.006666
-0.003159
0.004359
-0.009931
0.015851
0.001409
-0.016219
0.007426
-0.001110
-0.002215
0.007531
-0.008239
-0.000312
0.010741
-0.014784
0.011056
-0.008435
-0.000192
0.002543
0.006409
-0.004447
-0.000610
-0.010606
0.017978
-0.003150
-0.019770
0.022462
-0.019874
0.012693
-0.009608
0.022737
-0.039421
0.036820
-0.056004
0.173099
-0.384030
0.442627
