0.001412
0.001225
0.000950
0.000639
0.000344
0.000100
-0.000072
-0.000172
-0.000214
-0.000217
-0.000203
-0.000189
-0.000183
-0.000188
-0.000202
-0.000218
-0.000232
-0.000239
-0.000240
-0.000234
-0.000223
-0.000211
-0.000199
-0.000190
-0.000183
-0.000179
-0.000176
-0.000173
-0.000169
-0.000164
-0.000158
-0.000152
-0.000147
-0.000146
-0.000150
-0.000161
-0.000179
-0.000204
-0.000232
-0.000262
-0.000287
-0.000304
-0.000305
-0.000283
-0.000224
-0.000101
0.000130
0.000553
0.001311
0.002632
0.004855
0.008452
0.014020
0.022248
0.033820
0.049278
0.068843
0.092235
0.118544
0.146208
0.173142
0.197005
0.215578
0.227158
0.230869
0.226815
0.216018
0.200194
0.181393
0.161645
0.142653
0.125618
0.111193
0.099548
0.090499
0.083658
0.078561
0.074765
0.071901
0.069687
0.067923
0.066475
0.065256
0.064202
0.063269
0.062421
0.061627
0.060863
0.060111
0.059358
0.058599
0.057835
0.057069
0.056308
0.055559
0.054826
0.054111
0.053415
0.052731
0.052056
0.051382
0.050703
0.050016
0.049320
0.048618
0.047914
0.047219
0.046539
0.045882
0.045254
0.044654
0.044078
0.043520
0.042969
0.042416
0.041855
0.041280
0.040693
0.040098
0.039503
0.038915
0.038345
0.037799
0.037281
0.036793
0.036332
0.035893
0.035471
0.035059
0.034648
0.034234
0.033811
0.033378
0.032936
0.032488
0.032040
0.031600
0.031173
0.030766
0.030380
0.030016
0.029671
0.029342
0.029025
0.028717
0.028416
0.028120
0.027829
0.027538
0.027242
0.026934
0.026607
0.026256
0.025880
0.025484
0.025077
0.024671
0.024276
0.023902
0.023553
0.023227
0.022921
0.022628
0.022342
0.022060
0.021781
0.021504
0.021231
0.020962
0.020696
0.020434
0.020173
0.019915
0.019660
0.019410
0.019168
0.018936
0.018715
0.018505
0.018303
0.018107
0.017915
0.017725
0.017537
0.017351
0.017166
0.016982
0.016795
0.016600
0.016390
0.016158
0.015900
0.015613
0.015299
0.014966
0.014621
0.014278
0.013949
0.013642
0.013365
0.013120
0.012903
0.012709
0.012529
0.012356
0.012183
0.012010
0.011837
0.011670
0.011513
0.011372
0.011253
0.011154
0.011074
0.011007
0.010947
0.010886
0.010819
0.010743
0.010657
0.010562
0.010459
0.010351
0.010238
0.010120
0.009996
0.009863
0.009720
0.009565
0.009400
0.009228
0.009054
0.008885
0.008727
0.008583
0.008455
0.008341
0.008235
0.008132
0.008026
0.007911
0.007786
0.007649
0.007503
0.007350
0.007195
0.007041
0.006892
0.006750
0.006619
0.006499
0.006389
0.006289
0.006195
0.006103
0.006009
0.005911
0.005808
0.005699
0.005587
0.005474
0.005364
0.005258
0.005159
0.005066
0.004981
0.004902
0.004829
0.004759
0.004694
0.004630
0.004568
0.004506
0.004444
0.004380
0.004314
0.004242
0.004163
0.004077
0.003984
0.003883
0.003779
0.003672
0.003567
0.003465
0.003369
0.003278
0.003193
0.003115
0.003041
0.002974
0.002912
0.002857
0.002809
0.002770
0.002737
0.002711
0.002689
0.002666
0.002639
0.002605
0.002561
0.002507
0.002445
0.002377
0.002307
0.002238
0.002173
0.002113
0.002058
0.002006
0.001955
0.001903
0.001848
0.001791
0.001733
0.001676
0.001623
0.001577
0.001540
0.001514
0.001498
0.001490
0.001488
0.001489
0.001488
0.001484
0.001474
0.001460
0.001442
0.001422
0.001401
0.001382
0.001365
0.001348
0.001329
0.001304
0.001269
0.001222
0.001160
0.001085
0.000997
0.000901
0.000804
0.000709
0.000623
0.000549
0.000488
0.000440
0.000403
0.000375
0.000353
0.000333
0.000316
0.000300
0.000285
0.000273
0.000263
0.000257
0.000254
0.000252
0.000250
0.000246
0.000238
0.000225
0.000206
0.000182
0.000155
0.000130
0.000112
0.000109
0.000126
0.000169
0.000239
0.000331
0.000437
0.000545
0.000639
0.000706
0.000737
0.000728
0.000683
0.000608
0.000516
0.000417
0.000321
0.000233
0.000153
0.000081
0.000011
-0.000058
-0.000127
-0.000197
-0.000264
-0.000326
-0.000377
-0.000417
-0.000445
-0.000462
-0.000473
-0.000482
-0.000496
-0.000519
-0.000554
-0.000602
-0.000662
-0.000729
-0.000796
-0.000859
-0.000912
-0.000953
-0.000980
-0.000994
-0.000998
-0.000996
-0.000990
-0.000986
-0.000986
-0.000992
-0.001008
-0.001035
-0.001070
-0.001113
-0.001158
-0.001200
-0.001232
-0.001250
-0.001250
-0.001233
-0.001201
-0.001160
-0.001115
-0.001073
-0.001039
-0.001016
-0.001006
-0.001010
-0.001027
-0.001055
-0.001092
-0.001134
-0.001179
-0.001222
-0.001263
-0.001301
-0.001334
-0.001364
-0.001392
-0.001420
-0.001447
-0.001476
-0.001505
-0.001536
-0.001567
-0.001598
-0.001625
-0.001647
-0.001660
-0.001660
-0.001644
-0.001614
-0.001572
-0.001523
-0.001475
-0.001437
-0.001416
-0.001414
-0.001432
-0.001466
-0.001510
-0.001557
-0.001602
-0.001639
-0.001665
-0.001681
-0.001687
-0.001687
-0.001684
-0.001683
-0.001686
-0.001696
-0.001712
-0.001732
-0.001754
-0.001774
-0.001788
-0.001796
-0.001798
-0.001797
-0.001797
-0.001802
-0.001811
-0.001826
-0.001843
-0.001858
-0.001868
-0.001870
-0.001864
-0.001849
-0.001830
-0.001810
-0.001793
-0.001781
-0.001776
-0.001775
-0.001778
-0.001782
-0.001785
-0.001789
-0.001793
-0.001801
-0.001813
-0.001832
-0.001856
-0.001882
-0.001907
-0.001926
-0.001935
-0.001935
-0.001924
-0.001906
-0.001884
-0.001861
-0.001841
-0.001826
-0.001820
-0.001823
-0.001833
-0.001850
-0.001869
-0.001887
-0.001901
-0.001907
-0.001906
-0.001900
-0.001890
-0.001880
-0.001874
-0.001875
-0.001882
-0.001897
-0.001917
-0.001940
-0.001963
-0.001985
-0.002003
-0.002015
-0.002021
-0.002022
-0.002019
-0.002013
-0.002006
-0.002001
-0.002000
-0.002003
-0.002009
-0.002019
-0.002030
-0.002041
-0.002049
-0.002055
-0.002056
-0.002053
-0.002047
-0.002038
-0.002028
-0.002017
-0.002007
-0.001998
-0.001992
-0.001989
-0.001990
-0.001994
-0.002001
-0.002009
-0.002018
-0.002026
-0.002032
-0.002035
-0.002035
-0.002032
-0.002025
-0.002016
-0.002006
-0.001997
-0.001991
-0.001989
-0.001991
-0.001995
-0.002001
-0.002005
-0.002005
-0.002001
-0.001991
-0.001977
-0.001960
-0.001942
-0.001926
-0.001913
-0.001903
-0.001897
-0.001895
-0.001896
-0.001900
-0.001905
-0.001909
-0.001911
-0.001908
-0.001899
-0.001882
-0.001855
-0.001819
-0.001775
-0.001725
-0.001672
-0.001620
-0.001573
-0.001534
-0.001506
-0.001490
-0.001486
-0.001493
-0.001510
-0.001535
-0.001565
-0.001599
-0.001634
-0.001665
-0.001692
-0.001710
-0.001720
-0.001720
-0.001714
-0.001703
-0.001692
-0.001682
-0.001678
-0.001679
-0.001686
-0.001697
-0.001709
-0.001720
-0.001725
-0.001723
-0.001711
-0.001690
-0.001658
-0.001618
-0.001572
-0.001522
-0.001472
-0.001427
-0.001389
-0.001363
-0.001350
-0.001352
-0.001365
-0.001386
-0.001407
-0.001420
-0.001419
-0.001396
-0.001350
-0.001283
-0.001201
-0.001111
-0.001025
-0.000953
-0.000903
-0.000879
-0.000881
-0.000907
-0.000949
-0.001002
-0.001060
-0.001118
-0.001174
-0.001229
-0.001283
-0.001334
-0.001383
-0.001427
-0.001463
-0.001490
-0.001505
-0.001511
-0.001507
-0.001498
-0.001486
-0.001475
-0.001467
-0.001462
-0.001461
-0.001461
-0.001460
-0.001456
-0.001449
-0.001439
-0.001426
-0.001413
-0.001404
-0.001399
-0.001401
-0.001409
-0.001423
-0.001440
-0.001458
-0.001473
-0.001482
-0.001486
-0.001483
-0.001475
-0.001464
-0.001454
-0.001445
-0.001441
-0.001444
-0.001452
-0.001467
-0.001485
-0.001504
-0.001521
-0.001533
-0.001536
-0.001530
-0.001512
-0.001485
-0.001451
-0.001414
-0.001375
-0.001338
-0.001305
-0.001278
-0.001259
-0.001248
-0.001247
-0.001256
-0.001273
-0.001298
-0.001327
-0.001358
-0.001387
-0.001411
-0.001429
-0.001440
-0.001445
-0.001446
-0.001443
-0.001439
-0.001437
-0.001436
-0.001439
-0.001444
-0.001450
-0.001458
-0.001464
-0.001469
-0.001472
-0.001474
-0.001475
-0.001475
-0.001473
-0.001469
-0.001461
-0.001447
-0.001426
-0.001398
-0.001362
-0.001321
-0.001280
-0.001243
-0.001212
-0.001191
-0.001177
-0.001167
-0.001151
-0.001118
-0.001056
-0.000952
-0.000801
-0.000602
-0.000363
-0.000100
0.000164
0.000404
0.000595
0.000721
0.000774
0.000755
0.000677
0.000559
0.000421
0.000284
0.000160
0.000054
-0.000032
-0.000103
-0.000164
-0.000222
-0.000276
-0.000328
-0.000374
-0.000409
-0.000430
-0.000434
-0.000416
-0.000378
-0.000318
-0.000239
-0.000146
-0.000044
0.000057
0.000147
0.000217
0.000258
0.000267
0.000243
0.000192
0.000124
0.000050
-0.000021
-0.000080
-0.000124
-0.000152
-0.000167
-0.000174
-0.000178
-0.000181
-0.000186
-0.000194
-0.000204
-0.000215
-0.000227
-0.000240
-0.000252
-0.000264
-0.000274
-0.000281
-0.000286
-0.000288
-0.000286
-0.000282
-0.000278
-0.000273
-0.000271
-0.000270
-0.000272
-0.000276
-0.000283
-0.000292
-0.000304
-0.000319
-0.000333
-0.000346
-0.000353
-0.000351
-0.000337
-0.000308
-0.000266
-0.000214
-0.000157
-0.000103
-0.000058
-0.000028
-0.000019
-0.000032
-0.000065
-0.000114
-0.000174
-0.000236
-0.000292
-0.000337
-0.000366
-0.000376
-0.000369
-0.000349
-0.000323
-0.000297
-0.000277
-0.000269
-0.000274
-0.000291
-0.000317
-0.000348
-0.000378
-0.000403
-0.000422
-0.000432
-0.000435
-0.000432
-0.000426
-0.000419
-0.000413
-0.000410
-0.000408
-0.000409
-0.000409
-0.000406
-0.000399
-0.000384
-0.000361
-0.000330
-0.000292
-0.000252
-0.000214
-0.000181
-0.000160
-0.000152
-0.000159
-0.000180
-0.000211
-0.000250
-0.000292
-0.000333
-0.000369
-0.000398
-0.000419
-0.000432
-0.000435
-0.000430
-0.000417
-0.000395
-0.000366
-0.000332
-0.000294
-0.000253
-0.000212
-0.000173
-0.000135
-0.000100
-0.000069
-0.000041
-0.000019
-0.000002
0.000008
0.000010
0.000004
-0.000012
-0.000036
-0.000069
-0.000110
-0.000157
-0.000208
-0.000259
-0.000308
-0.000354
-0.000395
-0.000435
-0.000477
-0.000527
-0.000590
-0.000668
-0.000761
-0.000864
-0.000969
-0.001066
-0.001146
-0.001200
-0.001228
-0.001229
-0.001210
-0.001175
-0.001133
-0.001089
-0.001046
-0.001010
-0.000983
-0.000967
-0.000964
-0.000975
-0.000999
-0.001033
-0.001073
-0.001114
-0.001151
-0.001180
-0.001201
-0.001213
-0.001219
-0.001221
-0.001222
-0.001222
-0.001222
-0.001220
-0.001215
-0.001206
-0.001192
-0.001174
-0.001154
-0.001137
-0.001124
-0.001117
-0.001115
-0.001115
-0.001113
-0.001103
-0.001082
-0.001047
-0.001000
-0.000943
-0.000883
-0.000824
-0.000775
-0.000740
-0.000722
-0.000723
-0.000745
-0.000784
-0.000838
-0.000903
-0.000972
-0.001034
-0.001075
-0.001077
-0.001021
-0.000890
-0.000673
-0.000369
0.000005
0.000416
0.000817
0.001156
0.001384
0.001472
