-0.305457
0.050240
-0.054958
-0.011194
0.031899
-0.017499
-0.005406
-0.009333
0.026066
-0.050566
0.072951
-0.054660
-0.015050
0.038689
-0.020644
-0.001860
-0.008258
0.002115
-0.007645
0.020333
-0.052534
0.050935
-0.038221
0.006295
0.011508
-0.019956
0.005788
-0.002866
-0.002555
-0.006917
-0.000341
0.002267
-0.023765
0.023232
-0.020267
0.007054
-0.015883
0.021816
-0.024424
0.006216
-0.016444
0.022049
-0.023057
0.009017
-0.018950
0.008274
-0.003507
-0.014159
0.010943
-0.015316
0.011161
-0.015922
0.011101
0.001173
-0.042020
0.026057
0.066989
-0.163229
-0.020310
0.424360
-0.331653
-0.941049
2.433421
1.412827
0.943128
0.622390
0.604175
0.435781
0.201223
0.075576
0.213575
0.174907
0.134526
0.343482
0.033167
0.069171
0.219279
0.224323
0.083332
0.113965
0.159867
0.105931
0.133021
0.107032
0.174528
0.051342
0.131267
0.162146
0.066986
0.097320
0.136422
0.149868
0.071455
0.112761
0.079504
0.136598
0.122985
0.078034
0.092989
0.100458
0.104058
0.105414
0.067190
0.108476
0.109056
0.084878
0.089168
0.086507
0.095674
0.080432
0.083743
0.093617
0.074572
0.085270
0.082975
0.087980
0.058429
0.085355
0.082420
0.069056
0.084070
0.072875
0.073369
0.074528
0.075900
0.065629
0.067787
0.084245
0.068521
0.045599
0.086656
0.054937
0.075342
0.057748
0.066789
0.054379
0.073071
0.057382
0.055315
0.073057
0.037624
0.086710
0.032536
0.081861
0.031331
0.072894
0.051005
0.049692
0.044362
0.058745
0.047421
0.054064
0.057645
0.035640
0.070057
0.033634
0.054615
0.039012
0.065597
0.047019
0.036156
0.039739
0.066175
0.033868
0.032504
0.055399
0.051482
0.030094
0.057174
0.025095
0.053130
0.040597
0.027661
0.042088
0.052698
0.051413
0.024863
0.033276
0.053161
0.040692
0.017796
0.058949
0.018467
0.041844
0.046764
0.021858
0.044108
0.036445
0.029472
0.025097
0.042392
0.040955
0.016454
0.035021
0.036056
0.031397
0.018419
0.041236
0.033321
0.023640
0.017386
0.041211
0.037437
0.024154
0.029046
-0.000077
0.051662
0.039806
0.006412
0.029819
0.032052
0.024174
0.030087
0.021869
0.030348
0.019670
0.034090
0.014110
0.031430
0.022386
0.022134
0.017347
0.031721
0.021193
0.017218
0.020754
0.032524
0.020580
0.009543
0.020413
0.023264
0.028604
0.011399
0.020238
0.029593
0.016588
0.031052
-0.000110
0.038042
0.007679
0.009997
0.033667
0.014528
0.009149
0.014048
0.031908
0.023016
0.014239
-0.001480
0.038365
0.013947
0.008973
0.020423
0.003233
0.028201
0.023260
0.000196
0.023260
0.022684
0.007557
0.017662
0.007476
0.020377
0.026885
-0.005137
0.021763
0.009895
0.035238
-0.003788
0.017755
0.014649
0.025391
-0.003401
0.015834
0.014618
0.024106
-0.007155
0.022310
0.014870
0.016633
-0.001859
0.022748
0.015952
0.010775
0.017397
-0.010456
0.026583
0.011542
0.004723
0.009630
0.029474
-0.005534
0.005552
0.006871
0.019638
0.016150
-0.004819
0.001603
0.027385
0.006584
0.019430
-0.009907
0.016732
0.022073
-0.015303
0.021752
0.011072
-0.001816
0.013336
0.004725
0.012598
0.013429
-0.007542
0.008310
0.022642
0.000466
0.013488
-0.023017
0.034082
0.013222
-0.001178
-0.004499
0.031173
-0.009323
0.002664
0.006615
0.018432
0.007320
-0.001494
-0.003346
0.022028
0.007747
-0.012641
0.012357
0.016503
0.003059
-0.000327
0.007450
0.022694
-0.011214
0.002191
0.003520
0.017959
-0.012428
0.010608
0.010207
0.011428
-0.010868
0.005405
0.002021
0.017983
0.008079
-0.008598
0.004906
0.013994
-0.009942
0.010800
0.004235
0.000439
0.002150
0.012252
-0.000584
0.005572
-0.002116
0.013637
-0.010236
0.009982
0.013338
-0.012245
0.001646
0.021116
0.000146
-0.011350
0.015172
0.010539
-0.015917
0.006309
0.005097
0.015722
-0.003552
0.002161
-0.010071
0.011856
0.010189
-0.009341
0.008821
-0.001663
0.004396
-0.000471
0.004910
0.007158
0.004028
-0.008244
-0.000116
0.015500
-0.002529
0.010066
-0.021044
0.002672
0.032118
-0.016990
0.000158
0.005927
0.002733
-0.000623
0.010229
-0.002526
-0.000464
0.006459
-0.008035
0.018538
-0.009369
0.012386
-0.022499
0.019750
0.002940
-0.014027
0.004775
0.011260
0.003160
-0.014786
0.021272
-0.005814
-0.002484
0.009226
-0.014129
0.018434
-0.005106
0.000895
-0.014150
0.017638
0.008233
-0.023716
0.004355
0.029929
-0.013370
-0.007198
-0.008360
0.013619
0.011656
-0.019104
0.011748
-0.003858
0.000892
0.005028
-0.005494
-0.001942
0.010388
-0.000039
-0.018380
0.022501
-0.014032
0.009353
-0.010003
0.008169
-0.002136
-0.002571
0.011313
-0.010606
0.011774
-0.013607
0.006336
-0.008439
0.015335
-0.015805
0.000335
0.008014
0.002077
-0.001305
0.008386
-0.021932
0.017361
-0.006727
0.001404
-0.007016
0.018734
-0.014201
-0.012742
0.012008
0.008456
-0.006220
-0.014012
0.025464
-0.027192
0.010811
-0.001897
-0.001798
0.002900
-0.002638
0.000046
0.003499
0.003841
-0.013927
0.003699
-0.000583
0.006846
-0.013013
0.005993
0.008029
-0.017511
-0.004517
0.023322
-0.012003
-0.000807
-0.015034
0.013542
0.003088
-0.002176
-0.007407
-0.001934
0.012126
-0.007068
-0.003925
-0.009447
0.021367
-0.012635
-0.008904
0.003041
0.004266
0.009248
-0.022495
0.010383
0.009006
-0.006852
-0.008424
-0.006169
0.011905
0.005748
-0.027978
0.008911
0.019469
-0.009330
-0.019200
0.017421
-0.004789
-0.000447
-0.003064
-0.010945
0.028182
-0.023137
0.006581
-0.014060
0.016761
-0.003022
-0.009480
-0.012092
0.021429
-0.003947
-0.015346
0.008200
0.002328
-0.005303
-0.001851
0.002602
-0.013969
0.021579
-0.019632
0.000764
-0.000480
0.017119
-0.022713
-0.003740
0.019710
-0.017255
0.005496
0.002590
0.008370
-0.012241
0.008976
-0.013362
0.017159
-0.007806
-0.003053
-0.006005
0.005488
0.006579
-0.010075
-0.002888
-0.000321
0.004929
0.004011
-0.016861
0.002174
0.008131
-0.004965
-0.001288
-0.002943
0.001886
0.005641
-0.015489
0.000242
0.014050
-0.006204
-0.016996
0.020238
-0.010158
-0.011085
0.010049
0.002669
-0.005321
0.001670
-0.023829
0.016161
0.008341
-0.013015
-0.007004
0.005780
0.024604
-0.043475
0.010013
0.035257
-0.020690
0.019872
0.001786
0.026187
-0.002759
0.009388
-0.010803
0.012174
-0.002227
0.008597
-0.015311
0.008143
0.015472
-0.020718
0.004650
0.011539
-0.003315
-0.008692
0.004434
0.014129
-0.010381
-0.000277
0.001898
0.003786
0.003834
-0.016728
0.008462
-0.003236
0.015088
-0.009097
-0.011758
0.020561
-0.013383
0.001460
0.005003
-0.002137
-0.000418
-0.003449
0.003742
0.006660
-0.006428
-0.003660
0.013724
-0.015710
0.008226
-0.005087
0.000593
0.007492
0.006621
-0.011312
-0.003419
-0.005729
0.015142
-0.014138
0.009087
0.010820
-0.013936
-0.004438
0.001069
0.018472
-0.001285
-0.016223
-0.004068
0.028367
-0.019120
-0.009304
0.007096
0.004165
-0.010308
0.015333
-0.024357
0.018478
0.005336
-0.014647
0.006671
-0.014903
0.027481
-0.018233
-0.004550
0.015839
-0.005026
-0.017008
0.012802
-0.001062
-0.000824
-0.006954
0.008822
-0.006385
0.011141
-0.012641
-0.004164
0.015809
0.004462
-0.022711
0.000324
0.019963
-0.004782
-0.008304
0.005802
0.006374
-0.015404
0.002846
0.002074
0.005462
0.005084
-0.009041
-0.010684
0.005551
0.012713
-0.015915
0.003276
0.011370
-0.018971
0.013599
-0.014879
0.015108
-0.007199
-0.008095
0.009723
0.000213
0.013261
-0.020553
0.005766
-0.000658
0.017860
-0.022266
0.012458
-0.001992
-0.001752
-0.012583
0.020248
-0.009921
0.011416
-0.003694
-0.009658
0.014259
-0.004994
-0.000154
-0.007820
0.009628
-0.001273
-0.003779
-0.001750
0.000995
0.018902
-0.028774
0.012033
-0.001113
0.006248
-0.023552
0.027559
-0.019242
0.012248
-0.005395
-0.014090
0.022782
-0.018556
0.011000
0.001827
0.009322
-0.026150
0.015968
-0.000536
-0.003923
0.001075
-0.003902
-0.005599
0.004334
-0.003166
0.014329
-0.021573
0.008830
0.001420
-0.007528
-0.007553
0.024639
-0.013322
-0.005420
0.001365
0.004324
-0.003085
-0.001731
-0.002219
0.002796
0.006639
-0.006660
-0.006067
0.003535
0.008114
-0.007813
-0.006304
0.013435
-0.002256
-0.016457
0.010507
-0.001323
0.004625
-0.009056
0.008100
-0.013757
0.025992
-0.020581
-0.010012
0.005629
0.017113
-0.017419
-0.009028
0.025972
-0.013754
0.000440
0.000167
0.012776
-0.013340
0.006807
-0.014888
0.022048
-0.003300
-0.017440
0.004444
0.003923
0.010891
-0.019763
0.001356
0.003494
0.007765
-0.003263
0.001843
0.007452
-0.005537
-0.000678
-0.006848
0.012074
0.000927
-0.012110
0.009374
-0.006517
0.022426
-0.037489
0.014088
0.019347
-0.018546
-0.011140
0.020677
-0.006445
-0.009381
0.007077
-0.000949
0.007691
-0.013040
0.001952
-0.001232
-0.003972
0.014878
-0.018006
0.010114
-0.001150
0.003334
-0.015655
0.009772
0.002534
-0.004576
0.004634
-0.010298
0.003418
0.002566
-0.008231
-0.004687
0.013880
0.004661
-0.020946
0.007978
0.004932
0.004185
-0.024295
0.029145
-0.025449
0.027225
-0.044433
0.046495
-0.054172
0.076089
-0.074990
0.033697
-0.011355
0.011744
-0.006563
-0.007164
0.007708
-0.000660
0.002773
-0.007889
0.001269
0.002531
-0.011743
0.014663
-0.008205
0.006492
-0.003022
-0.022765
0.027139
-0.002839
-0.020788
0.011009
0.010177
-0.009693
-0.003704
-0.008635
0.017834
-0.001968
-0.020558
0.003121
0.014400
-0.002727
-0.010468
-0.003966
0.008610
0.006343
-0.018029
0.005172
0.006563
-0.002042
-0.014443
0.007759
0.002699
-0.003050
-0.014350
0.014029
-0.005276
0.001493
-0.002529
-0.006160
0.001366
0.009281
-0.015764
0.001218
0.001531
0.008593
-0.013280
-0.007380
-0.002942
0.031428
-0.020921
-0.063860
0.122856
-0.073066
-0.009158
-0.016870
0.008587
0.017324
-0.025906
0.002441
0.005182
0.001404
-0.025431
0.031236
-0.027583
-0.003700
0.010682
-0.007932
-0.001662
0.002064
-0.014717
-0.004641
0.007546
-0.004549
-0.003645
-0.016873
0.018618
-0.008488
-0.013510
-0.000178
0.003686
-0.001883
-0.013877
-0.007214
0.014166
-0.009971
-0.004237
-0.007745
-0.001323
-0.002216
0.004633
-0.030574
0.031370
-0.021983
-0.005850
0.000815
-0.000170
-0.003610
-0.010039
-0.001187
-0.005236
0.000433
-0.006536
0.005430
-0.009088
0.002677
-0.006441
-0.004137
-0.001653
-0.007806
-0.003768
-0.000255
-0.008267
-0.000355
-0.029094
0.056937
-0.080899
0.050355
-0.082280
0.290638
-0.652714
0.737475
