0.002226
0.001951
0.001556
0.001112
0.000687
0.000329
0.000065
-0.000106
-0.000202
-0.000248
-0.000267
-0.000277
-0.000285
-0.000294
-0.000301
-0.000305
-0.000303
-0.000299
-0.000295
-0.000295
-0.000304
-0.000322
-0.000349
-0.000384
-0.000423
-0.000464
-0.000503
-0.000539
-0.000569
-0.000592
-0.000609
-0.000617
-0.000619
-0.000615
-0.000607
-0.000596
-0.000584
-0.000574
-0.000566
-0.000562
-0.000562
-0.000563
-0.000562
-0.000549
-0.000509
-0.000408
-0.000183
0.000282
0.001192
0.002883
0.005878
0.010923
0.019002
0.031288
0.049015
0.073243
0.104550
0.142699
0.186374
0.233085
0.279335
0.321062
0.354284
0.375823
0.383893
0.378422
0.361006
0.334514
0.302491
0.268491
0.235533
0.205766
0.180376
0.159697
0.143439
0.130954
0.121468
0.114242
0.108660
0.104258
0.100706
0.097780
0.095327
0.093237
0.091427
0.089829
0.088387
0.087058
0.085806
0.084605
0.083436
0.082282
0.081133
0.079978
0.078812
0.077628
0.076430
0.075220
0.074010
0.072813
0.071642
0.070510
0.069427
0.068396
0.067415
0.066479
0.065578
0.064704
0.063845
0.062996
0.062152
0.061312
0.060479
0.059660
0.058862
0.058095
0.057364
0.056674
0.056023
0.055409
0.054824
0.054260
0.053706
0.053155
0.052598
0.052031
0.051449
0.050853
0.050244
0.049627
0.049005
0.048386
0.047773
0.047171
0.046580
0.045998
0.045422
0.044845
0.044261
0.043665
0.043055
0.042430
0.041794
0.041151
0.040512
0.039885
0.039279
0.038702
0.038158
0.037643
0.037154
0.036683
0.036220
0.035758
0.035295
0.034830
0.034369
0.033917
0.033481
0.033066
0.032672
0.032297
0.031937
0.031585
0.031234
0.030876
0.030507
0.030121
0.029715
0.029289
0.028841
0.028376
0.027898
0.027415
0.026935
0.026467
0.026020
0.025601
0.025215
0.024864
0.024551
0.024273
0.024027
0.023809
0.023611
0.023423
0.023235
0.023036
0.022819
0.022577
0.022309
0.022018
0.021710
0.021395
0.021083
0.020783
0.020501
0.020239
0.019995
0.019767
0.019546
0.019329
0.019111
0.018890
0.018667
0.018442
0.018218
0.017996
0.017776
0.017556
0.017337
0.017118
0.016901
0.016689
0.016486
0.016297
0.016122
0.015963
0.015819
0.015686
0.015559
0.015432
0.015301
0.015159
0.015000
0.014822
0.014622
0.014401
0.014161
0.013910
0.013652
0.013395
0.013144
0.012902
0.012671
0.012450
0.012239
0.012038
0.011849
0.011672
0.011512
0.011370
0.011248
0.011144
0.011055
0.010975
0.010897
0.010814
0.010719
0.010607
0.010475
0.010326
0.010161
0.009986
0.009809
0.009635
0.009474
0.009331
0.009213
0.009123
0.009062
0.009027
0.009013
0.009010
0.009006
0.008991
0.008956
0.008894
0.008806
0.008696
0.008569
0.008438
0.008310
0.008196
0.008102
0.008034
0.007992
0.007973
0.007970
0.007976
0.007978
0.007966
0.007932
0.007872
0.007784
0.007673
0.007542
0.007397
0.007243
0.007082
0.006915
0.006744
0.006572
0.006403
0.006240
0.006090
0.005957
0.005845
0.005753
0.005680
0.005620
0.005568
0.005515
0.005457
0.005389
0.005310
0.005221
0.005126
0.005027
0.004930
0.004837
0.004750
0.004668
0.004592
0.004519
0.004447
0.004374
0.004297
0.004216
0.004129
0.004039
0.003947
0.003857
0.003773
0.003697
0.003633
0.003582
0.003542
0.003510
0.003481
0.003450
0.003411
0.003361
0.003295
0.003216
0.003125
0.003028
0.002931
0.002842
0.002767
0.002711
0.002677
0.002664
0.002670
0.002689
0.002714
0.002737
0.002749
0.002747
0.002727
0.002689
0.002636
0.002572
0.002503
0.002433
0.002366
0.002304
0.002247
0.002194
0.002144
0.002097
0.002052
0.002009
0.001970
0.001937
0.001911
0.001896
0.001893
0.001904
0.001928
0.001964
0.002007
0.002050
0.002086
0.002104
0.002096
0.002057
0.001986
0.001886
0.001766
0.001637
0.001512
0.001402
0.001314
0.001251
0.001210
0.001186
0.001170
0.001154
0.001132
0.001101
0.001061
0.001014
0.000965
0.000919
0.000881
0.000853
0.000838
0.000836
0.000844
0.000861
0.000886
0.000915
0.000948
0.000982
0.001017
0.001051
0.001082
0.001106
0.001122
0.001126
0.001117
0.001095
0.001061
0.001016
0.000961
0.000901
0.000837
0.000774
0.000715
0.000664
0.000625
0.000601
0.000593
0.000602
0.000625
0.000658
0.000695
0.000728
0.000751
0.000757
0.000744
0.000710
0.000659
0.000599
0.000538
0.000485
0.000444
0.000418
0.000406
0.000401
0.000395
0.000381
0.000355
0.000313
0.000256
0.000188
0.000115
0.000042
-0.000024
-0.000079
-0.000120
-0.000143
-0.000150
-0.000141
-0.000119
-0.000084
-0.000039
0.000017
0.000085
0.000165
0.000255
0.000349
0.000440
0.000519
0.000578
0.000609
0.000609
0.000580
0.000526
0.000454
0.000373
0.000290
0.000210
0.000138
0.000074
0.000019
-0.000026
-0.000063
-0.000092
-0.000113
-0.000126
-0.000131
-0.000130
-0.000123
-0.000111
-0.000097
-0.000082
-0.000070
-0.000063
-0.000062
-0.000070
-0.000085
-0.000106
-0.000130
-0.000155
-0.000179
-0.000201
-0.000220
-0.000237
-0.000250
-0.000261
-0.000269
-0.000273
-0.000274
-0.000272
-0.000267
-0.000261
-0.000254
-0.000249
-0.000247
-0.000249
-0.000257
-0.000268
-0.000284
-0.000300
-0.000317
-0.000331
-0.000343
-0.000350
-0.000355
-0.000355
-0.000353
-0.000347
-0.000340
-0.000332
-0.000325
-0.000322
-0.000323
-0.000328
-0.000338
-0.000350
-0.000361
-0.000370
-0.000374
-0.000371
-0.000361
-0.000345
-0.000328
-0.000313
-0.000305
-0.000308
-0.000323
-0.000351
-0.000388
-0.000429
-0.000470
-0.000504
-0.000528
-0.000540
-0.000539
-0.000528
-0.000509
-0.000486
-0.000463
-0.000443
-0.000427
-0.000417
-0.000410
-0.000405
-0.000399
-0.000389
-0.000376
-0.000357
-0.000332
-0.000301
-0.000265
-0.000224
-0.000179
-0.000130
-0.000079
-0.000029
0.000016
0.000054
0.000082
0.000096
0.000097
0.000087
0.000069
0.000047
0.000026
0.000006
-0.000012
-0.000031
-0.000054
-0.000082
-0.000116
-0.000152
-0.000187
-0.000217
-0.000236
-0.000246
-0.000247
-0.000241
-0.000234
-0.000228
-0.000222
-0.000216
-0.000206
-0.000188
-0.000156
-0.000107
-0.000039
0.000047
0.000147
0.000255
0.000363
0.000462
0.000544
0.000605
0.000643
0.000659
0.000655
0.000634
0.000601
0.000556
0.000504
0.000443
0.000377
0.000307
0.000237
0.000171
0.000110
0.000060
0.000019
-0.000009
-0.000027
-0.000034
-0.000031
-0.000019
-0.000001
0.000021
0.000045
0.000068
0.000087
0.000100
0.000106
0.000105
0.000100
0.000092
0.000085
0.000083
0.000087
0.000098
0.000113
0.000131
0.000146
0.000155
0.000156
0.000148
0.000132
0.000111
0.000089
0.000068
0.000048
0.000031
0.000015
-0.000001
-0.000016
-0.000031
-0.000043
-0.000050
-0.000050
-0.000042
-0.000026
-0.000004
0.000023
0.000053
0.000087
0.000127
0.000174
0.000231
0.000302
0.000387
0.000486
0.000597
0.000714
0.000832
0.000945
0.001044
0.001125
0.001183
0.001215
0.001222
0.001202
0.001157
0.001090
0.001005
0.000908
0.000806
0.000709
0.000624
0.000558
0.000515
0.000494
0.000492
0.000502
0.000518
0.000533
0.000544
0.000549
0.000549
0.000546
0.000545
0.000547
0.000558
0.000577
0.000606
0.000640
0.000677
0.000710
0.000733
0.000741
0.000732
0.000708
0.000674
0.000637
0.000604
0.000578
0.000561
0.000552
0.000547
0.000543
0.000537
0.000529
0.000521
0.000515
0.000513
0.000517
0.000526
0.000536
0.000544
0.000547
0.000542
0.000527
0.000503
0.000471
0.000433
0.000392
0.000351
0.000314
0.000284
0.000263
0.000252
0.000252
0.000261
0.000280
0.000307
0.000342
0.000384
0.000431
0.000480
0.000530
0.000578
0.000622
0.000664
0.000704
0.000742
0.000781
0.000818
0.000853
0.000883
0.000905
0.000917
0.000917
0.000905
0.000883
0.000854
0.000821
0.000787
0.000754
0.000724
0.000696
0.000671
0.000649
0.000629
0.000613
0.000600
0.000591
0.000586
0.000584
0.000583
0.000581
0.000579
0.000573
0.000564
0.000552
0.000537
0.000521
0.000503
0.000486
0.000470
0.000454
0.000441
0.000430
0.000421
0.000415
0.000411
0.000409
0.000409
0.000410
0.000412
0.000416
0.000423
0.000432
0.000444
0.000459
0.000474
0.000490
0.000502
0.000510
0.000513
0.000511
0.000506
0.000497
0.000486
0.000473
0.000459
0.000445
0.000429
0.000414
0.000399
0.000386
0.000376
0.000369
0.000368
0.000373
0.000385
0.000404
0.000430
0.000459
0.000488
0.000514
0.000536
0.000553
0.000566
0.000578
0.000592
0.000608
0.000628
0.000648
0.000668
0.000683
0.000693
0.000694
0.000688
0.000674
0.000654
0.000628
0.000599
0.000570
0.000541
0.000514
0.000490
0.000471
0.000456
0.000449
0.000448
0.000456
0.000470
0.000490
0.000514
0.000537
0.000557
0.000569
0.000571
0.000563
0.000544
0.000517
0.000485
0.000452
0.000421
0.000398
0.000383
0.000379
0.000383
0.000393
0.000406
0.000418
0.000425
0.000427
0.000424
0.000419
0.000413
0.000408
0.000406
0.000406
0.000406
0.000406
0.000404
0.000402
0.000401
0.000400
0.000400
0.000400
0.000400
0.000399
0.000395
0.000389
0.000383
0.000377
0.000372
0.000368
0.000364
0.000359
0.000351
0.000342
0.000333
0.000327
0.000328
0.000339
0.000362
0.000398
0.000448
0.000513
0.000590
0.000679
0.000774
0.000870
0.000961
0.001036
0.001088
0.001111
0.001102
0.001063
0.000999
0.000920
0.000836
0.000758
0.000695
0.000653
0.000635
0.000639
0.000660
0.000691
0.000723
0.000747
0.000755
0.000746
0.000718
0.000676
0.000626
0.000574
0.000528
0.000489
0.000458
0.000430
0.000395
0.000344
0.000265
0.000151
0.000002
-0.000175
-0.000363
-0.000545
-0.000697
-0.000804
-0.000857
-0.000858
-0.000820
-0.000760
-0.000697
-0.000645
-0.000615
-0.000608
-0.000620
-0.000644
-0.000672
-0.000699
-0.000721
-0.000737
-0.000749
-0.000758
-0.000766
-0.000774
-0.000781
-0.000786
-0.000790
-0.000790
-0.000788
-0.000785
-0.000783
-0.000785
-0.000794
-0.000812
-0.000841
-0.000883
-0.000935
-0.000998
-0.001068
-0.001141
-0.001215
-0.001285
-0.001348
-0.001401
-0.001443
-0.001475
-0.001496
-0.001511
-0.001523
-0.001534
-0.001546
-0.001562
-0.001581
-0.001605
-0.001634
-0.001669
-0.001711
-0.001757
-0.001804
-0.001843
-0.001859
-0.001833
-0.001743
-0.001565
-0.001281
-0.000882
-0.000376
0.000210
0.000828
0.001412
0.001893
0.002209
0.002322
