0.000977
0.000834
0.000639
0.000425
0.000223
0.000056
-0.000065
-0.000138
-0.000171
-0.000175
-0.000163
-0.000144
-0.000126
-0.000112
-0.000104
-0.000102
-0.000102
-0.000104
-0.000106
-0.000107
-0.000107
-0.000106
-0.000107
-0.000111
-0.000119
-0.000133
-0.000152
-0.000176
-0.000201
-0.000225
-0.000245
-0.000258
-0.000262
-0.000257
-0.000244
-0.000225
-0.000205
-0.000185
-0.000169
-0.000157
-0.000149
-0.000141
-0.000130
-0.000107
-0.000058
0.000041
0.000236
0.000606
0.001287
0.002485
0.004508
0.007767
0.012778
0.020109
0.030304
0.043752
0.060535
0.080286
0.102098
0.124542
0.145798
0.163919
0.177152
0.184264
0.184768
0.179001
0.168028
0.153408
0.136888
0.120104
0.104356
0.090504
0.078955
0.069747
0.062663
0.057357
0.053446
0.050577
0.048458
0.046864
0.045628
0.044631
0.043786
0.043033
0.042329
0.041647
0.040972
0.040297
0.039620
0.038945
0.038273
0.037608
0.036954
0.036314
0.035693
0.035096
0.034529
0.033995
0.033498
0.033034
0.032597
0.032176
0.031759
0.031337
0.030900
0.030447
0.029977
0.029493
0.029001
0.028506
0.028010
0.027516
0.027023
0.026533
0.026046
0.025563
0.025086
0.024620
0.024169
0.023736
0.023325
0.022938
0.022573
0.022227
0.021899
0.021583
0.021278
0.020983
0.020697
0.020420
0.020152
0.019891
0.019634
0.019375
0.019110
0.018836
0.018549
0.018250
0.017943
0.017632
0.017325
0.017027
0.016747
0.016489
0.016257
0.016050
0.015866
0.015701
0.015547
0.015399
0.015249
0.015091
0.014921
0.014735
0.014529
0.014302
0.014054
0.013788
0.013508
0.013222
0.012938
0.012667
0.012417
0.012195
0.012003
0.011840
0.011700
0.011574
0.011452
0.011323
0.011180
0.011022
0.010850
0.010671
0.010495
0.010329
0.010181
0.010052
0.009940
0.009841
0.009747
0.009651
0.009547
0.009431
0.009300
0.009156
0.009000
0.008836
0.008667
0.008494
0.008320
0.008148
0.007978
0.007813
0.007656
0.007508
0.007369
0.007241
0.007122
0.007012
0.006910
0.006816
0.006731
0.006656
0.006590
0.006528
0.006467
0.006399
0.006319
0.006224
0.006111
0.005982
0.005840
0.005690
0.005536
0.005383
0.005233
0.005089
0.004953
0.004825
0.004708
0.004600
0.004502
0.004414
0.004333
0.004257
0.004187
0.004121
0.004059
0.004002
0.003949
0.003899
0.003851
0.003801
0.003747
0.003686
0.003619
0.003547
0.003472
0.003397
0.003324
0.003253
0.003182
0.003110
0.003035
0.002956
0.002871
0.002781
0.002686
0.002587
0.002485
0.002383
0.002283
0.002189
0.002105
0.002034
0.001978
0.001938
0.001912
0.001897
0.001890
0.001888
0.001888
0.001888
0.001887
0.001882
0.001870
0.001849
0.001815
0.001766
0.001701
0.001622
0.001532
0.001438
0.001347
0.001265
0.001197
0.001146
0.001114
0.001097
0.001094
0.001099
0.001107
0.001114
0.001115
0.001106
0.001086
0.001056
0.001018
0.000977
0.000937
0.000900
0.000870
0.000844
0.000821
0.000799
0.000772
0.000738
0.000696
0.000645
0.000586
0.000522
0.000457
0.000395
0.000340
0.000294
0.000261
0.000238
0.000223
0.000212
0.000201
0.000187
0.000167
0.000142
0.000113
0.000081
0.000049
0.000018
-0.000008
-0.000030
-0.000047
-0.000058
-0.000065
-0.000069
-0.000073
-0.000077
-0.000081
-0.000082
-0.000076
-0.000058
-0.000023
0.000030
0.000099
0.000178
0.000256
0.000322
0.000367
0.000383
0.000368
0.000326
0.000263
0.000189
0.000114
0.000046
-0.000009
-0.000050
-0.000081
-0.000107
-0.000134
-0.000167
-0.000208
-0.000256
-0.000306
-0.000352
-0.000388
-0.000412
-0.000422
-0.000422
-0.000417
-0.000413
-0.000415
-0.000425
-0.000444
-0.000470
-0.000501
-0.000535
-0.000569
-0.000602
-0.000635
-0.000667
-0.000700
-0.000732
-0.000764
-0.000795
-0.000824
-0.000848
-0.000867
-0.000880
-0.000888
-0.000894
-0.000900
-0.000908
-0.000921
-0.000938
-0.000959
-0.000981
-0.001002
-0.001021
-0.001035
-0.001045
-0.001052
-0.001058
-0.001065
-0.001074
-0.001088
-0.001107
-0.001133
-0.001163
-0.001196
-0.001228
-0.001256
-0.001277
-0.001289
-0.001293
-0.001290
-0.001283
-0.001274
-0.001267
-0.001264
-0.001267
-0.001277
-0.001294
-0.001315
-0.001338
-0.001359
-0.001373
-0.001378
-0.001370
-0.001349
-0.001320
-0.001285
-0.001251
-0.001224
-0.001208
-0.001206
-0.001218
-0.001243
-0.001277
-0.001315
-0.001354
-0.001390
-0.001421
-0.001444
-0.001460
-0.001470
-0.001473
-0.001471
-0.001465
-0.001457
-0.001447
-0.001439
-0.001433
-0.001432
-0.001436
-0.001446
-0.001463
-0.001484
-0.001508
-0.001533
-0.001555
-0.001574
-0.001588
-0.001596
-0.001602
-0.001605
-0.001609
-0.001615
-0.001623
-0.001633
-0.001643
-0.001650
-0.001652
-0.001649
-0.001641
-0.001628
-0.001614
-0.001602
-0.001593
-0.001589
-0.001590
-0.001594
-0.001597
-0.001598
-0.001593
-0.001581
-0.001559
-0.001529
-0.001492
-0.001449
-0.001406
-0.001365
-0.001331
-0.001307
-0.001294
-0.001293
-0.001302
-0.001320
-0.001344
-0.001372
-0.001403
-0.001435
-0.001467
-0.001499
-0.001530
-0.001558
-0.001579
-0.001591
-0.001592
-0.001581
-0.001561
-0.001533
-0.001504
-0.001477
-0.001455
-0.001438
-0.001428
-0.001421
-0.001415
-0.001409
-0.001402
-0.001398
-0.001398
-0.001405
-0.001421
-0.001446
-0.001477
-0.001512
-0.001547
-0.001578
-0.001603
-0.001622
-0.001636
-0.001645
-0.001650
-0.001651
-0.001648
-0.001639
-0.001624
-0.001605
-0.001583
-0.001562
-0.001545
-0.001536
-0.001535
-0.001542
-0.001555
-0.001570
-0.001582
-0.001587
-0.001582
-0.001565
-0.001534
-0.001491
-0.001440
-0.001385
-0.001331
-0.001285
-0.001249
-0.001227
-0.001218
-0.001219
-0.001227
-0.001235
-0.001241
-0.001242
-0.001237
-0.001227
-0.001215
-0.001204
-0.001197
-0.001197
-0.001206
-0.001223
-0.001245
-0.001270
-0.001294
-0.001313
-0.001326
-0.001334
-0.001338
-0.001340
-0.001341
-0.001344
-0.001348
-0.001353
-0.001358
-0.001365
-0.001373
-0.001383
-0.001396
-0.001409
-0.001421
-0.001429
-0.001428
-0.001416
-0.001389
-0.001350
-0.001300
-0.001246
-0.001196
-0.001156
-0.001135
-0.001136
-0.001159
-0.001203
-0.001261
-0.001327
-0.001392
-0.001450
-0.001496
-0.001527
-0.001541
-0.001539
-0.001526
-0.001504
-0.001479
-0.001455
-0.001436
-0.001424
-0.001419
-0.001418
-0.001419
-0.001417
-0.001407
-0.001387
-0.001357
-0.001320
-0.001280
-0.001244
-0.001215
-0.001200
-0.001201
-0.001216
-0.001246
-0.001285
-0.001331
-0.001379
-0.001426
-0.001470
-0.001507
-0.001536
-0.001554
-0.001560
-0.001552
-0.001532
-0.001500
-0.001462
-0.001421
-0.001382
-0.001347
-0.001320
-0.001299
-0.001284
-0.001273
-0.001264
-0.001257
-0.001253
-0.001254
-0.001262
-0.001279
-0.001305
-0.001337
-0.001371
-0.001402
-0.001425
-0.001435
-0.001431
-0.001415
-0.001389
-0.001356
-0.001319
-0.001281
-0.001243
-0.001207
-0.001175
-0.001150
-0.001133
-0.001126
-0.001129
-0.001141
-0.001159
-0.001180
-0.001200
-0.001218
-0.001232
-0.001242
-0.001249
-0.001256
-0.001263
-0.001271
-0.001278
-0.001283
-0.001283
-0.001276
-0.001258
-0.001228
-0.001186
-0.001133
-0.001071
-0.001005
-0.000939
-0.000879
-0.000830
-0.000794
-0.000775
-0.000773
-0.000787
-0.000813
-0.000848
-0.000888
-0.000927
-0.000962
-0.000989
-0.001006
-0.001013
-0.001008
-0.000994
-0.000972
-0.000944
-0.000912
-0.000878
-0.000845
-0.000812
-0.000782
-0.000755
-0.000729
-0.000706
-0.000684
-0.000665
-0.000650
-0.000638
-0.000631
-0.000627
-0.000625
-0.000623
-0.000619
-0.000611
-0.000599
-0.000583
-0.000567
-0.000552
-0.000543
-0.000542
-0.000553
-0.000575
-0.000609
-0.000651
-0.000697
-0.000741
-0.000779
-0.000806
-0.000819
-0.000819
-0.000807
-0.000787
-0.000764
-0.000741
-0.000721
-0.000706
-0.000696
-0.000692
-0.000692
-0.000697
-0.000704
-0.000713
-0.000721
-0.000724
-0.000720
-0.000707
-0.000683
-0.000651
-0.000613
-0.000574
-0.000538
-0.000508
-0.000488
-0.000478
-0.000478
-0.000488
-0.000504
-0.000526
-0.000549
-0.000571
-0.000589
-0.000601
-0.000605
-0.000603
-0.000595
-0.000586
-0.000578
-0.000574
-0.000577
-0.000588
-0.000605
-0.000626
-0.000648
-0.000668
-0.000684
-0.000695
-0.000700
-0.000700
-0.000696
-0.000690
-0.000684
-0.000677
-0.000671
-0.000663
-0.000655
-0.000646
-0.000637
-0.000631
-0.000630
-0.000636
-0.000649
-0.000667
-0.000689
-0.000708
-0.000721
-0.000723
-0.000715
-0.000697
-0.000671
-0.000643
-0.000615
-0.000593
-0.000578
-0.000572
-0.000576
-0.000587
-0.000604
-0.000625
-0.000645
-0.000661
-0.000672
-0.000675
-0.000671
-0.000660
-0.000643
-0.000623
-0.000602
-0.000583
-0.000569
-0.000562
-0.000562
-0.000571
-0.000585
-0.000601
-0.000617
-0.000627
-0.000628
-0.000619
-0.000600
-0.000575
-0.000546
-0.000516
-0.000487
-0.000462
-0.000438
-0.000418
-0.000399
-0.000383
-0.000373
-0.000368
-0.000372
-0.000382
-0.000399
-0.000417
-0.000435
-0.000447
-0.000451
-0.000449
-0.000440
-0.000429
-0.000418
-0.000409
-0.000404
-0.000404
-0.000408
-0.000414
-0.000420
-0.000423
-0.000423
-0.000417
-0.000405
-0.000387
-0.000364
-0.000341
-0.000319
-0.000301
-0.000290
-0.000288
-0.000294
-0.000307
-0.000325
-0.000345
-0.000364
-0.000380
-0.000391
-0.000397
-0.000397
-0.000392
-0.000383
-0.000372
-0.000362
-0.000351
-0.000342
-0.000335
-0.000328
-0.000321
-0.000313
-0.000304
-0.000294
-0.000284
-0.000275
-0.000271
-0.000270
-0.000276
-0.000286
-0.000302
-0.000320
-0.000340
-0.000359
-0.000376
-0.000389
-0.000397
-0.000399
-0.000394
-0.000381
-0.000363
-0.000339
-0.000313
-0.000288
-0.000268
-0.000253
-0.000245
-0.000243
-0.000243
-0.000238
-0.000224
-0.000195
-0.000146
-0.000078
0.000007
0.000103
0.000201
0.000289
0.000357
0.000398
0.000406
0.000382
0.000330
0.000261
0.000183
0.000107
0.000041
-0.000013
-0.000057
-0.000096
-0.000139
-0.000193
-0.000266
-0.000359
-0.000467
-0.000581
-0.000689
-0.000780
-0.000841
-0.000868
-0.000861
-0.000825
-0.000770
-0.000707
-0.000648
-0.000601
-0.000572
-0.000560
-0.000564
-0.000580
-0.000602
-0.000626
-0.000649
-0.000668
-0.000682
-0.000693
-0.000700
-0.000704
-0.000704
-0.000703
-0.000701
-0.000699
-0.000699
-0.000702
-0.000709
-0.000720
-0.000735
-0.000752
-0.000770
-0.000787
-0.000802
-0.000814
-0.000822
-0.000828
-0.000832
-0.000836
-0.000841
-0.000849
-0.000858
-0.000869
-0.000881
-0.000892
-0.000900
-0.000907
-0.000911
-0.000915
-0.000919
-0.000926
-0.000935
-0.000947
-0.000960
-0.000970
-0.000971
-0.000955
-0.000914
-0.000839
-0.000722
-0.000560
-0.000351
-0.000104
0.000169
0.000445
0.000696
0.000895
0.001015
0.001042
