-0.000597
-0.000570
-0.000547
-0.000529
-0.000515
-0.000505
-0.000499
-0.000495
-0.000494
-0.000493
-0.000493
-0.000493
-0.000490
-0.000484
-0.000472
-0.000453
-0.000425
-0.000384
-0.000329
-0.000254
-0.000157
-0.000032
0.000126
0.000323
0.000567
0.000864
0.001224
0.001656
0.002171
0.002780
0.003495
0.004330
0.005298
0.006412
0.007686
0.009135
0.010770
0.012606
0.014651
0.016917
0.019409
0.022133
0.025090
0.028278
0.031692
0.035321
0.039152
0.043166
0.047341
0.051649
0.056059
0.060536
0.065043
0.069538
0.073978
0.078321
0.082522
0.086537
0.090324
0.093845
0.097063
0.099946
0.102466
0.104603
0.106339
0.107666
0.108579
0.109081
0.109180
0.108891
0.108232
0.107229
0.105908
0.104300
0.102440
0.100361
0.098099
0.095689
0.093167
0.090566
0.087917
0.085249
0.082588
0.079959
0.077380
0.074870
0.072442
0.070106
0.067871
0.065742
0.063723
0.061812
0.060011
0.058316
0.056723
0.055227
0.053824
0.052508
0.051271
0.050109
0.049014
0.047981
0.047005
0.046079
0.045200
0.044362
0.043561
0.042794
0.042057
0.041348
0.040663
0.040001
0.039360
0.038737
0.038132
0.037542
0.036967
0.036406
0.035857
0.035320
0.034794
0.034278
0.033772
0.033275
0.032786
0.032305
0.031832
0.031366
0.030907
0.030454
0.030008
0.029568
0.029134
0.028706
0.028284
0.027869
0.027460
0.027057
0.026661
0.026272
0.025889
0.025514
0.025146
0.024785
0.024432
0.024087
0.023749
0.023419
0.023096
0.022781
0.022473
0.022173
0.021879
0.021592
0.021312
0.021037
0.020768
0.020505
0.020246
0.019993
0.019743
0.019498
0.019256
0.019018
0.018784
0.018552
0.018323
0.018096
0.017872
0.017650
0.017431
0.017213
0.016998
0.016784
0.016573
0.016363
0.016154
0.015948
0.015742
0.015539
0.015337
0.015136
0.014937
0.014739
0.014542
0.014346
0.014151
0.013958
0.013765
0.013574
0.013383
0.013193
0.013004
0.012816
0.012629
0.012442
0.012257
0.012072
0.011889
0.011706
0.011525
0.011344
0.011165
0.010986
0.010809
0.010632
0.010457
0.010283
0.010110
0.009939
0.009768
0.009599
0.009431
0.009264
0.009099
0.008936
0.008774
0.008614
0.008455
0.008299
0.008145
0.007993
0.007843
0.007696
0.007551
0.007410
0.007271
0.007135
0.007003
0.006873
0.006748
0.006625
0.006506
0.006391
0.006279
0.006171
0.006066
0.005965
0.005867
0.005773
0.005682
0.005594
0.005508
0.005426
0.005346
0.005269
0.005194
0.005121
0.005050
0.004980
0.004912
0.004846
0.004780
0.004715
0.004651
0.004587
0.004524
0.004461
0.004398
0.004336
0.004273
0.004210
0.004147
0.004084
0.004021
0.003957
0.003894
0.003830
0.003767
0.003703
0.003640
0.003577
0.003514
0.003452
0.003391
0.003330
0.003270
0.003211
0.003153
0.003096
0.003040
0.002985
0.002932
0.002879
0.002828
0.002777
0.002728
0.002680
0.002633
0.002586
0.002541
0.002496
0.002451
0.002407
0.002363
0.002320
0.002276
0.002233
0.002189
0.002146
0.002102
0.002057
0.002013
0.001968
0.001923
0.001877
0.001831
0.001784
0.001738
0.001691
0.001643
0.001596
0.001549
0.001501
0.001454
0.001406
0.001359
0.001312
0.001266
0.001219
0.001174
0.001128
0.001084
0.001040
0.000996
0.000954
0.000912
0.000871
0.000831
0.000791
0.000753
0.000715
0.000678
0.000642
0.000607
0.000573
0.000540
0.000508
0.000477
0.000447
0.000417
0.000389
0.000361
0.000335
0.000309
0.000284
0.000260
0.000236
0.000213
0.000191
0.000170
0.000149
0.000128
0.000108
0.000088
0.000068
0.000049
0.000029
0.000010
-0.000009
-0.000029
-0.000049
-0.000069
-0.000090
-0.000111
-0.000133
-0.000155
-0.000178
-0.000202
-0.000226
-0.000251
-0.000277
-0.000303
-0.000330
-0.000358
-0.000386
-0.000414
-0.000444
-0.000473
-0.000503
-0.000534
-0.000564
-0.000594
-0.000625
-0.000655
-0.000686
-0.000716
-0.000746
-0.000775
-0.000804
-0.000832
-0.000860
-0.000887
-0.000913
-0.000938
-0.000963
-0.000986
-0.001009
-0.001031
-0.001053
-0.001073
-0.001092
-0.001111
-0.001129
-0.001146
-0.001162
-0.001178
-0.001192
-0.001207
-0.001221
-0.001234
-0.001246
-0.001259
-0.001270
-0.001282
-0.001293
-0.001303
-0.001314
-0.001323
-0.001333
-0.001342
-0.001351
-0.001359
-0.001367
-0.001375
-0.001382
-0.001389
-0.001396
-0.001403
-0.001409
-0.001415
-0.001421
-0.001427
-0.001432
-0.001438
-0.001443
-0.001448
-0.001454
-0.001460
-0.001465
-0.001471
-0.001478
-0.001484
-0.001491
-0.001498
-0.001505
-0.001512
-0.001520
-0.001528
-0.001536
-0.001544
-0.001553
-0.001561
-0.001570
-0.001578
-0.001586
-0.001595
-0.001603
-0.001611
-0.001619
-0.001627
-0.001635
-0.001643
-0.001650
-0.001658
-0.001666
-0.001673
-0.001681
-0.001689
-0.001697
-0.001705
-0.001713
-0.001722
-0.001731
-0.001740
-0.001749
-0.001759
-0.001769
-0.001779
-0.001790
-0.001801
-0.001812
-0.001823
-0.001834
-0.001845
-0.001857
-0.001868
-0.001879
-0.001890
-0.001901
-0.001912
-0.001923
-0.001933
-0.001943
-0.001953
-0.001963
-0.001972
-0.001981
-0.001990
-0.001999
-0.002008
-0.002016
-0.002024
-0.002032
-0.002040
-0.002048
-0.002055
-0.002063
-0.002070
-0.002077
-0.002084
-0.002091
-0.002098
-0.002104
-0.002111
-0.002117
-0.002123
-0.002128
-0.002133
-0.002138
-0.002143
-0.002147
-0.002151
-0.002155
-0.002159
-0.002162
-0.002165
-0.002168
-0.002171
-0.002174
-0.002176
-0.002178
-0.002181
-0.002183
-0.002186
-0.002188
-0.002190
-0.002192
-0.002195
-0.002197
-0.002199
-0.002201
-0.002203
-0.002205
-0.002206
-0.002207
-0.002208
-0.002209
-0.002209
-0.002208
-0.002206
-0.002204
-0.002201
-0.002197
-0.002192
-0.002185
-0.002177
-0.002168
-0.002156
-0.002144
-0.002129
-0.002112
-0.002093
-0.002072
-0.002048
-0.002022
-0.001993
-0.001962
-0.001927
-0.001890
-0.001851
-0.001808
-0.001763
-0.001716
-0.001666
-0.001614
-0.001560
-0.001505
-0.001448
-0.001390
-0.001331
-0.001273
-0.001214
-0.001156
-0.001099
-0.001044
-0.000990
-0.000939
-0.000891
-0.000845
-0.000802
-0.000763
-0.000728
-0.000697
-0.000670
-0.000647
-0.000628
-0.000614
-0.000603
-0.000597
-0.000595
-0.000597
-0.000602
-0.000611
-0.000624
-0.000639
-0.000658
-0.000679
-0.000703
-0.000729
-0.000757
-0.000786
-0.000817
-0.000849
-0.000883
-0.000916
-0.000950
-0.000985
-0.001019
-0.001053
-0.001087
-0.001120
-0.001152
-0.001183
-0.001213
-0.001242
-0.001270
-0.001296
-0.001321
-0.001345
-0.001367
-0.001388
-0.001407
-0.001425
-0.001441
-0.001456
-0.001469
-0.001481
-0.001492
-0.001501
-0.001510
-0.001516
-0.001522
-0.001526
-0.001529
-0.001531
-0.001532
-0.001531
-0.001530
-0.001527
-0.001523
-0.001518
-0.001512
-0.001506
-0.001498
-0.001489
-0.001480
-0.001469
-0.001458
-0.001447
-0.001434
-0.001422
-0.001409
-0.001395
-0.001382
-0.001368
-0.001354
-0.001340
-0.001326
-0.001313
-0.001300
-0.001287
-0.001275
-0.001263
-0.001252
-0.001242
-0.001233
-0.001225
-0.001217
-0.001211
-0.001207
-0.001203
-0.001201
-0.001200
-0.001200
-0.001202
-0.001205
-0.001209
-0.001214
-0.001221
-0.001229
-0.001237
-0.001246
-0.001256
-0.001267
-0.001278
-0.001290
-0.001301
-0.001313
-0.001324
-0.001336
-0.001347
-0.001358
-0.001368
-0.001378
-0.001387
-0.001395
-0.001402
-0.001409
-0.001415
-0.001420
-0.001425
-0.001429
-0.001431
-0.001433
-0.001435
-0.001435
-0.001435
-0.001435
-0.001434
-0.001432
-0.001429
-0.001427
-0.001424
-0.001420
-0.001416
-0.001412
-0.001408
-0.001404
-0.001400
-0.001396
-0.001392
-0.001388
-0.001384
-0.001380
-0.001377
-0.001374
-0.001371
-0.001368
-0.001366
-0.001365
-0.001363
-0.001362
-0.001362
-0.001361
-0.001361
-0.001362
-0.001362
-0.001363
-0.001364
-0.001365
-0.001367
-0.001369
-0.001370
-0.001372
-0.001375
-0.001377
-0.001379
-0.001382
-0.001385
-0.001388
-0.001391
-0.001394
-0.001398
-0.001401
-0.001405
-0.001409
-0.001413
-0.001418
-0.001422
-0.001426
-0.001431
-0.001435
-0.001440
-0.001444
-0.001448
-0.001452
-0.001456
-0.001459
-0.001462
-0.001464
-0.001466
-0.001468
-0.001469
-0.001469
-0.001468
-0.001468
-0.001466
-0.001464
-0.001461
-0.001458
-0.001455
-0.001451
-0.001447
-0.001443
-0.001438
-0.001434
-0.001430
-0.001426
-0.001423
-0.001419
-0.001416
-0.001414
-0.001412
-0.001411
-0.001410
-0.001409
-0.001409
-0.001410
-0.001410
-0.001411
-0.001413
-0.001414
-0.001415
-0.001417
-0.001418
-0.001419
-0.001420
-0.001421
-0.001421
-0.001421
-0.001420
-0.001419
-0.001418
-0.001416
-0.001414
-0.001411
-0.001408
-0.001405
-0.001401
-0.001397
-0.001392
-0.001387
-0.001382
-0.001376
-0.001369
-0.001362
-0.001354
-0.001346
-0.001337
-0.001327
-0.001315
-0.001303
-0.001289
-0.001273
-0.001256
-0.001238
-0.001217
-0.001194
-0.001168
-0.001141
-0.001111
-0.001078
-0.001042
-0.001004
-0.000963
-0.000920
-0.000874
-0.000825
-0.000775
-0.000722
-0.000668
-0.000612
-0.000556
-0.000500
-0.000443
-0.000387
-0.000332
-0.000279
-0.000228
-0.000180
-0.000135
-0.000094
-0.000057
-0.000024
0.000004
0.000028
0.000046
0.000059
0.000068
0.000072
0.000071
0.000066
0.000058
0.000046
0.000031
0.000014
-0.000005
-0.000025
-0.000046
-0.000066
-0.000087
-0.000106
-0.000124
-0.000141
-0.000155
-0.000167
-0.000177
-0.000185
-0.000190
-0.000192
-0.000193
-0.000191
-0.000187
-0.000182
-0.000176
-0.000168
-0.000160
-0.000152
-0.000143
-0.000135
-0.000128
-0.000123
-0.000118
-0.000115
-0.000114
-0.000115
-0.000118
-0.000123
-0.000130
-0.000140
-0.000151
-0.000165
-0.000181
-0.000199
-0.000218
-0.000240
-0.000263
-0.000287
-0.000313
-0.000340
-0.000369
-0.000398
-0.000428
-0.000459
-0.000491
-0.000523
-0.000556
-0.000590
-0.000624
-0.000658
-0.000693
-0.000728
-0.000763
-0.000798
-0.000834
-0.000869
-0.000904
-0.000939
-0.000974
-0.001008
-0.001041
-0.001075
-0.001107
-0.001140
-0.001171
-0.001202
-0.001232
-0.001262
-0.001291
-0.001319
-0.001347
-0.001374
-0.001401
-0.001428
-0.001454
-0.001479
-0.001504
-0.001529
-0.001554
-0.001578
-0.001602
-0.001625
-0.001648
-0.001671
-0.001692
-0.001714
-0.001735
-0.001755
-0.001774
-0.001792
-0.001810
-0.001826
-0.001841
-0.001855
-0.001868
-0.001879
-0.001888
-0.001896
-0.001902
-0.001906
-0.001907
-0.001906
-0.001903
-0.001897
-0.001888
-0.001876
-0.001860
-0.001841
-0.001819
-0.001792
-0.001762
-0.001729
-0.001691
-0.001650
-0.001605
-0.001556
-0.001505
-0.001450
-0.001394
-0.001335
-0.001274
-0.001213
-0.001151
-0.001089
-0.001027
-0.000967
-0.000909
-0.000854
-0.000801
-0.000752
-0.000707
-0.000666
-0.000629
