-0.323266
0.072380
-0.082393
0.011365
0.012714
-0.001974
-0.031554
-0.001041
0.018817
-0.048985
0.063536
-0.052714
-0.013228
0.020288
-0.011716
-0.007839
-0.008786
-0.009926
0.001539
0.000328
-0.030485
0.023602
-0.023113
-0.005759
0.010453
-0.024750
0.002415
-0.002315
-0.005514
-0.015757
-0.004487
0.003247
-0.017669
0.002774
-0.007121
0.000320
-0.020546
0.005585
-0.011791
0.000700
-0.008565
-0.012436
0.001741
-0.004556
-0.021932
0.015098
-0.023731
0.007485
-0.008404
-0.019492
0.018712
-0.033175
0.014744
0.000207
-0.048234
0.016610
0.085694
-0.158270
-0.064475
0.354022
0.018419
-1.350878
2.277977
2.078052
1.004871
-0.091508
0.215451
0.372544
0.166354
-0.042463
0.063414
0.203424
0.173307
0.203832
0.103743
0.066210
0.131561
0.245200
0.063339
0.094221
0.100144
0.123878
0.112409
0.082695
0.131202
0.066773
0.085630
0.164627
0.053661
0.058191
0.121575
0.135501
0.061215
0.072853
0.061085
0.119570
0.121772
0.049789
0.074728
0.071276
0.118941
0.070327
0.058931
0.069048
0.106271
0.061504
0.063967
0.074975
0.072448
0.062087
0.058148
0.094820
0.053810
0.058166
0.070148
0.075658
0.063462
0.036188
0.066113
0.075923
0.045358
0.054573
0.065172
0.046806
0.080870
0.033820
0.056860
0.057277
0.063932
0.042406
0.059911
0.035125
0.056018
0.054086
0.040682
0.030692
0.061680
0.046951
0.058642
0.033039
0.030462
0.050881
0.033704
0.076097
0.019166
0.038664
0.031394
0.059051
0.020805
0.036764
0.043313
0.046379
0.016941
0.042937
0.045569
0.023789
0.045625
0.017728
0.035238
0.035497
0.031494
0.015855
0.046698
0.023318
0.023859
0.047828
0.014422
0.037636
0.019677
0.043262
0.020965
0.033617
0.022493
0.027211
0.023389
0.051897
0.005218
0.011848
0.046270
0.037314
0.003964
0.011540
0.041159
0.032484
0.006817
0.013098
0.042912
0.015011
0.007426
0.017562
0.032714
0.026538
0.006650
0.007989
0.034839
0.029708
-0.009827
0.028482
0.024128
0.011641
0.018073
0.005732
0.029552
0.022070
-0.002509
0.003395
0.030183
0.033896
0.004179
-0.001020
0.033732
0.024659
-0.014969
0.024236
0.013017
0.023583
-0.003709
0.014935
0.020905
0.019596
-0.007817
0.015964
0.006997
0.035549
-0.006952
0.007013
0.015838
0.031233
-0.014035
0.005115
0.028444
0.012725
-0.002365
-0.008735
0.041135
0.002674
0.011790
-0.004844
0.013225
0.028422
-0.012482
0.003194
0.025170
0.018213
-0.007985
0.004145
0.007871
0.024743
-0.000830
0.004405
0.006459
0.022094
-0.011594
0.010071
0.004364
0.017008
-0.003161
-0.009473
0.043359
-0.013349
-0.001986
0.002993
0.021600
0.001575
0.000566
0.002040
0.017882
0.005305
-0.006103
-0.002437
0.004515
0.031600
-0.017913
-0.005096
0.022593
0.015704
-0.010752
-0.006081
0.019804
0.011176
-0.007963
-0.010850
0.017666
0.017968
-0.005925
-0.009231
0.005836
0.020420
-0.018303
-0.003393
0.021859
-0.003632
0.008328
-0.002011
-0.002118
0.014279
-0.011493
0.008432
0.014375
-0.014596
0.019172
-0.021009
0.011893
0.002846
0.002253
-0.003546
-0.000528
0.017359
-0.020619
0.008744
0.002897
0.004746
-0.002396
-0.005243
-0.004521
0.013538
0.000736
-0.012148
-0.012523
0.037361
-0.011610
-0.027098
0.025396
0.009641
-0.016260
0.010888
-0.022492
0.020540
-0.008059
-0.010724
0.016193
0.003225
-0.011773
-0.012748
0.008448
0.010276
0.000080
-0.019204
0.033744
-0.014558
-0.013555
0.005557
0.002966
0.011144
-0.024184
0.009758
0.009744
0.000762
-0.021843
0.007819
-0.006769
0.014303
-0.013786
-0.009242
0.011263
0.003934
-0.012222
-0.008482
0.013432
-0.008761
-0.002630
-0.002841
0.001508
0.000811
-0.002740
-0.018422
0.010269
0.012891
-0.012564
-0.024855
0.019426
-0.003803
-0.007099
-0.000338
-0.004151
0.004334
-0.007598
-0.001720
-0.002144
0.005354
-0.003532
-0.009095
-0.002960
0.007691
-0.013920
-0.010640
0.019717
-0.016962
-0.000463
-0.004906
-0.000700
0.004883
-0.003507
-0.007621
0.002346
-0.003655
-0.007244
0.001216
-0.009196
0.007367
-0.004589
-0.026343
0.028073
-0.008586
-0.017792
0.005290
-0.006232
0.010409
-0.015288
-0.010270
0.014155
-0.010670
-0.000348
-0.028213
0.011710
0.015612
-0.024461
-0.015374
0.028268
-0.016912
-0.007823
-0.003734
0.001881
0.000079
-0.012460
-0.008481
0.012514
0.000800
-0.020473
-0.005515
-0.005096
0.022446
-0.016041
-0.023663
0.019664
-0.001732
-0.021326
0.010824
-0.008346
-0.005385
-0.003596
-0.001060
-0.005562
-0.001484
-0.005805
-0.006625
-0.006764
0.010877
-0.011615
-0.022096
0.017587
0.006685
-0.026673
0.010411
-0.010347
0.006403
-0.017941
0.001295
0.002191
0.001953
-0.020861
-0.010474
0.007159
0.009313
-0.006421
-0.030640
0.019956
0.004390
-0.022495
-0.004141
0.005695
-0.002348
-0.013019
-0.009746
0.016218
-0.014246
-0.001829
-0.021222
0.014647
0.004758
-0.018961
-0.015058
0.010982
0.009605
-0.035866
0.009068
-0.000594
0.006915
-0.020512
-0.005331
0.009473
-0.009655
-0.004755
-0.014666
0.009965
0.006330
-0.021077
-0.020429
0.030804
-0.016912
-0.009559
-0.009243
0.008540
-0.005351
-0.006878
-0.002884
0.002002
-0.002748
-0.010020
-0.006487
0.000482
0.010635
-0.025977
-0.005888
0.015830
-0.013588
-0.014047
-0.006942
0.013202
-0.008715
-0.011177
-0.002195
0.000221
-0.003208
-0.010762
-0.009680
0.005449
0.011005
-0.036541
0.002461
0.020631
-0.014434
-0.016818
-0.009040
0.011494
-0.000403
-0.013409
-0.013036
0.006321
0.006961
-0.021738
-0.006591
0.000775
0.010547
-0.013439
-0.016215
0.010019
-0.005366
-0.008434
-0.009910
0.003869
-0.006351
0.006572
-0.022752
0.008280
-0.005692
0.002616
-0.031558
0.022015
-0.005229
-0.013479
-0.012196
0.013271
-0.004126
-0.009955
-0.014234
0.007720
-0.008780
-0.004580
-0.010507
0.011735
-0.002536
-0.013117
-0.005047
-0.013782
0.018776
-0.024353
-0.003132
0.004742
0.001616
-0.014965
-0.005202
-0.003924
0.001749
-0.007179
-0.015024
0.006949
0.003730
-0.018761
0.001047
-0.021829
0.033371
-0.028988
-0.008786
0.007713
-0.002959
-0.011542
-0.002295
-0.010604
0.014317
-0.015253
-0.019604
0.013512
-0.001862
-0.010835
-0.009307
-0.008446
0.018743
-0.016092
-0.025597
0.025326
0.000352
-0.026674
-0.009206
0.009848
0.001205
-0.011300
-0.006419
0.003343
-0.002406
-0.003061
-0.025635
0.010887
0.002513
-0.008435
-0.023767
0.019195
-0.003505
-0.012666
-0.007028
0.001168
0.000910
-0.010908
-0.010881
0.007975
-0.008258
0.004314
-0.023018
0.003531
0.013917
-0.021793
-0.014440
0.010726
0.007744
-0.022879
-0.009946
0.002462
0.002117
-0.006270
-0.010352
-0.000832
-0.008724
0.014739
-0.035229
0.010739
0.002289
-0.010084
-0.011562
0.006758
-0.002353
-0.010814
-0.010899
0.008750
-0.000046
-0.020698
-0.005733
0.010781
-0.009421
-0.010545
-0.005350
-0.004363
0.021837
-0.028787
-0.018395
0.016354
0.011015
-0.034414
0.010330
-0.014948
0.013720
-0.020878
0.000236
-0.000555
-0.009814
0.008123
-0.023638
-0.000946
0.007790
-0.000723
-0.036678
0.037915
-0.023877
-0.000852
-0.016817
0.014720
-0.008506
0.000269
-0.025725
0.027946
-0.025854
0.006070
-0.020421
0.014382
-0.005193
-0.006610
-0.027644
0.030324
-0.011215
-0.016949
-0.001719
0.002395
-0.001336
-0.015904
-0.009503
0.010960
0.000796
-0.018643
-0.001142
-0.012987
0.021887
-0.023773
-0.014064
0.017304
-0.000763
-0.016942
-0.006388
0.008347
0.005124
-0.019977
-0.004475
0.012202
-0.007782
-0.005826
-0.014119
0.003528
0.005906
-0.013444
-0.017042
0.013115
-0.003456
-0.014144
0.003105
-0.008878
0.006400
-0.017185
-0.000085
-0.005284
0.006825
-0.006832
-0.020352
0.000035
0.015780
-0.018770
-0.011058
0.011325
-0.003243
-0.019427
0.000181
0.004084
0.003306
-0.008546
-0.014057
0.004321
0.003874
-0.015203
-0.012730
0.009111
0.002841
0.004799
-0.032684
0.036144
-0.027191
0.001492
-0.010392
-0.000679
-0.002652
0.000078
-0.011103
0.000040
-0.001109
0.000320
-0.018788
-0.002863
0.014771
-0.011219
-0.026556
0.023600
-0.008028
-0.009537
-0.010497
0.005063
0.007274
-0.025254
-0.002802
0.001677
0.009185
-0.013991
-0.014672
-0.002596
0.013304
-0.008230
-0.022351
0.014047
-0.003029
-0.007054
-0.008440
-0.009045
0.016934
-0.020221
-0.003571
-0.003574
0.006482
-0.013308
-0.009638
-0.006291
0.023254
-0.021286
-0.019853
0.014579
0.001699
-0.013012
-0.016369
0.013016
-0.012012
0.007278
-0.021891
0.005457
-0.005782
0.009343
-0.026276
0.002356
0.008297
-0.005062
-0.027307
0.007243
0.009936
-0.018066
0.001510
-0.012675
0.009100
-0.004620
-0.019086
0.005888
-0.002718
0.002153
-0.021790
-0.000098
0.013590
-0.013228
-0.029784
0.025308
-0.005740
-0.017141
-0.000797
-0.001525
0.002931
-0.018487
0.007046
-0.009104
0.009507
-0.025173
0.009485
-0.015850
0.014421
-0.018370
-0.007933
0.007439
-0.003445
-0.014852
-0.003763
0.008968
-0.009923
-0.007722
-0.012649
0.002584
0.003323
-0.008757
-0.002989
-0.022382
0.032816
-0.031786
-0.005626
0.007818
0.002577
-0.026077
0.017446
-0.027356
0.024660
-0.032396
0.026689
-0.053289
0.070732
-0.072867
0.016920
-0.003062
0.006472
-0.009416
-0.024248
0.020536
-0.009436
-0.011400
-0.004093
0.004106
-0.021975
0.010655
-0.009029
-0.000057
-0.004570
-0.005239
-0.013556
0.002245
0.008192
-0.018095
-0.014499
0.013814
-0.000730
-0.023510
0.002669
-0.003889
0.006142
-0.014848
-0.018783
0.022947
-0.012011
-0.010458
-0.016080
0.007749
0.011671
-0.021984
-0.016488
0.010892
-0.003472
-0.007038
-0.018465
0.012549
-0.004163
-0.010705
-0.005174
0.002426
-0.006641
-0.002371
-0.020668
0.003710
0.013812
-0.025850
-0.001336
-0.005353
0.009016
-0.006670
-0.029031
0.020657
-0.004600
0.005076
-0.089653
0.128715
-0.072628
-0.015850
-0.035908
0.025303
0.004951
-0.002843
-0.035299
0.019568
-0.005496
-0.020264
0.013440
-0.029309
0.007520
-0.002095
-0.012840
-0.000247
-0.009939
-0.012384
0.005289
-0.009230
-0.006366
-0.003090
-0.017761
0.003886
0.003051
-0.024747
-0.004963
-0.000753
-0.001917
-0.012166
-0.015591
0.019122
-0.019272
-0.009185
-0.007740
-0.002263
-0.010515
0.002655
-0.024425
0.011638
-0.002473
-0.020323
-0.007431
-0.000146
-0.007360
-0.013756
-0.000217
-0.005020
-0.001486
-0.023108
-0.000197
-0.009666
0.007033
-0.015093
-0.020416
0.006959
-0.003136
-0.026028
0.009248
-0.013109
0.009702
-0.047508
0.053459
-0.071752
0.043161
-0.083975
0.275716
-0.654390
0.738902
