0.001589
0.001375
0.001081
0.000755
0.000445
0.000185
-0.000003
-0.000120
-0.000176
-0.000191
-0.000186
-0.000178
-0.000175
-0.000182
-0.000196
-0.000213
-0.000229
-0.000240
-0.000244
-0.000244
-0.000242
-0.000241
-0.000244
-0.000253
-0.000267
-0.000285
-0.000305
-0.000324
-0.000340
-0.000351
-0.000357
-0.000360
-0.000361
-0.000363
-0.000368
-0.000376
-0.000389
-0.000405
-0.000422
-0.000440
-0.000455
-0.000466
-0.000468
-0.000454
-0.000410
-0.000306
-0.000082
0.000367
0.001231
0.002818
0.005603
0.010262
0.017689
0.028952
0.045176
0.067346
0.096026
0.131057
0.171314
0.214601
0.257778
0.297128
0.328932
0.350114
0.358805
0.354685
0.338989
0.314217
0.283602
0.250522
0.217958
0.188151
0.162456
0.141402
0.124873
0.112340
0.103085
0.096367
0.091524
0.088018
0.085443
0.083505
0.081998
0.080779
0.079748
0.078835
0.077987
0.077165
0.076341
0.075493
0.074611
0.073689
0.072728
0.071736
0.070720
0.069686
0.068641
0.067586
0.066525
0.065458
0.064389
0.063324
0.062271
0.061239
0.060235
0.059265
0.058330
0.057431
0.056564
0.055724
0.054907
0.054111
0.053334
0.052577
0.051841
0.051129
0.050443
0.049785
0.049151
0.048537
0.047937
0.047341
0.046741
0.046130
0.045505
0.044867
0.044220
0.043568
0.042919
0.042273
0.041632
0.040994
0.040354
0.039711
0.039061
0.038406
0.037751
0.037100
0.036462
0.035844
0.035252
0.034689
0.034155
0.033647
0.033161
0.032692
0.032235
0.031788
0.031352
0.030929
0.030519
0.030126
0.029750
0.029389
0.029040
0.028699
0.028362
0.028026
0.027688
0.027346
0.026999
0.026647
0.026292
0.025935
0.025580
0.025230
0.024887
0.024554
0.024232
0.023921
0.023618
0.023323
0.023033
0.022746
0.022460
0.022173
0.021885
0.021593
0.021297
0.020995
0.020686
0.020371
0.020051
0.019729
0.019408
0.019091
0.018782
0.018483
0.018196
0.017922
0.017661
0.017411
0.017172
0.016942
0.016718
0.016497
0.016278
0.016061
0.015845
0.015632
0.015425
0.015227
0.015041
0.014866
0.014702
0.014545
0.014392
0.014235
0.014070
0.013891
0.013696
0.013485
0.013259
0.013023
0.012781
0.012537
0.012294
0.012056
0.011822
0.011595
0.011377
0.011168
0.010973
0.010792
0.010628
0.010482
0.010356
0.010247
0.010156
0.010080
0.010015
0.009956
0.009898
0.009833
0.009755
0.009659
0.009539
0.009395
0.009227
0.009038
0.008833
0.008620
0.008404
0.008193
0.007993
0.007808
0.007642
0.007497
0.007372
0.007267
0.007180
0.007108
0.007048
0.006995
0.006945
0.006894
0.006835
0.006766
0.006683
0.006585
0.006474
0.006353
0.006224
0.006091
0.005958
0.005828
0.005703
0.005588
0.005483
0.005391
0.005313
0.005248
0.005196
0.005153
0.005115
0.005079
0.005041
0.004998
0.004948
0.004891
0.004829
0.004766
0.004704
0.004648
0.004599
0.004556
0.004515
0.004472
0.004420
0.004354
0.004273
0.004176
0.004067
0.003950
0.003832
0.003718
0.003609
0.003508
0.003416
0.003331
0.003253
0.003181
0.003115
0.003055
0.003002
0.002958
0.002921
0.002893
0.002871
0.002853
0.002834
0.002810
0.002780
0.002741
0.002694
0.002643
0.002591
0.002542
0.002498
0.002459
0.002425
0.002391
0.002356
0.002317
0.002276
0.002236
0.002202
0.002182
0.002184
0.002217
0.002290
0.002412
0.002587
0.002818
0.003102
0.003429
0.003779
0.004124
0.004430
0.004661
0.004789
0.004799
0.004692
0.004488
0.004222
0.003934
0.003659
0.003424
0.003243
0.003114
0.003027
0.002968
0.002924
0.002885
0.002847
0.002808
0.002770
0.002734
0.002701
0.002668
0.002633
0.002593
0.002544
0.002483
0.002408
0.002324
0.002234
0.002145
0.002067
0.002007
0.001970
0.001958
0.001967
0.001989
0.002013
0.002030
0.002030
0.002010
0.001969
0.001911
0.001842
0.001770
0.001700
0.001634
0.001574
0.001519
0.001469
0.001423
0.001382
0.001345
0.001313
0.001285
0.001260
0.001234
0.001207
0.001175
0.001140
0.001101
0.001062
0.001026
0.000996
0.000974
0.000963
0.000960
0.000964
0.000969
0.000971
0.000965
0.000948
0.000918
0.000877
0.000828
0.000775
0.000722
0.000674
0.000633
0.000599
0.000570
0.000543
0.000514
0.000480
0.000440
0.000395
0.000348
0.000305
0.000269
0.000244
0.000233
0.000235
0.000246
0.000264
0.000283
0.000299
0.000309
0.000311
0.000305
0.000290
0.000267
0.000236
0.000199
0.000156
0.000112
0.000068
0.000028
-0.000005
-0.000030
-0.000046
-0.000055
-0.000059
-0.000059
-0.000059
-0.000058
-0.000059
-0.000062
-0.000069
-0.000082
-0.000100
-0.000126
-0.000157
-0.000190
-0.000223
-0.000251
-0.000270
-0.000277
-0.000271
-0.000252
-0.000223
-0.000188
-0.000154
-0.000125
-0.000105
-0.000098
-0.000104
-0.000118
-0.000137
-0.000152
-0.000158
-0.000149
-0.000126
-0.000089
-0.000045
-0.000002
0.000032
0.000050
0.000050
0.000030
-0.000005
-0.000047
-0.000092
-0.000132
-0.000164
-0.000187
-0.000199
-0.000204
-0.000202
-0.000194
-0.000180
-0.000159
-0.000132
-0.000100
-0.000065
-0.000029
0.000005
0.000033
0.000054
0.000066
0.000069
0.000063
0.000049
0.000030
0.000009
-0.000013
-0.000032
-0.000048
-0.000059
-0.000067
-0.000073
-0.000078
-0.000085
-0.000094
-0.000106
-0.000121
-0.000139
-0.000158
-0.000179
-0.000201
-0.000224
-0.000246
-0.000265
-0.000279
-0.000285
-0.000282
-0.000268
-0.000245
-0.000217
-0.000188
-0.000164
-0.000149
-0.000147
-0.000156
-0.000176
-0.000202
-0.000230
-0.000252
-0.000264
-0.000263
-0.000247
-0.000219
-0.000180
-0.000138
-0.000097
-0.000062
-0.000037
-0.000023
-0.000021
-0.000029
-0.000043
-0.000060
-0.000077
-0.000092
-0.000103
-0.000110
-0.000114
-0.000114
-0.000112
-0.000108
-0.000104
-0.000100
-0.000098
-0.000099
-0.000104
-0.000113
-0.000126
-0.000142
-0.000159
-0.000175
-0.000189
-0.000198
-0.000201
-0.000197
-0.000184
-0.000164
-0.000136
-0.000103
-0.000068
-0.000032
-0.000000
0.000026
0.000044
0.000052
0.000048
0.000032
0.000005
-0.000030
-0.000071
-0.000113
-0.000152
-0.000186
-0.000213
-0.000233
-0.000247
-0.000257
-0.000265
-0.000271
-0.000275
-0.000276
-0.000271
-0.000259
-0.000239
-0.000213
-0.000182
-0.000151
-0.000124
-0.000102
-0.000088
-0.000079
-0.000073
-0.000069
-0.000064
-0.000056
-0.000045
-0.000035
-0.000026
-0.000021
-0.000023
-0.000031
-0.000045
-0.000064
-0.000084
-0.000102
-0.000116
-0.000125
-0.000130
-0.000133
-0.000135
-0.000138
-0.000144
-0.000150
-0.000156
-0.000159
-0.000158
-0.000151
-0.000139
-0.000125
-0.000110
-0.000099
-0.000093
-0.000093
-0.000098
-0.000105
-0.000111
-0.000111
-0.000102
-0.000083
-0.000056
-0.000024
0.000008
0.000037
0.000058
0.000071
0.000074
0.000069
0.000059
0.000044
0.000027
0.000011
-0.000003
-0.000013
-0.000020
-0.000022
-0.000022
-0.000021
-0.000021
-0.000025
-0.000033
-0.000046
-0.000061
-0.000077
-0.000091
-0.000099
-0.000099
-0.000090
-0.000070
-0.000040
-0.000001
0.000047
0.000101
0.000159
0.000217
0.000274
0.000324
0.000367
0.000400
0.000421
0.000431
0.000429
0.000419
0.000402
0.000382
0.000361
0.000342
0.000323
0.000304
0.000282
0.000254
0.000220
0.000179
0.000137
0.000097
0.000066
0.000049
0.000049
0.000067
0.000102
0.000150
0.000206
0.000266
0.000327
0.000387
0.000444
0.000500
0.000555
0.000610
0.000668
0.000727
0.000787
0.000844
0.000895
0.000933
0.000953
0.000951
0.000925
0.000877
0.000810
0.000731
0.000648
0.000568
0.000496
0.000438
0.000397
0.000372
0.000362
0.000365
0.000376
0.000393
0.000411
0.000429
0.000444
0.000457
0.000468
0.000478
0.000489
0.000500
0.000514
0.000529
0.000546
0.000562
0.000579
0.000595
0.000610
0.000626
0.000642
0.000659
0.000675
0.000689
0.000699
0.000703
0.000700
0.000689
0.000671
0.000649
0.000628
0.000612
0.000604
0.000607
0.000621
0.000642
0.000667
0.000691
0.000709
0.000718
0.000715
0.000702
0.000679
0.000650
0.000618
0.000587
0.000558
0.000532
0.000511
0.000491
0.000473
0.000455
0.000435
0.000415
0.000394
0.000375
0.000357
0.000343
0.000333
0.000328
0.000329
0.000335
0.000346
0.000362
0.000381
0.000403
0.000425
0.000445
0.000462
0.000475
0.000482
0.000485
0.000482
0.000476
0.000465
0.000452
0.000436
0.000420
0.000406
0.000396
0.000393
0.000398
0.000411
0.000430
0.000453
0.000476
0.000496
0.000510
0.000515
0.000510
0.000496
0.000473
0.000444
0.000412
0.000380
0.000353
0.000334
0.000326
0.000331
0.000348
0.000375
0.000411
0.000451
0.000495
0.000537
0.000576
0.000609
0.000634
0.000649
0.000653
0.000647
0.000632
0.000611
0.000586
0.000559
0.000534
0.000513
0.000496
0.000486
0.000481
0.000480
0.000482
0.000483
0.000479
0.000467
0.000447
0.000419
0.000388
0.000359
0.000339
0.000335
0.000350
0.000385
0.000438
0.000502
0.000571
0.000637
0.000692
0.000732
0.000756
0.000762
0.000755
0.000738
0.000716
0.000691
0.000667
0.000646
0.000627
0.000611
0.000598
0.000587
0.000576
0.000567
0.000556
0.000544
0.000529
0.000511
0.000490
0.000468
0.000448
0.000434
0.000427
0.000429
0.000440
0.000458
0.000480
0.000504
0.000525
0.000543
0.000554
0.000558
0.000556
0.000547
0.000532
0.000515
0.000495
0.000475
0.000457
0.000443
0.000433
0.000428
0.000429
0.000434
0.000441
0.000449
0.000454
0.000455
0.000451
0.000445
0.000441
0.000443
0.000455
0.000481
0.000518
0.000565
0.000615
0.000663
0.000700
0.000724
0.000732
0.000726
0.000708
0.000682
0.000649
0.000611
0.000565
0.000505
0.000424
0.000316
0.000178
0.000011
-0.000178
-0.000375
-0.000565
-0.000728
-0.000851
-0.000925
-0.000950
-0.000932
-0.000883
-0.000817
-0.000747
-0.000683
-0.000628
-0.000585
-0.000552
-0.000529
-0.000515
-0.000509
-0.000513
-0.000527
-0.000551
-0.000582
-0.000618
-0.000656
-0.000692
-0.000726
-0.000757
-0.000786
-0.000815
-0.000847
-0.000881
-0.000918
-0.000955
-0.000991
-0.001023
-0.001049
-0.001069
-0.001081
-0.001089
-0.001092
-0.001093
-0.001094
-0.001094
-0.001096
-0.001100
-0.001108
-0.001120
-0.001137
-0.001160
-0.001188
-0.001221
-0.001256
-0.001291
-0.001324
-0.001350
-0.001363
-0.001360
-0.001336
-0.001284
-0.001203
-0.001088
-0.000935
-0.000741
-0.000499
-0.000210
0.000124
0.000488
0.000860
0.001203
0.001478
0.001647
0.001685
