-0.071894
0.006434
-0.007749
0.001104
0.003112
0.004595
-0.007889
0.002536
0.002451
-0.010091
0.018442
-0.012345
-0.001396
-0.004823
0.016736
-0.016404
0.006258
-0.008892
0.017289
-0.001143
-0.011197
0.006711
-0.000732
-0.005630
0.006095
-0.011702
0.014367
-0.012097
0.005953
-0.004904
0.004207
0.005419
-0.011571
0.007207
0.004640
-0.011488
-0.001779
0.018319
-0.021132
0.006146
0.002912
-0.008421
0.005594
0.000322
-0.002479
0.007020
-0.011564
0.010843
-0.001721
-0.008015
0.002340
-0.004915
0.015561
-0.001181
-0.031244
0.015764
0.078903
-0.152594
0.000217
0.318973
-0.128324
-1.027785
2.381986
1.220952
0.645734
0.225847
0.345585
0.395733
0.118715
-0.003710
0.136302
0.174205
0.123611
0.167596
0.073601
0.086454
0.109620
0.175465
0.078962
0.067316
0.108268
0.100568
0.078977
0.084861
0.128504
0.045310
0.076518
0.144027
0.038591
0.070016
0.108840
0.105432
0.045069
0.082802
0.054582
0.108950
0.081674
0.037646
0.081404
0.074837
0.084885
0.057836
0.067101
0.060391
0.081537
0.053334
0.060730
0.075428
0.080064
0.038416
0.063698
0.078156
0.043546
0.060300
0.062131
0.058177
0.046994
0.071883
0.039882
0.069760
0.052435
0.046090
0.068694
0.042531
0.066845
0.025906
0.058740
0.057960
0.048610
0.040875
0.041867
0.052591
0.037332
0.054836
0.044755
0.036556
0.047626
0.045207
0.037589
0.050235
0.035820
0.037066
0.046532
0.045806
0.016874
0.054876
0.030121
0.043995
0.026824
0.035735
0.044061
0.043971
0.020264
0.034255
0.038143
0.026893
0.060877
-0.014471
0.074226
0.031337
0.006662
0.031481
0.045962
0.027853
0.018877
0.036474
0.036877
0.017756
0.016220
0.050522
0.027423
0.017714
0.033367
0.017039
0.034135
0.035217
0.000942
0.034813
0.031816
0.028904
0.012845
0.029948
0.019847
0.033469
0.007623
0.022007
0.039925
0.007037
0.024947
0.015413
0.037490
0.034320
-0.011531
0.023824
0.054621
-0.000679
0.014708
0.022435
0.032197
0.013928
0.001659
0.028117
0.027975
0.008677
0.027954
-0.001692
0.035375
0.032799
-0.015432
0.028962
0.018358
0.025895
-0.001253
0.022106
0.011257
0.036234
0.007545
0.001322
0.015666
0.033599
0.008819
0.005923
0.004159
0.038882
-0.009913
0.020087
0.026047
0.005312
0.010078
0.011791
0.021833
0.007842
-0.004042
0.027250
0.015717
0.008561
0.011624
0.011765
0.012665
0.033004
-0.019813
0.013728
0.039125
-0.001802
-0.002646
0.014735
0.024566
0.009508
-0.002006
0.014878
0.012905
0.006571
0.021754
-0.016620
0.022334
0.024368
-0.000665
-0.006883
0.034420
-0.003199
0.006575
0.012576
0.004329
0.014653
0.001041
0.010832
0.014963
-0.000352
0.010939
0.009422
0.005584
0.011016
0.006031
0.002191
0.019325
0.001352
-0.002152
0.009639
0.013976
0.012977
-0.000310
-0.000186
0.018024
0.003757
0.011949
-0.008640
0.014562
0.021548
-0.020898
0.014858
0.012523
0.010787
-0.011192
0.016145
0.005548
0.006723
-0.009873
0.017348
0.011889
0.002059
0.000570
0.002198
0.009378
0.014569
-0.010807
0.003958
0.023119
-0.001939
0.004938
-0.004117
0.010149
0.003147
0.007475
-0.000227
0.010941
0.008033
-0.012820
0.003460
0.021138
0.009607
-0.015505
-0.003711
0.028855
0.000898
-0.007530
-0.004337
0.031157
-0.012366
-0.003236
0.010526
0.006104
0.010561
-0.006990
0.000413
-0.001563
0.038740
-0.039397
0.018462
0.017756
-0.006000
-0.000309
-0.002329
0.028979
-0.015301
-0.003833
0.014667
0.009808
-0.001049
-0.006874
0.012041
-0.000016
0.014530
-0.020970
0.015136
0.008319
0.004163
-0.013766
0.020510
-0.004961
0.012283
-0.014629
0.006101
0.006187
0.013451
-0.005905
-0.017937
0.023224
0.012111
-0.021881
0.001185
0.017587
0.003604
-0.014562
0.006690
0.011764
-0.008988
0.001599
0.003881
0.013956
-0.004550
-0.006876
0.008873
0.005020
0.004883
-0.015275
0.007767
0.018860
-0.009515
-0.003894
-0.000234
0.003899
0.002080
-0.004521
0.005274
0.003255
0.014155
-0.008695
-0.009878
0.003714
0.018882
-0.011676
-0.003626
0.021797
-0.016243
0.012852
-0.008161
0.001121
0.006798
-0.008095
0.013546
-0.009568
-0.002394
0.012244
-0.015058
0.012928
0.015421
-0.026512
0.011485
0.005099
0.005241
-0.010912
0.001586
0.007800
0.014454
-0.024507
0.004541
0.014306
-0.002225
-0.005394
0.001879
-0.003600
0.015629
-0.015293
0.007689
0.007625
-0.008976
-0.004895
0.016178
-0.014370
0.008214
-0.006555
0.013567
-0.007999
0.003713
-0.005550
0.007209
-0.010192
0.019870
-0.012763
-0.011969
0.033310
-0.020822
-0.003861
0.006377
0.010258
-0.010719
0.006064
-0.014499
0.020352
-0.005212
-0.001538
-0.013157
0.014354
0.008906
-0.011638
-0.011730
0.021270
-0.003838
-0.003380
0.002731
0.002648
-0.000496
-0.012079
0.010919
-0.005305
0.014839
-0.006359
-0.002016
-0.008483
0.020401
-0.024388
0.009301
0.006028
0.006472
-0.002455
-0.002135
-0.002419
0.004829
-0.006446
0.009252
-0.003551
0.003014
0.004990
-0.015760
0.011057
0.007954
-0.021235
0.013314
0.006575
-0.005782
-0.013356
0.014568
-0.004792
0.007098
-0.005549
0.000330
0.003103
0.011983
-0.006535
-0.016085
0.011168
0.018925
-0.031509
0.008290
0.011127
0.003858
-0.021793
0.014603
0.005321
-0.007567
0.004688
-0.004002
-0.000058
0.001232
0.001994
0.001467
-0.010047
0.014573
-0.016650
0.010989
0.005577
-0.007772
0.002514
-0.011477
0.013316
0.000839
-0.002777
-0.010269
0.017747
-0.002931
-0.009040
-0.004974
0.010863
0.008117
-0.014960
-0.004717
0.023741
-0.022783
0.014447
-0.001054
0.004340
0.001213
0.000091
-0.010431
0.019907
-0.007451
0.005195
-0.012307
0.010533
0.010477
-0.027495
0.006726
0.025367
-0.016049
-0.002887
0.004515
0.009737
-0.004990
-0.012925
0.016091
-0.009745
0.004634
0.000835
-0.003620
-0.000529
0.010042
-0.006708
-0.005247
0.014770
-0.002571
-0.006042
-0.001216
0.008258
-0.006063
-0.002112
0.002975
0.007182
-0.008514
0.001818
-0.010866
0.019920
0.008021
-0.023616
0.000059
0.019852
-0.004312
-0.008844
-0.002606
0.010881
0.002079
-0.012847
0.001534
0.014116
-0.008477
0.010944
-0.025277
0.018175
0.011592
-0.022962
0.007009
0.006294
-0.000505
-0.004129
0.006576
-0.011168
0.013451
-0.005649
0.000635
-0.002045
0.008756
-0.008951
-0.006421
0.005623
0.018910
-0.019785
-0.003625
0.020027
-0.003973
-0.009027
0.001684
0.001871
0.007530
-0.010269
0.003754
-0.000425
0.009118
-0.007947
-0.004847
0.007170
0.014742
-0.030599
0.012885
0.005310
0.010115
-0.022962
0.018491
-0.002526
-0.001191
-0.007194
0.006325
0.004230
-0.002684
0.003512
-0.013114
0.009745
0.014562
-0.028574
0.012042
0.014872
-0.008090
-0.001955
-0.005933
0.009946
-0.002854
-0.009060
0.008273
0.011528
-0.007435
0.004001
-0.021252
0.020691
0.005238
-0.013236
0.001487
0.012957
-0.003269
-0.011127
0.009394
-0.001280
0.001090
-0.003339
0.011881
-0.014145
0.002934
0.006246
-0.006901
0.001527
0.010499
-0.012329
0.002183
0.015134
-0.018589
0.009518
-0.001965
0.009553
-0.004619
0.001563
-0.002094
0.014977
-0.011219
0.006168
-0.011511
0.010723
0.009631
-0.015789
-0.003519
0.011514
0.003078
-0.006683
-0.002646
0.004483
0.009306
-0.011070
0.003823
0.007561
-0.004687
-0.003035
-0.001790
0.004103
0.014665
-0.021894
0.008587
0.015731
-0.010475
-0.003473
0.005769
0.002828
0.007543
-0.009690
0.006391
0.013443
-0.005517
-0.006899
-0.005696
0.009545
0.012636
-0.015451
0.001129
0.014625
-0.001304
-0.012891
0.004024
0.007144
0.005315
-0.016299
0.012345
-0.001269
0.002240
0.006227
-0.015887
0.007883
0.017839
-0.020588
0.006290
-0.004232
0.018033
-0.018447
0.012240
-0.005199
0.010949
-0.010806
0.006177
0.004891
0.006062
-0.005636
-0.011844
0.014983
0.009734
-0.012016
0.001954
0.019433
-0.015155
0.003824
0.004822
0.005336
-0.012547
0.006357
0.007602
-0.001041
0.002320
-0.004641
0.003116
-0.005359
0.024587
-0.023517
0.001699
0.017417
-0.011230
0.001857
0.002620
0.003913
0.002274
-0.009062
0.005209
0.008535
-0.004583
0.004979
-0.018873
0.016986
0.014537
-0.020118
0.000768
0.011436
0.000362
-0.007021
0.002599
0.004616
0.001271
-0.003449
0.004771
-0.001023
0.003696
0.003429
-0.012720
0.003376
0.024872
-0.027618
0.006131
0.018019
-0.013282
0.004300
-0.009563
0.020529
-0.020237
0.009870
0.001852
-0.000091
0.003365
0.006315
-0.018993
0.013607
0.007351
-0.014266
0.002606
0.013060
-0.005061
-0.001331
0.001903
-0.000281
0.013800
-0.016933
0.003955
0.002746
0.013904
-0.008755
-0.018127
0.017559
0.022185
-0.037326
0.017637
0.010101
-0.006614
-0.003441
-0.000472
0.005482
0.005115
-0.009256
0.002872
0.014165
-0.011199
-0.001556
-0.003124
0.016106
0.005709
-0.024224
0.012345
0.015722
-0.011446
-0.012239
0.012434
0.005319
-0.000161
-0.006374
0.006182
-0.000467
-0.000139
0.000058
-0.007571
0.011133
0.011713
-0.023258
0.014771
-0.003710
0.012053
-0.007131
-0.005192
0.013430
-0.003548
-0.004660
0.003367
-0.001691
0.019763
-0.022129
-0.003286
0.010481
0.015432
-0.024258
0.008602
0.009391
-0.000521
-0.007045
0.000565
0.011252
-0.006029
-0.003900
0.004254
0.006827
-0.013992
0.013921
-0.010390
0.008127
0.014800
-0.024721
0.008627
0.005844
-0.002170
-0.001677
0.002633
0.001244
0.003237
-0.007675
0.007018
0.000566
0.002605
-0.003561
-0.006582
0.014629
0.002914
-0.013695
-0.000644
0.015885
-0.006371
-0.000465
-0.008232
0.009792
0.009676
-0.018145
0.016112
0.005810
-0.007028
0.001444
-0.012057
0.012289
0.015721
-0.027815
0.017442
0.001766
0.001316
-0.001115
-0.019159
0.024090
0.003956
0.004227
-0.074058
0.131752
-0.093307
0.020182
-0.027145
0.021421
0.012753
-0.021544
-0.003705
0.020901
-0.005069
-0.011103
0.009491
-0.008455
0.011255
-0.018536
0.020257
-0.008810
-0.007132
0.007926
-0.006463
-0.003803
0.004697
0.003897
-0.020374
0.024021
-0.017843
0.002210
0.007882
-0.010116
0.004601
-0.008560
0.009867
-0.007933
0.006139
-0.008488
0.005831
-0.014351
0.021769
-0.023696
0.008050
-0.000900
0.003959
-0.015933
0.008459
0.009309
-0.007506
-0.010225
-0.002818
0.010150
-0.009071
-0.005132
0.008506
-0.008148
0.011031
-0.023584
0.013514
0.001309
-0.001172
-0.059938
0.152356
-0.066310
-0.000380
-0.027467
0.016343
0.001808
0.002776
-0.024063
0.072604
-0.153694
0.176891
