0.001335
0.001141
0.000882
0.000601
0.000341
0.000132
-0.000010
-0.000086
-0.000108
-0.000095
-0.000066
-0.000038
-0.000021
-0.000020
-0.000035
-0.000063
-0.000098
-0.000136
-0.000172
-0.000205
-0.000232
-0.000255
-0.000276
-0.000295
-0.000314
-0.000336
-0.000359
-0.000383
-0.000405
-0.000421
-0.000427
-0.000420
-0.000399
-0.000366
-0.000329
-0.000296
-0.000273
-0.000267
-0.000280
-0.000308
-0.000344
-0.000377
-0.000395
-0.000384
-0.000327
-0.000198
0.000056
0.000531
0.001405
0.002971
0.005688
0.010211
0.017402
0.028283
0.043913
0.065191
0.092577
0.125808
0.163669
0.203926
0.243482
0.278771
0.306339
0.323469
0.328707
0.322126
0.305270
0.280797
0.251924
0.221835
0.193191
0.167829
0.146698
0.129963
0.117229
0.107792
0.100858
0.095697
0.091723
0.088520
0.085821
0.083476
0.081406
0.079577
0.077968
0.076559
0.075321
0.074216
0.073201
0.072227
0.071250
0.070237
0.069164
0.068025
0.066827
0.065592
0.064347
0.063123
0.061947
0.060843
0.059820
0.058880
0.058013
0.057202
0.056426
0.055666
0.054903
0.054127
0.053331
0.052518
0.051692
0.050860
0.050035
0.049226
0.048447
0.047706
0.047013
0.046370
0.045773
0.045212
0.044670
0.044128
0.043564
0.042965
0.042324
0.041646
0.040941
0.040230
0.039531
0.038861
0.038231
0.037646
0.037102
0.036594
0.036112
0.035650
0.035206
0.034777
0.034366
0.033976
0.033608
0.033262
0.032938
0.032632
0.032342
0.032062
0.031788
0.031511
0.031222
0.030910
0.030566
0.030181
0.029755
0.029292
0.028800
0.028294
0.027789
0.027301
0.026840
0.026413
0.026023
0.025670
0.025351
0.025061
0.024798
0.024554
0.024323
0.024097
0.023868
0.023628
0.023370
0.023090
0.022789
0.022467
0.022127
0.021774
0.021410
0.021038
0.020659
0.020273
0.019878
0.019471
0.019051
0.018617
0.018175
0.017729
0.017291
0.016872
0.016483
0.016132
0.015823
0.015556
0.015326
0.015131
0.014966
0.014831
0.014729
0.014662
0.014632
0.014636
0.014666
0.014707
0.014741
0.014747
0.014709
0.014615
0.014463
0.014260
0.014019
0.013758
0.013496
0.013247
0.013023
0.012828
0.012661
0.012515
0.012381
0.012249
0.012111
0.011960
0.011796
0.011619
0.011436
0.011252
0.011077
0.010917
0.010778
0.010661
0.010566
0.010490
0.010424
0.010361
0.010291
0.010203
0.010092
0.009954
0.009789
0.009598
0.009388
0.009163
0.008930
0.008696
0.008470
0.008261
0.008079
0.007933
0.007831
0.007775
0.007763
0.007791
0.007848
0.007921
0.007996
0.008059
0.008096
0.008098
0.008057
0.007974
0.007853
0.007705
0.007542
0.007375
0.007217
0.007072
0.006944
0.006833
0.006736
0.006649
0.006570
0.006496
0.006424
0.006352
0.006277
0.006196
0.006104
0.006001
0.005886
0.005760
0.005626
0.005490
0.005356
0.005229
0.005111
0.005005
0.004909
0.004824
0.004748
0.004681
0.004624
0.004578
0.004542
0.004517
0.004500
0.004486
0.004471
0.004445
0.004403
0.004339
0.004251
0.004142
0.004020
0.003893
0.003773
0.003669
0.003585
0.003522
0.003474
0.003431
0.003385
0.003327
0.003251
0.003156
0.003044
0.002920
0.002789
0.002657
0.002526
0.002400
0.002282
0.002174
0.002079
0.002004
0.001952
0.001927
0.001930
0.001958
0.002005
0.002061
0.002114
0.002153
0.002169
0.002155
0.002109
0.002034
0.001936
0.001823
0.001706
0.001597
0.001508
0.001448
0.001423
0.001433
0.001475
0.001541
0.001618
0.001695
0.001761
0.001808
0.001832
0.001834
0.001818
0.001788
0.001751
0.001709
0.001665
0.001620
0.001575
0.001531
0.001490
0.001451
0.001416
0.001385
0.001358
0.001334
0.001315
0.001301
0.001293
0.001292
0.001300
0.001315
0.001336
0.001357
0.001374
0.001379
0.001369
0.001338
0.001288
0.001223
0.001151
0.001083
0.001028
0.000996
0.000988
0.001002
0.001031
0.001061
0.001080
0.001078
0.001050
0.000995
0.000918
0.000828
0.000734
0.000642
0.000558
0.000484
0.000419
0.000360
0.000305
0.000254
0.000206
0.000167
0.000140
0.000131
0.000142
0.000174
0.000221
0.000278
0.000337
0.000392
0.000437
0.000471
0.000492
0.000501
0.000498
0.000483
0.000456
0.000418
0.000368
0.000311
0.000247
0.000180
0.000113
0.000047
-0.000014
-0.000071
-0.000120
-0.000159
-0.000184
-0.000194
-0.000188
-0.000167
-0.000137
-0.000103
-0.000073
-0.000053
-0.000049
-0.000062
-0.000094
-0.000143
-0.000206
-0.000277
-0.000349
-0.000412
-0.000460
-0.000485
-0.000484
-0.000459
-0.000416
-0.000364
-0.000313
-0.000270
-0.000241
-0.000226
-0.000222
-0.000224
-0.000228
-0.000230
-0.000229
-0.000224
-0.000217
-0.000210
-0.000206
-0.000205
-0.000210
-0.000218
-0.000229
-0.000238
-0.000243
-0.000240
-0.000230
-0.000216
-0.000201
-0.000195
-0.000204
-0.000234
-0.000287
-0.000359
-0.000445
-0.000535
-0.000619
-0.000691
-0.000745
-0.000781
-0.000800
-0.000808
-0.000807
-0.000800
-0.000791
-0.000778
-0.000762
-0.000743
-0.000721
-0.000698
-0.000676
-0.000658
-0.000646
-0.000642
-0.000646
-0.000657
-0.000674
-0.000695
-0.000717
-0.000738
-0.000756
-0.000769
-0.000776
-0.000776
-0.000771
-0.000760
-0.000745
-0.000730
-0.000715
-0.000705
-0.000700
-0.000702
-0.000711
-0.000726
-0.000745
-0.000766
-0.000787
-0.000803
-0.000813
-0.000815
-0.000808
-0.000793
-0.000773
-0.000751
-0.000730
-0.000713
-0.000701
-0.000694
-0.000689
-0.000686
-0.000683
-0.000681
-0.000678
-0.000675
-0.000673
-0.000672
-0.000672
-0.000673
-0.000676
-0.000682
-0.000693
-0.000710
-0.000734
-0.000761
-0.000792
-0.000822
-0.000849
-0.000873
-0.000894
-0.000913
-0.000930
-0.000946
-0.000957
-0.000960
-0.000950
-0.000923
-0.000879
-0.000823
-0.000760
-0.000701
-0.000652
-0.000619
-0.000603
-0.000601
-0.000611
-0.000625
-0.000642
-0.000659
-0.000676
-0.000692
-0.000708
-0.000727
-0.000748
-0.000773
-0.000800
-0.000826
-0.000849
-0.000864
-0.000866
-0.000855
-0.000830
-0.000796
-0.000758
-0.000723
-0.000696
-0.000680
-0.000675
-0.000679
-0.000689
-0.000702
-0.000714
-0.000727
-0.000739
-0.000752
-0.000768
-0.000784
-0.000801
-0.000815
-0.000825
-0.000828
-0.000823
-0.000810
-0.000790
-0.000763
-0.000731
-0.000694
-0.000650
-0.000596
-0.000526
-0.000431
-0.000302
-0.000131
0.000086
0.000349
0.000648
0.000968
0.001286
0.001572
0.001801
0.001947
0.001997
0.001949
0.001811
0.001604
0.001352
0.001084
0.000825
0.000594
0.000404
0.000260
0.000162
0.000106
0.000083
0.000088
0.000110
0.000142
0.000179
0.000212
0.000239
0.000256
0.000262
0.000257
0.000241
0.000218
0.000191
0.000162
0.000136
0.000115
0.000100
0.000091
0.000084
0.000074
0.000057
0.000031
-0.000003
-0.000042
-0.000078
-0.000105
-0.000119
-0.000119
-0.000108
-0.000089
-0.000068
-0.000048
-0.000030
-0.000013
0.000003
0.000021
0.000040
0.000059
0.000078
0.000095
0.000107
0.000113
0.000113
0.000104
0.000088
0.000063
0.000030
-0.000007
-0.000047
-0.000085
-0.000118
-0.000142
-0.000153
-0.000151
-0.000136
-0.000112
-0.000084
-0.000057
-0.000037
-0.000026
-0.000023
-0.000025
-0.000027
-0.000024
-0.000013
0.000007
0.000032
0.000058
0.000078
0.000087
0.000083
0.000064
0.000033
-0.000005
-0.000046
-0.000085
-0.000119
-0.000147
-0.000169
-0.000188
-0.000204
-0.000220
-0.000233
-0.000242
-0.000247
-0.000245
-0.000236
-0.000222
-0.000204
-0.000184
-0.000165
-0.000148
-0.000133
-0.000121
-0.000111
-0.000103
-0.000096
-0.000089
-0.000082
-0.000073
-0.000064
-0.000053
-0.000041
-0.000028
-0.000015
-0.000003
0.000009
0.000018
0.000025
0.000030
0.000032
0.000034
0.000034
0.000034
0.000033
0.000029
0.000022
0.000010
-0.000006
-0.000021
-0.000033
-0.000036
-0.000028
-0.000007
0.000025
0.000064
0.000105
0.000141
0.000168
0.000181
0.000181
0.000167
0.000143
0.000114
0.000086
0.000064
0.000054
0.000058
0.000077
0.000113
0.000161
0.000219
0.000281
0.000341
0.000390
0.000423
0.000433
0.000421
0.000388
0.000343
0.000296
0.000258
0.000237
0.000237
0.000256
0.000288
0.000324
0.000354
0.000373
0.000378
0.000367
0.000345
0.000318
0.000293
0.000276
0.000271
0.000279
0.000299
0.000323
0.000344
0.000356
0.000355
0.000340
0.000314
0.000283
0.000254
0.000231
0.000218
0.000216
0.000223
0.000237
0.000254
0.000272
0.000286
0.000295
0.000295
0.000285
0.000264
0.000234
0.000197
0.000158
0.000120
0.000090
0.000070
0.000063
0.000069
0.000086
0.000109
0.000135
0.000159
0.000181
0.000199
0.000214
0.000225
0.000235
0.000241
0.000244
0.000245
0.000242
0.000238
0.000235
0.000235
0.000237
0.000241
0.000247
0.000252
0.000257
0.000261
0.000263
0.000266
0.000267
0.000268
0.000266
0.000261
0.000252
0.000241
0.000231
0.000225
0.000227
0.000240
0.000261
0.000287
0.000314
0.000336
0.000349
0.000353
0.000348
0.000339
0.000329
0.000320
0.000311
0.000300
0.000286
0.000265
0.000239
0.000210
0.000183
0.000163
0.000155
0.000159
0.000176
0.000202
0.000231
0.000258
0.000279
0.000293
0.000298
0.000297
0.000291
0.000281
0.000268
0.000250
0.000229
0.000206
0.000185
0.000169
0.000165
0.000176
0.000203
0.000245
0.000296
0.000349
0.000397
0.000434
0.000454
0.000457
0.000443
0.000417
0.000383
0.000348
0.000316
0.000292
0.000280
0.000280
0.000294
0.000321
0.000357
0.000401
0.000447
0.000490
0.000524
0.000544
0.000546
0.000530
0.000497
0.000453
0.000405
0.000361
0.000325
0.000302
0.000292
0.000293
0.000302
0.000313
0.000323
0.000330
0.000331
0.000326
0.000315
0.000296
0.000267
0.000225
0.000166
0.000086
-0.000018
-0.000142
-0.000282
-0.000427
-0.000563
-0.000677
-0.000758
-0.000799
-0.000803
-0.000777
-0.000733
-0.000683
-0.000641
-0.000612
-0.000601
-0.000604
-0.000619
-0.000641
-0.000663
-0.000683
-0.000701
-0.000715
-0.000728
-0.000741
-0.000758
-0.000780
-0.000806
-0.000835
-0.000865
-0.000893
-0.000917
-0.000935
-0.000946
-0.000951
-0.000952
-0.000952
-0.000951
-0.000952
-0.000952
-0.000949
-0.000938
-0.000918
-0.000883
-0.000834
-0.000771
-0.000698
-0.000622
-0.000551
-0.000494
-0.000460
-0.000454
-0.000481
-0.000539
-0.000626
-0.000734
-0.000854
-0.000976
-0.001089
-0.001184
-0.001251
-0.001283
-0.001272
-0.001213
-0.001100
-0.000929
-0.000698
-0.000410
-0.000074
0.000290
0.000655
0.000985
0.001243
0.001396
0.001426
