-0.000602
-0.000557
-0.000519
-0.000489
-0.000467
-0.000452
-0.000444
-0.000441
-0.000444
-0.000450
-0.000458
-0.000467
-0.000476
-0.000482
-0.000483
-0.000478
-0.000462
-0.000433
-0.000388
-0.000322
-0.000231
-0.000109
0.000050
0.000253
0.000508
0.000823
0.001209
0.001676
0.002236
0.002902
0.003689
0.004610
0.005681
0.006918
0.008337
0.009954
0.011783
0.013841
0.016139
0.018689
0.021500
0.024578
0.027926
0.031542
0.035421
0.039554
0.043924
0.048512
0.053292
0.058235
0.063305
0.068462
0.073663
0.078861
0.084007
0.089049
0.093937
0.098619
0.103046
0.107170
0.110949
0.114343
0.117319
0.119851
0.121918
0.123506
0.124610
0.125232
0.125379
0.125068
0.124320
0.123163
0.121629
0.119753
0.117576
0.115137
0.112480
0.109647
0.106679
0.103616
0.100496
0.097355
0.094224
0.091130
0.088100
0.085153
0.082307
0.079574
0.076964
0.074484
0.072136
0.069922
0.067841
0.065888
0.064060
0.062349
0.060750
0.059255
0.057856
0.056546
0.055316
0.054159
0.053068
0.052036
0.051057
0.050126
0.049237
0.048385
0.047567
0.046779
0.046018
0.045280
0.044564
0.043868
0.043190
0.042528
0.041881
0.041249
0.040631
0.040025
0.039431
0.038849
0.038278
0.037717
0.037167
0.036627
0.036096
0.035575
0.035063
0.034560
0.034065
0.033578
0.033099
0.032627
0.032163
0.031706
0.031255
0.030812
0.030374
0.029943
0.029518
0.029099
0.028686
0.028278
0.027876
0.027480
0.027089
0.026704
0.026323
0.025949
0.025579
0.025214
0.024855
0.024500
0.024150
0.023805
0.023465
0.023129
0.022797
0.022470
0.022146
0.021827
0.021512
0.021200
0.020892
0.020588
0.020288
0.019991
0.019698
0.019408
0.019123
0.018841
0.018563
0.018288
0.018018
0.017752
0.017490
0.017233
0.016980
0.016732
0.016488
0.016249
0.016014
0.015784
0.015560
0.015340
0.015124
0.014914
0.014708
0.014506
0.014309
0.014116
0.013928
0.013743
0.013562
0.013384
0.013210
0.013040
0.012872
0.012707
0.012544
0.012384
0.012226
0.012070
0.011916
0.011763
0.011612
0.011462
0.011314
0.011166
0.011020
0.010874
0.010730
0.010586
0.010443
0.010300
0.010159
0.010018
0.009878
0.009739
0.009601
0.009464
0.009328
0.009193
0.009059
0.008926
0.008795
0.008665
0.008537
0.008410
0.008285
0.008162
0.008039
0.007919
0.007800
0.007683
0.007567
0.007453
0.007340
0.007229
0.007120
0.007011
0.006904
0.006799
0.006694
0.006591
0.006489
0.006389
0.006290
0.006192
0.006095
0.006000
0.005906
0.005814
0.005722
0.005633
0.005544
0.005457
0.005372
0.005288
0.005205
0.005124
0.005044
0.004965
0.004887
0.004810
0.004734
0.004659
0.004585
0.004511
0.004437
0.004364
0.004291
0.004218
0.004145
0.004072
0.003999
0.003926
0.003853
0.003780
0.003706
0.003633
0.003560
0.003486
0.003413
0.003341
0.003269
0.003197
0.003126
0.003056
0.002987
0.002919
0.002853
0.002787
0.002723
0.002660
0.002598
0.002538
0.002479
0.002421
0.002365
0.002310
0.002256
0.002203
0.002151
0.002099
0.002049
0.001999
0.001950
0.001901
0.001853
0.001805
0.001758
0.001711
0.001664
0.001617
0.001571
0.001525
0.001479
0.001433
0.001387
0.001342
0.001297
0.001252
0.001207
0.001163
0.001119
0.001076
0.001033
0.000990
0.000948
0.000907
0.000866
0.000826
0.000786
0.000747
0.000709
0.000671
0.000634
0.000597
0.000561
0.000525
0.000490
0.000456
0.000422
0.000388
0.000354
0.000321
0.000288
0.000255
0.000222
0.000190
0.000157
0.000124
0.000091
0.000058
0.000025
-0.000009
-0.000042
-0.000076
-0.000110
-0.000145
-0.000179
-0.000214
-0.000249
-0.000284
-0.000319
-0.000354
-0.000389
-0.000424
-0.000459
-0.000494
-0.000528
-0.000562
-0.000595
-0.000628
-0.000661
-0.000692
-0.000723
-0.000754
-0.000783
-0.000811
-0.000839
-0.000865
-0.000891
-0.000915
-0.000938
-0.000961
-0.000982
-0.001002
-0.001021
-0.001039
-0.001055
-0.001071
-0.001086
-0.001100
-0.001112
-0.001124
-0.001135
-0.001146
-0.001155
-0.001164
-0.001172
-0.001180
-0.001188
-0.001195
-0.001202
-0.001209
-0.001216
-0.001222
-0.001229
-0.001237
-0.001244
-0.001252
-0.001261
-0.001269
-0.001279
-0.001289
-0.001300
-0.001311
-0.001324
-0.001337
-0.001350
-0.001365
-0.001381
-0.001397
-0.001415
-0.001433
-0.001452
-0.001472
-0.001493
-0.001515
-0.001537
-0.001560
-0.001584
-0.001609
-0.001634
-0.001660
-0.001686
-0.001712
-0.001739
-0.001766
-0.001793
-0.001820
-0.001847
-0.001874
-0.001901
-0.001927
-0.001953
-0.001978
-0.002003
-0.002027
-0.002051
-0.002074
-0.002096
-0.002117
-0.002138
-0.002157
-0.002176
-0.002194
-0.002211
-0.002227
-0.002242
-0.002256
-0.002269
-0.002281
-0.002292
-0.002302
-0.002310
-0.002318
-0.002325
-0.002331
-0.002335
-0.002339
-0.002343
-0.002345
-0.002347
-0.002348
-0.002349
-0.002350
-0.002350
-0.002350
-0.002351
-0.002352
-0.002353
-0.002355
-0.002357
-0.002360
-0.002364
-0.002369
-0.002374
-0.002380
-0.002388
-0.002396
-0.002405
-0.002415
-0.002425
-0.002436
-0.002448
-0.002460
-0.002472
-0.002485
-0.002498
-0.002511
-0.002524
-0.002537
-0.002550
-0.002563
-0.002575
-0.002587
-0.002599
-0.002611
-0.002622
-0.002633
-0.002644
-0.002654
-0.002664
-0.002674
-0.002684
-0.002694
-0.002704
-0.002714
-0.002724
-0.002734
-0.002744
-0.002755
-0.002765
-0.002776
-0.002787
-0.002798
-0.002809
-0.002820
-0.002832
-0.002843
-0.002855
-0.002866
-0.002878
-0.002890
-0.002901
-0.002913
-0.002924
-0.002935
-0.002946
-0.002956
-0.002967
-0.002977
-0.002987
-0.002997
-0.003007
-0.003016
-0.003026
-0.003035
-0.003044
-0.003053
-0.003062
-0.003071
-0.003080
-0.003089
-0.003098
-0.003107
-0.003116
-0.003125
-0.003134
-0.003142
-0.003151
-0.003160
-0.003168
-0.003176
-0.003184
-0.003192
-0.003200
-0.003207
-0.003214
-0.003221
-0.003227
-0.003233
-0.003238
-0.003244
-0.003248
-0.003253
-0.003258
-0.003262
-0.003266
-0.003269
-0.003273
-0.003277
-0.003280
-0.003284
-0.003288
-0.003291
-0.003295
-0.003299
-0.003303
-0.003307
-0.003312
-0.003316
-0.003321
-0.003326
-0.003331
-0.003337
-0.003342
-0.003348
-0.003354
-0.003360
-0.003366
-0.003372
-0.003378
-0.003385
-0.003391
-0.003398
-0.003405
-0.003411
-0.003418
-0.003424
-0.003431
-0.003438
-0.003444
-0.003451
-0.003457
-0.003463
-0.003469
-0.003475
-0.003481
-0.003487
-0.003492
-0.003498
-0.003503
-0.003508
-0.003513
-0.003518
-0.003523
-0.003528
-0.003532
-0.003537
-0.003541
-0.003545
-0.003549
-0.003553
-0.003557
-0.003561
-0.003565
-0.003569
-0.003572
-0.003576
-0.003580
-0.003584
-0.003588
-0.003592
-0.003596
-0.003600
-0.003605
-0.003609
-0.003613
-0.003618
-0.003623
-0.003628
-0.003633
-0.003638
-0.003643
-0.003648
-0.003653
-0.003658
-0.003663
-0.003668
-0.003673
-0.003678
-0.003683
-0.003688
-0.003693
-0.003698
-0.003702
-0.003707
-0.003711
-0.003715
-0.003720
-0.003724
-0.003728
-0.003732
-0.003736
-0.003740
-0.003744
-0.003748
-0.003752
-0.003757
-0.003761
-0.003764
-0.003768
-0.003772
-0.003775
-0.003778
-0.003781
-0.003783
-0.003785
-0.003786
-0.003787
-0.003787
-0.003785
-0.003784
-0.003781
-0.003777
-0.003772
-0.003767
-0.003760
-0.003753
-0.003744
-0.003735
-0.003726
-0.003716
-0.003705
-0.003695
-0.003684
-0.003673
-0.003663
-0.003653
-0.003643
-0.003634
-0.003626
-0.003618
-0.003611
-0.003605
-0.003599
-0.003595
-0.003590
-0.003587
-0.003583
-0.003579
-0.003575
-0.003571
-0.003565
-0.003558
-0.003549
-0.003538
-0.003525
-0.003508
-0.003489
-0.003465
-0.003438
-0.003406
-0.003370
-0.003329
-0.003283
-0.003232
-0.003177
-0.003116
-0.003052
-0.002983
-0.002910
-0.002834
-0.002754
-0.002673
-0.002590
-0.002506
-0.002422
-0.002338
-0.002256
-0.002175
-0.002097
-0.002022
-0.001951
-0.001883
-0.001820
-0.001762
-0.001709
-0.001661
-0.001618
-0.001580
-0.001546
-0.001517
-0.001492
-0.001471
-0.001453
-0.001438
-0.001426
-0.001415
-0.001406
-0.001397
-0.001390
-0.001382
-0.001374
-0.001366
-0.001356
-0.001346
-0.001335
-0.001322
-0.001307
-0.001291
-0.001273
-0.001254
-0.001234
-0.001211
-0.001188
-0.001163
-0.001137
-0.001110
-0.001081
-0.001052
-0.001022
-0.000991
-0.000959
-0.000926
-0.000893
-0.000860
-0.000826
-0.000791
-0.000756
-0.000721
-0.000686
-0.000650
-0.000614
-0.000577
-0.000541
-0.000504
-0.000467
-0.000429
-0.000392
-0.000354
-0.000316
-0.000278
-0.000240
-0.000201
-0.000163
-0.000124
-0.000085
-0.000045
-0.000006
0.000034
0.000074
0.000114
0.000154
0.000195
0.000236
0.000277
0.000319
0.000361
0.000403
0.000446
0.000489
0.000532
0.000576
0.000620
0.000665
0.000710
0.000755
0.000801
0.000846
0.000892
0.000937
0.000983
0.001028
0.001072
0.001115
0.001158
0.001199
0.001239
0.001276
0.001311
0.001344
0.001373
0.001399
0.001421
0.001439
0.001452
0.001459
0.001461
0.001457
0.001447
0.001430
0.001406
0.001375
0.001337
0.001293
0.001241
0.001182
0.001117
0.001046
0.000969
0.000886
0.000800
0.000709
0.000616
0.000520
0.000423
0.000326
0.000229
0.000133
0.000039
-0.000051
-0.000138
-0.000221
-0.000298
-0.000370
-0.000437
-0.000497
-0.000551
-0.000599
-0.000640
-0.000676
-0.000705
-0.000729
-0.000747
-0.000761
-0.000770
-0.000774
-0.000775
-0.000774
-0.000769
-0.000762
-0.000753
-0.000743
-0.000732
-0.000721
-0.000709
-0.000697
-0.000685
-0.000674
-0.000664
-0.000655
-0.000647
-0.000640
-0.000635
-0.000632
-0.000630
-0.000630
-0.000633
-0.000637
-0.000644
-0.000653
-0.000665
-0.000679
-0.000695
-0.000714
-0.000736
-0.000761
-0.000788
-0.000817
-0.000849
-0.000884
-0.000921
-0.000960
-0.001001
-0.001044
-0.001089
-0.001136
-0.001184
-0.001233
-0.001284
-0.001336
-0.001388
-0.001441
-0.001495
-0.001548
-0.001602
-0.001656
-0.001709
-0.001762
-0.001815
-0.001867
-0.001918
-0.001968
-0.002018
-0.002066
-0.002113
-0.002160
-0.002205
-0.002248
-0.002291
-0.002332
-0.002371
-0.002410
-0.002447
-0.002482
-0.002516
-0.002548
-0.002579
-0.002608
-0.002636
-0.002662
-0.002687
-0.002709
-0.002731
-0.002750
-0.002768
-0.002784
-0.002798
-0.002811
-0.002821
-0.002830
-0.002836
-0.002840
-0.002841
-0.002840
-0.002835
-0.002827
-0.002816
-0.002801
-0.002781
-0.002757
-0.002728
-0.002694
-0.002654
-0.002609
-0.002558
-0.002501
-0.002437
-0.002368
-0.002293
-0.002213
-0.002127
-0.002036
-0.001941
-0.001843
-0.001742
-0.001639
-0.001535
-0.001431
-0.001328
-0.001227
-0.001129
-0.001036
-0.000947
-0.000864
-0.000787
-0.000718
-0.000656
