-0.496595
0.088683
-0.126750
-0.006289
0.044088
-0.022747
-0.046713
-0.014277
0.048759
-0.110691
0.128198
-0.108207
-0.019010
0.025718
-0.016312
-0.012039
-0.027734
-0.016176
0.003079
0.001563
-0.059932
0.041138
-0.052495
-0.003645
0.018428
-0.055337
0.008117
-0.008135
-0.011447
-0.029881
0.004286
-0.028706
0.000554
-0.014562
-0.017349
-0.004985
-0.028059
0.009599
-0.026962
-0.012351
-0.013275
-0.010163
-0.010520
-0.013030
-0.021030
0.001769
-0.029289
-0.003937
0.001610
-0.048328
0.021696
-0.042105
0.014354
-0.018993
-0.036342
-0.015621
0.107050
-0.170747
-0.094796
0.329104
0.177391
-1.587244
2.172524
2.354069
2.067667
-0.059568
0.173785
0.228903
0.257542
0.044478
0.066346
0.206119
0.222751
0.306212
0.158596
0.113483
0.119843
0.316093
0.155509
0.090975
0.133828
0.153198
0.152131
0.134866
0.176724
0.087756
0.106314
0.209409
0.093813
0.075211
0.146632
0.194508
0.098982
0.085408
0.080267
0.141517
0.185161
0.086138
0.085327
0.093953
0.153980
0.115654
0.077420
0.083595
0.151589
0.104734
0.083984
0.103657
0.115546
0.091950
0.078577
0.117129
0.106341
0.061306
0.110052
0.088254
0.091048
0.082011
0.089654
0.086792
0.088420
0.080509
0.080992
0.070626
0.122092
0.022456
0.073664
0.069760
0.094238
0.060348
0.076770
0.055320
0.086867
0.077673
0.052861
0.067073
0.073844
0.069062
0.056448
0.058381
0.076105
0.053652
0.045305
0.092585
0.033041
0.055248
0.088547
0.047802
0.053636
0.047455
0.069487
0.045313
0.059874
0.035311
0.063907
0.048329
0.059837
0.044018
0.035615
0.071368
0.030413
0.053768
0.041809
0.050012
0.033654
0.046700
0.046563
0.042950
0.037879
0.035596
0.047583
0.038491
0.036734
0.027207
0.036013
0.055954
0.019024
0.026417
0.061648
0.024729
0.033558
0.025375
0.045032
0.019957
0.048912
0.008399
0.059021
0.009504
0.043721
0.019873
0.009793
0.058503
0.027479
0.008937
0.034338
0.029293
0.014809
0.041384
0.022633
0.025161
0.014560
0.020707
0.041697
0.020146
0.016865
0.023404
0.022928
0.031968
0.017427
0.005718
0.034274
0.033182
0.008635
0.017426
0.025944
0.008394
0.035158
0.003219
0.028198
0.023749
0.027221
-0.009701
0.024992
0.031011
0.016863
-0.015088
0.043114
0.021868
0.007473
0.008359
0.025224
0.010563
0.031608
-0.015938
0.035296
0.005613
0.028587
-0.000911
0.008147
0.028485
0.017081
-0.012206
0.038406
0.007456
0.008149
0.007850
0.024239
0.008607
0.009609
0.002422
0.027711
0.010551
-0.002578
0.020056
-0.001893
0.031477
0.007960
-0.016734
0.036007
0.008151
0.011362
-0.004380
0.018198
0.006495
0.014800
0.004333
0.008065
0.009473
0.011631
0.002317
0.010961
0.006208
0.008027
-0.016653
0.032512
0.017177
-0.021692
0.009476
0.027059
0.000359
0.010247
-0.022100
0.028604
0.015336
-0.010236
-0.009177
0.013498
0.031564
-0.015620
-0.002013
0.008624
0.024316
-0.017742
0.012935
-0.012151
0.023069
0.003018
-0.005457
-0.007191
0.020926
-0.005118
-0.005887
0.002815
0.018405
0.002719
-0.020203
0.015715
0.004374
-0.001946
-0.002300
0.009522
-0.004615
0.004564
-0.003151
-0.003547
0.015319
0.004355
-0.012243
-0.006161
0.021687
0.004398
-0.003080
-0.012996
0.018275
-0.017006
0.004384
-0.001267
0.007580
0.001161
-0.012707
0.011352
0.002621
-0.005432
-0.014244
0.012409
-0.002765
-0.002236
-0.016302
0.030695
-0.007184
-0.012781
-0.013008
0.022913
-0.008725
-0.020724
0.007211
0.008528
-0.001554
-0.014429
-0.001741
-0.007886
0.029114
-0.020981
-0.013301
0.003613
0.015817
-0.022503
-0.010175
0.013138
-0.005095
-0.004718
-0.020378
0.016705
-0.005669
-0.006085
-0.006521
-0.005116
0.009776
-0.011147
-0.017844
0.013138
-0.007912
-0.009129
0.002900
-0.017013
0.007293
-0.008199
-0.016126
0.023234
-0.012624
-0.012260
-0.003450
-0.003556
0.006936
-0.013176
-0.017442
0.006447
0.011995
-0.020176
-0.013358
-0.002189
0.009683
-0.009958
-0.010583
-0.005138
0.002402
-0.008540
-0.000184
-0.026136
0.026246
-0.021302
-0.028538
0.020663
0.003510
-0.028018
0.003593
-0.009562
-0.001583
-0.002559
-0.013173
0.006323
0.001046
-0.021732
-0.015050
-0.003854
0.017023
-0.014189
-0.028271
0.003740
0.017914
-0.025426
-0.004631
-0.018312
0.010026
-0.012075
-0.001568
-0.010682
0.002090
-0.006939
-0.021298
-0.013856
0.022967
-0.010862
-0.034392
0.026490
-0.010341
-0.018770
-0.013716
0.003805
0.007469
-0.018331
-0.028240
0.017569
-0.009216
-0.006865
-0.014673
-0.018514
0.019137
-0.007933
-0.026855
0.006744
-0.004941
-0.013806
-0.006864
-0.010165
-0.003666
-0.004111
-0.019220
-0.001781
0.003256
-0.006205
-0.020937
-0.008148
0.004344
-0.002835
-0.035363
0.025202
-0.005363
-0.024782
-0.005768
-0.000573
-0.016962
0.007359
-0.027419
0.014257
-0.005671
-0.025319
-0.000437
-0.016045
0.012596
-0.017372
-0.028806
0.023495
-0.003198
-0.039803
0.004724
-0.004528
0.003094
-0.015836
-0.022970
0.004737
0.000132
-0.012457
-0.018435
-0.007870
0.011233
-0.013174
-0.028523
0.006124
0.002721
-0.016992
-0.016611
0.001019
-0.002687
-0.010979
-0.031157
0.011264
0.001750
-0.009308
-0.031856
-0.000552
0.011728
-0.015659
-0.036520
0.012180
0.013536
-0.036108
-0.002783
-0.005548
-0.010988
0.006285
-0.034772
0.018311
-0.018266
0.001721
-0.028127
0.002946
-0.008735
-0.000241
-0.018067
0.005807
-0.012213
-0.018114
0.000857
-0.020064
0.013229
-0.024253
-0.013610
-0.002681
0.011559
-0.021583
-0.013839
-0.029100
0.031133
-0.017549
-0.023929
0.002631
0.001688
-0.032794
0.005408
-0.018804
-0.002808
0.003975
-0.029385
-0.007183
0.011833
-0.023787
-0.006965
-0.012243
0.005619
-0.014995
-0.031882
0.027174
-0.017188
-0.018556
-0.018273
0.011742
-0.006478
-0.015965
-0.016420
-0.003123
0.003154
-0.014994
-0.017781
-0.004294
-0.002711
-0.012197
-0.015283
-0.007232
0.002663
-0.016326
-0.012025
-0.006268
-0.004340
-0.020428
0.001336
-0.012632
0.009917
-0.036656
0.008968
-0.025587
0.017309
-0.022393
-0.016284
-0.005215
0.004543
-0.015148
-0.018828
-0.005995
-0.012119
0.003834
-0.024329
0.001238
0.002201
-0.021760
-0.010923
-0.014382
0.015754
-0.022458
-0.024966
0.004628
0.002799
-0.023407
-0.006454
-0.012521
-0.001316
-0.010695
-0.015517
-0.006960
0.000166
-0.011431
-0.015275
-0.015661
0.009391
-0.012546
-0.021202
-0.000903
-0.000114
-0.018309
-0.016859
-0.001173
-0.004842
-0.008153
-0.026587
0.001763
0.002347
-0.013826
-0.021545
-0.012058
0.013929
-0.019814
-0.025934
-0.007085
0.027849
-0.042854
-0.005090
-0.009669
0.004105
-0.025941
-0.011520
0.007794
-0.013940
0.000726
-0.026702
-0.003684
-0.010884
0.005645
-0.028631
-0.000290
-0.006818
-0.007428
-0.017404
-0.024867
0.016309
-0.007143
-0.027914
-0.002978
0.011748
-0.035049
-0.012251
-0.000449
0.005207
-0.026041
-0.014531
0.000934
-0.001087
-0.029582
0.003630
-0.008854
-0.014067
-0.004147
-0.013005
-0.012313
-0.010176
-0.001547
-0.016486
-0.007396
0.000475
-0.015328
-0.029392
0.019128
-0.014073
-0.017796
-0.016885
0.010308
-0.022968
-0.000645
-0.028461
0.022829
-0.020360
-0.010486
-0.020825
-0.012220
0.011002
-0.016432
-0.020543
-0.010029
0.023163
-0.039967
-0.017435
0.004714
0.003354
-0.026243
-0.010885
-0.007693
0.006156
-0.022439
-0.005615
-0.025461
0.016156
-0.016451
-0.029556
0.010969
-0.008930
-0.014229
-0.019789
0.004645
-0.007946
-0.017487
-0.015985
0.005613
-0.010669
-0.011642
-0.021263
-0.002915
0.014522
-0.034922
-0.015378
0.000193
0.010002
-0.028454
-0.007832
-0.014324
-0.002629
-0.003687
-0.019470
-0.013495
0.011334
-0.023169
-0.002528
-0.027694
0.008730
-0.012184
-0.012508
-0.016427
0.001279
-0.002412
0.006312
-0.011754
-0.005679
-0.004351
-0.026213
0.009969
-0.000106
-0.027354
-0.008474
-0.005714
-0.003966
-0.012420
-0.018756
0.006481
-0.002304
-0.026343
-0.002227
-0.018460
0.010686
-0.015590
-0.025753
0.002029
-0.002911
-0.005721
-0.021892
-0.017769
0.017987
-0.012097
-0.034298
0.006175
-0.002840
-0.026737
0.002493
-0.008140
-0.007917
-0.011993
-0.021436
0.005572
-0.003178
-0.012803
-0.022196
-0.016436
0.023382
-0.022490
-0.028523
0.006264
0.008474
-0.036067
0.000679
-0.013562
0.006144
-0.016591
-0.020928
0.003584
-0.009249
-0.013675
-0.001637
-0.033945
0.016079
-0.010511
-0.038544
0.020042
-0.001390
-0.018299
-0.025930
0.010549
-0.016589
0.002359
-0.031544
0.011879
-0.018419
-0.006728
-0.020123
-0.008647
0.004289
-0.009527
-0.030662
0.005921
-0.002132
-0.026759
0.004138
-0.021123
-0.007031
-0.002981
-0.026974
0.007292
-0.008109
-0.013837
-0.012616
-0.021500
0.024004
-0.027295
-0.026168
0.004061
0.017196
-0.047921
-0.010079
0.007029
-0.003280
-0.021160
-0.012899
-0.001298
-0.008369
-0.013665
-0.015911
-0.009799
0.013130
-0.019067
-0.026528
0.009462
-0.011825
-0.017329
-0.011555
-0.007744
0.001010
-0.016658
-0.017801
0.001237
-0.013312
-0.007822
-0.014940
-0.026190
0.029687
-0.023096
-0.033447
0.001425
0.013039
-0.030053
-0.004663
-0.028376
0.027831
-0.053688
0.042462
-0.106050
0.134561
-0.122675
0.014990
-0.007815
-0.000162
0.003667
-0.055250
0.023626
-0.009455
-0.016749
-0.027727
0.025036
-0.041909
0.008409
-0.023118
-0.004970
0.002374
-0.015963
-0.030715
0.000213
0.009392
-0.027895
-0.012539
-0.013368
0.008987
-0.025447
-0.006211
-0.018344
0.005984
-0.031173
-0.006872
-0.002435
-0.002520
-0.018667
-0.016650
-0.006031
0.002295
-0.020782
-0.019162
-0.012941
0.016461
-0.030755
-0.019235
0.005418
-0.008402
-0.017760
-0.019315
0.011736
-0.025635
-0.005496
-0.015158
-0.012668
-0.002262
-0.008047
-0.026469
-0.004675
-0.001335
-0.018294
-0.023358
0.004473
-0.008629
0.013464
-0.120135
0.142466
-0.087751
0.005594
-0.092237
0.051142
-0.019205
0.005275
-0.037267
-0.010805
0.005569
-0.028003
0.008349
-0.041298
0.001966
-0.018854
0.006219
-0.029602
-0.007461
-0.016571
-0.007339
-0.017460
-0.011825
-0.003874
-0.022434
-0.015575
0.005952
-0.032152
-0.005199
-0.013631
-0.011421
-0.006967
-0.031337
-0.003568
-0.009587
-0.018592
-0.019356
-0.006081
-0.011272
-0.010528
-0.029485
-0.004186
-0.002708
-0.019865
-0.024226
-0.001578
-0.023170
-0.008175
-0.020137
-0.008874
-0.016252
-0.014790
-0.015150
-0.011615
-0.012212
-0.016478
-0.021858
-0.004609
-0.007485
-0.033910
-0.000397
-0.021411
-0.003750
-0.056427
0.071357
-0.127178
0.078929
-0.147489
0.452166
-1.069407
1.186291
