-0.000951
-0.000913
-0.000884
-0.000862
-0.000847
-0.000840
-0.000839
-0.000843
-0.000852
-0.000863
-0.000874
-0.000885
-0.000892
-0.000893
-0.000884
-0.000862
-0.000823
-0.000762
-0.000671
-0.000546
-0.000377
-0.000156
0.000129
0.000489
0.000938
0.001492
0.002169
0.002989
0.003972
0.005142
0.006526
0.008149
0.010041
0.012231
0.014750
0.017627
0.020893
0.024576
0.028703
0.033296
0.038376
0.043957
0.050047
0.056649
0.063756
0.071355
0.079422
0.087925
0.096822
0.106059
0.115577
0.125306
0.135166
0.145073
0.154936
0.164662
0.174154
0.183314
0.192047
0.200263
0.207875
0.214806
0.220987
0.226359
0.230877
0.234508
0.237234
0.239047
0.239957
0.239984
0.239163
0.237538
0.235165
0.232105
0.228431
0.224215
0.219537
0.214475
0.209109
0.203515
0.197768
0.191936
0.186084
0.180269
0.174541
0.168945
0.163518
0.158288
0.153279
0.148506
0.143981
0.139708
0.135689
0.131918
0.128391
0.125096
0.122023
0.119158
0.116488
0.113997
0.111672
0.109497
0.107460
0.105545
0.103741
0.102036
0.100420
0.098882
0.097413
0.096006
0.094653
0.093348
0.092085
0.090860
0.089669
0.088507
0.087371
0.086258
0.085167
0.084094
0.083039
0.081999
0.080973
0.079960
0.078960
0.077971
0.076993
0.076025
0.075068
0.074120
0.073182
0.072254
0.071336
0.070429
0.069531
0.068644
0.067767
0.066902
0.066048
0.065206
0.064375
0.063557
0.062751
0.061957
0.061177
0.060409
0.059653
0.058911
0.058181
0.057464
0.056760
0.056068
0.055387
0.054719
0.054062
0.053416
0.052780
0.052155
0.051540
0.050934
0.050337
0.049748
0.049168
0.048595
0.048030
0.047472
0.046920
0.046375
0.045836
0.045304
0.044777
0.044256
0.043740
0.043230
0.042726
0.042227
0.041734
0.041247
0.040765
0.040289
0.039819
0.039355
0.038897
0.038445
0.037999
0.037559
0.037126
0.036699
0.036277
0.035862
0.035453
0.035049
0.034651
0.034259
0.033871
0.033489
0.033111
0.032738
0.032369
0.032004
0.031643
0.031285
0.030930
0.030579
0.030231
0.029885
0.029542
0.029201
0.028863
0.028528
0.028194
0.027864
0.027536
0.027210
0.026888
0.026568
0.026252
0.025938
0.025629
0.025323
0.025021
0.024724
0.024431
0.024144
0.023861
0.023584
0.023312
0.023047
0.022787
0.022534
0.022288
0.022049
0.021816
0.021590
0.021372
0.021160
0.020955
0.020757
0.020566
0.020381
0.020202
0.020030
0.019862
0.019700
0.019542
0.019388
0.019237
0.019089
0.018943
0.018799
0.018655
0.018512
0.018368
0.018223
0.018076
0.017927
0.017775
0.017620
0.017461
0.017299
0.017133
0.016964
0.016790
0.016612
0.016431
0.016247
0.016060
0.015870
0.015678
0.015484
0.015289
0.015093
0.014897
0.014701
0.014507
0.014313
0.014121
0.013931
0.013744
0.013559
0.013377
0.013198
0.013022
0.012850
0.012681
0.012515
0.012352
0.012193
0.012036
0.011883
0.011732
0.011584
0.011439
0.011296
0.011155
0.011016
0.010880
0.010745
0.010612
0.010481
0.010352
0.010225
0.010099
0.009974
0.009852
0.009731
0.009611
0.009494
0.009377
0.009263
0.009150
0.009039
0.008929
0.008821
0.008715
0.008610
0.008507
0.008405
0.008304
0.008205
0.008106
0.008009
0.007913
0.007818
0.007724
0.007630
0.007537
0.007444
0.007352
0.007260
0.007168
0.007076
0.006985
0.006893
0.006802
0.006711
0.006620
0.006530
0.006439
0.006349
0.006260
0.006171
0.006083
0.005995
0.005909
0.005823
0.005739
0.005656
0.005574
0.005494
0.005416
0.005339
0.005264
0.005190
0.005119
0.005050
0.004982
0.004916
0.004853
0.004791
0.004731
0.004673
0.004617
0.004563
0.004510
0.004458
0.004408
0.004359
0.004312
0.004265
0.004219
0.004174
0.004129
0.004085
0.004041
0.003997
0.003954
0.003910
0.003865
0.003821
0.003776
0.003730
0.003684
0.003638
0.003591
0.003543
0.003495
0.003446
0.003397
0.003348
0.003298
0.003249
0.003199
0.003150
0.003100
0.003052
0.003003
0.002955
0.002908
0.002862
0.002816
0.002772
0.002728
0.002685
0.002644
0.002603
0.002564
0.002526
0.002489
0.002453
0.002418
0.002384
0.002352
0.002320
0.002289
0.002259
0.002230
0.002201
0.002173
0.002145
0.002118
0.002092
0.002066
0.002040
0.002014
0.001988
0.001962
0.001937
0.001911
0.001886
0.001860
0.001834
0.001808
0.001782
0.001756
0.001730
0.001704
0.001679
0.001653
0.001627
0.001602
0.001576
0.001552
0.001527
0.001503
0.001479
0.001455
0.001432
0.001409
0.001387
0.001365
0.001344
0.001322
0.001301
0.001281
0.001260
0.001240
0.001219
0.001199
0.001178
0.001158
0.001137
0.001116
0.001094
0.001072
0.001050
0.001028
0.001005
0.000981
0.000957
0.000933
0.000908
0.000883
0.000858
0.000832
0.000806
0.000780
0.000754
0.000727
0.000701
0.000675
0.000648
0.000622
0.000597
0.000571
0.000546
0.000521
0.000497
0.000474
0.000451
0.000428
0.000407
0.000386
0.000366
0.000347
0.000329
0.000312
0.000296
0.000281
0.000267
0.000254
0.000242
0.000231
0.000221
0.000212
0.000204
0.000198
0.000192
0.000187
0.000183
0.000180
0.000177
0.000175
0.000174
0.000174
0.000174
0.000174
0.000174
0.000175
0.000175
0.000176
0.000177
0.000178
0.000178
0.000178
0.000178
0.000178
0.000177
0.000176
0.000174
0.000172
0.000170
0.000168
0.000165
0.000161
0.000158
0.000154
0.000150
0.000146
0.000141
0.000137
0.000132
0.000128
0.000123
0.000118
0.000114
0.000109
0.000104
0.000099
0.000094
0.000089
0.000084
0.000079
0.000073
0.000067
0.000061
0.000055
0.000049
0.000042
0.000035
0.000028
0.000020
0.000012
0.000004
-0.000004
-0.000012
-0.000020
-0.000029
-0.000037
-0.000046
-0.000054
-0.000062
-0.000070
-0.000078
-0.000085
-0.000092
-0.000099
-0.000106
-0.000112
-0.000117
-0.000123
-0.000127
-0.000132
-0.000135
-0.000139
-0.000141
-0.000143
-0.000145
-0.000146
-0.000147
-0.000147
-0.000147
-0.000146
-0.000145
-0.000143
-0.000141
-0.000139
-0.000137
-0.000134
-0.000131
-0.000128
-0.000125
-0.000122
-0.000119
-0.000115
-0.000112
-0.000108
-0.000105
-0.000101
-0.000097
-0.000093
-0.000088
-0.000083
-0.000077
-0.000071
-0.000064
-0.000055
-0.000045
-0.000034
-0.000022
-0.000008
0.000008
0.000026
0.000046
0.000069
0.000093
0.000120
0.000149
0.000180
0.000214
0.000249
0.000287
0.000326
0.000367
0.000408
0.000451
0.000495
0.000538
0.000581
0.000624
0.000665
0.000705
0.000744
0.000780
0.000813
0.000843
0.000870
0.000894
0.000914
0.000930
0.000943
0.000951
0.000956
0.000957
0.000954
0.000949
0.000940
0.000928
0.000914
0.000897
0.000879
0.000859
0.000838
0.000817
0.000795
0.000772
0.000750
0.000728
0.000707
0.000687
0.000668
0.000650
0.000633
0.000617
0.000603
0.000590
0.000579
0.000569
0.000560
0.000552
0.000546
0.000541
0.000536
0.000533
0.000531
0.000529
0.000528
0.000528
0.000528
0.000529
0.000530
0.000532
0.000534
0.000536
0.000538
0.000541
0.000544
0.000547
0.000551
0.000555
0.000559
0.000563
0.000568
0.000573
0.000579
0.000584
0.000591
0.000597
0.000604
0.000612
0.000620
0.000628
0.000637
0.000647
0.000657
0.000668
0.000679
0.000691
0.000703
0.000716
0.000729
0.000742
0.000756
0.000771
0.000785
0.000800
0.000815
0.000830
0.000844
0.000859
0.000873
0.000887
0.000901
0.000914
0.000926
0.000938
0.000949
0.000960
0.000970
0.000979
0.000987
0.000995
0.001001
0.001007
0.001013
0.001017
0.001021
0.001023
0.001026
0.001027
0.001028
0.001028
0.001027
0.001026
0.001024
0.001022
0.001019
0.001016
0.001012
0.001008
0.001004
0.001000
0.000996
0.000992
0.000988
0.000985
0.000982
0.000980
0.000979
0.000978
0.000978
0.000980
0.000982
0.000986
0.000991
0.000996
0.001003
0.001011
0.001020
0.001030
0.001041
0.001052
0.001063
0.001075
0.001086
0.001098
0.001109
0.001119
0.001128
0.001137
0.001144
0.001149
0.001153
0.001156
0.001157
0.001155
0.001153
0.001148
0.001141
0.001133
0.001123
0.001111
0.001098
0.001084
0.001069
0.001053
0.001036
0.001018
0.001000
0.000982
0.000964
0.000946
0.000929
0.000911
0.000895
0.000879
0.000864
0.000850
0.000837
0.000825
0.000814
0.000804
0.000795
0.000787
0.000780
0.000775
0.000770
0.000766
0.000763
0.000761
0.000759
0.000759
0.000759
0.000759
0.000761
0.000762
0.000764
0.000767
0.000770
0.000773
0.000776
0.000780
0.000783
0.000787
0.000791
0.000794
0.000798
0.000802
0.000805
0.000808
0.000812
0.000814
0.000817
0.000819
0.000821
0.000822
0.000823
0.000824
0.000824
0.000823
0.000822
0.000821
0.000818
0.000816
0.000812
0.000808
0.000803
0.000798
0.000791
0.000785
0.000777
0.000769
0.000760
0.000750
0.000740
0.000729
0.000717
0.000705
0.000691
0.000677
0.000663
0.000648
0.000632
0.000616
0.000599
0.000582
0.000564
0.000546
0.000527
0.000509
0.000490
0.000472
0.000453
0.000435
0.000417
0.000399
0.000381
0.000364
0.000348
0.000332
0.000317
0.000302
0.000288
0.000275
0.000262
0.000250
0.000238
0.000227
0.000217
0.000207
0.000197
0.000188
0.000179
0.000170
0.000162
0.000154
0.000145
0.000137
0.000128
0.000119
0.000110
0.000100
0.000090
0.000079
0.000067
0.000054
0.000040
0.000025
0.000008
-0.000011
-0.000031
-0.000053
-0.000077
-0.000104
-0.000132
-0.000164
-0.000197
-0.000233
-0.000271
-0.000312
-0.000356
-0.000401
-0.000449
-0.000499
-0.000551
-0.000604
-0.000659
-0.000715
-0.000772
-0.000830
-0.000888
-0.000946
-0.001004
-0.001062
-0.001119
-0.001175
-0.001230
-0.001284
-0.001337
-0.001388
-0.001438
-0.001487
-0.001534
-0.001580
-0.001624
-0.001668
-0.001710
-0.001751
-0.001792
-0.001831
-0.001870
-0.001909
-0.001947
-0.001985
-0.002023
-0.002061
-0.002099
-0.002137
-0.002175
-0.002213
-0.002251
-0.002289
-0.002326
-0.002364
-0.002400
-0.002436
-0.002471
-0.002504
-0.002536
-0.002566
-0.002593
-0.002618
-0.002639
-0.002656
-0.002670
-0.002679
-0.002682
-0.002680
-0.002673
-0.002658
-0.002638
-0.002610
-0.002575
-0.002534
-0.002485
-0.002429
-0.002366
-0.002297
-0.002223
-0.002143
-0.002058
-0.001970
-0.001880
-0.001787
-0.001694
-0.001601
-0.001510
-0.001421
-0.001336
-0.001256
-0.001181
-0.001113
-0.001051
-0.000997
