0.002978
0.002603
0.002078
0.001493
0.000934
0.000466
0.000120
-0.000104
-0.000227
-0.000284
-0.000308
-0.000323
-0.000341
-0.000365
-0.000393
-0.000419
-0.000438
-0.000451
-0.000459
-0.000467
-0.000477
-0.000494
-0.000518
-0.000548
-0.000583
-0.000620
-0.000657
-0.000694
-0.000731
-0.000769
-0.000809
-0.000851
-0.000895
-0.000938
-0.000978
-0.001011
-0.001036
-0.001051
-0.001058
-0.001059
-0.001055
-0.001050
-0.001041
-0.001024
-0.000983
-0.000883
-0.000652
-0.000158
0.000840
0.002740
0.006170
0.012047
0.021613
0.036407
0.058126
0.088371
0.128255
0.177962
0.236327
0.300605
0.366539
0.428798
0.481739
0.520362
0.541204
0.542965
0.526687
0.495446
0.453681
0.406325
0.357982
0.312327
0.271797
0.237593
0.209894
0.188175
0.171539
0.158978
0.149553
0.142480
0.137151
0.133117
0.130048
0.127702
0.125888
0.124457
0.123282
0.122261
0.121313
0.120377
0.119411
0.118393
0.117311
0.116165
0.114959
0.113700
0.112394
0.111045
0.109659
0.108240
0.106796
0.105335
0.103867
0.102405
0.100959
0.099538
0.098146
0.096787
0.095456
0.094150
0.092862
0.091586
0.090319
0.089059
0.087805
0.086560
0.085326
0.084104
0.082893
0.081692
0.080500
0.079313
0.078133
0.076960
0.075799
0.074655
0.073535
0.072444
0.071387
0.070367
0.069388
0.068451
0.067559
0.066710
0.065904
0.065138
0.064405
0.063698
0.063008
0.062328
0.061649
0.060964
0.060269
0.059560
0.058835
0.058095
0.057343
0.056584
0.055825
0.055071
0.054330
0.053606
0.052903
0.052222
0.051561
0.050918
0.050288
0.049669
0.049056
0.048452
0.047857
0.047279
0.046723
0.046194
0.045693
0.045218
0.044760
0.044308
0.043848
0.043371
0.042869
0.042343
0.041797
0.041238
0.040674
0.040112
0.039557
0.039010
0.038471
0.037943
0.037428
0.036935
0.036473
0.036051
0.035677
0.035352
0.035075
0.034833
0.034612
0.034395
0.034163
0.033902
0.033602
0.033260
0.032879
0.032463
0.032024
0.031573
0.031119
0.030675
0.030248
0.029845
0.029472
0.029131
0.028822
0.028539
0.028277
0.028025
0.027773
0.027510
0.027230
0.026930
0.026612
0.026279
0.025941
0.025602
0.025270
0.024949
0.024638
0.024338
0.024045
0.023755
0.023467
0.023179
0.022892
0.022612
0.022342
0.022089
0.021858
0.021651
0.021467
0.021300
0.021145
0.020992
0.020835
0.020667
0.020487
0.020296
0.020097
0.019897
0.019700
0.019514
0.019340
0.019181
0.019035
0.018898
0.018767
0.018637
0.018504
0.018367
0.018225
0.018078
0.017924
0.017761
0.017583
0.017387
0.017168
0.016924
0.016657
0.016374
0.016082
0.015793
0.015517
0.015264
0.015040
0.014849
0.014689
0.014557
0.014445
0.014343
0.014243
0.014137
0.014019
0.013887
0.013744
0.013595
0.013447
0.013310
0.013189
0.013089
0.013012
0.012953
0.012908
0.012867
0.012818
0.012750
0.012653
0.012519
0.012348
0.012144
0.011916
0.011681
0.011453
0.011247
0.011072
0.010933
0.010828
0.010747
0.010683
0.010623
0.010559
0.010484
0.010394
0.010288
0.010169
0.010038
0.009903
0.009769
0.009645
0.009538
0.009454
0.009397
0.009366
0.009357
0.009362
0.009372
0.009377
0.009368
0.009337
0.009281
0.009199
0.009097
0.008982
0.008862
0.008750
0.008654
0.008581
0.008535
0.008517
0.008523
0.008549
0.008591
0.008642
0.008698
0.008753
0.008804
0.008844
0.008869
0.008875
0.008858
0.008815
0.008746
0.008652
0.008536
0.008405
0.008264
0.008119
0.007975
0.007835
0.007699
0.007568
0.007441
0.007316
0.007194
0.007077
0.006965
0.006861
0.006768
0.006685
0.006612
0.006547
0.006488
0.006431
0.006375
0.006317
0.006257
0.006195
0.006132
0.006070
0.006013
0.005962
0.005922
0.005893
0.005875
0.005865
0.005860
0.005853
0.005840
0.005815
0.005778
0.005730
0.005672
0.005611
0.005552
0.005501
0.005463
0.005442
0.005439
0.005451
0.005475
0.005503
0.005527
0.005539
0.005531
0.005502
0.005451
0.005381
0.005299
0.005211
0.005125
0.005045
0.004974
0.004913
0.004861
0.004818
0.004781
0.004747
0.004716
0.004685
0.004655
0.004626
0.004599
0.004575
0.004553
0.004532
0.004509
0.004481
0.004444
0.004396
0.004336
0.004268
0.004195
0.004123
0.004057
0.004004
0.003966
0.003947
0.003948
0.003968
0.004003
0.004050
0.004103
0.004154
0.004197
0.004227
0.004240
0.004233
0.004209
0.004171
0.004121
0.004064
0.004003
0.003940
0.003877
0.003815
0.003758
0.003709
0.003672
0.003650
0.003645
0.003656
0.003680
0.003712
0.003748
0.003780
0.003804
0.003817
0.003815
0.003799
0.003770
0.003731
0.003686
0.003638
0.003589
0.003543
0.003499
0.003461
0.003427
0.003400
0.003380
0.003367
0.003361
0.003360
0.003364
0.003369
0.003375
0.003379
0.003382
0.003382
0.003380
0.003375
0.003369
0.003362
0.003356
0.003354
0.003356
0.003363
0.003374
0.003386
0.003394
0.003394
0.003382
0.003356
0.003317
0.003268
0.003215
0.003165
0.003125
0.003101
0.003096
0.003111
0.003143
0.003188
0.003238
0.003287
0.003327
0.003352
0.003359
0.003348
0.003322
0.003285
0.003242
0.003198
0.003157
0.003123
0.003095
0.003072
0.003054
0.003039
0.003025
0.003010
0.002996
0.002981
0.002967
0.002953
0.002941
0.002933
0.002928
0.002929
0.002934
0.002942
0.002952
0.002962
0.002968
0.002968
0.002960
0.002944
0.002920
0.002888
0.002852
0.002813
0.002774
0.002738
0.002706
0.002681
0.002666
0.002663
0.002672
0.002694
0.002727
0.002770
0.002819
0.002870
0.002920
0.002967
0.003008
0.003045
0.003075
0.003100
0.003115
0.003120
0.003111
0.003088
0.003052
0.003006
0.002956
0.002907
0.002864
0.002829
0.002804
0.002789
0.002783
0.002783
0.002788
0.002797
0.002807
0.002818
0.002828
0.002836
0.002840
0.002841
0.002838
0.002833
0.002827
0.002820
0.002814
0.002812
0.002814
0.002823
0.002838
0.002858
0.002882
0.002906
0.002928
0.002945
0.002956
0.002959
0.002954
0.002941
0.002920
0.002892
0.002859
0.002825
0.002792
0.002766
0.002750
0.002746
0.002753
0.002770
0.002791
0.002813
0.002831
0.002841
0.002843
0.002837
0.002824
0.002808
0.002791
0.002775
0.002764
0.002757
0.002757
0.002761
0.002769
0.002780
0.002791
0.002800
0.002807
0.002812
0.002815
0.002819
0.002825
0.002833
0.002842
0.002852
0.002858
0.002859
0.002851
0.002832
0.002802
0.002761
0.002715
0.002669
0.002631
0.002606
0.002600
0.002614
0.002646
0.002692
0.002746
0.002800
0.002850
0.002889
0.002915
0.002925
0.002917
0.002894
0.002857
0.002810
0.002761
0.002716
0.002681
0.002661
0.002659
0.002673
0.002699
0.002732
0.002766
0.002797
0.002821
0.002837
0.002845
0.002847
0.002844
0.002837
0.002827
0.002815
0.002800
0.002784
0.002768
0.002752
0.002738
0.002726
0.002715
0.002707
0.002701
0.002696
0.002694
0.002695
0.002702
0.002716
0.002736
0.002760
0.002787
0.002811
0.002828
0.002837
0.002834
0.002822
0.002804
0.002781
0.002759
0.002739
0.002723
0.002711
0.002702
0.002696
0.002691
0.002690
0.002694
0.002702
0.002718
0.002741
0.002771
0.002806
0.002847
0.002892
0.002941
0.002996
0.003055
0.003120
0.003189
0.003262
0.003335
0.003405
0.003468
0.003519
0.003553
0.003566
0.003556
0.003522
0.003468
0.003396
0.003313
0.003226
0.003141
0.003064
0.003000
0.002952
0.002919
0.002900
0.002893
0.002895
0.002901
0.002909
0.002918
0.002924
0.002928
0.002927
0.002922
0.002911
0.002894
0.002872
0.002848
0.002823
0.002800
0.002783
0.002774
0.002775
0.002785
0.002804
0.002832
0.002865
0.002902
0.002941
0.002979
0.003014
0.003042
0.003061
0.003066
0.003059
0.003040
0.003012
0.002980
0.002948
0.002918
0.002893
0.002872
0.002851
0.002828
0.002802
0.002772
0.002739
0.002707
0.002679
0.002660
0.002652
0.002655
0.002670
0.002693
0.002718
0.002741
0.002756
0.002759
0.002746
0.002719
0.002678
0.002629
0.002576
0.002527
0.002488
0.002462
0.002452
0.002458
0.002478
0.002509
0.002546
0.002584
0.002619
0.002646
0.002663
0.002669
0.002665
0.002651
0.002628
0.002598
0.002564
0.002526
0.002487
0.002450
0.002415
0.002386
0.002364
0.002350
0.002344
0.002346
0.002356
0.002371
0.002391
0.002411
0.002429
0.002441
0.002445
0.002440
0.002427
0.002407
0.002382
0.002356
0.002330
0.002305
0.002282
0.002262
0.002244
0.002230
0.002220
0.002217
0.002223
0.002236
0.002258
0.002285
0.002315
0.002344
0.002369
0.002388
0.002398
0.002399
0.002393
0.002381
0.002364
0.002344
0.002322
0.002298
0.002270
0.002240
0.002206
0.002170
0.002133
0.002097
0.002067
0.002045
0.002035
0.002040
0.002064
0.002105
0.002163
0.002234
0.002312
0.002389
0.002458
0.002512
0.002547
0.002561
0.002553
0.002527
0.002486
0.002431
0.002368
0.002299
0.002229
0.002160
0.002098
0.002046
0.002007
0.001981
0.001967
0.001961
0.001959
0.001957
0.001951
0.001941
0.001927
0.001911
0.001898
0.001889
0.001887
0.001891
0.001902
0.001915
0.001928
0.001937
0.001940
0.001935
0.001922
0.001900
0.001872
0.001837
0.001800
0.001763
0.001730
0.001704
0.001689
0.001685
0.001692
0.001709
0.001731
0.001754
0.001771
0.001778
0.001772
0.001752
0.001721
0.001682
0.001641
0.001603
0.001573
0.001551
0.001538
0.001532
0.001529
0.001528
0.001524
0.001516
0.001503
0.001483
0.001455
0.001417
0.001364
0.001289
0.001186
0.001049
0.000874
0.000663
0.000423
0.000170
-0.000076
-0.000293
-0.000461
-0.000567
-0.000607
-0.000589
-0.000528
-0.000445
-0.000359
-0.000287
-0.000237
-0.000212
-0.000211
-0.000228
-0.000256
-0.000291
-0.000329
-0.000365
-0.000400
-0.000430
-0.000458
-0.000482
-0.000506
-0.000530
-0.000557
-0.000588
-0.000625
-0.000669
-0.000718
-0.000773
-0.000831
-0.000890
-0.000948
-0.001002
-0.001049
-0.001090
-0.001124
-0.001155
-0.001185
-0.001220
-0.001262
-0.001312
-0.001372
-0.001438
-0.001508
-0.001579
-0.001649
-0.001718
-0.001783
-0.001845
-0.001903
-0.001956
-0.002001
-0.002036
-0.002057
-0.002058
-0.002034
-0.001975
-0.001865
-0.001689
-0.001425
-0.001055
-0.000567
0.000033
0.000719
0.001438
0.002117
0.002672
0.003026
0.003131
