0.002140
0.001885
0.001520
0.001113
0.000726
0.000404
0.000169
0.000018
-0.000068
-0.000113
-0.000142
-0.000172
-0.000209
-0.000255
-0.000304
-0.000349
-0.000387
-0.000413
-0.000430
-0.000438
-0.000441
-0.000442
-0.000443
-0.000446
-0.000452
-0.000462
-0.000475
-0.000491
-0.000511
-0.000533
-0.000557
-0.000582
-0.000606
-0.000630
-0.000651
-0.000670
-0.000685
-0.000695
-0.000701
-0.000703
-0.000701
-0.000695
-0.000684
-0.000661
-0.000613
-0.000506
-0.000273
0.000212
0.001175
0.002987
0.006230
0.011740
0.020630
0.034243
0.054013
0.081204
0.116559
0.159907
0.209832
0.263544
0.317039
0.365588
0.404489
0.429923
0.439684
0.433592
0.413474
0.382721
0.345570
0.306296
0.268533
0.234839
0.206575
0.184032
0.166725
0.153728
0.143984
0.136518
0.130557
0.125560
0.121194
0.117281
0.113739
0.110533
0.107642
0.105040
0.102693
0.100563
0.098610
0.096800
0.095109
0.093520
0.092023
0.090609
0.089266
0.087980
0.086729
0.085493
0.084251
0.082990
0.081705
0.080399
0.079083
0.077774
0.076489
0.075243
0.074049
0.072912
0.071833
0.070807
0.069823
0.068868
0.067928
0.066993
0.066053
0.065102
0.064139
0.063164
0.062180
0.061192
0.060202
0.059216
0.058236
0.057267
0.056311
0.055373
0.054456
0.053564
0.052701
0.051872
0.051078
0.050321
0.049601
0.048917
0.048265
0.047640
0.047035
0.046442
0.045855
0.045266
0.044670
0.044063
0.043442
0.042805
0.042154
0.041487
0.040806
0.040111
0.039404
0.038688
0.037968
0.037250
0.036545
0.035863
0.035212
0.034601
0.034036
0.033516
0.033041
0.032605
0.032200
0.031816
0.031445
0.031079
0.030711
0.030336
0.029952
0.029555
0.029147
0.028727
0.028296
0.027855
0.027406
0.026952
0.026494
0.026037
0.025584
0.025141
0.024716
0.024314
0.023942
0.023602
0.023294
0.023014
0.022756
0.022511
0.022272
0.022032
0.021787
0.021534
0.021270
0.020994
0.020704
0.020400
0.020081
0.019749
0.019407
0.019057
0.018706
0.018357
0.018017
0.017691
0.017385
0.017104
0.016849
0.016623
0.016424
0.016247
0.016088
0.015940
0.015795
0.015648
0.015497
0.015340
0.015177
0.015008
0.014833
0.014651
0.014462
0.014261
0.014047
0.013817
0.013574
0.013320
0.013062
0.012806
0.012559
0.012326
0.012109
0.011907
0.011715
0.011527
0.011336
0.011137
0.010928
0.010711
0.010489
0.010272
0.010067
0.009882
0.009724
0.009593
0.009488
0.009404
0.009332
0.009265
0.009194
0.009113
0.009017
0.008904
0.008773
0.008626
0.008466
0.008296
0.008122
0.007948
0.007776
0.007609
0.007449
0.007295
0.007149
0.007011
0.006884
0.006770
0.006671
0.006589
0.006523
0.006471
0.006427
0.006386
0.006344
0.006298
0.006246
0.006191
0.006134
0.006081
0.006033
0.005992
0.005956
0.005918
0.005871
0.005807
0.005719
0.005603
0.005459
0.005292
0.005110
0.004922
0.004739
0.004567
0.004411
0.004273
0.004151
0.004041
0.003940
0.003845
0.003755
0.003670
0.003595
0.003535
0.003495
0.003480
0.003491
0.003527
0.003583
0.003650
0.003719
0.003779
0.003822
0.003841
0.003831
0.003790
0.003719
0.003623
0.003506
0.003375
0.003239
0.003103
0.002975
0.002859
0.002758
0.002672
0.002600
0.002540
0.002485
0.002433
0.002377
0.002316
0.002248
0.002175
0.002102
0.002034
0.001976
0.001932
0.001905
0.001894
0.001896
0.001908
0.001923
0.001935
0.001939
0.001931
0.001906
0.001864
0.001806
0.001736
0.001658
0.001579
0.001506
0.001443
0.001391
0.001353
0.001326
0.001308
0.001300
0.001299
0.001306
0.001319
0.001336
0.001354
0.001369
0.001375
0.001368
0.001344
0.001302
0.001244
0.001173
0.001096
0.001020
0.000952
0.000898
0.000864
0.000850
0.000856
0.000876
0.000903
0.000930
0.000951
0.000959
0.000953
0.000934
0.000905
0.000871
0.000836
0.000804
0.000778
0.000756
0.000736
0.000716
0.000691
0.000658
0.000615
0.000562
0.000504
0.000444
0.000389
0.000345
0.000316
0.000304
0.000307
0.000320
0.000336
0.000349
0.000355
0.000350
0.000335
0.000310
0.000278
0.000241
0.000202
0.000162
0.000122
0.000084
0.000047
0.000011
-0.000023
-0.000055
-0.000087
-0.000115
-0.000140
-0.000157
-0.000163
-0.000152
-0.000120
-0.000065
0.000012
0.000108
0.000215
0.000323
0.000422
0.000502
0.000554
0.000576
0.000566
0.000530
0.000475
0.000407
0.000334
0.000262
0.000194
0.000131
0.000071
0.000013
-0.000042
-0.000096
-0.000146
-0.000191
-0.000231
-0.000265
-0.000293
-0.000316
-0.000334
-0.000345
-0.000348
-0.000342
-0.000324
-0.000296
-0.000260
-0.000221
-0.000185
-0.000157
-0.000143
-0.000146
-0.000168
-0.000206
-0.000257
-0.000315
-0.000374
-0.000427
-0.000470
-0.000499
-0.000511
-0.000508
-0.000492
-0.000467
-0.000438
-0.000410
-0.000387
-0.000370
-0.000360
-0.000357
-0.000359
-0.000361
-0.000362
-0.000357
-0.000347
-0.000330
-0.000310
-0.000290
-0.000275
-0.000268
-0.000271
-0.000284
-0.000306
-0.000332
-0.000358
-0.000380
-0.000394
-0.000399
-0.000395
-0.000387
-0.000377
-0.000371
-0.000372
-0.000382
-0.000399
-0.000422
-0.000447
-0.000470
-0.000490
-0.000503
-0.000511
-0.000514
-0.000512
-0.000506
-0.000496
-0.000484
-0.000469
-0.000454
-0.000439
-0.000427
-0.000418
-0.000414
-0.000412
-0.000412
-0.000411
-0.000409
-0.000405
-0.000400
-0.000394
-0.000388
-0.000382
-0.000375
-0.000368
-0.000362
-0.000355
-0.000351
-0.000350
-0.000354
-0.000362
-0.000376
-0.000394
-0.000413
-0.000432
-0.000449
-0.000462
-0.000471
-0.000473
-0.000467
-0.000452
-0.000426
-0.000388
-0.000337
-0.000271
-0.000188
-0.000088
0.000028
0.000159
0.000299
0.000441
0.000574
0.000687
0.000772
0.000822
0.000834
0.000809
0.000756
0.000682
0.000597
0.000513
0.000435
0.000370
0.000320
0.000284
0.000259
0.000244
0.000235
0.000228
0.000222
0.000217
0.000212
0.000210
0.000210
0.000214
0.000222
0.000236
0.000256
0.000278
0.000303
0.000325
0.000341
0.000347
0.000338
0.000313
0.000273
0.000219
0.000159
0.000098
0.000043
-0.000000
-0.000028
-0.000039
-0.000033
-0.000015
0.000012
0.000042
0.000070
0.000091
0.000102
0.000105
0.000100
0.000091
0.000082
0.000074
0.000070
0.000069
0.000071
0.000075
0.000081
0.000088
0.000097
0.000106
0.000113
0.000117
0.000114
0.000105
0.000088
0.000067
0.000045
0.000027
0.000016
0.000018
0.000035
0.000071
0.000131
0.000220
0.000345
0.000516
0.000737
0.001013
0.001337
0.001694
0.002059
0.002397
0.002673
0.002853
0.002921
0.002875
0.002734
0.002531
0.002307
0.002098
0.001932
0.001822
0.001766
0.001753
0.001765
0.001786
0.001803
0.001811
0.001809
0.001801
0.001791
0.001785
0.001785
0.001793
0.001810
0.001833
0.001864
0.001902
0.001951
0.002015
0.002098
0.002207
0.002348
0.002528
0.002753
0.003026
0.003347
0.003709
0.004096
0.004483
0.004836
0.005117
0.005295
0.005347
0.005267
0.005072
0.004795
0.004482
0.004182
0.003938
0.003779
0.003718
0.003750
0.003856
0.004012
0.004185
0.004346
0.004471
0.004540
0.004544
0.004482
0.004360
0.004194
0.004002
0.003804
0.003619
0.003459
0.003330
0.003234
0.003165
0.003115
0.003076
0.003039
0.002999
0.002952
0.002899
0.002839
0.002778
0.002717
0.002663
0.002617
0.002583
0.002563
0.002553
0.002552
0.002555
0.002554
0.002545
0.002523
0.002488
0.002438
0.002379
0.002315
0.002251
0.002193
0.002145
0.002111
0.002092
0.002088
0.002098
0.002117
0.002143
0.002170
0.002195
0.002214
0.002225
0.002229
0.002227
0.002220
0.002210
0.002197
0.002182
0.002164
0.002144
0.002123
0.002102
0.002084
0.002071
0.002064
0.002061
0.002062
0.002063
0.002063
0.002062
0.002060
0.002059
0.002063
0.002072
0.002089
0.002110
0.002132
0.002148
0.002154
0.002144
0.002113
0.002063
0.001996
0.001917
0.001833
0.001749
0.001671
0.001604
0.001548
0.001506
0.001477
0.001460
0.001454
0.001457
0.001465
0.001477
0.001489
0.001499
0.001506
0.001508
0.001507
0.001500
0.001489
0.001473
0.001455
0.001434
0.001416
0.001402
0.001396
0.001398
0.001408
0.001423
0.001440
0.001453
0.001459
0.001455
0.001441
0.001419
0.001391
0.001361
0.001332
0.001307
0.001287
0.001273
0.001265
0.001263
0.001266
0.001273
0.001284
0.001299
0.001315
0.001332
0.001346
0.001356
0.001360
0.001357
0.001346
0.001330
0.001312
0.001297
0.001290
0.001292
0.001306
0.001329
0.001356
0.001383
0.001403
0.001412
0.001407
0.001388
0.001360
0.001326
0.001291
0.001261
0.001237
0.001218
0.001204
0.001190
0.001174
0.001155
0.001132
0.001108
0.001085
0.001068
0.001058
0.001055
0.001057
0.001061
0.001062
0.001056
0.001043
0.001024
0.001001
0.000980
0.000965
0.000959
0.000966
0.000985
0.001014
0.001049
0.001088
0.001126
0.001161
0.001190
0.001211
0.001220
0.001218
0.001203
0.001176
0.001138
0.001094
0.001047
0.001004
0.000968
0.000944
0.000933
0.000933
0.000940
0.000949
0.000954
0.000952
0.000940
0.000922
0.000901
0.000885
0.000878
0.000885
0.000903
0.000930
0.000959
0.000983
0.000996
0.000996
0.000983
0.000962
0.000940
0.000928
0.000932
0.000959
0.001012
0.001090
0.001186
0.001290
0.001390
0.001474
0.001530
0.001553
0.001542
0.001500
0.001434
0.001353
0.001267
0.001184
0.001108
0.001044
0.000991
0.000948
0.000915
0.000888
0.000869
0.000858
0.000856
0.000867
0.000891
0.000929
0.000980
0.001038
0.001098
0.001148
0.001180
0.001181
0.001142
0.001055
0.000917
0.000732
0.000511
0.000268
0.000025
-0.000195
-0.000374
-0.000498
-0.000563
-0.000576
-0.000550
-0.000503
-0.000452
-0.000411
-0.000388
-0.000383
-0.000390
-0.000400
-0.000401
-0.000384
-0.000340
-0.000265
-0.000158
-0.000027
0.000117
0.000259
0.000381
0.000467
0.000506
0.000494
0.000432
0.000334
0.000212
0.000084
-0.000039
-0.000150
-0.000246
-0.000331
-0.000409
-0.000485
-0.000562
-0.000638
-0.000712
-0.000779
-0.000838
-0.000888
-0.000932
-0.000972
-0.001014
-0.001061
-0.001115
-0.001175
-0.001241
-0.001307
-0.001372
-0.001432
-0.001485
-0.001532
-0.001573
-0.001607
-0.001634
-0.001648
-0.001641
-0.001597
-0.001499
-0.001327
-0.001062
-0.000697
-0.000234
0.000301
0.000866
0.001402
0.001843
0.002131
0.002232
