-0.234827
0.043458
-0.037523
-0.003779
0.014107
0.007357
-0.021326
0.004274
0.025495
-0.046627
0.063340
-0.040854
-0.003619
0.013370
0.005917
-0.012898
0.004408
-0.003764
0.002764
0.013713
-0.028930
0.022030
-0.005520
-0.008487
0.014565
-0.015065
0.005257
-0.001175
0.007395
-0.002977
-0.003973
-0.000762
0.005947
-0.004170
0.001883
-0.003537
-0.004263
0.013786
-0.014732
0.011240
-0.009444
0.007101
-0.005173
0.008681
-0.016309
0.013179
-0.004781
0.000385
0.007099
-0.017507
0.013315
-0.001898
-0.006749
0.010955
-0.011213
-0.014851
0.087984
-0.129487
0.016469
0.125780
0.187770
-1.004099
1.940875
1.206776
0.311291
0.078881
0.304713
0.341006
0.045480
-0.015357
0.144214
0.092362
0.138581
0.227424
-0.004529
0.072695
0.177134
0.170321
0.055785
0.073093
0.103584
0.120267
0.069183
0.069126
0.123851
0.075947
0.048573
0.147379
0.037759
0.059336
0.124165
0.089670
0.049161
0.073853
0.069317
0.092512
0.091298
0.039457
0.062998
0.086323
0.086903
0.049458
0.058931
0.080263
0.076622
0.067176
0.049765
0.076993
0.072836
0.042807
0.060252
0.077261
0.053648
0.048352
0.080830
0.049452
0.065441
0.044773
0.055546
0.063497
0.056638
0.048876
0.060160
0.043126
0.068141
0.038019
0.043131
0.070773
0.041212
0.042195
0.063912
0.048906
0.030466
0.052308
0.057284
0.028836
0.061036
0.029472
0.056167
0.039493
0.038473
0.042323
0.037157
0.055713
0.028758
0.044469
0.034122
0.048365
0.035742
0.040933
0.018711
0.059715
0.038243
0.015337
0.052234
0.038603
0.039024
0.013066
0.051832
0.041204
0.026982
0.019940
0.051240
0.018228
0.034902
0.038551
0.018936
0.034523
0.027315
0.034475
0.034518
0.024945
0.031420
0.025718
0.028320
0.039943
0.013280
0.030819
0.035023
0.020101
0.027468
0.028445
0.023426
0.029998
0.022093
0.020103
0.042117
0.005591
0.030277
0.023127
0.021278
0.030212
0.012455
0.024966
0.035764
0.009120
0.022874
0.021183
0.028446
0.020482
0.010392
0.021259
0.039137
0.002986
0.024589
0.009992
0.032266
0.018658
0.004957
0.020041
0.031556
0.020363
-0.004294
0.038474
0.012968
0.013394
0.020026
0.011519
0.031783
0.010744
0.005183
0.023488
0.029679
-0.002426
0.023155
0.009019
0.033960
0.004029
0.008363
0.015060
0.025651
0.009422
0.009679
0.014432
0.017274
0.011771
0.011307
0.012232
0.005431
0.026957
0.001151
0.020194
0.016901
0.002437
0.011169
0.020107
0.014051
-0.001965
0.016532
0.017315
0.016058
0.000301
0.008057
0.011046
0.028617
0.010399
-0.001420
0.003954
0.020233
0.022178
-0.013059
0.018056
0.018989
0.001387
0.003363
0.017149
0.016293
0.003906
0.011821
-0.004650
0.023307
0.010282
0.001355
0.000237
0.018667
0.012016
-0.005858
0.021020
0.000382
0.014703
0.007561
0.007382
0.016317
0.006083
-0.003683
0.018006
0.003521
0.016357
0.000013
0.006867
0.007238
0.014378
-0.004899
0.005847
0.009060
0.015344
0.004593
-0.006980
0.017414
0.008007
0.002776
-0.001706
0.010331
0.015368
0.000917
-0.013447
0.029328
0.002587
0.002416
-0.003965
0.020969
0.002408
0.001264
0.005895
0.009779
0.009640
0.008933
-0.009349
0.008411
0.017583
-0.003818
-0.002163
0.014136
0.009004
-0.011694
0.017373
0.008339
0.007694
-0.013256
0.009553
0.009671
0.011461
-0.005923
-0.003300
0.008087
0.016848
-0.006220
-0.007888
0.021307
-0.005531
0.009729
0.002516
0.003306
0.003688
-0.003258
0.008560
0.012484
-0.004887
0.002769
0.001127
0.010211
-0.000201
0.004995
-0.015774
0.026892
-0.001366
-0.001945
0.000855
0.013738
-0.004562
0.003280
-0.001686
0.007836
0.002960
-0.001978
0.004534
0.003982
0.008294
-0.007061
-0.002444
0.016127
-0.007024
0.007180
-0.010772
0.009620
0.008180
-0.004129
0.002928
0.005992
0.004594
-0.003057
0.007476
-0.009162
0.017165
-0.007872
-0.000222
0.012380
-0.003711
-0.002527
0.000272
0.012351
-0.003027
0.005233
-0.005119
0.006404
0.000139
-0.001538
0.003735
-0.004169
0.021443
-0.007883
-0.009726
0.014836
-0.007661
0.001598
0.003998
-0.000889
0.001685
0.006590
-0.011535
0.019383
-0.012029
0.011374
-0.015263
0.008700
0.015114
-0.015350
-0.001116
0.014789
-0.006188
-0.002177
0.015439
0.000441
0.006172
-0.000934
-0.004431
0.010380
-0.000751
-0.004811
0.000781
0.001113
0.001645
0.006019
-0.006298
0.018618
-0.009664
-0.005802
0.005908
-0.000559
0.005875
-0.010726
0.005177
0.010476
0.004281
-0.015123
0.002014
0.001275
0.015648
-0.018821
-0.004270
0.019127
0.000149
-0.015401
0.002532
0.013275
-0.012134
0.005579
-0.001854
0.004889
0.006402
-0.015377
0.002907
-0.004904
0.016445
-0.004436
-0.016260
0.013572
0.008719
-0.015068
-0.004746
0.015181
-0.007340
-0.005215
0.001188
0.002798
0.010677
-0.015650
0.001848
0.001596
0.014357
-0.016190
-0.008778
0.020913
-0.003944
-0.014090
0.005927
-0.001751
0.001400
-0.002075
-0.001631
0.011632
-0.015536
0.005577
0.000746
-0.010772
0.020763
-0.016285
-0.006197
0.012048
-0.000950
-0.009877
0.006985
-0.004684
0.002780
-0.008020
0.007408
0.004762
-0.002855
-0.011853
0.007570
-0.005119
0.018674
-0.023525
-0.002264
0.009439
0.003344
-0.010721
0.005562
-0.007277
0.004414
-0.001404
-0.002645
0.004820
-0.004963
-0.001354
-0.009789
0.008681
0.004476
-0.005092
-0.011207
0.010299
0.002349
-0.011213
-0.004825
0.012404
0.000673
-0.009108
-0.004689
0.011232
-0.002653
-0.002616
-0.007501
0.007416
-0.000485
-0.003637
-0.009298
0.022982
-0.017301
0.004997
-0.011371
0.008723
0.000158
-0.005323
0.002938
-0.008324
0.012488
-0.006908
-0.001738
-0.004573
0.011331
-0.013477
-0.000852
0.006991
0.002792
-0.015906
0.010626
-0.004968
-0.004756
0.001742
0.009672
-0.009011
-0.003819
-0.003274
0.001817
-0.000651
0.004779
-0.004466
-0.017245
0.023066
-0.012800
0.005082
-0.005657
-0.000193
0.002377
-0.008831
0.003168
0.006938
-0.008292
-0.006919
0.005001
-0.007548
0.021337
-0.019499
-0.004592
0.010693
-0.008847
0.005351
-0.009582
0.008972
-0.012141
0.004336
-0.002957
-0.002313
0.005114
-0.007805
0.001945
-0.002805
0.006652
-0.002782
-0.014875
0.012787
-0.002103
-0.001747
0.001266
-0.001130
-0.001551
-0.007714
0.012755
0.000191
-0.003187
-0.004157
0.000361
-0.004542
0.017240
-0.017793
-0.000935
0.008399
0.001209
-0.008292
-0.004420
0.005958
0.004647
-0.012865
0.004881
0.004878
-0.002131
-0.008787
0.003541
-0.007212
0.016686
-0.008387
-0.011324
0.022276
-0.004573
-0.015631
0.010689
-0.001899
-0.002126
-0.010932
0.005785
0.003700
0.006940
-0.005880
-0.003429
-0.004529
0.024900
-0.012992
-0.006959
0.009850
-0.000048
-0.007307
-0.001616
-0.004652
0.014586
-0.010078
-0.009177
0.019450
-0.006930
0.000264
-0.014070
0.010430
0.008436
-0.014943
-0.010423
0.023456
-0.005327
-0.017006
0.019154
-0.011677
-0.002846
0.008639
-0.008944
0.012832
-0.013649
0.008495
-0.009376
-0.000913
0.015516
-0.012064
-0.012121
0.018774
-0.009729
-0.000310
0.003246
-0.003589
0.002267
-0.004532
-0.003339
0.005340
-0.001478
-0.002185
0.001812
-0.003685
0.011681
-0.013192
-0.003516
0.012279
0.000777
-0.014704
0.005755
-0.001643
0.001321
-0.006535
0.003148
0.002270
-0.001634
0.005489
-0.009173
-0.003466
0.013377
-0.009418
-0.006656
0.010261
0.001197
-0.011423
0.010072
0.013666
-0.008118
-0.007737
0.012512
0.003301
-0.002929
-0.004641
-0.002934
-0.002371
0.011728
-0.010767
0.003282
0.003622
0.001145
-0.010738
0.008297
-0.001669
-0.008702
0.014272
-0.012215
0.012158
-0.006782
-0.003298
0.004245
-0.001036
0.012825
-0.014956
0.000186
0.012199
0.000289
-0.014661
0.009818
-0.007267
0.016694
-0.018408
0.005157
0.004161
0.001581
-0.006722
0.004288
-0.007597
0.007325
0.001701
-0.008286
0.016486
-0.008661
-0.007433
0.006419
0.005411
-0.004443
-0.004293
0.004616
0.007401
-0.005637
-0.008686
0.008008
0.002582
0.003786
-0.022888
0.021117
0.006542
0.008688
-0.016809
0.008653
0.008181
-0.008971
0.002004
-0.002835
0.002422
0.007957
-0.005166
-0.005292
-0.001143
0.022333
-0.018758
-0.005359
0.025930
-0.013373
-0.000586
-0.001650
-0.000843
0.014856
-0.009762
-0.005118
0.020208
-0.015022
0.006633
-0.012956
0.007822
0.015341
-0.014731
-0.010277
0.028382
-0.013898
-0.003053
-0.000592
0.010550
-0.005647
0.000300
-0.006878
0.011507
-0.004201
0.002140
-0.004788
0.004222
0.005001
-0.009138
0.004406
0.000851
0.010690
-0.017399
0.010666
-0.006855
0.009103
-0.012672
0.011238
-0.003167
0.003363
-0.000870
-0.002119
0.000952
0.006513
-0.012211
-0.004111
0.020785
-0.007091
-0.008631
-0.000388
0.015954
-0.012806
0.004977
-0.005078
0.018879
-0.019415
0.009892
-0.009978
0.007549
0.009996
-0.012579
-0.002267
0.009339
0.001803
-0.005912
0.003186
-0.000917
0.004859
-0.011189
0.006334
0.001321
0.006792
-0.007020
0.001990
-0.012891
0.022667
-0.010073
-0.011603
0.020469
-0.003729
-0.012901
0.013601
-0.014665
0.020671
-0.017027
0.018650
-0.035649
0.055719
-0.049912
0.017586
0.004726
0.004262
-0.011339
-0.000016
0.014955
-0.004679
-0.003428
-0.009465
0.018189
-0.010476
0.000672
-0.004071
0.010946
-0.000596
-0.001449
-0.004919
0.003294
0.014099
-0.024534
0.018565
-0.008485
0.002696
-0.002265
0.001214
0.009954
-0.011305
0.004795
-0.004651
0.013142
-0.010545
-0.002906
-0.001616
0.008964
0.007119
-0.017011
0.007311
0.002842
0.002084
-0.004342
0.000800
-0.006447
0.012363
-0.008658
0.002298
0.002654
-0.002023
0.006329
-0.008498
0.006847
0.004318
-0.004759
-0.014897
0.026084
-0.009825
-0.001725
-0.009123
0.017955
-0.004866
0.019044
-0.078041
0.110032
-0.064216
-0.011302
0.003682
0.008758
0.019496
-0.029545
-0.002293
0.018945
0.001497
-0.016078
0.011561
-0.014445
0.009681
0.000800
-0.006817
0.003793
-0.003607
0.002498
-0.004697
-0.000381
-0.001296
0.011194
-0.020599
0.006665
0.007259
-0.008115
-0.004196
0.008638
-0.009231
0.006091
-0.009202
0.010715
-0.011168
0.001285
-0.001026
-0.001275
0.005142
-0.008468
-0.000722
0.000640
0.004318
-0.016268
0.008425
0.006412
-0.014768
0.001158
-0.006929
0.012634
-0.010385
0.004877
-0.007492
0.012437
-0.011624
0.010279
-0.013719
0.011636
-0.004238
-0.006789
-0.001583
0.001041
0.003905
-0.021885
0.041627
-0.055471
0.045046
-0.075200
0.229112
-0.494870
0.562285
