0.001987
0.001759
0.001413
0.001014
0.000624
0.000290
0.000039
-0.000126
-0.000218
-0.000260
-0.000274
-0.000276
-0.000276
-0.000277
-0.000279
-0.000282
-0.000285
-0.000288
-0.000294
-0.000302
-0.000313
-0.000327
-0.000341
-0.000355
-0.000368
-0.000378
-0.000387
-0.000396
-0.000407
-0.000422
-0.000442
-0.000466
-0.000494
-0.000524
-0.000554
-0.000581
-0.000605
-0.000626
-0.000642
-0.000654
-0.000661
-0.000660
-0.000650
-0.000624
-0.000569
-0.000453
-0.000215
0.000264
0.001195
0.002927
0.006001
0.011192
0.019527
0.032243
0.050649
0.075898
0.108659
0.148767
0.194930
0.244611
0.294177
0.339340
0.375834
0.400171
0.410300
0.405969
0.388725
0.361522
0.328102
0.292279
0.257343
0.225672
0.198609
0.176559
0.159228
0.145911
0.135753
0.127938
0.121792
0.116823
0.112702
0.109228
0.106281
0.103781
0.101664
0.099864
0.098309
0.096922
0.095633
0.094382
0.093124
0.091833
0.090500
0.089129
0.087730
0.086318
0.084903
0.083493
0.082092
0.080706
0.079336
0.077988
0.076670
0.075391
0.074160
0.072987
0.071878
0.070836
0.069861
0.068944
0.068074
0.067233
0.066406
0.065577
0.064736
0.063880
0.063012
0.062141
0.061282
0.060446
0.059647
0.058892
0.058183
0.057518
0.056893
0.056298
0.055720
0.055148
0.054570
0.053976
0.053358
0.052715
0.052050
0.051367
0.050675
0.049982
0.049294
0.048618
0.047957
0.047315
0.046691
0.046085
0.045499
0.044930
0.044382
0.043854
0.043351
0.042872
0.042419
0.041986
0.041566
0.041147
0.040717
0.040263
0.039777
0.039256
0.038703
0.038128
0.037544
0.036965
0.036408
0.035884
0.035401
0.034963
0.034569
0.034212
0.033886
0.033579
0.033282
0.032981
0.032666
0.032327
0.031957
0.031553
0.031118
0.030656
0.030175
0.029686
0.029199
0.028723
0.028265
0.027832
0.027426
0.027046
0.026690
0.026352
0.026026
0.025706
0.025389
0.025073
0.024760
0.024454
0.024157
0.023871
0.023596
0.023326
0.023057
0.022779
0.022488
0.022180
0.021859
0.021529
0.021203
0.020891
0.020605
0.020350
0.020127
0.019931
0.019749
0.019568
0.019378
0.019170
0.018943
0.018704
0.018464
0.018233
0.018024
0.017841
0.017683
0.017544
0.017415
0.017283
0.017140
0.016979
0.016800
0.016606
0.016400
0.016188
0.015975
0.015760
0.015544
0.015325
0.015099
0.014866
0.014627
0.014385
0.014146
0.013916
0.013700
0.013504
0.013330
0.013176
0.013041
0.012923
0.012817
0.012722
0.012635
0.012553
0.012476
0.012401
0.012326
0.012249
0.012167
0.012079
0.011984
0.011880
0.011770
0.011653
0.011532
0.011408
0.011281
0.011151
0.011018
0.010878
0.010730
0.010572
0.010402
0.010221
0.010033
0.009844
0.009660
0.009487
0.009332
0.009197
0.009085
0.008993
0.008917
0.008850
0.008782
0.008705
0.008611
0.008494
0.008350
0.008184
0.007999
0.007805
0.007613
0.007434
0.007279
0.007153
0.007060
0.006996
0.006954
0.006926
0.006899
0.006862
0.006806
0.006725
0.006620
0.006492
0.006347
0.006193
0.006037
0.005885
0.005742
0.005610
0.005492
0.005387
0.005295
0.005216
0.005148
0.005089
0.005036
0.004989
0.004947
0.004911
0.004883
0.004865
0.004856
0.004856
0.004859
0.004862
0.004857
0.004839
0.004806
0.004756
0.004693
0.004620
0.004542
0.004463
0.004387
0.004312
0.004240
0.004168
0.004094
0.004017
0.003936
0.003849
0.003757
0.003663
0.003568
0.003476
0.003389
0.003312
0.003246
0.003193
0.003155
0.003131
0.003119
0.003116
0.003118
0.003119
0.003117
0.003106
0.003087
0.003061
0.003031
0.003000
0.002973
0.002954
0.002942
0.002939
0.002942
0.002950
0.002961
0.002973
0.002986
0.002997
0.003008
0.003017
0.003025
0.003031
0.003032
0.003024
0.003002
0.002959
0.002892
0.002799
0.002678
0.002536
0.002381
0.002221
0.002068
0.001931
0.001817
0.001731
0.001673
0.001639
0.001626
0.001626
0.001633
0.001641
0.001644
0.001640
0.001628
0.001607
0.001579
0.001549
0.001520
0.001495
0.001480
0.001477
0.001488
0.001514
0.001553
0.001602
0.001656
0.001709
0.001755
0.001787
0.001802
0.001797
0.001774
0.001734
0.001678
0.001612
0.001538
0.001460
0.001383
0.001313
0.001251
0.001201
0.001161
0.001129
0.001101
0.001073
0.001043
0.001009
0.000973
0.000938
0.000906
0.000878
0.000854
0.000833
0.000815
0.000798
0.000784
0.000773
0.000767
0.000764
0.000762
0.000758
0.000748
0.000729
0.000698
0.000655
0.000604
0.000550
0.000499
0.000459
0.000436
0.000433
0.000452
0.000489
0.000542
0.000602
0.000661
0.000711
0.000745
0.000760
0.000757
0.000739
0.000713
0.000684
0.000658
0.000635
0.000615
0.000597
0.000575
0.000549
0.000518
0.000483
0.000448
0.000417
0.000396
0.000385
0.000385
0.000392
0.000401
0.000404
0.000398
0.000381
0.000356
0.000328
0.000305
0.000292
0.000294
0.000312
0.000342
0.000378
0.000413
0.000441
0.000457
0.000459
0.000448
0.000426
0.000395
0.000358
0.000317
0.000274
0.000231
0.000188
0.000148
0.000114
0.000087
0.000070
0.000064
0.000067
0.000078
0.000094
0.000110
0.000124
0.000133
0.000134
0.000129
0.000116
0.000098
0.000076
0.000051
0.000027
0.000007
-0.000002
0.000002
0.000024
0.000063
0.000114
0.000169
0.000218
0.000248
0.000253
0.000230
0.000181
0.000116
0.000045
-0.000022
-0.000075
-0.000109
-0.000123
-0.000119
-0.000100
-0.000072
-0.000038
-0.000004
0.000030
0.000059
0.000084
0.000102
0.000113
0.000115
0.000108
0.000090
0.000063
0.000028
-0.000011
-0.000051
-0.000086
-0.000110
-0.000121
-0.000119
-0.000106
-0.000087
-0.000067
-0.000052
-0.000045
-0.000044
-0.000049
-0.000054
-0.000055
-0.000049
-0.000035
-0.000015
0.000008
0.000030
0.000047
0.000056
0.000059
0.000057
0.000055
0.000056
0.000064
0.000079
0.000101
0.000124
0.000145
0.000159
0.000163
0.000155
0.000136
0.000111
0.000083
0.000056
0.000033
0.000016
0.000006
0.000005
0.000012
0.000027
0.000050
0.000082
0.000120
0.000164
0.000210
0.000255
0.000291
0.000314
0.000317
0.000298
0.000258
0.000203
0.000143
0.000090
0.000054
0.000046
0.000070
0.000128
0.000220
0.000343
0.000495
0.000675
0.000878
0.001099
0.001328
0.001550
0.001750
0.001909
0.002013
0.002056
0.002038
0.001966
0.001854
0.001716
0.001568
0.001421
0.001285
0.001165
0.001063
0.000978
0.000908
0.000851
0.000803
0.000761
0.000724
0.000694
0.000673
0.000665
0.000671
0.000693
0.000729
0.000775
0.000825
0.000873
0.000915
0.000946
0.000965
0.000970
0.000963
0.000945
0.000919
0.000889
0.000860
0.000836
0.000820
0.000815
0.000821
0.000836
0.000856
0.000879
0.000899
0.000916
0.000927
0.000932
0.000930
0.000924
0.000913
0.000898
0.000881
0.000863
0.000846
0.000832
0.000825
0.000825
0.000837
0.000858
0.000886
0.000917
0.000945
0.000963
0.000967
0.000954
0.000925
0.000883
0.000832
0.000778
0.000726
0.000680
0.000643
0.000617
0.000602
0.000597
0.000601
0.000612
0.000626
0.000638
0.000645
0.000645
0.000638
0.000630
0.000626
0.000632
0.000655
0.000696
0.000753
0.000821
0.000888
0.000945
0.000982
0.000992
0.000972
0.000925
0.000857
0.000778
0.000700
0.000636
0.000593
0.000578
0.000589
0.000622
0.000668
0.000717
0.000760
0.000790
0.000806
0.000807
0.000797
0.000781
0.000760
0.000740
0.000721
0.000705
0.000696
0.000693
0.000697
0.000708
0.000723
0.000741
0.000759
0.000775
0.000789
0.000800
0.000811
0.000820
0.000829
0.000837
0.000843
0.000847
0.000849
0.000851
0.000853
0.000856
0.000861
0.000868
0.000876
0.000886
0.000898
0.000910
0.000922
0.000932
0.000940
0.000943
0.000941
0.000935
0.000928
0.000924
0.000930
0.000948
0.000984
0.001036
0.001103
0.001179
0.001256
0.001324
0.001375
0.001405
0.001410
0.001394
0.001361
0.001318
0.001273
0.001231
0.001196
0.001169
0.001149
0.001135
0.001125
0.001120
0.001118
0.001121
0.001127
0.001137
0.001148
0.001159
0.001167
0.001168
0.001162
0.001146
0.001122
0.001089
0.001052
0.001013
0.000978
0.000948
0.000925
0.000912
0.000906
0.000907
0.000912
0.000921
0.000931
0.000943
0.000955
0.000970
0.000985
0.001002
0.001019
0.001036
0.001052
0.001064
0.001073
0.001077
0.001074
0.001062
0.001042
0.001012
0.000975
0.000935
0.000894
0.000859
0.000831
0.000813
0.000806
0.000807
0.000816
0.000829
0.000846
0.000865
0.000885
0.000907
0.000928
0.000948
0.000965
0.000979
0.000987
0.000989
0.000984
0.000972
0.000954
0.000928
0.000898
0.000866
0.000836
0.000812
0.000797
0.000792
0.000795
0.000803
0.000813
0.000819
0.000819
0.000812
0.000799
0.000784
0.000769
0.000759
0.000757
0.000765
0.000783
0.000810
0.000843
0.000878
0.000911
0.000938
0.000956
0.000963
0.000958
0.000945
0.000923
0.000898
0.000871
0.000848
0.000829
0.000818
0.000816
0.000820
0.000830
0.000840
0.000849
0.000853
0.000849
0.000836
0.000816
0.000792
0.000765
0.000741
0.000723
0.000711
0.000707
0.000709
0.000716
0.000725
0.000734
0.000740
0.000743
0.000741
0.000736
0.000727
0.000714
0.000699
0.000683
0.000669
0.000659
0.000658
0.000665
0.000681
0.000704
0.000729
0.000754
0.000774
0.000788
0.000794
0.000795
0.000793
0.000790
0.000787
0.000784
0.000781
0.000777
0.000772
0.000768
0.000764
0.000762
0.000760
0.000757
0.000747
0.000726
0.000689
0.000630
0.000549
0.000442
0.000309
0.000153
-0.000025
-0.000218
-0.000417
-0.000607
-0.000772
-0.000896
-0.000968
-0.000981
-0.000942
-0.000863
-0.000766
-0.000672
-0.000599
-0.000558
-0.000552
-0.000577
-0.000621
-0.000674
-0.000724
-0.000766
-0.000796
-0.000816
-0.000829
-0.000841
-0.000858
-0.000884
-0.000921
-0.000971
-0.001030
-0.001092
-0.001152
-0.001205
-0.001245
-0.001270
-0.001282
-0.001282
-0.001274
-0.001259
-0.001241
-0.001221
-0.001197
-0.001168
-0.001130
-0.001081
-0.001020
-0.000945
-0.000861
-0.000773
-0.000690
-0.000620
-0.000574
-0.000559
-0.000579
-0.000635
-0.000723
-0.000834
-0.000958
-0.001085
-0.001203
-0.001303
-0.001376
-0.001416
-0.001411
-0.001351
-0.001221
-0.001008
-0.000700
-0.000300
0.000178
0.000696
0.001201
0.001632
0.001929
0.002051
