-0.384406
0.080505
-0.083518
0.001257
0.047475
-0.014560
-0.025417
0.003224
0.033213
-0.056654
0.083492
-0.066190
0.002501
0.025331
-0.002531
-0.013118
0.001928
-0.013097
0.027460
-0.006376
-0.029095
0.036916
-0.022243
-0.006356
0.021582
-0.018657
-0.001387
0.005003
0.001991
-0.007407
0.003201
-0.005180
-0.001070
0.002388
0.002205
-0.003152
-0.007546
0.009741
-0.006163
0.004627
-0.008634
-0.004059
0.007981
-0.004753
-0.006939
0.015893
-0.022169
0.014948
-0.006460
-0.007177
0.012644
-0.021824
0.015975
0.005046
-0.035058
0.022273
0.074191
-0.167958
-0.010238
0.401885
-0.222798
-1.072487
2.469999
1.429391
1.004185
0.358145
0.498840
0.476160
0.206614
0.049270
0.172923
0.238648
0.175086
0.231026
0.112386
0.116652
0.177481
0.233188
0.112773
0.104527
0.151948
0.134822
0.134080
0.112336
0.178732
0.078858
0.126112
0.177465
0.093200
0.098463
0.140045
0.158752
0.087062
0.108502
0.093422
0.138045
0.139918
0.068688
0.104323
0.112106
0.125992
0.090858
0.086137
0.118485
0.110464
0.095106
0.085695
0.109185
0.096723
0.086897
0.089431
0.121317
0.073911
0.090488
0.100754
0.080802
0.087158
0.084118
0.092180
0.084733
0.088549
0.078007
0.081900
0.082893
0.084996
0.075026
0.068995
0.095955
0.071463
0.064159
0.091216
0.053247
0.073805
0.090237
0.059687
0.063136
0.078215
0.064800
0.078738
0.057988
0.066872
0.063856
0.069903
0.066036
0.056238
0.065269
0.067846
0.058102
0.053570
0.060292
0.056642
0.064372
0.056280
0.042363
0.065329
0.046981
0.066298
0.048319
0.043082
0.074262
0.036559
0.060281
0.051245
0.063055
0.027588
0.060619
0.056482
0.047534
0.027658
0.061954
0.054007
0.044206
0.039863
0.040422
0.044173
0.063250
0.017027
0.047347
0.066577
0.028941
0.032783
0.051299
0.044322
0.030865
0.045499
0.029574
0.057451
0.030342
0.036894
0.030376
0.048838
0.050776
0.013184
0.036552
0.054919
0.040816
0.011622
0.039675
0.043100
0.039954
0.028477
0.012251
0.054057
0.030080
0.040304
0.006518
0.041499
0.046066
0.017430
0.022162
0.051038
0.029734
0.017348
0.025447
0.035664
0.034242
0.010662
0.036670
0.027442
0.026229
0.025274
0.014458
0.035636
0.047404
-0.000727
0.020658
0.048085
0.021233
0.012851
0.028013
0.023957
0.025609
0.014120
0.028019
0.032310
0.022573
0.026832
0.004900
0.031328
0.026361
0.010343
0.013369
0.049345
0.016644
0.004912
0.015387
0.043124
0.014421
0.012016
0.018736
0.031333
0.019227
0.014307
0.014239
0.026118
0.026974
0.007312
0.010839
0.041459
0.011692
0.001380
0.013699
0.043150
0.003234
0.011293
0.018884
0.025452
0.022173
0.001297
0.012387
0.028379
0.030038
-0.009428
0.010036
0.040299
0.016662
-0.008696
0.016636
0.026098
0.012693
0.016404
-0.002390
0.037822
0.004775
0.011263
0.000746
0.030635
0.018303
-0.008898
0.019131
0.031693
0.004548
0.002773
0.012820
0.022705
0.008137
0.009817
0.005203
0.027866
0.009719
0.005161
-0.002078
0.021746
0.022570
0.000207
0.002300
0.024235
0.009488
0.003602
0.009312
0.014943
0.011504
-0.000059
0.020197
0.008357
0.018222
-0.009399
0.013905
0.012648
0.018644
-0.002313
-0.008763
0.045530
-0.007229
0.004495
0.005476
0.020906
0.004782
-0.001119
0.013344
0.011785
0.012379
0.005733
-0.004020
0.015528
0.014875
0.007101
-0.014562
0.036732
-0.006230
-0.001556
0.019213
0.002493
0.009674
0.001332
0.005698
0.014234
0.011070
-0.006332
0.003713
0.011748
0.018877
-0.003834
-0.003370
0.031633
-0.008230
0.007616
-0.004269
0.023392
0.002179
-0.000452
0.003477
0.020522
-0.005525
0.001561
0.009050
0.004070
0.027128
-0.023061
0.004554
0.023518
0.005392
-0.006243
0.000963
0.016918
-0.001811
0.005900
-0.004890
0.029218
0.004908
0.009951
-0.006462
0.011934
0.016753
-0.015947
-0.010052
0.046485
-0.011769
0.003264
0.000724
0.013879
0.004030
-0.002401
0.011725
0.000994
0.010401
0.002974
-0.006869
0.010461
0.019686
-0.014086
0.001707
0.017230
0.002703
-0.005604
0.008366
0.004688
0.011659
-0.001919
-0.001166
0.012669
0.003589
0.000547
-0.007945
0.014431
0.017713
-0.005259
-0.008829
0.013185
0.008797
-0.004474
0.000413
0.010084
0.001946
-0.002121
0.005580
0.000744
0.010705
-0.001481
0.006698
-0.011241
0.028761
-0.013714
-0.001958
0.016010
0.004883
-0.015164
0.017696
-0.007144
0.020191
-0.019257
0.012768
-0.003128
0.015081
-0.010381
0.003403
0.000335
0.026404
-0.020933
-0.004863
0.018615
0.010910
-0.013710
-0.007077
0.021891
-0.006468
0.007492
-0.009553
0.013048
0.005723
-0.004778
-0.002770
0.007940
0.007312
-0.000978
-0.017592
0.037059
-0.016206
-0.013482
0.018165
0.001665
0.005092
-0.004108
-0.003779
0.005011
0.017785
-0.005282
-0.012593
0.002329
0.022845
-0.011033
-0.006637
0.016860
0.002647
-0.006194
-0.002575
0.005013
0.004473
-0.006365
0.008048
0.003635
-0.002648
0.000722
0.000865
0.000995
0.028747
-0.036683
0.008951
0.012329
0.003713
-0.011860
0.008995
-0.005784
0.011962
-0.001817
-0.007109
0.013567
0.002357
0.001026
-0.014310
0.013068
0.010937
-0.012527
-0.000747
0.014442
0.002177
-0.012738
0.007278
0.005161
-0.007014
0.007012
-0.010058
0.010654
0.010852
-0.010164
-0.006581
0.004069
0.023351
-0.022709
-0.004033
0.019188
0.000718
-0.009021
0.007179
0.000698
-0.003420
0.006147
-0.007933
0.011322
-0.000421
-0.002302
-0.009154
0.015629
0.002863
-0.008933
-0.001151
0.011294
0.004222
-0.009280
-0.000049
-0.000129
0.011584
-0.008790
0.000948
0.005848
0.008081
-0.009500
-0.005946
0.009803
0.015152
-0.015041
-0.016490
0.030367
-0.001938
-0.009895
-0.004019
0.010720
0.005092
-0.015889
0.015124
-0.012394
0.018578
-0.005930
-0.007394
-0.004386
0.021934
-0.004263
-0.011680
0.014664
-0.003935
-0.003860
-0.001127
0.002770
0.008919
-0.013385
0.013394
-0.003863
0.006692
-0.001301
-0.011854
0.002397
0.027423
-0.021125
-0.009012
0.025042
-0.003616
-0.005182
-0.005579
0.006015
0.008420
-0.009214
-0.007300
0.019407
-0.002628
-0.003530
-0.001906
-0.000004
0.018229
-0.017011
-0.003659
0.024884
-0.015957
-0.001789
0.007325
0.002412
-0.001702
0.002745
-0.011350
0.015474
0.004959
0.002741
-0.016994
0.011966
0.015861
-0.019002
0.000273
0.015087
0.002819
-0.022925
0.012885
0.004397
0.004399
-0.002281
-0.007478
0.014602
0.004256
-0.004580
-0.007833
0.009153
0.003880
0.000524
-0.014857
0.016938
0.007488
-0.012396
0.006193
-0.002943
0.008659
-0.003679
-0.003963
0.004097
0.009068
-0.003182
-0.005845
0.003033
0.015888
-0.010907
-0.010852
0.029128
-0.002320
-0.010551
0.003771
-0.002582
0.008996
0.000896
-0.009375
0.022906
-0.014124
0.010780
-0.015182
0.014594
0.007340
-0.012098
-0.007659
0.033609
-0.014145
-0.012598
0.005341
0.011916
0.001578
-0.009985
0.006854
0.010870
-0.008924
0.006666
-0.011594
0.010362
0.008667
-0.005878
-0.015525
0.030404
-0.015630
0.002938
0.004692
0.004967
-0.006979
0.006191
-0.003762
0.000614
0.010382
-0.008401
0.007172
-0.002545
0.010395
-0.017665
0.007013
0.005224
0.005650
-0.002379
0.003073
-0.001697
-0.000724
0.005986
-0.004220
0.008039
0.000335
-0.004340
0.005074
-0.010797
0.025780
-0.018804
-0.001561
0.014120
0.001583
-0.006343
-0.005154
0.012519
-0.000863
-0.002321
-0.010444
0.021118
0.001292
0.000216
-0.023958
0.024772
0.012036
-0.023849
0.004223
0.011283
0.008003
-0.021643
0.016309
-0.007784
0.008895
-0.008394
0.001958
0.012692
-0.003716
-0.000899
-0.006295
0.004868
0.018876
-0.020519
-0.001987
0.015721
0.006672
-0.018614
0.015311
-0.007626
0.015870
-0.022307
0.021587
-0.009061
0.007050
-0.005632
-0.004933
0.004352
0.015975
-0.010991
-0.010040
0.030730
-0.014259
0.001098
-0.010028
0.023305
-0.003069
-0.014516
0.005858
0.010411
-0.004988
0.010473
-0.021893
0.015150
0.014727
-0.020207
0.001871
0.028396
0.011498
-0.023201
0.032269
-0.020344
0.018658
-0.015595
0.003865
0.010361
0.004557
-0.002871
-0.009571
0.018524
0.005838
-0.002491
-0.016600
0.026976
-0.002987
-0.008664
0.006666
0.009740
-0.005008
0.004248
-0.005717
0.012000
0.004396
-0.003907
-0.006905
0.007191
0.016154
-0.012737
-0.012157
0.030782
-0.011773
-0.000398
-0.004532
0.013480
-0.011996
0.020541
-0.020803
0.024780
-0.009178
0.008391
-0.016847
0.011568
0.012866
-0.004811
-0.017925
0.020465
0.006904
-0.009879
0.005029
-0.001112
0.007864
-0.003845
-0.000622
0.008968
-0.001470
0.004334
-0.011135
0.007072
0.021730
-0.030012
0.009800
0.014528
-0.005467
-0.008700
0.019109
-0.017783
0.021194
-0.009234
0.001052
0.001066
0.009958
-0.006262
-0.006080
0.004316
0.021105
-0.018837
-0.006203
0.021836
0.001187
-0.009970
0.003017
0.000992
0.011573
-0.011722
0.002204
0.010719
-0.004840
0.001726
-0.006288
0.007920
0.011198
-0.015953
0.000904
0.018554
0.000515
-0.025088
0.021598
-0.009252
0.022733
-0.027281
0.035397
-0.061512
0.095024
-0.085111
0.042842
-0.021346
0.020275
-0.000535
-0.019159
0.027369
-0.008956
-0.002734
-0.005114
0.023607
-0.020646
0.006889
0.003045
0.007208
0.000497
-0.002805
-0.009420
0.023503
-0.000815
-0.016191
0.007754
0.006195
0.003944
-0.009745
-0.000245
0.006022
0.006887
-0.013555
0.015219
-0.010131
0.008498
0.003131
-0.016186
0.017071
0.004463
-0.015824
0.004594
0.008296
0.000591
-0.002497
-0.001849
0.004698
0.007213
-0.008669
0.006711
-0.007995
0.014509
0.003229
-0.025540
0.018993
0.010968
-0.016536
0.001127
0.008852
-0.001231
0.003564
-0.019938
0.026210
0.001195
-0.005625
-0.049058
0.118175
-0.097398
0.024829
-0.032681
0.024555
0.005634
-0.014160
-0.000475
0.016653
-0.009435
-0.007981
0.015244
-0.019974
0.009556
-0.007385
0.006161
-0.007575
0.004025
-0.002863
0.010859
-0.021225
0.010904
0.001959
-0.018903
0.017781
-0.001387
-0.018035
0.007862
-0.001432
0.002226
-0.006290
-0.003291
0.002724
-0.002685
-0.002036
-0.007044
0.002500
0.004942
-0.010370
-0.004220
0.008945
-0.004827
-0.014146
0.012196
-0.009503
0.003885
-0.017428
0.011327
-0.006473
0.006466
-0.004806
-0.008827
0.002112
0.005491
-0.003915
-0.013911
0.019218
-0.014193
-0.012223
0.016505
-0.011642
0.001315
-0.031499
0.066072
-0.086004
0.054013
-0.095940
0.363400
-0.811641
0.919778
