-0.190393
0.031309
-0.016249
-0.030021
0.039457
-0.008087
-0.010436
-0.012097
0.029920
-0.048557
0.066953
-0.045658
-0.002145
0.015250
-0.000759
-0.010688
0.002326
-0.003951
0.009207
-0.005110
-0.012913
0.022971
-0.019198
-0.002242
0.015194
-0.013619
0.004625
-0.006702
0.009378
-0.004797
-0.005300
0.003031
-0.006650
0.003405
-0.003373
0.008443
-0.023030
0.013361
-0.002022
0.006152
-0.015529
0.005514
0.007195
-0.003570
-0.010707
0.012042
-0.017009
0.014692
-0.000532
-0.020389
0.025823
-0.024589
0.004625
0.022029
-0.048590
0.040542
0.041491
-0.129090
0.019752
0.225602
-0.062451
-0.819592
2.108255
0.864477
0.702477
0.496739
0.397725
0.250943
0.164796
0.088466
0.125988
0.076812
0.144837
0.220764
-0.036315
0.050702
0.157265
0.142511
0.035695
0.097564
0.073980
0.071118
0.100529
0.088393
0.079637
0.055125
0.096374
0.119923
0.024062
0.076575
0.091415
0.121390
0.040401
0.071153
0.058721
0.101435
0.084785
0.058200
0.040993
0.089209
0.082760
0.053384
0.048076
0.078788
0.077798
0.043941
0.072531
0.052700
0.073634
0.036473
0.079199
0.049530
0.050053
0.047893
0.088114
0.022243
0.065931
0.036179
0.070995
0.048882
0.033581
0.060295
0.053829
0.039049
0.067121
0.040998
0.023637
0.063265
0.050566
0.026887
0.060366
0.024849
0.071097
0.024789
0.037153
0.040271
0.053636
0.015720
0.061989
0.018430
0.048476
0.028532
0.047333
0.033126
0.018063
0.042383
0.046079
0.027665
0.023969
0.046797
0.030460
0.030365
0.035845
0.028691
0.039375
0.026222
0.019081
0.044992
0.021389
0.030537
0.031612
0.020459
0.044864
0.013045
0.030105
0.017305
0.035615
0.016296
0.029576
0.024300
0.020159
0.024346
0.035348
0.005005
0.040312
0.035234
-0.014645
0.050057
0.017440
0.025966
0.025723
0.012169
0.030585
0.016826
0.020846
0.022894
0.020061
0.017559
0.021674
0.016409
0.020576
0.037001
-0.014428
0.037472
0.007748
0.017865
0.030334
-0.002892
0.033899
0.008197
0.018302
0.014980
0.017792
0.027194
-0.003303
0.033004
-0.002311
0.030235
-0.000062
0.021126
0.021649
-0.000028
0.020561
0.012575
0.003123
0.040571
-0.001887
0.011945
0.012392
0.023264
0.003173
0.005357
0.020226
0.023011
-0.001443
0.007397
0.034909
-0.003265
0.006162
0.010689
0.022784
-0.001977
0.019471
0.002218
0.035350
-0.005997
0.009011
0.010274
0.015442
0.021957
-0.005935
0.002033
0.028189
0.004505
0.007509
-0.000812
0.027215
-0.014805
0.023792
0.003056
0.013232
0.009083
0.004774
0.000449
0.008250
0.027553
-0.012567
0.003559
0.022604
0.006215
-0.006336
0.016551
0.005701
0.003697
0.002639
0.013610
0.000722
0.006994
-0.002801
0.017376
-0.005483
0.023923
-0.011091
0.015355
0.002827
0.007001
0.003128
0.000409
0.002033
0.012236
0.007778
-0.001430
0.008320
-0.006786
0.019629
-0.010582
0.010265
0.019450
-0.014384
0.001626
0.028695
-0.010449
0.001592
-0.000469
0.015093
0.008993
-0.007513
-0.004037
0.015981
-0.001354
0.011493
-0.012085
0.007890
0.016729
-0.008109
0.002139
0.011531
0.008409
-0.013505
0.014576
0.008631
-0.003761
0.005114
-0.002830
0.011132
-0.001656
-0.003893
0.015976
-0.009279
0.021189
-0.025026
0.018584
0.002757
-0.004432
-0.005355
0.023072
-0.019724
0.003339
0.016388
-0.012167
0.012563
-0.008595
0.015377
-0.012176
-0.000330
0.016476
-0.005683
-0.006969
0.006979
0.005989
-0.003355
0.011058
-0.020303
0.026530
-0.017711
0.010280
-0.003550
-0.001242
0.013522
-0.024859
0.022390
0.002989
-0.020041
0.009446
0.021833
-0.027135
0.014119
-0.008671
0.003719
0.000939
0.006446
-0.012230
0.020149
-0.016425
0.005066
-0.013560
0.012677
0.017873
-0.023709
-0.001382
0.016139
-0.011451
0.007857
-0.010680
0.011559
0.000021
-0.002676
-0.009867
0.012283
0.002145
-0.010223
0.000482
0.003492
0.001810
-0.001961
-0.010103
0.012010
-0.001841
-0.003935
-0.003430
-0.001032
0.002534
-0.008345
0.009454
-0.008548
0.013684
-0.006348
-0.003264
-0.015417
0.028711
-0.018992
0.006409
-0.013844
0.018676
0.005121
-0.014719
-0.007813
0.013995
0.001048
-0.008023
-0.001742
0.007526
-0.002760
-0.021290
0.013457
0.011313
-0.017253
-0.008187
0.017968
-0.003400
-0.007867
0.002821
-0.005486
0.000096
0.006544
-0.006631
0.011088
-0.017330
0.006606
-0.009233
0.007017
0.000786
0.001714
-0.023563
0.027535
-0.009623
-0.006035
0.008685
-0.006606
0.004001
-0.008717
-0.000418
0.006518
-0.007175
0.002306
-0.018641
0.008605
0.011227
-0.014470
-0.013212
0.027904
-0.012705
-0.012270
0.005667
-0.000242
0.014842
-0.018706
-0.012948
0.019700
-0.006060
-0.006207
-0.008623
-0.002510
0.028747
-0.021035
-0.015946
0.018307
-0.003109
0.002730
-0.017797
0.011705
-0.005633
0.000814
-0.003925
-0.003412
0.002751
-0.000022
-0.004260
-0.003665
0.007480
-0.008735
-0.002583
0.013201
-0.016496
-0.004911
0.005154
-0.002021
0.005982
-0.006132
-0.008854
-0.005865
0.010790
0.005775
-0.014925
-0.014863
0.034674
-0.023446
-0.006702
0.011150
-0.000995
-0.001497
-0.013851
0.002361
0.002329
0.002611
-0.011467
0.015702
-0.019259
0.006857
-0.013003
0.015610
-0.005202
-0.008153
-0.007359
0.012212
0.003122
-0.025153
0.019956
-0.017690
0.011287
-0.010902
0.009020
-0.004470
0.003763
-0.010975
-0.010501
0.007478
0.006464
-0.024466
0.020063
-0.003182
-0.011111
0.004250
-0.001679
-0.008589
0.009804
-0.010838
0.001147
0.003549
0.001286
-0.002624
-0.024829
0.020452
0.001399
-0.009633
-0.008757
0.014550
-0.009546
0.003658
-0.013156
0.006424
-0.002957
-0.007147
0.001461
0.007514
-0.007977
-0.001826
-0.002332
-0.009490
0.021038
-0.015082
-0.004336
-0.001042
-0.001911
0.001969
0.001169
0.002183
0.004473
-0.007204
-0.005499
0.010794
-0.003960
-0.002112
-0.006368
-0.005187
0.019957
-0.023286
0.012966
-0.002822
0.000250
-0.014356
0.011492
-0.009812
0.007667
-0.011204
0.003728
0.001689
-0.004890
-0.004349
0.006132
-0.014820
0.019671
-0.023031
0.015446
-0.005859
-0.007255
-0.001456
-0.004471
0.014866
-0.017899
0.004275
-0.009783
0.013897
-0.006266
-0.003716
-0.004649
0.001402
0.008060
-0.009813
-0.008011
0.025971
-0.028603
0.021229
0.003055
0.003424
-0.001118
-0.001202
-0.001408
0.000106
0.000291
0.005384
-0.003516
-0.006764
0.018205
-0.028654
0.011378
0.009112
-0.017296
0.007997
-0.000627
-0.006153
0.009562
-0.015895
0.006514
0.006709
-0.015710
0.018637
-0.030590
0.029852
-0.008048
-0.010925
-0.002867
0.012188
-0.001237
-0.009842
0.009082
-0.014299
0.014661
-0.026387
0.018653
-0.002560
0.000099
-0.005921
0.001244
-0.004967
0.011371
-0.014718
0.000265
0.010468
-0.008139
-0.009732
0.012948
-0.013295
0.005659
-0.006506
0.013741
-0.016317
0.013433
-0.017372
0.009664
-0.004944
-0.000545
-0.001112
-0.008231
0.014965
-0.012516
0.000889
-0.000871
0.004788
-0.009810
-0.001282
0.006083
0.000922
-0.005244
-0.004417
0.002748
-0.009523
0.022839
-0.029660
0.005484
0.022614
-0.027631
0.011805
-0.005108
-0.003950
-0.002043
0.020334
-0.034536
0.034734
-0.031426
0.028216
-0.027297
0.001819
0.024173
-0.024934
0.005070
0.003055
0.002013
-0.011123
0.012677
-0.011665
0.010981
-0.010198
0.002218
0.000678
-0.000989
-0.004426
-0.005689
0.005951
0.011015
-0.025054
0.012563
0.010570
-0.016622
-0.001750
0.012868
-0.017236
0.006281
0.006004
0.010539
-0.015690
0.006665
-0.000079
-0.003243
0.003242
0.008132
-0.019066
0.006193
0.016994
-0.026669
0.024198
-0.023590
0.008463
-0.002698
0.013898
-0.012775
0.004945
0.001794
-0.001875
0.003745
-0.016416
0.015934
-0.007256
-0.000763
-0.001381
0.005848
-0.007727
0.002913
-0.012665
0.018185
-0.013948
0.011088
-0.012440
0.010394
-0.003871
-0.008587
0.002393
0.012163
-0.008495
-0.010652
0.017554
-0.015347
0.006010
-0.006768
0.017002
-0.019721
0.009303
-0.012875
0.004727
0.015603
-0.010248
-0.009957
-0.005404
0.026937
-0.020696
-0.008158
0.019619
-0.006084
-0.002675
-0.001376
-0.002270
0.009723
-0.015770
0.001909
0.012538
-0.010662
-0.003026
0.003108
-0.000236
0.010805
-0.014625
0.001316
0.005148
-0.006332
0.001454
0.001169
-0.001855
-0.001332
-0.003875
-0.000678
0.006151
-0.004101
-0.002295
-0.001887
-0.005158
0.024206
-0.027165
0.001155
0.021968
-0.006593
0.005306
-0.006346
0.016910
-0.004575
-0.016387
0.007689
0.020353
-0.027624
0.013779
-0.015240
0.012808
0.003147
-0.001703
-0.018472
0.021056
-0.000843
-0.007491
0.012358
-0.018286
0.017152
-0.013926
0.011250
-0.004702
0.002199
-0.009812
0.006770
0.012661
-0.006886
-0.013152
0.006506
0.011825
-0.003467
-0.012950
0.010147
0.001328
-0.010726
-0.002808
0.017038
-0.012304
0.007832
0.004940
-0.009447
0.003282
0.004675
-0.019895
0.012582
0.009485
-0.022010
0.024279
-0.023587
0.026145
-0.023727
0.005701
0.005481
-0.004878
-0.002381
0.008871
-0.004710
-0.009603
0.023076
-0.025616
0.011385
0.012348
-0.016560
-0.000289
0.016399
-0.027673
0.022400
-0.014720
0.022063
-0.030495
0.035119
-0.037645
0.023678
-0.013617
0.016461
-0.018656
0.002610
0.010294
-0.006171
0.004943
-0.000318
-0.010339
0.008357
0.001888
-0.013923
0.009448
0.000581
0.003131
-0.010095
0.004688
0.008539
-0.015820
0.001047
0.016894
-0.013903
0.002540
-0.001269
0.002844
-0.002194
-0.005019
0.001527
0.005649
0.001754
-0.008954
-0.010492
0.020271
0.000672
-0.018368
0.002112
0.012934
-0.007194
0.002335
-0.007425
0.007828
-0.004106
0.000032
0.001422
-0.005992
0.001360
0.009660
-0.022322
0.014171
0.007209
-0.015872
0.008593
-0.000843
0.000757
0.002636
-0.017281
0.013460
-0.000678
0.009697
-0.068221
0.113607
-0.092253
0.035563
-0.021707
-0.004305
0.015856
-0.013237
-0.005615
0.015614
-0.007286
-0.007536
0.014560
-0.025305
0.020959
-0.006662
-0.019994
0.013102
0.004529
-0.015012
0.006489
-0.007365
0.009674
-0.008392
-0.006634
0.010098
-0.009151
-0.012079
0.014233
-0.007801
0.005256
-0.014541
-0.003689
0.016941
-0.014295
-0.001235
-0.002038
0.008868
-0.009794
0.002112
-0.002166
0.007301
-0.010693
-0.005545
0.008136
0.001173
-0.011095
-0.004454
0.000468
0.015755
-0.016602
0.006606
-0.002174
0.006063
-0.007302
-0.011766
0.006705
0.000929
-0.001808
-0.010402
0.003476
-0.007646
0.012019
-0.027013
0.035879
-0.045783
0.027437
-0.046797
0.177884
-0.398053
0.450758
