-0.666983
0.105551
-0.149229
0.003169
0.065316
-0.044351
-0.035991
-0.022784
0.078182
-0.149947
0.171341
-0.134991
-0.015367
0.045926
-0.029418
-0.019627
-0.005932
-0.026587
0.006400
0.017163
-0.075112
0.040565
-0.033041
-0.033321
0.055091
-0.067186
-0.010666
0.013514
-0.012332
-0.028286
0.000295
-0.022917
-0.000478
-0.009526
-0.029879
0.018375
-0.055221
0.034964
-0.038442
0.006047
-0.035377
0.002308
-0.015791
-0.006749
-0.025282
0.007212
-0.022188
-0.016650
0.015306
-0.049467
0.011576
-0.028628
0.000019
-0.002672
-0.037148
-0.055617
0.188125
-0.224367
-0.150777
0.407309
0.462193
-2.423125
2.313718
3.075691
1.879094
0.857834
-0.037222
0.110434
0.060391
0.041537
0.134564
0.314138
0.170110
0.549232
0.305899
0.112759
0.311068
0.386915
0.289208
0.214842
0.206218
0.221710
0.281559
0.145204
0.316193
0.200498
0.166708
0.301774
0.188403
0.164024
0.235925
0.258050
0.189681
0.220270
0.127069
0.211675
0.291469
0.157390
0.168829
0.193411
0.221304
0.192149
0.196980
0.171372
0.186105
0.211017
0.181164
0.193744
0.156037
0.197439
0.154945
0.222112
0.177446
0.137026
0.197178
0.166398
0.167044
0.168557
0.160037
0.170735
0.167501
0.157249
0.159255
0.157764
0.165966
0.158871
0.132515
0.171352
0.149635
0.112920
0.197137
0.128203
0.143395
0.148532
0.123476
0.130472
0.159043
0.114820
0.168798
0.126366
0.125536
0.133855
0.122182
0.152025
0.110298
0.094505
0.148295
0.126276
0.105880
0.111703
0.127935
0.098454
0.131367
0.113377
0.097592
0.111393
0.118527
0.109601
0.072584
0.140861
0.089818
0.089143
0.111016
0.119447
0.077746
0.112590
0.095296
0.111157
0.068698
0.099207
0.097242
0.096416
0.085945
0.095090
0.076679
0.107638
0.065490
0.058710
0.126206
0.071337
0.073268
0.068179
0.097500
0.088607
0.054551
0.075440
0.096107
0.068609
0.062836
0.074503
0.063402
0.111639
0.062817
0.034935
0.106035
0.068092
0.056536
0.051354
0.089931
0.061711
0.076548
0.031498
0.093624
0.061702
0.066246
0.047068
0.042555
0.091332
0.060673
0.025329
0.077240
0.064154
0.042241
0.048670
0.075144
0.053220
0.038285
0.048348
0.072635
0.050379
0.041472
0.053839
0.020604
0.103577
0.034577
0.016174
0.067735
0.049990
0.048234
0.020777
0.062842
0.032075
0.073417
0.014066
0.045734
0.056700
0.049875
0.027731
0.025860
0.073697
0.028203
0.019826
0.060480
0.034885
0.031053
0.047345
0.014564
0.070142
0.023077
0.025478
0.045651
0.033238
0.041594
0.010224
0.046251
0.037948
0.052132
-0.002523
0.062022
0.025007
0.037468
0.005382
0.046520
0.039265
0.025491
0.015370
0.044646
0.035792
0.025533
0.019376
0.007984
0.064303
0.027910
-0.000063
0.052245
0.038682
0.003182
0.039713
0.017098
0.022521
0.016946
0.021097
0.053335
0.023550
0.003368
0.026295
0.010104
0.057315
0.008693
-0.009962
0.056343
0.039576
-0.021277
0.035094
0.015329
0.035831
0.009258
0.015108
0.034926
0.019194
0.003105
0.015155
0.023524
0.035523
-0.000127
0.004668
0.059828
0.004901
0.003002
0.026533
0.016953
0.008914
0.022696
0.015333
0.023004
0.008337
0.025670
-0.004574
0.022869
0.019629
0.021200
-0.003361
0.035753
0.019156
-0.016738
0.034478
0.014783
0.006782
0.014804
0.000934
0.031928
0.000250
0.011526
0.014903
0.004382
0.040117
0.003396
-0.032212
0.055644
0.004090
0.007311
0.009439
0.005441
0.023672
0.000907
-0.001344
0.021490
0.023119
-0.001631
-0.000443
0.002876
0.050724
0.000420
-0.038033
0.047295
-0.001076
0.014099
-0.013114
0.035080
0.015556
-0.020348
0.007567
0.029757
0.004186
-0.004367
0.015953
0.003766
0.024669
-0.008201
-0.010927
0.030778
0.022498
-0.016259
-0.000088
0.030733
0.005693
0.001661
-0.006501
0.033176
-0.002627
0.010231
-0.006847
0.007598
0.021086
0.011931
-0.032134
0.039607
0.012155
-0.012622
-0.001826
0.012522
0.016047
0.007408
-0.007170
0.007673
0.013250
0.001933
-0.005638
-0.004541
0.025728
0.010238
-0.031594
0.047284
-0.002861
-0.008195
-0.001035
0.014926
-0.000967
-0.005071
0.012677
0.018474
-0.014303
0.009264
-0.009323
0.012449
0.032225
-0.018362
-0.013306
0.029905
0.003483
-0.012120
0.004991
0.000496
0.018786
-0.002700
-0.011895
0.015559
0.009223
0.002658
-0.010559
-0.006869
0.027797
0.002244
-0.028597
0.035711
0.014439
-0.038213
0.022818
-0.013738
0.026661
-0.017608
-0.006550
0.020441
0.007384
-0.017898
0.012327
-0.006423
0.016813
0.001127
-0.027694
0.023949
0.008946
-0.010424
-0.003804
0.000250
0.009791
0.007443
-0.015388
0.005913
0.015733
-0.021125
0.022587
-0.034976
0.033108
-0.001363
-0.015419
0.017660
0.020126
-0.034301
0.012433
-0.027296
0.042955
-0.013435
-0.000656
0.002881
0.011183
-0.004213
-0.007642
-0.014504
0.033303
0.002943
-0.035413
0.014133
0.023965
-0.016705
-0.015797
0.029131
-0.022249
0.008029
-0.009095
0.009192
0.009960
0.005954
-0.023275
-0.011591
0.041186
-0.009976
-0.029402
0.023524
0.009440
-0.026187
0.005358
0.004974
0.009060
-0.010624
-0.011880
0.013697
0.013104
-0.017016
-0.009297
0.006681
0.029569
-0.023872
-0.038421
0.029222
0.031776
-0.033796
0.005844
0.008327
-0.004970
-0.010573
-0.003385
0.005765
0.019566
-0.022431
0.006926
-0.027010
0.041216
-0.015280
-0.017839
0.019774
-0.009197
-0.002900
-0.003846
0.001046
-0.002539
0.010210
-0.017310
0.003614
0.009991
0.000392
-0.006807
-0.025734
0.037698
0.000639
-0.049939
0.039697
-0.011482
-0.012852
0.007625
0.008160
-0.027207
0.024004
-0.023544
0.028321
-0.013497
-0.005211
0.001962
-0.016158
0.014299
-0.000957
-0.028254
0.022946
0.010324
-0.010668
-0.018862
0.015930
0.006618
-0.022297
0.005976
-0.004155
0.005119
-0.002506
-0.009154
-0.002184
0.016276
-0.001249
-0.040291
0.034444
-0.002923
-0.018597
0.005754
-0.006834
0.015538
-0.011741
-0.025153
0.028945
0.001794
-0.012075
-0.018480
0.008131
0.023885
-0.011090
-0.041127
0.031564
0.017996
-0.040856
0.015372
-0.014032
0.013867
-0.007916
-0.013446
0.014821
-0.004396
-0.007368
0.000918
-0.005875
0.014227
-0.010378
-0.032367
0.041727
-0.009529
-0.027860
0.013381
0.001460
-0.009444
0.003391
-0.011096
-0.001536
0.014672
-0.003894
-0.018115
-0.006471
0.026821
-0.013977
-0.019675
0.005571
0.022672
-0.020451
-0.006551
0.007944
0.003090
-0.014536
-0.003193
0.011109
-0.006492
0.001967
-0.015192
0.006840
0.003677
-0.004633
-0.029076
0.015614
0.022392
-0.025920
-0.010605
0.002442
0.011881
-0.003522
-0.026172
0.024380
0.002695
-0.012299
-0.014200
-0.011383
0.033714
-0.010918
-0.032764
0.027568
0.010243
-0.032076
-0.001460
-0.008033
0.017629
-0.012004
-0.010775
0.029481
-0.032396
0.012086
-0.007082
-0.009370
0.010563
-0.001216
-0.024062
0.016879
-0.006113
0.007314
-0.024435
0.006169
0.002138
-0.000210
-0.023874
0.027001
-0.026455
0.021982
-0.024125
-0.014469
0.035783
-0.010798
-0.037406
0.034774
-0.005478
-0.017992
-0.003440
-0.003616
0.011462
-0.002334
-0.022404
0.013261
-0.005633
0.003167
-0.009620
-0.027902
0.035597
-0.004811
-0.038582
0.025476
0.004351
-0.016953
-0.002261
-0.008875
0.002943
0.014089
-0.027979
0.008487
0.000687
-0.005173
-0.011075
-0.022965
0.043105
-0.017084
-0.031686
0.025880
0.014903
-0.042890
0.016496
-0.021885
0.020874
-0.022118
0.006766
-0.008292
0.005703
-0.006386
-0.010139
-0.011531
0.032846
-0.022316
-0.027152
0.025347
-0.007867
-0.003343
-0.024788
0.022077
-0.011115
0.009922
-0.028018
0.006674
0.004165
-0.012978
0.001003
-0.019735
0.031251
-0.017496
-0.026675
0.015599
0.002496
-0.012435
-0.006083
-0.006979
0.011219
-0.008201
-0.012017
0.011246
-0.012184
0.007042
-0.031108
0.002860
0.012948
-0.002235
-0.041685
0.034608
0.007790
-0.024200
-0.023970
0.024057
-0.019570
0.015433
-0.034090
0.032143
-0.024673
0.002227
-0.004779
-0.028387
0.035861
-0.005733
-0.039306
0.017804
0.010626
-0.023006
-0.010805
0.017386
-0.000475
-0.015380
-0.018973
0.009640
0.006644
-0.003340
-0.026217
-0.014395
0.039078
-0.014600
-0.045875
0.037299
0.005832
-0.023058
-0.022793
0.013280
0.009183
-0.015102
-0.019811
0.010122
-0.010074
0.009784
-0.020273
0.001206
-0.002901
0.009766
-0.042697
0.026730
-0.006926
-0.002173
-0.019332
0.005749
-0.010177
0.005024
-0.023453
0.002781
0.015424
-0.016943
-0.009429
-0.014051
0.018102
0.000622
-0.039949
0.021494
-0.000795
-0.015014
-0.004921
-0.005156
-0.001534
-0.011940
-0.009201
0.020681
-0.021907
0.010703
-0.020947
-0.017923
0.028650
-0.018324
-0.029567
0.023610
-0.004113
-0.020642
0.000571
-0.008565
0.012547
-0.017392
-0.008814
0.002527
0.001756
-0.022694
0.004368
-0.027094
0.038614
-0.026143
-0.030924
0.029752
-0.012389
-0.012347
-0.006869
0.002334
-0.010193
0.001414
-0.023283
0.005755
-0.002811
-0.004133
-0.005676
-0.035766
0.042462
-0.022584
-0.026572
0.013888
0.007856
-0.034634
0.015101
-0.035358
0.043885
-0.066415
0.052862
-0.105568
0.148674
-0.125636
0.033365
-0.032741
0.038204
-0.011133
-0.052085
0.035790
-0.009368
-0.012999
-0.020860
0.017318
-0.017675
-0.010298
-0.006864
-0.003701
-0.000550
-0.002164
-0.011851
-0.021258
0.029920
-0.043884
0.003771
-0.003703
-0.000403
-0.016445
-0.004250
-0.004641
-0.011573
-0.002133
-0.011395
0.003228
-0.005421
-0.017742
-0.011456
-0.012040
0.026890
-0.031304
-0.017468
0.009008
0.009181
-0.033525
-0.011165
0.011904
-0.019968
-0.000367
-0.022405
0.017288
-0.021180
0.007420
-0.036678
0.000851
0.019830
-0.023596
-0.036770
0.024137
0.003856
-0.011791
-0.041561
0.009842
0.009360
0.023801
-0.157679
0.173767
-0.064659
-0.051196
-0.019912
-0.013064
0.027423
-0.008826
-0.042689
0.009282
0.012790
-0.047418
0.019963
-0.016738
-0.031227
0.021402
-0.030157
-0.003694
-0.015051
-0.008644
-0.008122
-0.016864
-0.010005
0.001847
-0.043271
0.007613
0.013902
-0.046227
0.001325
-0.011030
-0.005217
-0.017429
-0.012401
-0.012223
-0.006688
-0.018344
-0.010206
-0.019071
-0.003642
-0.005906
-0.033031
-0.001902
0.004313
-0.035097
-0.005210
-0.014911
0.001915
-0.021945
0.001004
-0.026412
0.006160
-0.026705
-0.004557
-0.026295
-0.007898
0.002188
-0.052228
0.021206
-0.016512
-0.024722
-0.004650
-0.014370
-0.011134
-0.064169
0.107934
-0.175025
0.121242
-0.220257
0.656370
-1.458689
1.619276
