-0.000832
-0.000802
-0.000778
-0.000759
-0.000746
-0.000737
-0.000733
-0.000732
-0.000734
-0.000738
-0.000742
-0.000744
-0.000743
-0.000737
-0.000723
-0.000699
-0.000660
-0.000603
-0.000523
-0.000414
-0.000271
-0.000085
0.000152
0.000449
0.000818
0.001272
0.001824
0.002491
0.003289
0.004238
0.005358
0.006670
0.008199
0.009966
0.011996
0.014314
0.016943
0.019906
0.023223
0.026913
0.030991
0.035468
0.040350
0.045638
0.051328
0.057406
0.063853
0.070643
0.077741
0.085103
0.092681
0.100418
0.108249
0.116108
0.123920
0.131609
0.139099
0.146312
0.153172
0.159606
0.165547
0.170933
0.175710
0.179834
0.183269
0.185991
0.187987
0.189255
0.189802
0.189650
0.188826
0.187370
0.185327
0.182749
0.179695
0.176227
0.172407
0.168300
0.163969
0.159478
0.154884
0.150243
0.145604
0.141013
0.136510
0.132126
0.127890
0.123824
0.119943
0.116259
0.112776
0.109499
0.106423
0.103546
0.100859
0.098353
0.096018
0.093841
0.091810
0.089913
0.088137
0.086471
0.084902
0.083421
0.082017
0.080680
0.079404
0.078180
0.077002
0.075865
0.074763
0.073692
0.072649
0.071631
0.070636
0.069660
0.068703
0.067762
0.066837
0.065927
0.065030
0.064147
0.063276
0.062417
0.061570
0.060734
0.059909
0.059094
0.058291
0.057497
0.056714
0.055941
0.055178
0.054426
0.053683
0.052950
0.052227
0.051514
0.050810
0.050117
0.049433
0.048759
0.048095
0.047440
0.046795
0.046159
0.045533
0.044916
0.044307
0.043707
0.043116
0.042533
0.041959
0.041392
0.040833
0.040281
0.039737
0.039199
0.038668
0.038144
0.037627
0.037116
0.036611
0.036112
0.035618
0.035131
0.034650
0.034174
0.033704
0.033240
0.032781
0.032328
0.031880
0.031438
0.031002
0.030572
0.030146
0.029727
0.029314
0.028906
0.028503
0.028107
0.027717
0.027332
0.026953
0.026580
0.026213
0.025852
0.025497
0.025147
0.024804
0.024466
0.024134
0.023807
0.023486
0.023170
0.022860
0.022555
0.022256
0.021961
0.021671
0.021386
0.021107
0.020831
0.020561
0.020296
0.020035
0.019779
0.019527
0.019281
0.019039
0.018802
0.018570
0.018343
0.018120
0.017903
0.017690
0.017482
0.017279
0.017081
0.016887
0.016697
0.016512
0.016330
0.016153
0.015978
0.015807
0.015639
0.015473
0.015309
0.015148
0.014987
0.014828
0.014669
0.014511
0.014353
0.014195
0.014036
0.013878
0.013718
0.013558
0.013396
0.013234
0.013071
0.012907
0.012743
0.012578
0.012412
0.012246
0.012080
0.011914
0.011749
0.011584
0.011419
0.011256
0.011094
0.010934
0.010775
0.010618
0.010463
0.010310
0.010160
0.010012
0.009867
0.009725
0.009585
0.009448
0.009313
0.009181
0.009052
0.008925
0.008801
0.008679
0.008559
0.008441
0.008325
0.008211
0.008099
0.007989
0.007880
0.007773
0.007668
0.007565
0.007463
0.007364
0.007266
0.007171
0.007079
0.006989
0.006902
0.006818
0.006738
0.006661
0.006588
0.006519
0.006455
0.006394
0.006338
0.006287
0.006240
0.006197
0.006158
0.006123
0.006091
0.006063
0.006037
0.006014
0.005992
0.005971
0.005951
0.005931
0.005911
0.005889
0.005866
0.005840
0.005811
0.005780
0.005745
0.005706
0.005664
0.005617
0.005566
0.005511
0.005452
0.005389
0.005322
0.005252
0.005179
0.005104
0.005026
0.004946
0.004864
0.004781
0.004697
0.004613
0.004528
0.004444
0.004359
0.004276
0.004193
0.004111
0.004029
0.003949
0.003870
0.003792
0.003715
0.003640
0.003565
0.003491
0.003418
0.003346
0.003275
0.003204
0.003134
0.003065
0.002996
0.002929
0.002861
0.002795
0.002729
0.002664
0.002599
0.002536
0.002473
0.002412
0.002352
0.002293
0.002235
0.002179
0.002124
0.002071
0.002019
0.001970
0.001922
0.001877
0.001833
0.001792
0.001752
0.001716
0.001681
0.001649
0.001619
0.001592
0.001567
0.001545
0.001526
0.001509
0.001494
0.001482
0.001473
0.001465
0.001461
0.001458
0.001457
0.001458
0.001460
0.001464
0.001469
0.001475
0.001481
0.001487
0.001493
0.001498
0.001502
0.001505
0.001506
0.001505
0.001502
0.001496
0.001486
0.001474
0.001458
0.001439
0.001416
0.001390
0.001360
0.001326
0.001289
0.001249
0.001206
0.001160
0.001112
0.001061
0.001008
0.000954
0.000899
0.000843
0.000786
0.000728
0.000671
0.000614
0.000557
0.000502
0.000447
0.000393
0.000340
0.000289
0.000240
0.000192
0.000145
0.000101
0.000058
0.000018
-0.000021
-0.000058
-0.000094
-0.000127
-0.000159
-0.000189
-0.000217
-0.000243
-0.000268
-0.000291
-0.000313
-0.000334
-0.000353
-0.000370
-0.000387
-0.000403
-0.000417
-0.000431
-0.000443
-0.000455
-0.000466
-0.000477
-0.000487
-0.000497
-0.000506
-0.000515
-0.000524
-0.000533
-0.000543
-0.000552
-0.000561
-0.000571
-0.000582
-0.000592
-0.000604
-0.000615
-0.000628
-0.000641
-0.000654
-0.000668
-0.000683
-0.000697
-0.000713
-0.000728
-0.000744
-0.000759
-0.000775
-0.000790
-0.000805
-0.000820
-0.000833
-0.000846
-0.000858
-0.000869
-0.000878
-0.000886
-0.000892
-0.000897
-0.000900
-0.000901
-0.000901
-0.000898
-0.000893
-0.000887
-0.000879
-0.000868
-0.000857
-0.000843
-0.000829
-0.000813
-0.000796
-0.000778
-0.000760
-0.000742
-0.000723
-0.000705
-0.000687
-0.000670
-0.000654
-0.000639
-0.000625
-0.000613
-0.000602
-0.000593
-0.000586
-0.000581
-0.000578
-0.000577
-0.000577
-0.000580
-0.000583
-0.000589
-0.000595
-0.000603
-0.000612
-0.000622
-0.000632
-0.000642
-0.000653
-0.000664
-0.000675
-0.000685
-0.000695
-0.000705
-0.000714
-0.000722
-0.000730
-0.000737
-0.000743
-0.000749
-0.000755
-0.000759
-0.000764
-0.000768
-0.000772
-0.000775
-0.000779
-0.000782
-0.000786
-0.000790
-0.000794
-0.000799
-0.000804
-0.000809
-0.000815
-0.000821
-0.000828
-0.000835
-0.000842
-0.000850
-0.000858
-0.000866
-0.000874
-0.000883
-0.000891
-0.000900
-0.000908
-0.000916
-0.000924
-0.000932
-0.000940
-0.000948
-0.000955
-0.000962
-0.000969
-0.000975
-0.000982
-0.000988
-0.000993
-0.000999
-0.001004
-0.001009
-0.001014
-0.001019
-0.001023
-0.001028
-0.001032
-0.001036
-0.001040
-0.001043
-0.001047
-0.001051
-0.001054
-0.001057
-0.001060
-0.001063
-0.001066
-0.001069
-0.001071
-0.001073
-0.001075
-0.001077
-0.001078
-0.001079
-0.001080
-0.001080
-0.001080
-0.001079
-0.001077
-0.001075
-0.001072
-0.001069
-0.001064
-0.001059
-0.001052
-0.001045
-0.001037
-0.001027
-0.001017
-0.001005
-0.000993
-0.000979
-0.000964
-0.000949
-0.000932
-0.000915
-0.000896
-0.000877
-0.000858
-0.000838
-0.000818
-0.000798
-0.000778
-0.000758
-0.000739
-0.000720
-0.000701
-0.000683
-0.000666
-0.000650
-0.000635
-0.000621
-0.000609
-0.000597
-0.000586
-0.000577
-0.000568
-0.000561
-0.000555
-0.000549
-0.000545
-0.000541
-0.000538
-0.000535
-0.000533
-0.000532
-0.000531
-0.000530
-0.000529
-0.000528
-0.000528
-0.000527
-0.000527
-0.000527
-0.000527
-0.000526
-0.000526
-0.000526
-0.000526
-0.000526
-0.000526
-0.000527
-0.000527
-0.000528
-0.000529
-0.000530
-0.000531
-0.000533
-0.000534
-0.000536
-0.000538
-0.000540
-0.000542
-0.000544
-0.000546
-0.000548
-0.000550
-0.000552
-0.000553
-0.000554
-0.000555
-0.000555
-0.000555
-0.000554
-0.000552
-0.000550
-0.000547
-0.000544
-0.000539
-0.000534
-0.000528
-0.000521
-0.000513
-0.000505
-0.000495
-0.000485
-0.000474
-0.000462
-0.000450
-0.000437
-0.000424
-0.000410
-0.000396
-0.000382
-0.000368
-0.000354
-0.000340
-0.000327
-0.000314
-0.000301
-0.000290
-0.000279
-0.000269
-0.000260
-0.000252
-0.000245
-0.000238
-0.000233
-0.000229
-0.000226
-0.000224
-0.000222
-0.000221
-0.000221
-0.000221
-0.000222
-0.000223
-0.000224
-0.000226
-0.000227
-0.000228
-0.000229
-0.000229
-0.000229
-0.000229
-0.000227
-0.000226
-0.000223
-0.000219
-0.000215
-0.000210
-0.000203
-0.000196
-0.000187
-0.000178
-0.000167
-0.000155
-0.000142
-0.000128
-0.000113
-0.000097
-0.000080
-0.000063
-0.000044
-0.000026
-0.000006
0.000013
0.000033
0.000053
0.000072
0.000091
0.000109
0.000127
0.000143
0.000159
0.000173
0.000186
0.000197
0.000206
0.000214
0.000220
0.000224
0.000226
0.000226
0.000224
0.000221
0.000215
0.000208
0.000200
0.000189
0.000178
0.000165
0.000152
0.000137
0.000122
0.000106
0.000090
0.000074
0.000057
0.000041
0.000025
0.000009
-0.000006
-0.000021
-0.000035
-0.000048
-0.000061
-0.000073
-0.000084
-0.000094
-0.000103
-0.000111
-0.000118
-0.000125
-0.000131
-0.000136
-0.000140
-0.000143
-0.000146
-0.000149
-0.000151
-0.000152
-0.000153
-0.000154
-0.000155
-0.000155
-0.000155
-0.000156
-0.000156
-0.000156
-0.000156
-0.000157
-0.000157
-0.000158
-0.000159
-0.000160
-0.000161
-0.000163
-0.000165
-0.000167
-0.000169
-0.000172
-0.000174
-0.000177
-0.000180
-0.000184
-0.000187
-0.000190
-0.000194
-0.000197
-0.000201
-0.000204
-0.000208
-0.000211
-0.000214
-0.000217
-0.000220
-0.000223
-0.000225
-0.000227
-0.000229
-0.000230
-0.000231
-0.000231
-0.000232
-0.000231
-0.000230
-0.000229
-0.000228
-0.000226
-0.000223
-0.000221
-0.000218
-0.000214
-0.000211
-0.000207
-0.000203
-0.000198
-0.000194
-0.000189
-0.000184
-0.000179
-0.000174
-0.000169
-0.000163
-0.000158
-0.000152
-0.000146
-0.000141
-0.000135
-0.000130
-0.000124
-0.000119
-0.000113
-0.000108
-0.000103
-0.000099
-0.000095
-0.000091
-0.000088
-0.000086
-0.000084
-0.000083
-0.000083
-0.000084
-0.000086
-0.000090
-0.000094
-0.000100
-0.000107
-0.000116
-0.000126
-0.000137
-0.000151
-0.000166
-0.000183
-0.000202
-0.000222
-0.000245
-0.000269
-0.000296
-0.000324
-0.000355
-0.000387
-0.000422
-0.000458
-0.000497
-0.000537
-0.000578
-0.000622
-0.000667
-0.000713
-0.000760
-0.000808
-0.000857
-0.000906
-0.000956
-0.001005
-0.001055
-0.001103
-0.001152
-0.001199
-0.001245
-0.001290
-0.001333
-0.001375
-0.001415
-0.001453
-0.001489
-0.001524
-0.001557
-0.001588
-0.001617
-0.001645
-0.001672
-0.001697
-0.001721
-0.001744
-0.001765
-0.001787
-0.001807
-0.001827
-0.001847
-0.001866
-0.001885
-0.001904
-0.001923
-0.001942
-0.001961
-0.001980
-0.001999
-0.002017
-0.002035
-0.002053
-0.002070
-0.002085
-0.002100
-0.002113
-0.002125
-0.002135
-0.002142
-0.002146
-0.002148
-0.002146
-0.002140
-0.002131
-0.002117
-0.002099
-0.002076
-0.002048
-0.002015
-0.001977
-0.001935
-0.001888
-0.001836
-0.001780
-0.001721
-0.001658
-0.001593
-0.001526
-0.001458
-0.001389
-0.001320
-0.001253
-0.001187
-0.001124
-0.001064
-0.001007
-0.000956
-0.000909
-0.000868
