-0.344452
0.052545
-0.068365
-0.008511
0.020501
-0.010555
-0.034423
0.000878
0.023717
-0.064687
0.076300
-0.077414
0.001511
0.004361
-0.006034
-0.004502
-0.016589
-0.012674
-0.001796
-0.002130
-0.035179
0.027456
-0.031474
-0.006328
0.005943
-0.027647
0.014103
-0.034000
0.020664
-0.037928
0.004863
-0.004942
-0.001953
-0.024310
0.003504
-0.013430
-0.012663
0.000154
-0.018423
-0.007374
-0.001856
-0.008971
-0.010238
-0.006076
-0.018961
0.001297
-0.022245
0.005634
-0.011127
-0.014723
-0.000872
-0.014856
-0.009620
0.014866
-0.061233
0.020321
0.079714
-0.180634
-0.044150
0.472338
-0.318297
-1.146041
2.531220
1.668557
1.295768
0.681142
0.390911
0.376869
0.140327
-0.008141
0.180932
0.235218
0.169173
0.258437
0.143931
0.042019
0.210482
0.235004
0.104302
0.131866
0.141917
0.096727
0.175489
0.088744
0.164404
0.081627
0.108966
0.176594
0.081312
0.075329
0.163065
0.146122
0.091074
0.100169
0.085103
0.109198
0.152238
0.074509
0.062193
0.109072
0.124992
0.075558
0.091086
0.095119
0.092467
0.098907
0.081626
0.075510
0.109716
0.072549
0.073284
0.096550
0.063320
0.077841
0.091467
0.072992
0.072033
0.075278
0.062096
0.087156
0.069307
0.061176
0.085647
0.057225
0.077859
0.035118
0.087071
0.065270
0.077950
0.023923
0.092932
0.051614
0.064593
0.047064
0.071340
0.053308
0.066452
0.040557
0.050815
0.066507
0.046916
0.027540
0.065317
0.076842
0.036758
0.049029
0.046740
0.054100
0.046164
0.041375
0.043756
0.049235
0.041311
0.042132
0.037321
0.053235
0.037775
0.026124
0.046612
0.041082
0.039222
0.027157
0.059281
0.018983
0.039136
0.034643
0.040249
0.031343
0.039307
0.022806
0.050351
0.021992
0.044874
0.004453
0.053350
0.045267
0.014050
0.017692
0.058182
0.016342
0.019822
0.023202
0.050292
0.000700
0.046440
0.003693
0.059041
0.004942
0.020789
0.028868
0.029611
0.026274
0.006033
0.023505
0.033150
0.042564
0.001044
0.003666
0.047455
0.016739
0.021806
-0.010245
0.077659
-0.008450
0.022090
0.002305
0.040543
0.021639
0.007179
0.010324
0.023389
0.024027
0.024865
0.001381
0.023197
0.018708
0.003946
0.022424
0.018349
0.018842
0.004012
0.021914
0.012117
0.013948
0.015476
0.009530
0.025917
0.000317
0.014112
0.011276
0.017998
-0.000317
0.020955
0.013348
0.023014
-0.000219
0.021660
-0.017225
0.030623
0.027074
-0.001773
-0.002038
0.021320
0.003338
0.010656
0.009613
0.000648
0.014087
0.004278
0.019819
0.018157
0.001776
0.004681
0.005137
0.016551
0.007956
0.006336
-0.009930
0.032003
0.001190
-0.001764
0.013478
0.011985
-0.003465
-0.005220
0.024741
0.008988
-0.001292
0.003121
0.008338
0.007767
0.008891
0.007713
-0.021967
0.044610
-0.001737
-0.020492
0.012443
0.022689
-0.009496
-0.011263
0.026217
0.011012
-0.001141
-0.018099
0.014713
0.006496
0.025710
-0.038521
0.014604
0.009342
0.010776
-0.019863
0.008769
0.005902
0.016976
-0.016931
0.017745
0.006348
-0.005814
-0.016325
0.019229
0.004185
-0.003286
-0.005828
0.007749
0.014477
-0.000394
-0.024790
0.010227
0.011692
-0.005604
0.001670
-0.009843
0.027121
-0.016484
0.013239
-0.028374
0.017555
0.026102
-0.021377
-0.030765
0.027792
0.021636
-0.029133
0.003624
-0.001259
0.004977
-0.000455
0.007771
-0.006462
0.008101
-0.010428
-0.006045
0.000505
0.003983
-0.007251
-0.007257
0.019723
-0.005063
-0.018087
-0.002350
0.013434
-0.003700
-0.015239
-0.005435
0.017640
0.000883
-0.028400
-0.001883
0.008985
0.020761
-0.033037
0.004623
0.006245
-0.000897
-0.010753
-0.007806
0.009427
-0.001273
-0.005889
-0.012720
0.013646
-0.013389
-0.001962
-0.009017
0.001088
0.020656
-0.038179
0.005268
0.010682
-0.001003
-0.022804
0.011293
-0.017412
0.017361
-0.030121
0.013183
0.001370
-0.010146
-0.002497
-0.009342
0.000680
0.000525
-0.009404
-0.021896
0.018985
-0.008564
-0.007502
0.001054
-0.004557
0.006082
-0.013928
-0.003208
0.002591
0.002624
-0.009573
-0.020855
0.006883
0.013474
-0.012315
-0.018506
0.002215
0.003197
-0.011645
0.004681
-0.015574
0.004577
-0.013445
0.013865
-0.019249
0.011658
-0.014651
-0.021002
0.026596
-0.004164
-0.024123
-0.001900
0.005635
0.000446
-0.022979
0.005825
0.000867
-0.004484
-0.006560
-0.018297
0.000739
0.011332
-0.011979
-0.020968
0.008044
0.005889
-0.025665
0.001395
0.011158
-0.011516
-0.007181
-0.009245
-0.002795
0.002274
-0.011615
-0.000364
-0.015886
0.008596
-0.002060
-0.018179
-0.000342
0.005478
-0.017767
-0.006321
0.004174
0.003334
-0.017117
-0.000717
-0.017552
0.009118
-0.010555
-0.006862
-0.000587
0.001492
-0.002692
-0.019896
-0.007248
0.011867
-0.022918
0.000373
0.020230
-0.027029
-0.018748
0.010717
0.003550
-0.023357
-0.011367
0.015233
0.001252
-0.008289
-0.031335
0.017603
-0.009690
0.004829
-0.023501
-0.006715
0.002703
-0.002604
-0.017350
0.014280
-0.009528
-0.009841
-0.007612
-0.016451
0.013798
-0.003331
-0.017600
-0.010607
0.007230
0.008959
-0.013789
-0.027344
0.013287
-0.002982
-0.013688
-0.008110
0.003304
-0.013217
0.001141
-0.013095
-0.002578
-0.003960
-0.002969
-0.006883
-0.001148
-0.001068
-0.017864
-0.013798
0.019633
-0.014603
-0.019372
0.012493
-0.000136
-0.007417
-0.025055
0.006084
0.008823
-0.010117
-0.012297
-0.020783
0.020900
-0.008208
-0.016684
-0.017437
0.022947
-0.013986
-0.009132
-0.014588
0.013335
-0.013900
-0.011291
0.004029
-0.003938
-0.001568
-0.018747
-0.005188
-0.001843
0.004775
-0.027972
0.015541
-0.001846
-0.022713
-0.006538
-0.007437
0.010960
0.003745
-0.032363
-0.008044
0.013015
0.008615
-0.030820
-0.010901
0.002415
0.022755
-0.026407
-0.029025
0.025331
-0.008388
-0.005351
-0.006002
-0.011385
0.007627
0.000504
-0.010063
0.000884
-0.005787
-0.013511
-0.015525
0.027923
-0.016044
-0.004824
-0.015391
0.011072
-0.012629
-0.011606
-0.011205
0.010742
-0.003930
-0.011865
-0.005342
-0.002314
-0.010900
-0.003118
-0.011398
-0.011771
0.028161
-0.037348
0.004224
-0.000085
0.005353
-0.014466
-0.024220
0.009006
0.007177
-0.011295
-0.025505
0.005766
0.006473
-0.011804
-0.016922
0.001503
0.021368
-0.033710
-0.008417
0.007347
-0.009009
-0.006969
-0.008551
0.010800
-0.020899
0.005255
-0.016369
0.012616
-0.014922
0.004236
-0.023708
-0.000320
0.018213
-0.036025
-0.002549
0.013970
0.008361
-0.022979
0.009708
-0.003167
-0.010652
0.000148
-0.017083
0.000235
0.004539
-0.014369
-0.016478
0.016400
-0.000441
-0.015978
-0.019268
0.021020
-0.016926
-0.009574
-0.001669
0.004926
-0.013509
-0.006292
0.001600
-0.015384
0.002725
0.002648
-0.026869
0.011287
-0.007337
-0.004941
-0.013721
0.011636
-0.015254
-0.005515
-0.009210
0.004874
-0.005873
-0.012251
0.003039
-0.017502
0.015445
-0.023142
-0.004117
0.003447
0.002876
-0.016442
-0.022068
0.022665
-0.013462
-0.014170
0.000778
-0.003961
-0.007421
0.002591
-0.022127
0.006874
-0.004586
0.003401
-0.029022
-0.008170
0.017050
0.000037
-0.030953
0.022807
-0.021949
-0.002373
-0.000579
-0.008622
-0.003565
-0.004729
-0.016154
0.012683
-0.011547
-0.006858
-0.015063
0.004834
0.003699
-0.025691
0.000600
0.013466
-0.010288
-0.013718
-0.005393
0.000516
-0.011894
-0.006218
-0.001786
0.008638
-0.016177
-0.007321
-0.007655
-0.004052
0.007693
-0.014798
-0.011423
0.010743
-0.009465
-0.015284
-0.009644
0.013068
-0.019262
-0.001747
0.003142
-0.008223
0.010058
-0.021087
-0.012808
0.004091
0.008153
-0.012224
-0.015723
0.016573
-0.016779
-0.008292
-0.001060
0.004835
-0.017378
-0.007970
-0.009929
0.019077
-0.018112
-0.001451
-0.012700
-0.002670
0.007089
-0.007808
-0.027576
0.018280
-0.004311
-0.016112
0.000461
-0.013851
0.010120
-0.022781
0.007247
-0.006300
-0.003698
-0.010410
-0.002439
-0.005958
0.005111
-0.022118
-0.011178
0.030697
-0.030631
-0.006939
-0.005387
0.000532
-0.000930
-0.025301
0.010590
-0.009295
0.000399
-0.001999
-0.024498
0.006630
0.003480
-0.016349
-0.016342
0.029660
-0.028268
-0.006693
-0.009200
0.006831
-0.008891
-0.007068
-0.010698
-0.001969
0.001963
-0.015212
-0.008530
-0.000050
0.005393
-0.007003
-0.029137
0.014470
0.002725
-0.026741
0.002191
-0.006569
0.004195
-0.014289
-0.003699
-0.013058
0.006519
-0.009139
-0.008057
-0.014062
0.014594
-0.021062
-0.016390
0.025443
-0.013953
-0.013809
-0.007039
-0.003510
-0.014625
0.009695
-0.018215
0.005244
-0.003683
-0.023288
0.013523
-0.024888
0.014359
-0.019714
0.005347
-0.016461
0.009539
-0.028918
0.015435
-0.017433
0.001099
-0.007543
-0.020767
0.009178
-0.006705
0.004263
-0.038332
0.023616
-0.002103
-0.025103
-0.009480
0.018846
-0.011933
-0.016623
-0.009499
0.000974
0.004798
-0.020284
-0.008822
0.001020
0.003567
-0.017084
-0.018124
0.017138
-0.008529
-0.012745
-0.014918
0.009234
-0.007842
-0.012611
-0.005558
-0.007840
0.005865
-0.019115
-0.003277
-0.000570
-0.008914
-0.002143
-0.012978
-0.011830
0.011636
-0.016437
-0.006081
0.005550
-0.006329
-0.028350
0.006068
-0.010748
0.018812
-0.044355
0.031679
-0.059495
0.079753
-0.091170
0.034005
-0.019427
0.015767
-0.026090
-0.013052
0.015460
-0.005663
-0.030171
0.007363
0.002234
-0.011713
-0.008509
0.004972
-0.028372
0.031074
-0.033932
-0.006752
-0.002706
0.012687
-0.027797
-0.002474
0.000167
-0.004808
-0.015549
-0.003842
0.007381
-0.014549
-0.003701
-0.024926
0.008627
0.003325
-0.011390
-0.028395
0.018568
-0.013834
-0.014282
0.008424
-0.015454
-0.001859
-0.006035
-0.017154
-0.003983
-0.000122
-0.014772
0.005445
-0.019679
0.011682
-0.016489
-0.018557
0.006314
0.011103
-0.033868
-0.002846
-0.008531
0.011728
-0.017243
-0.018069
0.009908
0.008905
-0.028572
-0.054684
0.117094
-0.096173
0.003947
-0.041877
0.007315
0.021559
-0.031089
-0.008119
0.007557
-0.017790
-0.016642
0.014047
-0.027933
-0.014473
0.007104
-0.001381
-0.020992
-0.009154
-0.003107
-0.002645
-0.017264
-0.005210
-0.002951
-0.022289
0.000593
0.002374
-0.029347
0.003206
-0.012594
0.004077
-0.038134
0.012647
-0.009228
-0.009317
-0.014081
-0.005303
-0.007476
-0.003087
-0.034467
0.004363
0.007367
-0.024364
-0.014338
0.001342
-0.016416
0.006969
-0.028176
-0.005028
-0.007112
0.002435
-0.026744
-0.002944
-0.012725
0.004725
-0.015163
-0.021886
0.008705
-0.009231
-0.029798
0.000747
-0.004912
-0.004723
-0.050268
0.064840
-0.083597
0.041905
-0.103310
0.316352
-0.728406
0.813721
