-0.000693
-0.000656
-0.000624
-0.000597
-0.000574
-0.000555
-0.000539
-0.000527
-0.000518
-0.000511
-0.000504
-0.000497
-0.000489
-0.000478
-0.000462
-0.000439
-0.000407
-0.000363
-0.000305
-0.000228
-0.000128
0.000000
0.000161
0.000361
0.000607
0.000908
0.001272
0.001709
0.002230
0.002846
0.003569
0.004413
0.005390
0.006516
0.007803
0.009266
0.010918
0.012771
0.014837
0.017124
0.019641
0.022390
0.025375
0.028594
0.032040
0.035704
0.039573
0.043626
0.047843
0.052195
0.056652
0.061178
0.065734
0.070281
0.074775
0.079172
0.083428
0.087498
0.091341
0.094917
0.098190
0.101126
0.103698
0.105885
0.107669
0.109041
0.109996
0.110537
0.110672
0.110414
0.109784
0.108804
0.107503
0.105911
0.104061
0.101989
0.099729
0.097318
0.094790
0.092179
0.089516
0.086831
0.084151
0.081498
0.078893
0.076355
0.073896
0.071529
0.069261
0.067099
0.065045
0.063101
0.061266
0.059539
0.057915
0.056390
0.054960
0.053618
0.052359
0.051177
0.050065
0.049018
0.048030
0.047095
0.046208
0.045366
0.044562
0.043794
0.043058
0.042349
0.041667
0.041007
0.040367
0.039747
0.039142
0.038553
0.037977
0.037414
0.036862
0.036321
0.035790
0.035268
0.034754
0.034249
0.033752
0.033263
0.032781
0.032307
0.031840
0.031381
0.030928
0.030483
0.030046
0.029615
0.029192
0.028776
0.028368
0.027967
0.027573
0.027186
0.026806
0.026434
0.026068
0.025710
0.025357
0.025012
0.024672
0.024339
0.024012
0.023690
0.023373
0.023062
0.022755
0.022453
0.022156
0.021862
0.021573
0.021287
0.021004
0.020725
0.020450
0.020177
0.019907
0.019640
0.019376
0.019115
0.018856
0.018601
0.018348
0.018098
0.017851
0.017607
0.017366
0.017128
0.016894
0.016663
0.016435
0.016211
0.015990
0.015773
0.015559
0.015350
0.015144
0.014941
0.014743
0.014548
0.014357
0.014169
0.013984
0.013803
0.013625
0.013451
0.013279
0.013109
0.012942
0.012778
0.012615
0.012454
0.012295
0.012138
0.011981
0.011826
0.011672
0.011518
0.011365
0.011213
0.011061
0.010910
0.010759
0.010609
0.010459
0.010310
0.010161
0.010013
0.009867
0.009721
0.009576
0.009432
0.009290
0.009150
0.009011
0.008874
0.008739
0.008606
0.008475
0.008347
0.008221
0.008097
0.007975
0.007857
0.007740
0.007626
0.007514
0.007405
0.007298
0.007193
0.007091
0.006990
0.006891
0.006794
0.006699
0.006606
0.006514
0.006423
0.006334
0.006246
0.006160
0.006074
0.005990
0.005907
0.005824
0.005743
0.005664
0.005585
0.005507
0.005430
0.005355
0.005280
0.005207
0.005135
0.005064
0.004994
0.004925
0.004857
0.004791
0.004725
0.004659
0.004595
0.004531
0.004468
0.004405
0.004343
0.004281
0.004219
0.004157
0.004095
0.004033
0.003972
0.003910
0.003848
0.003786
0.003724
0.003662
0.003600
0.003539
0.003477
0.003415
0.003354
0.003293
0.003233
0.003172
0.003113
0.003054
0.002995
0.002937
0.002880
0.002823
0.002767
0.002711
0.002656
0.002602
0.002549
0.002496
0.002443
0.002391
0.002340
0.002289
0.002238
0.002188
0.002138
0.002089
0.002041
0.001992
0.001945
0.001898
0.001851
0.001805
0.001760
0.001715
0.001671
0.001628
0.001586
0.001545
0.001505
0.001466
0.001427
0.001390
0.001354
0.001318
0.001284
0.001250
0.001217
0.001185
0.001154
0.001123
0.001093
0.001063
0.001033
0.001004
0.000974
0.000945
0.000916
0.000887
0.000857
0.000828
0.000798
0.000768
0.000738
0.000708
0.000678
0.000648
0.000618
0.000587
0.000557
0.000527
0.000497
0.000468
0.000438
0.000409
0.000381
0.000353
0.000325
0.000298
0.000271
0.000245
0.000220
0.000195
0.000171
0.000147
0.000123
0.000100
0.000078
0.000056
0.000035
0.000014
-0.000006
-0.000026
-0.000046
-0.000065
-0.000084
-0.000102
-0.000121
-0.000139
-0.000156
-0.000173
-0.000191
-0.000208
-0.000224
-0.000241
-0.000258
-0.000274
-0.000291
-0.000308
-0.000324
-0.000341
-0.000357
-0.000374
-0.000391
-0.000407
-0.000424
-0.000440
-0.000457
-0.000473
-0.000488
-0.000504
-0.000519
-0.000533
-0.000547
-0.000560
-0.000572
-0.000583
-0.000594
-0.000603
-0.000612
-0.000619
-0.000625
-0.000630
-0.000634
-0.000637
-0.000638
-0.000639
-0.000639
-0.000638
-0.000637
-0.000635
-0.000632
-0.000630
-0.000627
-0.000625
-0.000623
-0.000621
-0.000620
-0.000620
-0.000620
-0.000622
-0.000625
-0.000629
-0.000634
-0.000641
-0.000649
-0.000658
-0.000669
-0.000681
-0.000695
-0.000709
-0.000725
-0.000741
-0.000759
-0.000777
-0.000796
-0.000816
-0.000835
-0.000856
-0.000876
-0.000896
-0.000917
-0.000937
-0.000958
-0.000978
-0.000997
-0.001017
-0.001036
-0.001055
-0.001074
-0.001092
-0.001110
-0.001127
-0.001145
-0.001161
-0.001178
-0.001194
-0.001209
-0.001224
-0.001239
-0.001254
-0.001268
-0.001281
-0.001294
-0.001307
-0.001320
-0.001332
-0.001343
-0.001354
-0.001365
-0.001375
-0.001385
-0.001395
-0.001404
-0.001413
-0.001422
-0.001430
-0.001438
-0.001446
-0.001454
-0.001462
-0.001469
-0.001477
-0.001484
-0.001491
-0.001499
-0.001506
-0.001513
-0.001520
-0.001527
-0.001533
-0.001540
-0.001547
-0.001554
-0.001560
-0.001567
-0.001573
-0.001579
-0.001585
-0.001591
-0.001596
-0.001601
-0.001606
-0.001611
-0.001616
-0.001620
-0.001624
-0.001628
-0.001631
-0.001635
-0.001638
-0.001640
-0.001643
-0.001645
-0.001647
-0.001648
-0.001650
-0.001651
-0.001652
-0.001652
-0.001653
-0.001653
-0.001653
-0.001652
-0.001652
-0.001651
-0.001649
-0.001647
-0.001645
-0.001642
-0.001639
-0.001636
-0.001631
-0.001627
-0.001621
-0.001615
-0.001608
-0.001601
-0.001593
-0.001584
-0.001575
-0.001564
-0.001554
-0.001542
-0.001530
-0.001517
-0.001504
-0.001490
-0.001476
-0.001462
-0.001448
-0.001434
-0.001420
-0.001406
-0.001393
-0.001380
-0.001368
-0.001356
-0.001346
-0.001337
-0.001329
-0.001322
-0.001316
-0.001312
-0.001309
-0.001308
-0.001308
-0.001310
-0.001313
-0.001317
-0.001322
-0.001329
-0.001336
-0.001345
-0.001354
-0.001364
-0.001375
-0.001386
-0.001397
-0.001408
-0.001419
-0.001430
-0.001441
-0.001451
-0.001461
-0.001471
-0.001480
-0.001488
-0.001496
-0.001502
-0.001508
-0.001514
-0.001518
-0.001521
-0.001524
-0.001525
-0.001525
-0.001525
-0.001523
-0.001520
-0.001516
-0.001510
-0.001503
-0.001496
-0.001486
-0.001476
-0.001464
-0.001450
-0.001436
-0.001420
-0.001403
-0.001384
-0.001365
-0.001345
-0.001323
-0.001301
-0.001279
-0.001256
-0.001232
-0.001209
-0.001186
-0.001163
-0.001141
-0.001119
-0.001098
-0.001079
-0.001061
-0.001044
-0.001029
-0.001016
-0.001005
-0.000995
-0.000987
-0.000981
-0.000977
-0.000975
-0.000974
-0.000975
-0.000977
-0.000981
-0.000985
-0.000991
-0.000997
-0.001003
-0.001010
-0.001017
-0.001024
-0.001031
-0.001037
-0.001043
-0.001047
-0.001051
-0.001055
-0.001057
-0.001058
-0.001058
-0.001057
-0.001055
-0.001052
-0.001048
-0.001044
-0.001038
-0.001032
-0.001026
-0.001019
-0.001012
-0.001004
-0.000997
-0.000990
-0.000983
-0.000977
-0.000971
-0.000966
-0.000962
-0.000959
-0.000956
-0.000955
-0.000954
-0.000955
-0.000957
-0.000960
-0.000963
-0.000968
-0.000974
-0.000980
-0.000988
-0.000996
-0.001004
-0.001013
-0.001023
-0.001033
-0.001043
-0.001053
-0.001063
-0.001073
-0.001083
-0.001093
-0.001103
-0.001113
-0.001122
-0.001131
-0.001140
-0.001148
-0.001156
-0.001164
-0.001171
-0.001178
-0.001185
-0.001191
-0.001197
-0.001203
-0.001209
-0.001214
-0.001220
-0.001224
-0.001229
-0.001233
-0.001238
-0.001241
-0.001245
-0.001248
-0.001251
-0.001254
-0.001256
-0.001258
-0.001259
-0.001260
-0.001260
-0.001260
-0.001260
-0.001259
-0.001258
-0.001256
-0.001253
-0.001250
-0.001247
-0.001243
-0.001239
-0.001235
-0.001230
-0.001225
-0.001219
-0.001214
-0.001208
-0.001203
-0.001197
-0.001191
-0.001186
-0.001181
-0.001176
-0.001172
-0.001168
-0.001164
-0.001161
-0.001159
-0.001157
-0.001156
-0.001155
-0.001156
-0.001157
-0.001159
-0.001162
-0.001165
-0.001169
-0.001174
-0.001180
-0.001186
-0.001193
-0.001200
-0.001208
-0.001217
-0.001225
-0.001234
-0.001243
-0.001252
-0.001261
-0.001271
-0.001280
-0.001289
-0.001298
-0.001306
-0.001315
-0.001323
-0.001330
-0.001338
-0.001345
-0.001351
-0.001358
-0.001363
-0.001369
-0.001374
-0.001379
-0.001383
-0.001387
-0.001391
-0.001395
-0.001398
-0.001401
-0.001404
-0.001407
-0.001410
-0.001412
-0.001415
-0.001417
-0.001420
-0.001423
-0.001425
-0.001428
-0.001431
-0.001433
-0.001436
-0.001439
-0.001442
-0.001445
-0.001449
-0.001452
-0.001455
-0.001459
-0.001462
-0.001466
-0.001469
-0.001473
-0.001476
-0.001480
-0.001483
-0.001487
-0.001490
-0.001493
-0.001496
-0.001499
-0.001502
-0.001505
-0.001507
-0.001510
-0.001512
-0.001513
-0.001515
-0.001516
-0.001517
-0.001517
-0.001517
-0.001517
-0.001516
-0.001515
-0.001514
-0.001512
-0.001510
-0.001507
-0.001504
-0.001501
-0.001497
-0.001493
-0.001489
-0.001485
-0.001480
-0.001475
-0.001470
-0.001466
-0.001461
-0.001456
-0.001451
-0.001446
-0.001441
-0.001436
-0.001431
-0.001426
-0.001420
-0.001415
-0.001408
-0.001402
-0.001394
-0.001385
-0.001376
-0.001365
-0.001353
-0.001338
-0.001323
-0.001305
-0.001284
-0.001262
-0.001237
-0.001209
-0.001179
-0.001146
-0.001111
-0.001073
-0.001034
-0.000992
-0.000948
-0.000903
-0.000857
-0.000810
-0.000763
-0.000715
-0.000669
-0.000624
-0.000580
-0.000538
-0.000498
-0.000461
-0.000426
-0.000395
-0.000368
-0.000343
-0.000322
-0.000305
-0.000291
-0.000280
-0.000273
-0.000268
-0.000266
-0.000266
-0.000268
-0.000271
-0.000276
-0.000282
-0.000289
-0.000297
-0.000306
-0.000314
-0.000324
-0.000333
-0.000343
-0.000354
-0.000365
-0.000376
-0.000389
-0.000402
-0.000417
-0.000432
-0.000449
-0.000467
-0.000486
-0.000507
-0.000529
-0.000552
-0.000576
-0.000601
-0.000627
-0.000653
-0.000679
-0.000705
-0.000732
-0.000757
-0.000782
-0.000807
-0.000830
-0.000852
-0.000873
-0.000893
-0.000912
-0.000930
-0.000947
-0.000964
-0.000980
-0.000996
-0.001011
-0.001028
-0.001044
-0.001062
-0.001080
-0.001100
-0.001122
-0.001145
-0.001170
-0.001197
-0.001226
-0.001256
-0.001288
-0.001322
-0.001357
-0.001393
-0.001429
-0.001467
-0.001504
-0.001540
-0.001576
-0.001610
-0.001642
-0.001672
-0.001699
-0.001722
-0.001742
-0.001758
-0.001769
-0.001775
-0.001775
-0.001771
-0.001760
-0.001744
-0.001723
-0.001695
-0.001663
-0.001624
-0.001581
-0.001534
-0.001482
-0.001427
-0.001369
-0.001309
-0.001247
-0.001184
-0.001121
-0.001059
-0.000998
-0.000939
-0.000883
-0.000830
-0.000780
-0.000734
