-0.424313
0.079675
-0.087427
-0.013127
0.049048
-0.024895
-0.013461
-0.009748
0.037259
-0.075380
0.088775
-0.075760
0.007724
0.009523
-0.002771
-0.008683
-0.011104
-0.011957
-0.002478
0.026105
-0.053753
0.038558
-0.031002
-0.005456
0.020940
-0.025835
-0.009419
0.004886
0.000521
-0.018093
0.004248
-0.014450
0.006586
-0.018225
0.005545
-0.008368
-0.016077
0.010231
-0.015129
0.000156
-0.002599
-0.012342
0.001137
-0.011730
-0.002693
0.001060
-0.014902
-0.005893
0.005886
-0.021378
0.005629
-0.005059
-0.000954
-0.000060
-0.054300
0.040036
0.073775
-0.167240
-0.072532
0.466638
-0.232457
-1.149812
2.285603
2.057619
1.070525
0.434291
0.399949
0.455645
0.188897
0.002576
0.134132
0.215072
0.127450
0.355897
0.067779
0.045088
0.246612
0.240949
0.102069
0.102971
0.149536
0.127883
0.131584
0.091054
0.176044
0.096798
0.088788
0.174871
0.102132
0.067133
0.126218
0.177509
0.045201
0.116548
0.068324
0.119588
0.153407
0.050034
0.074442
0.113620
0.115277
0.094589
0.088133
0.074811
0.111054
0.097391
0.064515
0.093844
0.092106
0.086387
0.074506
0.102020
0.079653
0.064689
0.101529
0.071062
0.089170
0.034495
0.084997
0.078748
0.067201
0.068156
0.073138
0.061508
0.081299
0.064364
0.053568
0.088355
0.042402
0.059182
0.073662
0.053522
0.053950
0.063322
0.062966
0.056041
0.059072
0.046864
0.060253
0.049117
0.042398
0.070281
0.029349
0.072924
0.041579
0.035211
0.071635
0.035982
0.057204
0.027586
0.055433
0.046236
0.045376
0.031519
0.049996
0.037201
0.061361
0.018854
0.044277
0.056345
0.023277
0.041458
0.051012
0.030684
0.017885
0.049904
0.029326
0.040650
0.014526
0.044508
0.035793
0.029029
0.022177
0.028847
0.030038
0.050809
0.015552
0.014265
0.055879
0.021639
0.011918
0.040219
0.019329
0.033077
0.016318
0.012444
0.052015
0.011002
0.034607
0.013338
0.040609
0.020167
0.021338
0.014528
0.028195
0.022238
0.020643
0.025437
0.007374
0.033521
0.021098
0.009416
0.030710
0.023173
0.023492
0.005062
0.017957
0.036963
0.001753
0.013078
0.025169
0.020443
0.018661
-0.002246
0.025174
0.014362
0.023657
0.010675
0.023681
0.021537
0.000885
0.008797
0.023904
0.018667
0.005997
0.000178
0.041913
0.013448
-0.008525
0.019163
0.013256
0.016833
0.012637
-0.014847
0.040908
0.009499
0.014702
0.002494
0.018670
0.013826
0.015660
-0.019249
0.042278
-0.004957
0.008196
0.005741
0.023782
0.007107
0.004555
0.004130
0.028710
-0.000806
0.008231
0.001590
0.009544
0.022157
-0.006426
-0.006137
0.038873
0.007180
-0.012038
0.012191
0.013169
0.010737
0.001346
-0.005484
0.007045
0.025453
-0.001968
-0.007861
0.005307
0.027296
0.003996
-0.024464
0.029056
0.007269
-0.000260
-0.000526
0.010922
-0.004216
0.023387
-0.007470
-0.001692
0.012536
0.001491
0.013284
-0.017928
0.023749
-0.000441
0.003744
-0.002817
0.013941
-0.002658
-0.002441
0.004621
0.009203
0.002872
-0.015923
0.024320
0.007869
-0.015422
0.001767
-0.000086
0.035389
-0.032986
-0.005693
0.028542
0.000245
-0.013793
0.003804
0.002637
0.014845
-0.004521
-0.002202
-0.004124
0.015176
0.000205
-0.003033
-0.008950
0.011627
-0.002291
-0.005010
0.002382
0.017004
-0.020155
0.007309
-0.007197
0.018285
-0.006758
-0.008295
0.007605
0.005085
0.003694
-0.012757
-0.005855
0.023945
-0.003939
-0.026671
0.032202
0.003824
-0.030828
0.013392
0.008260
-0.008915
0.001716
-0.020295
0.035366
-0.015305
-0.002150
-0.009653
0.009942
-0.000329
0.003261
-0.022538
0.026658
-0.008951
-0.010598
-0.004039
0.009338
-0.001959
-0.001732
-0.016916
0.020711
0.000628
-0.012527
-0.016580
0.018949
0.002488
-0.009936
-0.020285
0.024725
-0.008355
-0.010159
-0.000860
0.006332
-0.003778
0.000912
-0.016591
0.016546
-0.002004
-0.012723
-0.005544
0.006819
0.001534
-0.004723
-0.022046
0.016842
0.002401
-0.006243
-0.002928
-0.002899
-0.005097
-0.000947
-0.002200
0.005120
0.001862
-0.018171
0.005141
-0.011550
0.011469
-0.013355
-0.007849
0.021716
-0.027250
0.006218
-0.000333
0.002164
-0.010276
-0.001121
0.000576
0.005744
-0.022507
0.007340
0.000742
-0.005186
0.007114
-0.011881
-0.017050
0.023175
-0.012842
-0.015635
0.012959
-0.015456
0.013373
-0.017129
-0.004538
0.017647
-0.018493
0.000367
-0.003421
-0.009255
0.014648
-0.012114
-0.011057
0.011154
-0.004112
-0.016094
0.006334
-0.001934
-0.005770
0.003484
-0.012451
-0.004099
0.014246
-0.019771
0.003076
-0.012288
0.011454
-0.004062
-0.020691
0.010746
0.004817
-0.015812
-0.010762
0.002946
0.007820
-0.016498
0.005347
0.000076
-0.004085
-0.003407
-0.017346
0.008267
-0.000761
-0.006173
-0.009466
0.011855
-0.000847
-0.007993
-0.004322
-0.002644
0.005147
-0.014707
-0.007833
0.015930
-0.001897
-0.008908
-0.015090
-0.005016
0.015084
0.004163
-0.030517
0.017493
-0.005465
-0.014671
0.001546
0.004591
-0.014813
0.004286
-0.007136
-0.000461
-0.003918
-0.007176
0.002223
-0.009185
0.014860
-0.024939
-0.000476
0.011112
-0.011063
-0.005810
-0.012153
0.011253
-0.001613
-0.011866
-0.004397
0.003339
0.003026
-0.016770
-0.011178
0.021651
-0.007352
-0.020894
-0.000682
0.009975
0.001710
-0.029056
0.012432
-0.001949
0.001559
-0.007458
-0.012906
0.007280
-0.003536
-0.005025
-0.008601
0.005484
0.000766
-0.009488
-0.018984
0.025611
-0.006396
-0.020212
-0.006648
0.021263
-0.010394
-0.006403
-0.011567
0.009968
0.002213
-0.023468
-0.001652
0.008225
0.009827
-0.022151
-0.009223
0.013202
0.001470
-0.020699
0.000806
-0.006160
0.013575
-0.019299
-0.008271
0.011268
-0.008897
0.001916
-0.009178
-0.005062
0.008826
-0.007460
-0.020597
0.022016
-0.012937
-0.010889
-0.007970
0.014126
-0.001114
-0.013511
-0.006076
0.006266
0.010833
-0.023820
-0.007331
-0.004163
0.021891
-0.018871
-0.022113
0.024821
-0.005164
-0.007762
-0.012888
0.004257
-0.002010
0.003899
-0.011275
-0.004603
0.008677
-0.021574
0.005118
-0.010423
0.015725
-0.008764
-0.015465
0.004266
0.009784
-0.019914
-0.002689
0.006045
-0.012043
0.010706
-0.019022
0.004706
0.000505
-0.007699
-0.001646
-0.016690
0.025192
-0.016263
-0.017702
0.009544
0.000377
0.005801
-0.025742
0.014417
-0.015702
0.003633
-0.011821
0.007484
-0.007589
0.009965
-0.025232
0.005708
0.016410
-0.027998
-0.004559
0.021458
-0.008848
-0.017845
-0.003205
0.002635
0.002917
-0.004965
-0.010529
0.002811
0.000161
-0.003476
-0.007739
-0.013476
0.025295
-0.023589
-0.017607
0.028231
-0.011781
-0.013012
0.000059
0.008776
-0.011496
0.004175
-0.014808
0.011639
-0.013308
0.013621
-0.027627
0.017326
-0.008916
-0.004820
-0.010830
0.016966
-0.012335
-0.020973
0.018900
-0.012623
0.008584
-0.009101
-0.009026
0.010039
-0.009884
-0.008302
0.002808
-0.007356
0.006938
-0.002648
-0.023084
0.019527
-0.012908
-0.003338
0.000475
-0.001691
0.004100
-0.020048
0.001827
0.004454
0.001199
-0.013626
-0.003421
0.003590
0.006622
-0.023538
-0.005336
0.024880
-0.019134
-0.003512
-0.005642
0.011170
-0.018424
0.004192
-0.015283
0.022534
-0.016185
-0.000188
-0.010566
0.002264
0.005607
-0.004259
-0.021101
0.014967
-0.003151
-0.009879
-0.001085
-0.000332
-0.001995
-0.002892
-0.011121
0.002283
0.018896
-0.023596
-0.005267
-0.004773
0.015845
-0.014304
-0.015645
0.017037
0.003156
-0.020003
0.001631
0.000555
-0.002339
-0.006206
-0.004629
0.002514
0.002617
-0.002770
-0.017772
0.007805
0.015108
-0.024662
0.002996
-0.000736
0.005259
-0.011978
-0.005247
0.012925
-0.012424
0.000619
-0.012510
0.013804
-0.014082
0.010091
-0.019476
0.014779
-0.010928
-0.006919
-0.003646
0.005727
-0.003082
-0.004443
-0.001039
0.000654
0.006151
-0.012010
-0.010978
0.013184
-0.005463
-0.004059
-0.006762
-0.005132
0.018417
-0.014369
-0.016989
0.014407
0.000536
-0.015989
0.002077
-0.001148
0.004735
-0.015077
-0.006989
0.018844
-0.013213
-0.004380
-0.003484
-0.008732
0.017559
-0.016586
-0.007388
0.012353
-0.010415
-0.001997
0.006328
-0.023092
0.020649
-0.019066
-0.006234
0.010317
0.002471
-0.012129
0.004661
-0.024739
0.033656
-0.019941
-0.011154
0.010633
-0.009699
0.007027
-0.008847
-0.007023
0.002593
-0.003433
-0.009527
0.011168
0.002785
-0.021921
0.017312
-0.028865
0.033061
-0.019133
-0.024455
0.019863
0.012493
-0.032730
0.005150
0.003628
0.000229
-0.003841
-0.009835
0.000938
0.003062
-0.006541
-0.003131
-0.010978
0.022391
-0.025736
0.002686
0.002134
-0.000182
-0.007803
-0.004837
0.000294
-0.006179
0.002296
-0.019783
0.018328
-0.009283
0.004901
-0.019457
-0.004901
0.026925
-0.021073
-0.014173
0.022662
-0.007040
-0.018408
0.009784
-0.011326
0.008843
-0.008807
-0.002870
0.001346
0.001510
-0.010116
-0.005309
0.002776
0.007057
-0.016670
0.006894
-0.006756
0.010710
-0.019020
-0.009839
0.021355
-0.020785
0.002979
-0.010920
0.014578
-0.013709
0.005947
-0.017922
0.007533
0.001136
-0.010395
-0.007152
0.010164
0.004329
-0.021009
0.013891
-0.017305
0.019815
-0.036127
0.038959
-0.074519
0.103574
-0.096630
0.042757
-0.013414
0.001970
-0.002102
-0.019921
0.018094
-0.015229
0.014740
-0.032539
0.029253
-0.030227
0.007530
-0.005145
-0.004661
0.015022
-0.022538
0.008276
-0.014858
0.024970
-0.027867
0.001336
0.006264
-0.006925
-0.005520
-0.012525
0.012698
-0.008066
-0.002844
-0.017264
0.020535
-0.015260
-0.001968
-0.011056
0.000818
0.012949
-0.016965
-0.013457
0.016153
-0.008758
-0.007675
-0.005281
0.004096
-0.010776
0.010964
-0.020496
0.008233
-0.002574
0.006427
-0.029045
0.008600
0.007528
-0.015836
-0.008214
0.010004
-0.003356
-0.009382
-0.016181
0.016215
0.010591
-0.025499
-0.050953
0.102466
-0.052216
-0.036523
-0.003849
0.000017
0.014704
-0.015170
-0.009845
0.001143
0.007793
-0.028305
0.018045
-0.025465
0.001484
0.002645
-0.009885
-0.009632
-0.000684
-0.008560
0.004685
-0.014091
-0.008135
0.013858
-0.033632
0.021899
-0.022361
0.003671
-0.011802
0.006394
-0.019450
0.001915
-0.011457
-0.000539
-0.004288
-0.011535
0.001782
-0.013721
0.002675
-0.013316
-0.011342
0.012059
-0.008007
-0.014387
-0.010525
0.000790
-0.007799
0.003055
-0.030268
0.016504
-0.006857
-0.008910
-0.013720
0.007820
-0.024639
0.011988
-0.031489
0.014134
-0.005746
-0.023350
0.007102
-0.017598
0.011618
-0.049527
0.075608
-0.116575
0.086897
-0.131534
0.394099
-0.892596
1.008577
