-0.032026853412389755
-0.04883357509970665
-0.04283801093697548
-0.031006332486867905
-0.038596462458372116
-0.031723883002996445
-0.039569150656461716
-0.03602921590209007
-0.03435492143034935
-0.027275044471025467
-0.025329675525426865
-0.03295170143246651
-0.03290386125445366
-0.035008687525987625
-0.043794747442007065
-0.06359925866127014
-0.0511138029396534
-0.046537403017282486
-0.03424329683184624
-0.04617064818739891
-0.05065138265490532
-0.03596543148159981
-0.03912266716361046
-0.03266467526555061
-0.021375153213739395
-0.017436575144529343
-0.04089263454079628
-0.046186599880456924
-0.03719324246048927
-0.03355763480067253
-0.04253504052758217
-0.06420518457889557
-0.05717315152287483
-0.05274026468396187
-0.04656929150223732
-0.04173776134848595
-0.02703585848212242
-0.01899925246834755
-0.030751202255487442
-0.03470572456717491
-0.01011751964688301
-0.012636933475732803
-0.01660740002989769
-0.02472374215722084
-0.011696141213178635
-0.018648449331521988
-0.01745251938700676
-0.017707649618387222
-0.022698644548654556
0.003579799085855484
0.004137899726629257
0.0022722557187080383
-0.0060673244297504425
-0.014709867537021637
-0.004074115306138992
-0.005923811346292496
-0.00892159715294838
-0.01606525108218193
-0.010723453015089035
-0.009288344532251358
-0.007279191166162491
-0.002288203686475754
0.020258957520127296
0.025808045640587807
0.012062888592481613
0.01971680484712124
0.01939789205789566
0.017962783575057983
0.013482052832841873
0.008921593427658081
0.009527530521154404
0.02880582958459854
0.030113372951745987
0.03387654945254326
0.017659815028309822
0.014327172189950943
0.00177793949842453
-0.003563854843378067
0.005652736872434616
0.012110725045204163
0.02840718813240528
0.04039832204580307
0.03746432065963745
0.03569435328245163
0.03178766742348671
0.03126145899295807
0.03763972222805023
0.06364709138870239
0.05438266322016716
0.04948734864592552
0.051512446254491806
0.051703792065382004
0.04320475831627846
0.04060561582446098
0.04345988854765892
0.025074545294046402
0.03181955963373184
0.037496212869882584
0.043619345873594284
0.052405402064323425
0.05251702293753624
0.05047597736120224
0.06272224336862564
0.07099804282188416
0.06284980475902557
0.050364356487989426
0.042056672275066376
0.041929103434085846
0.04181748628616333
0.04880168288946152
0.06723485887050629
0.062307655811309814
0.06434869766235352
0.070647232234478
0.06779295951128006
0.06556057184934616
0.06371087580919266
0.07809385657310486
0.0665651485323906
0.04904086887836456
0.01842520758509636
0.010978583246469498
-0.022140543907880783
-0.040334541350603104
-0.06358331441879272
-0.07096615433692932
-0.01225423812866211
1.4397928714752197
9.911399841308594
29.667341232299805
61.29582214355469
103.00204467773438
129.6024169921875
140.55255126953125
150.06024169921875
155.4342803955078
153.80374145507812
149.03863525390625
143.4412841796875
135.95835876464844
126.43726348876953
116.62123107910156
107.34597778320312
98.89061737060547
91.13485717773438
83.42940521240234
75.1662368774414
67.41951751708984
61.49748611450195
56.59384536743164
51.691219329833984
46.91979217529297
42.219608306884766
37.601341247558594
33.454219818115234
29.53355598449707
25.800411224365234
22.554536819458008
19.074556350708008
15.193921089172363
11.748764038085938
8.858882904052734
6.154219627380371
3.279364585876465
0.3666304051876068
-2.3698065280914307
-4.775190830230713
-7.048270225524902
-9.347818374633789
-11.4325532913208
-13.452019691467285
-15.428007125854492
-17.368249893188477
-19.05634117126465
-20.555204391479492
-22.19663429260254
-23.79477310180664
-25.22527313232422
-26.497636795043945
-27.791929244995117
-28.953073501586914
-30.118078231811523
-31.191850662231445
-32.10941696166992
-33.09930419921875
-33.973262786865234
-34.74981689453125
-35.45783615112305
-36.212135314941406
-36.91483688354492
-37.4339485168457
-37.96620559692383
-38.46657180786133
-38.97050476074219
-39.33321762084961
-39.711212158203125
-39.98272705078125
-40.32145309448242
-40.62110900878906
-40.7269172668457
-40.92906951904297
-41.10517883300781
-41.21591567993164
-41.248165130615234
-41.337135314941406
-41.39889907836914
-41.38364028930664
-41.413761138916016
-41.346702575683594
-41.31868362426758
-41.25659942626953
-41.1808967590332
-40.9801025390625
-40.867740631103516
-40.79207992553711
-40.56290817260742
-40.35908126831055
-40.14568328857422
-39.93543243408203
-39.66118240356445
-39.43416976928711
-39.18107223510742
-38.875083923339844
-38.64345932006836
-38.309539794921875
-37.9787483215332
-37.667240142822266
-37.394927978515625
-36.99013137817383
-36.661739349365234
-36.35478591918945
-35.93121337890625
-35.55495071411133
-35.19662094116211
-34.85151672363281
-34.44788360595703
-34.076072692871094
-33.686431884765625
-33.28748321533203
-32.95457458496094
-32.532005310058594
-32.126792907714844
-31.725086212158203
-31.380380630493164
-30.891374588012695
-30.486621856689453
-30.123720169067383
-29.650117874145508
-29.242717742919922
-28.823822021484375
-28.420129776000977
-27.97250747680664
-27.57085609436035
-27.175302505493164
-26.725950241088867
-26.35835075378418
-25.909374237060547
-25.49819564819336
-25.07205581665039
-24.705543518066406
-24.21490478515625
-23.811264038085938
-23.45720672607422
-22.98232078552246
-22.585956573486328
-22.174694061279297
-21.77022361755371
-21.337215423583984
-20.964298248291016
-20.57590675354004
-20.1502685546875
-19.81798553466797
-19.399328231811523
-19.01704216003418
-18.623714447021484
-18.2852725982666
-17.828693389892578
-17.457744598388672
-17.1411190032959
-16.722896575927734
-16.376333236694336
-16.028059005737305
-15.671945571899414
-15.289076805114746
-14.943930625915527
-14.58516788482666
-14.198822021484375
-13.891294479370117
-13.514115333557129
-13.195629119873047
-12.85684585571289
-12.565568923950195
-12.16504955291748
-11.83922004699707
-11.570098876953125
-11.192342758178711
-10.903696060180664
-10.608848571777344
-10.290221214294434
-9.963400840759277
-9.670833587646484
-9.371723175048828
-9.040348052978516
-8.783982276916504
-8.463693618774414
-8.166631698608398
-7.869929313659668
-7.638473033905029
-7.304020881652832
-7.053132057189941
-6.827901363372803
-6.49531888961792
-6.249227523803711
-5.999579429626465
-5.729644298553467
-5.437286853790283
-5.215475559234619
-4.969670295715332
-4.697920322418213
-4.492182731628418
-4.232034206390381
-4.015253067016602
-3.7704696655273438
-3.5721938610076904
-3.2798008918762207
-3.081820011138916
-2.9328761100769043
-2.658484697341919
-2.4746623039245605
-2.263512372970581
-2.0505173206329346
-1.824297308921814
-1.6198065280914307
-1.430611252784729
-1.1942211389541626
-1.0466340780258179
-0.8438360691070557
-0.6622484922409058
-0.46109244227409363
-0.30436304211616516
-0.07029640674591064
0.0731825977563858
0.18598218262195587
0.4069555997848511
0.5548836588859558
0.7017600536346436
0.8554436564445496
1.0478748083114624
1.1925674676895142
1.3368330001831055
1.515693187713623
1.6323904991149902
1.809226393699646
1.946134090423584
2.0720887184143066
2.145852565765381
2.3429203033447266
2.477609395980835
2.5698893070220947
2.740827798843384
2.848459005355835
2.967654228210449
3.0669798851013184
3.2084994316101074
3.3177123069763184
3.423212766647339
3.582557201385498
3.6536295413970947
3.764019727706909
3.8805811405181885
3.980623245239258
4.049472332000732
4.204368591308594
4.291018486022949
4.331709861755371
4.464816093444824
4.525303840637207
4.591380596160889
4.6740570068359375
4.791932106018066
4.870267391204834
4.95300817489624
5.074296951293945
5.113523006439209
5.222262859344482
5.29296350479126
5.368045806884766
5.389015197753906
5.510601043701172
5.564032077789307
5.591588020324707
5.700601577758789
5.739936351776123
5.8043975830078125
5.863853931427002
5.942165374755859
5.973276138305664
6.018877983093262
6.0825605392456055
6.097135066986084
6.164900302886963
6.213006019592285
6.277270317077637
6.277955055236816
6.373396396636963
6.416177749633789
6.42085075378418
6.5004425048828125
6.511526584625244
6.533802032470703
6.568196773529053
6.635385513305664
6.650419235229492
6.666131019592285
6.716567039489746
6.7091193199157715
6.746178150177002
6.783730983734131
6.840721130371094
6.822112560272217
6.91878080368042
6.952635288238525
6.929975509643555
6.981578826904297
6.977639198303223
6.994337558746338
7.000141620635986
7.026867389678955
7.031378269195557
7.030040740966797
7.064673900604248
7.036545753479004
7.070669174194336
7.08253288269043
7.083858489990234
7.065582752227783
7.134912490844727
7.123495101928711
7.07545280456543
7.12415075302124
7.119781970977783
7.126668453216553
7.122569561004639
7.145946502685547
7.136874675750732
7.1234941482543945
7.153789043426514
7.110099792480469
7.137796401977539
7.140347957611084
7.145164489746094
7.093008995056152
7.121852874755859
7.102781772613525
7.069967746734619
7.11528205871582
7.078482627868652
7.067337512969971
7.044949054718018
7.06740140914917
7.050034523010254
7.025144577026367
7.027822494506836
6.981009006500244
6.999967098236084
6.98893404006958
6.974197864532471
6.911813735961914
6.941890239715576
6.909709930419922
6.876364231109619
6.917398452758789
6.884192943572998
6.847931385040283
6.824283123016357
6.854931354522705
6.8283491134643555
6.80066442489624
6.79519510269165
6.736929416656494
6.732752799987793
6.702486991882324
6.698581218719482
6.629228591918945
6.643776893615723
6.615133762359619
6.564652919769287
6.58946418762207
6.546077251434326
6.528938293457031
6.490527153015137
6.496490955352783
6.454405307769775
6.419500350952148
6.428668975830078
6.359365463256836
6.3485870361328125
6.331127643585205
6.302713394165039
6.233786582946777
6.2625861167907715
6.229909420013428
6.159095764160156
6.1750874519348145
6.15555477142334
6.125319957733154
6.085892200469971
6.085699081420898
6.0277228355407715
5.986416339874268
5.987754821777344
5.915036678314209
5.917970657348633
5.8873090744018555
5.863123416900635
5.794925212860107
5.824122428894043
5.793985366821289
5.726558208465576
5.743504047393799
5.679040908813477
5.63531494140625
5.612938404083252
5.609176158905029
5.5677361488342285
5.528985500335693
5.5258588790893555
5.448822498321533
5.455807685852051
5.416325092315674
5.380386829376221
5.302093505859375
5.3349714279174805
5.284365177154541
5.210907459259033
5.249545574188232
5.209807872772217
5.1701154708862305
5.124874591827393
5.1198506355285645
5.073947906494141
5.031041145324707
5.038057327270508
4.940297603607178
4.921637058258057
4.90757417678833
4.882460594177246
4.803187847137451
4.836239337921143
4.773045539855957
4.688169956207275
4.690706253051758
4.639801502227783
4.614254951477051
4.58271598815918
4.586878776550293
4.537022113800049
4.506975173950195
4.505573272705078
4.423992156982422
4.422936916351318
4.400266170501709
4.373721599578857
4.288990020751953
4.312815189361572
4.291829586029053
4.222287654876709
4.241488933563232
4.197301864624023
4.173717975616455
4.1147541999816895
4.101024627685547
4.031774044036865
3.990154266357422
3.9899632930755615
3.91310715675354
3.9138572216033936
3.8749020099639893
3.858128070831299
3.79404354095459
3.8192355632781982
3.7799160480499268
3.7033944129943848
3.7170603275299072
3.6683313846588135
3.6450681686401367
3.6056160926818848
3.598057985305786
3.5480194091796875
3.5322012901306152
3.5385313034057617
3.4713821411132812
3.4655942916870117
3.425875186920166
3.3941752910614014
3.3131847381591797
3.3299765586853027
3.287081241607666
3.208310127258301
3.2372350692749023
3.1892895698547363
3.169450044631958
3.141815185546875
3.1336824893951416
3.06352162361145
3.030207633972168
3.048340320587158
2.99051833152771
2.9820687770843506
2.9495909214019775
2.9235336780548096
2.85422945022583
2.8840339183807373
2.8471972942352295
2.7624471187591553
2.782331943511963
2.763310194015503
2.7285337448120117
2.699610710144043
2.7086031436920166
2.6575582027435303
2.6046340465545654
2.6148855686187744
2.523470163345337
2.5316646099090576
2.5159735679626465
2.507523536682129
2.4355781078338623
2.462254762649536
2.421621799468994
2.3500776290893555
2.36409330368042
2.324406623840332
2.293085813522339
2.265472888946533
2.270622730255127
2.2379796504974365
2.1942336559295654
2.203758716583252
2.143462657928467
2.1536200046539307
2.1455180644989014
2.1350901126861572
2.058103561401367
2.083265542984009
2.059952974319458
1.9893617630004883
2.016740083694458
1.9800013303756714
1.9536283016204834
1.9274766445159912
1.923427700996399
1.8658479452133179
1.8250278234481812
1.8336068391799927
1.7672739028930664
1.7818324565887451
1.7687416076660156
1.7437858581542969
1.673020362854004
1.703474760055542
1.6883583068847656
1.6234925985336304
1.6654621362686157
1.6218178272247314
1.6061910390853882
1.5765483379364014
1.5544147491455078
1.5226662158966064
1.4729923009872437
1.4876797199249268
1.4243102073669434
1.416592001914978
1.399116039276123
1.3900254964828491
1.3268667459487915
1.3710997104644775
1.342270016670227
1.2778637409210205
1.3076046705245972
1.2887229919433594
1.258601427078247
1.2312222719192505
1.224158763885498
1.1862380504608154
1.1696548461914062
1.1896017789840698
1.1265342235565186
1.1377614736557007
1.1320528984069824
1.1224534511566162
1.0485305786132812
1.0915838479995728
1.0800241231918335
1.019939661026001
1.0461069345474243
1.0129400491714478
0.9916351437568665
0.9574949145317078
0.9615769982337952
0.9273422956466675
0.8830462098121643
0.879554033279419
0.8275231122970581
0.857691764831543
0.8342041969299316
0.835750162601471
0.7696583867073059
0.8145429491996765
0.7941173315048218
0.7303203344345093
0.7669469118118286
0.7275934219360352
0.7276094555854797
0.7043905854225159
0.7193493843078613
0.6736009120941162
0.6569210290908813
0.6754659414291382
0.6249021291732788
0.6364791393280029
0.6210912466049194
0.6076483130455017
0.5459064245223999
0.5788180232048035
0.5512807965278625
0.4811840057373047
0.523360013961792
0.5155946612358093
0.49537521600723267
0.47252508997917175
0.47510844469070435
0.44195693731307983
0.41513603925704956
0.4516676664352417
0.40067338943481445
0.41079893708229065
0.41065555810928345
0.4107987582683563
0.3346274197101593
0.3896865248680115
0.3524383306503296
0.2909684181213379
0.32968437671661377
0.3166089355945587
0.28986814618110657
0.2638607919216156
0.26894745230674744
0.24950970709323883
0.23831585049629211
0.2555849850177765
0.2043834924697876
0.21452493965625763
0.22889196872711182
0.2143973708152771
0.15270358324050903
0.21124012768268585
0.17507535219192505
0.09230143576860428
0.14575128257274628
0.13414284586906433
0.11524723470211029
0.08595506846904755
0.09211008995771408
0.06454004347324371
0.03684244304895401
0.07877951860427856
0.03671487420797348
0.0465533472597599
0.0383891686797142
0.042375583201646805
-0.012238293886184692
0.04940761998295784
0.025186166167259216
-0.024803470820188522
0.012796390801668167
-0.034338969737291336
-0.04585174098610878
-0.028933394700288773
-0.018393319100141525
-0.048945192247629166
-0.06548084318637848
-0.03819781914353371
-0.08177730441093445
-0.05521183833479881
-0.06548084318637848
-0.09252467751502991
-0.1603255718946457
-0.09391194581985474
-0.0963994711637497
-0.14948253333568573
-0.11500801146030426
-0.14689932763576508
-0.15273544192314148
-0.18480215966701508
-0.15940073132514954
-0.18301624059677124
-0.19304606318473816
-0.1603415161371231
-0.21642211079597473
-0.19510304927825928
-0.19009612500667572
-0.18835803866386414
-0.2485058307647705
-0.19574087858200073
-0.21902120113372803
-0.2668919265270233
-0.23632267117500305
-0.2619008719921112
-0.26292115449905396
-0.281912624835968
-0.2676095962524414
-0.30071234703063965
-0.2994529604911804
-0.2539752721786499
-0.3145849406719208
-0.3000270128250122
-0.2999630868434906
-0.2968060374259949
-0.3376266658306122
-0.2826142907142639
-0.3114914894104004
-0.36376142501831055
-0.3140110969543457
-0.3287927806377411
-0.32212743163108826
-0.3381370007991791
-0.31071028113365173
-0.3093390166759491
-0.3459824025630951
-0.3340549170970917
-0.37578433752059937
-0.3464764654636383
-0.3638893663883209
-0.3661373257637024
-0.4083605408668518
-0.3710004985332489
-0.3796272873878479
-0.4281651973724365
-0.3851444721221924
-0.41633325815200806
-0.4066711962223053
-0.3972635567188263
-0.3757364749908447
-0.40268397331237793
-0.4094131588935852
-0.3851925730705261
-0.43160927295684814
-0.3993680775165558
-0.4086320102214813
-0.4150737524032593
-0.45761725306510925
-0.41156551241874695
-0.4351174235343933
-0.4944041073322296
-0.45224350690841675
-0.46775808930397034
-0.4738183915615082
-0.4845023453235626
-0.44789063930511475
-0.4488312005996704
-0.45060139894485474
-0.43398553133010864
-0.4942292273044586
-0.49706652760505676
-0.48769065737724304
-0.49352774024009705
-0.5453811883926392
-0.47735825181007385
-0.4849962890148163
-0.5204112529754639
-0.4844859540462494
-0.5118319988250732
-0.5280649662017822
-0.5140008926391602
-0.4811210334300995
-0.5075114965438843
-0.5220053195953369
-0.5019943118095398
-0.5511061549186707
-0.5092172026634216
-0.5013088583946228
-0.5191834568977356
-0.565536379814148
-0.5158663988113403
-0.5331354141235352
-0.5584248304367065
-0.5141440033912659
-0.531173825263977
-0.5599874258041382
-0.567577064037323
-0.5399124622344971
-0.5635108947753906
-0.5660781264305115
-0.5210965871810913
-0.5491452217102051
-0.5246363878250122
-0.5373926758766174
-0.5186727046966553
-0.5635119080543518
-0.4972905218601227
-0.5243338942527771
-0.5817051529884338
-0.5284954905509949
-0.5408053994178772
-0.5588882565498352
-0.5726326704025269
-0.5286234021186829
-0.5403429865837097
-0.5661898851394653
-0.5444730520248413
-0.5795371532440186
-0.554964542388916
-0.5628258585929871
-0.5716435313224792
-0.6194162368774414
-0.5434521436691284
-0.5372498631477356
-0.5840016603469849
-0.5411403775215149
-0.5677533149719238
-0.5708944797515869
-0.5800789594650269
-0.5555068254470825
-0.5811629891395569
-0.5799829959869385
-0.5432290434837341
-0.5968223810195923
-0.5840657353401184
-0.579233705997467
-0.5699848532676697
-0.6249653100967407
-0.5611830949783325
-0.577734649181366
-0.6198945045471191
-0.5645007491111755
-0.58953458070755
-0.582199215888977
-0.5842727422714233
-0.544106125831604
-0.557149350643158
-0.5542954206466675
-0.5237118005752563
-0.5721219182014465
-0.5547887682914734
-0.5462269186973572
-0.5489537715911865
-0.6089721918106079
-0.5495594143867493
-0.5507233738899231
-0.6255553364753723
-0.5795686841011047
-0.5792813897132874
-0.5631763935089111
-0.5655999183654785
-0.5189276933670044
-0.5394498705863953
-0.5676259994506836
-0.5429736375808716
-0.5903318524360657
-0.575374960899353
-0.596057116985321
-0.5799674391746521
-0.6245984435081482
-0.5627138614654541
-0.5526844263076782
-0.5838109850883484
-0.53541499376297
-0.5632240176200867
-0.5734455585479736
-0.564276397228241
-0.5418098568916321
-0.5697937607765198
-0.573923647403717
-0.5419533848762512
-0.5827418565750122
-0.5344429612159729
-0.5396885871887207
-0.5403899550437927
-0.5629853010177612
-0.4868142306804657
-0.4884246289730072
-0.5517920851707458
-0.51307612657547
-0.5250672698020935
-0.5264860987663269
-0.5515680909156799
-0.5358452796936035
-0.5670992732048035
-0.5922301411628723
-0.5559214949607849
-0.5963602066040039
-0.5797280073165894
-0.5760766863822937
-0.5439779758453369
-0.5961841940879822
-0.5415067672729492
-0.5423681735992432
-0.5721058249473572
-0.5071921944618225
-0.5151968002319336
-0.5161540508270264
-0.521702766418457
-0.4864794909954071
-0.5054059028625488
-0.5227385759353638
-0.48930153250694275
-0.5264382362365723
-0.5025679469108582
-0.5071279406547546
-0.5079095363616943
-0.5396094918251038
-0.48105761408805847
-0.49212417006492615
-0.5596201419830322
-0.4960944950580597
-0.5118643045425415
-0.5197729468345642
-0.5252905488014221
-0.5051993727684021
-0.5190712213516235
-0.5208736062049866
-0.46849170327186584
-0.5060282945632935
