0
0
0
0
0
0
0
0
0
0
0
0
0
0
0
0
0
0
0
0
0
0
0
0
0
0
0
0
0
0
0
0
0
0
0
0
0
0
0
0
0
0
0
0
0
0
0
0
0
0
0
0
0
0
0
0
0
0
0
0
0
0
0
0
0
0
0
0.048094
0.77199
2.1392
3.8023
5.3809
6.6114
7.3863
7.7269
7.7294
7.5132
7.1862
6.8272
6.4837
6.1774
5.9128
5.6857
5.4884
5.3134
5.1547
5.0078
4.8695
4.7373
4.6091
4.4834
4.3586
4.2337
4.1078
3.9805
3.8515
3.7209
3.589
3.4561
3.3227
3.189
3.0555
2.9226
2.7906
2.6597
2.5301
2.402
2.2756
2.151
2.0282
1.9074
1.7887
1.672
1.5574
1.4449
1.3347
1.2266
1.1207
1.017
0.91552
0.81627
0.71925
0.62445
0.53187
0.4415
0.35333
0.26735
0.18355
0.10191
0.022415
-0.054956
-0.13022
-0.20341
-0.27454
-0.34364
-0.41073
-0.47584
-0.539
-0.60024
-0.65958
-0.71706
-0.77271
-0.82655
-0.87862
-0.92895
-0.97757
-1.0245
-1.0698
-1.1135
-1.1556
-1.1961
-1.2351
-1.2726
-1.3087
-1.3433
-1.3765
-1.4084
-1.4389
-1.4681
-1.496
-1.5227
-1.5481
-1.5724
-1.5955
-1.6174
-1.6382
-1.6579
-1.6766
-1.6943
-1.7109
-1.7265
-1.7412
-1.755
-1.7678
-1.7798
-1.7909
-1.8011
-1.8105
-1.8192
-1.827
-1.8341
-1.8405
-1.8461
-1.8511
-1.8554
-1.859
-1.862
-1.8644
-1.8661
-1.8673
-1.8679
-1.868
-1.8675
-1.8666
-1.8651
-1.8631
-1.8607
-1.8578
-1.8545
-1.8507
-1.8466
-1.842
-1.8371
-1.8317
-1.8261
-1.82
-1.8137
-1.807
-1.8
-1.7927
-1.7851
-1.7773
-1.7691
-1.7608
-1.7521
-1.7432
-1.7341
-1.7248
-1.7153
-1.7056
-1.6956
-1.6855
-1.6752
-1.6648
-1.6542
-1.6434
-1.6325
-1.6214
-1.6103
-1.599
-1.5875
-1.576
-1.5644
-1.5526
-1.5408
-1.5289
-1.5169
-1.5048
-1.4927
-1.4805
-1.4682
-1.4559
-1.4435
-1.4311
-1.4186
-1.4061
-1.3936
-1.381
-1.3684
-1.3558
-1.3432
-1.3306
-1.318
-1.3053
-1.2927
-1.28
-1.2674
-1.2547
-1.2421
-1.2295
-1.2169
-1.2043
-1.1918
-1.1792
-1.1667
-1.1542
-1.1418
-1.1294
-1.117
-1.1046
-1.0923
-1.0801
-1.0678
-1.0557
-1.0435
-1.0315
-1.0194
-1.0074
-0.99551
-0.98363
-0.97181
-0.96004
-0.94834
-0.93669
-0.9251
-0.91357
-0.90211
-0.89071
-0.87937
-0.8681
-0.85689
-0.84576
-0.83468
-0.82368
-0.81275
-0.80188
-0.79109
-0.78037
-0.76971
-0.75913
-0.74863
-0.73819
-0.72783
-0.71754
-0.70733
-0.69719
-0.68713
-0.67714
-0.66723
-0.65739
-0.64763
-0.63794
-0.62833
-0.6188
-0.60934
-0.59996
-0.59065
-0.58142
-0.57227
-0.5632
-0.5542
-0.54527
-0.53643
-0.52766
-0.51897
-0.51035
-0.50181
-0.49334
-0.48495
-0.47664
-0.4684
-0.46024
-0.45216
-0.44414
-0.43621
-0.42834
-0.42056
-0.41284
-0.4052
-0.39763
-0.39014
-0.38272
-0.37537
-0.3681
-0.36089
-0.35376
-0.3467
-0.33971
-0.33279
-0.32595
-0.31917
-0.31246
-0.30582
-0.29925
-0.29275
-0.28632
-0.27995
-0.27366
-0.26742
-0.26126
-0.25516
-0.24913
-0.24317
-0.23727
-0.23143
-0.22566
-0.21995
-0.2143
-0.20872
-0.2032
-0.19775
-0.19235
-0.18702
-0.18174
-0.17653
-0.17138
-0.16628
-0.16125
-0.15627
-0.15136
-0.1465
-0.14169
-0.13695
-0.13226
-0.12763
-0.12305
-0.11853
-0.11406
-0.10965
-0.10529
-0.10098
-0.096731
-0.09253
-0.088382
-0.084286
-0.080241
-0.076246
-0.072302
-0.068408
-0.064564
-0.060768
-0.057021
-0.053323
-0.049672
-0.046068
-0.042512
-0.039002
-0.035538
-0.03212
-0.028747
-0.025419
-0.022136
-0.018896
-0.015701
-0.012548
-0.0094386
-0.0063713
-0.0033462
-0.00036261
0.0025797
0.0054811
0.0083421
0.011163
0.013944
0.016686
0.019389
0.022054
0.02468
0.027269
0.02982
0.032334
0.034811
0.037252
0.039658
0.042027
0.044362
0.046661
0.048926
0.051157
0.053354
0.055518
0.057648
0.059746
0.061812
0.063845
0.065846
0.067816
0.069755
0.071664
0.073541
0.075389
0.077207
0.078996
0.080755
0.082485
0.084187
0.085861
0.087507
0.089125
0.090716
0.092279
0.093817
0.095327
0.096812
0.098271
0.099704
0.10111
0.10249
0.10385
0.10519
0.1065
0.10778
0.10904
0.11028
0.1115
0.11269
0.11386
0.11501
0.11614
0.11724
0.11832
0.11938
0.12042
0.12144
0.12244
0.12342
0.12438
0.12532
0.12624
0.12714
0.12802
0.12888
0.12972
0.13055
0.13135
0.13214
0.13291
0.13367
0.1344
0.13512
0.13582
0.13651
0.13717
0.13783
0.13846
0.13908
0.13969
0.14027
0.14085
0.14141
0.14195
0.14248
0.14299
0.14349
0.14397
0.14445
0.1449
0.14535
0.14578
0.14619
0.1466
0.14699
0.14736
0.14773
0.14808
0.14842
0.14875
0.14906
0.14937
0.14966
0.14994
0.15021
0.15047
0.15071
0.15095
0.15117
0.15139
0.15159
0.15179
0.15197
0.15214
0.1523
0.15246
0.1526
0.15274
0.15286
0.15298
0.15308
0.15318
0.15327
0.15335
0.15342
0.15348
0.15353
0.15358
0.15362
0.15365
0.15367
0.15368
0.15369
0.15368
0.15368
0.15366
0.15363
0.1536
0.15356
0.15352
0.15347
0.15341
0.15334
0.15327
0.15319
0.15311
0.15302
0.15292
0.15282
0.15271
0.15259
0.15247
0.15234
0.15221
0.15207
0.15193
0.15178
0.15163
0.15147
0.1513
0.15113
0.15096
0.15078
0.1506
0.15041
0.15022
0.15002
0.14982
0.14961
0.1494
0.14918
0.14896
0.14874
0.14851
0.14828
0.14805
0.14781
0.14756
0.14732
0.14707
0.14681
0.14656
0.1463
0.14603
0.14576
0.14549
0.14522
0.14494
0.14466
0.14438
0.14409
0.14381
0.14351
0.14322
0.14292
0.14262
0.14232
0.14201
0.14171
0.1414
0.14108
0.14077
0.14045
0.14013
0.13981
0.13949
0.13916
0.13883
0.1385
0.13817
0.13784
0.1375
0.13717
0.13683
0.13649
0.13614
0.1358
0.13545
0.1351
0.13475
0.1344
0.13405
0.1337
0.13334
0.13299
0.13263
0.13227
0.13191
0.13155
0.13118
0.13082
0.13046
0.13009
0.12972
0.12935
0.12898
0.12861
0.12824
0.12787
0.1275
0.12712
0.12675
0.12638
0.126
0.12562
0.12525
0.12487
0.12449
0.12411
0.12373
0.12335
0.12297
0.12259
0.12221
0.12182
0.12144
0.12106
0.12067
0.12029
0.11991
0.11952
0.11914
0.11875
0.11837
0.11798
0.1176
0.11721
0.11683
0.11644
0.11605
0.11567
0.11528
0.1149
0.11451
0.11412
0.11374
0.11335
0.11297
0.11258
0.11219
0.11181
0.11142
0.11104
0.11065
0.11027
0.10988
0.1095
0.10911
0.10873
0.10834
0.10796
0.10757
0.10719
0.10681
0.10643
0.10604
0.10566
0.10528
0.1049
0.10452
0.10414
0.10376
0.10338
0.103
0.10262
0.10224
0.10186
0.10148
0.10111
0.10073
0.10035
0.099979
0.099604
0.09923
0.098856
0.098483
0.09811
0.097738
0.097367
0.096996
0.096626
0.096256
0.095887
0.095518
0.095151
0.094783
0.094417
0.094051
0.093686
0.093322
0.092958
0.092595
0.092233
0.091871
0.09151
0.09115
0.09079
0.090432
0.090074
0.089717
0.08936
0.089004
0.08865
0.088295
0.087942
0.087589
0.087238
0.086887
0.086537
0.086187
0.085839
0.085491
0.085144
0.084798
0.084453
0.084108
0.083765
0.083422
0.08308
0.082739
0.082399
0.082059
0.081721
0.081383
0.081047
0.080711
0.080376
0.080042
0.079709
0.079376
0.079045
0.078714
0.078385
0.078056
0.077728
0.077401
0.077075
0.07675
0.076426
0.076103
0.07578
0.075459
0.075138
0.074819
0.0745
0.074182
0.073866
0.07355
0.073235
0.072921
0.072608
0.072296
0.071984
0.071674
0.071365
0.071056
0.070749
0.070442
0.070137
0.069832
0.069529
0.069226
0.068924
0.068623
0.068323
0.068025
0.067727
0.06743
0.067134
0.066838
0.066544
0.066251
0.065959
0.065668
0.065377
0.065088
0.064799
0.064512
0.064225
0.06394
0.063655
0.063371
0.063089
0.062807
0.062526
0.062246
0.061967
0.06169
0.061413
0.061136
0.060861
0.060587
0.060314
0.060042
0.05977
0.0595
0.059231
0.058962
0.058695
0.058428
0.058163
0.057898
0.057634
0.057371
0.057109
0.056849
0.056589
0.05633
0.056071
0.055814
0.055558
0.055303
0.055048
0.054795
0.054542
0.054291
0.05404
0.05379
0.053542
0.053294
0.053047
0.052801
0.052556
0.052311
0.052068
0.051826
0.051584
0.051344
0.051104
0.050865
0.050627
0.05039
0.050154
0.049919
0.049685
0.049452
0.049219
0.048988
0.048757
0.048527
0.048298
0.048071
0.047843
0.047617
0.047392
0.047167
0.046944
0.046721
0.046499
0.046278
0.046058
0.045839
0.045621
0.045403
0.045187
0.044971
0.044756
0.044542
0.044329
0.044117
0.043905
0.043694
0.043485
0.043276
0.043068
0.04286
0.042654
0.042448
0.042244
0.04204
0.041837
0.041635
0.041433
0.041233
0.041033
0.040834
0.040636
0.040438
0.040242
0.040046
0.039851
0.039657
0.039464
0.039271
0.03908
0.038889
0.038699
0.03851
0.038321
0.038133
0.037946
0.03776
0.037575
0.03739
0.037207
0.037024
0.036841
0.03666
0.036479
0.036299
0.03612
0.035942
0.035764
0.035587
0.035411
0.035236
0.035061
0.034887
0.034714
0.034541
0.03437
0.034199
0.034029
0.033859
0.033691
0.033523
0.033355
0.033189
0.033023
0.032858
0.032694
0.03253
0.032367
0.032205
0.032043
0.031882
0.031722
0.031563
0.031404
0.031246
0.031089
0.030932
0.030776
0.030621
0.030466
0.030313
0.030159
0.030007
0.029855
0.029704
0.029553
0.029404
0.029254
0.029106
0.028958
0.028811
0.028664
0.028519
0.028373
0.028229
0.028085
0.027942
0.027799
0.027657
0.027516
0.027375
0.027235
