  -0.00000
   0.81159
   1.10268
   1.65849
   2.67914
   4.21128
   6.01347
   7.72661
   9.24242
  10.58299
  11.45238
  10.80697
   9.86720
   9.11107
   8.58403
   8.12348
   7.68927
   7.33286
   7.05431
   6.79119
   6.53149
   6.29608
   6.07246
   5.81085
   5.51966
   5.22622
   4.95591
   4.68484
   4.40253
   4.12989
   3.87250
   3.62104
   3.37945
   3.15619
   2.94042
   2.72649
   2.50371
   2.29571
   2.09291
   1.89491
   1.70005
   1.50390
   1.31640
   1.14665
   0.97366
   0.81669
   0.65892
   0.50074
   0.35118
   0.20049
   0.06550
  -0.07393
  -0.20695
  -0.33824
  -0.46139
  -0.58232
  -0.70065
  -0.81100
  -0.91878
  -1.02492
  -1.13542
  -1.23269
  -1.32380
  -1.40904
  -1.51057
  -1.59516
  -1.67941
  -1.75455
  -1.82857
  -1.90138
  -1.97057
  -2.04200
  -2.10391
  -2.16030
  -2.22076
  -2.27567
  -2.32004
  -2.36605
  -2.41117
  -2.46171
  -2.51589
  -2.55152
  -2.58328
  -2.62630
  -2.66642
  -2.70292
  -2.73040
  -2.76707
  -2.79348
  -2.80054
  -2.81808
  -2.83852
  -2.85378
  -2.88099
  -2.89365
  -2.90239
  -2.91183
  -2.91712
  -2.93321
  -2.94990
  -2.95555
  -2.96141
  -2.96200
  -2.96573
  -2.96118
  -2.95258
  -2.95188
  -2.94578
  -2.94821
  -2.94732
  -2.94268
  -2.93119
  -2.92032
  -2.92167
  -2.91775
  -2.91786
  -2.91067
  -2.88242
  -2.86677
  -2.84751
  -2.82385
  -2.81415
  -2.81091
  -2.79403
  -2.77428
  -2.75850
  -2.74316
  -2.72111
  -2.70340
  -2.69316
  -2.67525
  -2.66460
  -2.63882
  -2.61198
  -2.58514
  -2.55554
  -2.53561
  -2.51426
  -2.49200
  -2.47327
  -2.44454
  -2.41926
  -2.39177
  -2.36674
  -2.34013
  -2.31590
  -2.29363
  -2.27446
  -2.24343
  -2.21438
  -2.18926
  -2.16818
  -2.14305
  -2.10587
  -2.08117
  -2.04580
  -2.01183
  -1.98155
  -1.95396
  -1.92598
  -1.90803
  -1.88187
  -1.85375
  -1.82153
  -1.79163
  -1.76784
  -1.73951
  -1.71257
  -1.69019
  -1.65757
  -1.62386
  -1.59236
  -1.56142
  -1.54480
  -1.52732
  -1.50311
  -1.46789
  -1.43913
  -1.40878
  -1.38858
  -1.36450
  -1.33464
  -1.30785
  -1.27983
  -1.25130
  -1.22949
  -1.21339
  -1.18729
  -1.16181
  -1.12952
  -1.09991
  -1.06827
  -1.04128
  -1.01439
  -0.99590
  -0.97817
  -0.94621
  -0.92494
  -0.90846
  -0.89102
  -0.87370
  -0.84148
  -0.81058
  -0.77937
  -0.75294
  -0.72562
  -0.70997
  -0.70350
  -0.68354
  -0.65179
  -0.63715
  -0.60128
  -0.57526
  -0.56279
  -0.54350
  -0.52131
  -0.50511
  -0.48071
  -0.45628
  -0.44020
  -0.41962
  -0.40110
  -0.38104
  -0.36643
  -0.34634
  -0.32257
  -0.29360
  -0.26997
  -0.25214
  -0.23553
  -0.22506
  -0.20984
  -0.19478
  -0.17478
  -0.15151
  -0.12522
  -0.11732
  -0.10756
  -0.09268
  -0.07891
  -0.06211
  -0.04091
  -0.02714
  -0.01238
   0.00752
   0.02863
   0.03625
   0.04076
   0.05437
   0.06994
   0.08350
   0.10534
   0.12283
   0.14930
   0.15487
   0.16418
   0.16665
   0.16856
   0.18182
   0.19951
   0.20932
   0.22618
   0.25365
   0.25406
   0.26248
   0.27922
   0.29240
   0.29346
   0.30113
   0.31002
   0.32400
   0.33786
   0.34588
   0.35252
   0.35470
   0.35659
   0.37174
   0.38150
   0.39333
   0.40424
   0.41359
   0.42102
   0.42980
   0.43734
   0.44947
   0.46008
   0.46592
   0.46620
   0.47137
   0.47731
   0.48303
   0.49063
   0.50390
   0.50370
   0.50772
   0.51390
   0.52064
   0.54024
   0.54327
   0.55633
   0.57217
   0.57645
   0.57014
   0.57375
   0.57974
   0.57587
   0.57580
   0.57787
   0.58241
   0.59189
   0.60984
   0.61850
   0.62007
   0.62230
   0.63095
   0.63928
   0.64169
   0.64099
   0.63904
   0.62799
   0.63414
   0.63824
   0.64814
   0.65409
   0.65726
   0.65501
   0.65444
   0.65155
   0.64900
   0.64134
   0.63824
   0.64048
   0.64468
   0.65098
   0.66890
   0.68151
   0.69210
   0.68783
   0.67739
   0.67278
   0.66947
   0.66438
   0.67664
   0.68464
   0.68886
   0.68807
   0.68414
   0.67006
   0.67533
   0.69082
   0.70596
   0.70304
   0.70976
   0.70886
   0.70624
   0.69691
   0.68950
   0.68625
   0.67872
   0.67305
   0.66939
   0.67423
   0.66964
   0.67412
   0.67936
   0.69367
   0.68601
   0.69513
   0.68946
   0.68252
   0.68175
   0.68337
   0.67593
   0.67880
   0.68283
   0.68266
   0.67693
   0.66775
   0.66774
   0.66201
   0.66061
   0.66176
   0.66111
   0.66003
   0.65816
   0.65534
   0.64998
   0.64681
   0.65132
   0.65025
   0.65137
   0.65140
   0.65465
   0.64292
   0.63193
   0.63014
   0.63480
   0.64135
   0.64320
   0.63219
   0.63897
   0.63837
   0.63053
   0.62510
   0.62946
   0.62568
   0.62124
   0.62018
   0.62603
   0.62730
   0.61921
   0.61295
   0.60481
   0.60453
   0.59416
   0.58707
   0.58628
   0.59212
   0.59917
   0.59628
   0.59520
   0.59009
   0.57602
   0.57034
   0.57036
   0.56517
   0.55598
   0.55643
   0.55726
   0.55396
   0.55352
   0.55197
   0.55406
   0.54898
   0.55677
   0.55473
   0.54994
   0.54552
   0.53286
   0.51899
   0.51404
   0.51135
   0.51362
   0.51205
   0.51258
   0.51072
   0.50640
   0.49940
   0.49876
   0.49588
   0.49389
   0.50050
   0.49281
   0.48462
   0.48273
   0.47555
   0.47991
   0.47713
   0.46704
   0.46405
   0.47001
   0.47530
   0.46837
   0.46475
   0.46304
   0.45282
   0.44946
   0.44174
   0.43909
   0.44006
   0.44566
   0.44512
   0.44084
   0.43221
   0.42565
   0.42966
   0.42232
   0.41365
   0.40710
   0.40191
   0.40708
   0.40643
   0.41043
   0.40866
   0.40779
   0.41073
   0.40261
   0.39562
   0.38656
   0.38631
   0.37817
   0.37529
   0.37158
   0.36703
   0.36401
   0.36303
   0.36624
   0.35775
   0.35663
   0.36050
   0.35047
   0.35015
   0.34620
   0.33014
   0.32601
   0.32999
   0.33327
   0.33052
   0.32189
   0.31912
   0.32870
   0.31566
   0.31386
   0.32385
   0.32864
   0.32228
   0.30766
   0.30306
   0.29920
   0.29820
   0.29287
   0.29219
   0.28110
   0.28704
   0.29003
   0.28590
   0.28710
   0.28558
   0.28051
   0.28054
   0.27171
   0.26158
   0.25694
   0.25496
   0.25836
   0.25659
   0.24262
   0.24306
   0.23836
   0.24309
   0.24831
   0.24776
   0.25121
   0.24768
   0.23927
   0.23064
   0.22201
   0.22212
   0.21777
   0.21893
   0.21428
   0.21212
   0.21518
   0.20922
   0.20304
   0.20004
   0.20377
   0.21639
   0.20999
   0.19831
   0.19302
   0.18962
   0.18497
   0.18554
   0.19738
   0.19083
   0.18782
   0.18875
   0.19339
   0.18691
   0.18510
   0.17814
   0.16928
   0.15911
   0.15059
   0.15003
   0.14964
   0.14917
   0.14828
   0.15964
   0.16969
   0.16950
   0.16299
   0.15116
   0.15573
   0.16628
   0.16438
   0.17010
   0.16941
   0.16261
   0.16137
   0.16094
   0.14825
   0.13686
   0.12729
   0.12227
   0.12037
   0.11325
   0.10961
   0.10879
   0.12228
   0.11640
   0.10381
   0.09857
   0.09607
   0.09987
   0.10889
   0.11132
   0.12001
   0.11700
   0.11841
   0.11486
   0.11082
   0.10515
   0.10066
   0.11000
   0.10898
   0.11129
   0.10534
   0.10493
   0.10306
   0.10741
   0.10749
   0.11141
   0.10053
   0.08772
   0.09087
   0.09396
   0.09623
   0.09772
   0.09891
   0.09728
   0.08446
   0.07606
   0.07532
   0.07631
   0.08653
   0.08392
   0.07596
   0.06428
   0.05922
   0.06118
   0.07251
   0.09093
   0.10266
   0.09821
   0.08861
   0.08215
   0.07594
   0.07287
   0.07246
   0.06838
   0.06626
   0.05638
   0.04842
   0.04356
   0.04216
   0.04963
   0.04972
   0.04614
   0.04358
   0.05077
   0.05519
   0.06103
   0.06969
   0.06271
   0.05241
   0.04345
   0.04844
   0.05008
   0.04859
   0.04398
   0.03316
   0.02206
   0.01708
   0.00949
   0.02211
   0.03097
   0.03547
   0.04109
   0.03800
   0.03522
   0.02364
   0.02076
   0.02565
   0.02906
   0.02890
   0.02367
   0.02751
   0.01378
   0.00269
   0.00407
   0.00811
   0.00794
   0.01451
   0.01561
   0.02104
   0.00861
   0.00736
   0.00715
   0.00742
   0.01146
   0.01539
   0.00897
   0.00585
   0.00148
  -0.00483
  -0.00398
  -0.00315
  -0.01300
  -0.01790
  -0.01561
  -0.01057
   0.00068
   0.01288
   0.00060
  -0.00053
  -0.00573
  -0.02660
  -0.01862
  -0.01880
  -0.00823
  -0.00678
  -0.01017
  -0.00386
  -0.01334
  -0.02451
  -0.02566
  -0.02420
  -0.02767
  -0.03985
  -0.03541
  -0.03423
  -0.02793
  -0.02927
  -0.02841
  -0.02962
  -0.01529
  -0.00731
  -0.01397
  -0.02726
  -0.04342
  -0.05167
  -0.04311
  -0.03605
  -0.03484
  -0.03988
  -0.03372
  -0.03237
  -0.03108
  -0.03092
  -0.02565
  -0.02799
  -0.02300
  -0.01660
  -0.01185
  -0.01764
  -0.02087
  -0.02953
  -0.02820
  -0.03960
  -0.04681
  -0.04349
  -0.03786
  -0.02890
  -0.02220
  -0.02029
  -0.02093
  -0.01582
  -0.01243
  -0.01853
  -0.03767
  -0.04884
  -0.05015
  -0.04980
  -0.05367
  -0.05020
  -0.03907
  -0.02896
  -0.02515
  -0.02380
  -0.02162
  -0.01085
  -0.01682
  -0.02429
  -0.02601
  -0.03091
  -0.03453
  -0.04622
  -0.04136
  -0.02940
  -0.02692
  -0.01770
  -0.01768
  -0.02229
  -0.02756
  -0.02733
  -0.02619
  -0.03192
  -0.04045
  -0.04925
  -0.04329
  -0.03203
  -0.03309
  -0.03798
  -0.04371
  -0.04251
  -0.03962
  -0.03975
  -0.03551
  -0.04077
  -0.04051
  -0.03418
  -0.03324
  -0.03022
  -0.03819
  -0.04715
  -0.04437
  -0.04379
  -0.04391
  -0.04404
  -0.04677
  -0.03883
  -0.03495
  -0.03798
  -0.04370
  -0.03644
  -0.02964
  -0.02818
  -0.03047
  -0.03269
  -0.02711
  -0.02069
  -0.01751
  -0.02128
  -0.03157
  -0.03700
  -0.03890
  -0.02429
  -0.02350
  -0.02714
  -0.03582
  -0.03878
  -0.03339
  -0.02472
  -0.02202
  -0.01944
  -0.02251
  -0.03667
  -0.03392
  -0.02629
  -0.02481
  -0.03591
  -0.03886
  -0.04071
  -0.03482
  -0.04229
  -0.04066
  -0.03493
  -0.02902
  -0.02868
  -0.03745
  -0.03286
  -0.02405
  -0.03072
  -0.03246
  -0.03016
  -0.03359
  -0.03460
  -0.03325
  -0.01772
  -0.01157
  -0.02400
  -0.02973
  -0.03646
  -0.03194
  -0.02310
  -0.01617
  -0.00312
  -0.00980
  -0.02649
  -0.03046
  -0.02191
  -0.01788
  -0.02468
  -0.03057
  -0.02512
  -0.02636
  -0.02481
  -0.01898
  -0.01773
  -0.01692
  -0.01862
  -0.01862
  -0.01862
  -0.01862
  -0.01862
  -0.01862
  -0.01862
  -0.01862
  -0.01862
  -0.01862
  -0.01862
  -0.01862
  -0.01862
  -0.01862
  -0.01862
  -0.01862
  -0.01862
  -0.01862
  -0.01862
  -0.01862
  -0.01862
  -0.01862
  -0.01862
  -0.01862
  -0.01862
  -0.01862
  -0.01862
  -0.01862
  -0.01862
  -0.01862
  -0.01862
  -0.01862
  -0.01862
  -0.01862
  -0.01862
  -0.01862
  -0.01862
  -0.01862
  -0.01862
  -0.01862
  -0.01862
  -0.01862
  -0.01862
  -0.01862
  -0.01862
  -0.01862
  -0.01862
  -0.01862
  -0.01862
  -0.01862
  -0.01862
  -0.01862
  -0.01862
  -0.01862
  -0.01862
  -0.01862
  -0.01862
  -0.01862
  -0.01862
  -0.01862
  -0.01862
  -0.01862
  -0.01862
  -0.01862
  -0.01862
  -0.01862
  -0.01862
  -0.01862
  -0.01862
  -0.01862
  -0.01862
  -0.01862
  -0.01862
  -0.01862
  -0.01862
  -0.01862
  -0.01862
  -0.01862
  -0.01862
  -0.01862
  -0.01862
  -0.01862
  -0.01862
  -0.01862
  -0.01862
  -0.01862
  -0.01862
  -0.01862
  -0.01862
  -0.01862
  -0.01862
  -0.01862
  -0.01862
  -0.01862
  -0.01862
  -0.01862
  -0.01862
  -0.01862
  -0.01862
  -0.01862
  -0.01862
  -0.01862
  -0.01862
  -0.01862
  -0.01862
  -0.01862
  -0.01862
  -0.01862
  -0.01862
  -0.01862
  -0.01862
  -0.01862
  -0.01862
  -0.01862
  -0.01862
  -0.01862
  -0.01862
  -0.01862
  -0.01862
  -0.01862
  -0.01862
  -0.01862
  -0.01862
  -0.01862
  -0.01862
  -0.01862
  -0.01862
  -0.01862
  -0.01862
  -0.01862
  -0.01862
  -0.01862