  -0.00000
   0.90474
   1.35874
   2.09594
   3.21274
   4.61388
   6.08152
   7.48057
   8.92875
  10.39568
  11.39474
  10.60125
   9.41039
   8.54286
   7.99598
   7.46617
   6.88409
   6.36771
   5.91528
   5.45500
   5.02562
   4.70345
   4.42838
   4.10723
   3.75966
   3.46579
   3.22219
   2.94836
   2.64575
   2.37233
   2.13963
   1.90817
   1.64663
   1.41724
   1.23173
   1.02866
   0.79872
   0.59931
   0.44318
   0.28854
   0.10230
  -0.07189
  -0.21708
  -0.34588
  -0.49430
  -0.65057
  -0.77592
  -0.88096
  -0.99606
  -1.11605
  -1.22337
  -1.31133
  -1.40573
  -1.51683
  -1.60554
  -1.67070
  -1.72812
  -1.79327
  -1.85837
  -1.92117
  -1.97102
  -2.03008
  -2.08586
  -2.12929
  -2.16756
  -2.22734
  -2.27527
  -2.29291
  -2.29898
  -2.33504
  -2.38673
  -2.41618
  -2.42250
  -2.42359
  -2.44264
  -2.46746
  -2.48315
  -2.49878
  -2.51110
  -2.51036
  -2.50384
  -2.50205
  -2.50192
  -2.51104
  -2.50781
  -2.49475
  -2.49238
  -2.48986
  -2.47448
  -2.46269
  -2.45937
  -2.45736
  -2.44938
  -2.44351
  -2.43042
  -2.41816
  -2.40269
  -2.37254
  -2.34645
  -2.33624
  -2.32372
  -2.31240
  -2.29693
  -2.27641
  -2.24978
  -2.23057
  -2.22440
  -2.20531
  -2.17971
  -2.15019
  -2.12421
  -2.09963
  -2.07786
  -2.05127
  -2.02678
  -2.00429
  -1.98220
  -1.95793
  -1.93440
  -1.92426
  -1.90594
  -1.86999
  -1.82843
  -1.79076
  -1.77311
  -1.76027
  -1.74517
  -1.71101
  -1.68818
  -1.65908
  -1.63767
  -1.61521
  -1.58780
  -1.55523
  -1.52608
  -1.49871
  -1.47976
  -1.45878
  -1.43227
  -1.40470
  -1.37476
  -1.35066
  -1.33122
  -1.30455
  -1.27906
  -1.24836
  -1.21250
  -1.18553
  -1.16426
  -1.14433
  -1.11565
  -1.09111
  -1.06365
  -1.03695
  -1.02487
  -1.01197
  -1.00032
  -0.97977
  -0.96069
  -0.93876
  -0.90882
  -0.87366
  -0.84660
  -0.81866
  -0.79897
  -0.77765
  -0.75489
  -0.73295
  -0.71525
  -0.70440
  -0.68491
  -0.65142
  -0.62381
  -0.59473
  -0.56234
  -0.55023
  -0.55031
  -0.54448
  -0.52180
  -0.49566
  -0.47895
  -0.46947
  -0.45717
  -0.43489
  -0.41137
  -0.39332
  -0.38269
  -0.36872
  -0.35736
  -0.33667
  -0.31538
  -0.29189
  -0.28228
  -0.27721
  -0.27500
  -0.26946
  -0.24449
  -0.21237
  -0.18766
  -0.17870
  -0.16331
  -0.14752
  -0.13494
  -0.12632
  -0.11407
  -0.09776
  -0.08888
  -0.07869
  -0.06412
  -0.04260
  -0.03053
  -0.01362
   0.00280
   0.01849
   0.02855
   0.03263
   0.03850
   0.04162
   0.06545
   0.07646
   0.08473
   0.10385
   0.11960
   0.12610
   0.13384
   0.13158
   0.13501
   0.13749
   0.14987
   0.15861
   0.17187
   0.18771
   0.18875
   0.19616
   0.20980
   0.21932
   0.22856
   0.23783
   0.24674
   0.25422
   0.25264
   0.25682
   0.26627
   0.28317
   0.29483
   0.30238
   0.30530
   0.31328
   0.32004
   0.31603
   0.30849
   0.30350
   0.30061
   0.30281
   0.31126
   0.32353
   0.34065
   0.35175
   0.35873
   0.36354
   0.36229
   0.36846
   0.38910
   0.39823
   0.40665
   0.40444
   0.40426
   0.40877
   0.41044
   0.41175
   0.40968
   0.41108
   0.41511
   0.41997
   0.41379
   0.40952
   0.41155
   0.40660
   0.39897
   0.40572
   0.42491
   0.44976
   0.45700
   0.45589
   0.46651
   0.46789
   0.45753
   0.45590
   0.46511
   0.47094
   0.46517
   0.46673
   0.46760
   0.45869
   0.45870
   0.45871
   0.47381
   0.48346
   0.48418
   0.48513
   0.47570
   0.48113
   0.49619
   0.50443
   0.49718
   0.49096
   0.49672
   0.49148
   0.47191
   0.46672
   0.47849
   0.49371
   0.48860
   0.48484
   0.49025
   0.49721
   0.49298
   0.47994
   0.47875
   0.47725
   0.48828
   0.48533
   0.48246
   0.48107
   0.48504
   0.48216
   0.49187
   0.49248
   0.49801
   0.49793
   0.49535
   0.48888
   0.48872
   0.48816
   0.48762
   0.49434
   0.48970
   0.49103
   0.49773
   0.49816
   0.48859
   0.47991
   0.48455
   0.49040
   0.48455
   0.46790
   0.46610
   0.47192
   0.47847
   0.47865
   0.46773
   0.45978
   0.45520
   0.46603
   0.47924
   0.47626
   0.46657
   0.44880
   0.44214
   0.44877
   0.45085
   0.45191
   0.45049
   0.45798
   0.46106
   0.45430
   0.44140
   0.43389
   0.42443
   0.41495
   0.41110
   0.42609
   0.43438
   0.43388
   0.43141
   0.42600
   0.42096
   0.42300
   0.42395
   0.41815
   0.41519
   0.42144
   0.42998
   0.42465
   0.41639
   0.41585
   0.41917
   0.41704
   0.42139
   0.42942
   0.42805
   0.42443
   0.42101
   0.42059
   0.41673
   0.40577
   0.38831
   0.37905
   0.37638
   0.38156
   0.38640
   0.38117
   0.37846
   0.38204
   0.39307
   0.40629
   0.40430
   0.39117
   0.37118
   0.36968
   0.36857
   0.35647
   0.35087
   0.36209
   0.36175
   0.35676
   0.35546
   0.35004
   0.35161
   0.34801
   0.34462
   0.34735
   0.35161
   0.33746
   0.33178
   0.34371
   0.34478
   0.33846
   0.33642
   0.33192
   0.32559
   0.32573
   0.32578
   0.32793
   0.32909
   0.32054
   0.31915
   0.31364
   0.30563
   0.29975
   0.30006
   0.30446
   0.30552
   0.29915
   0.29523
   0.28602
   0.28938
   0.29310
   0.29760
   0.29436
   0.28627
   0.27639
   0.27001
   0.26501
   0.26275
   0.25960
   0.26593
   0.27599
   0.27402
   0.26843
   0.25952
   0.25641
   0.26242
   0.26202
   0.25862
   0.25400
   0.25693
   0.26463
   0.26926
   0.26325
   0.26004
   0.25380
   0.24942
   0.24689
   0.24070
   0.23216
   0.23279
   0.24067
   0.24283
   0.23494
   0.22122
   0.21573
   0.22183
   0.22586
   0.23094
   0.23468
   0.23767
   0.23946
   0.23340
   0.21999
   0.20917
   0.19789
   0.18769
   0.18569
   0.19044
   0.19395
   0.18680
   0.18679
   0.19775
   0.20375
   0.18658
   0.18480
   0.18710
   0.18481
   0.18151
   0.17696
   0.17960
   0.18445
   0.17955
   0.17899
   0.17645
   0.16825
   0.16325
   0.16049
   0.15403
   0.15850
   0.16178
   0.15916
   0.16142
   0.16904
   0.16288
   0.14971
   0.14930
   0.14490
   0.13362
   0.12960
   0.12260
   0.13059
   0.13906
   0.14999
   0.15238
   0.14627
   0.14422
   0.14092
   0.14545
   0.14217
   0.13931
   0.14020
   0.14015
   0.13345
   0.13021
   0.13035
   0.12538
   0.12587
   0.12436
   0.12701
   0.13131
   0.12875
   0.12723
   0.13531
   0.14281
   0.14035
   0.12790
   0.11878
   0.11509
   0.11735
   0.11941
   0.11377
   0.10519
   0.09376
   0.09892
   0.10273
   0.10174
   0.09055
   0.08976
   0.09349
   0.09926
   0.10607
   0.11106
   0.11943
   0.11586
   0.10345
   0.09910
   0.09391
   0.10072
   0.11006
   0.11183
   0.10814
   0.10057
   0.09349
   0.08717
   0.07722
   0.07512
   0.07631
   0.07965
   0.08146
   0.07969
   0.07986
   0.07205
   0.07626
   0.07648
   0.06615
   0.05842
   0.06031
   0.06984
   0.07619
   0.08575
   0.09294
   0.09190
   0.09065
   0.08961
   0.08858
   0.07193
   0.06345
   0.06048
   0.06017
   0.05661
   0.04224
   0.03919
   0.05338
   0.07159
   0.08225
   0.08126
   0.07185
   0.05971
   0.05355
   0.05761
   0.05322
   0.04761
   0.04910
   0.04147
   0.03094
   0.03331
   0.03081
   0.03742
   0.04405
   0.04506
   0.05329
   0.04935
   0.04176
   0.03268
   0.03141
   0.03518
   0.04246
   0.02559
   0.02360
   0.04073
   0.04502
   0.04255
   0.04245
   0.04260
   0.04312
   0.03382
   0.02976
   0.02252
   0.02497
   0.02128
   0.02130
   0.02783
   0.03499
   0.04310
   0.04177
   0.03937
   0.04175
   0.04613
   0.04195
   0.03482
   0.04139
   0.03681
   0.02979
   0.02609
   0.03101
   0.03826
   0.04747
   0.04870
   0.04354
   0.03941
   0.04167
   0.04472
   0.03659
   0.02922
   0.03156
   0.03779
   0.03683
   0.02520
   0.02495
   0.03303
   0.02738
   0.01879
   0.02195
   0.02135
   0.01955
   0.00702
   0.00630
   0.01133
   0.02119
   0.02526
   0.03423
   0.03190
   0.03331
   0.04050
   0.02291
   0.02228
   0.01921
   0.01711
   0.00746
   0.00149
  -0.00514
  -0.00999
  -0.01014
  -0.00651
  -0.01128
  -0.01133
  -0.00868
   0.00404
   0.00632
   0.00231
   0.00919
   0.00666
   0.00946
   0.01189
  -0.00046
  -0.00842
  -0.00298
  -0.00377
   0.00478
   0.00483
  -0.00023
  -0.00068
  -0.01053
  -0.02821
  -0.02951
  -0.02696
  -0.02587
  -0.02099
  -0.00442
   0.00141
   0.00073
  -0.00058
   0.00827
   0.00987
  -0.00031
  -0.01344
  -0.01683
  -0.01347
  -0.01400
  -0.01124
  -0.00622
  -0.00304
   0.00851
   0.01314
   0.01483
   0.01706
   0.00792
  -0.00369
  -0.00630
  -0.00806
  -0.00248
  -0.00349
  -0.00350
  -0.00840
  -0.01070
  -0.01486
  -0.01832
  -0.02281
  -0.01944
  -0.01617
  -0.02077
  -0.02165
  -0.01472
  -0.01122
  -0.01955
  -0.02615
  -0.02742
  -0.02000
  -0.02055
  -0.02875
  -0.02469
  -0.02527
  -0.02998
  -0.03118
  -0.02280
  -0.01974
  -0.03131
  -0.02892
  -0.02295
  -0.01854
  -0.01992
  -0.02230
  -0.02122
  -0.01596
  -0.00837
  -0.00787
  -0.01979
  -0.02663
  -0.03437
  -0.03759
  -0.04122
  -0.02796
  -0.01941
  -0.02247
  -0.02254
  -0.02469
  -0.02843
  -0.02783
  -0.02984
  -0.03067
  -0.02481
  -0.01890
  -0.02864
  -0.03343
  -0.03507
  -0.02077
  -0.01043
  -0.01660
  -0.02898
  -0.02631
  -0.02112
  -0.02254
  -0.02080
  -0.01793
  -0.02407
  -0.03036
  -0.03041
  -0.02747
  -0.02026
  -0.00469
   0.00062
  -0.00575
  -0.01759
  -0.02909
  -0.03105
  -0.01820
  -0.01022
  -0.00201
  -0.00251
  -0.01049
  -0.01137
  -0.01509
  -0.01422
  -0.01439
  -0.00902
  -0.00883
  -0.01648
  -0.03204
  -0.04111
  -0.03784
  -0.02594
  -0.02134
  -0.01724
  -0.01714
  -0.01486
  -0.01425
  -0.01448
  -0.00589
  -0.00143
   0.00195
  -0.00116
  -0.01587
  -0.01548
  -0.01689
  -0.01187
  -0.00215
   0.00925
   0.00317
  -0.01069
  -0.02212
  -0.02355
  -0.02746
  -0.02511
  -0.01527
  -0.01279
  -0.01324
  -0.00727
  -0.00856
  -0.00635
   0.00123
   0.01367
   0.01339
   0.00552
  -0.00262
  -0.00244
  -0.00847
  -0.01507
  -0.01785
  -0.02155
  -0.01511
  -0.01013
  -0.00453
  -0.00453
  -0.00384
  -0.00292
  -0.00474
   0.00022
   0.00086
  -0.00471
  -0.00641
  -0.01004
  -0.01245
  -0.01511
  -0.01373
  -0.00650
   0.00103
   0.00103
   0.00103
   0.00103
   0.00103
   0.00103
   0.00103
   0.00103
   0.00103
   0.00103
   0.00103
   0.00103
   0.00103
   0.00103
   0.00103
   0.00103
   0.00103
   0.00103
   0.00103
   0.00103
   0.00103
   0.00103
   0.00103
   0.00103
   0.00103
   0.00103
   0.00103
   0.00103
   0.00103
   0.00103
   0.00103
   0.00103
   0.00103
   0.00103
   0.00103
   0.00103
   0.00103
   0.00103
   0.00103
   0.00103
   0.00103
   0.00103
   0.00103
   0.00103
   0.00103
   0.00103
   0.00103
   0.00103
   0.00103
   0.00103
   0.00103
   0.00103
   0.00103
   0.00103
   0.00103
   0.00103
   0.00103
   0.00103
   0.00103
   0.00103
   0.00103
   0.00103
   0.00103
   0.00103
   0.00103
   0.00103
   0.00103
   0.00103
   0.00103
   0.00103
   0.00103
   0.00103
   0.00103
   0.00103
   0.00103
   0.00103
   0.00103
   0.00103
   0.00103
   0.00103
   0.00103
   0.00103
   0.00103
   0.00103
   0.00103
   0.00103
   0.00103
   0.00103
   0.00103
   0.00103
   0.00103
   0.00103
   0.00103
   0.00103
   0.00103
   0.00103
   0.00103
   0.00103
   0.00103
   0.00103
   0.00103
   0.00103
   0.00103
   0.00103
   0.00103
   0.00103
   0.00103
   0.00103
   0.00103
   0.00103
   0.00103
   0.00103
   0.00103
   0.00103
   0.00103
   0.00103
   0.00103
   0.00103
   0.00103
   0.00103
   0.00103
   0.00103
   0.00103
   0.00103
   0.00103
   0.00103
   0.00103
   0.00103
   0.00103
   0.00103
   0.00103
   0.00103