  -0.00000
   0.89489
   1.47745
   2.36989
   3.57633
   4.98580
   6.38494
   7.62452
   8.77752
   9.92715
  10.82353
  10.13902
   9.21840
   8.47675
   7.86718
   7.23327
   6.59210
   5.99595
   5.47254
   4.98913
   4.53610
   4.13363
   3.80641
   3.51992
   3.24219
   2.96938
   2.72744
   2.49640
   2.26860
   2.03266
   1.82113
   1.61074
   1.40523
   1.20088
   1.00273
   0.80647
   0.62580
   0.44917
   0.28233
   0.13529
  -0.01240
  -0.16078
  -0.30311
  -0.43035
  -0.55159
  -0.67241
  -0.79112
  -0.90503
  -1.01115
  -1.10828
  -1.19601
  -1.28618
  -1.36874
  -1.44129
  -1.50835
  -1.58353
  -1.65415
  -1.71217
  -1.77419
  -1.83285
  -1.87922
  -1.91926
  -1.96043
  -2.00341
  -2.04625
  -2.07651
  -2.11407
  -2.14421
  -2.16779
  -2.19315
  -2.21607
  -2.24187
  -2.25671
  -2.25599
  -2.26313
  -2.27270
  -2.28725
  -2.30251
  -2.29651
  -2.29621
  -2.30073
  -2.30392
  -2.30825
  -2.30998
  -2.30709
  -2.30965
  -2.29946
  -2.29698
  -2.29901
  -2.29438
  -2.27892
  -2.27247
  -2.26125
  -2.24805
  -2.22828
  -2.22131
  -2.20596
  -2.19249
  -2.17204
  -2.15497
  -2.15023
  -2.13494
  -2.11107
  -2.08046
  -2.05900
  -2.03794
  -2.01535
  -1.99857
  -1.98085
  -1.96426
  -1.94824
  -1.92629
  -1.90863
  -1.88214
  -1.86005
  -1.84434
  -1.81595
  -1.78958
  -1.76573
  -1.74021
  -1.71232
  -1.69104
  -1.66865
  -1.63851
  -1.60566
  -1.58924
  -1.56434
  -1.54937
  -1.53392
  -1.51427
  -1.48153
  -1.44597
  -1.41968
  -1.39694
  -1.38227
  -1.36191
  -1.34417
  -1.31947
  -1.29096
  -1.27325
  -1.26220
  -1.24386
  -1.20659
  -1.17545
  -1.15888
  -1.14690
  -1.12792
  -1.10319
  -1.08142
  -1.06481
  -1.04368
  -1.02189
  -1.00542
  -0.98052
  -0.96254
  -0.93717
  -0.91257
  -0.87948
  -0.84837
  -0.82973
  -0.80841
  -0.79348
  -0.77877
  -0.76235
  -0.74066
  -0.71606
  -0.69584
  -0.68006
  -0.66107
  -0.63923
  -0.61601
  -0.59618
  -0.58115
  -0.56554
  -0.55490
  -0.54254
  -0.53416
  -0.51851
  -0.49863
  -0.47836
  -0.46484
  -0.45568
  -0.43624
  -0.40743
  -0.39026
  -0.37061
  -0.35200
  -0.34413
  -0.33463
  -0.31158
  -0.28047
  -0.26230
  -0.24835
  -0.22967
  -0.20879
  -0.19770
  -0.19045
  -0.19003
  -0.17610
  -0.16378
  -0.15689
  -0.14655
  -0.14138
  -0.12487
  -0.11103
  -0.10021
  -0.08480
  -0.07688
  -0.06350
  -0.05168
  -0.04052
  -0.03035
  -0.01270
  -0.00549
   0.00264
   0.01850
   0.03818
   0.06429
   0.07472
   0.08174
   0.09568
   0.09842
   0.10457
   0.10669
   0.11614
   0.12128
   0.12128
   0.12542
   0.12825
   0.14147
   0.14683
   0.15350
   0.16213
   0.16963
   0.18008
   0.18662
   0.19995
   0.21293
   0.22040
   0.23179
   0.24492
   0.25044
   0.25478
   0.26381
   0.27277
   0.28058
   0.29486
   0.30603
   0.30989
   0.30983
   0.31343
   0.31466
   0.31358
   0.31401
   0.31365
   0.32419
   0.32054
   0.32205
   0.33030
   0.34195
   0.34898
   0.35524
   0.36268
   0.36837
   0.36905
   0.36802
   0.37286
   0.38420
   0.39024
   0.38738
   0.38442
   0.38767
   0.38908
   0.38902
   0.38948
   0.39248
   0.39829
   0.40869
   0.41832
   0.42205
   0.41265
   0.40663
   0.40876
   0.41884
   0.42658
   0.43043
   0.43589
   0.42953
   0.41789
   0.41956
   0.42314
   0.42832
   0.43214
   0.43504
   0.43866
   0.43544
   0.42910
   0.42983
   0.43808
   0.44551
   0.45658
   0.45797
   0.45117
   0.45065
   0.44432
   0.44198
   0.44790
   0.45511
   0.45784
   0.45752
   0.45984
   0.45994
   0.45797
   0.45619
   0.46041
   0.46452
   0.47106
   0.47277
   0.46936
   0.46505
   0.46783
   0.46719
   0.46568
   0.47282
   0.48122
   0.47725
   0.47977
   0.47554
   0.47069
   0.47049
   0.45525
   0.45113
   0.46289
   0.46785
   0.47473
   0.46806
   0.45220
   0.43978
   0.44358
   0.45464
   0.45311
   0.44706
   0.44343
   0.44980
   0.45720
   0.45250
   0.45017
   0.45011
   0.44411
   0.43554
   0.43142
   0.43817
   0.44283
   0.44188
   0.44062
   0.43716
   0.43369
   0.43353
   0.43108
   0.43854
   0.43741
   0.43709
   0.43720
   0.43814
   0.42998
   0.42879
   0.42565
   0.42334
   0.42252
   0.42677
   0.42596
   0.41524
   0.40716
   0.40766
   0.41244
   0.40821
   0.40795
   0.40352
   0.40941
   0.41191
   0.41269
   0.40153
   0.39204
   0.38910
   0.39185
   0.38757
   0.38782
   0.39049
   0.39485
   0.39748
   0.39800
   0.38997
   0.37891
   0.37790
   0.37609
   0.37607
   0.36973
   0.36063
   0.36194
   0.35439
   0.34655
   0.34800
   0.35611
   0.35695
   0.35632
   0.34629
   0.34713
   0.35177
   0.34909
   0.34849
   0.34221
   0.34763
   0.34529
   0.33505
   0.31968
   0.30778
   0.31172
   0.30702
   0.30570
   0.30662
   0.30860
   0.30903
   0.30875
   0.31705
   0.32028
   0.30539
   0.29299
   0.29535
   0.28859
   0.28501
   0.28323
   0.27877
   0.28120
   0.28676
   0.29299
   0.29517
   0.29655
   0.29164
   0.28215
   0.27865
   0.28141
   0.27837
   0.26984
   0.25415
   0.25036
   0.25667
   0.26285
   0.26383
   0.26468
   0.26634
   0.26433
   0.26231
   0.26166
   0.25553
   0.25335
   0.24979
   0.24639
   0.23965
   0.23559
   0.23327
   0.23351
   0.23244
   0.22659
   0.23130
   0.23312
   0.22972
   0.23050
   0.23446
   0.23231
   0.22478
   0.21794
   0.21717
   0.22012
   0.22212
   0.22464
   0.21977
   0.21781
   0.21384
   0.21405
   0.21713
   0.21560
   0.20904
   0.19978
   0.19827
   0.19969
   0.19957
   0.20266
   0.20344
   0.21383
   0.20696
   0.19820
   0.19252
   0.19006
   0.18170
   0.18271
   0.18062
   0.17211
   0.17120
   0.17150
   0.17635
   0.17104
   0.15721
   0.15138
   0.14988
   0.15513
   0.16600
   0.16594
   0.16731
   0.16428
   0.16649
   0.16710
   0.17373
   0.17441
   0.16751
   0.16372
   0.16472
   0.15188
   0.14639
   0.14005
   0.13352
   0.13603
   0.14186
   0.14536
   0.14324
   0.14902
   0.14400
   0.13984
   0.13517
   0.14627
   0.14754
   0.14543
   0.13517
   0.11968
   0.12242
   0.13462
   0.13528
   0.13483
   0.13026
   0.13400
   0.13090
   0.13383
   0.13170
   0.13403
   0.13041
   0.12208
   0.12585
   0.13040
   0.12529
   0.12043
   0.11957
   0.11325
   0.09858
   0.10169
   0.10292
   0.10304
   0.10250
   0.10563
   0.10086
   0.10829
   0.10917
   0.10574
   0.10939
   0.11444
   0.12039
   0.11463
   0.10503
   0.10172
   0.10268
   0.09813
   0.09797
   0.10270
   0.09492
   0.08988
   0.08501
   0.08217
   0.08009
   0.08291
   0.08773
   0.08493
   0.08032
   0.08155
   0.08581
   0.08455
   0.07967
   0.07227
   0.06530
   0.05904
   0.06615
   0.07602
   0.08567
   0.08266
   0.07629
   0.06439
   0.06114
   0.06265
   0.06610
   0.06331
   0.05861
   0.05719
   0.05346
   0.04544
   0.05132
   0.05354
   0.05774
   0.06149
   0.07314
   0.07576
   0.08278
   0.07388
   0.06618
   0.06274
   0.06191
   0.06307
   0.05591
   0.05771
   0.06151
   0.07016
   0.07090
   0.07453
   0.06750
   0.06193
   0.05106
   0.04796
   0.04602
   0.04625
   0.03362
   0.03265
   0.03767
   0.04067
   0.04251
   0.03643
   0.03196
   0.03718
   0.03394
   0.03435
   0.04496
   0.05228
   0.05324
   0.05720
   0.05321
   0.04740
   0.04353
   0.04155
   0.03322
   0.02799
   0.03171
   0.03226
   0.03583
   0.03377
   0.02809
   0.01780
   0.02165
   0.01618
   0.01542
   0.01461
   0.01646
   0.02173
   0.03021
   0.03291
   0.03197
   0.03504
   0.02998
   0.02342
   0.01743
   0.01243
   0.01566
   0.01996
   0.01841
   0.01911
   0.01911
   0.01672
   0.01434
   0.00508
   0.00893
   0.01853
   0.02512
   0.03594
   0.03820
   0.03956
   0.03307
   0.01591
   0.00744
   0.00835
   0.00831
   0.00784
  -0.00494
  -0.01257
  -0.00637
   0.00587
   0.01551
   0.01275
   0.01399
   0.02030
   0.02149
   0.02338
   0.02370
   0.02603
   0.02900
   0.01765
   0.00795
   0.00559
   0.00482
   0.01090
   0.00997
   0.01375
   0.01732
   0.02345
   0.02340
   0.02414
   0.01860
   0.01773
   0.01545
   0.02131
   0.01850
   0.01747
   0.01706
   0.01397
   0.01029
   0.00630
   0.00287
   0.00145
   0.00033
  -0.00749
  -0.00883
  -0.00506
  -0.01466
  -0.01053
  -0.01271
  -0.01372
   0.00282
   0.00609
   0.00595
   0.00131
  -0.00052
   0.00132
   0.00765
   0.00634
   0.00107
  -0.00646
  -0.01388
  -0.01097
  -0.01263
  -0.01965
  -0.01443
  -0.01323
  -0.00438
   0.00016
  -0.00353
   0.00146
   0.00002
  -0.00758
  -0.00801
  -0.00736
  -0.00720
  -0.01382
  -0.01003
  -0.01557
  -0.01490
  -0.01010
  -0.00953
  -0.01561
  -0.01548
  -0.00546
  -0.00431
  -0.00504
  -0.00519
  -0.01388
  -0.02231
  -0.01449
  -0.00893
  -0.00701
  -0.00442
  -0.00433
  -0.01148
  -0.01196
  -0.01254
  -0.01074
  -0.00736
   0.00200
   0.00081
  -0.00571
  -0.01296
  -0.01659
  -0.02170
  -0.02326
  -0.01643
  -0.00834
  -0.00646
  -0.01420
  -0.01865
  -0.01701
  -0.02037
  -0.00639
  -0.00287
   0.00083
   0.00182
  -0.00075
  -0.00136
   0.00567
   0.00586
   0.00573
   0.00070
  -0.00609
  -0.00821
  -0.01215
  -0.00631
  -0.01060
  -0.01726
  -0.01693
  -0.00918
   0.00225
   0.00085
   0.00344
   0.01136
   0.01157
   0.00510
  -0.00742
  -0.00395
  -0.01075
  -0.01155
  -0.01260
  -0.02195
  -0.02509
  -0.01992
  -0.01285
  -0.00360
   0.00545
   0.01278
   0.01172
   0.01705
   0.01718
   0.01574
   0.01121
   0.00600
   0.00078
   0.00624
   0.00381
   0.00512
  -0.00036
   0.00772
   0.00426
   0.00445
  -0.00268
  -0.00372
  -0.00173
  -0.00119
   0.00386
   0.00605
  -0.00064
  -0.00472
  -0.01070
  -0.01693
  -0.01627
  -0.00572
   0.00699
   0.00244
  -0.00510
  -0.00548
   0.00072
   0.00569
   0.01991
   0.02455
   0.01614
   0.00703
   0.00696
   0.00593
   0.00654
   0.01095
   0.00364
   0.00042
  -0.00364
   0.00522
   0.01532
   0.01027
   0.00694
   0.00815
   0.01786
   0.01610
   0.00276
  -0.00460
  -0.00821
  -0.01563
  -0.01259
  -0.01320
  -0.01249
  -0.00698
  -0.00194
  -0.00025
  -0.00302
  -0.00275
   0.00222
  -0.00017
   0.00299
   0.00299
   0.00299
   0.00299
   0.00299
   0.00299
   0.00299
   0.00299
   0.00299
   0.00299
   0.00299
   0.00299
   0.00299
   0.00299
   0.00299
   0.00299
   0.00299
   0.00299
   0.00299
   0.00299
   0.00299
   0.00299
   0.00299
   0.00299
   0.00299
   0.00299
   0.00299
   0.00299
   0.00299
   0.00299
   0.00299
   0.00299
   0.00299
   0.00299
   0.00299
   0.00299
   0.00299
   0.00299
   0.00299
   0.00299
   0.00299
   0.00299
   0.00299
   0.00299
   0.00299
   0.00299
   0.00299
   0.00299
   0.00299
   0.00299
   0.00299
   0.00299
   0.00299
   0.00299
   0.00299
   0.00299
   0.00299
   0.00299
   0.00299
   0.00299
   0.00299
   0.00299
   0.00299
   0.00299
   0.00299
   0.00299
   0.00299
   0.00299
   0.00299
   0.00299
   0.00299
   0.00299
   0.00299
   0.00299
   0.00299
   0.00299
   0.00299
   0.00299
   0.00299
   0.00299
   0.00299
   0.00299
   0.00299
   0.00299
   0.00299
   0.00299
   0.00299
   0.00299
   0.00299
   0.00299
   0.00299
   0.00299
   0.00299
   0.00299
   0.00299
   0.00299
   0.00299
   0.00299
   0.00299
   0.00299
   0.00299
   0.00299
   0.00299
   0.00299
   0.00299
   0.00299
   0.00299
   0.00299
   0.00299
   0.00299
   0.00299
   0.00299
   0.00299
   0.00299
   0.00299
   0.00299
   0.00299
   0.00299
   0.00299
   0.00299
   0.00299
   0.00299
   0.00299
   0.00299
   0.00299
   0.00299
   0.00299
   0.00299
   0.00299
   0.00299
   0.00299
   0.00299