  -0.00000
   1.48219
   2.20790
   3.14387
   4.26039
   5.50092
   6.73182
   7.87469
   9.01009
  10.26289
  11.47619
  10.58261
   9.52995
   8.68428
   7.98036
   7.28993
   6.63295
   6.01159
   5.39745
   4.84930
   4.39282
   4.01494
   3.68957
   3.40162
   3.14204
   2.91674
   2.69926
   2.50464
   2.33909
   2.20091
   2.04646
   1.87713
   1.71908
   1.53997
   1.36824
   1.20573
   1.03141
   0.86762
   0.71374
   0.54265
   0.37162
   0.18769
   0.01813
  -0.10738
  -0.23197
  -0.35984
  -0.47236
  -0.57344
  -0.66561
  -0.76904
  -0.84699
  -0.88635
  -0.90456
  -0.96731
  -1.05113
  -1.12249
  -1.16172
  -1.22617
  -1.27634
  -1.35158
  -1.41591
  -1.46226
  -1.51479
  -1.57511
  -1.60634
  -1.63077
  -1.64963
  -1.67685
  -1.69955
  -1.72914
  -1.76753
  -1.77748
  -1.79924
  -1.82935
  -1.83665
  -1.81804
  -1.82406
  -1.84070
  -1.84941
  -1.88049
  -1.88678
  -1.87259
  -1.87020
  -1.88439
  -1.88017
  -1.86095
  -1.87215
  -1.87452
  -1.85869
  -1.84962
  -1.86972
  -1.87779
  -1.88010
  -1.88612
  -1.89336
  -1.88002
  -1.86514
  -1.85277
  -1.84717
  -1.84587
  -1.83680
  -1.79794
  -1.77153
  -1.74786
  -1.72875
  -1.71451
  -1.72317
  -1.72555
  -1.69187
  -1.66703
  -1.63230
  -1.61358
  -1.60279
  -1.57773
  -1.55421
  -1.54593
  -1.53454
  -1.51158
  -1.47626
  -1.45583
  -1.43983
  -1.42388
  -1.39487
  -1.37578
  -1.36905
  -1.37249
  -1.34872
  -1.32105
  -1.29028
  -1.26041
  -1.25221
  -1.19004
  -1.15847
  -1.11868
  -1.08251
  -1.05868
  -1.03208
  -1.03543
  -1.01442
  -1.00673
  -0.98214
  -0.96985
  -0.96104
  -0.95892
  -0.95256
  -0.92924
  -0.91927
  -0.92298
  -0.91517
  -0.89362
  -0.86859
  -0.83577
  -0.80723
  -0.75222
  -0.71656
  -0.67982
  -0.66912
  -0.65483
  -0.63639
  -0.62987
  -0.59836
  -0.59613
  -0.60407
  -0.58905
  -0.57545
  -0.56884
  -0.53472
  -0.52385
  -0.51096
  -0.50090
  -0.47619
  -0.45533
  -0.43020
  -0.41383
  -0.37457
  -0.36418
  -0.36367
  -0.36148
  -0.34690
  -0.33014
  -0.32810
  -0.31612
  -0.30388
  -0.28761
  -0.26962
  -0.24972
  -0.24029
  -0.23508
  -0.20044
  -0.18401
  -0.16764
  -0.16047
  -0.13609
  -0.12658
  -0.10717
  -0.09936
  -0.07167
  -0.05809
  -0.03578
  -0.03033
  -0.02187
  -0.03144
  -0.04908
  -0.04181
  -0.05011
  -0.00902
   0.00716
   0.02196
   0.02997
   0.03220
   0.06203
   0.08939
   0.11129
   0.12863
   0.10741
   0.10457
   0.12771
   0.14979
   0.16407
   0.15585
   0.13828
   0.14222
   0.14784
   0.17638
   0.19433
   0.19766
   0.18841
   0.19940
   0.19676
   0.17888
   0.18740
   0.19615
   0.21813
   0.24816
   0.25454
   0.25297
   0.27912
   0.29913
   0.29651
   0.31507
   0.31449
   0.30310
   0.30866
   0.32610
   0.31325
   0.31658
   0.32560
   0.31464
   0.30335
   0.31456
   0.33683
   0.33421
   0.35223
   0.37301
   0.39333
   0.41155
   0.37971
   0.37239
   0.35767
   0.36581
   0.37336
   0.38302
   0.38616
   0.39588
   0.40452
   0.40777
   0.42868
   0.44027
   0.44839
   0.43945
   0.44758
   0.45476
   0.45734
   0.44920
   0.45772
   0.47779
   0.47511
   0.46608
   0.44250
   0.44228
   0.44812
   0.45604
   0.47193
   0.46094
   0.45292
   0.47763
   0.48877
   0.50074
   0.50157
   0.51887
   0.51973
   0.50286
   0.48185
   0.49181
   0.50362
   0.52695
   0.52205
   0.51605
   0.49551
   0.46604
   0.45451
   0.46443
   0.47977
   0.47271
   0.46670
   0.45758
   0.45178
   0.44348
   0.46984
   0.48630
   0.48096
   0.48770
   0.49710
   0.49988
   0.49536
   0.50810
   0.51672
   0.51975
   0.51107
   0.50437
   0.50151
   0.49068
   0.46579
   0.44446
   0.47138
   0.48484
   0.47929
   0.47393
   0.46755
   0.46347
   0.47639
   0.47267
   0.46404
   0.46909
   0.46103
   0.46874
   0.47985
   0.48339
   0.47366
   0.45792
   0.46611
   0.46853
   0.47576
   0.46094
   0.43534
   0.44023
   0.45978
   0.46588
   0.46857
   0.47382
   0.46207
   0.46025
   0.44483
   0.44336
   0.44593
   0.44948
   0.45222
   0.45045
   0.44346
   0.42834
   0.43317
   0.43528
   0.42322
   0.41107
   0.41386
   0.43567
   0.43809
   0.43218
   0.44050
   0.44409
   0.45183
   0.44767
   0.43694
   0.44039
   0.43724
   0.38929
   0.37492
   0.37694
   0.36834
   0.36960
   0.37941
   0.35139
   0.34411
   0.36660
   0.36588
   0.39138
   0.41287
   0.40825
   0.39065
   0.38988
   0.38615
   0.37340
   0.36526
   0.35155
   0.34366
   0.32931
   0.30806
   0.29432
   0.30184
   0.31242
   0.30551
   0.31221
   0.31372
   0.32469
   0.35012
   0.36767
   0.37963
   0.36992
   0.35050
   0.33826
   0.35725
   0.35932
   0.34224
   0.32495
   0.29863
   0.29214
   0.29476
   0.29689
   0.29508
   0.27635
   0.28554
   0.29783
   0.29011
   0.28623
   0.29559
   0.31441
   0.30479
   0.31018
   0.31793
   0.29571
   0.26625
   0.25260
   0.26296
   0.26971
   0.28173
   0.27763
   0.28520
   0.30106
   0.29006
   0.27086
   0.27464
   0.25207
   0.24061
   0.23711
   0.25602
   0.25116
   0.25047
   0.24747
   0.24489
   0.23855
   0.24090
   0.25152
   0.24790
   0.23853
   0.25233
   0.25486
   0.24126
   0.24776
   0.23583
   0.23560
   0.24391
   0.26254
   0.27167
   0.28710
   0.27921
   0.28524
   0.26254
   0.22336
   0.21276
   0.22045
   0.23322
   0.21381
   0.19773
   0.20773
   0.19861
   0.20169
   0.19598
   0.19356
   0.18812
   0.19943
   0.21927
   0.21974
   0.20629
   0.21612
   0.19648
   0.18750
   0.18870
   0.20150
   0.19389
   0.19421
   0.17537
   0.16340
   0.15262
   0.15930
   0.16944
   0.18000
   0.16879
   0.15866
   0.14466
   0.14196
   0.15551
   0.16641
   0.18108
   0.17827
   0.18110
   0.18649
   0.21028
   0.20067
   0.18552
   0.17237
   0.15787
   0.13170
   0.12707
   0.14774
   0.16840
   0.18165
   0.16154
   0.16000
   0.16388
   0.16237
   0.14708
   0.14249
   0.15514
   0.15362
   0.15188
   0.15297
   0.16056
   0.17902
   0.16259
   0.17062
   0.16228
   0.16220
   0.18852
   0.20224
   0.17793
   0.16814
   0.13220
   0.13362
   0.13150
   0.13225
   0.12656
   0.15080
   0.12830
   0.14278
   0.12740
   0.13065
   0.13055
   0.13558
   0.10072
   0.11730
   0.12791
   0.13250
   0.12780
   0.12589
   0.15306
   0.14038
   0.13342
   0.15133
   0.14347
   0.16126
   0.15620
   0.15064
   0.13738
   0.11796
   0.12634
   0.15548
   0.15846
   0.14627
   0.15228
   0.14914
   0.13817
   0.12584
   0.13271
   0.13036
   0.12097
   0.11408
   0.11924
   0.12236
   0.12707
   0.14829
   0.15284
   0.13285
   0.12175
   0.10024
   0.09859
   0.08977
   0.09239
   0.10828
   0.09795
   0.10302
   0.10516
   0.12609
   0.12470
   0.11888
   0.14054
   0.16004
   0.11931
   0.09848
   0.12126
   0.12493
   0.11964
   0.11693
   0.12081
   0.12217
   0.12605
   0.12267
   0.10949
   0.10788
   0.12112
   0.13715
   0.12380
   0.10915
   0.11117
   0.11692
   0.10567
   0.11852
   0.11425
   0.09434
   0.08849
   0.08165
   0.10922
   0.14766
   0.12238
   0.11930
   0.10933
   0.12097
   0.12152
   0.12156
   0.11958
   0.11616
   0.09474
   0.08342
   0.08692
   0.08427
   0.09081
   0.08284
   0.07784
   0.06694
   0.04531
   0.04040
   0.05391
   0.05021
   0.06005
   0.06934
   0.08196
   0.07383
   0.07325
   0.07396
   0.09181
   0.08627
   0.07961
   0.08214
   0.07117
   0.07522
   0.08840
   0.08391
   0.07461
   0.07400
   0.07367
   0.07733
   0.06854
   0.07646
   0.07317
   0.05789
   0.07053
   0.07133
   0.07494
   0.04527
   0.02272
   0.01008
   0.00737
   0.01183
   0.02524
   0.02641
   0.02507
   0.02270
   0.03179
   0.03495
   0.04083
   0.04364
   0.04479
   0.05637
   0.07099
   0.07779
   0.08839
   0.08697
   0.07355
   0.05890
   0.02607
   0.03670
   0.05790
   0.07767
   0.07095
   0.07383
   0.07517
   0.06085
   0.06081
   0.05212
   0.04985
   0.01730
   0.00724
   0.02913
   0.01846
   0.03380
   0.04149
   0.05676
   0.07846
   0.07826
   0.08167
   0.07217
   0.06236
   0.05960
   0.06336
   0.04211
   0.04834
   0.05039
   0.06585
   0.06439
   0.06455
   0.06068
   0.04647
   0.02126
   0.01080
   0.00794
   0.01310
   0.01086
   0.01810
   0.02246
   0.04077
   0.04129
   0.04871
   0.06123
   0.04177
   0.04362
   0.04396
   0.03872
   0.05111
   0.07196
   0.05314
   0.03940
   0.02110
  -0.00161
  -0.01311
  -0.00657
  -0.00216
  -0.00744
  -0.02019
  -0.03129
  -0.01713
  -0.00046
   0.01724
   0.00517
   0.00391
   0.00728
   0.01739
   0.02143
   0.01980
   0.03092
   0.04471
   0.04002
   0.04106
   0.04915
   0.05637
   0.03689
   0.01644
   0.01300
   0.01157
   0.01538
   0.00689
   0.00855
   0.01439
   0.03234
   0.01596
   0.02642
   0.03041
   0.02773
   0.01852
   0.01100
   0.01069
   0.00894
  -0.00187
  -0.00997
  -0.02876
  -0.03489
  -0.03052
  -0.04826
  -0.02940
  -0.01910
  -0.01950
  -0.03989
  -0.06292
  -0.06922
  -0.06612
  -0.04100
  -0.03469
  -0.03918
  -0.02967
  -0.01078
   0.00656
   0.01799
   0.01980
   0.01877
  -0.00761
  -0.02618
  -0.02405
  -0.04542
  -0.04956
  -0.05465
  -0.03853
  -0.01184
   0.00859
  -0.00444
  -0.00141
  -0.00912
  -0.01636
  -0.03582
  -0.04929
  -0.05964
  -0.05538
  -0.05577
  -0.04825
  -0.03839
  -0.06189
  -0.06866
  -0.08233
  -0.07837
  -0.05063
  -0.02563
  -0.01296
  -0.01448
  -0.00826
  -0.02426
  -0.02440
  -0.01179
  -0.01963
  -0.03790
  -0.05534
  -0.06960
  -0.05987
  -0.04895
  -0.03991
  -0.01310
   0.00223
  -0.00533
  -0.00483
  -0.00022
   0.00855
   0.03567
   0.04206
   0.02529
  -0.02203
  -0.04280
  -0.04271
  -0.04462
  -0.04947
  -0.05664
  -0.04610
  -0.03391
  -0.02884
  -0.02722
  -0.02422
  -0.02666
  -0.03355
  -0.03642
  -0.03305
  -0.01581
  -0.01534
  -0.00810
  -0.00725
  -0.00681
   0.00900
   0.02289
   0.02044
  -0.01018
  -0.00460
  -0.00623
   0.00644
   0.01292
   0.00787
   0.00729
   0.00729
   0.00729
   0.00729
   0.00729
   0.00729
   0.00729
   0.00729
   0.00729
   0.00729
   0.00729
   0.00729
   0.00729
   0.00729
   0.00729
   0.00729
   0.00729
   0.00729
   0.00729
   0.00729
   0.00729
   0.00729
   0.00729
   0.00729
   0.00729
   0.00729
   0.00729
   0.00729
   0.00729
   0.00729
   0.00729
   0.00729
   0.00729
   0.00729
   0.00729
   0.00729
   0.00729
   0.00729
   0.00729
   0.00729
   0.00729
   0.00729
   0.00729
   0.00729
   0.00729
   0.00729
   0.00729
   0.00729
   0.00729
   0.00729
   0.00729
   0.00729
   0.00729
   0.00729
   0.00729
   0.00729
   0.00729
   0.00729
   0.00729
   0.00729
   0.00729
   0.00729
   0.00729
   0.00729
   0.00729
   0.00729
   0.00729
   0.00729
   0.00729
   0.00729
   0.00729
   0.00729
   0.00729
   0.00729
   0.00729
   0.00729
   0.00729
   0.00729
   0.00729
   0.00729
   0.00729
   0.00729
   0.00729
   0.00729
   0.00729
   0.00729
   0.00729
   0.00729
   0.00729
   0.00729
   0.00729
   0.00729
   0.00729
   0.00729
   0.00729
   0.00729
   0.00729
   0.00729
   0.00729
   0.00729
   0.00729
   0.00729
   0.00729
   0.00729
   0.00729
   0.00729
   0.00729
   0.00729
   0.00729
   0.00729
   0.00729
   0.00729
   0.00729
   0.00729
   0.00729
   0.00729
   0.00729
   0.00729
   0.00729
   0.00729
   0.00729
   0.00729
   0.00729
   0.00729
   0.00729
   0.00729
   0.00729
   0.00729
   0.00729
   0.00729
   0.00729
   0.00729
   0.00729
   0.00729
   0.00729
   0.00729
   0.00729
   0.00729
   0.00729
   0.00729
   0.00729
   0.00729
   0.00729
   0.00729
   0.00729