  -0.00000
   0.44603
   1.07055
   2.20048
   3.85231
   5.85454
   7.95951
   9.46632
  10.22599
  11.00445
  11.50000
  11.15295
  10.65028
  10.24833
   9.74124
   9.06446
   8.30641
   7.55098
   6.83368
   6.17895
   5.59938
   5.02904
   4.47003
   4.01194
   3.63631
   3.27399
   2.93689
   2.64516
   2.38227
   2.12432
   1.87063
   1.63747
   1.42818
   1.21820
   1.00159
   0.78476
   0.57811
   0.38993
   0.20671
   0.01707
  -0.16436
  -0.32660
  -0.48777
  -0.64714
  -0.79742
  -0.93448
  -1.06625
  -1.19472
  -1.31652
  -1.42860
  -1.53504
  -1.63729
  -1.73521
  -1.82525
  -1.91093
  -1.99311
  -2.07532
  -2.14740
  -2.21561
  -2.27956
  -2.34013
  -2.39620
  -2.44763
  -2.49375
  -2.53637
  -2.57875
  -2.61613
  -2.65140
  -2.68406
  -2.71222
  -2.73778
  -2.76001
  -2.77877
  -2.79708
  -2.81461
  -2.82919
  -2.84106
  -2.84796
  -2.85065
  -2.85360
  -2.85522
  -2.85684
  -2.85739
  -2.85733
  -2.85269
  -2.84615
  -2.83604
  -2.82812
  -2.82308
  -2.81446
  -2.80347
  -2.79306
  -2.78097
  -2.76906
  -2.75197
  -2.73356
  -2.71497
  -2.69799
  -2.67931
  -2.65903
  -2.63669
  -2.61576
  -2.59252
  -2.56815
  -2.54398
  -2.51794
  -2.49383
  -2.47017
  -2.44412
  -2.41833
  -2.39437
  -2.36686
  -2.33526
  -2.30632
  -2.27699
  -2.25041
  -2.22443
  -2.19916
  -2.17218
  -2.14566
  -2.11633
  -2.08652
  -2.05816
  -2.02857
  -2.00086
  -1.97093
  -1.94293
  -1.91482
  -1.88679
  -1.85824
  -1.82998
  -1.80002
  -1.76923
  -1.73770
  -1.70694
  -1.67838
  -1.65066
  -1.62048
  -1.59095
  -1.56141
  -1.53520
  -1.50763
  -1.48086
  -1.44880
  -1.42055
  -1.39494
  -1.36626
  -1.34001
  -1.31169
  -1.28552
  -1.25799
  -1.23001
  -1.20492
  -1.17894
  -1.15091
  -1.12350
  -1.09650
  -1.07144
  -1.04562
  -1.01891
  -0.99367
  -0.96856
  -0.94473
  -0.92023
  -0.89439
  -0.86930
  -0.84601
  -0.82504
  -0.80239
  -0.77722
  -0.75672
  -0.73641
  -0.71527
  -0.69340
  -0.66953
  -0.64880
  -0.62778
  -0.60759
  -0.58622
  -0.56475
  -0.54358
  -0.52483
  -0.50548
  -0.48486
  -0.46508
  -0.44698
  -0.42721
  -0.40657
  -0.38641
  -0.36764
  -0.35222
  -0.33357
  -0.31732
  -0.30109
  -0.28378
  -0.26702
  -0.25107
  -0.23595
  -0.22002
  -0.20533
  -0.19020
  -0.17343
  -0.15759
  -0.14418
  -0.12874
  -0.11415
  -0.10045
  -0.08653
  -0.07233
  -0.05776
  -0.04463
  -0.03228
  -0.01913
  -0.00675
   0.00655
   0.02047
   0.03103
   0.04354
   0.05660
   0.07072
   0.08480
   0.09727
   0.10883
   0.11786
   0.12999
   0.14216
   0.15566
   0.16651
   0.17520
   0.18533
   0.19598
   0.20488
   0.21526
   0.22381
   0.23283
   0.24084
   0.24900
   0.25439
   0.26441
   0.27488
   0.28302
   0.29010
   0.29684
   0.30501
   0.31533
   0.32477
   0.33315
   0.33787
   0.34307
   0.34800
   0.35234
   0.35732
   0.36389
   0.37165
   0.37653
   0.38385
   0.39093
   0.39682
   0.40069
   0.40571
   0.40992
   0.41651
   0.42241
   0.42571
   0.42794
   0.43018
   0.43635
   0.44248
   0.44723
   0.45099
   0.45904
   0.46612
   0.46813
   0.47146
   0.47323
   0.47666
   0.47980
   0.48150
   0.48314
   0.48380
   0.48614
   0.48759
   0.49145
   0.49747
   0.50231
   0.50581
   0.50717
   0.50911
   0.51392
   0.51541
   0.51886
   0.52329
   0.52577
   0.52617
   0.52881
   0.52965
   0.53049
   0.53436
   0.53449
   0.53552
   0.53536
   0.53522
   0.53669
   0.53961
   0.53943
   0.53926
   0.54080
   0.54205
   0.54253
   0.54382
   0.54528
   0.54520
   0.54652
   0.54760
   0.54594
   0.54636
   0.54550
   0.54532
   0.54400
   0.54265
   0.54401
   0.54575
   0.54576
   0.54457
   0.54379
   0.54283
   0.54388
   0.54323
   0.54296
   0.54196
   0.54082
   0.53828
   0.53678
   0.53556
   0.53473
   0.53515
   0.53588
   0.53612
   0.53495
   0.53369
   0.53265
   0.52768
   0.52606
   0.52489
   0.52498
   0.52370
   0.52378
   0.52451
   0.52206
   0.51806
   0.51761
   0.51896
   0.52129
   0.51989
   0.51648
   0.51677
   0.51686
   0.51727
   0.51564
   0.51341
   0.51345
   0.51267
   0.51111
   0.51043
   0.50659
   0.50106
   0.49617
   0.49387
   0.49404
   0.49237
   0.49286
   0.48748
   0.48357
   0.48216
   0.48056
   0.47928
   0.47791
   0.47649
   0.47273
   0.47102
   0.46946
   0.46899
   0.46807
   0.46517
   0.46317
   0.46014
   0.45755
   0.45513
   0.45327
   0.44868
   0.44574
   0.44406
   0.44281
   0.44100
   0.43569
   0.43249
   0.43347
   0.43455
   0.43220
   0.42892
   0.42644
   0.42594
   0.42321
   0.42144
   0.42007
   0.41618
   0.41143
   0.40742
   0.40557
   0.40379
   0.40161
   0.40175
   0.39767
   0.39411
   0.39163
   0.38989
   0.38649
   0.38461
   0.38303
   0.37917
   0.37599
   0.37331
   0.37305
   0.37489
   0.37397
   0.37106
   0.36852
   0.36401
   0.35881
   0.35549
   0.35293
   0.34956
   0.34730
   0.34576
   0.34438
   0.34084
   0.33908
   0.33726
   0.33531
   0.33387
   0.33183
   0.32917
   0.32586
   0.32097
   0.32010
   0.31845
   0.31869
   0.31811
   0.31599
   0.31024
   0.30639
   0.30523
   0.30376
   0.30078
   0.29691
   0.29621
   0.29501
   0.29356
   0.29132
   0.29115
   0.28943
   0.28994
   0.28799
   0.28524
   0.28311
   0.27952
   0.27726
   0.27624
   0.27536
   0.27154
   0.26949
   0.26678
   0.26557
   0.26291
   0.26043
   0.25985
   0.26075
   0.25972
   0.25814
   0.25507
   0.25225
   0.24846
   0.24380
   0.24131
   0.23853
   0.23601
   0.23396
   0.22906
   0.22788
   0.22763
   0.22663
   0.22249
   0.22147
   0.22129
   0.22041
   0.21883
   0.21553
   0.21402
   0.21006
   0.20787
   0.20487
   0.20296
   0.20295
   0.19951
   0.19925
   0.19818
   0.19362
   0.19410
   0.19068
   0.18948
   0.18704
   0.18600
   0.18400
   0.18112
   0.17973
   0.17942
   0.17977
   0.17867
   0.17795
   0.17554
   0.17132
   0.16842
   0.16770
   0.16598
   0.16479
   0.16451
   0.16410
   0.16380
   0.16352
   0.16042
   0.15795
   0.15730
   0.15573
   0.15334
   0.15036
   0.14892
   0.14933
   0.14567
   0.14295
   0.14042
   0.14122
   0.14148
   0.13877
   0.13729
   0.13739
   0.13669
   0.13480
   0.13075
   0.12753
   0.12534
   0.12455
   0.12473
   0.12256
   0.11798
   0.11487
   0.11277
   0.11525
   0.11475
   0.11258
   0.11110
   0.10899
   0.10861
   0.10773
   0.10555
   0.10404
   0.10332
   0.10145
   0.10078
   0.10116
   0.10080
   0.10012
   0.10113
   0.10204
   0.10132
   0.09912
   0.10124
   0.10300
   0.10032
   0.09640
   0.09632
   0.09637
   0.09265
   0.08975
   0.08551
   0.08266
   0.08263
   0.08346
   0.08296
   0.08308
   0.08272
   0.08117
   0.08064
   0.08070
   0.07928
   0.07482
   0.07240
   0.07352
   0.07373
   0.07162
   0.06922
   0.06671
   0.06634
   0.06745
   0.06828
   0.06683
   0.06416
   0.06381
   0.06361
   0.06246
   0.06240
   0.06330
   0.06221
   0.06097
   0.05921
   0.05734
   0.05403
   0.05286
   0.05310
   0.05389
   0.05608
   0.05877
   0.05677
   0.05446
   0.05125
   0.05008
   0.04854
   0.04540
   0.04425
   0.04375
   0.03977
   0.03845
   0.03858
   0.03934
   0.03856
   0.03637
   0.03745
   0.03705
   0.03694
   0.03685
   0.03674
   0.03501
   0.03448
   0.03453
   0.03315
   0.03318
   0.02992
   0.02648
   0.02541
   0.02274
   0.02295
   0.02470
   0.02519
   0.02352
   0.02323
   0.02347
   0.02114
   0.02020
   0.02044
   0.01876
   0.02131
   0.02094
   0.02142
   0.02101
   0.01777
   0.01507
   0.01396
   0.01379
   0.01323
   0.01225
   0.01299
   0.01451
   0.01472
   0.01261
   0.01249
   0.01274
   0.01206
   0.01120
   0.01056
   0.00858
   0.00775
   0.00633
   0.00663
   0.00720
   0.00535
   0.00330
   0.00091
   0.00253
   0.00429
   0.00320
   0.00234
   0.00148
   0.00162
   0.00179
   0.00041
  -0.00047
  -0.00126
   0.00047
   0.00218
  -0.00011
  -0.00153
  -0.00100
  -0.00015
  -0.00188
  -0.00284
  -0.00288
  -0.00429
  -0.00505
  -0.00610
  -0.00872
  -0.01045
  -0.00968
  -0.00933
  -0.00838
  -0.00834
  -0.00766
  -0.01004
  -0.01018
  -0.00928
  -0.00892
  -0.00926
  -0.01144
  -0.01331
  -0.01410
  -0.01395
  -0.01400
  -0.01529
  -0.01558
  -0.01692
  -0.01619
  -0.01445
  -0.01387
  -0.01580
  -0.01531
  -0.01380
  -0.01449
  -0.01453
  -0.01573
  -0.01464
  -0.01268
  -0.01517
  -0.01639
  -0.01570
  -0.01880
  -0.01893
  -0.01933
  -0.01912
  -0.02083
  -0.02167
  -0.02278
  -0.02108
  -0.01774
  -0.01790
  -0.01661
  -0.01578
  -0.01582
  -0.01694
  -0.01597
  -0.01577
  -0.01660
  -0.01799
  -0.01829
  -0.01853
  -0.02005
  -0.01837
  -0.01656
  -0.01547
  -0.01536
  -0.01611
  -0.01514
  -0.01545
  -0.01643
  -0.01604
  -0.01354
  -0.01203
  -0.01502
  -0.01586
  -0.01552
  -0.01594
  -0.01417
  -0.01201
  -0.01100
  -0.01062
  -0.01059
  -0.01215
  -0.01478
  -0.01752
  -0.01623
  -0.01722
  -0.01800
  -0.01811
  -0.01490
  -0.01298
  -0.01220
  -0.01037
  -0.00976
  -0.00856
  -0.00826
  -0.00772
  -0.00842
  -0.01085
  -0.01219
  -0.01307
  -0.01429
  -0.01522
  -0.01383
  -0.01436
  -0.01455
  -0.01416
  -0.01434
  -0.01383
  -0.01586
  -0.01796
  -0.01746
  -0.01554
  -0.01555
  -0.01620
  -0.01624
  -0.01558
  -0.01509
  -0.01472
  -0.01548
  -0.01473
  -0.01664
  -0.01691
  -0.01614
  -0.01342
  -0.00937
  -0.00881
  -0.00869
  -0.00908
  -0.00937
  -0.01167
  -0.01148
  -0.01300
  -0.01353
  -0.01307
  -0.01181
  -0.01317
  -0.01325
  -0.01313
  -0.01323
  -0.01193
  -0.01056
  -0.00848
  -0.00812
  -0.00863
  -0.00878
  -0.00953
  -0.00879
  -0.00948
  -0.01019
  -0.01011
  -0.00656
  -0.00618
  -0.00511
  -0.00623
  -0.00739
  -0.00778
  -0.00841
  -0.00666
  -0.00373
  -0.00445
  -0.00813
  -0.00850
  -0.00664
  -0.00584
  -0.00531
  -0.00385
  -0.00503
  -0.00472
  -0.00390
  -0.00330
  -0.00433
  -0.00407
  -0.00242
  -0.00405
  -0.00579
  -0.00560
  -0.00427
  -0.00450
  -0.00417
  -0.00310
  -0.00201
   0.00017
   0.00033
   0.00160
  -0.00008
   0.00151
  -0.00012
  -0.00073
   0.00015
  -0.00025
  -0.00077
  -0.00077
  -0.00077
  -0.00077
  -0.00077
  -0.00077
  -0.00077
  -0.00077
  -0.00077
  -0.00077
  -0.00077
  -0.00077
  -0.00077
  -0.00077
  -0.00077
  -0.00077
  -0.00077
  -0.00077
  -0.00077
  -0.00077
  -0.00077
  -0.00077
  -0.00077
  -0.00077
  -0.00077
  -0.00077
  -0.00077
  -0.00077
  -0.00077
  -0.00077
  -0.00077
  -0.00077
  -0.00077
  -0.00077
  -0.00077
  -0.00077
  -0.00077
  -0.00077
  -0.00077
  -0.00077
  -0.00077
  -0.00077
  -0.00077
  -0.00077
  -0.00077
  -0.00077
  -0.00077
  -0.00077
  -0.00077
  -0.00077
  -0.00077
  -0.00077
  -0.00077
  -0.00077
  -0.00077
  -0.00077
  -0.00077
  -0.00077
  -0.00077
  -0.00077
  -0.00077
  -0.00077
  -0.00077
  -0.00077
  -0.00077
  -0.00077
  -0.00077
  -0.00077
  -0.00077
  -0.00077
  -0.00077
  -0.00077
  -0.00077
  -0.00077
  -0.00077
  -0.00077
  -0.00077
  -0.00077
  -0.00077
  -0.00077
  -0.00077
  -0.00077
  -0.00077
  -0.00077
  -0.00077
  -0.00077
  -0.00077
  -0.00077
  -0.00077
  -0.00077
  -0.00077
  -0.00077
  -0.00077
  -0.00077
  -0.00077
  -0.00077
  -0.00077
  -0.00077
  -0.00077
  -0.00077
  -0.00077
  -0.00077
  -0.00077
  -0.00077
  -0.00077
  -0.00077
  -0.00077
  -0.00077
  -0.00077
  -0.00077
  -0.00077
  -0.00077
  -0.00077
  -0.00077
  -0.00077
  -0.00077
  -0.00077
  -0.00077
  -0.00077
  -0.00077
  -0.00077
  -0.00077
  -0.00077
  -0.00077
  -0.00077
  -0.00077
  -0.00077
  -0.00077
  -0.00077
  -0.00077
  -0.00077
  -0.00077