  -0.00000
   1.05321
   1.30492
   1.69640
   2.35536
   3.34797
   4.59374
   5.89267
   7.19058
   8.42973
   9.31111
   8.65133
   7.75867
   7.11139
   6.71604
   6.41145
   6.15410
   5.93057
   5.75097
   5.57611
   5.38491
   5.19006
   4.98795
   4.76898
   4.53872
   4.31626
   4.09101
   3.87753
   3.66373
   3.46338
   3.26927
   3.07291
   2.88344
   2.69891
   2.52272
   2.35373
   2.18554
   2.02797
   1.86887
   1.70151
   1.53693
   1.38419
   1.24137
   1.10281
   0.97874
   0.84407
   0.71084
   0.58346
   0.46479
   0.34863
   0.22744
   0.11262
   0.00909
  -0.08602
  -0.18422
  -0.28494
  -0.37672
  -0.47874
  -0.56695
  -0.65398
  -0.73248
  -0.81671
  -0.90178
  -0.97944
  -1.04591
  -1.11638
  -1.17134
  -1.23889
  -1.30001
  -1.35131
  -1.40200
  -1.45872
  -1.51783
  -1.57048
  -1.61645
  -1.66024
  -1.69465
  -1.72967
  -1.76991
  -1.81460
  -1.86694
  -1.90598
  -1.92989
  -1.95590
  -1.97927
  -2.00548
  -2.03811
  -2.05629
  -2.07713
  -2.09867
  -2.11760
  -2.13643
  -2.16879
  -2.19634
  -2.19992
  -2.20330
  -2.21195
  -2.22358
  -2.24199
  -2.24949
  -2.24968
  -2.24751
  -2.25844
  -2.26792
  -2.26383
  -2.27107
  -2.27326
  -2.27551
  -2.28637
  -2.28608
  -2.29097
  -2.29195
  -2.28056
  -2.27019
  -2.25891
  -2.25758
  -2.24336
  -2.23228
  -2.22045
  -2.22620
  -2.22064
  -2.20727
  -2.19900
  -2.18875
  -2.18153
  -2.16521
  -2.14310
  -2.13461
  -2.12339
  -2.11019
  -2.09607
  -2.07803
  -2.07084
  -2.05122
  -2.02975
  -2.01153
  -2.00129
  -1.98177
  -1.95377
  -1.93820
  -1.93896
  -1.92777
  -1.91151
  -1.88692
  -1.86428
  -1.83853
  -1.81608
  -1.79836
  -1.76873
  -1.75208
  -1.74312
  -1.72038
  -1.68808
  -1.66943
  -1.66281
  -1.64452
  -1.62293
  -1.59328
  -1.57412
  -1.56058
  -1.54004
  -1.51865
  -1.49620
  -1.47360
  -1.45024
  -1.42632
  -1.39535
  -1.37708
  -1.36248
  -1.33996
  -1.32087
  -1.30756
  -1.29195
  -1.27019
  -1.25215
  -1.23038
  -1.21495
  -1.18797
  -1.15589
  -1.12986
  -1.09827
  -1.07248
  -1.05593
  -1.03826
  -1.03457
  -1.03030
  -1.00906
  -0.97966
  -0.95009
  -0.92842
  -0.91160
  -0.89433
  -0.88011
  -0.86023
  -0.83196
  -0.81507
  -0.79686
  -0.78411
  -0.77438
  -0.74901
  -0.73025
  -0.71611
  -0.69212
  -0.66977
  -0.66590
  -0.65350
  -0.61786
  -0.59067
  -0.56747
  -0.55243
  -0.53750
  -0.52162
  -0.50937
  -0.49010
  -0.47488
  -0.46115
  -0.44026
  -0.42585
  -0.41625
  -0.40151
  -0.38211
  -0.36652
  -0.34681
  -0.32198
  -0.30017
  -0.29500
  -0.29975
  -0.28949
  -0.27625
  -0.25863
  -0.24209
  -0.22075
  -0.19844
  -0.17917
  -0.17169
  -0.16593
  -0.14869
  -0.13850
  -0.12627
  -0.11780
  -0.09775
  -0.07186
  -0.06276
  -0.05384
  -0.05404
  -0.05071
  -0.03541
  -0.01430
  -0.00077
   0.01112
   0.02233
   0.02984
   0.03342
   0.04234
   0.06026
   0.07243
   0.08401
   0.08816
   0.10356
   0.11854
   0.12751
   0.14149
   0.15306
   0.16428
   0.16729
   0.17252
   0.17473
   0.18614
   0.20202
   0.20615
   0.20334
   0.21951
   0.23350
   0.23703
   0.24140
   0.24414
   0.25006
   0.25703
   0.26764
   0.28057
   0.28860
   0.29950
   0.31170
   0.32477
   0.32549
   0.32199
   0.32708
   0.34233
   0.34770
   0.34337
   0.34244
   0.34823
   0.35806
   0.36542
   0.37303
   0.38920
   0.40353
   0.40503
   0.40814
   0.41046
   0.41211
   0.41751
   0.42731
   0.43542
   0.43711
   0.44035
   0.44613
   0.45052
   0.45001
   0.44810
   0.46241
   0.46713
   0.46808
   0.46568
   0.47464
   0.48725
   0.49006
   0.48711
   0.49329
   0.49277
   0.49535
   0.49905
   0.51016
   0.51615
   0.51005
   0.50751
   0.51521
   0.51750
   0.52634
   0.51890
   0.51366
   0.51902
   0.53271
   0.53868
   0.53371
   0.53380
   0.53662
   0.54642
   0.54609
   0.53920
   0.53358
   0.53322
   0.54099
   0.55152
   0.55277
   0.55682
   0.56216
   0.55598
   0.56009
   0.56234
   0.56695
   0.56507
   0.55879
   0.55852
   0.55755
   0.55341
   0.55022
   0.55151
   0.55080
   0.55557
   0.56562
   0.56925
   0.56746
   0.57042
   0.56453
   0.56083
   0.55543
   0.55322
   0.55481
   0.55262
   0.55223
   0.55630
   0.56355
   0.56614
   0.56082
   0.55853
   0.55356
   0.54606
   0.54172
   0.54015
   0.54058
   0.54365
   0.54976
   0.55067
   0.55162
   0.55138
   0.53973
   0.54170
   0.53596
   0.53469
   0.53727
   0.53836
   0.53471
   0.53248
   0.52672
   0.52780
   0.52406
   0.52127
   0.52013
   0.52219
   0.51956
   0.51679
   0.51957
   0.51937
   0.51014
   0.50992
   0.51584
   0.51576
   0.51450
   0.51067
   0.50313
   0.50291
   0.50666
   0.49754
   0.48716
   0.48847
   0.49861
   0.49709
   0.49489
   0.49678
   0.49503
   0.49290
   0.48726
   0.49049
   0.49766
   0.50025
   0.48794
   0.47703
   0.46703
   0.46389
   0.46921
   0.45848
   0.45584
   0.45122
   0.46019
   0.47096
   0.47091
   0.47136
   0.46630
   0.45928
   0.45538
   0.44816
   0.44254
   0.43860
   0.42678
   0.42733
   0.42892
   0.42831
   0.43253
   0.42930
   0.43125
   0.42613
   0.42696
   0.42764
   0.41669
   0.41530
   0.41366
   0.40968
   0.40980
   0.40784
   0.39743
   0.40310
   0.40319
   0.39319
   0.38673
   0.39123
   0.39467
   0.39316
   0.38989
   0.38072
   0.37614
   0.37832
   0.37303
   0.36562
   0.36467
   0.36916
   0.36606
   0.35920
   0.35214
   0.34820
   0.35578
   0.35522
   0.35051
   0.34518
   0.34940
   0.34404
   0.34354
   0.34101
   0.34099
   0.33291
   0.31902
   0.32192
   0.32415
   0.32256
   0.32285
   0.32163
   0.31815
   0.30912
   0.30651
   0.30916
   0.31418
   0.31295
   0.31301
   0.30679
   0.29801
   0.29114
   0.30000
   0.30478
   0.30069
   0.29746
   0.29339
   0.28445
   0.27634
   0.27628
   0.26484
   0.27298
   0.27546
   0.28192
   0.28193
   0.27642
   0.26923
   0.26991
   0.26768
   0.26349
   0.24594
   0.24580
   0.24602
   0.24144
   0.24206
   0.23939
   0.23581
   0.23226
   0.23326
   0.24610
   0.24728
   0.24268
   0.24250
   0.24168
   0.24110
   0.23659
   0.23636
   0.23667
   0.22799
   0.22291
   0.21925
   0.22444
   0.22511
   0.22669
   0.22174
   0.21743
   0.20418
   0.20421
   0.20662
   0.21296
   0.21216
   0.21504
   0.21295
   0.21308
   0.21724
   0.21346
   0.20162
   0.19596
   0.19089
   0.18966
   0.18573
   0.18686
   0.18943
   0.19863
   0.19602
   0.19167
   0.18496
   0.17938
   0.18306
   0.18219
   0.17455
   0.16866
   0.17330
   0.17564
   0.17974
   0.17570
   0.16149
   0.16150
   0.16518
   0.17319
   0.17305
   0.16451
   0.16462
   0.16722
   0.17005
   0.16523
   0.15673
   0.14819
   0.15094
   0.15134
   0.14881
   0.15196
   0.15552
   0.15667
   0.15951
   0.15343
   0.15322
   0.14742
   0.14717
   0.15203
   0.15316
   0.14789
   0.13874
   0.13385
   0.13301
   0.13445
   0.13938
   0.14651
   0.14962
   0.13967
   0.12638
   0.12852
   0.12552
   0.12647
   0.11972
   0.13108
   0.12892
   0.12659
   0.11936
   0.11977
   0.11833
   0.11976
   0.12111
   0.12553
   0.12745
   0.12352
   0.11640
   0.11392
   0.11564
   0.12090
   0.12104
   0.11773
   0.11325
   0.11551
   0.11621
   0.11513
   0.11285
   0.10470
   0.10432
   0.10415
   0.10069
   0.10347
   0.10213
   0.09709
   0.10239
   0.10877
   0.10759
   0.10498
   0.09605
   0.10326
   0.10347
   0.10170
   0.10673
   0.10189
   0.09300
   0.09092
   0.09327
   0.09901
   0.10400
   0.09602
   0.08576
   0.08686
   0.08173
   0.08134
   0.07989
   0.08159
   0.08695
   0.08216
   0.07934
   0.07604
   0.08002
   0.08502
   0.08768
   0.09292
   0.08563
   0.07531
   0.07053
   0.07637
   0.08930
   0.09266
   0.08354
   0.08029
   0.08460
   0.07740
   0.07015
   0.06801
   0.06649
   0.07643
   0.07654
   0.07282
   0.07166
   0.06668
   0.06410
   0.06275
   0.06612
   0.06574
   0.06826
   0.06601
   0.06901
   0.07419
   0.06811
   0.06545
   0.06403
   0.06368
   0.06859
   0.05514
   0.05724
   0.06762
   0.06307
   0.05950
   0.05781
   0.05501
   0.05827
   0.05385
   0.05474
   0.05110
   0.04243
   0.03309
   0.03478
   0.04247
   0.04214
   0.03887
   0.03478
   0.03550
   0.03841
   0.04008
   0.04409
   0.04515
   0.03886
   0.03893
   0.04136
   0.05091
   0.04864
   0.04463
   0.04562
   0.04518
   0.03965
   0.03124
   0.03126
   0.03850
   0.04462
   0.03781
   0.03106
   0.02203
   0.02773
   0.03083
   0.02838
   0.02265
   0.01641
   0.00889
   0.01265
   0.01031
   0.01813
   0.02330
   0.03013
   0.02819
   0.01921
   0.02219
   0.02306
   0.01620
   0.01155
   0.00699
   0.00978
   0.01011
   0.01087
   0.01376
   0.01774
   0.01060
   0.00291
  -0.00607
  -0.00926
  -0.00877
  -0.00678
   0.00289
   0.01401
   0.01262
   0.01043
   0.00282
   0.00341
  -0.00245
  -0.00735
  -0.01012
  -0.00302
  -0.00892
  -0.01046
  -0.01207
  -0.00271
  -0.00038
  -0.00036
  -0.00437
  -0.00798
   0.00039
   0.00516
   0.00269
  -0.00374
   0.00073
   0.00735
  -0.00200
  -0.01203
  -0.01025
  -0.00371
  -0.00347
   0.00442
   0.00192
  -0.00864
  -0.01074
  -0.01162
  -0.00812
  -0.00506
  -0.00337
  -0.00795
  -0.01223
  -0.01152
  -0.02490
  -0.02828
  -0.02789
  -0.01386
  -0.00338
  -0.00528
  -0.00239
  -0.01354
  -0.02300
  -0.02526
  -0.01951
  -0.01279
  -0.00526
  -0.00089
  -0.00205
  -0.00674
  -0.01199
  -0.01664
  -0.01542
  -0.01394
  -0.01662
  -0.00881
  -0.00578
  -0.01533
  -0.02140
  -0.02083
  -0.01952
  -0.01896
  -0.01165
  -0.01732
  -0.02603
  -0.01687
   0.00116
   0.00562
   0.00014
  -0.00945
  -0.01035
  -0.00690
  -0.00469
  -0.01096
  -0.01129
  -0.00699
  -0.00442
  -0.00057
  -0.00322
  -0.00584
  -0.00607
  -0.00171
   0.00068
  -0.00241
  -0.00760
  -0.00897
  -0.00184
   0.00481
   0.00965
   0.00918
   0.01181
   0.00383
  -0.00027
   0.00100
   0.00068
  -0.00062
   0.00621
   0.00756
   0.00573
  -0.00206
   0.00537
   0.00107
   0.00223
  -0.00821
  -0.00820
   0.00335
   0.01136
   0.01321
   0.01056
   0.00191
   0.00191
   0.00191
   0.00191
   0.00191
   0.00191
   0.00191
   0.00191
   0.00191
   0.00191
   0.00191
   0.00191
   0.00191
   0.00191
   0.00191
   0.00191
   0.00191
   0.00191
   0.00191
   0.00191
   0.00191
   0.00191
   0.00191
   0.00191
   0.00191
   0.00191
   0.00191
   0.00191
   0.00191
   0.00191
   0.00191
   0.00191
   0.00191
   0.00191
   0.00191
   0.00191
   0.00191
   0.00191
   0.00191
   0.00191
   0.00191
   0.00191
   0.00191
   0.00191
   0.00191
   0.00191
   0.00191
   0.00191
   0.00191
   0.00191
   0.00191
   0.00191
   0.00191
   0.00191
   0.00191
   0.00191
   0.00191
   0.00191
   0.00191
   0.00191
   0.00191
   0.00191
   0.00191
   0.00191
   0.00191
   0.00191
   0.00191
   0.00191
   0.00191
   0.00191
   0.00191
   0.00191
   0.00191
   0.00191
   0.00191
   0.00191
   0.00191
   0.00191
   0.00191
   0.00191
   0.00191
   0.00191
   0.00191
   0.00191
   0.00191
   0.00191
   0.00191
   0.00191
   0.00191
   0.00191
   0.00191
   0.00191
   0.00191
   0.00191
   0.00191
   0.00191
   0.00191
   0.00191
   0.00191
   0.00191
   0.00191
   0.00191
   0.00191
   0.00191
   0.00191
   0.00191
   0.00191
   0.00191
   0.00191
   0.00191
   0.00191
   0.00191
   0.00191
   0.00191
   0.00191
   0.00191
   0.00191
   0.00191
   0.00191
   0.00191
   0.00191
   0.00191
   0.00191
   0.00191
   0.00191
   0.00191
   0.00191
   0.00191
   0.00191
   0.00191
   0.00191
   0.00191