  -0.00000
   1.03138
   1.60145
   2.22035
   3.14457
   4.44426
   5.71380
   6.75394
   8.01917
   9.69493
  11.05660
   9.93094
   8.49190
   7.66101
   7.12909
   6.40732
   5.75305
   5.38443
   4.98298
   4.44419
   4.08340
   3.95542
   3.72751
   3.34193
   3.08163
   2.99447
   2.79487
   2.45660
   2.25173
   2.15543
   1.94766
   1.64956
   1.48288
   1.39282
   1.17362
   0.90973
   0.79441
   0.71258
   0.50922
   0.28791
   0.20163
   0.13731
  -0.04218
  -0.20159
  -0.25063
  -0.30739
  -0.47310
  -0.62899
  -0.66556
  -0.70333
  -0.83097
  -0.94903
  -0.97330
  -1.01808
  -1.13495
  -1.22724
  -1.23057
  -1.26985
  -1.39117
  -1.45882
  -1.45822
  -1.49034
  -1.57287
  -1.61320
  -1.61746
  -1.65508
  -1.72431
  -1.75048
  -1.73926
  -1.76471
  -1.80986
  -1.82393
  -1.81388
  -1.83507
  -1.87389
  -1.89623
  -1.88459
  -1.89975
  -1.94780
  -1.94647
  -1.92464
  -1.92989
  -1.94616
  -1.93826
  -1.93257
  -1.94482
  -1.95968
  -1.94624
  -1.92370
  -1.93028
  -1.94151
  -1.91983
  -1.90954
  -1.91897
  -1.92027
  -1.88917
  -1.86540
  -1.87121
  -1.87486
  -1.85230
  -1.82665
  -1.83001
  -1.83456
  -1.80549
  -1.78461
  -1.78518
  -1.77995
  -1.74132
  -1.72154
  -1.70810
  -1.68761
  -1.66912
  -1.65638
  -1.64149
  -1.62044
  -1.58698
  -1.56381
  -1.56553
  -1.55247
  -1.52831
  -1.52331
  -1.52135
  -1.50309
  -1.46094
  -1.44011
  -1.42362
  -1.40030
  -1.37007
  -1.35386
  -1.34904
  -1.33789
  -1.32453
  -1.30807
  -1.28730
  -1.25695
  -1.22567
  -1.21149
  -1.21317
  -1.19684
  -1.16536
  -1.14071
  -1.13140
  -1.11839
  -1.09314
  -1.07449
  -1.04496
  -1.01405
  -1.00464
  -0.99885
  -0.97471
  -0.93484
  -0.89920
  -0.88440
  -0.87439
  -0.85158
  -0.82209
  -0.80844
  -0.78964
  -0.76585
  -0.74224
  -0.72058
  -0.69553
  -0.68402
  -0.67578
  -0.68266
  -0.68509
  -0.65551
  -0.61556
  -0.60014
  -0.58276
  -0.56816
  -0.54848
  -0.55245
  -0.54534
  -0.53456
  -0.51961
  -0.50075
  -0.47375
  -0.44468
  -0.43066
  -0.42096
  -0.40088
  -0.39509
  -0.37495
  -0.35728
  -0.33855
  -0.31427
  -0.30469
  -0.30338
  -0.29879
  -0.28118
  -0.27883
  -0.27679
  -0.25308
  -0.22986
  -0.21740
  -0.20390
  -0.18258
  -0.16937
  -0.16734
  -0.17505
  -0.15599
  -0.13825
  -0.12945
  -0.12297
  -0.12281
  -0.11291
  -0.11344
  -0.11373
  -0.10266
  -0.08306
  -0.05755
  -0.03314
  -0.01342
  -0.00699
  -0.01093
  -0.01409
  -0.00650
  -0.01116
  -0.00070
   0.01280
   0.02196
   0.02572
   0.04297
   0.06566
   0.07777
   0.07689
   0.07401
   0.08736
   0.09509
   0.09575
   0.09260
   0.09399
   0.11168
   0.11707
   0.11085
   0.11703
   0.13112
   0.14137
   0.15393
   0.15206
   0.15812
   0.15715
   0.15502
   0.16206
   0.18671
   0.20427
   0.20530
   0.22173
   0.22633
   0.22796
   0.23304
   0.22164
   0.21250
   0.22272
   0.22646
   0.22775
   0.23459
   0.24013
   0.23000
   0.21879
   0.22560
   0.24950
   0.25511
   0.24228
   0.25032
   0.26883
   0.26709
   0.27646
   0.28663
   0.30165
   0.29651
   0.28490
   0.29172
   0.29710
   0.29550
   0.29489
   0.29512
   0.30547
   0.30776
   0.31916
   0.32669
   0.32036
   0.32119
   0.32415
   0.32775
   0.33133
   0.33755
   0.34360
   0.33654
   0.33661
   0.34512
   0.34695
   0.34339
   0.34002
   0.34719
   0.35647
   0.36177
   0.36988
   0.36984
   0.36351
   0.36370
   0.36811
   0.37268
   0.37632
   0.38413
   0.38604
   0.38842
   0.39223
   0.37526
   0.35852
   0.36830
   0.38882
   0.39994
   0.39720
   0.39581
   0.39645
   0.39795
   0.38542
   0.38130
   0.38180
   0.38481
   0.37502
   0.39258
   0.39628
   0.39598
   0.38335
   0.37543
   0.38014
   0.37832
   0.38840
   0.37933
   0.37599
   0.36597
   0.37590
   0.37107
   0.37352
   0.38885
   0.39183
   0.38690
   0.38858
   0.38644
   0.38762
   0.39448
   0.39620
   0.38385
   0.38163
   0.37524
   0.38194
   0.39518
   0.38239
   0.37945
   0.37820
   0.37969
   0.37736
   0.38434
   0.38901
   0.36974
   0.36367
   0.37427
   0.38282
   0.36590
   0.35279
   0.36607
   0.37572
   0.37298
   0.36880
   0.36967
   0.37464
   0.37044
   0.37788
   0.37779
   0.38097
   0.37622
   0.36281
   0.34522
   0.33161
   0.34111
   0.34721
   0.34248
   0.34753
   0.34979
   0.35430
   0.34993
   0.36502
   0.36311
   0.35601
   0.34744
   0.34732
   0.35756
   0.36563
   0.37005
   0.36587
   0.35948
   0.33936
   0.33192
   0.32529
   0.32555
   0.31970
   0.30571
   0.30361
   0.30921
   0.32948
   0.33283
   0.32842
   0.33119
   0.33344
   0.32053
   0.31249
   0.30160
   0.30475
   0.32388
   0.32817
   0.33699
   0.34299
   0.33357
   0.30804
   0.29585
   0.29581
   0.30545
   0.30907
   0.30866
   0.29747
   0.29358
   0.30103
   0.29872
   0.29748
   0.29834
   0.29773
   0.29159
   0.29459
   0.29654
   0.28747
   0.28376
   0.27428
   0.25862
   0.24620
   0.26340
   0.28472
   0.28035
   0.26664
   0.24955
   0.25732
   0.26114
   0.27815
   0.28053
   0.26714
   0.26084
   0.25654
   0.26516
   0.25257
   0.24792
   0.23095
   0.22588
   0.22389
   0.21527
   0.21251
   0.22706
   0.22901
   0.23503
   0.23074
   0.23926
   0.26313
   0.27736
   0.26834
   0.25669
   0.25255
   0.24072
   0.22263
   0.22595
   0.21955
   0.21455
   0.20280
   0.21152
   0.23232
   0.23736
   0.22165
   0.21864
   0.22314
   0.21712
   0.21016
   0.20940
   0.20795
   0.21431
   0.22128
   0.21551
   0.20350
   0.20117
   0.19985
   0.19883
   0.19009
   0.19140
   0.19454
   0.19040
   0.19518
   0.18716
   0.18278
   0.18148
   0.18888
   0.18743
   0.19220
   0.19507
   0.20831
   0.19761
   0.18090
   0.17766
   0.16767
   0.15269
   0.15534
   0.16832
   0.18003
   0.18865
   0.18660
   0.17951
   0.17392
   0.17247
   0.16231
   0.16061
   0.15902
   0.16190
   0.15373
   0.15799
   0.17413
   0.16732
   0.17077
   0.16698
   0.15359
   0.15236
   0.15909
   0.15522
   0.15323
   0.13449
   0.12831
   0.12659
   0.13404
   0.14870
   0.14165
   0.13107
   0.12743
   0.12417
   0.12957
   0.14129
   0.14939
   0.14978
   0.15276
   0.15161
   0.14111
   0.13320
   0.13424
   0.13059
   0.13138
   0.12879
   0.12902
   0.13208
   0.13010
   0.13638
   0.12241
   0.11718
   0.12311
   0.12717
   0.13489
   0.12924
   0.12175
   0.12114
   0.13384
   0.13131
   0.13124
   0.12633
   0.10021
   0.08975
   0.09624
   0.11619
   0.10714
   0.10362
   0.11550
   0.11614
   0.11074
   0.11496
   0.12645
   0.12903
   0.12920
   0.11837
   0.11984
   0.12262
   0.11491
   0.10044
   0.10482
   0.10186
   0.08875
   0.08167
   0.08743
   0.07541
   0.07495
   0.07353
   0.07988
   0.10402
   0.11844
   0.10604
   0.09359
   0.08058
   0.08230
   0.08626
   0.09755
   0.10301
   0.10165
   0.10004
   0.09702
   0.09690
   0.09356
   0.09487
   0.10222
   0.09768
   0.08411
   0.08427
   0.08298
   0.07579
   0.08335
   0.08482
   0.09150
   0.09334
   0.10101
   0.10161
   0.09350
   0.10350
   0.10711
   0.10320
   0.08222
   0.07946
   0.08396
   0.06492
   0.06009
   0.07017
   0.07173
   0.07933
   0.07731
   0.08899
   0.09482
   0.08743
   0.07315
   0.06550
   0.06723
   0.07072
   0.08921
   0.09668
   0.10371
   0.10246
   0.09055
   0.09910
   0.09292
   0.08250
   0.07370
   0.07012
   0.07287
   0.07457
   0.07034
   0.06663
   0.06090
   0.06108
   0.06396
   0.06333
   0.07791
   0.07669
   0.06977
   0.06033
   0.05433
   0.05786
   0.06260
   0.06679
   0.07109
   0.07435
   0.05950
   0.04880
   0.04032
   0.04712
   0.06063
   0.06424
   0.06346
   0.05212
   0.04984
   0.05495
   0.05778
   0.05469
   0.05033
   0.04230
   0.02904
   0.02466
   0.03172
   0.03235
   0.03761
   0.03835
   0.04196
   0.03677
   0.04447
   0.05489
   0.05284
   0.04584
   0.03177
   0.02508
   0.02690
   0.02809
   0.03283
   0.04644
   0.04516
   0.03415
   0.03922
   0.03674
   0.03839
   0.03211
   0.02552
   0.02793
   0.02468
   0.00945
  -0.00010
   0.01447
   0.02164
   0.01802
   0.02208
   0.02466
   0.02685
   0.03969
   0.03703
   0.02552
   0.01658
   0.02537
   0.03718
   0.03779
   0.03079
   0.03418
   0.04078
   0.03541
   0.02240
   0.01245
   0.01652
   0.01906
   0.01180
   0.01845
   0.04002
   0.03368
   0.02628
   0.02555
   0.02348
   0.01817
   0.01863
   0.03000
   0.03279
   0.02581
   0.03008
   0.02931
   0.02549
   0.00670
   0.00367
   0.01260
   0.00449
   0.00078
   0.00782
   0.01196
   0.00723
   0.00550
   0.01139
   0.01910
   0.00906
   0.02317
   0.02580
   0.02248
   0.02519
   0.02896
   0.02759
   0.02572
   0.00680
   0.00488
   0.00231
  -0.00593
  -0.00944
  -0.01170
  -0.01425
  -0.02051
  -0.01774
  -0.01149
  -0.00457
  -0.00906
  -0.00327
   0.00929
   0.01397
   0.00600
   0.00273
   0.00753
   0.01788
   0.01730
   0.00804
   0.01500
   0.02134
   0.02280
   0.02139
   0.01973
   0.01583
   0.01215
   0.01475
   0.02075
   0.03149
   0.02733
   0.02188
   0.01306
   0.00461
   0.01191
   0.02240
   0.02649
   0.02108
   0.02824
   0.02405
   0.01701
   0.00074
  -0.01084
  -0.00797
  -0.01175
   0.00145
   0.01900
   0.01120
   0.01920
   0.02602
   0.02697
   0.03144
   0.01679
   0.01236
   0.00479
  -0.00238
  -0.00493
   0.01490
   0.01783
   0.02475
   0.03437
   0.04010
   0.03892
   0.02709
   0.02603
   0.02222
   0.02168
   0.02125
   0.01533
   0.01840
   0.01338
   0.00395
   0.00991
   0.02149
   0.02183
   0.02658
   0.02376
   0.02243
   0.02596
   0.03077
   0.02924
   0.03506
   0.04600
   0.04489
   0.03295
   0.02776
   0.03154
   0.02703
   0.01395
   0.01859
   0.02015
   0.02020
   0.02132
   0.01882
   0.03274
   0.04130
   0.03169
   0.02034
   0.02177
   0.02532
   0.02598
   0.02219
   0.01759
   0.01140
   0.01371
   0.01715
   0.02744
   0.03454
   0.02811
   0.02532
   0.01920
   0.01952
   0.01899
   0.02012
   0.02258
   0.01718
   0.02190
   0.02900
   0.02518
   0.01624
   0.01501
   0.02231
   0.03149
   0.02362
   0.02362
   0.02362
   0.02362
   0.02362
   0.02362
   0.02362
   0.02362
   0.02362
   0.02362
   0.02362
   0.02362
   0.02362
   0.02362
   0.02362
   0.02362
   0.02362
   0.02362
   0.02362
   0.02362
   0.02362
   0.02362
   0.02362
   0.02362
   0.02362
   0.02362
   0.02362
   0.02362
   0.02362
   0.02362
   0.02362
   0.02362
   0.02362
   0.02362
   0.02362
   0.02362
   0.02362
   0.02362
   0.02362
   0.02362
   0.02362
   0.02362
   0.02362
   0.02362
   0.02362
   0.02362
   0.02362
   0.02362
   0.02362
   0.02362
   0.02362
   0.02362
   0.02362
   0.02362
   0.02362
   0.02362
   0.02362
   0.02362
   0.02362
   0.02362
   0.02362
   0.02362
   0.02362
   0.02362
   0.02362
   0.02362
   0.02362
   0.02362
   0.02362
   0.02362
   0.02362
   0.02362
   0.02362
   0.02362
   0.02362
   0.02362
   0.02362
   0.02362
   0.02362
   0.02362
   0.02362
   0.02362
   0.02362
   0.02362
   0.02362
   0.02362
   0.02362
   0.02362
   0.02362
   0.02362
   0.02362
   0.02362
   0.02362
   0.02362
   0.02362
   0.02362
   0.02362
   0.02362
   0.02362
   0.02362
   0.02362
   0.02362
   0.02362
   0.02362
   0.02362
   0.02362
   0.02362
   0.02362
   0.02362
   0.02362
   0.02362
   0.02362
   0.02362
   0.02362
   0.02362
   0.02362
   0.02362
   0.02362
   0.02362
   0.02362
   0.02362
   0.02362
   0.02362
   0.02362
   0.02362
   0.02362
   0.02362
   0.02362
   0.02362
   0.02362
   0.02362
   0.02362