  -0.00000
   1.25461
   1.72546
   2.42883
   3.39650
   4.55198
   5.72103
   6.87598
   8.19169
   9.73316
  11.00000
  10.01998
   8.73305
   7.78422
   7.14942
   6.58734
   6.01356
   5.49208
   5.06158
   4.71188
   4.43079
   4.20197
   3.95806
   3.70184
   3.46074
   3.26911
   3.07148
   2.86869
   2.68464
   2.47480
   2.28554
   2.09855
   1.90726
   1.71177
   1.51453
   1.34557
   1.17351
   1.00919
   0.82497
   0.65515
   0.48491
   0.34081
   0.21200
   0.10054
   0.00604
  -0.11620
  -0.25517
  -0.34504
  -0.43619
  -0.52170
  -0.59857
  -0.69699
  -0.77789
  -0.87274
  -0.92903
  -0.97363
  -1.03534
  -1.07902
  -1.12298
  -1.15839
  -1.24114
  -1.30977
  -1.36034
  -1.39168
  -1.40777
  -1.45098
  -1.48604
  -1.52345
  -1.57340
  -1.57854
  -1.57959
  -1.59833
  -1.62180
  -1.65194
  -1.68627
  -1.71587
  -1.74248
  -1.74314
  -1.74961
  -1.76755
  -1.80195
  -1.81167
  -1.79401
  -1.78837
  -1.79095
  -1.79323
  -1.79915
  -1.79885
  -1.80613
  -1.81335
  -1.78888
  -1.76717
  -1.76835
  -1.76834
  -1.76024
  -1.76324
  -1.74196
  -1.74119
  -1.70885
  -1.66521
  -1.67417
  -1.69542
  -1.70160
  -1.66468
  -1.63625
  -1.63898
  -1.64638
  -1.61443
  -1.57263
  -1.53279
  -1.51507
  -1.51107
  -1.50210
  -1.48747
  -1.46927
  -1.45916
  -1.44574
  -1.43015
  -1.44157
  -1.43395
  -1.40275
  -1.38412
  -1.36392
  -1.34015
  -1.32149
  -1.28712
  -1.27195
  -1.26891
  -1.24226
  -1.22587
  -1.20108
  -1.16637
  -1.12921
  -1.11024
  -1.10436
  -1.09948
  -1.08257
  -1.07382
  -1.04913
  -1.02852
  -1.00188
  -0.98747
  -0.96638
  -0.94347
  -0.91991
  -0.88942
  -0.88556
  -0.87563
  -0.85312
  -0.81732
  -0.79790
  -0.77661
  -0.76306
  -0.75542
  -0.74097
  -0.71568
  -0.69412
  -0.68693
  -0.66089
  -0.64511
  -0.64754
  -0.63486
  -0.59399
  -0.57463
  -0.55493
  -0.52799
  -0.52687
  -0.52936
  -0.53354
  -0.50225
  -0.48339
  -0.47406
  -0.44895
  -0.40990
  -0.40072
  -0.39048
  -0.40801
  -0.40686
  -0.38352
  -0.36394
  -0.35434
  -0.34953
  -0.32017
  -0.29689
  -0.25396
  -0.23429
  -0.23237
  -0.22474
  -0.19860
  -0.19105
  -0.17653
  -0.17417
  -0.16994
  -0.16438
  -0.13986
  -0.11177
  -0.08492
  -0.09510
  -0.09305
  -0.08423
  -0.07205
  -0.07794
  -0.08888
  -0.09390
  -0.07901
  -0.05761
  -0.03907
  -0.03346
  -0.02356
  -0.00725
   0.02941
   0.05895
   0.05435
   0.04406
   0.03469
   0.06563
   0.09642
   0.10335
   0.11158
   0.10721
   0.12502
   0.12616
   0.11871
   0.12176
   0.12363
   0.09836
   0.11167
   0.14548
   0.17777
   0.18397
   0.20125
   0.21032
   0.21314
   0.22537
   0.23704
   0.24087
   0.23319
   0.25252
   0.26782
   0.26671
   0.27593
   0.24993
   0.25833
   0.25620
   0.27107
   0.29180
   0.29570
   0.28505
   0.28613
   0.28137
   0.28147
   0.29029
   0.29710
   0.33222
   0.33430
   0.33324
   0.34990
   0.35547
   0.36689
   0.36368
   0.38131
   0.40283
   0.40962
   0.40493
   0.39235
   0.37553
   0.36169
   0.36600
   0.37386
   0.37319
   0.41107
   0.41556
   0.40466
   0.40885
   0.40622
   0.42114
   0.43305
   0.42654
   0.41081
   0.38565
   0.36817
   0.36261
   0.39482
   0.41847
   0.41329
   0.40039
   0.43301
   0.45454
   0.45048
   0.47213
   0.47964
   0.49269
   0.48696
   0.47151
   0.45710
   0.47870
   0.48507
   0.47332
   0.46480
   0.46456
   0.46987
   0.48194
   0.47750
   0.46261
   0.45779
   0.47706
   0.47129
   0.46451
   0.45570
   0.46548
   0.47231
   0.47241
   0.47490
   0.47607
   0.47097
   0.46938
   0.45295
   0.45151
   0.45485
   0.47187
   0.47569
   0.48225
   0.47107
   0.46964
   0.47821
   0.50078
   0.52587
   0.51520
   0.50610
   0.49265
   0.50752
   0.50306
   0.49145
   0.44709
   0.42148
   0.42858
   0.44240
   0.45790
   0.45993
   0.45562
   0.44429
   0.44046
   0.43363
   0.43144
   0.43417
   0.43357
   0.45326
   0.46542
   0.45900
   0.46254
   0.48186
   0.48485
   0.46681
   0.45707
   0.45579
   0.43066
   0.40095
   0.39533
   0.39905
   0.39210
   0.37410
   0.40732
   0.41857
   0.43414
   0.43862
   0.43785
   0.40240
   0.40332
   0.42081
   0.40698
   0.41023
   0.41943
   0.43875
   0.44549
   0.45597
   0.43066
   0.42746
   0.40339
   0.39559
   0.39400
   0.38430
   0.40929
   0.39889
   0.38154
   0.36026
   0.36214
   0.38907
   0.40450
   0.39198
   0.37792
   0.36115
   0.37152
   0.36908
   0.36062
   0.35515
   0.33446
   0.31648
   0.30302
   0.32949
   0.34392
   0.36134
   0.38557
   0.38359
   0.35980
   0.34872
   0.35337
   0.37793
   0.37980
   0.38497
   0.37134
   0.35486
   0.37015
   0.35373
   0.34524
   0.31757
   0.30712
   0.30289
   0.30940
   0.31201
   0.33907
   0.34453
   0.31297
   0.30676
   0.31157
   0.28219
   0.27376
   0.28702
   0.29758
   0.29034
   0.27199
   0.25284
   0.25615
   0.27845
   0.28337
   0.28903
   0.28427
   0.30136
   0.30982
   0.30106
   0.31289
   0.30007
   0.28752
   0.29733
   0.30393
   0.28981
   0.26234
   0.26374
   0.27274
   0.26362
   0.27302
   0.27750
   0.28439
   0.27243
   0.25347
   0.25698
   0.26581
   0.26948
   0.25327
   0.23766
   0.24711
   0.24443
   0.21674
   0.21570
   0.22938
   0.23467
   0.22947
   0.23323
   0.24614
   0.27240
   0.28213
   0.27715
   0.23415
   0.19964
   0.20594
   0.20631
   0.21122
   0.22357
   0.23439
   0.24603
   0.25009
   0.24819
   0.25195
   0.21369
   0.18965
   0.19019
   0.19105
   0.20177
   0.22409
   0.23265
   0.21502
   0.22356
   0.23551
   0.20883
   0.19103
   0.20047
   0.20100
   0.20604
   0.21519
   0.21445
   0.18969
   0.17997
   0.17258
   0.16908
   0.15937
   0.14633
   0.14213
   0.15299
   0.15646
   0.17305
   0.18000
   0.20651
   0.20624
   0.19304
   0.19599
   0.17749
   0.17002
   0.16930
   0.17136
   0.16832
   0.16822
   0.17751
   0.17285
   0.17176
   0.15937
   0.16389
   0.16840
   0.13971
   0.10005
   0.08282
   0.12763
   0.16587
   0.16243
   0.14778
   0.14593
   0.14119
   0.13774
   0.13420
   0.11521
   0.11973
   0.14056
   0.16390
   0.17339
   0.15307
   0.14918
   0.14391
   0.12660
   0.13290
   0.13485
   0.12930
   0.12748
   0.13918
   0.14331
   0.13882
   0.13833
   0.15646
   0.15345
   0.15585
   0.15557
   0.18119
   0.17445
   0.16768
   0.14037
   0.13070
   0.14119
   0.14463
   0.15810
   0.13350
   0.12897
   0.12633
   0.12805
   0.14707
   0.11433
   0.10313
   0.10238
   0.08704
   0.09149
   0.10077
   0.09397
   0.10077
   0.10608
   0.12654
   0.11100
   0.11780
   0.12273
   0.14191
   0.14035
   0.13081
   0.12845
   0.11937
   0.11187
   0.10778
   0.09678
   0.11110
   0.12258
   0.13201
   0.09931
   0.06475
   0.07273
   0.07116
   0.07709
   0.09531
   0.08986
   0.09278
   0.09503
   0.09691
   0.09672
   0.11487
   0.12771
   0.13960
   0.13092
   0.12386
   0.11030
   0.12434
   0.12542
   0.11752
   0.11868
   0.11607
   0.10448
   0.12393
   0.11446
   0.07838
   0.06091
   0.06695
   0.09231
   0.09101
   0.09363
   0.09762
   0.09088
   0.07186
   0.06664
   0.05102
   0.04730
   0.06857
   0.09004
   0.10657
   0.09703
   0.09030
   0.09813
   0.11058
   0.11522
   0.09241
   0.07661
   0.09119
   0.11392
   0.10730
   0.08597
   0.08611
   0.08518
   0.06975
   0.06257
   0.06331
   0.06279
   0.06818
   0.05574
   0.06843
   0.07758
   0.08777
   0.09014
   0.07070
   0.08631
   0.09178
   0.09449
   0.08634
   0.07650
   0.07821
   0.06108
   0.06454
   0.05573
   0.06561
   0.07462
   0.06403
   0.07716
   0.09074
   0.09610
   0.08213
   0.06845
   0.06132
   0.05332
   0.05066
   0.05457
   0.05269
   0.06191
   0.06177
   0.05135
   0.04220
   0.03123
   0.02218
   0.01767
   0.03540
   0.05508
   0.08504
   0.10131
   0.07780
   0.05092
   0.04855
   0.05963
   0.04966
   0.04508
   0.06084
   0.07273
   0.06900
   0.03252
   0.01811
   0.02415
   0.05204
   0.05889
   0.06051
   0.04649
   0.03287
   0.01913
   0.01864
   0.03116
   0.05675
   0.05153
   0.04902
   0.05069
   0.05954
   0.05169
   0.05338
   0.05382
   0.02083
  -0.00366
  -0.00050
   0.00731
   0.01716
   0.03034
   0.04017
   0.03011
   0.00379
  -0.00325
   0.02145
   0.02553
   0.02440
   0.03731
   0.03474
   0.03074
   0.02687
   0.00862
  -0.00755
  -0.00990
   0.00054
   0.01344
   0.03116
   0.03096
   0.01731
   0.02502
   0.03093
   0.00895
   0.02285
   0.01756
   0.01103
  -0.00074
   0.00698
   0.00301
  -0.00279
  -0.00021
   0.00835
   0.02027
   0.03440
   0.03338
   0.03511
   0.03352
   0.04308
   0.04759
   0.03669
   0.01462
   0.01232
   0.02198
   0.02012
   0.00981
  -0.01147
  -0.00459
   0.02570
   0.04362
   0.03290
   0.00148
  -0.01097
  -0.01648
  -0.02208
  -0.00909
   0.00114
   0.00552
   0.00786
  -0.00879
  -0.01246
  -0.01743
  -0.01618
  -0.01174
   0.00601
   0.01122
   0.00841
  -0.00106
   0.01220
   0.04500
   0.03970
   0.04265
   0.04962
   0.05870
   0.02347
   0.00186
  -0.01805
  -0.01629
  -0.00462
   0.00268
  -0.00748
  -0.02939
  -0.03744
  -0.01287
  -0.00561
  -0.02726
  -0.02934
  -0.03883
  -0.02391
  -0.00279
   0.00576
   0.00757
  -0.00135
  -0.01135
  -0.01487
  -0.02009
  -0.02048
  -0.00864
  -0.00259
   0.00477
  -0.01851
  -0.02535
  -0.01457
  -0.02008
  -0.00198
  -0.00374
  -0.00855
  -0.00763
   0.00921
   0.02062
   0.00796
  -0.02662
  -0.02682
  -0.01341
  -0.00447
  -0.00385
  -0.01353
  -0.02064
  -0.02811
  -0.00681
  -0.01516
  -0.01412
  -0.00346
   0.01201
   0.02007
   0.01662
   0.00444
  -0.00769
  -0.01943
  -0.02362
  -0.00977
  -0.00963
  -0.01872
  -0.01543
   0.00716
   0.00346
  -0.02104
  -0.02274
  -0.01326
  -0.01860
   0.00384
   0.02967
   0.02040
   0.02001
   0.00910
  -0.00275
  -0.01793
  -0.01109
   0.00095
   0.00095
   0.00095
   0.00095
   0.00095
   0.00095
   0.00095
   0.00095
   0.00095
   0.00095
   0.00095
   0.00095
   0.00095
   0.00095
   0.00095
   0.00095
   0.00095
   0.00095
   0.00095
   0.00095
   0.00095
   0.00095
   0.00095
   0.00095
   0.00095
   0.00095
   0.00095
   0.00095
   0.00095
   0.00095
   0.00095
   0.00095
   0.00095
   0.00095
   0.00095
   0.00095
   0.00095
   0.00095
   0.00095
   0.00095
   0.00095
   0.00095
   0.00095
   0.00095
   0.00095
   0.00095
   0.00095
   0.00095
   0.00095
   0.00095
   0.00095
   0.00095
   0.00095
   0.00095
   0.00095
   0.00095
   0.00095
   0.00095
   0.00095
   0.00095
   0.00095
   0.00095
   0.00095
   0.00095
   0.00095
   0.00095
   0.00095
   0.00095
   0.00095
   0.00095
   0.00095
   0.00095
   0.00095
   0.00095
   0.00095
   0.00095
   0.00095
   0.00095
   0.00095
   0.00095
   0.00095
   0.00095
   0.00095
   0.00095
   0.00095
   0.00095
   0.00095
   0.00095
   0.00095
   0.00095
   0.00095
   0.00095
   0.00095
   0.00095
   0.00095
   0.00095
   0.00095
   0.00095
   0.00095
   0.00095
   0.00095
   0.00095
   0.00095
   0.00095
   0.00095
   0.00095
   0.00095
   0.00095
   0.00095
   0.00095
   0.00095
   0.00095
   0.00095
   0.00095
   0.00095
   0.00095
   0.00095
   0.00095
   0.00095
   0.00095
   0.00095
   0.00095
   0.00095
   0.00095
   0.00095
   0.00095
   0.00095
   0.00095
   0.00095
   0.00095
   0.00095
   0.00095
   0.00095
   0.00095
   0.00095
   0.00095
   0.00095
   0.00095
   0.00095
   0.00095
   0.00095
   0.00095
   0.00095
   0.00095
   0.00095
   0.00095
   0.00095
   0.00095
   0.00095
   0.00095
   0.00095
   0.00095