  -0.00000
   0.97618
   1.69140
   2.73596
   4.07844
   5.65944
   7.27492
   8.76652
  10.21509
  11.66150
  12.72727
  11.91564
  10.79686
   9.93363
   9.32002
   8.69502
   8.03610
   7.37711
   6.71247
   6.05816
   5.47341
   4.97469
   4.53744
   4.16628
   3.83437
   3.50265
   3.17614
   2.89250
   2.64334
   2.36510
   2.08156
   1.82879
   1.59912
   1.37104
   1.13872
   0.91997
   0.70049
   0.48626
   0.28802
   0.08966
  -0.09545
  -0.26845
  -0.42575
  -0.58847
  -0.74673
  -0.89624
  -1.01955
  -1.14357
  -1.26526
  -1.39018
  -1.50356
  -1.60359
  -1.69867
  -1.78924
  -1.88908
  -1.98458
  -2.06450
  -2.13244
  -2.18959
  -2.24010
  -2.30437
  -2.37055
  -2.42781
  -2.47560
  -2.52394
  -2.57383
  -2.60879
  -2.64312
  -2.67124
  -2.70515
  -2.72687
  -2.73822
  -2.75251
  -2.77799
  -2.79375
  -2.81045
  -2.82687
  -2.84124
  -2.85221
  -2.86499
  -2.87253
  -2.88103
  -2.87872
  -2.86890
  -2.86346
  -2.84402
  -2.82734
  -2.82815
  -2.82088
  -2.81430
  -2.80775
  -2.80587
  -2.79887
  -2.77951
  -2.75744
  -2.75599
  -2.74570
  -2.72169
  -2.69450
  -2.66916
  -2.64638
  -2.62018
  -2.59860
  -2.57624
  -2.56316
  -2.54063
  -2.51429
  -2.49152
  -2.47285
  -2.45521
  -2.43115
  -2.40758
  -2.38345
  -2.36372
  -2.34078
  -2.30587
  -2.27234
  -2.24677
  -2.21659
  -2.17322
  -2.13062
  -2.10061
  -2.08227
  -2.05586
  -2.03071
  -1.99764
  -1.96800
  -1.93601
  -1.92089
  -1.89321
  -1.86306
  -1.82958
  -1.80504
  -1.78578
  -1.75190
  -1.73121
  -1.69667
  -1.66067
  -1.63332
  -1.62011
  -1.59631
  -1.55942
  -1.52090
  -1.49607
  -1.46410
  -1.43619
  -1.41856
  -1.38304
  -1.34426
  -1.30389
  -1.27231
  -1.25367
  -1.24065
  -1.22381
  -1.20296
  -1.17934
  -1.14483
  -1.12244
  -1.10407
  -1.08658
  -1.05645
  -1.01992
  -0.99724
  -0.98051
  -0.94785
  -0.92725
  -0.90834
  -0.88052
  -0.85131
  -0.82974
  -0.80942
  -0.79121
  -0.77197
  -0.74046
  -0.72685
  -0.70283
  -0.68192
  -0.65958
  -0.63405
  -0.60775
  -0.58200
  -0.55985
  -0.53050
  -0.50457
  -0.50000
  -0.48713
  -0.46852
  -0.45709
  -0.44044
  -0.41796
  -0.38987
  -0.36703
  -0.33978
  -0.31666
  -0.31435
  -0.31064
  -0.29242
  -0.26943
  -0.25836
  -0.24627
  -0.22517
  -0.20642
  -0.19046
  -0.17040
  -0.15842
  -0.14939
  -0.12893
  -0.10481
  -0.09011
  -0.07514
  -0.06377
  -0.05166
  -0.03713
  -0.02648
  -0.01089
   0.01256
   0.02761
   0.03629
   0.04548
   0.04926
   0.06290
   0.07625
   0.08990
   0.09099
   0.09453
   0.10373
   0.10903
   0.11426
   0.11759
   0.13711
   0.15649
   0.17160
   0.18611
   0.18599
   0.20456
   0.21743
   0.23122
   0.24379
   0.24288
   0.24875
   0.25018
   0.25654
   0.26749
   0.28741
   0.29461
   0.30413
   0.31611
   0.32604
   0.32570
   0.31880
   0.31873
   0.33406
   0.33857
   0.34083
   0.35053
   0.36631
   0.36340
   0.36823
   0.36901
   0.38065
   0.38100
   0.37302
   0.38695
   0.38710
   0.38835
   0.40236
   0.41124
   0.41324
   0.41648
   0.42679
   0.42924
   0.43986
   0.44639
   0.45717
   0.45767
   0.46348
   0.47669
   0.47670
   0.46678
   0.45983
   0.46168
   0.46293
   0.46454
   0.46905
   0.46994
   0.47452
   0.47395
   0.48422
   0.48127
   0.47644
   0.48812
   0.50242
   0.50824
   0.51020
   0.51375
   0.49925
   0.48928
   0.50037
   0.50733
   0.51478
   0.52254
   0.52263
   0.51895
   0.51301
   0.50956
   0.51094
   0.51413
   0.51847
   0.51592
   0.53016
   0.52557
   0.52140
   0.53185
   0.52905
   0.51312
   0.51900
   0.52056
   0.51519
   0.51292
   0.52222
   0.52264
   0.52125
   0.52554
   0.52547
   0.52431
   0.51695
   0.51427
   0.51839
   0.52588
   0.52828
   0.52400
   0.52406
   0.52099
   0.51411
   0.50681
   0.50521
   0.50458
   0.50378
   0.50757
   0.50769
   0.50494
   0.49507
   0.49126
   0.48292
   0.47267
   0.47645
   0.48834
   0.48622
   0.48689
   0.48349
   0.49186
   0.49496
   0.49161
   0.48625
   0.48841
   0.48741
   0.49098
   0.49245
   0.48133
   0.47389
   0.46873
   0.47710
   0.48520
   0.47712
   0.47089
   0.47013
   0.46199
   0.46478
   0.47489
   0.47176
   0.46225
   0.45965
   0.45318
   0.44755
   0.44086
   0.44188
   0.43584
   0.43184
   0.42611
   0.41978
   0.42506
   0.43557
   0.44456
   0.44769
   0.44183
   0.44264
   0.43948
   0.42839
   0.41778
   0.42435
   0.43180
   0.42950
   0.42696
   0.41759
   0.41678
   0.41285
   0.40832
   0.40634
   0.40106
   0.39485
   0.39375
   0.38946
   0.37299
   0.36176
   0.36309
   0.36668
   0.36282
   0.36641
   0.36548
   0.36168
   0.36045
   0.37133
   0.38064
   0.37878
   0.37772
   0.36647
   0.35778
   0.35757
   0.36267
   0.35512
   0.34349
   0.33825
   0.33106
   0.31885
   0.31972
   0.32795
   0.33402
   0.33704
   0.33057
   0.32667
   0.32391
   0.33475
   0.34140
   0.33416
   0.31815
   0.30886
   0.29936
   0.29369
   0.29521
   0.29517
   0.29322
   0.29522
   0.29425
   0.29519
   0.28846
   0.27611
   0.27169
   0.27727
   0.28793
   0.29552
   0.29662
   0.29491
   0.28200
   0.27025
   0.27284
   0.26627
   0.26394
   0.26657
   0.26348
   0.25777
   0.26139
   0.26608
   0.25521
   0.25365
   0.25975
   0.25694
   0.25406
   0.23961
   0.23636
   0.23928
   0.24246
   0.24167
   0.24425
   0.24212
   0.22709
   0.22785
   0.22340
   0.21469
   0.21856
   0.21348
   0.21620
   0.20570
   0.20300
   0.20921
   0.20848
   0.20694
   0.20223
   0.19515
   0.18181
   0.18469
   0.18033
   0.19264
   0.20357
   0.20708
   0.20007
   0.21073
   0.20955
   0.19423
   0.17959
   0.17748
   0.17547
   0.17719
   0.17219
   0.15582
   0.14933
   0.15779
   0.15250
   0.14382
   0.14237
   0.14547
   0.15246
   0.15107
   0.14961
   0.14822
   0.15373
   0.16297
   0.15888
   0.15656
   0.15002
   0.15379
   0.14754
   0.13705
   0.12907
   0.13870
   0.13780
   0.14104
   0.14269
   0.13592
   0.12806
   0.11490
   0.11211
   0.11359
   0.12233
   0.12733
   0.12884
   0.12685
   0.12720
   0.12592
   0.11902
   0.11145
   0.11039
   0.11864
   0.12374
   0.12218
   0.11981
   0.10618
   0.10177
   0.10619
   0.10561
   0.11569
   0.11021
   0.09726
   0.07895
   0.06833
   0.08154
   0.08933
   0.09166
   0.09861
   0.09290
   0.08848
   0.08632
   0.08793
   0.08567
   0.08382
   0.07805
   0.06900
   0.06800
   0.06777
   0.07057
   0.07220
   0.06718
   0.06025
   0.06260
   0.06844
   0.06967
   0.06779
   0.06938
   0.06365
   0.05576
   0.05914
   0.06642
   0.06534
   0.06666
   0.07109
   0.07011
   0.06911
   0.06649
   0.06698
   0.05900
   0.06064
   0.05266
   0.04761
   0.04502
   0.03698
   0.02906
   0.03877
   0.04698
   0.05292
   0.05484
   0.05722
   0.04902
   0.04484
   0.04006
   0.03618
   0.03896
   0.04883
   0.04534
   0.03691
   0.03307
   0.03541
   0.03425
   0.03608
   0.02845
   0.02353
   0.02236
   0.02000
   0.02691
   0.02084
   0.02121
   0.02001
   0.01755
   0.02034
   0.02056
   0.02205
   0.02075
   0.01409
   0.00914
   0.00239
   0.00319
   0.00215
   0.00808
   0.00889
   0.01382
   0.01466
   0.02653
   0.03100
   0.02364
   0.03009
   0.02878
   0.01507
   0.01044
   0.01590
   0.01250
   0.00479
  -0.00119
   0.00157
   0.00458
   0.00095
  -0.00659
  -0.00861
  -0.01190
  -0.01639
  -0.01905
  -0.01921
  -0.00840
   0.00042
   0.00051
  -0.00228
  -0.01291
  -0.00764
  -0.00815
  -0.00129
   0.00443
  -0.00142
  -0.00009
  -0.00510
  -0.01921
  -0.02214
  -0.01481
  -0.00519
   0.00224
   0.01200
   0.01066
   0.00572
  -0.00323
  -0.01545
  -0.01240
  -0.01296
  -0.01636
  -0.01704
  -0.01221
  -0.01494
  -0.01465
  -0.00714
  -0.00384
  -0.01164
  -0.02201
  -0.01465
  -0.00928
  -0.01171
  -0.01145
  -0.00261
  -0.00175
  -0.01073
  -0.02725
  -0.03850
  -0.04072
  -0.03460
  -0.03513
  -0.03491
  -0.03196
  -0.04041
  -0.03978
  -0.03275
  -0.02309
  -0.02214
  -0.02053
  -0.02008
  -0.02366
  -0.02878
  -0.03836
  -0.03339
  -0.02791
  -0.02280
  -0.02575
  -0.02823
  -0.03423
  -0.04651
  -0.04674
  -0.04130
  -0.03612
  -0.03780
  -0.03530
  -0.04706
  -0.04487
  -0.04241
  -0.03895
  -0.03614
  -0.04165
  -0.04177
  -0.04251
  -0.04787
  -0.04365
  -0.04653
  -0.04365
  -0.03444
  -0.03312
  -0.04647
  -0.05458
  -0.03922
  -0.03102
  -0.03144
  -0.03679
  -0.03567
  -0.03493
  -0.03461
  -0.04220
  -0.04432
  -0.05222
  -0.05955
  -0.06290
  -0.06212
  -0.06302
  -0.06261
  -0.05569
  -0.04667
  -0.06392
  -0.05975
  -0.06628
  -0.07119
  -0.06918
  -0.05394
  -0.05266
  -0.05851
  -0.04864
  -0.04215
  -0.03645
  -0.05648
  -0.06705
  -0.05633
  -0.04560
  -0.03790
  -0.04111
  -0.04563
  -0.04956
  -0.04681
  -0.05532
  -0.06508
  -0.04861
  -0.04696
  -0.05605
  -0.06184
  -0.05197
  -0.04744
  -0.05136
  -0.04861
  -0.03864
  -0.03913
  -0.05727
  -0.06865
  -0.05701
  -0.05484
  -0.06765
  -0.06462
  -0.06213
  -0.06073
  -0.05940
  -0.06426
  -0.05867
  -0.05451
  -0.04842
  -0.04611
  -0.04783
  -0.06094
  -0.06218
  -0.05889
  -0.05055
  -0.05052
  -0.04375
  -0.04391
  -0.05261
  -0.05086
  -0.05066
  -0.04584
  -0.04741
  -0.04752
  -0.04695
  -0.04725
  -0.04866
  -0.05219
  -0.04973
  -0.05443
  -0.05513
  -0.05393
  -0.05696
  -0.05442
  -0.05097
  -0.05042
  -0.04788
  -0.05126
  -0.04418
  -0.03371
  -0.02687
  -0.03092
  -0.02971
  -0.02242
  -0.01447
  -0.02217
  -0.03544
  -0.04487
  -0.05540
  -0.05633
  -0.05657
  -0.05420
  -0.05726
  -0.04020
  -0.03295
  -0.02917
  -0.03017
  -0.03312
  -0.03260
  -0.03646
  -0.03935
  -0.03415
  -0.04409
  -0.03997
  -0.03542
  -0.02878
  -0.03897
  -0.03886
  -0.03191
  -0.02968
  -0.03261
  -0.03120
  -0.02025
  -0.02116
  -0.03119
  -0.03491
  -0.05186
  -0.05205
  -0.05015
  -0.04462
  -0.04589
  -0.03446
  -0.03230
  -0.02864
  -0.02730
  -0.02257
  -0.02172
  -0.02620
  -0.02249
  -0.02613
  -0.02550
  -0.01669
  -0.00754
  -0.00616
  -0.01990
  -0.02007
  -0.02140
  -0.02127
  -0.02237
  -0.02549
  -0.02926
  -0.02926
  -0.02926
  -0.02926
  -0.02926
  -0.02926
  -0.02926
  -0.02926
  -0.02926
  -0.02926
  -0.02926
  -0.02926
  -0.02926
  -0.02926
  -0.02926
  -0.02926
  -0.02926
  -0.02926
  -0.02926
  -0.02926
  -0.02926
  -0.02926
  -0.02926
  -0.02926
  -0.02926
  -0.02926
  -0.02926
  -0.02926
  -0.02926
  -0.02926
  -0.02926
  -0.02926
  -0.02926
  -0.02926
  -0.02926
  -0.02926
  -0.02926
  -0.02926
  -0.02926
  -0.02926
  -0.02926
  -0.02926
  -0.02926
  -0.02926
  -0.02926
  -0.02926
  -0.02926
  -0.02926
  -0.02926
  -0.02926
  -0.02926
  -0.02926
  -0.02926
  -0.02926
  -0.02926
  -0.02926
  -0.02926
  -0.02926
  -0.02926
  -0.02926
  -0.02926
  -0.02926
  -0.02926
  -0.02926
  -0.02926
  -0.02926
  -0.02926
  -0.02926
  -0.02926
  -0.02926
  -0.02926
  -0.02926
  -0.02926
  -0.02926
  -0.02926
  -0.02926
  -0.02926
  -0.02926
  -0.02926
  -0.02926
  -0.02926
  -0.02926
  -0.02926
  -0.02926
  -0.02926
  -0.02926
  -0.02926
  -0.02926
  -0.02926
  -0.02926
  -0.02926
  -0.02926
  -0.02926
  -0.02926
  -0.02926
  -0.02926
  -0.02926
  -0.02926
  -0.02926
  -0.02926
  -0.02926
  -0.02926
  -0.02926
  -0.02926
  -0.02926
  -0.02926
  -0.02926
  -0.02926
  -0.02926
  -0.02926
  -0.02926
  -0.02926
  -0.02926
  -0.02926
  -0.02926
  -0.02926
  -0.02926
  -0.02926
  -0.02926
  -0.02926
  -0.02926
  -0.02926
  -0.02926
  -0.02926
  -0.02926
  -0.02926
  -0.02926
  -0.02926
  -0.02926
  -0.02926
  -0.02926
  -0.02926