  -0.00000
   0.79382
   1.47176
   2.45318
   3.71090
   5.13508
   6.52968
   7.77488
   8.97215
  10.22847
  11.30000
  10.46563
   9.40715
   8.53724
   7.82410
   7.09135
   6.36174
   5.69197
   5.08103
   4.53050
   4.04964
   3.63753
   3.28605
   3.01184
   2.77157
   2.53730
   2.32647
   2.13479
   1.94724
   1.75751
   1.57253
   1.38257
   1.19228
   1.01549
   0.83515
   0.65927
   0.48173
   0.31564
   0.15928
   0.00883
  -0.14523
  -0.28230
  -0.42686
  -0.56310
  -0.68746
  -0.79989
  -0.89354
  -0.99474
  -1.09053
  -1.18205
  -1.25841
  -1.34597
  -1.42835
  -1.49220
  -1.56109
  -1.62715
  -1.69291
  -1.74849
  -1.79406
  -1.84581
  -1.89075
  -1.93543
  -1.96933
  -2.00728
  -2.04821
  -2.07404
  -2.11380
  -2.13394
  -2.16699
  -2.18931
  -2.20584
  -2.22587
  -2.22213
  -2.23178
  -2.25089
  -2.28072
  -2.28760
  -2.30085
  -2.29711
  -2.28381
  -2.28839
  -2.29481
  -2.30142
  -2.30297
  -2.30547
  -2.31705
  -2.31022
  -2.30070
  -2.29705
  -2.27737
  -2.26452
  -2.24457
  -2.22368
  -2.21438
  -2.19932
  -2.18008
  -2.17757
  -2.17224
  -2.14782
  -2.13150
  -2.11375
  -2.10954
  -2.09264
  -2.07112
  -2.05785
  -2.03773
  -2.01253
  -1.98449
  -1.94954
  -1.91683
  -1.90360
  -1.88171
  -1.85862
  -1.84136
  -1.83998
  -1.82538
  -1.80298
  -1.76227
  -1.73567
  -1.71364
  -1.68231
  -1.66743
  -1.64740
  -1.62401
  -1.60021
  -1.57480
  -1.54065
  -1.53012
  -1.50866
  -1.48460
  -1.45673
  -1.43189
  -1.41310
  -1.40540
  -1.37723
  -1.36127
  -1.34524
  -1.32702
  -1.30734
  -1.27815
  -1.25473
  -1.22448
  -1.19596
  -1.17282
  -1.15161
  -1.13423
  -1.10329
  -1.08712
  -1.05853
  -1.03044
  -1.01896
  -1.00100
  -0.97641
  -0.94471
  -0.91790
  -0.89106
  -0.87160
  -0.85909
  -0.83836
  -0.83271
  -0.83251
  -0.80613
  -0.78790
  -0.75759
  -0.74025
  -0.72387
  -0.70459
  -0.69003
  -0.66723
  -0.64336
  -0.61436
  -0.59204
  -0.57987
  -0.56159
  -0.55518
  -0.53872
  -0.52150
  -0.50500
  -0.48725
  -0.46817
  -0.45479
  -0.43505
  -0.40901
  -0.38269
  -0.37529
  -0.36900
  -0.34938
  -0.33400
  -0.32979
  -0.30908
  -0.29587
  -0.28349
  -0.26887
  -0.24545
  -0.23469
  -0.22807
  -0.21417
  -0.19725
  -0.18048
  -0.16212
  -0.14428
  -0.13642
  -0.12611
  -0.12072
  -0.10168
  -0.09666
  -0.09194
  -0.08165
  -0.06450
  -0.05600
  -0.04961
  -0.04478
  -0.03200
  -0.01962
  -0.01782
  -0.00507
   0.00544
   0.01691
   0.02193
   0.03490
   0.04640
   0.06833
   0.08416
   0.08877
   0.10443
   0.11154
   0.10622
   0.10712
   0.11443
   0.12194
   0.12923
   0.13006
   0.14214
   0.16390
   0.18388
   0.19929
   0.20823
   0.21443
   0.21883
   0.21134
   0.21403
   0.22945
   0.23666
   0.24652
   0.24751
   0.25439
   0.25889
   0.26153
   0.27655
   0.28330
   0.28288
   0.28911
   0.29588
   0.29264
   0.29144
   0.29002
   0.28746
   0.28657
   0.29584
   0.29834
   0.30571
   0.32017
   0.31936
   0.31932
   0.32068
   0.33839
   0.34739
   0.35386
   0.35104
   0.35239
   0.36163
   0.36598
   0.37667
   0.37655
   0.37568
   0.37629
   0.37512
   0.37566
   0.37256
   0.37227
   0.38611
   0.38778
   0.39507
   0.40074
   0.40662
   0.41147
   0.41321
   0.40512
   0.40032
   0.39374
   0.39482
   0.40821
   0.41085
   0.40742
   0.40567
   0.40041
   0.39598
   0.39288
   0.38267
   0.38747
   0.39199
   0.41321
   0.41254
   0.41191
   0.41817
   0.42373
   0.43889
   0.43964
   0.43715
   0.43097
   0.43409
   0.43886
   0.44544
   0.43664
   0.42391
   0.41476
   0.41420
   0.42497
   0.41677
   0.40616
   0.41357
   0.42006
   0.41802
   0.41578
   0.42798
   0.43142
   0.42894
   0.43184
   0.43001
   0.43066
   0.43344
   0.43533
   0.43299
   0.43285
   0.42401
   0.41092
   0.41068
   0.40565
   0.40920
   0.41255
   0.40521
   0.38907
   0.38287
   0.39363
   0.39373
   0.40978
   0.40699
   0.39804
   0.39966
   0.40113
   0.38697
   0.38073
   0.38207
   0.38376
   0.37743
   0.37306
   0.37211
   0.37614
   0.37435
   0.38161
   0.38649
   0.38512
   0.37738
   0.37495
   0.37133
   0.37750
   0.37655
   0.37083
   0.36352
   0.37000
   0.37035
   0.37608
   0.36972
   0.36162
   0.36050
   0.36699
   0.36501
   0.36513
   0.36291
   0.34845
   0.35267
   0.35945
   0.35669
   0.35035
   0.34180
   0.33359
   0.32244
   0.32504
   0.32273
   0.32530
   0.31922
   0.31355
   0.31775
   0.32930
   0.33146
   0.33886
   0.33153
   0.33168
   0.32508
   0.32234
   0.31195
   0.32114
   0.33321
   0.33173
   0.32169
   0.31214
   0.31587
   0.30644
   0.30280
   0.31043
   0.31240
   0.31062
   0.29231
   0.29203
   0.29277
   0.28699
   0.27841
   0.26172
   0.25917
   0.26033
   0.25706
   0.25720
   0.27625
   0.27988
   0.28372
   0.28503
   0.27745
   0.27924
   0.27782
   0.27365
   0.27275
   0.26730
   0.26002
   0.24709
   0.24524
   0.24773
   0.24686
   0.23289
   0.22541
   0.22986
   0.23681
   0.23643
   0.22596
   0.21911
   0.23077
   0.23392
   0.23741
   0.24535
   0.24203
   0.24157
   0.23972
   0.23505
   0.22868
   0.23245
   0.22592
   0.22325
   0.23509
   0.23032
   0.22108
   0.20988
   0.19976
   0.19434
   0.19580
   0.19344
   0.19852
   0.20224
   0.21030
   0.21489
   0.21299
   0.21151
   0.21064
   0.22536
   0.22477
   0.20431
   0.20330
   0.19716
   0.19759
   0.20967
   0.20118
   0.19108
   0.18693
   0.18699
   0.18210
   0.17951
   0.17743
   0.17344
   0.17133
   0.17392
   0.18210
   0.18690
   0.17833
   0.18430
   0.17784
   0.17067
   0.16568
   0.16516
   0.15721
   0.16434
   0.15832
   0.15512
   0.15713
   0.16124
   0.15775
   0.15016
   0.14691
   0.14577
   0.14194
   0.13416
   0.13798
   0.13488
   0.11968
   0.12744
   0.12293
   0.12431
   0.12945
   0.12994
   0.12235
   0.12587
   0.12479
   0.12870
   0.12549
   0.12550
   0.12655
   0.12003
   0.12348
   0.11626
   0.10662
   0.09937
   0.09364
   0.09227
   0.09304
   0.09556
   0.09782
   0.10328
   0.11243
   0.11747
   0.10249
   0.09115
   0.09689
   0.10380
   0.10129
   0.09586
   0.09407
   0.08683
   0.07457
   0.08841
   0.09151
   0.08881
   0.07506
   0.07266
   0.07846
   0.08913
   0.10171
   0.09520
   0.09303
   0.07316
   0.06666
   0.06713
   0.07357
   0.08258
   0.08160
   0.07253
   0.07687
   0.08256
   0.08229
   0.07457
   0.06976
   0.06877
   0.06186
   0.06084
   0.05445
   0.06025
   0.06882
   0.05747
   0.04368
   0.04186
   0.04703
   0.05367
   0.05181
   0.04832
   0.05091
   0.05624
   0.05847
   0.05657
   0.06010
   0.06051
   0.05741
   0.04990
   0.04489
   0.04274
   0.03807
   0.03576
   0.03124
   0.02961
   0.04709
   0.04724
   0.04804
   0.03780
   0.03819
   0.04566
   0.04957
   0.05287
   0.04606
   0.04521
   0.04474
   0.03950
   0.04101
   0.03791
   0.04350
   0.04751
   0.04757
   0.03958
   0.03217
   0.02411
   0.02444
   0.02698
   0.02830
   0.02979
   0.03498
   0.04084
   0.03365
   0.03519
   0.04154
   0.04746
   0.04252
   0.03404
   0.03771
   0.04550
   0.04172
   0.03911
   0.04736
   0.03667
   0.03317
   0.02747
   0.04103
   0.04360
   0.03794
   0.02958
   0.02151
   0.02768
   0.04002
   0.03953
   0.02583
   0.03050
   0.03155
   0.02676
   0.01642
   0.00699
   0.00378
   0.00376
   0.00353
   0.00398
   0.01438
   0.01654
   0.01550
   0.01695
   0.00751
   0.00945
   0.01121
   0.00801
  -0.00240
  -0.00083
   0.00253
   0.00884
   0.01093
   0.01115
   0.01221
   0.01940
   0.01599
   0.01800
   0.01446
   0.01230
   0.00046
  -0.00286
   0.00771
   0.00176
  -0.00080
  -0.01510
  -0.02026
  -0.01993
  -0.01172
  -0.01052
   0.00760
   0.01917
   0.02395
   0.01932
   0.00919
   0.00488
  -0.00513
  -0.01369
  -0.01464
  -0.01718
  -0.00483
  -0.00906
  -0.01224
  -0.00659
   0.00210
  -0.00094
  -0.00558
  -0.01224
   0.00109
  -0.00455
  -0.01587
  -0.01824
  -0.01208
  -0.01184
  -0.01346
  -0.01031
  -0.00034
   0.00288
  -0.00246
  -0.01238
  -0.00602
  -0.00248
   0.00366
   0.00198
   0.00028
  -0.00292
  -0.00273
  -0.00927
  -0.02874
  -0.03677
  -0.03244
  -0.03465
  -0.02868
  -0.02953
  -0.02074
  -0.00915
  -0.01223
  -0.02088
  -0.01981
  -0.02131
  -0.02031
  -0.01706
  -0.02802
  -0.03824
  -0.04979
  -0.04922
  -0.03901
  -0.03534
  -0.03119
  -0.02060
  -0.01578
  -0.00761
  -0.00032
   0.00609
   0.00594
   0.00094
   0.00700
   0.00368
  -0.00379
  -0.01619
  -0.02633
  -0.03161
  -0.03859
  -0.03112
  -0.02454
  -0.02702
  -0.02193
  -0.01720
  -0.02077
  -0.02717
  -0.03388
  -0.02918
  -0.02522
  -0.02165
  -0.01625
  -0.02137
  -0.03299
  -0.02672
  -0.01965
  -0.01718
  -0.01218
  -0.01018
  -0.01195
  -0.00902
  -0.02002
  -0.01592
  -0.00756
  -0.01563
  -0.02437
  -0.01971
  -0.02315
  -0.02485
  -0.02128
  -0.02350
  -0.02644
  -0.02126
  -0.03044
  -0.03942
  -0.03937
  -0.03480
  -0.02742
  -0.02387
  -0.01297
  -0.01056
  -0.00277
  -0.00462
  -0.00999
  -0.01541
  -0.01291
  -0.01395
  -0.01481
  -0.01658
  -0.00920
  -0.01174
  -0.02146
  -0.02022
  -0.02259
  -0.02173
  -0.02069
  -0.03418
  -0.03846
  -0.02854
  -0.02809
  -0.02340
  -0.02073
  -0.01936
  -0.02292
  -0.02081
  -0.02533
  -0.03006
  -0.02806
  -0.01850
  -0.02188
  -0.01646
  -0.02143
  -0.02860
  -0.03661
  -0.04096
  -0.04292
  -0.04173
  -0.04164
  -0.03381
  -0.03028
  -0.02301
  -0.01630
  -0.01292
  -0.02041
  -0.01772
  -0.01078
  -0.00358
  -0.00926
  -0.01297
  -0.00228
   0.00280
  -0.00405
  -0.01607
  -0.02159
  -0.01731
  -0.01514
  -0.01372
  -0.01199
  -0.01194
  -0.02042
  -0.02115
  -0.01820
  -0.00525
   0.00101
   0.00419
  -0.01309
  -0.01518
  -0.01646
  -0.01601
  -0.01968
  -0.01519
  -0.00853
  -0.00409
   0.00695
   0.00702
   0.00118
  -0.00989
  -0.00891
  -0.01895
  -0.02227
  -0.02139
  -0.01837
  -0.01646
  -0.01865
  -0.02126
  -0.02422
  -0.01316
  -0.00489
  -0.00343
  -0.00193
   0.00094
   0.00485
   0.00643
   0.00469
  -0.00010
  -0.00348
  -0.00164
  -0.01882
  -0.01514
  -0.01372
  -0.01199
  -0.01194
  -0.02042
  -0.02115
  -0.01820
  -0.00525
   0.00101
   0.00419
  -0.01309
  -0.01518
  -0.01646
  -0.01601
  -0.01968
  -0.01519
  -0.00853
  -0.00409
   0.00695
   0.00702
   0.00118
  -0.00989
  -0.00891
  -0.01895
  -0.02227
  -0.02139
  -0.01837
  -0.01646
  -0.01865
  -0.02126
  -0.02422
  -0.01316
  -0.00489
  -0.00343
  -0.00193
   0.00094
   0.00485
   0.00643
   0.00469
  -0.00010
  -0.00348
  -0.00164
  -0.01882
  -0.01514
  -0.01372
  -0.01199
  -0.01194
  -0.02042
  -0.02115
  -0.01820
  -0.00525
   0.00101
   0.00419
  -0.01309
  -0.01518
  -0.01646
  -0.01601
  -0.01968
  -0.01519
  -0.00853
  -0.00409
   0.00695
   0.00702
   0.00118
  -0.00989
  -0.00891
  -0.01895
  -0.02227
  -0.02139
  -0.01837
  -0.01646
  -0.01865
  -0.02126
  -0.02422
  -0.01316
  -0.00489
  -0.00343
  -0.00193
   0.00094
   0.00485
   0.00643
   0.00469
  -0.00010
  -0.00348
  -0.00164
  -0.01882
  -0.01514
  -0.01372
  -0.01199
  -0.01194
  -0.02042
  -0.02115
  -0.01820
  -0.00525
   0.00101
   0.00419
  -0.01309
  -0.01518
  -0.01646
  -0.01601
  -0.01968
  -0.01519
  -0.00853
  -0.00409
   0.00695
   0.00702
   0.00118
  -0.00989
  -0.00891
  -0.01895
  -0.02227
  -0.02139
  -0.01837
  -0.01646
  -0.01865
  -0.02126
  -0.02422
  -0.01316
  -0.00489
  -0.00343
  -0.00193
   0.00094
   0.00485
   0.00643
   0.00469
   0.00010
   0.00010
   0.00010
   0.00010
   0.00010
   0.00010