  -0.00000
   1.14890
   1.80204
   2.67860
   3.80387
   5.12789
   6.42411
   7.59781
   8.92312
  10.49445
  11.90000
  10.81118
   9.44476
   8.45322
   7.75830
   7.03605
   6.32183
   5.71145
   5.17464
   4.66363
   4.27764
   4.01432
   3.74116
   3.44587
   3.20216
   3.02030
   2.82709
   2.59468
   2.37140
   2.19290
   2.01161
   1.80418
   1.61417
   1.44681
   1.26561
   1.07535
   0.90706
   0.75328
   0.58986
   0.42691
   0.28123
   0.13809
   0.00560
  -0.10094
  -0.20573
  -0.30811
  -0.41048
  -0.52604
  -0.61984
  -0.71168
  -0.80722
  -0.88709
  -0.96689
  -1.03531
  -1.10349
  -1.17642
  -1.23371
  -1.29172
  -1.35467
  -1.40438
  -1.45748
  -1.50964
  -1.55878
  -1.61224
  -1.65334
  -1.69013
  -1.71587
  -1.73884
  -1.76342
  -1.80115
  -1.82540
  -1.83218
  -1.85208
  -1.88463
  -1.90321
  -1.90573
  -1.92177
  -1.94083
  -1.93988
  -1.95482
  -1.95535
  -1.94926
  -1.95224
  -1.94910
  -1.96454
  -1.98318
  -1.98645
  -1.97792
  -1.97098
  -1.98265
  -1.97404
  -1.96332
  -1.96561
  -1.97357
  -1.96382
  -1.94511
  -1.94502
  -1.93473
  -1.91213
  -1.89701
  -1.88449
  -1.87372
  -1.85856
  -1.84773
  -1.84546
  -1.83743
  -1.83090
  -1.80991
  -1.79673
  -1.78871
  -1.76630
  -1.74570
  -1.71965
  -1.69534
  -1.67313
  -1.65090
  -1.64226
  -1.63192
  -1.60297
  -1.58648
  -1.57731
  -1.56245
  -1.54352
  -1.53187
  -1.53146
  -1.50793
  -1.48685
  -1.47256
  -1.45875
  -1.43139
  -1.38855
  -1.36521
  -1.35156
  -1.32896
  -1.30824
  -1.27898
  -1.25976
  -1.25439
  -1.23808
  -1.23565
  -1.22245
  -1.19620
  -1.18351
  -1.17762
  -1.16234
  -1.13266
  -1.09838
  -1.08900
  -1.06856
  -1.04261
  -1.03382
  -1.01878
  -0.98883
  -0.97835
  -0.97136
  -0.95480
  -0.93685
  -0.91664
  -0.91863
  -0.90034
  -0.88722
  -0.87335
  -0.86136
  -0.84662
  -0.82822
  -0.80944
  -0.77706
  -0.76485
  -0.74609
  -0.72886
  -0.71604
  -0.70041
  -0.68961
  -0.66391
  -0.64925
  -0.63529
  -0.62269
  -0.60897
  -0.58512
  -0.57338
  -0.57021
  -0.56280
  -0.53295
  -0.52204
  -0.52720
  -0.51080
  -0.49109
  -0.47306
  -0.45592
  -0.42813
  -0.41317
  -0.40841
  -0.40870
  -0.39663
  -0.38219
  -0.35570
  -0.33364
  -0.31530
  -0.30448
  -0.31908
  -0.31806
  -0.30222
  -0.28530
  -0.27679
  -0.26006
  -0.24952
  -0.23999
  -0.22245
  -0.20954
  -0.20237
  -0.19999
  -0.21181
  -0.21171
  -0.18640
  -0.17242
  -0.15125
  -0.13962
  -0.13563
  -0.12644
  -0.11290
  -0.09708
  -0.08277
  -0.07079
  -0.06967
  -0.06672
  -0.06242
  -0.05865
  -0.04620
  -0.03451
  -0.02375
  -0.00231
   0.00511
   0.01610
   0.00995
   0.00401
   0.01929
   0.03024
   0.03337
   0.02778
   0.02384
   0.02977
   0.05274
   0.07652
   0.08982
   0.07921
   0.07931
   0.08919
   0.09984
   0.10987
   0.11755
   0.12643
   0.13649
   0.12848
   0.12992
   0.13438
   0.14101
   0.14786
   0.16242
   0.16317
   0.16874
   0.17913
   0.18870
   0.19431
   0.21249
   0.21578
   0.20907
   0.20408
   0.21266
   0.22043
   0.21579
   0.21000
   0.21693
   0.23119
   0.23280
   0.23695
   0.23793
   0.22921
   0.24560
   0.26251
   0.26505
   0.24995
   0.24674
   0.25223
   0.26828
   0.26998
   0.27223
   0.28017
   0.29192
   0.28371
   0.27120
   0.27563
   0.28172
   0.28313
   0.28462
   0.29276
   0.30560
   0.30952
   0.31476
   0.31212
   0.30504
   0.29354
   0.30688
   0.30982
   0.31108
   0.31650
   0.32569
   0.33631
   0.32963
   0.31960
   0.32048
   0.32088
   0.32372
   0.31533
   0.32926
   0.32676
   0.32973
   0.33286
   0.33885
   0.34043
   0.33627
   0.33009
   0.33513
   0.33525
   0.33567
   0.33557
   0.32431
   0.32859
   0.34286
   0.33499
   0.33116
   0.33442
   0.33281
   0.33043
   0.33231
   0.33519
   0.33779
   0.34456
   0.34851
   0.34306
   0.33407
   0.33082
   0.33815
   0.34601
   0.34020
   0.33076
   0.32573
   0.34511
   0.36195
   0.35898
   0.35219
   0.35642
   0.35464
   0.35379
   0.36471
   0.36171
   0.35911
   0.35356
   0.34857
   0.35345
   0.35830
   0.34959
   0.34476
   0.33240
   0.32576
   0.32622
   0.32598
   0.32330
   0.31796
   0.32401
   0.31802
   0.32774
   0.33712
   0.34377
   0.34108
   0.33986
   0.32966
   0.33215
   0.32638
   0.33367
   0.33130
   0.33480
   0.33797
   0.32830
   0.32352
   0.32357
   0.32144
   0.30357
   0.28568
   0.29443
   0.29665
   0.30547
   0.31413
   0.31375
   0.31351
   0.31381
   0.31760
   0.30764
   0.29124
   0.28652
   0.29158
   0.32377
   0.32841
   0.33199
   0.31452
   0.30928
   0.31270
   0.31549
   0.30562
   0.29224
   0.28419
   0.28459
   0.27202
   0.26369
   0.28344
   0.29612
   0.28716
   0.28413
   0.28556
   0.28959
   0.28669
   0.28006
   0.26808
   0.26222
   0.26285
   0.25924
   0.26041
   0.25942
   0.25800
   0.26345
   0.27405
   0.26204
   0.26254
   0.26009
   0.24927
   0.25160
   0.24838
   0.23511
   0.23017
   0.23182
   0.22686
   0.23967
   0.23791
   0.23823
   0.24748
   0.25065
   0.25584
   0.24160
   0.23343
   0.23307
   0.21547
   0.21445
   0.20305
   0.18789
   0.18926
   0.18533
   0.17350
   0.18088
   0.19717
   0.21020
   0.19922
   0.20394
   0.20856
   0.21314
   0.21015
   0.20493
   0.20421
   0.20353
   0.19909
   0.20151
   0.20123
   0.18837
   0.18353
   0.19114
   0.18846
   0.19400
   0.20043
   0.19879
   0.18470
   0.17868
   0.17438
   0.17410
   0.17658
   0.16961
   0.16404
   0.15463
   0.16293
   0.16879
   0.16240
   0.15199
   0.14055
   0.13734
   0.13395
   0.14392
   0.15845
   0.17229
   0.15440
   0.13917
   0.15324
   0.15353
   0.15264
   0.15731
   0.17044
   0.17842
   0.15901
   0.15240
   0.13131
   0.12480
   0.12518
   0.12282
   0.14429
   0.14680
   0.14004
   0.14056
   0.13499
   0.12221
   0.11630
   0.11147
   0.11770
   0.11851
   0.12276
   0.12150
   0.12033
   0.12923
   0.13480
   0.13551
   0.13708
   0.14180
   0.13712
   0.13400
   0.13037
   0.13434
   0.13446
   0.14168
   0.13354
   0.11669
   0.09880
   0.08628
   0.09222
   0.10848
   0.10679
   0.09351
   0.07697
   0.07606
   0.08355
   0.07913
   0.08223
   0.09085
   0.09431
   0.08240
   0.07010
   0.07655
   0.07535
   0.08101
   0.09380
   0.10176
   0.10797
   0.11320
   0.10658
   0.09629
   0.08547
   0.07673
   0.06611
   0.06191
   0.04668
   0.04487
   0.05050
   0.06141
   0.06618
   0.06107
   0.05581
   0.05006
   0.04192
   0.03738
   0.04124
   0.04331
   0.05287
   0.05549
   0.05513
   0.06298
   0.05950
   0.06723
   0.06506
   0.05171
   0.05252
   0.05873
   0.07187
   0.06868
   0.06449
   0.06440
   0.06124
   0.06198
   0.05440
   0.05436
   0.06113
   0.06324
   0.06207
   0.05330
   0.05577
   0.06309
   0.06194
   0.05907
   0.05507
   0.04312
   0.04104
   0.04126
   0.04196
   0.03424
   0.03179
   0.02694
   0.02813
   0.03791
   0.03548
   0.02870
   0.02679
   0.04156
   0.04924
   0.04308
   0.04541
   0.04284
   0.04602
   0.04051
   0.04761
   0.05161
   0.05223
   0.05364
   0.04541
   0.03000
   0.03034
   0.03227
   0.03646
   0.03597
   0.03124
   0.01889
   0.01759
   0.01795
   0.02130
   0.02298
   0.03405
   0.04328
   0.04056
   0.05006
   0.04730
   0.03925
   0.02995
   0.02695
   0.02124
   0.02021
   0.02645
   0.02402
   0.01804
   0.01158
   0.01026
   0.00616
   0.00250
  -0.00596
  -0.00917
   0.00153
   0.00229
   0.00796
   0.02326
   0.02866
   0.01974
   0.02039
   0.02497
   0.02515
   0.02503
   0.01718
   0.00854
   0.00509
   0.00997
   0.02249
   0.01918
   0.00872
  -0.00286
   0.00354
   0.01000
   0.00771
   0.01218
   0.00636
   0.00498
  -0.00437
   0.00161
   0.01003
   0.01234
   0.01071
   0.01025
   0.01444
  -0.00229
  -0.01009
  -0.00293
   0.00059
  -0.00317
   0.00246
   0.00055
  -0.01182
  -0.02058
  -0.01954
  -0.01787
  -0.02614
  -0.02667
  -0.03724
  -0.04293
  -0.03777
  -0.02943
  -0.02613
  -0.02945
  -0.02633
  -0.01999
  -0.01869
  -0.02066
  -0.01520
  -0.01088
  -0.01504
  -0.01919
  -0.02354
  -0.03206
  -0.03295
  -0.03807
  -0.03857
  -0.04404
  -0.03469
  -0.02240
  -0.01480
  -0.03491
  -0.03564
  -0.02619
  -0.02867
  -0.03404
  -0.03025
  -0.03411
  -0.04122
  -0.04797
  -0.04418
  -0.03629
  -0.04069
  -0.03016
  -0.03651
  -0.03038
  -0.04095
  -0.03597
  -0.02697
  -0.03092
  -0.03395
  -0.03362
  -0.02759
  -0.03838
  -0.03744
  -0.04219
  -0.05111
  -0.06015
  -0.05898
  -0.06071
  -0.06302
  -0.05768
  -0.04080
  -0.03399
  -0.04839
  -0.05777
  -0.04376
  -0.03955
  -0.03065
  -0.03472
  -0.03483
  -0.04319
  -0.04752
  -0.05410
  -0.05365
  -0.04728
  -0.04423
  -0.05814
  -0.05129
  -0.04186
  -0.04272
  -0.04721
  -0.04382
  -0.04619
  -0.04894
  -0.05019
  -0.04631
  -0.04490
  -0.04874
  -0.04968
  -0.04037
  -0.03440
  -0.03630
  -0.04825
  -0.03430
  -0.02936
  -0.03228
  -0.03569
  -0.03907
  -0.04166
  -0.04354
  -0.05341
  -0.05719
  -0.05642
  -0.04745
  -0.04514
  -0.03734
  -0.04975
  -0.03782
  -0.04057
  -0.05479
  -0.06529
  -0.07302
  -0.07272
  -0.07607
  -0.05787
  -0.03691
  -0.03890
  -0.05041
  -0.04711
  -0.04728
  -0.04472
  -0.03358
  -0.01386
  -0.01652
  -0.03554
  -0.05961
  -0.05932
  -0.07226
  -0.07758
  -0.06983
  -0.05945
  -0.05558
  -0.05692
  -0.06561
  -0.06990
  -0.05847
  -0.05355
  -0.04068
  -0.03786
  -0.04951
  -0.05232
  -0.06656
  -0.06536
  -0.05468
  -0.05187
  -0.05245
  -0.05603
  -0.04597
  -0.03836
  -0.03503
  -0.04238
  -0.04705
  -0.04690
  -0.04321
  -0.04199
  -0.04290
  -0.04652
  -0.04890
  -0.03911
  -0.04145
  -0.03423
  -0.03210
  -0.04063
  -0.05382
  -0.05817
  -0.04109
  -0.04287
  -0.03498
  -0.02425
  -0.01671
  -0.01348
  -0.00781
   0.00451
   0.00575
  -0.00579
   0.00101
   0.00162
  -0.02231
  -0.04464
  -0.04945
  -0.04310
  -0.01840
  -0.01372
  -0.02408
  -0.02110
  -0.00602
   0.00486
   0.00318
   0.00052
  -0.01002
  -0.01939
  -0.01985
  -0.02223
  -0.01693
  -0.01320
  -0.02410
  -0.02159
   0.00353
   0.00192
  -0.00578
  -0.00578
  -0.00578
  -0.00578
  -0.00578
  -0.00578
  -0.00578
  -0.00578
  -0.00578
  -0.00578
  -0.00578
  -0.00578
  -0.00578
  -0.00578
  -0.00578
  -0.00578
  -0.00578
  -0.00578
  -0.00578
  -0.00578
  -0.00578
  -0.00578
  -0.00578
  -0.00578
  -0.00578
  -0.00578
  -0.00578
  -0.00578
  -0.00578
  -0.00578
  -0.00578
  -0.00578
  -0.00578
  -0.00578
  -0.00578
  -0.00578
  -0.00578
  -0.00578
  -0.00578
  -0.00578
  -0.00578
  -0.00578
  -0.00578
  -0.00578
  -0.00578
  -0.00578
  -0.00578
  -0.00578
  -0.00578
  -0.00578
  -0.00578
  -0.00578
  -0.00578
  -0.00578
  -0.00578
  -0.00578
  -0.00578
  -0.00578
  -0.00578
  -0.00578
  -0.00578
  -0.00578
  -0.00578
  -0.00578
  -0.00578
  -0.00578
  -0.00578
  -0.00578
  -0.00578
  -0.00578
  -0.00578
  -0.00578
  -0.00578
  -0.00578
  -0.00578
  -0.00578
  -0.00578
  -0.00578
  -0.00578
  -0.00578
  -0.00578
  -0.00578
  -0.00578
  -0.00578
  -0.00578
  -0.00578
  -0.00578
  -0.00578
  -0.00578
  -0.00578
  -0.00578
  -0.00578
  -0.00578
  -0.00578
  -0.00578
  -0.00578
  -0.00578
  -0.00578
  -0.00578
  -0.00578
  -0.00578
  -0.00578
  -0.00578
  -0.00578
  -0.00578
  -0.00578
  -0.00578
  -0.00578
  -0.00578
  -0.00578
  -0.00578
  -0.00578
  -0.00578
  -0.00578
  -0.00578
  -0.00578
  -0.00578
  -0.00578
  -0.00578
  -0.00578
  -0.00578
  -0.00578
  -0.00578
  -0.00578
  -0.00578
  -0.00578
  -0.00578
  -0.00578
  -0.00578
  -0.00578
  -0.00578
  -0.00578