  -0.00000
   0.31504
   0.65908
   1.35455
   2.51210
   4.14517
   6.01699
   7.62443
   8.93004
  10.06924
  10.62500
  10.26109
   9.70756
   9.26617
   8.82562
   8.25525
   7.60350
   6.96839
   6.38337
   5.85670
   5.37811
   4.92666
   4.53248
   4.19163
   3.84077
   3.48741
   3.18491
   2.91846
   2.64531
   2.36579
   2.09855
   1.85277
   1.61877
   1.38635
   1.16025
   0.94971
   0.75016
   0.55197
   0.35821
   0.17987
   0.01522
  -0.15151
  -0.31515
  -0.46517
  -0.60254
  -0.73341
  -0.86056
  -0.98516
  -1.10356
  -1.21434
  -1.32248
  -1.42498
  -1.51768
  -1.60789
  -1.69623
  -1.77659
  -1.85065
  -1.92362
  -1.99329
  -2.05744
  -2.11751
  -2.17140
  -2.22350
  -2.27037
  -2.31514
  -2.35471
  -2.39391
  -2.43298
  -2.46254
  -2.48611
  -2.51046
  -2.53116
  -2.55242
  -2.57184
  -2.58929
  -2.60472
  -2.61851
  -2.63094
  -2.63782
  -2.64350
  -2.64948
  -2.65456
  -2.65386
  -2.65247
  -2.64756
  -2.64414
  -2.64192
  -2.63693
  -2.62819
  -2.62007
  -2.61035
  -2.60605
  -2.59461
  -2.58013
  -2.56673
  -2.55084
  -2.53447
  -2.51593
  -2.49743
  -2.47977
  -2.45999
  -2.43840
  -2.41912
  -2.39407
  -2.37116
  -2.34720
  -2.32686
  -2.30596
  -2.28198
  -2.25843
  -2.23606
  -2.21357
  -2.18955
  -2.16380
  -2.13869
  -2.11468
  -2.09090
  -2.06538
  -2.03816
  -2.00866
  -1.98265
  -1.95541
  -1.92701
  -1.89750
  -1.87087
  -1.84405
  -1.81867
  -1.79689
  -1.77266
  -1.74215
  -1.71402
  -1.68637
  -1.65681
  -1.62824
  -1.59825
  -1.57048
  -1.54464
  -1.52283
  -1.49634
  -1.46559
  -1.43689
  -1.40903
  -1.38243
  -1.35868
  -1.33551
  -1.31472
  -1.28821
  -1.26093
  -1.23371
  -1.20664
  -1.17951
  -1.15635
  -1.13143
  -1.10433
  -1.07807
  -1.05310
  -1.03083
  -1.00669
  -0.98580
  -0.96294
  -0.94281
  -0.91745
  -0.89237
  -0.86731
  -0.84484
  -0.82123
  -0.80305
  -0.77975
  -0.76047
  -0.74227
  -0.72085
  -0.69870
  -0.67689
  -0.65711
  -0.63614
  -0.61395
  -0.59611
  -0.57907
  -0.55949
  -0.53776
  -0.51572
  -0.49538
  -0.47565
  -0.45901
  -0.44188
  -0.42621
  -0.40930
  -0.38987
  -0.37381
  -0.35375
  -0.33621
  -0.31638
  -0.29954
  -0.28035
  -0.26270
  -0.24727
  -0.23254
  -0.21988
  -0.20502
  -0.19015
  -0.17453
  -0.15868
  -0.14593
  -0.13198
  -0.12186
  -0.11025
  -0.09895
  -0.08524
  -0.07064
  -0.05483
  -0.03963
  -0.02619
  -0.01380
  -0.00148
   0.01136
   0.02547
   0.03909
   0.04998
   0.05784
   0.06771
   0.07905
   0.08707
   0.09544
   0.10503
   0.11429
   0.12682
   0.13755
   0.14845
   0.15810
   0.16971
   0.17929
   0.18707
   0.19564
   0.20375
   0.21448
   0.22382
   0.23065
   0.23859
   0.24562
   0.25454
   0.26320
   0.27052
   0.28021
   0.28732
   0.29160
   0.29755
   0.30420
   0.31129
   0.31648
   0.32175
   0.32950
   0.33516
   0.34114
   0.34788
   0.35535
   0.36065
   0.36338
   0.36984
   0.37447
   0.37869
   0.38332
   0.38973
   0.39531
   0.39879
   0.40334
   0.40894
   0.41468
   0.41793
   0.42158
   0.42587
   0.42810
   0.42929
   0.42974
   0.43345
   0.43776
   0.43979
   0.44230
   0.44702
   0.44973
   0.44955
   0.45372
   0.45853
   0.46387
   0.46765
   0.46643
   0.46941
   0.47148
   0.47484
   0.47570
   0.47753
   0.48007
   0.48317
   0.48751
   0.48711
   0.48763
   0.48896
   0.48901
   0.48966
   0.49300
   0.49511
   0.49637
   0.49812
   0.49798
   0.49920
   0.50159
   0.50325
   0.50416
   0.50604
   0.50798
   0.50779
   0.50861
   0.50776
   0.50606
   0.50466
   0.50450
   0.50527
   0.50522
   0.50761
   0.50892
   0.50916
   0.50803
   0.50572
   0.50382
   0.50301
   0.50467
   0.50521
   0.50711
   0.50798
   0.50590
   0.50296
   0.50224
   0.50241
   0.50074
   0.50044
   0.49988
   0.49852
   0.49699
   0.49524
   0.49396
   0.49318
   0.49314
   0.49374
   0.49209
   0.49190
   0.49101
   0.48830
   0.48720
   0.48588
   0.48428
   0.48414
   0.48158
   0.47955
   0.48041
   0.48276
   0.48158
   0.47685
   0.47340
   0.47253
   0.46815
   0.46683
   0.46381
   0.46042
   0.45952
   0.46036
   0.46028
   0.45954
   0.45783
   0.45863
   0.45971
   0.46025
   0.45469
   0.45182
   0.45196
   0.45020
   0.44531
   0.44052
   0.43708
   0.43629
   0.43069
   0.42702
   0.42442
   0.42313
   0.42212
   0.42063
   0.41984
   0.41962
   0.41718
   0.41376
   0.41018
   0.41079
   0.40892
   0.40732
   0.40664
   0.40726
   0.40943
   0.40943
   0.40644
   0.40232
   0.39804
   0.39298
   0.39000
   0.39012
   0.39042
   0.39227
   0.39023
   0.38576
   0.38430
   0.38252
   0.37753
   0.37237
   0.36954
   0.37061
   0.36883
   0.36777
   0.36639
   0.36495
   0.36398
   0.36040
   0.35397
   0.35067
   0.34853
   0.34612
   0.34137
   0.33888
   0.33720
   0.33741
   0.33573
   0.33571
   0.33313
   0.33032
   0.32936
   0.32585
   0.32251
   0.32132
   0.32092
   0.31437
   0.31000
   0.30981
   0.30776
   0.30665
   0.30770
   0.30551
   0.30382
   0.30306
   0.30035
   0.29743
   0.29099
   0.28479
   0.28049
   0.27858
   0.27943
   0.27731
   0.27595
   0.27343
   0.27073
   0.26970
   0.26750
   0.26646
   0.26643
   0.26371
   0.26106
   0.25954
   0.25932
   0.26045
   0.26208
   0.25822
   0.25635
   0.25555
   0.25335
   0.25212
   0.24478
   0.24214
   0.24008
   0.23791
   0.23520
   0.23231
   0.22852
   0.22742
   0.22249
   0.22102
   0.22070
   0.21931
   0.21794
   0.21908
   0.21880
   0.21565
   0.21218
   0.21182
   0.20903
   0.20465
   0.20041
   0.19872
   0.19945
   0.20026
   0.19666
   0.19449
   0.19285
   0.19041
   0.18645
   0.18212
   0.17982
   0.18070
   0.18372
   0.18411
   0.18130
   0.18030
   0.17781
   0.17349
   0.16924
   0.16844
   0.16791
   0.16528
   0.16570
   0.16348
   0.16179
   0.15899
   0.16017
   0.16358
   0.16057
   0.16195
   0.16324
   0.15828
   0.15733
   0.15493
   0.15037
   0.14653
   0.14235
   0.14248
   0.14390
   0.14353
   0.14225
   0.14046
   0.13768
   0.13980
   0.14039
   0.13867
   0.13444
   0.13352
   0.13109
   0.12840
   0.12497
   0.12267
   0.12162
   0.12069
   0.12173
   0.12175
   0.12015
   0.11554
   0.11150
   0.11223
   0.11199
   0.11325
   0.11224
   0.10770
   0.10070
   0.09783
   0.10101
   0.09940
   0.10011
   0.09918
   0.09879
   0.09951
   0.09757
   0.09434
   0.09353
   0.09635
   0.09692
   0.09464
   0.09213
   0.09092
   0.09321
   0.09315
   0.09166
   0.09002
   0.08480
   0.08174
   0.08040
   0.08134
   0.08320
   0.08179
   0.07720
   0.07591
   0.07361
   0.07371
   0.07277
   0.07188
   0.07058
   0.06589
   0.06571
   0.06546
   0.06628
   0.06632
   0.06504
   0.06606
   0.06776
   0.06808
   0.06587
   0.06297
   0.06162
   0.06015
   0.05647
   0.05440
   0.05225
   0.05307
   0.05417
   0.05438
   0.05597
   0.05281
   0.04805
   0.04619
   0.04391
   0.04214
   0.04455
   0.04831
   0.04964
   0.04838
   0.04696
   0.04493
   0.04474
   0.04456
   0.04230
   0.04016
   0.04048
   0.03788
   0.03641
   0.03598
   0.03513
   0.03638
   0.03611
   0.03101
   0.02741
   0.02677
   0.02977
   0.02843
   0.02659
   0.02816
   0.02935
   0.03239
   0.03521
   0.03465
   0.03451
   0.03161
   0.03080
   0.02839
   0.02441
   0.02220
   0.02317
   0.02349
   0.02265
   0.01873
   0.01959
   0.02131
   0.02369
   0.02212
   0.02155
   0.02150
   0.02115
   0.01829
   0.01762
   0.01323
   0.01404
   0.01582
   0.01476
   0.01310
   0.01290
   0.01338
   0.01319
   0.01476
   0.01408
   0.01347
   0.01351
   0.01299
   0.01249
   0.01118
   0.00980
   0.00750
   0.00780
   0.01131
   0.01042
   0.00877
   0.00700
   0.00662
   0.00464
   0.00430
   0.00452
   0.00695
   0.00776
   0.00550
   0.00507
   0.00491
   0.00410
   0.00808
   0.00853
   0.00665
   0.00277
  -0.00125
  -0.00648
  -0.00698
  -0.00536
  -0.00597
  -0.00427
  -0.00604
  -0.00363
  -0.00695
  -0.00831
  -0.00732
  -0.00648
  -0.00495
  -0.00425
  -0.00747
  -0.00915
  -0.01023
  -0.00936
  -0.00989
  -0.00774
  -0.00627
  -0.00891
  -0.00902
  -0.00880
  -0.00876
  -0.00784
  -0.00851
  -0.01038
  -0.01162
  -0.01463
  -0.01735
  -0.01912
  -0.01868
  -0.01851
  -0.02125
  -0.02248
  -0.02019
  -0.01706
  -0.01620
  -0.01679
  -0.01815
  -0.01981
  -0.01983
  -0.02116
  -0.02056
  -0.01867
  -0.01738
  -0.01609
  -0.01711
  -0.01729
  -0.01844
  -0.01929
  -0.01667
  -0.01627
  -0.01655
  -0.01574
  -0.01859
  -0.01760
  -0.01840
  -0.02001
  -0.02316
  -0.02477
  -0.02276
  -0.02288
  -0.02316
  -0.02138
  -0.01825
  -0.01988
  -0.02405
  -0.02547
  -0.02574
  -0.02114
  -0.01727
  -0.01755
  -0.01725
  -0.01608
  -0.01645
  -0.01791
  -0.01746
  -0.01860
  -0.01815
  -0.01720
  -0.01904
  -0.01829
  -0.01922
  -0.01996
  -0.01892
  -0.01717
  -0.01729
  -0.01737
  -0.01945
  -0.02104
  -0.02233
  -0.02267
  -0.02142
  -0.01931
  -0.01972
  -0.01947
  -0.02088
  -0.02163
  -0.02053
  -0.01840
  -0.01698
  -0.01891
  -0.02013
  -0.02137
  -0.01892
  -0.01580
  -0.01511
  -0.01649
  -0.01592
  -0.01626
  -0.01409
  -0.01563
  -0.01547
  -0.01623
  -0.01588
  -0.01318
  -0.01073
  -0.01313
  -0.01650
  -0.01781
  -0.01492
  -0.01442
  -0.01276
  -0.01392
  -0.01724
  -0.01771
  -0.01789
  -0.01616
  -0.01672
  -0.01593
  -0.01317
  -0.01064
  -0.00891
  -0.00775
  -0.00661
  -0.00869
  -0.00439
  -0.00327
  -0.00416
  -0.00578
  -0.00783
  -0.00823
  -0.00873
  -0.00715
  -0.00609
  -0.00620
  -0.00533
  -0.00242
  -0.00484
  -0.00744
  -0.00846
  -0.01017
  -0.00962
  -0.00762
  -0.00541
  -0.00395
  -0.00314
  -0.00689
  -0.00811
  -0.00881
  -0.00864
  -0.01018
  -0.00904
  -0.01011
  -0.00705
  -0.00432
  -0.00573
  -0.00470
  -0.00723
  -0.00496
  -0.00618
  -0.00782
  -0.00645
  -0.00637
  -0.00573
  -0.00509
  -0.00091
   0.00127
   0.00112
   0.00078
   0.00034
  -0.00299
  -0.00417
  -0.00370
  -0.00017
  -0.00133
  -0.00203
  -0.00303
  -0.00410
  -0.00436
  -0.00427
  -0.00416
  -0.00404
  -0.00105
   0.00135
   0.00372
   0.00372
   0.00372
   0.00372
   0.00372
   0.00372
   0.00372
   0.00372
   0.00372
   0.00372
   0.00372
   0.00372
   0.00372
   0.00372
   0.00372
   0.00372
   0.00372
   0.00372
   0.00372
   0.00372
   0.00372
   0.00372
   0.00372
   0.00372
   0.00372
   0.00372
   0.00372
   0.00372
   0.00372
   0.00372
   0.00372
   0.00372
   0.00372
   0.00372
   0.00372
   0.00372
   0.00372
   0.00372
   0.00372
   0.00372
   0.00372
   0.00372
   0.00372
   0.00372
   0.00372
   0.00372
   0.00372
   0.00372
   0.00372
   0.00372
   0.00372
   0.00372
   0.00372
   0.00372
   0.00372
   0.00372
   0.00372
   0.00372
   0.00372
   0.00372
   0.00372
   0.00372
   0.00372
   0.00372
   0.00372
   0.00372
   0.00372
   0.00372
   0.00372
   0.00372
   0.00372
   0.00372
   0.00372
   0.00372
   0.00372
   0.00372
   0.00372
   0.00372
   0.00372
   0.00372
   0.00372
   0.00372
   0.00372
   0.00372
   0.00372
   0.00372
   0.00372
   0.00372
   0.00372
   0.00372
   0.00372
   0.00372
   0.00372
   0.00372
   0.00372
   0.00372
   0.00372
   0.00372
   0.00372
   0.00372
   0.00372
   0.00372
   0.00372
   0.00372
   0.00372
   0.00372
   0.00372
   0.00372
   0.00372
   0.00372
   0.00372
   0.00372
   0.00372
   0.00372
   0.00372
   0.00372
   0.00372
   0.00372
   0.00372
   0.00372
   0.00372
   0.00372
   0.00372
   0.00372
   0.00372
   0.00372
   0.00372
   0.00372
   0.00372
   0.00372
   0.00372
   0.00372