  -0.00000
   1.10575
   1.92639
   3.16995
   4.82426
   6.72539
   8.56418
  10.17118
  11.70410
  13.28481
  14.59259
  13.57729
  12.28422
  11.23517
  10.39072
   9.49448
   8.55867
   7.69486
   6.93000
   6.25310
   5.63474
   5.09045
   4.63412
   4.26618
   3.93557
   3.58934
   3.26025
   2.98773
   2.74447
   2.47073
   2.20666
   1.97529
   1.74570
   1.50909
   1.25972
   1.02546
   0.80008
   0.56492
   0.34924
   0.13124
  -0.06930
  -0.25340
  -0.42663
  -0.59362
  -0.76054
  -0.92300
  -1.06627
  -1.21087
  -1.34608
  -1.47096
  -1.58243
  -1.68251
  -1.79468
  -1.89254
  -1.97441
  -2.06359
  -2.16339
  -2.23721
  -2.31073
  -2.39005
  -2.46743
  -2.53473
  -2.60150
  -2.66474
  -2.71692
  -2.75899
  -2.81090
  -2.83598
  -2.84792
  -2.87027
  -2.90292
  -2.93827
  -2.95522
  -2.97187
  -3.00713
  -3.03773
  -3.05594
  -3.06188
  -3.07042
  -3.06927
  -3.06709
  -3.05966
  -3.05474
  -3.05959
  -3.06136
  -3.05507
  -3.06063
  -3.05052
  -3.04507
  -3.03039
  -3.02507
  -3.00954
  -3.00223
  -2.98355
  -2.96849
  -2.94712
  -2.91887
  -2.89557
  -2.87043
  -2.85041
  -2.84073
  -2.83675
  -2.81087
  -2.78829
  -2.75772
  -2.73549
  -2.71634
  -2.69116
  -2.65620
  -2.62917
  -2.61561
  -2.58300
  -2.54771
  -2.52067
  -2.48298
  -2.44144
  -2.40479
  -2.37860
  -2.35726
  -2.34732
  -2.33406
  -2.30231
  -2.26761
  -2.24228
  -2.19927
  -2.15737
  -2.12793
  -2.09382
  -2.06194
  -2.02689
  -2.00430
  -1.98839
  -1.95761
  -1.92624
  -1.88687
  -1.85520
  -1.83153
  -1.81130
  -1.77401
  -1.74902
  -1.72013
  -1.69422
  -1.66456
  -1.63227
  -1.59825
  -1.57732
  -1.55321
  -1.51592
  -1.47801
  -1.44230
  -1.39296
  -1.36708
  -1.33843
  -1.30954
  -1.29061
  -1.27915
  -1.25155
  -1.21699
  -1.17921
  -1.15461
  -1.13654
  -1.10734
  -1.06745
  -1.03626
  -1.00684
  -0.98228
  -0.96467
  -0.93445
  -0.91509
  -0.88968
  -0.87305
  -0.85619
  -0.83075
  -0.80559
  -0.78500
  -0.76441
  -0.73419
  -0.71043
  -0.68513
  -0.67363
  -0.65893
  -0.62765
  -0.61494
  -0.59514
  -0.56840
  -0.53360
  -0.51085
  -0.48449
  -0.45027
  -0.42544
  -0.40680
  -0.38961
  -0.38087
  -0.36665
  -0.35195
  -0.32535
  -0.32164
  -0.31869
  -0.30687
  -0.28070
  -0.24789
  -0.22856
  -0.21768
  -0.20541
  -0.18634
  -0.15118
  -0.11914
  -0.11193
  -0.09182
  -0.08319
  -0.07580
  -0.06016
  -0.04604
  -0.02789
  -0.02511
  -0.01229
   0.00797
   0.03016
   0.04520
   0.04884
   0.04776
   0.05384
   0.06116
   0.07181
   0.08334
   0.10296
   0.11341
   0.12429
   0.14929
   0.16929
   0.18254
   0.19731
   0.21833
   0.23207
   0.24326
   0.27215
   0.29720
   0.29292
   0.28358
   0.28466
   0.29665
   0.30820
   0.30865
   0.31856
   0.32983
   0.33437
   0.32991
   0.33179
   0.34382
   0.35151
   0.36106
   0.36828
   0.38542
   0.40504
   0.41420
   0.42565
   0.42668
   0.42889
   0.42717
   0.43057
   0.43034
   0.43156
   0.42486
   0.42602
   0.44432
   0.44985
   0.44481
   0.44832
   0.46361
   0.47020
   0.47809
   0.49105
   0.49978
   0.50592
   0.52231
   0.53872
   0.55059
   0.53950
   0.53639
   0.54081
   0.54316
   0.54078
   0.53007
   0.53036
   0.52712
   0.53055
   0.53837
   0.55402
   0.56659
   0.57936
   0.57450
   0.56531
   0.56457
   0.56273
   0.56181
   0.56057
   0.56019
   0.56337
   0.56805
   0.56897
   0.56710
   0.55728
   0.55160
   0.55619
   0.56617
   0.57651
   0.57496
   0.56539
   0.56665
   0.56786
   0.57440
   0.58319
   0.58606
   0.59440
   0.59328
   0.59596
   0.60425
   0.60261
   0.58606
   0.58013
   0.57792
   0.57955
   0.59763
   0.59090
   0.59159
   0.59281
   0.59235
   0.58874
   0.58337
   0.59933
   0.60590
   0.59665
   0.58479
   0.57855
   0.57982
   0.57964
   0.58594
   0.60045
   0.59635
   0.58963
   0.58877
   0.57749
   0.57345
   0.56220
   0.56067
   0.58392
   0.58048
   0.57275
   0.55585
   0.55123
   0.53739
   0.52729
   0.52541
   0.52104
   0.53189
   0.54305
   0.55692
   0.56347
   0.56452
   0.57458
   0.56686
   0.57354
   0.57540
   0.56702
   0.55566
   0.53813
   0.53013
   0.53514
   0.52221
   0.51749
   0.52193
   0.52596
   0.52499
   0.51818
   0.52059
   0.52652
   0.52336
   0.51439
   0.51325
   0.52268
   0.52458
   0.51628
   0.49929
   0.49440
   0.49355
   0.48450
   0.46212
   0.46421
   0.46875
   0.46553
   0.46027
   0.46176
   0.45898
   0.46362
   0.46138
   0.46014
   0.46037
   0.45617
   0.45317
   0.44345
   0.44631
   0.46564
   0.47544
   0.47192
   0.46768
   0.46872
   0.45849
   0.45254
   0.44231
   0.44695
   0.44653
   0.44329
   0.44391
   0.42451
   0.40703
   0.40323
   0.40216
   0.40598
   0.39822
   0.39887
   0.39160
   0.39504
   0.39905
   0.39858
   0.39413
   0.37839
   0.38130
   0.37601
   0.37597
   0.37474
   0.37230
   0.38171
   0.37391
   0.37482
   0.38347
   0.39008
   0.38923
   0.39840
   0.39564
   0.37662
   0.36137
   0.35961
   0.34291
   0.34213
   0.34130
   0.34419
   0.34360
   0.34335
   0.33812
   0.33196
   0.32876
   0.33495
   0.33080
   0.33382
   0.33172
   0.31566
   0.30109
   0.28656
   0.28049
   0.29134
   0.31818
   0.31340
   0.29691
   0.28972
   0.26715
   0.27077
   0.28075
   0.29346
   0.29809
   0.29776
   0.29797
   0.29589
   0.29891
   0.30329
   0.30565
   0.29121
   0.27090
   0.24842
   0.22295
   0.22725
   0.23066
   0.23992
   0.23244
   0.24735
   0.25728
   0.24082
   0.23264
   0.23950
   0.24132
   0.24264
   0.24413
   0.23696
   0.23093
   0.22455
   0.22700
   0.23269
   0.23876
   0.23363
   0.22300
   0.21842
   0.20315
   0.18888
   0.19509
   0.20246
   0.21257
   0.21837
   0.22058
   0.20214
   0.18753
   0.19454
   0.19282
   0.18885
   0.19627
   0.21401
   0.21324
   0.20469
   0.20877
   0.20654
   0.18383
   0.16740
   0.17435
   0.17648
   0.17407
   0.16592
   0.16050
   0.16415
   0.16574
   0.15861
   0.14627
   0.14770
   0.14949
   0.15760
   0.15439
   0.15045
   0.13966
   0.14878
   0.14133
   0.13743
   0.13598
   0.14084
   0.13827
   0.14905
   0.15093
   0.13615
   0.12869
   0.12612
   0.13362
   0.13275
   0.13059
   0.13304
   0.13020
   0.14227
   0.15497
   0.15541
   0.14828
   0.13347
   0.11881
   0.11477
   0.11286
   0.11151
   0.10627
   0.09848
   0.10630
   0.10894
   0.11026
   0.10824
   0.10309
   0.10085
   0.09115
   0.07895
   0.08065
   0.08996
   0.08974
   0.09826
   0.10491
   0.10405
   0.10158
   0.10894
   0.11510
   0.11135
   0.10885
   0.10358
   0.09361
   0.07968
   0.07475
   0.08150
   0.08689
   0.07447
   0.05740
   0.06398
   0.06738
   0.06781
   0.07864
   0.07719
   0.06546
   0.05466
   0.05850
   0.05138
   0.05711
   0.04873
   0.05032
   0.06031
   0.06850
   0.06126
   0.05813
   0.04317
   0.05557
   0.05159
   0.03533
   0.04054
   0.04075
   0.04012
   0.03485
   0.04091
   0.05494
   0.05576
   0.05724
   0.05657
   0.05558
   0.04298
   0.04423
   0.05510
   0.04803
   0.03271
   0.02655
   0.02458
   0.03052
   0.03812
   0.02610
   0.01913
   0.02536
   0.01857
   0.00398
  -0.00065
   0.00250
   0.00004
   0.01624
   0.02644
   0.02238
   0.01676
   0.01143
   0.00854
   0.00545
   0.00838
   0.01240
   0.02079
   0.03071
   0.02950
   0.03690
   0.03718
   0.03599
   0.02830
   0.00870
  -0.00168
  -0.00182
   0.00164
   0.01209
   0.03374
   0.03479
   0.02568
   0.02411
   0.01357
   0.00198
  -0.00828
  -0.00196
   0.00411
  -0.00351
  -0.00892
  -0.01984
  -0.03030
  -0.02840
  -0.01819
  -0.01150
   0.00937
   0.02353
   0.03061
   0.03150
   0.02722
   0.02455
   0.02219
   0.00472
  -0.00249
  -0.01357
  -0.01194
  -0.01915
  -0.01903
  -0.00981
  -0.02396
  -0.03191
  -0.02968
  -0.02848
  -0.02964
  -0.01921
   0.00050
   0.00853
  -0.00776
  -0.00575
   0.00607
   0.00917
   0.00972
   0.00182
   0.00133
  -0.00216
  -0.00275
  -0.01240
  -0.00849
  -0.01057
  -0.00651
  -0.01425
  -0.03842
  -0.04629
  -0.02390
  -0.01082
  -0.01663
  -0.02566
  -0.03308
  -0.03276
  -0.02241
  -0.01876
  -0.01811
  -0.02504
  -0.02264
  -0.01774
  -0.01550
  -0.01538
  -0.01348
  -0.00600
  -0.02418
  -0.03890
  -0.04075
  -0.03797
  -0.02580
  -0.00975
  -0.02139
  -0.00638
  -0.00656
  -0.01142
  -0.02346
  -0.02704
  -0.02395
  -0.02313
  -0.02318
  -0.01801
  -0.01981
  -0.02745
  -0.02976
  -0.02509
  -0.03212
  -0.03180
  -0.02668
  -0.02974
  -0.03996
  -0.03269
  -0.02060
  -0.02780
  -0.03559
  -0.04356
  -0.03683
  -0.03051
  -0.04666
  -0.05385
  -0.05247
  -0.04913
  -0.04965
  -0.04589
  -0.04600
  -0.05554
  -0.05640
  -0.05673
  -0.04869
  -0.04534
  -0.03960
  -0.03213
  -0.02177
  -0.02953
  -0.03457
  -0.04617
  -0.03550
  -0.04405
  -0.05149
  -0.04649
  -0.04365
  -0.04781
  -0.03675
  -0.03061
  -0.03494
  -0.03918
  -0.02829
  -0.02140
  -0.02481
  -0.02587
  -0.03393
  -0.02670
  -0.02525
  -0.03612
  -0.04264
  -0.03524
  -0.04420
  -0.03244
  -0.03195
  -0.04372
  -0.05607
  -0.04820
  -0.04014
  -0.02677
  -0.02519
  -0.03058
  -0.03132
  -0.03209
  -0.02976
  -0.03295
  -0.03885
  -0.05012
  -0.04621
  -0.04002
  -0.03886
  -0.03547
  -0.03384
  -0.02346
  -0.02517
  -0.02373
  -0.03744
  -0.03696
  -0.03839
  -0.03482
  -0.03915
  -0.03939
  -0.04846
  -0.03655
  -0.02688
  -0.03477
  -0.04606
  -0.03834
  -0.03732
  -0.02599
  -0.01804
   0.00144
   0.00733
  -0.00787
  -0.02319
  -0.03342
  -0.02594
  -0.02460
  -0.02694
  -0.03858
  -0.03598
  -0.03936
  -0.04147
  -0.03565
  -0.03826
  -0.03097
  -0.02708
  -0.02321
  -0.02882
  -0.02968
  -0.03089
  -0.03340
  -0.02772
  -0.01905
  -0.01393
  -0.01053
  -0.02358
  -0.03513
  -0.02761
  -0.01975
  -0.02104
  -0.02918
  -0.02085
  -0.01146
  -0.01178
  -0.01238
  -0.01784
  -0.02309
  -0.02529
  -0.01210
  -0.01483
  -0.01523
  -0.02628
  -0.02148
  -0.00633
  -0.00352
  -0.00794
  -0.00727
  -0.01950
  -0.04371
  -0.05904
  -0.06145
  -0.05512
  -0.03559
  -0.00996
  -0.00098
   0.00156
  -0.00846
  -0.02319
  -0.03342
  -0.02594
  -0.02460
  -0.02694
  -0.03858
  -0.03598
  -0.03936
  -0.04147
  -0.03565
  -0.03826
  -0.03097
  -0.02708
  -0.02321
  -0.02882
  -0.02968
  -0.03089
  -0.03340
  -0.02772
  -0.01905
  -0.01393
  -0.01053
  -0.02358
  -0.03513
  -0.02761
  -0.01975
  -0.02104
  -0.02918
  -0.02085
  -0.01146
  -0.01178
  -0.01238
  -0.01784
  -0.02309
  -0.02529
  -0.01210
  -0.01483
  -0.01523
  -0.02628
  -0.02148
  -0.00633
  -0.00352
  -0.00794
  -0.00727
  -0.01950
  -0.04371
  -0.05904
  -0.06145
  -0.05512
  -0.03559
  -0.00996
  -0.00098
   0.00156
  -0.00846
  -0.02319
  -0.03342
  -0.02594
  -0.02460
  -0.02694
  -0.03858
  -0.03598
  -0.03936
  -0.04147
  -0.03565
  -0.03826
  -0.03097
  -0.02708
  -0.02321
  -0.02882
  -0.02968
  -0.03089
  -0.03340
  -0.02772
  -0.01905
  -0.01393
  -0.01053
  -0.02358
  -0.03513
  -0.02761
  -0.01975
  -0.02104
  -0.02918
  -0.02085
  -0.01146
  -0.01178
  -0.01238
  -0.01784
  -0.02309
  -0.02529
  -0.01210
  -0.01483
  -0.01523
  -0.02628
  -0.02148
  -0.00633
  -0.00352
  -0.00794
  -0.00727
  -0.01950
  -0.04371
  -0.05904
  -0.06145
  -0.05512
  -0.03559
  -0.00996
  -0.00098
   0.00156
  -0.00846
  -0.02319
  -0.03342
  -0.02594
  -0.02460
  -0.02694
  -0.03858
  -0.03598
  -0.03936
  -0.04371
  -0.05904
  -0.06145
  -0.05512
  -0.03559
  -0.00996
  -0.00098
  -0.00098
  -0.00098
  -0.00098
  -0.00098
  -0.00098
  -0.00098
  -0.00098
  -0.00098