  -0.00000
   0.70623
   1.15865
   1.92215
   3.04113
   4.44844
   5.95196
   7.36717
   8.72186
  10.03710
  11.00000
  10.26764
   9.23192
   8.39357
   7.77758
   7.18908
   6.57517
   6.00581
   5.49741
   5.06513
   4.67420
   4.32241
   4.01205
   3.75164
   3.49845
   3.23656
   2.98013
   2.74916
   2.54668
   2.32897
   2.08780
   1.85684
   1.63494
   1.42567
   1.22140
   1.01770
   0.83056
   0.66866
   0.49484
   0.32629
   0.16065
   0.01658
  -0.12104
  -0.25906
  -0.39993
  -0.51531
  -0.62249
  -0.72525
  -0.82948
  -0.93740
  -1.03661
  -1.11889
  -1.20450
  -1.29186
  -1.38158
  -1.46509
  -1.52773
  -1.58970
  -1.64802
  -1.70801
  -1.76575
  -1.82695
  -1.87606
  -1.92015
  -1.96362
  -1.99984
  -2.03775
  -2.06723
  -2.09574
  -2.12703
  -2.15683
  -2.17957
  -2.19042
  -2.20793
  -2.22912
  -2.24953
  -2.26383
  -2.27122
  -2.28261
  -2.29451
  -2.29661
  -2.29889
  -2.30344
  -2.29951
  -2.30099
  -2.29216
  -2.28719
  -2.28526
  -2.27920
  -2.27491
  -2.27283
  -2.27485
  -2.27093
  -2.26779
  -2.26043
  -2.24701
  -2.23556
  -2.22911
  -2.22102
  -2.20087
  -2.19376
  -2.17633
  -2.16945
  -2.14809
  -2.12074
  -2.10113
  -2.08161
  -2.06590
  -2.04578
  -2.02585
  -2.00644
  -1.98026
  -1.96193
  -1.94106
  -1.92090
  -1.90762
  -1.88671
  -1.86119
  -1.83564
  -1.82042
  -1.80021
  -1.78723
  -1.76524
  -1.74695
  -1.73421
  -1.71438
  -1.68310
  -1.65700
  -1.64137
  -1.62026
  -1.59099
  -1.57596
  -1.55585
  -1.53115
  -1.50729
  -1.47936
  -1.45581
  -1.43017
  -1.39782
  -1.38009
  -1.35798
  -1.33440
  -1.31027
  -1.28377
  -1.26236
  -1.23796
  -1.22237
  -1.20818
  -1.17740
  -1.15244
  -1.12515
  -1.10632
  -1.08692
  -1.06753
  -1.05029
  -1.02570
  -1.00469
  -0.97951
  -0.95965
  -0.94519
  -0.93236
  -0.91162
  -0.88453
  -0.86411
  -0.82836
  -0.81288
  -0.79335
  -0.77208
  -0.74892
  -0.73470
  -0.71929
  -0.69293
  -0.66490
  -0.64116
  -0.61616
  -0.60476
  -0.60238
  -0.59622
  -0.57515
  -0.55550
  -0.53976
  -0.52963
  -0.50395
  -0.47315
  -0.45672
  -0.44112
  -0.43542
  -0.41668
  -0.40935
  -0.39951
  -0.38160
  -0.36036
  -0.33958
  -0.32611
  -0.31180
  -0.29720
  -0.28205
  -0.27403
  -0.25731
  -0.24812
  -0.23359
  -0.21517
  -0.20480
  -0.20198
  -0.19017
  -0.17108
  -0.15541
  -0.14497
  -0.14134
  -0.13092
  -0.11794
  -0.10835
  -0.09543
  -0.08232
  -0.06903
  -0.05914
  -0.04201
  -0.02838
  -0.00905
   0.00550
   0.02102
   0.02002
   0.03132
   0.04296
   0.04982
   0.05319
   0.05334
   0.06480
   0.06662
   0.08532
   0.09839
   0.10644
   0.10886
   0.11849
   0.13195
   0.14181
   0.15100
   0.16217
   0.17460
   0.18557
   0.20480
   0.21062
   0.20573
   0.20689
   0.22010
   0.25037
   0.26377
   0.26244
   0.25205
   0.25100
   0.25237
   0.25895
   0.26552
   0.27963
   0.28179
   0.28174
   0.29133
   0.30954
   0.31579
   0.32176
   0.32594
   0.33127
   0.33760
   0.34127
   0.34005
   0.34553
   0.35002
   0.34367
   0.35936
   0.36563
   0.36186
   0.36181
   0.35897
   0.36364
   0.38097
   0.38634
   0.38373
   0.38197
   0.38806
   0.39432
   0.40001
   0.40400
   0.39977
   0.41113
   0.41245
   0.41080
   0.40182
   0.40058
   0.41447
   0.41217
   0.41311
   0.40994
   0.41240
   0.42288
   0.42463
   0.43004
   0.42930
   0.43096
   0.43354
   0.43313
   0.43329
   0.44633
   0.44943
   0.43886
   0.44229
   0.45939
   0.46003
   0.46565
   0.45609
   0.44762
   0.44688
   0.44823
   0.44030
   0.43492
   0.43554
   0.45274
   0.45569
   0.45823
   0.45224
   0.44761
   0.45319
   0.46341
   0.47191
   0.47907
   0.48736
   0.48901
   0.47628
   0.46444
   0.46451
   0.46191
   0.46046
   0.45293
   0.45108
   0.45539
   0.46386
   0.46471
   0.46602
   0.45883
   0.44528
   0.44887
   0.45459
   0.45264
   0.45198
   0.44425
   0.43034
   0.42615
   0.42495
   0.43331
   0.43443
   0.43202
   0.43489
   0.43617
   0.43263
   0.42791
   0.43376
   0.43258
   0.42866
   0.43447
   0.43831
   0.43675
   0.42868
   0.42498
   0.42507
   0.42335
   0.41844
   0.41719
   0.41312
   0.40717
   0.40791
   0.41983
   0.41788
   0.41542
   0.41969
   0.42528
   0.42609
   0.42523
   0.42370
   0.42021
   0.41788
   0.41010
   0.39727
   0.39933
   0.40701
   0.39781
   0.39402
   0.39417
   0.39768
   0.39147
   0.38777
   0.38489
   0.37757
   0.36524
   0.36433
   0.37643
   0.37736
   0.38440
   0.37706
   0.37127
   0.36622
   0.36380
   0.36582
   0.37894
   0.38533
   0.38359
   0.36939
   0.36668
   0.36600
   0.37336
   0.37961
   0.37701
   0.37131
   0.35999
   0.34463
   0.32723
   0.31757
   0.31664
   0.32639
   0.33679
   0.34740
   0.34668
   0.34117
   0.33578
   0.33305
   0.34045
   0.34052
   0.34319
   0.34206
   0.33988
   0.34108
   0.34313
   0.33741
   0.32094
   0.31548
   0.30083
   0.29043
   0.28885
   0.29282
   0.29090
   0.28865
   0.29106
   0.30203
   0.30494
   0.31054
   0.30551
   0.30417
   0.30196
   0.30329
   0.29902
   0.29760
   0.29174
   0.28541
   0.28581
   0.27941
   0.26731
   0.27174
   0.27362
   0.27054
   0.26657
   0.25751
   0.25010
   0.24058
   0.22961
   0.23010
   0.24296
   0.24922
   0.24470
   0.23970
   0.23590
   0.23885
   0.24415
   0.24683
   0.24904
   0.24708
   0.24812
   0.25614
   0.25245
   0.24635
   0.24042
   0.24115
   0.25009
   0.24989
   0.23742
   0.22651
   0.21977
   0.22191
   0.21760
   0.21581
   0.22202
   0.21867
   0.21140
   0.20681
   0.19852
   0.19021
   0.18173
   0.18165
   0.18747
   0.19246
   0.19536
   0.18781
   0.18733
   0.19112
   0.19217
   0.20056
   0.20545
   0.19650
   0.19152
   0.18721
   0.18256
   0.17249
   0.17016
   0.17049
   0.16452
   0.16219
   0.16911
   0.16458
   0.15950
   0.15830
   0.15989
   0.16724
   0.16916
   0.16208
   0.16719
   0.17326
   0.18231
   0.18067
   0.16956
   0.15873
   0.15755
   0.15874
   0.15367
   0.14435
   0.14332
   0.14376
   0.13651
   0.13848
   0.14758
   0.14547
   0.14384
   0.13741
   0.13423
   0.12785
   0.12152
   0.12011
   0.11971
   0.12664
   0.12436
   0.12736
   0.12270
   0.12732
   0.12620
   0.12129
   0.12579
   0.12654
   0.13523
   0.12659
   0.11747
   0.12780
   0.12919
   0.13378
   0.13929
   0.13406
   0.12754
   0.12384
   0.12136
   0.12095
   0.12176
   0.10722
   0.10186
   0.10360
   0.10165
   0.10042
   0.09958
   0.09634
   0.08931
   0.09213
   0.08932
   0.08550
   0.07894
   0.08326
   0.09548
   0.10952
   0.10809
   0.09728
   0.09041
   0.08241
   0.07488
   0.08279
   0.08316
   0.07436
   0.06235
   0.05927
   0.06234
   0.07033
   0.07475
   0.07235
   0.07212
   0.07389
   0.07816
   0.07532
   0.07765
   0.08082
   0.07660
   0.07323
   0.06702
   0.06741
   0.06622
   0.07283
   0.07875
   0.07929
   0.08062
   0.07774
   0.07232
   0.06200
   0.05414
   0.04678
   0.05446
   0.05007
   0.05129
   0.05895
   0.06825
   0.07190
   0.07305
   0.07027
   0.07200
   0.07073
   0.06504
   0.05634
   0.06136
   0.05458
   0.04826
   0.04502
   0.03850
   0.03912
   0.03994
   0.04072
   0.05015
   0.05375
   0.05314
   0.05768
   0.05758
   0.05199
   0.04689
   0.03877
   0.03355
   0.03786
   0.04075
   0.04111
   0.04486
   0.04870
   0.04309
   0.03985
   0.03664
   0.04501
   0.04964
   0.04710
   0.03678
   0.02987
   0.02858
   0.02986
   0.03318
   0.02819
   0.01395
   0.00740
   0.00513
  -0.00029
   0.00511
   0.00775
   0.01591
   0.02953
   0.02619
   0.03278
   0.02928
   0.02649
   0.02799
   0.02513
   0.02127
   0.01401
   0.01518
   0.00971
   0.00461
  -0.00280
   0.00389
   0.01424
   0.02560
   0.02274
   0.01589
   0.00580
   0.00543
   0.00646
   0.00812
   0.00290
   0.00773
   0.00833
   0.01305
   0.01914
   0.02323
   0.01901
   0.00993
   0.01029
   0.01473
   0.01155
   0.00111
  -0.00073
   0.00283
   0.00642
   0.00492
   0.00627
   0.00390
   0.00168
  -0.00337
  -0.00325
  -0.00315
   0.00056
   0.00921
   0.01014
   0.00792
  -0.00201
  -0.00882
  -0.00480
  -0.00227
  -0.00727
  -0.00468
  -0.00906
  -0.00865
  -0.01004
  -0.00966
  -0.01594
  -0.01626
  -0.01709
  -0.02473
  -0.02953
  -0.02910
  -0.02854
  -0.02287
  -0.02398
  -0.01948
  -0.01543
  -0.01847
  -0.02456
  -0.01792
  -0.01533
  -0.01194
  -0.01825
  -0.02655
  -0.02630
  -0.02285
  -0.01636
  -0.01223
  -0.02157
  -0.02913
  -0.02924
  -0.01993
  -0.02280
  -0.02415
  -0.03104
  -0.02599
  -0.03023
  -0.03506
  -0.03165
  -0.02654
  -0.03054
  -0.03084
  -0.03129
  -0.03484
  -0.02749
  -0.02927
  -0.03746
  -0.03589
  -0.03833
  -0.03598
  -0.03280
  -0.02862
  -0.02132
  -0.02434
  -0.02702
  -0.02797
  -0.01441
  -0.00810
  -0.00745
  -0.01030
  -0.01962
  -0.02279
  -0.02642
  -0.03149
  -0.03624
  -0.02997
  -0.01121
   0.00032
   0.00108
  -0.00237
  -0.01216
  -0.01155
  -0.01239
  -0.01288
  -0.00559
  -0.00575
  -0.00452
  -0.00977
  -0.00983
  -0.01413
  -0.01552
  -0.02295
  -0.02637
  -0.03213
  -0.02914
  -0.02890
  -0.03446
  -0.03135
  -0.01864
  -0.00729
  -0.00364
  -0.01086
  -0.01707
  -0.02228
  -0.02908
  -0.03253
  -0.02343
  -0.00834
  -0.00552
  -0.01490
  -0.02307
  -0.02586
  -0.02752
  -0.02172
  -0.02001
  -0.01794
  -0.00504
  -0.00542
  -0.00825
  -0.00383
  -0.00114
  -0.00710
  -0.01859
  -0.01937
  -0.01384
  -0.01920
  -0.02705
  -0.03887
  -0.04511
  -0.04213
  -0.04002
  -0.04005
  -0.02856
  -0.01987
  -0.01127
  -0.01362
  -0.01725
  -0.00964
   0.00178
   0.00152
  -0.00485
  -0.00483
  -0.01633
  -0.03203
  -0.02156
  -0.00668
  -0.00095
  -0.00129
  -0.01152
  -0.00870
  -0.01911
  -0.01883
  -0.01753
  -0.01610
  -0.00063
   0.00275
   0.01015
   0.01721
   0.01444
   0.01775
   0.02559
   0.03085
   0.02630
   0.01534
   0.00032
   0.00537
   0.00394
   0.01070
   0.01238
   0.01313
   0.00102
  -0.00866
  -0.00572
  -0.00094
   0.00882
   0.01756
   0.01180
   0.01581
   0.01871
   0.01338
   0.01094
   0.00702
   0.00603
   -0.00825
  -0.00383
  -0.00114
  -0.00710
  -0.01859
  -0.01937
  -0.01384
  -0.01920
  -0.02705
  -0.03887
  -0.04511
  -0.04213
  -0.04002
  -0.04005
  -0.02856
  -0.01987
  -0.01127
  -0.01362
  -0.01725
  -0.00964
   0.00178
   0.00152
  -0.00485
  -0.00483
  -0.01633
  -0.03203
  -0.02156
  -0.00668
  -0.00095
  -0.00129
  -0.01152
  -0.00870
  -0.01911
  -0.01883
  -0.01753
  -0.01610
  -0.00063
   0.00275
   0.01015
   0.01721
   0.01444
   0.01775
   0.02559
   0.03085
   0.02630
   0.01534
   0.00032
   0.00537
   0.00394
   0.01070
   0.01238
   0.01313
   0.00102
  -0.00866
  -0.00572
  -0.00094
   0.00882
   0.01756
   0.01180
   0.01581
   0.01871
   0.01338
   0.01094
   0.00702
   0.00603
   -0.00825
  -0.00383
  -0.00114
  -0.00710
  -0.01859
  -0.01937
  -0.01384
  -0.01920
  -0.02705
  -0.03887
  -0.04511
  -0.04213
  -0.04002
  -0.04005
  -0.02856
  -0.01987
  -0.01127
  -0.01362
  -0.01725
  -0.00964
   0.00178
   0.00152
  -0.00485
  -0.00483
  -0.01633
  -0.03203
  -0.02156
  -0.00668
  -0.00095
  -0.00129
  -0.01152
  -0.00870
  -0.01911
  -0.01883
  -0.01753
  -0.01610
  -0.00063
   0.00275
   0.01015
   0.01721
   0.01444
   0.01775
   0.02559
   0.03085
   0.02630
   0.01534
   0.00032
   0.00537
   0.00394
   0.01070
   0.01238
   0.01313
   0.00102
  -0.00866
  -0.00572
  -0.00094
   0.00882
   0.01756
   0.01180
   0.01581
   0.01871
   0.01338
   0.01094
   0.00702
   0.00603
   0.00503