  -0.00000
   0.46418
   0.96006
   1.88641
   3.29418
   5.14626
   7.13428
   8.72209
   9.95391
  11.07089
  11.66667
  11.26102
  10.63672
  10.13781
   9.67019
   9.05812
   8.33045
   7.61469
   6.96147
   6.37498
   5.84535
   5.33254
   4.85861
   4.46244
   4.09368
   3.71272
   3.36600
   3.07586
   2.80059
   2.51194
   2.22270
   1.96199
   1.72230
   1.48199
   1.24508
   1.01307
   0.79468
   0.59574
   0.39969
   0.20790
   0.02707
  -0.13929
  -0.30678
  -0.46997
  -0.62078
  -0.75945
  -0.89218
  -1.02214
  -1.15002
  -1.26283
  -1.37389
  -1.48475
  -1.58568
  -1.68510
  -1.77956
  -1.86513
  -1.94107
  -2.01828
  -2.08884
  -2.15665
  -2.22141
  -2.28323
  -2.33539
  -2.38403
  -2.42874
  -2.46951
  -2.50834
  -2.55074
  -2.58606
  -2.61640
  -2.64285
  -2.66948
  -2.69252
  -2.71276
  -2.72824
  -2.74633
  -2.76356
  -2.77866
  -2.78956
  -2.79591
  -2.79772
  -2.79710
  -2.79523
  -2.79608
  -2.79368
  -2.79409
  -2.79312
  -2.78731
  -2.77664
  -2.76755
  -2.75943
  -2.75058
  -2.74008
  -2.72615
  -2.71054
  -2.69635
  -2.68169
  -2.66662
  -2.64774
  -2.63135
  -2.61427
  -2.59071
  -2.56839
  -2.54893
  -2.52937
  -2.50799
  -2.48329
  -2.45886
  -2.42821
  -2.40273
  -2.38048
  -2.35330
  -2.33099
  -2.31242
  -2.29108
  -2.26350
  -2.23430
  -2.20775
  -2.18032
  -2.15165
  -2.12358
  -2.09542
  -2.06689
  -2.03879
  -2.00737
  -1.97895
  -1.95128
  -1.92330
  -1.89667
  -1.87327
  -1.84894
  -1.82501
  -1.79362
  -1.76297
  -1.73814
  -1.71229
  -1.68339
  -1.65111
  -1.62547
  -1.60177
  -1.57252
  -1.54699
  -1.52255
  -1.49446
  -1.46652
  -1.44160
  -1.41640
  -1.38817
  -1.35985
  -1.33179
  -1.30592
  -1.27994
  -1.25150
  -1.22610
  -1.20461
  -1.17881
  -1.15114
  -1.12583
  -1.10060
  -1.07293
  -1.04368
  -1.01663
  -0.99249
  -0.97122
  -0.95260
  -0.93375
  -0.91097
  -0.88790
  -0.86503
  -0.84441
  -0.82440
  -0.80305
  -0.77748
  -0.75374
  -0.73007
  -0.70984
  -0.68819
  -0.66620
  -0.64147
  -0.62011
  -0.60135
  -0.58148
  -0.56264
  -0.54359
  -0.52532
  -0.50742
  -0.48452
  -0.46155
  -0.44366
  -0.42597
  -0.40809
  -0.39248
  -0.37904
  -0.36205
  -0.34061
  -0.32554
  -0.30912
  -0.29208
  -0.27452
  -0.25653
  -0.24010
  -0.22185
  -0.20724
  -0.19329
  -0.18124
  -0.16256
  -0.14426
  -0.13094
  -0.11770
  -0.10356
  -0.08862
  -0.07436
  -0.05985
  -0.04189
  -0.02752
  -0.01456
  -0.00293
   0.00487
   0.01758
   0.03047
   0.04202
   0.05381
   0.06583
   0.07620
   0.08688
   0.09543
   0.10544
   0.11685
   0.12677
   0.13964
   0.14861
   0.15700
   0.16523
   0.17531
   0.18572
   0.19266
   0.19981
   0.20737
   0.21772
   0.22932
   0.23753
   0.24579
   0.25467
   0.26745
   0.27798
   0.28660
   0.29079
   0.29746
   0.30347
   0.31120
   0.31643
   0.32465
   0.33402
   0.33590
   0.34021
   0.34763
   0.35125
   0.35845
   0.36764
   0.37463
   0.38220
   0.39029
   0.39336
   0.39850
   0.40651
   0.41199
   0.41637
   0.41969
   0.42400
   0.43059
   0.43593
   0.43894
   0.44264
   0.44545
   0.45134
   0.45680
   0.46113
   0.46076
   0.45949
   0.46275
   0.46700
   0.47168
   0.47656
   0.48216
   0.48414
   0.48245
   0.48655
   0.48995
   0.49822
   0.50394
   0.50514
   0.50425
   0.50338
   0.50479
   0.50764
   0.51173
   0.51442
   0.51297
   0.51448
   0.51803
   0.51711
   0.51697
   0.51853
   0.52124
   0.52347
   0.52629
   0.52830
   0.53152
   0.53330
   0.53624
   0.53329
   0.53061
   0.53091
   0.53110
   0.53434
   0.53891
   0.53847
   0.53628
   0.53434
   0.53248
   0.52915
   0.53003
   0.53411
   0.53216
   0.53324
   0.53306
   0.53364
   0.53290
   0.52788
   0.52714
   0.52746
   0.52955
   0.52796
   0.53065
   0.53764
   0.53777
   0.53599
   0.53364
   0.53436
   0.53451
   0.52902
   0.52644
   0.52562
   0.52438
   0.52227
   0.51966
   0.51965
   0.52007
   0.52342
   0.52384
   0.52019
   0.51853
   0.52038
   0.52026
   0.51990
   0.51610
   0.51061
   0.50787
   0.50666
   0.50742
   0.51136
   0.50852
   0.50851
   0.50769
   0.50652
   0.50596
   0.50270
   0.50248
   0.49764
   0.49797
   0.49672
   0.49599
   0.49352
   0.49237
   0.48899
   0.48790
   0.48413
   0.48277
   0.48629
   0.48409
   0.47916
   0.48000
   0.47938
   0.47914
   0.47887
   0.47850
   0.47631
   0.47522
   0.47186
   0.46802
   0.46557
   0.46569
   0.46229
   0.45800
   0.45620
   0.45057
   0.44555
   0.44215
   0.44061
   0.43881
   0.43735
   0.43515
   0.43357
   0.43395
   0.43290
   0.43045
   0.42845
   0.42532
   0.42270
   0.41492
   0.41238
   0.41164
   0.41222
   0.41102
   0.40919
   0.41083
   0.40642
   0.40312
   0.40340
   0.40229
   0.40109
   0.39981
   0.39414
   0.39052
   0.38671
   0.38494
   0.38038
   0.37601
   0.37859
   0.37936
   0.37520
   0.37045
   0.37061
   0.36994
   0.37003
   0.36575
   0.35624
   0.35131
   0.34981
   0.34992
   0.35038
   0.35087
   0.34931
   0.34691
   0.34287
   0.34138
   0.33763
   0.33138
   0.32758
   0.32932
   0.32626
   0.32151
   0.32043
   0.32326
   0.32247
   0.32320
   0.32519
   0.32328
   0.32008
   0.31440
   0.31175
   0.30784
   0.30466
   0.30025
   0.29765
   0.29856
   0.29605
   0.29351
   0.29045
   0.29103
   0.29462
   0.29468
   0.28880
   0.28206
   0.28084
   0.28133
   0.27763
   0.27315
   0.26548
   0.25682
   0.25552
   0.25683
   0.25618
   0.25625
   0.25723
   0.25876
   0.25781
   0.25748
   0.25714
   0.25274
   0.24950
   0.24411
   0.24031
   0.23747
   0.23638
   0.23821
   0.23495
   0.23370
   0.23283
   0.23444
   0.23336
   0.22822
   0.22388
   0.22303
   0.21771
   0.21576
   0.21447
   0.21760
   0.21618
   0.21482
   0.21358
   0.21164
   0.21042
   0.20666
   0.20925
   0.20563
   0.20082
   0.19855
   0.19693
   0.19570
   0.19384
   0.19357
   0.19285
   0.18954
   0.18371
   0.18236
   0.18111
   0.18128
   0.18236
   0.17752
   0.17430
   0.16980
   0.16861
   0.16424
   0.16120
   0.15937
   0.16079
   0.15815
   0.15364
   0.15261
   0.15422
   0.15764
   0.15850
   0.15435
   0.14951
   0.15020
   0.15012
   0.14991
   0.14406
   0.14225
   0.14255
   0.14034
   0.13695
   0.13572
   0.13398
   0.13287
   0.13163
   0.13587
   0.13547
   0.13027
   0.13002
   0.12987
   0.12929
   0.12727
   0.12291
   0.11835
   0.11975
   0.11944
   0.11571
   0.11172
   0.10705
   0.10652
   0.10819
   0.10707
   0.10591
   0.10450
   0.10711
   0.10543
   0.10167
   0.10385
   0.10584
   0.10501
   0.10006
   0.09720
   0.09747
   0.09519
   0.09456
   0.09270
   0.09312
   0.09464
   0.09392
   0.09284
   0.08918
   0.08608
   0.08890
   0.09202
   0.09199
   0.09165
   0.08994
   0.08638
   0.08238
   0.08002
   0.07926
   0.08015
   0.07995
   0.07928
   0.07628
   0.07455
   0.07496
   0.07254
   0.07110
   0.07053
   0.07054
   0.06965
   0.06703
   0.06860
   0.06729
   0.06821
   0.07330
   0.07543
   0.07301
   0.07019
   0.06751
   0.06622
   0.06487
   0.06634
   0.06486
   0.06345
   0.06204
   0.05964
   0.05468
   0.05172
   0.05125
   0.05450
   0.05016
   0.04631
   0.04665
   0.04655
   0.04672
   0.04995
   0.05197
   0.04977
   0.05188
   0.05172
   0.04933
   0.05097
   0.05247
   0.04904
   0.04717
   0.04395
   0.03874
   0.03618
   0.03524
   0.03957
   0.03960
   0.04051
   0.03686
   0.03538
   0.03529
   0.03262
   0.03426
   0.03181
   0.03265
   0.03350
   0.03708
   0.03868
   0.03516
   0.03475
   0.03443
   0.03444
   0.02992
   0.02675
   0.02703
   0.02385
   0.02234
   0.02167
   0.02024
   0.02198
   0.01994
   0.02257
   0.02342
   0.02249
   0.02120
   0.02051
   0.02193
   0.01977
   0.01504
   0.01409
   0.01197
   0.01259
   0.01764
   0.01603
   0.01518
   0.01900
   0.01984
   0.02049
   0.01935
   0.01909
   0.01366
   0.01123
   0.00593
   0.00359
   0.00375
   0.00320
   0.00200
   0.00498
   0.00640
   0.00761
   0.00759
   0.00618
   0.00828
   0.00892
   0.00885
   0.00613
   0.00550
   0.00489
   0.00255
   0.00324
  -0.00080
  -0.00281
  -0.00486
  -0.00400
  -0.00297
  -0.00312
  -0.00286
  -0.00365
  -0.00501
  -0.00607
  -0.00662
  -0.00641
  -0.00564
  -0.00065
  -0.00007
  -0.00143
  -0.00624
  -0.00661
  -0.00937
  -0.01110
  -0.01333
  -0.01404
  -0.01347
  -0.01543
  -0.01375
  -0.01368
  -0.00714
  -0.00637
  -0.00949
  -0.01194
  -0.01370
  -0.01266
  -0.01370
  -0.01668
  -0.01562
  -0.01613
  -0.01623
  -0.01344
  -0.00973
  -0.01130
  -0.01258
  -0.01710
  -0.01686
  -0.01759
  -0.01758
  -0.01721
  -0.01384
  -0.01233
  -0.01014
  -0.01003
  -0.01239
  -0.01451
  -0.01681
  -0.01963
  -0.01966
  -0.02058
  -0.01820
  -0.01527
  -0.01633
  -0.01673
  -0.01314
  -0.01420
  -0.01603
  -0.01556
  -0.01363
  -0.01296
  -0.01387
  -0.01601
  -0.01663
  -0.01236
  -0.01240
  -0.01426
  -0.01771
  -0.01307
  -0.00935
  -0.00739
  -0.00571
  -0.00425
  -0.00436
  -0.00602
  -0.00990
  -0.00793
  -0.00494
  -0.00731
  -0.00598
  -0.00695
  -0.00845
  -0.01015
  -0.00884
  -0.01044
  -0.01201
  -0.01389
  -0.01256
  -0.01164
  -0.00858
  -0.00694
  -0.00706
  -0.00727
  -0.00884
  -0.00902
  -0.01283
  -0.00988
  -0.00800
  -0.00138
  -0.00010
   0.00135
   0.00106
   0.00164
   0.00120
  -0.00201
  -0.00610
  -0.00715
  -0.01070
  -0.00897
  -0.00997
  -0.01420
  -0.01271
  -0.00846
  -0.00320
  -0.00404
  -0.00221
   0.00186
   0.00235
  -0.00233
   0.00045
   0.00210
   0.00352
   0.00439
   0.00247
   0.00015
  -0.00066
   0.00031
   0.00076
   0.00254
   0.00344
   0.00344
  -0.00065
   0.00105
   0.00176
   0.00055
  -0.00084
  -0.00107
  -0.00076
  -0.00258
  -0.00545
  -0.00536
  -0.00293
  -0.00185
  -0.00207
  -0.00055
  -0.00059
   0.00118
   0.00844
   0.01052
   0.00935
   0.01016
   0.01253
   0.01331
   0.01167
   0.01031
   0.00708
   0.00583
   0.00361
   0.00440
   0.00700
   0.00818
   0.01132
   0.01041
   0.00598
   0.00141
   0.00011
  -0.00075
   0.00434
   0.00237
   0.00198
   0.00198
   0.00198
   0.00198
   0.00198
   0.00198
   0.00198
   0.00198
   0.00198
   0.00198
   0.00198
   0.00198
   0.00198
   0.00198
   0.00198
   0.00198
   0.00198
   0.00198
   0.00198
   0.00198
   0.00198
   0.00198
   0.00198
   0.00198
   0.00198
   0.00198
   0.00198
   0.00198
   0.00198
   0.00198
   0.00198
   0.00198
   0.00198
   0.00198
   0.00198
   0.00198
   0.00198
   0.00198
   0.00198
   0.00198
   0.00198
   0.00198
   0.00198
   0.00198
   0.00198
   0.00198
   0.00198
   0.00198
   0.00198
   0.00198
   0.00198
   0.00198
   0.00198
   0.00198
   0.00198
   0.00198
   0.00198
   0.00198
   0.00198
   0.00198
   0.00198
   0.00198
   0.00198
   0.00198
   0.00198
   0.00198
   0.00198
   0.00198
   0.00198
   0.00198
   0.00198
   0.00198
   0.00198
   0.00198
   0.00198
   0.00198
   0.00198
   0.00198
   0.00198
   0.00198
   0.00198
   0.00198
   0.00198
   0.00198
   0.00198
   0.00198
   0.00198
   0.00198
   0.00198
   0.00198
   0.00198
   0.00198
   0.00198
   0.00198
   0.00198
   0.00198
   0.00198
   0.00198
   0.00198
   0.00198
   0.00198
   0.00198
   0.00198
   0.00198
   0.00198
   0.00198
   0.00198
   0.00198
   0.00198
   0.00198
   0.00198
   0.00198
   0.00198
   0.00198
   0.00198
   0.00198
   0.00198
   0.00198
   0.00198
   0.00198
   0.00198
   0.00198
   0.00198
   0.00198
   0.00198
   0.00198
   0.00198
   0.00198
   0.00198
   0.00198
   0.00198
   0.00198