  -0.00000
   1.12003
   1.62489
   2.30298
   3.07854
   3.96679
   4.87813
   5.72003
   6.61063
   7.64420
   8.62500
   7.89368
   7.03014
   6.39460
   5.92843
   5.47699
   5.03090
   4.61063
   4.17537
   3.78058
   3.47948
   3.23203
   2.98304
   2.75342
   2.56771
   2.39011
   2.23161
   2.08216
   1.93959
   1.79281
   1.64490
   1.49772
   1.38174
   1.23587
   1.08613
   0.95542
   0.82484
   0.67823
   0.54468
   0.41886
   0.31497
   0.21143
   0.10983
   0.00804
  -0.11221
  -0.21263
  -0.27835
  -0.33784
  -0.41667
  -0.47816
  -0.55660
  -0.62549
  -0.68297
  -0.73845
  -0.79711
  -0.84737
  -0.89202
  -0.94101
  -0.97439
  -1.00111
  -1.04395
  -1.07231
  -1.11299
  -1.16077
  -1.19636
  -1.22470
  -1.25055
  -1.27531
  -1.29383
  -1.32529
  -1.35988
  -1.36430
  -1.37160
  -1.36566
  -1.38371
  -1.40654
  -1.40652
  -1.40377
  -1.40046
  -1.40681
  -1.42136
  -1.43432
  -1.45852
  -1.46492
  -1.45322
  -1.45943
  -1.46391
  -1.45637
  -1.43972
  -1.42648
  -1.43558
  -1.44989
  -1.44056
  -1.42461
  -1.41916
  -1.43097
  -1.42293
  -1.41735
  -1.40938
  -1.39723
  -1.39426
  -1.38496
  -1.38842
  -1.35837
  -1.32876
  -1.32462
  -1.29191
  -1.29005
  -1.28166
  -1.27050
  -1.25026
  -1.24750
  -1.24041
  -1.22203
  -1.21043
  -1.19642
  -1.19033
  -1.16966
  -1.15282
  -1.13320
  -1.10985
  -1.10224
  -1.09303
  -1.08448
  -1.05674
  -1.03666
  -1.02558
  -1.01582
  -0.98983
  -0.96930
  -0.95628
  -0.92951
  -0.91350
  -0.89832
  -0.87983
  -0.86561
  -0.85141
  -0.83279
  -0.81671
  -0.79577
  -0.78565
  -0.76781
  -0.73489
  -0.71903
  -0.72067
  -0.70632
  -0.66553
  -0.64348
  -0.62847
  -0.62512
  -0.61293
  -0.60843
  -0.60722
  -0.59626
  -0.58136
  -0.57741
  -0.57701
  -0.57155
  -0.56062
  -0.55123
  -0.53342
  -0.50727
  -0.47847
  -0.45241
  -0.44787
  -0.43499
  -0.41421
  -0.40256
  -0.39994
  -0.38983
  -0.37249
  -0.35266
  -0.33274
  -0.31588
  -0.30965
  -0.29635
  -0.28685
  -0.26819
  -0.26349
  -0.24956
  -0.22815
  -0.22127
  -0.21767
  -0.20717
  -0.19290
  -0.19025
  -0.17431
  -0.16821
  -0.15647
  -0.14855
  -0.12688
  -0.12020
  -0.14061
  -0.12891
  -0.10649
  -0.09968
  -0.10183
  -0.11569
  -0.09399
  -0.07781
  -0.05084
  -0.04320
  -0.03483
  -0.01392
   0.00571
   0.02362
   0.04156
   0.05830
   0.05574
   0.06110
   0.06042
   0.06132
   0.07135
   0.06796
   0.09382
   0.09992
   0.09242
   0.08970
   0.11044
   0.12612
   0.11665
   0.11496
   0.12747
   0.13985
   0.15068
   0.16734
   0.17400
   0.17722
   0.19583
   0.19448
   0.18850
   0.17642
   0.18427
   0.19353
   0.19694
   0.20067
   0.21484
   0.22428
   0.22686
   0.22639
   0.23188
   0.23216
   0.22762
   0.23226
   0.25101
   0.24925
   0.25627
   0.26856
   0.27840
   0.27993
   0.28997
   0.30786
   0.31496
   0.30650
   0.30901
   0.30980
   0.31524
   0.30645
   0.30844
   0.31026
   0.31641
   0.31989
   0.32306
   0.32341
   0.31493
   0.30752
   0.31183
   0.31381
   0.32583
   0.33589
   0.32053
   0.32771
   0.33544
   0.33614
   0.34396
   0.35792
   0.37384
   0.38545
   0.36535
   0.34951
   0.36246
   0.37042
   0.36174
   0.36919
   0.36985
   0.37392
   0.39281
   0.39029
   0.39275
   0.38464
   0.37907
   0.38824
   0.40434
   0.39720
   0.38304
   0.37610
   0.38160
   0.36565
   0.36808
   0.37390
   0.36868
   0.36677
   0.35774
   0.36392
   0.38322
   0.37593
   0.38203
   0.39840
   0.39482
   0.38435
   0.39171
   0.38826
   0.40246
   0.38961
   0.39314
   0.37524
   0.37336
   0.38170
   0.38765
   0.37831
   0.37975
   0.37741
   0.38521
   0.40050
   0.40128
   0.39012
   0.37015
   0.35608
   0.36544
   0.37263
   0.38011
   0.37874
   0.37589
   0.37906
   0.37811
   0.37147
   0.37906
   0.38019
   0.38318
   0.38672
   0.38798
   0.38303
   0.37911
   0.37581
   0.38498
   0.38325
   0.37886
   0.36529
   0.35600
   0.34708
   0.34247
   0.33330
   0.32779
   0.33564
   0.34518
   0.36046
   0.35612
   0.35459
   0.34731
   0.35837
   0.36524
   0.36505
   0.36800
   0.36411
   0.36998
   0.35432
   0.33741
   0.32586
   0.32266
   0.32864
   0.32095
   0.31015
   0.31969
   0.33271
   0.31723
   0.31267
   0.30501
   0.30728
   0.31799
   0.33267
   0.33644
   0.32838
   0.32475
   0.30862
   0.30929
   0.33601
   0.32528
   0.31389
   0.32205
   0.33261
   0.32866
   0.32061
   0.31434
   0.30467
   0.29487
   0.30214
   0.31314
   0.31187
   0.31109
   0.30552
   0.31067
   0.31398
   0.28880
   0.28131
   0.28203
   0.27818
   0.27911
   0.26598
   0.25620
   0.26204
   0.28393
   0.28381
   0.27652
   0.28552
   0.27214
   0.27146
   0.27587
   0.27963
   0.27781
   0.27763
   0.27820
   0.27685
   0.27143
   0.26910
   0.25308
   0.25866
   0.26440
   0.26056
   0.25281
   0.26395
   0.26629
   0.27657
   0.27369
   0.26940
   0.25783
   0.25337
   0.24410
   0.24433
   0.26075
   0.26459
   0.25850
   0.25836
   0.22771
   0.22531
   0.22514
   0.21497
   0.22439
   0.22175
   0.22120
   0.22994
   0.21954
   0.20297
   0.21729
   0.22490
   0.21285
   0.20165
   0.21695
   0.22279
   0.20620
   0.20610
   0.21917
   0.21781
   0.21064
   0.21544
   0.21106
   0.20048
   0.18916
   0.19254
   0.20065
   0.18561
   0.17391
   0.18089
   0.18287
   0.17033
   0.16217
   0.16589
   0.17750
   0.18062
   0.17368
   0.17076
   0.17072
   0.17270
   0.18491
   0.17328
   0.17310
   0.15740
   0.14361
   0.13710
   0.15516
   0.14612
   0.13920
   0.14712
   0.15880
   0.17720
   0.17442
   0.17235
   0.17644
   0.17679
   0.18042
   0.17872
   0.17019
   0.15747
   0.14362
   0.14087
   0.14881
   0.14784
   0.13727
   0.14119
   0.15187
   0.16012
   0.16078
   0.15093
   0.14210
   0.13388
   0.12334
   0.13884
   0.13670
   0.13038
   0.12939
   0.13841
   0.14481
   0.12906
   0.11717
   0.12574
   0.12840
   0.12383
   0.12587
   0.13227
   0.13219
   0.14648
   0.13849
   0.13160
   0.13735
   0.13494
   0.12671
   0.12982
   0.12810
   0.13540
   0.12549
   0.13878
   0.13763
   0.13683
   0.12622
   0.10824
   0.11528
   0.08887
   0.08304
   0.08799
   0.09201
   0.09252
   0.10043
   0.09038
   0.08335
   0.09051
   0.09726
   0.10169
   0.10710
   0.11687
   0.12556
   0.11975
   0.11144
   0.11510
   0.11006
   0.09951
   0.10427
   0.10228
   0.10457
   0.11605
   0.12580
   0.10721
   0.10390
   0.10893
   0.12126
   0.13309
   0.12475
   0.11304
   0.10821
   0.09705
   0.08773
   0.08565
   0.09043
   0.08870
   0.08542
   0.10346
   0.10811
   0.12251
   0.12424
   0.11402
   0.11358
   0.12235
   0.12459
   0.11572
   0.10589
   0.11104
   0.11471
   0.10338
   0.10655
   0.11217
   0.11652
   0.11727
   0.12206
   0.12069
   0.09705
   0.09181
   0.08825
   0.09167
   0.10695
   0.11181
   0.10815
   0.11222
   0.09751
   0.09403
   0.09054
   0.08562
   0.08169
   0.08219
   0.09288
   0.08979
   0.10020
   0.09683
   0.08668
   0.07385
   0.06389
   0.07872
   0.08624
   0.08929
   0.08393
   0.08796
   0.09133
   0.08676
   0.09482
   0.10015
   0.10017
   0.10484
   0.10368
   0.09607
   0.08329
   0.06622
   0.06273
   0.06530
   0.06328
   0.05896
   0.06554
   0.07946
   0.09682
   0.08330
   0.07435
   0.07536
   0.08486
   0.08392
   0.08412
   0.09059
   0.07967
   0.07341
   0.08644
   0.09421
   0.07913
   0.07731
   0.07710
   0.07115
   0.05042
   0.06658
   0.07280
   0.07784
   0.07781
   0.07164
   0.07853
   0.06863
   0.06733
   0.08001
   0.08218
   0.10840
   0.10726
   0.09357
   0.09516
   0.08629
   0.08547
   0.07282
   0.06172
   0.06392
   0.06834
   0.06136
   0.04427
   0.03669
   0.05171
   0.03971
   0.05297
   0.04848
   0.05564
   0.06411
   0.07239
   0.07685
   0.06343
   0.04437
   0.05287
   0.06518
   0.05597
   0.04268
   0.04181
   0.04634
   0.06302
   0.05199
   0.05830
   0.05635
   0.06641
   0.07331
   0.06541
   0.05872
   0.05090
   0.05173
   0.04968
   0.03105
   0.04422
   0.05908
   0.06889
   0.07590
   0.06044
   0.04881
   0.05806
   0.06880
   0.08134
   0.07991
   0.06273
   0.05477
   0.05017
   0.05442
   0.05857
   0.05770
   0.05278
   0.05359
   0.04110
   0.03483
   0.03291
   0.02281
   0.02311
   0.02316
   0.02218
   0.01426
   0.01928
   0.01603
   0.03244
   0.02437
   0.01169
   0.02145
   0.02466
   0.03169
   0.03425
   0.04555
   0.04913
   0.05649
   0.04830
   0.03384
   0.02387
   0.03508
   0.03766
   0.01741
   0.00630
  -0.00331
  -0.01325
  -0.00378
  -0.00297
   0.00681
   0.02099
   0.03372
   0.04185
   0.04180
   0.03898
   0.02697
   0.02735
   0.02938
   0.03365
   0.01424
   0.01176
   0.00009
  -0.00973
  -0.00662
  -0.00493
  -0.01458
  -0.01913
  -0.01540
  -0.00463
   0.01635
   0.02544
   0.01048
  -0.00330
  -0.00757
  -0.01591
  -0.02438
  -0.03156
  -0.02914
  -0.02173
  -0.01890
  -0.02935
  -0.01500
  -0.01147
  -0.01524
  -0.02340
  -0.01890
  -0.03739
  -0.03837
  -0.02205
  -0.01783
  -0.02639
  -0.00507
  -0.00308
   0.00402
  -0.00552
  -0.01622
  -0.03547
  -0.03421
  -0.03615
  -0.03404
  -0.03415
  -0.03913
  -0.03661
  -0.03925
  -0.03749
  -0.02873
  -0.02167
  -0.02609
  -0.03067
  -0.01325
  -0.00074
  -0.01130
  -0.00740
   0.00431
   0.00416
   0.00052
  -0.00315
  -0.00518
  -0.01519
  -0.00536
  -0.00922
  -0.02306
  -0.01689
  -0.02867
  -0.01475
  -0.01035
  -0.01371
  -0.01320
  -0.00909
   0.00310
   0.01158
   0.01072
   0.01101
   0.01096
   0.01561
   0.01266
   0.01125
   0.02138
   0.02502
   0.01826
   0.01380
  -0.00225
   0.01058
   0.01337
   0.00033
  -0.00502
   0.01118
   0.01037
  -0.00410
   0.00254
   0.01257
   0.00063
  -0.00223
  -0.00489
  -0.00549
  -0.02178
  -0.02885
  -0.02884
  -0.01976
  -0.00056
   0.00794
   0.00794
   0.00794
   0.00794
   0.00794
   0.00794
   0.00794
   0.00794
   0.00794
   0.00794
   0.00794
   0.00794
   0.00794
   0.00794
   0.00794
   0.00794
   0.00794
   0.00794
   0.00794
   0.00794
   0.00794
   0.00794
   0.00794
   0.00794
   0.00794
   0.00794
   0.00794
   0.00794
   0.00794
   0.00794
   0.00794
   0.00794
   0.00794
   0.00794
   0.00794
   0.00794
   0.00794
   0.00794
   0.00794
   0.00794
   0.00794
   0.00794
   0.00794
   0.00794
   0.00794
   0.00794
   0.00794
   0.00794
   0.00794
   0.00794
   0.00794
   0.00794
   0.00794
   0.00794
   0.00794
   0.00794
   0.00794
   0.00794
   0.00794
   0.00794
   0.00794
   0.00794
   0.00794
   0.00794
   0.00794
   0.00794
   0.00794
   0.00794
   0.00794
   0.00794
   0.00794
   0.00794
   0.00794
   0.00794
   0.00794
   0.00794
   0.00794
   0.00794
   0.00794
   0.00794
   0.00794
   0.00794
   0.00794
   0.00794
   0.00794
   0.00794
   0.00794
   0.00794
   0.00794
   0.00794
   0.00794
   0.00794
   0.00794
   0.00794
   0.00794
   0.00794
   0.00794
   0.00794
   0.00794
   0.00794
   0.00794
   0.00794
   0.00794
   0.00794
   0.00794
   0.00794
   0.00794
   0.00794
   0.00794
   0.00794
   0.00794
   0.00794
   0.00794
   0.00794
   0.00794
   0.00794
   0.00794
   0.00794
   0.00794
   0.00794
   0.00794
   0.00794
   0.00794
   0.00794
   0.00794
   0.00794
   0.00794
   0.00794
   0.00794
   0.00794
   0.00794
   0.00794
   0.00794
   0.00794
   0.00794
   0.00794
   0.00794
   0.00794
   0.00794
   0.00794
   0.00794
   0.00794
   0.00794
   0.00794
   0.00794
   0.00794
   0.00794
   0.00794
   0.00794
   0.00794
   0.00794
   0.00794  