  -0.00000
   1.34389
   1.88121
   2.64145
   3.61571
   4.78096
   5.93513
   7.05461
   8.33077
   9.88536
  11.19231
  10.18856
   8.87702
   7.97091
   7.40592
   6.85582
   6.26193
   5.72513
   5.26400
   4.85651
   4.53943
   4.25894
   3.94506
   3.66643
   3.44701
   3.25538
   3.02743
   2.80654
   2.58404
   2.38180
   2.20064
   2.00337
   1.77690
   1.55546
   1.38396
   1.22861
   1.08239
   0.91275
   0.72157
   0.56564
   0.41017
   0.25367
   0.10724
  -0.03498
  -0.14126
  -0.27468
  -0.40717
  -0.50365
  -0.58304
  -0.65074
  -0.73847
  -0.81085
  -0.88196
  -0.96376
  -1.01163
  -1.04758
  -1.10788
  -1.17312
  -1.21884
  -1.25206
  -1.31216
  -1.39050
  -1.46766
  -1.48456
  -1.49151
  -1.51610
  -1.56372
  -1.61158
  -1.62652
  -1.65142
  -1.68863
  -1.71474
  -1.73491
  -1.76687
  -1.77545
  -1.80207
  -1.82301
  -1.85698
  -1.85252
  -1.79765
  -1.79954
  -1.80450
  -1.80960
  -1.85505
  -1.86746
  -1.86331
  -1.87684
  -1.86646
  -1.87157
  -1.86661
  -1.83804
  -1.79513
  -1.79601
  -1.78616
  -1.77470
  -1.73700
  -1.75738
  -1.76643
  -1.75631
  -1.75304
  -1.74178
  -1.72183
  -1.68935
  -1.68263
  -1.67611
  -1.66841
  -1.63610
  -1.60314
  -1.58584
  -1.56444
  -1.56126
  -1.55056
  -1.53476
  -1.51583
  -1.50776
  -1.49216
  -1.47457
  -1.43845
  -1.41233
  -1.38973
  -1.36960
  -1.36580
  -1.35408
  -1.34016
  -1.30507
  -1.25234
  -1.23282
  -1.22119
  -1.19590
  -1.19251
  -1.16997
  -1.10254
  -1.08201
  -1.08835
  -1.07205
  -1.03443
  -1.01467
  -1.00435
  -1.00303
  -0.98193
  -0.95043
  -0.93515
  -0.90641
  -0.89910
  -0.89972
  -0.88045
  -0.85138
  -0.80964
  -0.76827
  -0.77957
  -0.79644
  -0.75552
  -0.71841
  -0.71762
  -0.68589
  -0.66933
  -0.64659
  -0.62596
  -0.62038
  -0.60562
  -0.59948
  -0.59305
  -0.57576
  -0.55602
  -0.54023
  -0.52399
  -0.52432
  -0.50234
  -0.47550
  -0.45832
  -0.42728
  -0.39983
  -0.39725
  -0.41613
  -0.40284
  -0.37386
  -0.34079
  -0.33304
  -0.32078
  -0.29255
  -0.29282
  -0.30814
  -0.29178
  -0.25795
  -0.27570
  -0.27231
  -0.23767
  -0.20512
  -0.19317
  -0.16960
  -0.14594
  -0.14488
  -0.12887
  -0.13113
  -0.10785
  -0.10890
  -0.11477
  -0.09241
  -0.05384
  -0.02652
  -0.01169
  -0.00821
  -0.01169
  -0.01209
  -0.00942
  -0.01758
  -0.01182
  -0.01282
  -0.00425
   0.02154
   0.05190
   0.06307
   0.06426
   0.07606
   0.09829
   0.10090
   0.09758
   0.08962
   0.11981
   0.14087
   0.16348
   0.17329
   0.20146
   0.18945
   0.19711
   0.21286
   0.21067
   0.19017
   0.18349
   0.18487
   0.20636
   0.20471
   0.23178
   0.24775
   0.24319
   0.24843
   0.27017
   0.31539
   0.31162
   0.29524
   0.30429
   0.32718
   0.32969
   0.32231
   0.27142
   0.27530
   0.29165
   0.31324
   0.32457
   0.32838
   0.32154
   0.32810
   0.35804
   0.38874
   0.41341
   0.42667
   0.41898
   0.41879
   0.42737
   0.40755
   0.39733
   0.40215
   0.39828
   0.41301
   0.42383
   0.40681
   0.41415
   0.42466
   0.39627
   0.41225
   0.43091
   0.41066
   0.40112
   0.44236
   0.46190
   0.46320
   0.44902
   0.42948
   0.44400
   0.45057
   0.47133
   0.48090
   0.47202
   0.46620
   0.46296
   0.47105
   0.46756
   0.47636
   0.49578
   0.48451
   0.46627
   0.46156
   0.45330
   0.47072
   0.47499
   0.45623
   0.45044
   0.47907
   0.49495
   0.48886
   0.49736
   0.49688
   0.47689
   0.46121
   0.46551
   0.46370
   0.47092
   0.47834
   0.51433
   0.53297
   0.51166
   0.49424
   0.49667
   0.50448
   0.48851
   0.47786
   0.48225
   0.48600
   0.47589
   0.47044
   0.48964
   0.49099
   0.49831
   0.48840
   0.47142
   0.46864
   0.45799
   0.45348
   0.46358
   0.47257
   0.47903
   0.50199
   0.48924
   0.46001
   0.44188
   0.45538
   0.46063
   0.44527
   0.42211
   0.43670
   0.41847
   0.42866
   0.46126
   0.47159
   0.45928
   0.44574
   0.43308
   0.45528
   0.46354
   0.46238
   0.45417
   0.45320
   0.46401
   0.46725
   0.47877
   0.45484
   0.43958
   0.43697
   0.44671
   0.43002
   0.38965
   0.39150
   0.39435
   0.40554
   0.43746
   0.43802
   0.43664
   0.43619
   0.43611
   0.43997
   0.40087
   0.39899
   0.41995
   0.43236
   0.42349
   0.42646
   0.41671
   0.42067
   0.42321
   0.41897
   0.40606
   0.41646
   0.41305
   0.39352
   0.37459
   0.37365
   0.33180
   0.33037
   0.37159
   0.39372
   0.38318
   0.35342
   0.34073
   0.33790
   0.34997
   0.36330
   0.36057
   0.35323
   0.34701
   0.33843
   0.34274
   0.33711
   0.33032
   0.35395
   0.36331
   0.37185
   0.35541
   0.34977
   0.34965
   0.33189
   0.32418
   0.33043
   0.32747
   0.33316
   0.34316
   0.33937
   0.32492
   0.30341
   0.32384
   0.32948
   0.31770
   0.32848
   0.32702
   0.32368
   0.34262
   0.34248
   0.32034
   0.32112
   0.32028
   0.32148
   0.30270
   0.28895
   0.29570
   0.30004
   0.30348
   0.30100
   0.28690
   0.30170
   0.31039
   0.29489
   0.27305
   0.27634
   0.28772
   0.28969
   0.27825
   0.25787
   0.25190
   0.27338
   0.29111
   0.31574
   0.34431
   0.35893
   0.33854
   0.31980
   0.29985
   0.28254
   0.28135
   0.28010
   0.26824
   0.25506
   0.26256
   0.24628
   0.23870
   0.25302
   0.26386
   0.25282
   0.25190
   0.23221
   0.22288
   0.23522
   0.25391
   0.25126
   0.23176
   0.22669
   0.22984
   0.24225
   0.24615
   0.24305
   0.22342
   0.21689
   0.24227
   0.25026
   0.24272
   0.22393
   0.20481
   0.18786
   0.19216
   0.17195
   0.16810
   0.18645
   0.18476
   0.16462
   0.14315
   0.15001
   0.18322
   0.19492
   0.19470
   0.19855
   0.18409
   0.18541
   0.19872
   0.22143
   0.22536
   0.20619
   0.21140
   0.23551
   0.22866
   0.20289
   0.18505
   0.17737
   0.19940
   0.18815
   0.17632
   0.16505
   0.17368
   0.18564
   0.18703
   0.17529
   0.19416
   0.20372
   0.20853
   0.19791
   0.15282
   0.14575
   0.17390
   0.15757
   0.13853
   0.13623
   0.15563
   0.14035
   0.14118
   0.15246
   0.17000
   0.19800
   0.20672
   0.20656
   0.19181
   0.18668
   0.16821
   0.18776
   0.18046
   0.13752
   0.13061
   0.12577
   0.13107
   0.14472
   0.16000
   0.15749
   0.15271
   0.16140
   0.18283
   0.15637
   0.13539
   0.15282
   0.17370
   0.17421
   0.13372
   0.11364
   0.13754
   0.15650
   0.14165
   0.11497
   0.12273
   0.11444
   0.12869
   0.13868
   0.13110
   0.11395
   0.13807
   0.12913
   0.12830
   0.13003
   0.13643
   0.13260
   0.15090
   0.15964
   0.15081
   0.14918
   0.13939
   0.12385
   0.10060
   0.12542
   0.12536
   0.10742
   0.08706
   0.08621
   0.10437
   0.11126
   0.10320
   0.09996
   0.09696
   0.10604
   0.13669
   0.13115
   0.11102
   0.08514
   0.09393
   0.11146
   0.10039
   0.08545
   0.07865
   0.08048
   0.07247
   0.07249
   0.09935
   0.09897
   0.10878
   0.11671
   0.12364
   0.15019
   0.15299
   0.13057
   0.12558
   0.12637
   0.12650
   0.12761
   0.13051
   0.10387
   0.08876
   0.07499
   0.07500
   0.06616
   0.05634
   0.06418
   0.07150
   0.08566
   0.11299
   0.10842
   0.12467
   0.13745
   0.14438
   0.15969
   0.14228
   0.13419
   0.14915
   0.13825
   0.12831
   0.10471
   0.10037
   0.09093
   0.07144
   0.05218
   0.04755
   0.05291
   0.07640
   0.08207
   0.07957
   0.08394
   0.09405
   0.09359
   0.08229
   0.06654
   0.05155
   0.05261
   0.08625
   0.11327
   0.09607
   0.07309
   0.05471
   0.04779
   0.00668
  -0.01974
  -0.01308
   0.01822
   0.05702
   0.07067
   0.09764
   0.08504
   0.07251
   0.05623
   0.07497
   0.09371
   0.09800
   0.09972
   0.10944
   0.09441
   0.10106
   0.07652
   0.05245
   0.02363
   0.02371
   0.05763
   0.07060
   0.07568
   0.08956
   0.07293
   0.04328
   0.02144
   0.03480
   0.05168
   0.07696
   0.09830
   0.09555
   0.08869
   0.07576
   0.06164
   0.05205
   0.03657
   0.01611
   0.01319
   0.02305
   0.02808
   0.05179
   0.07344
   0.07560
   0.04749
   0.04706
   0.04086
   0.04013
   0.03668
   0.03884
   0.02633
   0.01452
   0.00750
   0.00484
  -0.00110
  -0.00797
  -0.00219
   0.02015
   0.01877
   0.02212
   0.02549
   0.03564
   0.03044
   0.03544
   0.06044
   0.06649
   0.05432
   0.04606
   0.03842
   0.03070
   0.03027
   0.00326
  -0.00235
  -0.00936
  -0.02806
  -0.03519
  -0.02823
  -0.01222
  -0.01346
  -0.02227
   0.00807
   0.01986
   0.00962
   0.01386
   0.00819
   0.01663
   0.02554
   0.02151
   0.01559
   0.01040
  -0.00019
  -0.01018
  -0.02745
  -0.01273
  -0.01478
  -0.00703
   0.01115
   0.01479
   0.01211
  -0.01679
  -0.03412
  -0.02088
  -0.00978
  -0.02640
  -0.03480
  -0.03528
  -0.03157
  -0.03335
  -0.02317
  -0.02947
  -0.02913
  -0.02029
  -0.00093
   0.02375
   0.02242
  -0.03619
  -0.05335
  -0.04568
  -0.05146
  -0.05344
  -0.05374
  -0.03590
  -0.00747
  -0.01285
  -0.02090
  -0.00959
  -0.00369
   0.00052
  -0.01775
  -0.01927
  -0.00437
   0.02251
   0.02037
   0.02228
   0.02744
   0.00251
  -0.01884
  -0.01284
  -0.00827
  -0.00554
  -0.01113
  -0.00159
  -0.00007
  -0.03480
  -0.05010
  -0.04703
  -0.04472
  -0.03323
  -0.00409
   0.00453
  -0.00671
  -0.02274
  -0.00949
   0.00258
  -0.00803
  -0.04319
  -0.06580
  -0.06436
  -0.05938
  -0.02180
  -0.01346
  -0.01418
  -0.01273
  -0.03250
  -0.03131
  -0.03608
  -0.02642
  -0.02389
  -0.04103
  -0.04523
  -0.05175
  -0.04735
  -0.01760
   0.01773
   0.02298
  -0.00835
  -0.03755
  -0.02197
  -0.01501
  -0.04582
  -0.06189
  -0.04436
  -0.03163
  -0.02145
  -0.00583
   0.01931
   0.03836
   0.03834
   0.01660
   0.01490
   0.01553
   0.04883
   0.04267
   0.01909
   0.00343
   0.00692
  -0.00494
  -0.01698
  -0.01479
  -0.00969
   0.01207
  -0.00279
   0.00084
   0.00084
   0.00084
   0.00084
   0.00084
   0.00084
   0.00084
   0.00084
   0.00084
   0.00084
   0.00084
   0.00084
   0.00084
   0.00084
   0.00084
   0.00084
   0.00084
   0.00084
   0.00084
   0.00084
   0.00084
   0.00084
   0.00084
   0.00084
   0.00084
   0.00084
   0.00084
   0.00084
   0.00084
   0.00084
   0.00084
   0.00084
   0.00084
   0.00084
   0.00084
   0.00084
   0.00084
   0.00084
   0.00084
   0.00084
   0.00084
   0.00084
   0.00084
   0.00084
   0.00084
   0.00084
   0.00084
   0.00084
   0.00084
   0.00084
   0.00084
   0.00084
   0.00084
   0.00084
   0.00084
   0.00084
   0.00084
   0.00084
   0.00084
   0.00084
   0.00084
   0.00084
   0.00084
   0.00084
   0.00084
   0.00084
   0.00084
   0.00084
   0.00084
   0.00084
   0.00084
   0.00084
   0.00084
   0.00084
   0.00084
   0.00084
   0.00084
   0.00084
   0.00084
   0.00084
   0.00084
   0.00084
   0.00084
   0.00084
   0.00084
   0.00084
   0.00084
   0.00084
   0.00084
   0.00084
   0.00084
   0.00084
   0.00084
   0.00084
   0.00084
   0.00084
   0.00084
   0.00084
   0.00084
   0.00084
   0.00084
   0.00084
   0.00084
   0.00084
   0.00084
   0.00084
   0.00084
   0.00084
   0.00084
   0.00084
   0.00084
   0.00084
   0.00084
   0.00084
   0.00084
   0.00084
   0.00084
   0.00084
   0.00084
   0.00084
   0.00084
   0.00084
   0.00084
   0.00084
   0.00084
   0.00084
   0.00084
   0.00084
   0.00084
   0.00084
   0.00084
   0.00084
   0.00084
   0.00084
   0.00084
   0.00084
   0.00084
   0.00084
   0.00084
   0.00084
   0.00084
   0.00084
   0.00084
   0.00084
   0.00084
   0.00084
   0.00084
   0.00084
   0.00084
   0.00084
   0.00084
   0.00084
   0.00084
   0.00084
   0.00084
   0.00084
   0.00084
   0.00084
   0.00084
   0.00084
   0.00084  