  -0.00000
   1.51488
   2.24711
   3.25955
   4.52932
   5.92748
   7.29438
   8.53198
   9.78188
  11.20029
  12.48000
  11.49931
  10.31389
   9.40378
   8.70436
   8.01951
   7.31705
   6.67817
   6.06077
   5.52627
   5.07402
   4.69410
   4.34633
   4.01634
   3.71206
   3.43140
   3.16775
   2.92135
   2.68216
   2.46897
   2.23892
   2.02386
   1.82433
   1.60779
   1.40782
   1.19962
   1.00473
   0.81664
   0.63084
   0.44806
   0.28244
   0.11542
  -0.04829
  -0.22876
  -0.38786
  -0.51795
  -0.63192
  -0.75469
  -0.86990
  -0.95487
  -1.03968
  -1.11526
  -1.19281
  -1.25981
  -1.34599
  -1.40379
  -1.46154
  -1.54278
  -1.63352
  -1.68661
  -1.74314
  -1.78916
  -1.84290
  -1.87324
  -1.90326
  -1.94981
  -1.98207
  -2.01675
  -2.05512
  -2.07207
  -2.09784
  -2.13169
  -2.15672
  -2.17826
  -2.19715
  -2.22837
  -2.26457
  -2.27857
  -2.26244
  -2.26934
  -2.27006
  -2.27858
  -2.27985
  -2.25497
  -2.24077
  -2.25768
  -2.26932
  -2.28391
  -2.31095
  -2.31293
  -2.28576
  -2.25676
  -2.24195
  -2.22403
  -2.20925
  -2.17380
  -2.14716
  -2.12127
  -2.11089
  -2.10523
  -2.07306
  -2.09376
  -2.08817
  -2.07663
  -2.07869
  -2.06983
  -2.05705
  -2.03660
  -2.00362
  -1.96592
  -1.94272
  -1.92477
  -1.89468
  -1.87231
  -1.85642
  -1.83745
  -1.79583
  -1.79688
  -1.76630
  -1.72051
  -1.69822
  -1.67160
  -1.65034
  -1.62356
  -1.60064
  -1.57546
  -1.53236
  -1.49912
  -1.49620
  -1.46395
  -1.44072
  -1.40804
  -1.38586
  -1.37521
  -1.37030
  -1.34137
  -1.30643
  -1.28265
  -1.27116
  -1.26035
  -1.20207
  -1.16099
  -1.15806
  -1.16301
  -1.15920
  -1.10809
  -1.07307
  -1.05050
  -1.03811
  -1.01951
  -0.99095
  -0.98346
  -0.95729
  -0.92538
  -0.87741
  -0.85427
  -0.83175
  -0.78496
  -0.76229
  -0.73866
  -0.73405
  -0.73015
  -0.70260
  -0.68949
  -0.69761
  -0.67922
  -0.65937
  -0.62040
  -0.59022
  -0.55510
  -0.53876
  -0.51626
  -0.50624
  -0.49939
  -0.48750
  -0.46542
  -0.44842
  -0.44892
  -0.43604
  -0.40338
  -0.35592
  -0.34706
  -0.32798
  -0.30433
  -0.28519
  -0.26803
  -0.26185
  -0.23905
  -0.23808
  -0.23438
  -0.22193
  -0.21727
  -0.18636
  -0.17075
  -0.15477
  -0.12384
  -0.10648
  -0.10063
  -0.08379
  -0.06524
  -0.05099
  -0.04902
  -0.02562
  -0.00964
   0.00004
   0.00770
   0.01552
   0.00803
   0.02421
   0.04644
   0.05891
   0.06098
   0.06204
   0.10161
   0.11721
   0.11192
   0.10417
   0.12338
   0.15399
   0.15487
   0.15274
   0.15201
   0.16499
   0.16876
   0.18106
   0.19684
   0.19414
   0.20804
   0.23470
   0.23839
   0.23057
   0.25373
   0.26438
   0.26182
   0.25327
   0.26984
   0.28635
   0.31384
   0.32649
   0.32484
   0.32566
   0.32737
   0.33313
   0.32773
   0.32782
   0.34060
   0.34329
   0.34168
   0.37359
   0.38081
   0.36993
   0.38268
   0.39373
   0.40079
   0.41843
   0.45495
   0.46746
   0.49195
   0.49155
   0.47256
   0.46482
   0.45610
   0.46868
   0.48458
   0.48322
   0.47666
   0.46875
   0.48333
   0.49981
   0.50212
   0.52349
   0.53292
   0.53108
   0.51397
   0.50348
   0.48546
   0.47067
   0.48311
   0.50487
   0.51933
   0.50677
   0.50287
   0.50417
   0.50217
   0.49803
   0.50888
   0.52303
   0.53699
   0.53564
   0.53043
   0.51105
   0.50015
   0.49453
   0.49786
   0.50653
   0.50739
   0.51030
   0.51228
   0.50281
   0.49676
   0.51438
   0.52612
   0.54921
   0.55155
   0.53880
   0.51193
   0.50021
   0.49983
   0.50320
   0.48789
   0.48425
   0.49232
   0.52259
   0.55143
   0.57318
   0.56699
   0.58548
   0.58945
   0.57220
   0.55844
   0.55831
   0.55870
   0.54427
   0.54172
   0.53617
   0.53517
   0.53876
   0.53987
   0.53002
   0.54329
   0.53513
   0.53546
   0.53126
   0.53811
   0.54670
   0.55266
   0.56241
   0.56036
   0.55588
   0.54726
   0.55249
   0.53124
   0.52596
   0.54368
   0.53139
   0.51901
   0.50427
   0.49690
   0.50132
   0.50348
   0.50947
   0.51227
   0.51108
   0.51050
   0.51153
   0.50991
   0.49272
   0.50463
   0.51614
   0.49839
   0.49329
   0.49979
   0.49676
   0.48544
   0.47959
   0.48365
   0.48331
   0.45955
   0.45261
   0.43649
   0.43399
   0.43044
   0.46514
   0.47050
   0.49638
   0.50656
   0.50324
   0.47903
   0.46550
   0.46282
   0.48411
   0.48722
   0.45786
   0.42841
   0.40235
   0.39720
   0.40003
   0.41072
   0.40810
   0.41823
   0.42864
   0.45092
   0.44695
   0.44730
   0.44570
   0.42566
   0.41907
   0.39868
   0.38574
   0.38215
   0.37191
   0.37763
   0.37382
   0.36829
   0.38021
   0.38039
   0.37393
   0.38085
   0.39337
   0.40986
   0.43369
   0.40930
   0.38622
   0.36625
   0.35678
   0.34842
   0.35291
   0.34137
   0.33366
   0.35428
   0.36721
   0.35262
   0.33738
   0.34437
   0.36158
   0.35479
   0.34237
   0.33569
   0.35293
   0.34159
   0.33698
   0.33594
   0.34349
   0.33872
   0.34067
   0.33510
   0.33309
   0.32359
   0.31051
   0.30977
   0.31811
   0.32795
   0.33983
   0.34721
   0.32547
   0.32319
   0.32302
   0.31478
   0.29874
   0.28038
   0.28259
   0.27732
   0.28188
   0.29206
   0.29787
   0.27459
   0.26786
   0.25564
   0.23659
   0.23921
   0.25188
   0.27613
   0.29225
   0.31570
   0.31553
   0.31956
   0.31049
   0.29927
   0.28246
   0.27599
   0.26679
   0.25814
   0.24409
   0.24745
   0.23231
   0.23151
   0.26109
   0.26323
   0.23799
   0.22585
   0.23437
   0.23293
   0.25327
   0.27887
   0.27239
   0.25772
   0.25522
   0.24986
   0.23810
   0.22296
   0.20977
   0.21699
   0.22534
   0.22284
   0.23460
   0.23840
   0.24861
   0.23126
   0.21955
   0.22857
   0.23805
   0.24097
   0.24833
   0.24373
   0.21638
   0.21908
   0.20660
   0.19466
   0.20461
   0.19962
   0.19840
   0.19060
   0.17398
   0.17121
   0.17932
   0.18590
   0.19830
   0.19092
   0.20400
   0.19442
   0.18183
   0.17631
   0.18641
   0.19900
   0.19067
   0.18111
   0.18758
   0.18966
   0.19392
   0.19874
   0.20322
   0.19461
   0.18261
   0.17362
   0.17452
   0.16475
   0.16912
   0.17749
   0.17245
   0.17073
   0.18397
   0.19105
   0.18524
   0.17432
   0.18668
   0.19142
   0.18335
   0.15952
   0.15370
   0.16047
   0.15164
   0.13319
   0.12976
   0.13951
   0.15366
   0.15111
   0.15162
   0.13693
   0.13855
   0.16057
   0.16237
   0.14713
   0.14083
   0.14768
   0.15217
   0.14591
   0.13950
   0.13059
   0.15148
   0.16005
   0.17233
   0.17344
   0.17045
   0.17587
   0.17500
   0.17386
   0.15191
   0.13703
   0.13103
   0.11777
   0.11246
   0.12376
   0.10967
   0.10207
   0.10863
   0.13180
   0.16084
   0.15410
   0.14198
   0.14309
   0.14954
   0.13277
   0.12978
   0.12711
   0.12519
   0.11752
   0.14609
   0.14840
   0.12603
   0.12308
   0.12933
   0.11078
   0.11146
   0.10262
   0.10574
   0.09866
   0.10963
   0.12477
   0.10613
   0.09603
   0.10844
   0.10689
   0.10526
   0.09992
   0.10837
   0.13858
   0.13954
   0.12338
   0.12165
   0.12208
   0.10627
   0.09286
   0.07970
   0.07916
   0.06343
   0.06215
   0.06700
   0.07764
   0.07338
   0.04834
   0.05199
   0.05174
   0.06530
   0.07907
   0.07758
   0.08688
   0.09262
   0.09595
   0.10003
   0.10949
   0.12533
   0.12497
   0.13083
   0.12884
   0.11877
   0.11002
   0.09332
   0.09059
   0.10453
   0.07811
   0.07094
   0.08954
   0.09682
   0.08415
   0.06788
   0.07190
   0.06525
   0.05011
   0.04148
   0.02501
   0.04042
   0.05741
   0.06326
   0.08887
   0.09174
   0.07982
   0.07407
   0.08977
   0.09836
   0.10510
   0.09512
   0.08812
   0.08723
   0.08699
   0.07887
   0.07563
   0.07102
   0.05847
   0.06341
   0.07574
   0.10099
   0.09669
   0.09128
   0.09162
   0.09668
   0.11286
   0.12420
   0.11794
   0.09780
   0.09403
   0.08976
   0.08060
   0.08636
   0.08238
   0.07945
   0.06912
   0.07095
   0.04757
   0.04516
   0.04659
   0.05564
   0.08116
   0.07081
   0.05394
   0.05695
   0.02811
   0.03863
   0.06029
   0.07268
   0.05602
   0.05119
   0.05312
   0.03385
   0.03615
   0.00974
   0.01152
   0.03625
   0.03349
   0.03471
   0.03590
   0.02444
   0.01891
   0.04456
   0.05371
   0.05005
   0.03477
   0.02820
   0.02338
   0.01933
   0.01848
   0.01599
   0.02035
  -0.00134
  -0.00644
   0.01448
   0.02828
   0.02690
   0.01719
   0.01890
   0.00611
   0.00373
  -0.00133
   0.00065
   0.00831
   0.00619
   0.01580
   0.02119
   0.01384
   0.02069
   0.01471
   0.00541
   0.01184
  -0.00244
  -0.01211
  -0.02181
  -0.03470
  -0.04247
  -0.02708
  -0.01802
   0.00288
  -0.00299
  -0.00328
   0.02261
   0.03279
   0.03558
   0.06090
   0.06710
   0.06834
   0.05640
   0.03344
   0.01810
   0.02292
   0.01850
  -0.00122
  -0.03078
  -0.03864
  -0.03430
  -0.02557
  -0.02882
  -0.02791
  -0.02193
  -0.00393
  -0.01176
  -0.01114
   0.00491
   0.02008
  -0.00057
  -0.00336
  -0.01051
  -0.02384
  -0.03700
  -0.03446
  -0.02956
  -0.02075
  -0.02907
  -0.02781
  -0.04236
  -0.03384
  -0.03252
  -0.03443
  -0.04422
  -0.03743
  -0.01355
   0.02656
   0.04603
   0.03553
   0.03014
   0.02382
   0.00580
  -0.02331
  -0.02617
  -0.04694
  -0.03835
  -0.03066
  -0.04171
  -0.03450
  -0.02863
  -0.02380
  -0.00638
  -0.00305
   0.00721
  -0.01658
  -0.01443
  -0.00481
  -0.00838
  -0.00376
  -0.01030
   0.01127
   0.00409
  -0.00473
  -0.02013
  -0.01502
  -0.00448
  -0.01481
  -0.03361
  -0.04106
  -0.04690
  -0.04100
  -0.02825
  -0.02123
   0.00619
   0.00527
   0.02165
   0.03996
   0.02835
   0.01152
   0.00125
   0.00314
   0.01185
  -0.02185
  -0.02823
  -0.01972
   0.00076
   0.02623
   0.03467
   0.02684
  -0.00347
   0.00994
   0.00051
   0.00051
   0.00051
   0.00051
   0.00051
   0.00051
   0.00051
   0.00051
   0.00051
   0.00051
   0.00051
   0.00051
   0.00051
   0.00051
   0.00051
   0.00051
   0.00051
   0.00051
   0.00051
   0.00051
   0.00051
   0.00051
   0.00051
   0.00051
   0.00051
   0.00051
   0.00051
   0.00051
   0.00051
   0.00051
   0.00051
   0.00051
   0.00051
   0.00051
   0.00051
   0.00051
   0.00051
   0.00051
   0.00051
   0.00051
   0.00051
   0.00051
   0.00051
   0.00051
   0.00051
   0.00051
   0.00051
   0.00051
   0.00051
   0.00051
   0.00051
   0.00051
   0.00051
   0.00051
   0.00051
   0.00051
   0.00051
   0.00051
   0.00051
   0.00051
   0.00051
   0.00051
   0.00051
   0.00051
   0.00051
   0.00051
   0.00051
   0.00051
   0.00051
   0.00051
   0.00051
   0.00051
   0.00051
   0.00051
   0.00051
   0.00051
   0.00051
   0.00051
   0.00051
   0.00051
   0.00051
   0.00051
   0.00051
   0.00051
   0.00051
   0.00051
   0.00051
   0.00051
   0.00051
   0.00051
   0.00051
   0.00051
   0.00051
   0.00051
   0.00051
   0.00051
   0.00051
   0.00051
   0.00051
   0.00051
   0.00051
   0.00051
   0.00051
   0.00051
   0.00051
   0.00051
   0.00051
   0.00051
   0.00051
   0.00051
   0.00051
   0.00051
   0.00051
   0.00051
   0.00051
   0.00051
   0.00051
   0.00051
   0.00051
   0.00051
   0.00051
   0.00051
   0.00051
   0.00051
   0.00051
   0.00051
   0.00051
   0.00051
   0.00051
   0.00051
   0.00051
   0.00051
   0.00051
   0.00051
   0.00051
   0.00051
   0.00051
   0.00051
   0.00051
   0.00051
   0.00051
   0.00051
   0.00051
   0.00051
   0.00051
   0.00051
   0.00051
   0.00051
   0.00051
   0.00051
   0.00051
   0.00051
   0.00051
   0.00051
   0.00051
   0.00051
   0.00051
   0.00051
   0.00051
   0.00051
   0.00051
   0.00051
   0.00051
   0.00051
   0.00051
   0.00051