  -0.00000
   0.22616
   0.62455
   1.54488
   3.17634
   5.31809
   7.42569
   8.99295
   9.87693
  10.45538
  10.75000
  10.53682
  10.17260
   9.76877
   9.26335
   8.66724
   8.04469
   7.45622
   6.89217
   6.33532
   5.81980
   5.33330
   4.87550
   4.47115
   4.09295
   3.72135
   3.37935
   3.06406
   2.75753
   2.45996
   2.17778
   1.91615
   1.66464
   1.41213
   1.16850
   0.93900
   0.72654
   0.52348
   0.32035
   0.12444
  -0.05576
  -0.22822
  -0.39930
  -0.56434
  -0.72058
  -0.86864
  -1.01175
  -1.14926
  -1.27883
  -1.39699
  -1.50931
  -1.61729
  -1.72163
  -1.81853
  -1.91159
  -1.99948
  -2.08175
  -2.15953
  -2.23336
  -2.30250
  -2.36650
  -2.42587
  -2.48039
  -2.53119
  -2.57997
  -2.62322
  -2.66295
  -2.70028
  -2.73496
  -2.76658
  -2.79325
  -2.81715
  -2.83929
  -2.86072
  -2.87848
  -2.89302
  -2.90533
  -2.91386
  -2.92117
  -2.92843
  -2.93643
  -2.93893
  -2.93824
  -2.93541
  -2.93184
  -2.92754
  -2.92204
  -2.91365
  -2.90615
  -2.89811
  -2.88596
  -2.87350
  -2.86013
  -2.84410
  -2.82886
  -2.81414
  -2.79674
  -2.77838
  -2.75757
  -2.73735
  -2.71614
  -2.69602
  -2.67471
  -2.65023
  -2.62581
  -2.60201
  -2.57796
  -2.55234
  -2.52701
  -2.50080
  -2.47425
  -2.44747
  -2.42088
  -2.39289
  -2.36584
  -2.33966
  -2.31134
  -2.28309
  -2.25385
  -2.22601
  -2.19684
  -2.16586
  -2.13583
  -2.10723
  -2.07683
  -2.04680
  -2.01838
  -1.98843
  -1.95682
  -1.92656
  -1.89711
  -1.86538
  -1.83271
  -1.80145
  -1.77185
  -1.74309
  -1.71292
  -1.68402
  -1.65433
  -1.62566
  -1.59626
  -1.56594
  -1.53596
  -1.50493
  -1.47441
  -1.44440
  -1.41457
  -1.38647
  -1.35879
  -1.32972
  -1.30105
  -1.27357
  -1.24633
  -1.21882
  -1.18978
  -1.16058
  -1.13266
  -1.10576
  -1.07861
  -1.05246
  -1.02594
  -0.99962
  -0.97451
  -0.94805
  -0.92244
  -0.89840
  -0.87359
  -0.84679
  -0.82046
  -0.79589
  -0.77104
  -0.74698
  -0.72463
  -0.70105
  -0.67760
  -0.65447
  -0.63240
  -0.61151
  -0.58893
  -0.56667
  -0.54546
  -0.52371
  -0.50480
  -0.48441
  -0.46532
  -0.44544
  -0.42510
  -0.40592
  -0.38699
  -0.36959
  -0.35074
  -0.33187
  -0.31340
  -0.29337
  -0.27389
  -0.25699
  -0.24073
  -0.22639
  -0.21010
  -0.19288
  -0.17590
  -0.15915
  -0.14253
  -0.12581
  -0.11062
  -0.09638
  -0.08114
  -0.06745
  -0.05298
  -0.03781
  -0.02325
  -0.00893
   0.00584
   0.01798
   0.02921
   0.04269
   0.05569
   0.06897
   0.08089
   0.09194
   0.10520
   0.11702
   0.12854
   0.13810
   0.14954
   0.15882
   0.16784
   0.17712
   0.18637
   0.19732
   0.20847
   0.21851
   0.22673
   0.23540
   0.24558
   0.25388
   0.26182
   0.27202
   0.28034
   0.28695
   0.29369
   0.30195
   0.31082
   0.31916
   0.32746
   0.33562
   0.34181
   0.34976
   0.35725
   0.36585
   0.37258
   0.37821
   0.38443
   0.38993
   0.39579
   0.40030
   0.40561
   0.41063
   0.41652
   0.42198
   0.42541
   0.42929
   0.43498
   0.44130
   0.44679
   0.45056
   0.45562
   0.45916
   0.46275
   0.46821
   0.47553
   0.48005
   0.48297
   0.48447
   0.48677
   0.48983
   0.49349
   0.49545
   0.49780
   0.50084
   0.50493
   0.50851
   0.50993
   0.51203
   0.51451
   0.51679
   0.52046
   0.52458
   0.52584
   0.52673
   0.52772
   0.53068
   0.53318
   0.53521
   0.53629
   0.53728
   0.54005
   0.54123
   0.54203
   0.54430
   0.54714
   0.54917
   0.55010
   0.54899
   0.54903
   0.55014
   0.54953
   0.54941
   0.54915
   0.54943
   0.55192
   0.55509
   0.55423
   0.55205
   0.55157
   0.55324
   0.55452
   0.55343
   0.55266
   0.55165
   0.55140
   0.54981
   0.55030
   0.55211
   0.55120
   0.54980
   0.54919
   0.54860
   0.54698
   0.54605
   0.54506
   0.54439
   0.54282
   0.54191
   0.54164
   0.54063
   0.53936
   0.53830
   0.53661
   0.53634
   0.53577
   0.53481
   0.53349
   0.53217
   0.53128
   0.53050
   0.52892
   0.52712
   0.52582
   0.52394
   0.52113
   0.52075
   0.52040
   0.51988
   0.51830
   0.51686
   0.51355
   0.51045
   0.50799
   0.50847
   0.50748
   0.50573
   0.50227
   0.50063
   0.49664
   0.49421
   0.49401
   0.49162
   0.49010
   0.48826
   0.48602
   0.48481
   0.48154
   0.47984
   0.47747
   0.47585
   0.47303
   0.46957
   0.46580
   0.46291
   0.46170
   0.46136
   0.46039
   0.45836
   0.45738
   0.45546
   0.45181
   0.44882
   0.44674
   0.44422
   0.44308
   0.44121
   0.43864
   0.43623
   0.43582
   0.43519
   0.43161
   0.42829
   0.42526
   0.42063
   0.41687
   0.41608
   0.41540
   0.41240
   0.40944
   0.40634
   0.40369
   0.40184
   0.39990
   0.39700
   0.39474
   0.39150
   0.39004
   0.38940
   0.38693
   0.38373
   0.38112
   0.37751
   0.37458
   0.37217
   0.37047
   0.36827
   0.36708
   0.36437
   0.36203
   0.35837
   0.35456
   0.35224
   0.35102
   0.34866
   0.34631
   0.34278
   0.34032
   0.33898
   0.33798
   0.33642
   0.33310
   0.32924
   0.32506
   0.32228
   0.31968
   0.31615
   0.31319
   0.31067
   0.30786
   0.30484
   0.30448
   0.30510
   0.30557
   0.30263
   0.29870
   0.29572
   0.29479
   0.29274
   0.28842
   0.28680
   0.28562
   0.28251
   0.27886
   0.27558
   0.27288
   0.27211
   0.27025
   0.26833
   0.26471
   0.26279
   0.26040
   0.25974
   0.25855
   0.25678
   0.25488
   0.25250
   0.25061
   0.24726
   0.24413
   0.24238
   0.23965
   0.23740
   0.23570
   0.23367
   0.23102
   0.23003
   0.22704
   0.22419
   0.22276
   0.22134
   0.21942
   0.21797
   0.21405
   0.21245
   0.21134
   0.20778
   0.20484
   0.20374
   0.20347
   0.19958
   0.19765
   0.19676
   0.19646
   0.19490
   0.19211
   0.18816
   0.18420
   0.18179
   0.17995
   0.17894
   0.17813
   0.17679
   0.17533
   0.17238
   0.17040
   0.16842
   0.16720
   0.16738
   0.16675
   0.16606
   0.16450
   0.16258
   0.15994
   0.15698
   0.15532
   0.15430
   0.15187
   0.15052
   0.14846
   0.14676
   0.14414
   0.14280
   0.14307
   0.14198
   0.13943
   0.13751
   0.13719
   0.13663
   0.13516
   0.13350
   0.13160
   0.12956
   0.12780
   0.12674
   0.12589
   0.12389
   0.12046
   0.11682
   0.11627
   0.11560
   0.11579
   0.11536
   0.11452
   0.11259
   0.11226
   0.11278
   0.11223
   0.10815
   0.10475
   0.10385
   0.10410
   0.10188
   0.09973
   0.09711
   0.09673
   0.09630
   0.09422
   0.09290
   0.09145
   0.09039
   0.09096
   0.09095
   0.09015
   0.08883
   0.08717
   0.08397
   0.08336
   0.08284
   0.08186
   0.07998
   0.07898
   0.07741
   0.07668
   0.07657
   0.07545
   0.07376
   0.07313
   0.07114
   0.07008
   0.07049
   0.06947
   0.06786
   0.06706
   0.06694
   0.06464
   0.06357
   0.06363
   0.06165
   0.05984
   0.05752
   0.05763
   0.05662
   0.05607
   0.05571
   0.05443
   0.05508
   0.05471
   0.05224
   0.05049
   0.05127
   0.05160
   0.05050
   0.04955
   0.04942
   0.04726
   0.04360
   0.04194
   0.04105
   0.04036
   0.03936
   0.03946
   0.03944
   0.03938
   0.03932
   0.03951
   0.03825
   0.03678
   0.03485
   0.03201
   0.03080
   0.03084
   0.03067
   0.02878
   0.02830
   0.02712
   0.02654
   0.02637
   0.02695
   0.02796
   0.02765
   0.02700
   0.02491
   0.02344
   0.02306
   0.02100
   0.02080
   0.01950
   0.01795
   0.01749
   0.01699
   0.01739
   0.01789
   0.01899
   0.01776
   0.01665
   0.01611
   0.01659
   0.01722
   0.01804
   0.01642
   0.01357
   0.01211
   0.01232
   0.01118
   0.00887
   0.00846
   0.00886
   0.00877
   0.00892
   0.00862
   0.00941
   0.00859
   0.00813
   0.00742
   0.00820
   0.00667
   0.00499
   0.00580
   0.00477
   0.00401
   0.00332
   0.00419
   0.00500
   0.00404
   0.00290
   0.00262
   0.00250
   0.00159
   0.00126
  -0.00037
  -0.00142
  -0.00221
  -0.00288
  -0.00312
  -0.00295
  -0.00313
  -0.00407
  -0.00494
  -0.00471
  -0.00333
  -0.00263
  -0.00291
  -0.00305
  -0.00352
  -0.00536
  -0.00659
  -0.00777
  -0.00686
  -0.00898
  -0.01080
  -0.01191
  -0.01173
  -0.01238
  -0.01301
  -0.01344
  -0.01271
  -0.01306
  -0.01303
  -0.01307
  -0.01320
  -0.01297
  -0.01213
  -0.01310
  -0.01532
  -0.01534
  -0.01388
  -0.01413
  -0.01707
  -0.01697
  -0.01852
  -0.01941
  -0.01942
  -0.02053
  -0.02299
  -0.02380
  -0.02259
  -0.02145
  -0.02092
  -0.02106
  -0.02302
  -0.02461
  -0.02394
  -0.02268
  -0.02069
  -0.02046
  -0.02149
  -0.02333
  -0.02283
  -0.02408
  -0.02335
  -0.02334
  -0.02269
  -0.02413
  -0.02484
  -0.02501
  -0.02592
  -0.02513
  -0.02451
  -0.02434
  -0.02558
  -0.02393
  -0.02316
  -0.02384
  -0.02495
  -0.02674
  -0.02717
  -0.02728
  -0.02549
  -0.02618
  -0.02770
  -0.02800
  -0.02790
  -0.02776
  -0.02656
  -0.02618
  -0.02479
  -0.02435
  -0.02446
  -0.02587
  -0.02517
  -0.02454
  -0.02395
  -0.02329
  -0.02227
  -0.02299
  -0.02523
  -0.02684
  -0.02598
  -0.02384
  -0.02272
  -0.02219
  -0.02181
  -0.02101
  -0.02096
  -0.02102
  -0.02015
  -0.01876
  -0.01882
  -0.01939
  -0.02023
  -0.01988
  -0.01894
  -0.01866
  -0.01856
  -0.01863
  -0.01637
  -0.01529
  -0.01718
  -0.01797
  -0.01835
  -0.01755
  -0.01831
  -0.02005
  -0.02165
  -0.02059
  -0.02061
  -0.02062
  -0.01931
  -0.01922
  -0.01924
  -0.01963
  -0.01935
  -0.01962
  -0.01895
  -0.01687
  -0.01594
  -0.01591
  -0.01435
  -0.01389
  -0.01460
  -0.01431
  -0.01356
  -0.01418
  -0.01652
  -0.01708
  -0.01623
  -0.01551
  -0.01338
  -0.01479
  -0.01599
  -0.01428
  -0.01332
  -0.01338
  -0.01162
  -0.01124
  -0.01325
  -0.01332
  -0.01106
  -0.01092
  -0.01094
  -0.01133
  -0.01029
  -0.01053
  -0.01160
  -0.01466
  -0.01478
  -0.01152
  -0.01055
  -0.01120
  -0.01195
  -0.01288
  -0.01238
  -0.01023
  -0.00927
  -0.00927
  -0.00929
  -0.00857
  -0.00886
  -0.01027
  -0.00977
  -0.00878
  -0.00892
  -0.00798
  -0.00828
  -0.00953
  -0.01007
  -0.00972
  -0.00921
  -0.00856
  -0.00800
  -0.00768
  -0.00818
  -0.00838
  -0.00708
  -0.00716
  -0.00660
  -0.00810
  -0.00935
  -0.00839
  -0.00852
  -0.00763
  -0.00600
  -0.00528
  -0.00524
  -0.00653
  -0.00680
  -0.00666
  -0.00666
  -0.00666
  -0.00666
  -0.00666
  -0.00666
  -0.00666
  -0.00666
  -0.00666
  -0.00666
  -0.00666
  -0.00666
  -0.00666
  -0.00666
  -0.00666
  -0.00666
  -0.00666
  -0.00666
  -0.00666
  -0.00666
  -0.00666
  -0.00666
  -0.00666
  -0.00666
  -0.00666
  -0.00666
  -0.00666
  -0.00666
  -0.00666
  -0.00666
  -0.00666
  -0.00666
  -0.00666
  -0.00666
  -0.00666
  -0.00666
  -0.00666
  -0.00666
  -0.00666
  -0.00666
  -0.00666
  -0.00666
  -0.00666
  -0.00666
  -0.00666
  -0.00666
  -0.00666
  -0.00666
  -0.00666
  -0.00666
  -0.00666
  -0.00666
  -0.00666
  -0.00666
  -0.00666
  -0.00666
  -0.00666
  -0.00666
  -0.00666
  -0.00666
  -0.00666
  -0.00666
  -0.00666
  -0.00666
  -0.00666
  -0.00666
  -0.00666
  -0.00666
  -0.00666
  -0.00666
  -0.00666
  -0.00666
  -0.00666
  -0.00666
  -0.00666
  -0.00666
  -0.00666
  -0.00666
  -0.00666
  -0.00666
  -0.00666
  -0.00666
  -0.00666
  -0.00666
  -0.00666
  -0.00666
  -0.00666
  -0.00666
  -0.00666
  -0.00666
  -0.00666
  -0.00666
  -0.00666
  -0.00666
  -0.00666
  -0.00666
  -0.00666
  -0.00666
  -0.00666
  -0.00666
  -0.00666
  -0.00666
  -0.00666
  -0.00666
  -0.00666
  -0.00666
  -0.00666
  -0.00666
  -0.00666
  -0.00666
  -0.00666
  -0.00666
  -0.00666
  -0.00666
  -0.00666
  -0.00666
  -0.00666
  -0.00666
  -0.00666
  -0.00666
  -0.00666
  -0.00666
  -0.00666
  -0.00666
  -0.00666
  -0.00666
  -0.00666
  -0.00666
  -0.00666
  -0.00666
  -0.00666
  -0.00666