  -0.00000
   0.88496
   1.52392
   2.39900
   3.51847
   4.79248
   6.06674
   7.20692
   8.34148
   9.50350
  10.47826
   9.71391
   8.77430
   8.02766
   7.44138
   6.83858
   6.23224
   5.65931
   5.11141
   4.58585
   4.12087
   3.73991
   3.42488
   3.11279
   2.82338
   2.60089
   2.40703
   2.20561
   1.99704
   1.79944
   1.62572
   1.45733
   1.27313
   1.10496
   0.93919
   0.77258
   0.60616
   0.45154
   0.30567
   0.16375
   0.01072
  -0.14151
  -0.27025
  -0.38294
  -0.50040
  -0.62924
  -0.73450
  -0.83371
  -0.92685
  -1.02489
  -1.11770
  -1.19553
  -1.26953
  -1.34980
  -1.42782
  -1.49167
  -1.55812
  -1.62517
  -1.68658
  -1.73660
  -1.78346
  -1.83167
  -1.87572
  -1.91911
  -1.95662
  -1.98701
  -2.02321
  -2.05457
  -2.08109
  -2.11129
  -2.13405
  -2.15288
  -2.16931
  -2.18734
  -2.19790
  -2.21124
  -2.22426
  -2.22556
  -2.23591
  -2.24643
  -2.25329
  -2.25921
  -2.26489
  -2.27143
  -2.26274
  -2.26927
  -2.26406
  -2.26258
  -2.25721
  -2.26024
  -2.25220
  -2.23171
  -2.22272
  -2.20494
  -2.20004
  -2.19881
  -2.18278
  -2.16248
  -2.15739
  -2.15466
  -2.13997
  -2.13071
  -2.11338
  -2.10039
  -2.07129
  -2.04795
  -2.03204
  -2.01407
  -1.99735
  -1.96907
  -1.93073
  -1.92553
  -1.90782
  -1.89039
  -1.88572
  -1.87297
  -1.84719
  -1.81315
  -1.78479
  -1.76139
  -1.74196
  -1.72113
  -1.69304
  -1.66724
  -1.64414
  -1.61892
  -1.59948
  -1.58042
  -1.56144
  -1.54752
  -1.52055
  -1.49291
  -1.46749
  -1.44929
  -1.42681
  -1.40141
  -1.37669
  -1.36102
  -1.34215
  -1.31789
  -1.28998
  -1.26369
  -1.23329
  -1.20797
  -1.18574
  -1.15669
  -1.14090
  -1.11665
  -1.09716
  -1.07558
  -1.06036
  -1.03783
  -1.01701
  -0.98412
  -0.96022
  -0.94481
  -0.92846
  -0.90447
  -0.87827
  -0.86402
  -0.85142
  -0.82473
  -0.80621
  -0.78395
  -0.76158
  -0.74551
  -0.73009
  -0.70750
  -0.67900
  -0.66051
  -0.64283
  -0.62329
  -0.59808
  -0.57530
  -0.54871
  -0.52857
  -0.51623
  -0.51241
  -0.50621
  -0.48661
  -0.46665
  -0.44511
  -0.42892
  -0.41292
  -0.40342
  -0.38601
  -0.36983
  -0.34781
  -0.33025
  -0.31656
  -0.29837
  -0.27609
  -0.26582
  -0.25553
  -0.24747
  -0.23713
  -0.22513
  -0.21615
  -0.21068
  -0.19511
  -0.17813
  -0.15959
  -0.13950
  -0.12813
  -0.10828
  -0.08703
  -0.07267
  -0.05967
  -0.05092
  -0.04124
  -0.04277
  -0.03952
  -0.02888
  -0.01871
  -0.00586
   0.00133
   0.00847
   0.02005
   0.03618
   0.05201
   0.07011
   0.08707
   0.09069
   0.09558
   0.10355
   0.11426
   0.13475
   0.13844
   0.12651
   0.13632
   0.14721
   0.15281
   0.15797
   0.15925
   0.16545
   0.17120
   0.19054
   0.20307
   0.20385
   0.21296
   0.22302
   0.23816
   0.24752
   0.25241
   0.25179
   0.25015
   0.25822
   0.26791
   0.26857
   0.26799
   0.27623
   0.28503
   0.29694
   0.29048
   0.29597
   0.29418
   0.29244
   0.29492
   0.29777
   0.31685
   0.32722
   0.33202
   0.33798
   0.33875
   0.34902
   0.35216
   0.35334
   0.35840
   0.35989
   0.35123
   0.35832
   0.36269
   0.37015
   0.37001
   0.37197
   0.36558
   0.36698
   0.37180
   0.37807
   0.38596
   0.39024
   0.39026
   0.38856
   0.39477
   0.39625
   0.39710
   0.39143
   0.39607
   0.39236
   0.40160
   0.41225
   0.40358
   0.39705
   0.39720
   0.40385
   0.40398
   0.41019
   0.41886
   0.41469
   0.42518
   0.42462
   0.42751
   0.42913
   0.43282
   0.42485
   0.42352
   0.43011
   0.42935
   0.43508
   0.43608
   0.42758
   0.42623
   0.41881
   0.41302
   0.41484
   0.41870
   0.42404
   0.43820
   0.42757
   0.42529
   0.42920
   0.43061
   0.42965
   0.42891
   0.43026
   0.42691
   0.43000
   0.42512
   0.42148
   0.42207
   0.42373
   0.41439
   0.41064
   0.41568
   0.42188
   0.41494
   0.40202
   0.40370
   0.41128
   0.40631
   0.41398
   0.42243
   0.42777
   0.41683
   0.41117
   0.40244
   0.41041
   0.41778
   0.41320
   0.40500
   0.40502
   0.40113
   0.39978
   0.38944
   0.38454
   0.39085
   0.39202
   0.38893
   0.40993
   0.41247
   0.41277
   0.39895
   0.39712
   0.40533
   0.40356
   0.40065
   0.40150
   0.40146
   0.38554
   0.36768
   0.35275
   0.36037
   0.37416
   0.37589
   0.36088
   0.36220
   0.36162
   0.35864
   0.34555
   0.34847
   0.36222
   0.36844
   0.36486
   0.36400
   0.35779
   0.35224
   0.34424
   0.34179
   0.33882
   0.32130
   0.32159
   0.32378
   0.33465
   0.32947
   0.32727
   0.33559
   0.33873
   0.32863
   0.31901
   0.31879
   0.31087
   0.30870
   0.30088
   0.29184
   0.29378
   0.30770
   0.31425
   0.31323
   0.31452
   0.31250
   0.31305
   0.30684
   0.29996
   0.29180
   0.29073
   0.29429
   0.29390
   0.28667
   0.27924
   0.27989
   0.27871
   0.27483
   0.27415
   0.27498
   0.27875
   0.26969
   0.27300
   0.26505
   0.26067
   0.26754
   0.26693
   0.25968
   0.25959
   0.24986
   0.24128
   0.23905
   0.24236
   0.25653
   0.26167
   0.25112
   0.24885
   0.24810
   0.23347
   0.22813
   0.23373
   0.23653
   0.22696
   0.22289
   0.22346
   0.21879
   0.21176
   0.20502
   0.19696
   0.20160
   0.21349
   0.22368
   0.21312
   0.20635
   0.19810
   0.19491
   0.19882
   0.21077
   0.21770
   0.20932
   0.21582
   0.21533
   0.20554
   0.19912
   0.19652
   0.19881
   0.19581
   0.19184
   0.18083
   0.16994
   0.16911
   0.16565
   0.16153
   0.15708
   0.15497
   0.16128
   0.15291
   0.15316
   0.15466
   0.16480
   0.16412
   0.15747
   0.15458
   0.14879
   0.15855
   0.15683
   0.15093
   0.15093
   0.14829
   0.13740
   0.13267
   0.13179
   0.14289
   0.14747
   0.12729
   0.11847
   0.12192
   0.13111
   0.13324
   0.12601
   0.12195
   0.12701
   0.12413
   0.11790
   0.11287
   0.12073
   0.11302
   0.11893
   0.11942
   0.11615
   0.10846
   0.11421
   0.12160
   0.12224
   0.12028
   0.12746
   0.12052
   0.11364
   0.11192
   0.10789
   0.09705
   0.09143
   0.09467
   0.10560
   0.09936
   0.09826
   0.09369
   0.09094
   0.09229
   0.09956
   0.09706
   0.09609
   0.09413
   0.08841
   0.08507
   0.07727
   0.07522
   0.07676
   0.07747
   0.07277
   0.07216
   0.08038
   0.07752
   0.07656
   0.08481
   0.07545
   0.07029
   0.06591
   0.07358
   0.07450
   0.06806
   0.06827
   0.06052
   0.04448
   0.04280
   0.04736
   0.06016
   0.06928
   0.08086
   0.07627
   0.07756
   0.07757
   0.08184
   0.06425
   0.06292
   0.05834
   0.06136
   0.06687
   0.05943
   0.05164
   0.04775
   0.04433
   0.03836
   0.03638
   0.02772
   0.02590
   0.02270
   0.02547
   0.02743
   0.03777
   0.03979
   0.04251
   0.04427
   0.04017
   0.03539
   0.03747
   0.04533
   0.03567
   0.04310
   0.04405
   0.03697
   0.03974
   0.03706
   0.03598
   0.02596
   0.01497
   0.02231
   0.03675
   0.04478
   0.04188
   0.03610
   0.02779
   0.02626
   0.03547
   0.03489
   0.03265
   0.03372
   0.03019
   0.03030
   0.03108
   0.02171
   0.01646
   0.01988
   0.02261
   0.01877
   0.02020
   0.00960
   0.00429
   0.01130
   0.00522
   0.00550
   0.00663
   0.00178
   0.01096
   0.01456
   0.00896
   0.01330
   0.01199
   0.00298
  -0.00853
  -0.01575
  -0.01489
  -0.00543
   0.00303
   0.00158
   0.01055
   0.01627
   0.01191
   0.00825
   0.00863
   0.00189
  -0.00286
  -0.00103
   0.00383
   0.01033
   0.01195
  -0.00078
  -0.00442
  -0.00095
  -0.00218
  -0.00905
  -0.00402
   0.00395
   0.00890
  -0.00238
  -0.01442
  -0.02124
  -0.02587
  -0.02321
  -0.02206
  -0.02496
  -0.02342
  -0.02303
  -0.01581
  -0.01287
  -0.01089
  -0.01231
  -0.01300
  -0.01806
  -0.02776
  -0.02141
  -0.01679
  -0.01879
  -0.01860
  -0.01286
   0.00002
   0.00268
  -0.00836
  -0.01769
  -0.01840
  -0.00966
  -0.01115
  -0.01632
  -0.00809
  -0.00440
  -0.00497
  -0.00436
  -0.00622
  -0.01994
  -0.01283
  -0.00755
  -0.01131
  -0.02467
  -0.02693
  -0.02292
  -0.01244
  -0.02481
  -0.02940
  -0.02885
  -0.03265
  -0.03970
  -0.04040
  -0.03870
  -0.03353
  -0.02534
  -0.02475
  -0.03187
  -0.03188
  -0.02595
  -0.02093
  -0.01816
  -0.02159
  -0.03141
  -0.03207
  -0.03991
  -0.04163
  -0.02623
  -0.01877
  -0.02085
  -0.03534
  -0.03105
  -0.02848
  -0.04609
  -0.05283
  -0.04508
  -0.05574
  -0.06074
  -0.05543
  -0.04530
  -0.03981
  -0.04211
  -0.04573
  -0.05790
  -0.05121
  -0.03852
  -0.03306
  -0.02030
  -0.02481
  -0.03523
  -0.03979
  -0.03943
  -0.03096
  -0.03309
  -0.03308
  -0.03782
  -0.03917
  -0.03665
  -0.03905
  -0.04260
  -0.03306
  -0.02416
  -0.03661
  -0.05429
  -0.06293
  -0.05465
  -0.04601
  -0.03642
  -0.03401
  -0.03644
  -0.03620
  -0.04476
  -0.04632
  -0.05175
  -0.05012
  -0.04109
  -0.03743
  -0.03421
  -0.04077
  -0.04517
  -0.04633
  -0.04773
  -0.04246
  -0.05340
  -0.06627
  -0.06561
  -0.05412
  -0.04799
  -0.04150
  -0.04486
  -0.04704
  -0.04815
  -0.04659
  -0.04338
  -0.02566
  -0.02764
  -0.02959
  -0.03202
  -0.02912
  -0.03134
  -0.04682
  -0.05097
  -0.04111
  -0.04056
  -0.03984
  -0.05155
  -0.06281
  -0.05799
  -0.05229
  -0.04990
  -0.04800
  -0.05189
  -0.04832
  -0.04816
  -0.05520
  -0.04416
  -0.03634
  -0.04287
  -0.05391
  -0.05407
  -0.05976
  -0.05960
  -0.05267
  -0.04025
  -0.02596
  -0.02768
  -0.03401
  -0.03502
  -0.03765
  -0.04753
  -0.05740
  -0.05536
  -0.05023
  -0.04543
  -0.05057
  -0.04362
  -0.04684
  -0.05643
  -0.05719
  -0.05891
  -0.05442
  -0.04720
  -0.04938
  -0.04127
  -0.03610
  -0.02741
  -0.03076
  -0.03994
  -0.04491
  -0.04808
  -0.03971
  -0.03526
  -0.03124
  -0.02867
  -0.02259
  -0.01887
  -0.02114
  -0.02664
  -0.03542
  -0.03572
  -0.02827
  -0.01507
  -0.01254
  -0.02516
  -0.03220
  -0.03181
  -0.04045
  -0.04797
  -0.03562
  -0.03225
  -0.02733
  -0.02975
  -0.02666
  -0.02757
  -0.02227
  -0.01637
  -0.01537
  -0.01323
  -0.01696
  -0.02146
  -0.02517
  -0.02228
  -0.02373
  -0.03168
  -0.03475
  -0.02386
  -0.01653
  -0.01054
  -0.00920
  -0.00764
  -0.01114
  -0.00819
  -0.01420
  -0.02080
  -0.02587
  -0.02006
  -0.02272
  -0.02471
  -0.03204
  -0.02475
  -0.02475
  -0.02475
  -0.02475
  -0.02475
  -0.02475
  -0.02475
  -0.02475
  -0.02475
  -0.02475
  -0.02475
  -0.02475
  -0.02475
  -0.02475
  -0.02475
  -0.02475
  -0.02475
  -0.02475
  -0.02475
  -0.02475
  -0.02475
  -0.02475
  -0.02475
  -0.02475
  -0.02475
  -0.02475
  -0.02475
  -0.02475
  -0.02475
  -0.02475
  -0.02475
  -0.02475
  -0.02475
  -0.02475
  -0.02475
  -0.02475
  -0.02475
  -0.02475
  -0.02475
  -0.02475
  -0.02475
  -0.02475
  -0.02475
  -0.02475
  -0.02475
  -0.02475
  -0.02475
  -0.02475
  -0.02475
  -0.02475
  -0.02475
  -0.02475
  -0.02475
  -0.02475
  -0.02475
  -0.02475
  -0.02475
  -0.02475
  -0.02475
  -0.02475
  -0.02475
  -0.02475
  -0.02475
  -0.02475
  -0.02475
  -0.02475
  -0.02475
  -0.02475
  -0.02475
  -0.02475
  -0.02475
  -0.02475
  -0.02475
  -0.02475
  -0.02475
  -0.02475
  -0.02475
  -0.02475
  -0.02475
  -0.02475
  -0.02475
  -0.02475
  -0.02475
  -0.02475
  -0.02475
  -0.02475
  -0.02475
  -0.02475
  -0.02475
  -0.02475
  -0.02475
  -0.02475
  -0.02475
  -0.02475
  -0.02475
  -0.02475
  -0.02475
  -0.02475
  -0.02475
  -0.02475
  -0.02475
  -0.02475
  -0.02475
  -0.02475
  -0.02475
  -0.02475
  -0.02475
  -0.02475
  -0.02475
  -0.02475
  -0.02475
  -0.02475
  -0.02475
  -0.02475
  -0.02475
  -0.02475
  -0.02475
  -0.02475
  -0.02475
  -0.02475
  -0.02475
  -0.02475
  -0.02475
  -0.02475
  -0.02475
  -0.02475
  -0.02475
  -0.02475
  -0.02475
  -0.02475
  -0.02475
  -0.02475