  -0.00000
   1.04886
   1.58062
   2.30230
   3.22187
   4.27601
   5.37706
   6.45305
   7.59519
   8.80065
   9.80000
   9.02874
   8.04314
   7.28312
   6.77745
   6.31291
   5.85203
   5.37108
   4.87181
   4.40025
   3.99381
   3.64593
   3.33252
   3.08141
   2.85926
   2.61877
   2.38331
   2.17644
   1.98803
   1.80142
   1.60607
   1.42274
   1.24981
   1.07393
   0.90011
   0.71635
   0.55318
   0.38544
   0.22715
   0.05772
  -0.09368
  -0.22452
  -0.35151
  -0.47340
  -0.58564
  -0.69264
  -0.78569
  -0.88008
  -0.96416
  -1.02993
  -1.09590
  -1.16061
  -1.24529
  -1.31184
  -1.35302
  -1.40436
  -1.46547
  -1.51744
  -1.55290
  -1.59646
  -1.65177
  -1.69293
  -1.71898
  -1.75009
  -1.78955
  -1.81082
  -1.85262
  -1.87877
  -1.88605
  -1.89541
  -1.91272
  -1.93427
  -1.93929
  -1.95020
  -1.96871
  -1.97386
  -1.97313
  -1.98351
  -1.99106
  -1.99673
  -1.99601
  -2.00445
  -2.00415
  -2.00417
  -2.01056
  -2.00001
  -1.98240
  -1.96636
  -1.95739
  -1.94304
  -1.93402
  -1.91929
  -1.90657
  -1.89396
  -1.86701
  -1.84926
  -1.84146
  -1.83582
  -1.82749
  -1.82181
  -1.79569
  -1.77931
  -1.76801
  -1.76279
  -1.74828
  -1.72825
  -1.69738
  -1.66912
  -1.64204
  -1.63288
  -1.61141
  -1.58828
  -1.57478
  -1.54592
  -1.52378
  -1.51364
  -1.50785
  -1.49575
  -1.46769
  -1.43829
  -1.41612
  -1.39695
  -1.37312
  -1.33624
  -1.30261
  -1.28931
  -1.28253
  -1.24324
  -1.23289
  -1.21830
  -1.19631
  -1.17916
  -1.15187
  -1.14132
  -1.12506
  -1.08970
  -1.06367
  -1.04353
  -1.02786
  -1.01601
  -0.98122
  -0.96684
  -0.94285
  -0.91272
  -0.89686
  -0.87574
  -0.86808
  -0.84760
  -0.80929
  -0.78639
  -0.77300
  -0.75082
  -0.73732
  -0.72127
  -0.69740
  -0.67335
  -0.64180
  -0.62685
  -0.62456
  -0.62102
  -0.61533
  -0.59360
  -0.56747
  -0.54307
  -0.52219
  -0.51267
  -0.48686
  -0.45124
  -0.43004
  -0.42532
  -0.41367
  -0.40553
  -0.39242
  -0.37267
  -0.36395
  -0.34286
  -0.33190
  -0.31994
  -0.30196
  -0.29088
  -0.29161
  -0.28330
  -0.27517
  -0.24427
  -0.22648
  -0.20894
  -0.18736
  -0.17018
  -0.14923
  -0.13772
  -0.12337
  -0.11146
  -0.10208
  -0.09634
  -0.08234
  -0.08304
  -0.08080
  -0.07815
  -0.06698
  -0.06155
  -0.05086
  -0.04163
  -0.03400
  -0.02281
  -0.00847
   0.00766
   0.01548
   0.01728
   0.02449
   0.04209
   0.06743
   0.06920
   0.07934
   0.09315
   0.10526
   0.12532
   0.12371
   0.12251
   0.11681
   0.11506
   0.12762
   0.13251
   0.14054
   0.14787
   0.15553
   0.16421
   0.16645
   0.18454
   0.20305
   0.20074
   0.20442
   0.20859
   0.21226
   0.22198
   0.23203
   0.24815
   0.25794
   0.26497
   0.27347
   0.28073
   0.27748
   0.27153
   0.26744
   0.27803
   0.28845
   0.29721
   0.31801
   0.32169
   0.32036
   0.32791
   0.33689
   0.33591
   0.33721
   0.33467
   0.34679
   0.35288
   0.34910
   0.34269
   0.35506
   0.35542
   0.36521
   0.36939
   0.36071
   0.36264
   0.36837
   0.37692
   0.38918
   0.39340
   0.38225
   0.38192
   0.39305
   0.39505
   0.39906
   0.40308
   0.41175
   0.41082
   0.40819
   0.39938
   0.39766
   0.40015
   0.40152
   0.40545
   0.41250
   0.41279
   0.41089
   0.40221
   0.41236
   0.43055
   0.45221
   0.44812
   0.43762
   0.43226
   0.42361
   0.41674
   0.42266
   0.42405
   0.41936
   0.41839
   0.42283
   0.42055
   0.42541
   0.43329
   0.44083
   0.43245
   0.43042
   0.43523
   0.42457
   0.43720
   0.43990
   0.44533
   0.43980
   0.43888
   0.44550
   0.44328
   0.43365
   0.43284
   0.42794
   0.43102
   0.45454
   0.45676
   0.45800
   0.45673
   0.46359
   0.45442
   0.46027
   0.46386
   0.45654
   0.44971
   0.43542
   0.43415
   0.43287
   0.42821
   0.42112
   0.40932
   0.41138
   0.40686
   0.39679
   0.39692
   0.40888
   0.41454
   0.41616
   0.41207
   0.40855
   0.41926
   0.42675
   0.41976
   0.41414
   0.41127
   0.41998
   0.42148
   0.41461
   0.40029
   0.40225
   0.40103
   0.39978
   0.39086
   0.37522
   0.37610
   0.37457
   0.37794
   0.37726
   0.39039
   0.39630
   0.40081
   0.39698
   0.39534
   0.38874
   0.37923
   0.36597
   0.35204
   0.34438
   0.35172
   0.37476
   0.37637
   0.37069
   0.36622
   0.35163
   0.34746
   0.36983
   0.38045
   0.37420
   0.36485
   0.36235
   0.36610
   0.35718
   0.36826
   0.36213
   0.36016
   0.34970
   0.32781
   0.33034
   0.32449
   0.34494
   0.33937
   0.33512
   0.32389
   0.32284
   0.32972
   0.33830
   0.32625
   0.32221
   0.32125
   0.33607
   0.35062
   0.33659
   0.32199
   0.32148
   0.32248
   0.32105
   0.33073
   0.33866
   0.32880
   0.32016
   0.31000
   0.30318
   0.30604
   0.30538
   0.30725
   0.30799
   0.30912
   0.29777
   0.28783
   0.28171
   0.28615
   0.28762
   0.28933
   0.29569
   0.29408
   0.28777
   0.29169
   0.29479
   0.29505
   0.29028
   0.26775
   0.24761
   0.24106
   0.24244
   0.24202
   0.23243
   0.23883
   0.24643
   0.26108
   0.26640
   0.25749
   0.26271
   0.26125
   0.25057
   0.26004
   0.26455
   0.24742
   0.22771
   0.22660
   0.23654
   0.23617
   0.23093
   0.22540
   0.22451
   0.21868
   0.22303
   0.21705
   0.20713
   0.20920
   0.22014
   0.22955
   0.21150
   0.19952
   0.20048
   0.20422
   0.21808
   0.20961
   0.21399
   0.22035
   0.22161
   0.21922
   0.22227
   0.21394
   0.19907
   0.19870
   0.20800
   0.20066
   0.20444
   0.20499
   0.19807
   0.17611
   0.16881
   0.18213
   0.18153
   0.18133
   0.17360
   0.16781
   0.17270
   0.16967
   0.16434
   0.17097
   0.18634
   0.18158
   0.19071
   0.18876
   0.19751
   0.18796
   0.18687
   0.18838
   0.18607
   0.18459
   0.18021
   0.17475
   0.16331
   0.15303
   0.13894
   0.13515
   0.13216
   0.13208
   0.13038
   0.13284
   0.13862
   0.14625
   0.14232
   0.13843
   0.13252
   0.12906
   0.13028
   0.12373
   0.12111
   0.11748
   0.12190
   0.11728
   0.12196
   0.12312
   0.13119
   0.13483
   0.13203
   0.12505
   0.13003
   0.14726
   0.15665
   0.14799
   0.15268
   0.14794
   0.14067
   0.12668
   0.12158
   0.11470
   0.11324
   0.11331
   0.11630
   0.12392
   0.12986
   0.12678
   0.12077
   0.10728
   0.09200
   0.09920
   0.10460
   0.10634
   0.10219
   0.10177
   0.08525
   0.08705
   0.09361
   0.10233
   0.10273
   0.10328
   0.11852
   0.12135
   0.11072
   0.09474
   0.09744
   0.10939
   0.10928
   0.11952
   0.10801
   0.10848
   0.10804
   0.09555
   0.09436
   0.08502
   0.08815
   0.08533
   0.08065
   0.07347
   0.07165
   0.07803
   0.08140
   0.09648
   0.10397
   0.09095
   0.06900
   0.06719
   0.07556
   0.08515
   0.08620
   0.10155
   0.08338
   0.08254
   0.08218
   0.08418
   0.08123
   0.07884
   0.06847
   0.06648
   0.05795
   0.06653
   0.07305
   0.06661
   0.06883
   0.07429
   0.07448
   0.08418
   0.09317
   0.09194
   0.08159
   0.07308
   0.07837
   0.07648
   0.05861
   0.05145
   0.06044
   0.06345
   0.06643
   0.06297
   0.06298
   0.07865
   0.07742
   0.06184
   0.05068
   0.05259
   0.05821
   0.05709
   0.06338
   0.06048
   0.05404
   0.05342
   0.05833
   0.06566
   0.06235
   0.06812
   0.07097
   0.07091
   0.07636
   0.06811
   0.06324
   0.06316
   0.06753
   0.06884
   0.07053
   0.06417
   0.06540
   0.07094
   0.07030
   0.07692
   0.07661
   0.06913
   0.07586
   0.08255
   0.07564
   0.07612
   0.06687
   0.06693
   0.05093
   0.05016
   0.04308
   0.04138
   0.04769
   0.06492
   0.07224
   0.06676
   0.06265
   0.05617
   0.05200
   0.05459
   0.06451
   0.06005
   0.05012
   0.04699
   0.05092
   0.05030
   0.05362
   0.05434
   0.05495
   0.05294
   0.04486
   0.04413
   0.04057
   0.03580
   0.02989
   0.03563
   0.03929
   0.03629
   0.03327
   0.03254
   0.04638
   0.05761
   0.05952
   0.06227
   0.05799
   0.05021
   0.04076
   0.03481
   0.03718
   0.05052
   0.05339
   0.05482
   0.05327
   0.04563
   0.05342
   0.06083
   0.06679
   0.05228
   0.05000
   0.05646
   0.05930
   0.06038
   0.06501
   0.05798
   0.06585
   0.06206
   0.07246
   0.06664
   0.06310
   0.06284
   0.05647
   0.04326
   0.03053
   0.03628
   0.03012
   0.02875
   0.03376
   0.03528
   0.03678
   0.02358
   0.01793
   0.02027
   0.02337
   0.03860
   0.04418
   0.04313
   0.03629
   0.04093
   0.04397
   0.04854
   0.05567
   0.03618
   0.02841
   0.01955
   0.02080
   0.03188
   0.03378
   0.03474
   0.03668
   0.04375
   0.04022
   0.03115
   0.02853
   0.03354
   0.03224
   0.02630
   0.02192
   0.01321
   0.00241
   0.00379
   0.01922
   0.02668
   0.02394
   0.01589
   0.00375
   0.00548
   0.01449
   0.02382
   0.01053
   0.00678
   0.01327
   0.01807
   0.01092
   0.00884
   0.01677
   0.02544
   0.02914
   0.01907
   0.00319
  -0.00255
  -0.00833
   0.00228
   0.01151
   0.01433
   0.02247
   0.03340
   0.02733
   0.01613
   0.01166
  -0.00272
  -0.01261
  -0.00559
   0.00605
   0.01702
   0.02792
   0.02737
   0.01332
   0.00508
  -0.00450
   0.00177
  -0.00553
  -0.01901
  -0.01938
  -0.01467
   0.00194
   0.00614
   0.00962
   0.01382
   0.01144
   0.00327
   0.00384
   0.01024
   0.01498
   0.01688
   0.01168
   0.00555
  -0.01359
  -0.02335
  -0.01991
  -0.00824
  -0.00464
  -0.01088
   0.00018
  -0.00082
  -0.00183
  -0.00591
  -0.00465
   0.00031
   0.00638
   0.00983
   0.01222
   0.01187
   0.00809
   0.00709
   0.00827
   0.01423
   0.02689
   0.03535
   0.03269
   0.00860
  -0.00054
  -0.00226
  -0.01163
  -0.01100
  -0.00853
  -0.01920
  -0.02191
  -0.01881
  -0.01523
  -0.00983
  -0.00980
  -0.00995
  -0.02113
  -0.01255
   0.00753
   0.03073
   0.04027
   0.03137
   0.01256
  -0.00121
  -0.00521
  -0.00134
  -0.00032
  -0.00121
   0.00301
   0.01397
   0.01913
   0.00893
   0.01009
   0.01115
   0.01447
   0.01109
   0.02062
   0.02497
   0.03231
   0.03926
   0.04103
   0.03395
   0.04005
   0.03350
   0.03603
   0.03709
   0.04134
   0.05089
   0.04726
   0.03188
   0.02284
   0.00740
  -0.00369
   0.00000
  -0.00368
   0.00864
   0.02183
   0.01332
   0.00508
  -0.00450
   0.00177
  -0.00553
  -0.01901
  -0.01938
  -0.01467
   0.00194
   0.00614
   0.00962
   0.01382
   0.01144
   0.00327
   0.00384
   0.01024
   0.01498
   0.01688
   0.01168
   0.00555
  -0.01359
  -0.02335
  -0.01991
  -0.00824
  -0.00464
  -0.01088
   0.00018
  -0.00082
  -0.00183
  -0.00591
  -0.00465
   0.00031
   0.00638
   0.00983
   0.01222
   0.01187
   0.00809
   0.00709
   0.00827
   0.01423
   0.02689
   0.03535
   0.03269
   0.00860
  -0.00054
  -0.00226
  -0.01163
  -0.01100
  -0.00853
  -0.01920
  -0.02191
  -0.01881
  -0.01523
  -0.00983
  -0.00980
  -0.00995
  -0.02113
  -0.01255
   0.00753
   0.03073
   0.04027
   0.03137
   0.01256
  -0.00121
  -0.00521
  -0.00134
  -0.00032
  -0.00121
   0.00301
   0.01397
   0.01913
   0.00893
   0.01009
   0.01115
   0.01447
   0.01109
   0.02062
   0.02497
   0.03231
   0.03926
   0.04103
   0.03395
   0.04005
   0.03350
   0.03603
   0.03709
   0.04134
   0.05089
   0.04726
   0.03188
   0.02284
   0.00740
  -0.00369
   0.00000
  -0.00368
   0.00864
   0.02183
   0.01332
   0.00508
  -0.00450
   0.00177
  -0.00553
  -0.01901
  -0.01938
  -0.01467
   0.00194
   0.00614
   0.00962
   0.01382
   0.01144
   0.00327
   0.00384
   0.01024
   0.01498
   0.01688
   0.01168
   0.00555
  -0.01359
  -0.02335
  -0.01991
  -0.00824
  -0.00464
  -0.01088
   0.00018
  -0.00082
  -0.00183
  -0.00591
   0.00740
   0.00369
   0.00000
   0.00000