  -0.00000
   1.27602
   2.07042
   3.13195
   4.39283
   5.82071
   7.32143
   8.79457
  10.41137
  12.22640
  13.71429
  12.53348
  10.99236
   9.82967
   9.04533
   8.35886
   7.67297
   6.99117
   6.28413
   5.60060
   5.00293
   4.53677
   4.16742
   3.83421
   3.51995
   3.23026
   2.97468
   2.74380
   2.49601
   2.25818
   2.03281
   1.80991
   1.57546
   1.34753
   1.11858
   0.91806
   0.70068
   0.48647
   0.29922
   0.12685
  -0.02477
  -0.18811
  -0.34168
  -0.47615
  -0.60340
  -0.73342
  -0.87849
  -0.99781
  -1.11247
  -1.23086
  -1.32764
  -1.41475
  -1.50160
  -1.58598
  -1.67878
  -1.76688
  -1.84891
  -1.91501
  -1.97483
  -2.03942
  -2.10794
  -2.17249
  -2.22492
  -2.27406
  -2.31328
  -2.34318
  -2.36363
  -2.39976
  -2.44366
  -2.47476
  -2.50316
  -2.52271
  -2.52625
  -2.53237
  -2.53739
  -2.55619
  -2.57076
  -2.57239
  -2.58302
  -2.58612
  -2.60048
  -2.61761
  -2.62239
  -2.61970
  -2.62231
  -2.61737
  -2.60088
  -2.57281
  -2.56597
  -2.55412
  -2.54102
  -2.52665
  -2.52437
  -2.51935
  -2.50666
  -2.49896
  -2.48112
  -2.46958
  -2.45520
  -2.43990
  -2.41969
  -2.40960
  -2.39445
  -2.35443
  -2.31356
  -2.29173
  -2.25262
  -2.23343
  -2.21237
  -2.19288
  -2.15481
  -2.10855
  -2.09585
  -2.07796
  -2.05035
  -2.03626
  -2.01458
  -1.99884
  -1.96559
  -1.93925
  -1.93150
  -1.90556
  -1.88040
  -1.85411
  -1.83492
  -1.80136
  -1.76705
  -1.73524
  -1.69356
  -1.65346
  -1.61495
  -1.58094
  -1.53864
  -1.50835
  -1.49273
  -1.48799
  -1.47127
  -1.44069
  -1.41243
  -1.38514
  -1.35602
  -1.32389
  -1.29987
  -1.26643
  -1.23668
  -1.20479
  -1.18235
  -1.15725
  -1.13821
  -1.10261
  -1.07297
  -1.04926
  -1.02392
  -0.99325
  -0.96136
  -0.93626
  -0.91269
  -0.89320
  -0.88231
  -0.85083
  -0.82174
  -0.80767
  -0.78055
  -0.74389
  -0.71470
  -0.69923
  -0.69492
  -0.69264
  -0.67804
  -0.65074
  -0.62092
  -0.57959
  -0.54671
  -0.51411
  -0.49644
  -0.47744
  -0.46169
  -0.45462
  -0.43181
  -0.41788
  -0.40284
  -0.40304
  -0.39125
  -0.36783
  -0.34427
  -0.31696
  -0.29011
  -0.26782
  -0.26000
  -0.25453
  -0.22571
  -0.20260
  -0.17987
  -0.16742
  -0.15641
  -0.14055
  -0.12617
  -0.11758
  -0.11789
  -0.10807
  -0.08333
  -0.05905
  -0.05070
  -0.03795
  -0.02445
  -0.00539
  -0.01210
   0.00397
   0.03446
   0.04215
   0.04629
   0.05545
   0.06571
   0.07414
   0.09060
   0.10631
   0.11999
   0.12531
   0.13230
   0.13891
   0.15450
   0.15283
   0.15957
   0.15975
   0.16682
   0.17509
   0.19038
   0.21211
   0.23074
   0.24747
   0.25853
   0.26219
   0.28180
   0.30396
   0.31628
   0.32583
   0.31443
   0.31378
   0.31338
   0.31690
   0.33335
   0.34090
   0.34402
   0.35008
   0.35817
   0.37259
   0.36912
   0.36904
   0.36309
   0.36316
   0.37151
   0.38692
   0.41281
   0.41386
   0.40101
   0.38839
   0.38766
   0.40456
   0.42252
   0.43780
   0.45681
   0.45670
   0.45208
   0.46297
   0.47526
   0.48452
   0.47939
   0.47755
   0.48416
   0.48729
   0.47962
   0.48606
   0.50089
   0.49748
   0.49226
   0.48054
   0.47027
   0.49007
   0.50453
   0.50774
   0.50453
   0.49399
   0.49172
   0.50139
   0.50396
   0.49709
   0.50265
   0.50719
   0.50881
   0.51395
   0.53093
   0.54725
   0.54999
   0.54705
   0.55857
   0.54929
   0.54470
   0.55205
   0.55362
   0.54633
   0.53534
   0.53095
   0.53546
   0.52642
   0.52499
   0.53716
   0.55654
   0.57358
   0.57108
   0.56645
   0.56300
   0.54358
   0.53665
   0.53631
   0.53787
   0.54195
   0.55975
   0.57487
   0.56863
   0.55761
   0.55272
   0.54101
   0.53012
   0.54175
   0.55393
   0.55670
   0.56321
   0.54437
   0.52162
   0.52044
   0.52283
   0.53536
   0.53567
   0.52834
   0.53048
   0.53077
   0.53033
   0.52907
   0.52857
   0.51910
   0.53458
   0.53449
   0.53756
   0.52911
   0.53222
   0.52262
   0.52854
   0.52831
   0.52564
   0.52307
   0.52117
   0.50851
   0.50764
   0.49348
   0.48276
   0.48823
   0.49176
   0.49603
   0.49512
   0.49337
   0.49655
   0.49359
   0.48537
   0.49348
   0.49778
   0.50012
   0.48917
   0.49102
   0.49636
   0.49992
   0.49793
   0.50052
   0.50196
   0.49192
   0.49163
   0.47303
   0.45567
   0.45269
   0.46411
   0.46423
   0.46718
   0.45518
   0.46332
   0.47788
   0.47651
   0.46540
   0.47224
   0.46319
   0.45616
   0.44873
   0.44393
   0.44060
   0.42855
   0.43495
   0.43976
   0.43742
   0.41618
   0.41615
   0.41847
   0.42558
   0.41335
   0.41200
   0.41737
   0.41499
   0.40419
   0.40934
   0.41741
   0.40716
   0.39673
   0.39209
   0.37907
   0.36995
   0.38149
   0.40269
   0.41720
   0.40071
   0.38433
   0.35887
   0.36007
   0.35769
   0.36730
   0.36808
   0.35254
   0.35027
   0.36293
   0.36584
   0.36100
   0.36357
   0.35775
   0.35799
   0.35182
   0.36570
   0.36209
   0.35800
   0.34637
   0.32986
   0.32763
   0.33947
   0.34706
   0.34836
   0.34701
   0.32746
   0.31543
   0.33450
   0.35184
   0.34596
   0.32539
   0.31872
   0.30812
   0.29676
   0.29090
   0.29721
   0.30019
   0.29619
   0.29750
   0.30225
   0.29207
   0.29381
   0.30159
   0.30291
   0.30161
   0.31169
   0.30980
   0.29684
   0.27495
   0.28137
   0.27622
   0.27758
   0.27872
   0.27835
   0.28848
   0.29553
   0.29642
   0.29226
   0.29482
   0.30715
   0.30823
   0.29791
   0.28704
   0.28460
   0.27755
   0.26520
   0.26908
   0.27689
   0.26922
   0.26034
   0.24232
   0.23597
   0.21796
   0.21264
   0.21239
   0.22972
   0.23851
   0.23636
   0.24230
   0.23572
   0.22636
   0.22884
   0.24019
   0.24201
   0.23623
   0.24255
   0.22849
   0.20789
   0.20943
   0.21459
   0.21308
   0.20641
   0.20805
   0.19663
   0.18533
   0.20146
   0.20868
   0.20259
   0.20158
   0.18427
   0.18309
   0.19111
   0.18298
   0.18690
   0.18623
   0.17892
   0.17595
   0.17351
   0.17421
   0.18383
   0.18148
   0.16577
   0.16843
   0.17015
   0.18598
   0.18643
   0.18508
   0.18754
   0.19092
   0.18100
   0.17908
   0.17048
   0.16274
   0.15954
   0.16422
   0.15747
   0.15871
   0.15894
   0.16341
   0.14725
   0.12893
   0.12360
   0.12480
   0.13538
   0.15258
   0.16527
   0.16374
   0.15526
   0.16214
   0.17716
   0.17520
   0.15669
   0.14515
   0.12636
   0.12312
   0.12468
   0.13525
   0.13360
   0.13616
   0.12737
   0.13308
   0.14349
   0.15268
   0.16196
   0.14997
   0.12670
   0.13512
   0.13388
   0.13982
   0.13697
   0.13533
   0.14338
   0.13407
   0.12308
   0.12178
   0.11340
   0.11164
   0.10751
   0.10408
   0.10876
   0.10327
   0.10108
   0.09297
   0.10091
   0.10203
   0.10978
   0.11845
   0.13120
   0.12234
   0.10905
   0.10505
   0.10924
   0.12178
   0.13630
   0.11799
   0.10008
   0.10611
   0.11485
   0.11570
   0.09770
   0.07810
   0.09336
   0.10621
   0.11454
   0.10328
   0.09548
   0.09848
   0.10842
   0.10448
   0.10251
   0.11575
   0.12905
   0.11262
   0.11594
   0.10712
   0.10934
   0.12436
   0.12780
   0.12150
   0.12605
   0.12101
   0.11141
   0.10793
   0.10487
   0.10512
   0.10573
   0.10351
   0.09343
   0.08708
   0.08654
   0.09186
   0.10978
   0.11023
   0.11385
   0.09769
   0.08648
   0.08871
   0.08824
   0.08636
   0.08222
   0.07046
   0.07768
   0.08457
   0.08614
   0.08011
   0.07695
   0.08926
   0.09619
   0.09005
   0.07979
   0.07773
   0.08480
   0.07095
   0.07263
   0.08062
   0.08537
   0.07410
   0.07115
   0.08028
   0.07786
   0.07518
   0.08176
   0.09456
   0.09571
   0.09290
   0.09071
   0.09299
   0.08615
   0.08126
   0.06970
   0.07969
   0.09483
   0.09244
   0.10123
   0.08927
   0.08627
   0.09791
   0.10205
   0.09813
   0.08674
   0.07730
   0.07886
   0.07943
   0.08779
   0.08646
   0.09363
   0.08386
   0.07428
   0.06368
   0.05074
   0.04634
   0.04868
   0.04252
   0.05645
   0.07033
   0.07000
   0.07874
   0.08597
   0.08464
   0.07200
   0.04526
   0.03939
   0.04413
   0.05439
   0.06871
   0.08227
   0.07686
   0.06743
   0.06758
   0.06788
   0.06349
   0.05862
   0.05000
   0.04696
   0.05450
   0.05320
   0.06381
   0.07844
   0.08610
   0.09599
   0.10088
   0.08737
   0.09013
   0.08176
   0.06613
   0.04830
   0.03670
   0.03502
   0.04973
   0.06213
   0.06400
   0.06313
   0.05167
   0.04260
   0.04535
   0.04682
   0.06215
   0.04682
   0.02578
   0.03570
   0.02515
   0.03074
   0.03720
   0.04499
   0.03316
   0.02491
   0.03112
   0.03172
   0.04101
   0.03519
   0.02268
   0.02568
   0.03945
   0.04485
   0.05510
   0.05245
   0.04709
   0.04737
   0.04919
   0.05187
   0.04077
   0.03799
   0.03608
   0.01969
   0.01525
   0.02128
   0.01987
   0.01361
   0.02029
   0.02257
   0.03387
   0.03757
   0.04518
   0.05926
   0.05423
   0.05009
   0.03973
   0.04812
   0.04977
   0.04047
   0.03317
   0.03417
   0.04358
   0.04603
   0.02322
   0.02199
   0.03159
   0.04376
   0.04289
   0.03500
   0.03344
   0.02778
   0.03020
   0.02196
   0.02502
   0.01437
   0.02833
   0.04409
   0.03371
   0.02872
   0.02122
   0.02798
   0.03837
   0.04711
   0.04122
   0.03529
   0.03550
   0.02212
   0.00671
   0.00003
   0.00003
   0.00003
   0.00003
   0.00003
   0.00003
   0.00003
   0.00003
   0.00003
   0.00003
   0.00003
   0.00003
   0.00003
   0.00003
   0.00003
   0.00003
   0.00003
   0.00003
   0.00003
   0.00003
   0.00003
   0.00003
   0.00003
   0.00003
   0.00003
   0.00003
   0.00003
   0.00003
   0.00003
   0.00003
   0.00003
   0.00003
   0.00003
   0.00003
   0.00003
   0.00003
   0.00003
   0.00003
   0.00003
   0.00003
   0.00003
   0.00003
   0.00003
   0.00003
   0.00003
   0.00003
   0.00003
   0.00003
   0.00003
   0.00003
   0.00003
   0.00003
   0.00003
   0.00003
   0.00003
   0.00003
   0.00003
   0.00003
   0.00003
   0.00003
   0.00003
   0.00003
   0.00003
   0.00003
   0.00003
   0.00003
   0.00003
   0.00003
   0.00003
   0.00003
   0.00003
   0.00003
   0.00003
   0.00003
   0.00003
   0.00003
   0.00003
   0.00003
   0.00003
   0.00003
   0.00003
   0.00003
   0.00003
   0.00003
   0.00003
   0.00003
   0.00003
   0.00003
   0.00003
   0.00003
   0.00003
   0.00003
   0.00003
   0.00003
   0.00003
   0.00003
   0.00003
   0.00003
   0.00003
   0.00003
   0.00003
   0.00003
   0.00003
   0.00003
   0.00003
   0.00003
   0.00003
   0.00003
   0.00003
   0.00003
   0.00003
   0.00003
   0.00003
   0.00003
   0.00003
   0.00003
   0.00003
   0.00003
   0.00003
   0.00003
   0.00003
   0.00003
   0.00003
   0.00003
   0.00003
   0.00003
   0.00003
   0.00003
   0.00003
   0.00003
   0.00003
   0.00003
   0.00003
   0.00003
   0.00003
   0.00003
   0.00003
   0.00003
   0.00003
   0.00003
   0.00003
   0.00003
   0.00003
   0.00003
   0.00003
   0.00003
   0.00003
   0.00003
   0.00003
   0.00003
   0.00003
   0.00003
   0.00003
   0.00003
   0.00003
   0.00003
   0.00003
   0.00003
   0.00003
   0.00003
   0.00003
   0.00003
   0.00003
   0.00003
   0.00003
   0.00003
   0.00003
   0.00003
   0.00003
   0.00003
   0.00003
   0.00003
   0.00003
   0.00003
   0.00003
   0.00003
   0.00003
   0.00003
   0.00003
   0.00003
   0.00003
   0.00003
   0.00003
   0.00003
   0.00003
   0.00003
   0.00003
   0.00003
   0.00003
   0.00003
   0.00003
   0.00003
   0.00003
   0.00003
   0.00003
   0.00003
   0.00003
   0.00003
   0.00003
   0.00003
   0.00003
   0.00003
   0.00003
   0.00003
   0.00003
   0.00003
   0.00003
   0.00003
   0.00003