0.012911
1.491940
2.214999
3.288332
4.624084
5.914677
7.167744
8.469725
9.907055
11.390479
12.127971
11.549565
10.509776
9.522825
8.648762
7.875721
7.191840
6.585823
6.048642
5.571833
5.146936
4.765489
4.419030
4.099098
3.797230
3.506362
3.225020
2.953127
2.690606
2.437379
2.193369
1.958501
1.732695
1.515854
1.307791
1.108296
0.917161
0.734177
0.559136
0.391828
0.232045
0.079578
-0.065782
-0.204244
-0.336016
-0.461307
-0.580327
-0.693283
-0.800385
-0.901842
-0.997861
-1.088653
-1.174426
-1.255388
-1.331749
-1.403718
-1.471502
-1.535311
-1.595354
-1.651839
-1.704976
-1.754972
-1.802038
-1.846381
-1.888211
-1.927708
-1.964939
-1.999944
-2.032763
-2.063433
-2.091996
-2.118489
-2.142952
-2.165425
-2.185947
-2.204557
-2.221294
-2.236198
-2.249307
-2.260662
-2.270301
-2.278264
-2.284590
-2.289318
-2.292487
-2.294137
-2.294308
-2.293037
-2.290366
-2.286332
-2.280975
-2.274335
-2.266451
-2.257361
-2.247106
-2.235725
-2.223256
-2.209739
-2.195214
-2.179719
-2.163294
-2.145978
-2.127811
-2.108832
-2.089079
-2.068593
-2.047413
-2.025577
-2.003125
-1.980097
-1.956532
-1.932468
-1.907946
-1.883004
-1.857682
-1.832019
-1.806054
-1.779827
-1.753377
-1.726742
-1.699964
-1.673080
-1.646130
-1.619153
-1.592189
-1.565276
-1.538455
-1.511764
-1.485242
-1.458923
-1.432812
-1.406908
-1.381212
-1.355721
-1.330437
-1.305357
-1.280481
-1.255808
-1.231339
-1.207071
-1.183005
-1.159140
-1.135475
-1.112009
-1.088742
-1.065674
-1.042802
-1.020127
-0.997649
-0.975366
-0.953277
-0.931382
-0.909681
-0.888173
-0.866856
-0.845731
-0.824796
-0.804052
-0.783496
-0.763130
-0.742951
-0.722960
-0.703155
-0.683536
-0.664102
-0.644853
-0.625787
-0.606905
-0.588206
-0.569688
-0.551352
-0.533196
-0.515219
-0.497422
-0.479804
-0.462363
-0.445099
-0.428012
-0.411101
-0.394365
-0.377803
-0.361415
-0.345199
-0.329157
-0.313286
-0.297586
-0.282056
-0.266696
-0.251506
-0.236483
-0.221628
-0.206940
-0.192419
-0.178063
-0.163872
-0.149845
-0.135982
-0.122282
-0.108744
-0.095368
-0.082153
-0.069097
-0.056202
-0.043465
-0.030886
-0.018465
-0.006201
0.005907
0.017859
0.029657
0.041301
0.052791
0.064128
0.075313
0.086347
0.097230
0.107963
0.118546
0.128981
0.139268
0.149407
0.159399
0.169246
0.178947
0.188504
0.197916
0.207185
0.216312
0.225297
0.234140
0.242842
0.251405
0.259829
0.268113
0.276260
0.284270
0.292143
0.299880
0.307482
0.314950
0.322283
0.329484
0.336551
0.343487
0.350292
0.356967
0.363511
0.369927
0.376214
0.382373
0.388405
0.394311
0.400091
0.405745
0.411276
0.416683
0.421966
0.427128
0.432168
0.437087
0.441887
0.446569
0.451134
0.455582
0.459914
0.464132
0.468237
0.472230
0.476111
0.479881
0.483542
0.487095
0.490540
0.493879
0.497112
0.500241
0.503267
0.506190
0.509011
0.511732
0.514354
0.516877
0.519303
0.521632
0.523866
0.526005
0.528051
0.530004
0.531866
0.533637
0.535319
0.536912
0.538418
0.539837
0.541170
0.542420
0.543585
0.544668
0.545670
0.546591
0.547432
0.548195
0.548880
0.549489
0.550022
0.550481
0.550866
0.551178
0.551419
0.551590
0.551690
0.551723
0.551687
0.551585
0.551417
0.551185
0.550889
0.550531
0.550111
0.549630
0.549089
0.548490
0.547834
0.547120
0.546352
0.545528
0.544651
0.543721
0.542739
0.541707
0.540625
0.539495
0.538316
0.537091
0.535821
0.534505
0.533146
0.531745
0.530301
0.528817
0.527293
0.525731
0.524131
0.522494
0.520821
0.519114
0.517372
0.515599
0.513793
0.511956
0.510090
0.508195
0.506273
0.504323
0.502348
0.500348
0.498324
0.496278
0.494210
0.492121
0.490012
0.487884
0.485739
0.483576
0.481398
0.479205
0.476999
0.474779
0.472548
0.470306
0.468054
0.465793
0.463524
0.461249
0.458967
0.456681
0.454391
0.452098
0.449803
0.447507
0.445212
0.442917
0.440625
0.438336
0.436051
0.433771
0.431496
0.429226
0.426961
0.424702
0.422448
0.420200
0.417957
0.415719
0.413487
0.411261
0.409040
0.406825
0.404616
0.402412
0.400214
0.398023
0.395837
0.393657
0.391483
0.389315
0.387153
0.384998
0.382848
0.380705
0.378568
0.376438
0.374314
0.372196
0.370085
0.367981
0.365883
0.363792
0.361707
0.359630
0.357559
0.355494
0.353437
0.351387
0.349344
0.347307
0.345278
0.343256
0.341241
0.339234
0.337233
0.335240
0.333255
0.331276
0.329306
0.327342
0.325387
0.323439
0.321498
0.319565
0.317641
0.315723
0.313814
0.311913
0.310019
0.308134
0.306257
0.304388
0.302526
0.300674
0.298829
0.296993
0.295165
0.293345
0.291534
0.289731
0.287937
0.286151
0.284374
0.282606
0.280846
0.279096
0.277354
0.275621
0.273896
0.272181
0.270475
0.268778
0.267090
0.265411
0.263742
0.262081
0.260430
0.258788
0.257156
0.255533
0.253920
0.252316
0.250722
0.249137
0.247562
0.245997
0.244442
0.242896
0.241361
0.239835
0.238319
0.236814
0.235318
0.233833
0.232357
0.230892
0.229437
0.227993
0.226559
0.225135
0.223722
0.222319
0.220927
0.219545
0.218174
0.216814
0.215465
0.214126
0.212798
0.211481
0.210175
0.208880
0.207596
0.206324
0.205062
0.203811
0.202572
0.201344
0.200127
0.198922
0.197727
0.196543
0.195369
0.194207
0.193054
0.191912
0.190781
0.189659
0.188547
0.187446
0.186354
0.185271
0.184199
0.183135
0.182081
0.181036
0.180000
0.178973
0.177955
0.176946
0.175945
0.174953
0.173969
0.172993
0.172025
0.171066
0.170114
0.169170
0.168234
0.167305
0.166383
0.165469
0.164562
0.163663
0.162770
0.161884
0.161004
0.160132
0.159265
0.158405
0.157552
0.156704
0.155863
0.155027
0.154197
0.153373
0.152554
0.151741
0.150933
0.150130
0.149333
0.148540
0.147752
0.146969
0.146190
0.145416
0.144647
0.143881
0.143120
0.142362
0.141609
0.140859
0.140113
0.139371
0.138632
0.137896
0.137164
0.136435
0.135708
0.134985
0.134264
0.133545
0.132830
0.132116
0.131405
0.130696
0.129989
0.129284
0.128581
0.127879
0.127179
0.126481
0.125783
0.125087
0.124392
0.123698
0.123005
0.122313
0.121621
0.120930
0.120239
0.119548
0.118857
0.118167
0.117476
0.116786
0.116094
0.115403
0.114711
0.114018
0.113325
0.112630
0.111935
0.111238
0.110540
0.109841
0.109140
0.108438
0.107734
0.107028
0.106320
0.105610
0.104898
0.104183
0.103466
0.102747
0.102025
0.101300
0.100572
0.099841
0.099107
0.098370
0.097629
0.096885
0.096138
0.095386
0.094631
0.093873
0.093111
0.092346
0.091577
0.090805
0.090031
0.089253
0.088473
0.087690
0.086904
0.086115
0.085325
0.084531
0.083736
0.082938
0.082139
0.081337
0.080534
0.079728
0.078921
0.078113
0.077303
0.076491
0.075679
0.074865
0.074050
0.073234
0.072417
0.071600
0.070782
0.069963
0.069143
0.068324
0.067504
0.066683
0.065863
0.065043
0.064222
0.063402
0.062582
0.061763
0.060944
0.060126
0.059308
0.058491
0.057675
0.056860
0.056046
0.055233
0.054421
0.053611
0.052802
0.051995
0.051189
0.050385
0.049583
0.048783
0.047985
0.047189
0.046395
0.045604
0.044815
0.044029
0.043245
0.042464
0.041685
0.040910
0.040138
0.039369
0.038603
0.037840
0.037081
0.036325
0.035573
0.034824
0.034080
0.033339
0.032602
0.031869
0.031141
0.030417
0.029697
0.028982
0.028271
0.027565
0.026863
0.026167
0.025475
0.024789
0.024108
0.023432
0.022761
0.022096
0.021436
0.020782
0.020134
0.019492
0.018855
0.018225
0.017600
0.016982
0.016371
0.015765
0.015167
0.014575
0.013989
0.013411
0.012839
0.012274
0.011717
0.011167
0.010624
0.010088
0.009560
0.009039
0.008527
0.008022
0.007525
0.007036
0.006555
0.006082
0.005617
0.005161
0.004713
0.004274
0.003844
0.003422
0.003009
0.002605
0.002209
0.001822
0.001443
0.001073
0.000711
0.000357
0.000011
-0.000326
-0.000656
-0.000978
-0.001291
-0.001597
-0.001895
-0.002186
-0.002469
-0.002744
-0.003012
-0.003272
-0.003525
-0.003771
-0.004009
-0.004240
-0.004464
-0.004682
-0.004892
-0.005095
-0.005292
-0.005482
-0.005665
-0.005841
-0.006011
-0.006175
-0.006332
-0.006482
-0.006627
-0.006765
-0.006897
-0.007023
-0.007143
-0.007257
-0.007366
-0.007468
-0.007565
-0.007656
-0.007741
-0.007821
-0.007895
-0.007964
-0.008028
-0.008086
-0.008139
-0.008188
-0.008231
-0.008269
-0.008302
-0.008330
-0.008353
-0.008372
-0.008386
-0.008395
-0.008400
-0.008401
-0.008397
-0.008389
-0.008376
-0.008360
-0.008339
-0.008314
-0.008285
-0.008253
-0.008216
-0.008176
-0.008132
-0.008084
-0.008033
-0.007978
-0.007920
-0.007858
-0.007793
-0.007725
-0.007654
-0.007579
-0.007502
-0.007421
-0.007338
-0.007252
-0.007163
-0.007071
-0.006977
-0.006880
-0.006781
-0.006679
-0.006575
-0.006469
-0.006360
-0.006249
-0.006136
-0.006022
-0.005905
-0.005786
-0.005665
-0.005543
-0.005419
-0.005293
-0.005166
-0.005038
-0.004907
-0.004776
-0.004643
-0.004509
-0.004374
-0.004238
-0.004101
-0.003963
-0.003824
-0.003684
-0.003544
-0.003402
-0.003261
-0.003118
-0.002976
-0.002832
-0.002689
-0.002545
-0.002401
-0.002257
-0.002113
-0.001968
-0.001824
-0.001680
-0.001536
-0.001393
-0.001250
-0.001107
-0.000964
-0.000823
-0.000682
-0.000541
-0.000401
-0.000262
-0.000124
0.000013
0.000149
0.000284
0.000418
0.000550
0.000682
0.000812
0.000940
0.001067
0.001193
0.001317
0.001439
0.001560
0.001678
0.001795
0.001910
0.002023
0.002133
0.002242
0.002348
0.002452
0.002554
0.002653
0.002750
0.002844
0.002935
0.003024
0.003110
0.003193
0.003274
0.003351
0.003425
0.003497
0.003565
0.003629
0.003691
0.003749
0.003803
0.003855
0.003902
0.003946
0.003986
0.004023
0.004055
0.004084
0.004108
0.004129
0.004145
0.004158
0.004166
0.004169
0.004169
0.004164
0.004154
0.004140
0.004121
0.004097
0.004069
0.004035
0.003997
0.003954
0.003906
0.003852
0.003794
0.003730
0.003660
0.003586
0.003506
0.003420
0.003329
0.003232
0.003129
0.003021
0.002906
0.002786
0.002660
0.002528
0.002389
0.002244
0.002093
0.001936
0.001772
0.001602
0.001425
0.001242
0.001052
0.000855
0.000651
0.000441
0.000223
-0.000002
-0.000233
-0.000472
-0.000718
-0.000971
-0.001232
-0.001500
-0.001776
-0.002059
-0.002350
-0.002648
-0.002954
-0.003268
-0.003590
-0.003920
-0.004258
-0.004604
-0.004959
-0.005321
-0.005692
-0.006071
