0.078756
0.943831
1.937769
3.088316
4.423213
5.955235
7.637272
9.407244
11.203073
12.903198
13.893433
13.160184
11.872623
10.686545
9.659736
8.770000
7.995139
7.314849
6.716402
6.188965
5.721701
5.303776
4.924357
4.572608
4.237695
3.910687
3.590266
3.277019
2.971533
2.674393
2.386186
2.107499
1.838917
1.580889
1.333305
1.095917
0.868480
0.650744
0.442463
0.243389
0.053275
-0.128128
-0.301066
-0.465787
-0.622538
-0.771568
-0.913122
-1.047450
-1.174799
-1.295415
-1.409547
-1.517441
-1.619346
-1.715510
-1.806178
-1.891600
-1.972022
-2.047692
-2.118858
-2.185766
-2.248665
-2.307802
-2.363424
-2.415780
-2.465116
-2.511646
-2.555452
-2.596581
-2.635079
-2.670996
-2.704378
-2.735272
-2.763726
-2.789787
-2.813503
-2.834921
-2.854089
-2.871054
-2.885863
-2.898564
-2.909205
-2.917832
-2.924493
-2.929235
-2.932107
-2.933155
-2.932427
-2.929970
-2.925831
-2.920059
-2.912700
-2.903802
-2.893413
-2.881579
-2.868348
-2.853767
-2.837885
-2.820748
-2.802404
-2.782900
-2.762284
-2.740603
-2.717905
-2.694236
-2.669645
-2.644178
-2.617884
-2.590809
-2.563001
-2.534508
-2.505377
-2.475655
-2.445389
-2.414628
-2.383418
-2.351807
-2.319843
-2.287572
-2.255043
-2.222302
-2.189397
-2.156376
-2.123286
-2.090174
-2.057087
-2.024074
-1.991182
-1.958457
-1.925948
-1.893694
-1.861701
-1.829970
-1.798498
-1.767286
-1.736332
-1.705635
-1.675194
-1.645009
-1.615078
-1.585400
-1.555975
-1.526801
-1.497878
-1.469205
-1.440781
-1.412604
-1.384674
-1.356990
-1.329551
-1.302357
-1.275405
-1.248695
-1.222227
-1.195999
-1.170010
-1.144260
-1.118747
-1.093471
-1.068430
-1.043624
-1.019052
-0.994712
-0.970604
-0.946727
-0.923081
-0.899663
-0.876473
-0.853510
-0.830774
-0.808263
-0.785976
-0.763912
-0.742071
-0.720452
-0.699053
-0.677873
-0.656912
-0.636169
-0.615643
-0.595333
-0.575238
-0.555356
-0.535688
-0.516232
-0.496986
-0.477952
-0.459126
-0.440509
-0.422099
-0.403895
-0.385898
-0.368104
-0.350515
-0.333128
-0.315943
-0.298958
-0.282174
-0.265588
-0.249201
-0.233010
-0.217016
-0.201217
-0.185612
-0.170201
-0.154981
-0.139954
-0.125116
-0.110469
-0.096010
-0.081738
-0.067654
-0.053755
-0.040041
-0.026511
-0.013163
0.000002
0.012986
0.025789
0.038414
0.050860
0.063129
0.075222
0.087139
0.098882
0.110451
0.121847
0.133072
0.144126
0.155010
0.165725
0.176273
0.186653
0.196867
0.206916
0.216801
0.226523
0.236082
0.245480
0.254718
0.263796
0.272716
0.281478
0.290083
0.298533
0.306827
0.314968
0.322956
0.330792
0.338477
0.346012
0.353398
0.360636
0.367726
0.374670
0.381469
0.388123
0.394633
0.401001
0.407228
0.413314
0.419262
0.425071
0.430743
0.436280
0.441682
0.446951
0.452087
0.457093
0.461968
0.466715
0.471334
0.475826
0.480193
0.484436
0.488556
0.492554
0.496431
0.500188
0.503827
0.507349
0.510754
0.514045
0.517221
0.520285
0.523237
0.526078
0.528811
0.531435
0.533952
0.536363
0.538669
0.540872
0.542973
0.544972
0.546871
0.548671
0.550373
0.551978
0.553488
0.554904
0.556226
0.557456
0.558595
0.559644
0.560605
0.561478
0.562265
0.562966
0.563584
0.564118
0.564571
0.564942
0.565235
0.565449
0.565586
0.565647
0.565633
0.565545
0.565384
0.565152
0.564850
0.564478
0.564039
0.563533
0.562960
0.562324
0.561623
0.560861
0.560037
0.559153
0.558211
0.557211
0.556154
0.555042
0.553875
0.552655
0.551384
0.550061
0.548689
0.547268
0.545800
0.544286
0.542726
0.541123
0.539477
0.537789
0.536060
0.534292
0.532486
0.530643
0.528764
0.526850
0.524903
0.522923
0.520912
0.518870
0.516800
0.514701
0.512576
0.510425
0.508250
0.506051
0.503830
0.501589
0.499327
0.497047
0.494749
0.492434
0.490104
0.487761
0.485404
0.483035
0.480656
0.478267
0.475869
0.473465
0.471054
0.468638
0.466219
0.463796
0.461373
0.458949
0.456525
0.454104
0.451685
0.449271
0.446861
0.444455
0.442053
0.439656
0.437263
0.434875
0.432491
0.430111
0.427736
0.425365
0.422999
0.420638
0.418281
0.415929
0.413581
0.411238
0.408900
0.406567
0.404238
0.401915
0.399596
0.397282
0.394973
0.392669
0.390370
0.388076
0.385787
0.383504
0.381225
0.378951
0.376683
0.374420
0.372162
0.369909
0.367662
0.365420
0.363184
0.360953
0.358727
0.356507
0.354292
0.352083
0.349879
0.347681
0.345489
0.343302
0.341121
0.338946
0.336776
0.334613
0.332455
0.330303
0.328157
0.326016
0.323882
0.321754
0.319631
0.317515
0.315405
0.313301
0.311203
0.309111
0.307026
0.304946
0.302873
0.300807
0.298746
0.296692
0.294644
0.292603
0.290568
0.288540
0.286518
0.284503
0.282495
0.280493
0.278497
0.276509
0.274527
0.272551
0.270583
0.268621
0.266666
0.264719
0.262777
0.260843
0.258916
0.256996
0.255083
0.253177
0.251278
0.249386
0.247502
0.245624
0.243754
0.241891
0.240035
0.238187
0.236346
0.234512
0.232686
0.230867
0.229056
0.227252
0.225455
0.223667
0.221886
0.220112
0.218346
0.216588
0.214838
0.213095
0.211360
0.209633
0.207914
0.206203
0.204499
0.202804
0.201116
0.199437
0.197766
0.196102
0.194447
0.192800
0.191161
0.189530
0.187908
0.186294
0.184688
0.183090
0.181501
0.179919
0.178346
0.176781
0.175224
0.173676
0.172135
0.170602
0.169078
0.167561
0.166053
0.164552
0.163060
0.161575
0.160099
0.158630
0.157169
0.155716
0.154271
0.152834
0.151404
0.149983
0.148569
0.147162
0.145764
0.144373
0.142990
0.141615
0.140247
0.138887
0.137535
0.136190
0.134853
0.133523
0.132201
0.130886
0.129579
0.128279
0.126987
0.125702
0.124425
0.123155
0.121892
0.120637
0.119389
0.118149
0.116915
0.115689
0.114471
0.113259
0.112055
0.110858
0.109668
0.108485
0.107309
0.106141
0.104980
0.103825
0.102678
0.101538
0.100405
0.099278
0.098159
0.097047
0.095942
0.094843
0.093752
0.092667
0.091589
0.090519
0.089455
0.088397
0.087347
0.086303
0.085266
0.084236
0.083212
0.082195
0.081185
0.080182
0.079185
0.078195
0.077211
0.076234
0.075263
0.074299
0.073341
0.072390
0.071446
0.070507
0.069576
0.068650
0.067731
0.066819
0.065913
0.065013
0.064119
0.063232
0.062351
0.061476
0.060607
0.059745
0.058889
0.058039
0.057195
0.056357
0.055526
0.054700
0.053881
0.053067
0.052260
0.051459
0.050663
0.049874
0.049090
0.048313
0.047541
0.046776
0.046016
0.045262
0.044514
0.043771
0.043035
0.042304
0.041579
0.040860
0.040146
0.039439
0.038736
0.038040
0.037349
0.036664
0.035984
0.035310
0.034641
0.033978
0.033321
0.032669
0.032022
0.031381
0.030746
0.030116
0.029491
0.028871
0.028257
0.027649
0.027045
0.026447
0.025854
0.025267
0.024684
0.024107
0.023535
0.022969
0.022407
0.021851
0.021299
0.020753
0.020212
0.019676
0.019145
0.018619
0.018098
0.017582
0.017071
0.016565
0.016064
0.015567
0.015076
0.014590
0.014108
0.013631
0.013159
0.012692
0.012229
0.011771
0.011318
0.010870
0.010426
0.009987
0.009553
0.009123
0.008698
0.008278
0.007862
0.007451
0.007044
0.006641
0.006243
0.005850
0.005461
0.005077
0.004696
0.004321
0.003949
0.003582
0.003220
0.002861
0.002507
0.002157
0.001812
0.001471
0.001133
0.000800
0.000472
0.000147
-0.000173
-0.000490
-0.000802
-0.001110
-0.001414
-0.001714
-0.002011
-0.002303
-0.002591
-0.002875
-0.003155
-0.003431
-0.003704
-0.003972
-0.004237
-0.004498
-0.004755
-0.005008
-0.005258
-0.005504
-0.005746
-0.005984
-0.006218
-0.006449
-0.006677
-0.006900
-0.007120
-0.007337
-0.007549
-0.007759
-0.007964
-0.008167
-0.008365
-0.008561
-0.008752
-0.008941
-0.009126
-0.009307
-0.009485
-0.009660
-0.009831
-0.010000
-0.010164
-0.010326
-0.010484
-0.010639
-0.010791
-0.010940
-0.011085
-0.011227
-0.011366
-0.011502
-0.011635
-0.011765
-0.011892
-0.012016
-0.012136
-0.012254
-0.012369
-0.012480
-0.012589
-0.012695
-0.012798
-0.012898
-0.012995
-0.013090
-0.013181
-0.013270
-0.013356
-0.013439
-0.013520
-0.013597
-0.013672
-0.013745
-0.013814
-0.013881
-0.013946
-0.014007
-0.014067
-0.014123
-0.014177
-0.014229
-0.014278
-0.014324
-0.014368
-0.014410
-0.014449
-0.014486
-0.014520
-0.014552
-0.014582
-0.014609
-0.014634
-0.014657
-0.014678
-0.014696
-0.014712
-0.014726
-0.014737
-0.014747
-0.014754
-0.014759
-0.014762
-0.014763
-0.014762
-0.014759
-0.014753
-0.014746
-0.014737
-0.014726
-0.014712
-0.014697
-0.014680
-0.014661
-0.014641
-0.014618
-0.014593
-0.014567
-0.014539
-0.014509
-0.014477
-0.014444
-0.014409
-0.014372
-0.014334
-0.014294
-0.014252
-0.014209
-0.014164
-0.014117
-0.014069
-0.014019
-0.013968
-0.013915
-0.013861
-0.013806
-0.013749
-0.013690
-0.013630
-0.013569
-0.013506
-0.013442
-0.013377
-0.013311
-0.013243
-0.013174
-0.013103
-0.013032
-0.012959
-0.012885
-0.012810
-0.012733
-0.012656
-0.012578
-0.012498
-0.012417
-0.012336
-0.012253
-0.012169
-0.012085
-0.011999
-0.011912
-0.011825
-0.011736
-0.011647
-0.011557
-0.011466
-0.011374
-0.011281
-0.011188
-0.011093
-0.010998
-0.010903
-0.010806
-0.010709
-0.010611
-0.010513
-0.010414
-0.010314
-0.010214
-0.010113
-0.010012
-0.009910
-0.009808
-0.009705
-0.009601
-0.009498
-0.009393
-0.009289
-0.009184
-0.009078
-0.008972
-0.008866
-0.008760
-0.008653
-0.008546
-0.008439
-0.008332
-0.008224
-0.008116
-0.008008
-0.007900
-0.007791
-0.007683
-0.007575
-0.007466
-0.007357
-0.007249
-0.007140
-0.007031
-0.006922
-0.006814
-0.006705
-0.006597
-0.006488
-0.006380
-0.006272
-0.006164
-0.006056
-0.005949
-0.005841
-0.005734
-0.005627
-0.005521
-0.005415
-0.005309
-0.005203
-0.005098
-0.004993
-0.004889
-0.004784
-0.004681
-0.004578
-0.004475
-0.004373
-0.004271
-0.004170
-0.004070
-0.003970
-0.003870
-0.003772
-0.003674
-0.003576
-0.003479
-0.003383
-0.003288
-0.003193
-0.003099
-0.003006
-0.002914
-0.002823
-0.002732
-0.002642
-0.002553
-0.002465
-0.002378
-0.002292
-0.002207
-0.002123
-0.002039
-0.001957
-0.001876
-0.001796
-0.001717
-0.001639
-0.001562
-0.001486
-0.001412
-0.001338
-0.001266
-0.001195
-0.001126
-0.001057
-0.000990
-0.000924
-0.000859
-0.000796
-0.000734
-0.000673
-0.000614
-0.000556
-0.000500
-0.000445
-0.000392
-0.000340
-0.000289
-0.000241
-0.000193
-0.000147
-0.000103
-0.000061
-0.000020
0.000020
0.000057
0.000093
0.000127
0.000160
0.000191
0.000220
0.000247
0.000272
0.000296
