0.136257
0.614852
1.063349
1.688630
2.697579
4.215436
6.040885
7.890968
9.482725
10.553304
10.920270
10.535666
9.809030
9.169711
8.668814
8.262887
7.908473
7.569340
7.238135
6.914727
6.598986
6.290781
5.989981
5.696455
5.410072
5.130700
4.858210
4.592470
4.333350
4.080717
3.834442
3.594394
3.360441
3.132459
2.910350
2.694021
2.483382
2.278340
2.078803
1.884680
1.695878
1.512306
1.333872
1.160483
0.992049
0.828476
0.669674
0.515551
0.366014
0.220972
0.080333
-0.055996
-0.188105
-0.316087
-0.440034
-0.560037
-0.676189
-0.788581
-0.897304
-1.002452
-1.104116
-1.202388
-1.297359
-1.389122
-1.477767
-1.563380
-1.646010
-1.725699
-1.802490
-1.876423
-1.947541
-2.015887
-2.081501
-2.144426
-2.204705
-2.262378
-2.317488
-2.370076
-2.420186
-2.467858
-2.513135
-2.556059
-2.596671
-2.635014
-2.671130
-2.705060
-2.736847
-2.766532
-2.794157
-2.819765
-2.843398
-2.865097
-2.884904
-2.902861
-2.919011
-2.933395
-2.946055
-2.957033
-2.966372
-2.974112
-2.980297
-2.984967
-2.988166
-2.989935
-2.990315
-2.989350
-2.987080
-2.983548
-2.978796
-2.972866
-2.965800
-2.957639
-2.948426
-2.938202
-2.927010
-2.914892
-2.901889
-2.888044
-2.873399
-2.857994
-2.841874
-2.825078
-2.807650
-2.789631
-2.771064
-2.751990
-2.732451
-2.712489
-2.692146
-2.671459
-2.650442
-2.629102
-2.607448
-2.585489
-2.563233
-2.540687
-2.517861
-2.494763
-2.471401
-2.447783
-2.423918
-2.399814
-2.375480
-2.350923
-2.326152
-2.301176
-2.276002
-2.250640
-2.225097
-2.199381
-2.173502
-2.147467
-2.121284
-2.094963
-2.068511
-2.041936
-2.015248
-1.988454
-1.961562
-1.934582
-1.907521
-1.880387
-1.853190
-1.825937
-1.798636
-1.771296
-1.743926
-1.716533
-1.689126
-1.661714
-1.634304
-1.606905
-1.579525
-1.552173
-1.524857
-1.497585
-1.470365
-1.443207
-1.416117
-1.389106
-1.362180
-1.335348
-1.308619
-1.282001
-1.255502
-1.229130
-1.202894
-1.176803
-1.150864
-1.125086
-1.099477
-1.074045
-1.048799
-1.023746
-0.998888
-0.974223
-0.949752
-0.925476
-0.901393
-0.877505
-0.853810
-0.830310
-0.807003
-0.783891
-0.760972
-0.738247
-0.715716
-0.693379
-0.671236
-0.649286
-0.627531
-0.605969
-0.584600
-0.563426
-0.542445
-0.521658
-0.501064
-0.480665
-0.460458
-0.440446
-0.420627
-0.401001
-0.381569
-0.362331
-0.343285
-0.324434
-0.305776
-0.287311
-0.269039
-0.250961
-0.233077
-0.215385
-0.197887
-0.180583
-0.163471
-0.146553
-0.129828
-0.113296
-0.096957
-0.080812
-0.064859
-0.049100
-0.033534
-0.018160
-0.002980
0.012007
0.026801
0.041402
0.055810
0.070026
0.084048
0.097878
0.111514
0.124958
0.138209
0.151267
0.164133
0.176806
0.189287
0.201578
0.213680
0.225595
0.237322
0.248865
0.260224
0.271400
0.282395
0.293209
0.303845
0.314302
0.324584
0.334690
0.344622
0.354382
0.363971
0.373389
0.382638
0.391720
0.400635
0.409385
0.417972
0.426395
0.434658
0.442760
0.450704
0.458490
0.466119
0.473594
0.480915
0.488083
0.495100
0.501967
0.508685
0.515256
0.521680
0.527960
0.534096
0.540089
0.545941
0.551653
0.557226
0.562662
0.567962
0.573126
0.578157
0.583056
0.587823
0.592461
0.596970
0.601351
0.605606
0.609737
0.613743
0.617628
0.621391
0.625034
0.628559
0.631967
0.635258
0.638434
0.641497
0.644448
0.647287
0.650017
0.652638
0.655152
0.657560
0.659863
0.662063
0.664160
0.666156
0.668053
0.669851
0.671551
0.673156
0.674666
0.676083
0.677407
0.678640
0.679784
0.680839
0.681807
0.682689
0.683487
0.684201
0.684833
0.685384
0.685855
0.686248
0.686564
0.686804
0.686969
0.687061
0.687081
0.687030
0.686909
0.686720
0.686464
0.686142
0.685755
0.685306
0.684794
0.684221
0.683589
0.682899
0.682151
0.681348
0.680490
0.679579
0.678616
0.677602
0.676539
0.675428
0.674269
0.673065
0.671817
0.670525
0.669191
0.667817
0.666403
0.664951
0.663462
0.661937
0.660378
0.658786
0.657161
0.655506
0.653819
0.652101
0.650353
0.648574
0.646766
0.644929
0.643062
0.641167
0.639244
0.637292
0.635313
0.633307
0.631274
0.629214
0.627128
0.625017
0.622880
0.620718
0.618531
0.616320
0.614084
0.611825
0.609543
0.607238
0.604910
0.602561
0.600189
0.597795
0.595381
0.592946
0.590490
0.588015
0.585519
0.583004
0.580471
0.577918
0.575347
0.572759
0.570153
0.567529
0.564889
0.562232
0.559560
0.556871
0.554167
0.551448
0.548714
0.545966
0.543204
0.540428
0.537639
0.534837
0.532023
0.529196
0.526358
0.523508
0.520647
0.517775
0.514893
0.512001
0.509099
0.506188
0.503268
0.500339
0.497402
0.494457
0.491505
0.488545
0.485579
0.482606
0.479627
0.476642
0.473652
0.470657
0.467657
0.464653
0.461645
0.458633
0.455619
0.452601
0.449581
0.446558
0.443534
0.440509
0.437482
0.434454
0.431427
0.428399
0.425371
0.422345
0.419319
0.416295
0.413272
0.410252
0.407234
0.404219
0.401207
0.398199
0.395195
0.392195
0.389200
0.386210
0.383225
0.380246
0.377273
0.374306
0.371346
0.368393
0.365448
0.362511
0.359582
0.356661
0.353750
0.350848
0.347955
0.345073
0.342201
0.339339
0.336489
0.333650
0.330823
0.328008
0.325206
0.322416
0.319640
0.316878
0.314129
0.311394
0.308674
0.305967
0.303274
0.300594
0.297929
0.295277
0.292639
0.290014
0.287403
0.284806
0.282223
0.279652
0.277096
0.274553
0.272023
0.269506
0.267003
0.264514
0.262037
0.259574
0.257124
0.254688
0.252264
0.249854
0.247457
0.245072
0.242701
0.240343
0.237998
0.235665
0.233346
0.231039
0.228746
0.226465
0.224196
0.221941
0.219698
0.217468
0.215251
0.213046
0.210853
0.208674
0.206506
0.204351
0.202209
0.200079
0.197961
0.195856
0.193763
0.191682
0.189613
0.187557
0.185512
0.183480
0.181460
0.179452
0.177456
0.175472
0.173500
0.171540
0.169592
0.167655
0.165731
0.163818
0.161917
0.160028
0.158150
0.156284
0.154430
0.152587
0.150756
0.148936
0.147128
0.145331
0.143546
0.141772
0.140009
0.138258
0.136518
0.134789
0.133071
0.131365
0.129670
0.127986
0.126313
0.124651
0.123000
0.121360
0.119731
0.118112
0.116505
0.114909
0.113323
0.111748
0.110184
0.108631
0.107088
0.105556
0.104035
0.102524
0.101024
0.099534
0.098055
0.096586
0.095127
0.093679
0.092241
0.090814
0.089397
0.087990
0.086593
0.085207
0.083830
0.082464
0.081108
0.079762
0.078426
0.077099
0.075783
0.074477
0.073180
0.071894
0.070617
0.069350
0.068093
0.066845
0.065607
0.064379
0.063160
0.061951
0.060751
0.059561
0.058381
0.057210
0.056048
0.054896
0.053753
0.052619
0.051494
0.050379
0.049273
0.048176
0.047088
0.046010
0.044940
0.043880
0.042828
0.041786
0.040752
0.039727
0.038711
0.037704
0.036706
0.035717
0.034736
0.033764
0.032801
0.031846
0.030900
0.029962
0.029033
0.028113
0.027201
0.026297
0.025402
0.024515
0.023636
0.022766
0.021904
0.021050
0.020205
0.019367
0.018538
0.017717
0.016904
0.016099
0.015302
0.014513
0.013731
0.012958
0.012193
0.011435
0.010685
0.009943
0.009209
0.008482
0.007763
0.007052
0.006348
0.005652
0.004963
0.004282
0.003608
0.002942
0.002283
0.001631
0.000987
0.000350
-0.000279
-0.000902
-0.001517
-0.002125
-0.002726
-0.003320
-0.003907
-0.004487
-0.005060
-0.005626
-0.006185
-0.006737
-0.007282
-0.007820
-0.008352
-0.008877
-0.009395
-0.009906
-0.010411
-0.010909
-0.011401
-0.011886
-0.012365
-0.012837
-0.013302
-0.013761
-0.014214
-0.014661
-0.015101
-0.015535
-0.015962
-0.016384
-0.016799
-0.017208
-0.017611
-0.018008
-0.018398
-0.018783
-0.019162
-0.019535
-0.019902
-0.020263
-0.020618
-0.020967
-0.021311
-0.021649
-0.021981
-0.022308
-0.022628
-0.022944
-0.023253
-0.023557
-0.023856
-0.024149
-0.024437
-0.024719
-0.024996
-0.025267
-0.025533
-0.025794
-0.026050
-0.026301
-0.026546
-0.026786
-0.027021
-0.027251
-0.027476
-0.027696
-0.027911
-0.028121
-0.028326
-0.028526
-0.028722
-0.028912
-0.029098
-0.029279
-0.029455
-0.029627
-0.029794
-0.029957
-0.030114
-0.030268
-0.030417
-0.030561
-0.030701
-0.030836
-0.030967
-0.031094
-0.031217
-0.031335
-0.031449
-0.031559
-0.031664
-0.031766
-0.031863
-0.031956
-0.032046
-0.032131
-0.032212
-0.032290
-0.032363
-0.032433
-0.032498
-0.032560
-0.032619
-0.032673
-0.032724
-0.032771
-0.032814
-0.032854
-0.032890
-0.032923
-0.032952
-0.032978
-0.033001
-0.033020
-0.033035
-0.033047
-0.033056
-0.033062
-0.033065
-0.033064
-0.033060
-0.033053
-0.033043
-0.033030
-0.033013
-0.032994
-0.032972
-0.032947
-0.032919
-0.032888
-0.032854
-0.032818
-0.032779
-0.032737
-0.032692
-0.032645
-0.032595
-0.032542
-0.032487
-0.032429
-0.032369
-0.032307
-0.032242
-0.032174
-0.032105
-0.032033
-0.031958
-0.031882
-0.031803
-0.031722
-0.031638
-0.031553
-0.031466
-0.031376
-0.031285
-0.031191
-0.031096
-0.030999
-0.030899
-0.030798
-0.030695
-0.030591
-0.030484
-0.030376
-0.030266
-0.030154
-0.030041
-0.029927
-0.029810
-0.029692
-0.029573
-0.029452
-0.029330
-0.029207
-0.029082
-0.028956
-0.028828
-0.028699
-0.028569
-0.028438
-0.028306
-0.028172
-0.028038
-0.027902
-0.027766
-0.027628
-0.027490
-0.027350
-0.027210
-0.027069
-0.026927
-0.026784
-0.026641
-0.026496
-0.026352
-0.026206
-0.026060
-0.025913
-0.025766
-0.025618
-0.025470
-0.025321
-0.025172
-0.025022
-0.024873
-0.024722
-0.024572
-0.024421
-0.024270
-0.024119
-0.023968
-0.023817
-0.023665
-0.023514
-0.023362
-0.023211
-0.023059
-0.022908
-0.022757
-0.022606
-0.022455
-0.022305
-0.022154
-0.022004
-0.021854
-0.021705
-0.021556
-0.021408
-0.021259
-0.021112
-0.020965
-0.020818
-0.020672
-0.020527
-0.020383
-0.020239
-0.020095
-0.019953
-0.019811
-0.019671
-0.019531
-0.019392
-0.019253
-0.019116
-0.018980
-0.018845
-0.018711
-0.018578
-0.018446
-0.018315
-0.018186
-0.018058
-0.017931
-0.017805
-0.017681
-0.017558
-0.017436
-0.017316
-0.017197
-0.017080
-0.016964
-0.016850
-0.016738
-0.016627
-0.016518
-0.016410
-0.016305
-0.016201
-0.016098
-0.015998
-0.015900
-0.015803
-0.015708
-0.015616
-0.015525
-0.015436
-0.015350
-0.015265
-0.015183
-0.015103
-0.015025
-0.014949
-0.014876
-0.014805
-0.014736
-0.014669
-0.014605
-0.014544
-0.014485
-0.014428
-0.014374
-0.014323
-0.014274
-0.014228
-0.014184
-0.014143
-0.014105
-0.014070
-0.014037
-0.014007
-0.013981
-0.013957
-0.013936
-0.013918
-0.013903
-0.013891
-0.013882
-0.013876
-0.013874
