0.192714
0.054373
0.477281
1.385436
2.702836
4.329328
6.068155
7.698409
8.999183
9.802488
10.152010
10.144352
9.876121
9.436293
8.883341
8.268110
7.641447
7.045406
6.486878
5.963962
5.474757
5.017364
4.589880
4.190406
3.817041
3.467884
3.141034
2.834591
2.546655
2.275324
2.018697
1.774876
1.541957
1.318325
1.103494
0.897261
0.699424
0.509783
0.328133
0.154273
-0.011998
-0.170884
-0.322586
-0.467306
-0.605248
-0.736611
-0.861600
-0.980416
-1.093260
-1.200337
-1.301846
-1.397991
-1.488974
-1.574996
-1.656261
-1.732970
-1.805324
-1.873528
-1.937781
-1.998288
-2.055249
-2.108867
-2.159345
-2.206883
-2.251685
-2.293926
-2.333676
-2.370978
-2.405876
-2.438414
-2.468634
-2.496581
-2.522298
-2.545828
-2.567215
-2.586502
-2.603732
-2.618950
-2.632199
-2.643522
-2.652962
-2.660564
-2.666370
-2.670424
-2.672770
-2.673450
-2.672510
-2.669991
-2.665938
-2.660393
-2.653401
-2.645005
-2.635248
-2.624174
-2.611827
-2.598249
-2.583484
-2.567576
-2.550569
-2.532505
-2.513428
-2.493382
-2.472410
-2.450555
-2.427862
-2.404373
-2.380132
-2.355183
-2.329568
-2.303333
-2.276519
-2.249170
-2.221330
-2.193043
-2.164352
-2.135299
-2.105930
-2.076287
-2.046414
-2.016353
-1.986150
-1.955847
-1.925487
-1.895114
-1.864772
-1.834505
-1.804354
-1.774365
-1.744580
-1.715036
-1.685739
-1.656688
-1.627882
-1.599320
-1.571001
-1.542924
-1.515089
-1.487494
-1.460138
-1.433021
-1.406141
-1.379497
-1.353089
-1.326915
-1.300975
-1.275268
-1.249792
-1.224547
-1.199531
-1.174744
-1.150185
-1.125853
-1.101746
-1.077864
-1.054207
-1.030772
-1.007559
-0.984567
-0.961795
-0.939242
-0.916908
-0.894790
-0.872889
-0.851203
-0.829731
-0.808473
-0.787427
-0.766592
-0.745968
-0.725553
-0.705347
-0.685348
-0.665555
-0.645969
-0.626587
-0.607408
-0.588433
-0.569659
-0.551086
-0.532712
-0.514538
-0.496561
-0.478781
-0.461198
-0.443809
-0.426614
-0.409613
-0.392803
-0.376185
-0.359757
-0.343518
-0.327468
-0.311604
-0.295927
-0.280436
-0.265128
-0.250005
-0.235063
-0.220304
-0.205724
-0.191325
-0.177104
-0.163060
-0.149194
-0.135503
-0.121987
-0.108644
-0.095475
-0.082477
-0.069651
-0.056994
-0.044506
-0.032187
-0.020034
-0.008048
0.003774
0.015431
0.026925
0.038256
0.049427
0.060437
0.071287
0.081980
0.092515
0.102893
0.113116
0.123184
0.133099
0.142861
0.152471
0.161931
0.171241
0.180402
0.189416
0.198282
0.207003
0.215579
0.224011
0.232300
0.240446
0.248452
0.256318
0.264044
0.271633
0.279084
0.286399
0.293578
0.300624
0.307536
0.314315
0.320963
0.327481
0.333869
0.340129
0.346261
0.352266
0.358146
0.363901
0.369532
0.375041
0.380428
0.385694
0.390840
0.395867
0.400777
0.405569
0.410246
0.414807
0.419255
0.423590
0.427812
0.431924
0.435925
0.439818
0.443602
0.447279
0.450850
0.454315
0.457676
0.460934
0.464090
0.467144
0.470098
0.472953
0.475709
0.478368
0.480930
0.483397
0.485769
0.488048
0.490234
0.492328
0.494332
0.496246
0.498072
0.499809
0.501460
0.503025
0.504506
0.505902
0.507216
0.508448
0.509599
0.510670
0.511662
0.512576
0.513413
0.514174
0.514859
0.515471
0.516010
0.516476
0.516872
0.517197
0.517452
0.517640
0.517760
0.517814
0.517803
0.517727
0.517588
0.517386
0.517123
0.516800
0.516417
0.515975
0.515476
0.514920
0.514309
0.513643
0.512923
0.512151
0.511327
0.510452
0.509527
0.508554
0.507532
0.506464
0.505350
0.504191
0.502988
0.501742
0.500455
0.499126
0.497757
0.496349
0.494902
0.493419
0.491900
0.490345
0.488756
0.487134
0.485480
0.483794
0.482078
0.480333
0.478559
0.476758
0.474930
0.473077
0.471200
0.469299
0.467375
0.465430
0.463464
0.461479
0.459475
0.457453
0.455415
0.453361
0.451292
0.449209
0.447114
0.445006
0.442888
0.440760
0.438623
0.436478
0.434326
0.432168
0.430005
0.427838
0.425668
0.423496
0.421322
0.419149
0.416975
0.414801
0.412627
0.410454
0.408280
0.406107
0.403934
0.401762
0.399590
0.397418
0.395247
0.393077
0.390908
0.388739
0.386572
0.384405
0.382240
0.380075
0.377912
0.375750
0.373589
0.371430
0.369272
0.367116
0.364961
0.362809
0.360657
0.358508
0.356361
0.354215
0.352072
0.349931
0.347792
0.345655
0.343521
0.341389
0.339259
0.337132
0.335008
0.332886
0.330768
0.328652
0.326538
0.324428
0.322321
0.320217
0.318117
0.316019
0.313925
0.311835
0.309747
0.307664
0.305584
0.303508
0.301435
0.299366
0.297302
0.295241
0.293184
0.291132
0.289083
0.287039
0.285000
0.282964
0.280933
0.278907
0.276886
0.274869
0.272857
0.270849
0.268847
0.266850
0.264857
0.262870
0.260888
0.258912
0.256941
0.254975
0.253014
0.251059
0.249110
0.247167
0.245229
0.243297
0.241372
0.239452
0.237538
0.235630
0.233729
0.231834
0.229945
0.228062
0.226187
0.224317
0.222455
0.220599
0.218749
0.216907
0.215072
0.213243
0.211422
0.209608
0.207801
0.206001
0.204209
0.202424
0.200647
0.198877
0.197115
0.195361
0.193614
0.191875
0.190145
0.188422
0.186707
0.185001
0.183302
0.181612
0.179930
0.178257
0.176592
0.174936
0.173289
0.171650
0.170020
0.168399
0.166787
0.165183
0.163589
0.162004
0.160428
0.158860
0.157302
0.155752
0.154211
0.152680
0.151156
0.149642
0.148136
0.146640
0.145151
0.143672
0.142201
0.140739
0.139285
0.137840
0.136404
0.134976
0.133557
0.132146
0.130744
0.129350
0.127964
0.126587
0.125219
0.123858
0.122506
0.121163
0.119828
0.118500
0.117182
0.115871
0.114569
0.113274
0.111988
0.110710
0.109441
0.108179
0.106925
0.105680
0.104442
0.103212
0.101991
0.100777
0.099571
0.098373
0.097183
0.096001
0.094827
0.093660
0.092501
0.091351
0.090207
0.089072
0.087944
0.086824
0.085711
0.084606
0.083509
0.082419
0.081337
0.080263
0.079195
0.078136
0.077084
0.076039
0.075002
0.073972
0.072949
0.071934
0.070926
0.069925
0.068932
0.067946
0.066967
0.065996
0.065031
0.064074
0.063124
0.062181
0.061245
0.060316
0.059394
0.058479
0.057571
0.056670
0.055777
0.054890
0.054010
0.053136
0.052270
0.051411
0.050558
0.049712
0.048873
0.048041
0.047215
0.046396
0.045584
0.044778
0.043979
0.043187
0.042401
0.041622
0.040849
0.040083
0.039323
0.038570
0.037823
0.037083
0.036349
0.035621
0.034900
0.034185
0.033476
0.032774
0.032078
0.031388
0.030704
0.030027
0.029356
0.028691
0.028032
0.027379
0.026732
0.026091
0.025456
0.024827
0.024205
0.023588
0.022977
0.022372
0.021773
0.021180
0.020592
0.020011
0.019435
0.018865
0.018301
0.017742
0.017189
0.016642
0.016101
0.015565
0.015035
0.014510
0.013991
0.013477
0.012969
0.012467
0.011970
0.011478
0.010992
0.010511
0.010036
0.009566
0.009101
0.008642
0.008187
0.007739
0.007295
0.006857
0.006423
0.005995
0.005573
0.005155
0.004742
0.004335
0.003932
0.003535
0.003142
0.002755
0.002372
0.001994
0.001622
0.001254
0.000891
0.000533
0.000180
-0.000169
-0.000512
-0.000851
-0.001185
-0.001515
-0.001840
-0.002160
-0.002475
-0.002786
-0.003092
-0.003394
-0.003691
-0.003984
-0.004272
-0.004556
-0.004835
-0.005109
-0.005380
-0.005646
-0.005907
-0.006165
-0.006418
-0.006666
-0.006911
-0.007151
-0.007387
-0.007618
-0.007846
-0.008069
-0.008289
-0.008504
-0.008715
-0.008922
-0.009125
-0.009324
-0.009519
-0.009710
-0.009897
-0.010080
-0.010259
-0.010434
-0.010606
-0.010774
-0.010937
-0.011098
-0.011254
-0.011406
-0.011555
-0.011700
-0.011842
-0.011980
-0.012114
-0.012245
-0.012372
-0.012495
-0.012615
-0.012732
-0.012845
-0.012954
-0.013060
-0.013163
-0.013262
-0.013358
-0.013451
-0.013540
-0.013626
-0.013709
-0.013788
-0.013864
-0.013937
-0.014007
-0.014074
-0.014137
-0.014198
-0.014255
-0.014309
-0.014361
-0.014409
-0.014454
-0.014496
-0.014535
-0.014572
-0.014605
-0.014636
-0.014664
-0.014688
-0.014710
-0.014730
-0.014746
-0.014760
-0.014771
-0.014779
-0.014785
-0.014788
-0.014788
-0.014786
-0.014781
-0.014774
-0.014764
-0.014752
-0.014737
-0.014719
-0.014700
-0.014677
-0.014653
-0.014626
-0.014596
-0.014565
-0.014531
-0.014494
-0.014456
-0.014415
-0.014372
-0.014327
-0.014280
-0.014230
-0.014179
-0.014125
-0.014069
-0.014012
-0.013952
-0.013890
-0.013826
-0.013760
-0.013693
-0.013623
-0.013552
-0.013478
-0.013403
-0.013326
-0.013247
-0.013167
-0.013085
-0.013000
-0.012915
-0.012827
-0.012738
-0.012648
-0.012555
-0.012461
-0.012366
-0.012269
-0.012170
-0.012070
-0.011969
-0.011866
-0.011761
-0.011656
-0.011549
-0.011440
-0.011330
-0.011219
-0.011107
-0.010993
-0.010878
-0.010762
-0.010644
-0.010526
-0.010406
-0.010286
-0.010164
-0.010041
-0.009917
-0.009792
-0.009666
-0.009539
-0.009411
-0.009282
-0.009152
-0.009021
-0.008889
-0.008757
-0.008624
-0.008490
-0.008355
-0.008219
-0.008083
-0.007946
-0.007808
-0.007669
-0.007530
-0.007391
-0.007251
-0.007110
-0.006968
-0.006826
-0.006684
-0.006541
-0.006398
-0.006254
-0.006110
-0.005965
-0.005821
-0.005675
-0.005530
-0.005384
-0.005238
-0.005091
-0.004945
-0.004798
-0.004651
-0.004504
-0.004357
-0.004209
-0.004062
-0.003915
-0.003767
-0.003619
-0.003472
-0.003324
-0.003177
-0.003030
-0.002882
-0.002735
-0.002588
-0.002441
-0.002295
-0.002148
-0.002002
-0.001856
-0.001711
-0.001565
-0.001421
-0.001276
-0.001132
-0.000988
-0.000844
-0.000701
-0.000559
-0.000417
-0.000276
-0.000135
0.000006
0.000146
0.000285
0.000423
0.000561
0.000698
0.000835
0.000971
0.001106
0.001240
0.001373
0.001506
0.001638
0.001769
0.001899
0.002028
0.002156
0.002283
0.002409
0.002535
0.002659
0.002782
0.002904
0.003025
0.003145
0.003264
0.003381
0.003498
0.003613
0.003727
0.003840
0.003951
0.004061
0.004170
0.004277
0.004383
0.004488
0.004591
0.004693
0.004793
0.004892
0.004989
0.005085
0.005179
0.005272
0.005363
0.005453
0.005540
0.005626
0.005711
0.005793
0.005874
0.005953
0.006031
0.006106
0.006180
0.006252
0.006322
0.006390
0.006456
0.006520
0.006582
0.006643
0.006701
0.006757
0.006811
0.006863
0.006913
0.006961
0.007006
0.007050
0.007091
0.007130
0.007167
0.007201
0.007233
0.007263
0.007290
0.007315
0.007338
0.007358
0.007376
0.007392
0.007405
0.007415
0.007423
0.007428
0.007431
0.007431
0.007429
0.007423
0.007416
0.007405
0.007392
0.007376
0.007357
0.007336
