-0.000708
0.714739
1.135053
1.926239
3.081915
4.441687
5.901508
7.371420
8.761465
10.039731
10.959229
10.304524
9.208384
8.402955
7.789497
7.175088
6.566177
6.009068
5.510094
5.065597
4.671922
4.324601
4.015934
3.737410
3.480521
3.237477
3.003382
2.774060
2.545335
2.314275
2.082922
1.854563
1.632484
1.419372
1.215520
1.020625
0.834380
0.656481
0.486623
0.324501
0.169809
0.022244
-0.118501
-0.252730
-0.380747
-0.502859
-0.619370
-0.730585
-0.836808
-0.938311
-1.035219
-1.127627
-1.215625
-1.299308
-1.378766
-1.454093
-1.525381
-1.592722
-1.656209
-1.715934
-1.771990
-1.824469
-1.873464
-1.919066
-1.961369
-2.000470
-2.036491
-2.069557
-2.099795
-2.127331
-2.152292
-2.174804
-2.194993
-2.212986
-2.228909
-2.242888
-2.255051
-2.265522
-2.274429
-2.281898
-2.288056
-2.293009
-2.296793
-2.299423
-2.300915
-2.301285
-2.300548
-2.298720
-2.295817
-2.291855
-2.286849
-2.280816
-2.273770
-2.265728
-2.256705
-2.246717
-2.235780
-2.223916
-2.211169
-2.197591
-2.183232
-2.168144
-2.152377
-2.135982
-2.119011
-2.101514
-2.083542
-2.065146
-2.046377
-2.027286
-2.007925
-1.988343
-1.968592
-1.948714
-1.928715
-1.908595
-1.888349
-1.867978
-1.847477
-1.826846
-1.806082
-1.785183
-1.764146
-1.742971
-1.721654
-1.700194
-1.678589
-1.656836
-1.634933
-1.612881
-1.590688
-1.568365
-1.545925
-1.523377
-1.500733
-1.478005
-1.455203
-1.432339
-1.409423
-1.386467
-1.363482
-1.340480
-1.317471
-1.294466
-1.271478
-1.248516
-1.225592
-1.202718
-1.179904
-1.157161
-1.134501
-1.111936
-1.089475
-1.067130
-1.044913
-1.022835
-1.000906
-0.979138
-0.957543
-0.936130
-0.914912
-0.893898
-0.873089
-0.852486
-0.832088
-0.811895
-0.791908
-0.772125
-0.752548
-0.733176
-0.714008
-0.695045
-0.676287
-0.657733
-0.639384
-0.621239
-0.603299
-0.585563
-0.568031
-0.550703
-0.533580
-0.516660
-0.499944
-0.483431
-0.467123
-0.451018
-0.435116
-0.419418
-0.403923
-0.388632
-0.373543
-0.358658
-0.343976
-0.329496
-0.315215
-0.301128
-0.287232
-0.273523
-0.259996
-0.246647
-0.233473
-0.220468
-0.207629
-0.194953
-0.182434
-0.170068
-0.157852
-0.145782
-0.133853
-0.122061
-0.110402
-0.098872
-0.087467
-0.076183
-0.065016
-0.053961
-0.043014
-0.032172
-0.021430
-0.010784
-0.000230
0.010236
0.020618
0.030920
0.041147
0.051301
0.061377
0.071369
0.081271
0.091077
0.100780
0.110375
0.119855
0.129214
0.138446
0.147545
0.156504
0.165318
0.173980
0.182484
0.190823
0.198993
0.206993
0.214822
0.222480
0.229967
0.237283
0.244428
0.251401
0.258203
0.264833
0.271291
0.277577
0.283691
0.289633
0.295402
0.300998
0.306423
0.311679
0.316772
0.321704
0.326482
0.331109
0.335590
0.339929
0.344130
0.348198
0.352138
0.355953
0.359648
0.363228
0.366697
0.370059
0.373319
0.376481
0.379550
0.382529
0.385424
0.388239
0.390978
0.393646
0.396246
0.398784
0.401264
0.403690
0.406067
0.408398
0.410689
0.412944
0.415166
0.417355
0.419510
0.421629
0.423712
0.425756
0.427760
0.429724
0.431646
0.433525
0.435358
0.437146
0.438887
0.440579
0.442222
0.443813
0.445352
0.446838
0.448268
0.449643
0.450960
0.452218
0.453416
0.454552
0.455626
0.456636
0.457581
0.458459
0.459270
0.460012
0.460683
0.461282
0.461808
0.462256
0.462620
0.462897
0.463080
0.463164
0.463144
0.463016
0.462773
0.462412
0.461926
0.461311
0.460561
0.459672
0.458638
0.457454
0.456119
0.454648
0.453060
0.451375
0.449612
0.447789
0.445927
0.444044
0.442159
0.440293
0.438463
0.436689
0.434991
0.433387
0.431897
0.430540
0.429330
0.428259
0.427316
0.426487
0.425761
0.425125
0.424566
0.424073
0.423632
0.423231
0.422859
0.422501
0.422147
0.421783
0.421397
0.420977
0.420511
0.419985
0.419387
0.418705
0.417927
0.417040
0.416032
0.414890
0.413602
0.412155
0.410537
0.408735
0.406738
0.404532
0.402106
0.399446
0.396555
0.393487
0.390313
0.387101
0.383922
0.380844
0.377938
0.375272
0.372917
0.370941
0.369414
0.368406
0.367985
0.368223
0.369187
0.370948
0.373477
0.376356
0.379069
0.381100
0.381932
0.381050
0.377937
0.372077
0.363360
0.353291
0.343782
0.336745
0.333562
0.333501
0.335300
0.337698
0.339650
0.340980
0.341729
0.341936
0.341643
0.340889
0.339715
0.338162
0.336270
0.334079
0.331630
0.328963
0.326119
0.323139
0.320061
0.316928
0.313784
0.310690
0.307713
0.304920
0.302375
0.300146
0.298298
0.296898
0.295978
0.295433
0.295125
0.294915
0.294666
0.294238
0.293494
0.292294
0.290535
0.288255
0.285526
0.282419
0.279008
0.275363
0.271558
0.267664
0.263755
0.259901
0.256175
0.252649
0.249396
0.246487
0.243995
0.241992
0.240527
0.239556
0.239010
0.238822
0.238925
0.239250
0.239730
0.240297
0.240884
0.241422
0.241844
0.242083
0.242071
0.241739
0.241020
0.239847
0.238173
0.236034
0.233489
0.230595
0.227411
0.223993
0.220400
0.216690
0.212920
0.209149
0.205434
0.201833
0.198404
0.195205
0.192293
0.189727
0.187548
0.185734
0.184246
0.183047
0.182096
0.181357
0.180791
0.180359
0.180023
0.179744
0.179484
0.179204
0.178867
0.178433
0.177864
0.177123
0.176179
0.175045
0.173740
0.172286
0.170704
0.169014
0.167237
0.165394
0.163506
0.161593
0.159677
0.157778
0.155916
0.154114
0.152390
0.150767
0.149261
0.147865
0.146570
0.145367
0.144244
0.143193
0.142203
0.141265
0.140367
0.139501
0.138657
0.137823
0.136991
0.136151
0.135292
0.134404
0.133480
0.132519
0.131523
0.130493
0.129432
0.128341
0.127222
0.126077
0.124907
0.123714
0.122500
0.121267
0.120016
0.118749
0.117468
0.116174
0.114870
0.113557
0.112236
0.110910
0.109580
0.108249
0.106917
0.105586
0.104258
0.102936
0.101620
0.100313
0.099015
0.097730
0.096458
0.095202
0.093962
0.092740
0.091536
0.090350
0.089183
0.088036
0.086908
0.085800
0.084713
0.083647
0.082602
0.081579
0.080578
0.079600
0.078646
0.077714
0.076807
0.075924
0.075067
0.074234
0.073427
0.072647
0.071893
0.071166
0.070466
0.069795
0.069152
0.068537
0.067952
0.067397
0.066871
0.066376
0.065911
0.065473
0.065057
0.064658
0.064273
0.063896
0.063523
0.063151
0.062773
0.062387
0.061987
0.061569
0.061129
0.060662
0.060163
0.059629
0.059056
0.058444
0.057795
0.057111
0.056393
0.055643
0.054862
0.054053
0.053217
0.052356
0.051470
0.050562
0.049634
0.048686
0.047722
0.046741
0.045747
0.044740
0.043724
0.042699
0.041668
0.040633
0.039595
0.038558
0.037522
0.036489
0.035463
0.034443
0.033434
0.032436
0.031452
0.030483
0.029531
0.028598
0.027683
0.026789
0.025915
0.025063
0.024232
0.023425
0.022641
0.021882
0.021148
0.020440
0.019759
0.019106
0.018481
0.017886
0.017319
0.016782
0.016270
0.015783
0.015319
0.014876
0.014452
0.014046
0.013656
0.013279
0.012914
0.012560
0.012215
0.011876
0.011542
0.011211
0.010882
0.010552
0.010220
0.009884
0.009543
0.009194
0.008835
0.008466
0.008083
0.007686
0.007273
0.006841
0.006389
0.005915
0.005418
0.004895
0.004346
0.003771
0.003171
0.002548
0.001903
0.001237
0.000552
-0.000151
-0.000871
-0.001607
-0.002357
-0.003119
-0.003893
-0.004678
-0.005471
-0.006272
-0.007080
-0.007892
-0.008708
-0.009527
-0.010347
-0.011167
-0.011985
-0.012801
-0.013612
-0.014419
-0.015218
-0.016010
-0.016793
-0.017565
-0.018325
-0.019072
-0.019804
-0.020521
-0.021221
-0.021903
-0.022564
-0.023205
-0.023824
-0.024419
-0.024989
-0.025534
-0.026050
-0.026538
-0.026996
-0.027423
-0.027817
-0.028177
-0.028502
-0.028790
-0.029040
-0.029252
-0.029423
-0.029552
-0.029638
-0.029679
-0.029675
-0.029625
-0.029525
-0.029377
-0.029177
-0.028926
-0.028621
-0.028261
-0.027846
-0.027380
-0.026867
-0.026313
-0.025721
-0.025098
-0.024447
-0.023774
-0.023083
-0.022379
-0.021667
-0.020951
-0.020237
-0.019529
-0.018831
-0.018150
-0.017489
-0.016853
-0.016247
-0.015676
-0.015145
-0.014658
-0.014221
-0.013837
-0.013512
-0.013251
-0.013058
-0.012938
-0.012896
-0.012937
-0.013065
-0.013285
-0.013600
-0.013998
-0.014467
-0.014994
-0.015565
-0.016166
-0.016786
-0.017411
-0.018027
-0.018621
-0.019181
-0.019692
-0.020143
-0.020519
-0.020807
-0.020995
-0.021073
-0.021051
-0.020941
-0.020758
-0.020515
-0.020226
-0.019903
-0.019560
-0.019211
-0.018869
-0.018548
-0.018261
-0.018021
-0.017843
-0.017738
-0.017722
-0.017802
-0.017967
-0.018199
-0.018481
-0.018798
-0.019132
-0.019465
-0.019782
-0.020066
-0.020299
-0.020464
-0.020545
-0.020525
-0.020387
-0.020115
-0.019690
-0.019102
-0.018357
-0.017469
-0.016449
-0.015310
-0.014064
-0.012723
-0.011301
-0.009809
-0.008259
-0.006664
-0.005037
-0.003390
-0.001734
-0.000083
0.001551
0.003155
0.004716
0.006219
0.007650
0.008994
0.010237
0.011365
0.012362
0.013216
0.013911
0.014433
0.014767
0.014900
0.014816
0.014503
0.013944
0.013132
0.012087
0.010833
0.009395
0.007798
0.006069
0.004232
0.002312
0.000335
-0.001674
-0.003691
-0.005689
-0.007643
-0.009529
-0.011320
-0.012993
-0.014525
-0.015913
-0.017158
-0.018261
-0.019221
-0.020040
-0.020718
-0.021256
-0.021655
-0.021914
-0.022035
-0.022019
-0.021865
-0.021575
-0.021149
-0.020587
-0.019893
-0.019073
-0.018137
-0.017096
-0.015958
-0.014732
-0.013429
-0.012058
-0.010629
-0.009150
-0.007631
-0.006083
-0.004514
-0.002934
-0.001352
0.000222
0.001777
0.003302
0.004782
0.006205
0.007556
0.008822
0.009990
0.011046
0.011977
0.012769
0.013409
0.013883
0.014178
0.014281
0.014177
0.013854
0.013303
0.012538
0.011578
0.010441
0.009146
0.007711
0.006157
0.004501
0.002763
0.000961
-0.000886
-0.002760
-0.004640
-0.006510
-0.008349
-0.010139
-0.011863
-0.013509
-0.015067
-0.016527
-0.017880
-0.019114
-0.020221
-0.021189
-0.022010
-0.022672
-0.023167
-0.023484
-0.023612
-0.023543
-0.023265
-0.022770
-0.022051
-0.021127
-0.020019
-0.018751
-0.017344
-0.015820
-0.014202
-0.012513
-0.010774
-0.009008
-0.007238
-0.005485
-0.003772
-0.002122
-0.000556
0.000902
0.002236
0.003445
0.004536
0.005513
0.006381
0.007146
0.007813
0.008388
0.008875
0.009280
0.009607
0.009863
0.010053
0.010181
0.010253
0.010275
0.010251
0.010187
0.010087
0.009958
0.009805
0.009632
0.009445
0.009249
0.009050
0.008852
0.008661
0.008483
0.008321
0.008183
0.008072
