0.000517
1.103874
1.928889
3.167797
4.827342
6.720419
8.570016
10.169962
11.687356
13.328183
14.536345
13.620775
12.263265
11.242052
10.390450
9.486916
8.564913
7.705877
6.928111
6.234138
5.626477
5.104550
4.655364
4.262827
3.910845
3.585501
3.281577
2.996029
2.725816
2.467895
2.219222
1.976756
1.737452
1.498988
1.261914
1.027497
0.797008
0.571713
0.352883
0.141785
-0.060311
-0.252407
-0.434582
-0.607186
-0.770569
-0.925081
-1.071071
-1.208888
-1.338882
-1.461439
-1.577082
-1.686371
-1.789865
-1.888124
-1.981707
-2.071174
-2.157084
-2.239848
-2.319278
-2.395040
-2.466797
-2.534214
-2.596955
-2.654684
-2.707065
-2.753902
-2.795558
-2.832533
-2.865328
-2.894446
-2.920387
-2.943653
-2.964745
-2.984071
-3.001660
-3.017447
-3.031368
-3.043359
-3.053355
-3.061292
-3.067106
-3.070757
-3.072311
-3.071862
-3.069501
-3.065319
-3.059410
-3.051864
-3.042775
-3.032234
-3.020333
-3.007164
-2.992820
-2.977392
-2.960972
-2.943653
-2.925527
-2.906672
-2.887117
-2.866876
-2.845964
-2.824396
-2.802186
-2.779350
-2.755902
-2.731857
-2.707230
-2.682035
-2.656288
-2.630003
-2.603195
-2.575879
-2.548070
-2.519788
-2.491076
-2.461986
-2.432565
-2.402864
-2.372933
-2.342820
-2.312575
-2.282246
-2.251868
-2.221476
-2.191101
-2.160779
-2.130543
-2.100426
-2.070461
-2.040673
-2.011046
-1.981555
-1.952174
-1.922879
-1.893643
-1.864443
-1.835251
-1.806044
-1.776796
-1.747481
-1.718075
-1.688552
-1.658887
-1.629054
-1.599029
-1.568798
-1.538397
-1.507875
-1.477280
-1.446660
-1.416064
-1.385539
-1.355134
-1.324898
-1.294878
-1.265123
-1.235681
-1.206600
-1.177929
-1.149716
-1.122010
-1.094845
-1.068212
-1.042087
-1.016446
-0.991267
-0.966526
-0.942199
-0.918263
-0.894696
-0.871473
-0.848571
-0.825968
-0.803639
-0.781562
-0.759713
-0.738069
-0.716589
-0.695164
-0.673669
-0.651977
-0.629962
-0.607498
-0.584459
-0.560719
-0.536240
-0.511339
-0.486419
-0.461885
-0.438143
-0.415596
-0.394649
-0.375707
-0.359010
-0.344141
-0.330519
-0.317564
-0.304692
-0.291325
-0.276880
-0.260777
-0.242618
-0.222740
-0.201666
-0.179915
-0.158010
-0.136472
-0.115822
-0.096582
-0.079151
-0.063447
-0.049265
-0.036403
-0.024656
-0.013821
-0.003693
0.005931
0.015255
0.024483
0.033819
0.043467
0.053630
0.064512
0.076318
0.089250
0.103434
0.118680
0.134717
0.151277
0.168088
0.184883
0.201392
0.217344
0.232497
0.246721
0.259910
0.271959
0.282765
0.292222
0.300226
0.306673
0.311560
0.315294
0.318385
0.321341
0.324671
0.328884
0.334489
0.341996
0.351710
0.363124
0.375526
0.388207
0.400454
0.411558
0.420807
0.427491
0.431149
0.432319
0.431789
0.430349
0.428786
0.427889
0.428446
0.431246
0.436841
0.444837
0.454604
0.465512
0.476932
0.488233
0.498785
0.507960
0.515281
0.520900
0.525120
0.528248
0.530587
0.532444
0.534123
0.535929
0.538099
0.540597
0.543316
0.546153
0.549001
0.551756
0.554312
0.556564
0.558432
0.559935
0.561115
0.562016
0.562681
0.563154
0.563479
0.563697
0.563854
0.563991
0.564153
0.564382
0.564723
0.565218
0.565911
0.566844
0.568049
0.569499
0.571155
0.572978
0.574929
0.576969
0.579059
0.581160
0.583232
0.585237
0.587135
0.588887
0.590455
0.591798
0.592879
0.593657
0.594107
0.594255
0.594138
0.593795
0.593266
0.592588
0.591801
0.590941
0.590050
0.589163
0.588322
0.587563
0.586925
0.586448
0.586169
0.586127
0.586318
0.586563
0.586644
0.586338
0.585426
0.583687
0.580900
0.576845
0.571420
0.564997
0.558064
0.551113
0.544634
0.539115
0.535048
0.532923
0.533134
0.535693
0.540520
0.547532
0.556349
0.565395
0.572798
0.576686
0.575718
0.570687
0.562919
0.553737
0.544364
0.535602
0.528150
0.522707
0.519760
0.518947
0.519692
0.521423
0.523564
0.525541
0.526781
0.526708
0.524898
0.521523
0.516907
0.511372
0.505239
0.498832
0.492473
0.486484
0.481128
0.476429
0.472349
0.468853
0.465904
0.463465
0.461501
0.459975
0.458850
0.458091
0.457660
0.457522
0.457639
0.457976
0.458497
0.459164
0.459920
0.460622
0.461107
0.461210
0.460768
0.459617
0.457592
0.454530
0.450335
0.445185
0.439325
0.433001
0.426461
0.419948
0.413710
0.407992
0.402990
0.398698
0.395062
0.392025
0.389533
0.387529
0.385959
0.384768
0.383899
0.383297
0.382906
0.382673
0.382540
0.382452
0.382355
0.382192
0.381904
0.381415
0.380644
0.379511
0.377935
0.375835
0.373132
0.369744
0.365641
0.360985
0.355991
0.350872
0.345841
0.341110
0.336893
0.333404
0.330772
0.328798
0.327200
0.325695
0.324001
0.321836
0.318917
0.314962
0.309823
0.303886
0.297671
0.291698
0.286487
0.282559
0.280434
0.280632
0.283424
0.288087
0.293648
0.299134
0.303572
0.305990
0.305415
0.300875
0.291936
0.280328
0.268319
0.258178
0.251615
0.248105
0.246564
0.245907
0.245234
0.244380
0.243359
0.242190
0.240890
0.239475
0.237962
0.236368
0.234711
0.233006
0.231272
0.229524
0.227780
0.226056
0.224371
0.222739
0.221175
0.219670
0.218212
0.216789
0.215390
0.214002
0.212613
0.211211
0.209783
0.208319
0.206806
0.205231
0.203583
0.201849
0.200018
0.198078
0.196019
0.193850
0.191582
0.189226
0.186792
0.184293
0.181738
0.179139
0.176508
0.173855
0.171192
0.168529
0.165877
0.163249
0.160654
0.158104
0.155611
0.153191
0.150861
0.148637
0.146537
0.144576
0.142773
0.141143
0.139704
0.138472
0.137464
0.136698
0.136189
0.135954
0.136011
0.136376
0.137040
0.137886
0.138771
0.139553
0.140088
0.140235
0.139849
0.138789
0.136957
0.134436
0.131355
0.127841
0.124024
0.120033
0.115995
0.112039
0.108283
0.104804
0.101670
0.098946
0.096700
0.094998
0.093906
0.093493
0.093783
0.094645
0.095903
0.097386
0.098918
0.100327
0.101439
0.102081
0.102117
0.101568
0.100491
0.098945
0.096989
0.094681
0.092078
0.089240
0.086225
0.083091
0.079896
0.076699
0.073558
0.070532
0.067678
0.065055
0.062710
0.060636
0.058816
0.057231
0.055866
0.054700
0.053717
0.052899
0.052228
0.051686
0.051256
0.050919
0.050657
0.050454
0.050291
0.050150
0.050014
0.049864
0.049684
0.049456
0.049163
0.048786
0.048309
0.047714
0.046983
0.046100
0.045045
0.043803
0.042354
0.040683
0.038771
0.036601
0.034169
0.031528
0.028744
0.025885
0.023015
0.020203
0.017513
0.015014
0.012771
0.010851
0.009320
0.008245
0.007692
0.007728
0.008420
0.009833
0.011981
0.014664
0.017626
0.020614
0.023373
0.025650
0.027189
0.027738
0.027133
0.025582
0.023384
0.020838
0.018244
0.015901
0.014108
0.013164
0.013240
0.013986
0.014928
0.015586
0.015484
0.014145
0.011091
0.005846
-0.001703
-0.010208
-0.017959
-0.023243
-0.024689
-0.022288
-0.016371
-0.007271
0.004337
0.016400
0.026520
0.032298
0.032049
0.026932
0.018819
0.009579
0.000796
-0.007103
-0.013979
-0.019694
-0.024108
-0.027084
-0.028483
-0.028165
-0.026088
-0.022591
-0.018107
-0.013072
-0.007919
-0.003083
0.001002
0.003902
0.005294
0.005314
0.004205
0.002215
-0.000410
-0.003425
-0.006582
-0.009636
-0.012385
-0.014803
-0.016907
-0.018716
-0.020249
-0.021521
-0.022553
-0.023362
-0.023965
-0.024381
-0.024629
-0.024725
-0.024688
-0.024537
-0.024288
-0.023960
-0.023571
-0.023133
-0.022659
-0.022162
-0.021655
-0.021149
-0.020658
-0.020193
-0.019769
-0.019396
-0.019088
-0.018857
-0.018716
-0.018677
-0.018754
-0.018957
-0.019297
-0.019767
-0.020358
-0.021060
-0.021863
-0.022758
-0.023735
-0.024785
-0.025897
-0.027062
-0.028270
-0.029513
-0.030779
-0.032060
-0.033345
-0.034625
-0.035891
-0.037133
-0.038341
-0.039505
-0.040616
-0.041664
-0.042639
-0.043532
-0.044334
-0.045033
-0.045622
-0.046090
-0.046427
-0.046624
-0.046671
-0.046559
-0.046282
-0.045854
-0.045294
-0.044619
-0.043849
-0.043002
-0.042096
-0.041148
-0.040179
-0.039206
-0.038247
-0.037321
-0.036445
-0.035640
-0.034922
-0.034311
-0.033819
-0.033444
-0.033176
-0.033008
-0.032930
-0.032935
-0.033014
-0.033158
-0.033360
-0.033610
-0.033901
-0.034223
-0.034569
-0.034930
-0.035297
-0.035663
-0.036019
-0.036360
-0.036683
-0.036982
-0.037253
-0.037492
-0.037695
-0.037857
-0.037974
-0.038042
-0.038056
-0.038011
-0.037905
-0.037731
-0.037486
-0.037166
-0.036768
-0.036301
-0.035774
-0.035198
-0.034584
-0.033940
-0.033278
-0.032608
-0.031940
-0.031284
-0.030651
-0.030051
-0.029494
-0.028989
-0.028549
-0.028182
-0.027896
-0.027688
-0.027549
-0.027473
-0.027453
-0.027483
-0.027554
-0.027660
-0.027794
-0.027950
-0.028119
-0.028296
-0.028472
-0.028642
-0.028798
-0.028932
-0.029039
-0.029112
-0.029143
-0.029127
-0.029057
-0.028927
-0.028730
-0.028459
-0.028108
-0.027670
-0.027140
-0.026510
-0.025774
-0.024925
-0.023957
-0.022864
-0.021648
-0.020347
-0.019011
-0.017687
-0.016422
-0.015266
-0.014266
-0.013470
-0.012927
-0.012683
-0.012788
-0.013290
-0.014235
-0.015673
-0.017652
-0.020219
-0.023363
-0.026830
-0.030307
-0.033482
-0.036010
-0.037426
-0.037232
-0.034932
-0.030357
-0.024647
-0.019271
-0.015699
-0.014995
-0.016612
-0.019599
-0.023005
-0.026043
-0.028577
-0.030639
-0.032258
-0.033463
-0.034283
-0.034749
-0.034890
-0.034735
-0.034314
-0.033657
-0.032792
-0.031751
-0.030562
-0.029254
-0.027858
-0.026403
-0.024919
-0.023434
-0.021979
-0.020584
-0.019277
-0.018088
-0.017048
-0.016184
-0.015528
-0.015108
-0.014955
-0.015097
-0.015564
-0.016386
-0.017593
-0.019078
-0.020196
-0.020166
-0.018205
-0.014101
-0.009910
-0.008255
-0.011762
-0.021859
-0.035199
-0.047238
-0.053434
-0.050637
-0.041272
-0.029155
-0.018105
-0.011169
-0.008321
-0.008764
-0.011703
-0.016341
-0.021882
-0.027531
-0.032490
-0.036128
-0.038464
-0.039681
-0.039962
-0.039492
-0.038452
-0.037027
-0.035399
-0.033722
-0.032038
-0.030358
-0.028693
-0.027055
-0.025455
-0.023905
-0.022417
-0.021002
-0.019672
-0.018438
-0.017312
-0.016306
-0.015431
-0.014698
-0.014120
-0.013708
-0.013473
-0.013427
-0.013581
-0.013948
-0.014539
-0.015365
-0.016437
-0.017769
-0.019370
-0.021253
-0.023430
-0.025911
-0.028709
-0.031834
-0.035300
-0.039069
-0.042915
-0.045256
-0.039278
-0.021061
-0.003500
0.000583
-0.004531
-0.011650
-0.019041
-0.026338
-0.033171
-0.039175
-0.043981
-0.047221
-0.048529
-0.047662
-0.044887
-0.040596
-0.035180
-0.029031
-0.022542
-0.016103
-0.010108
-0.004921
-0.000801
0.002023
0.003318
0.002854
0.000399
-0.004277
