0.070196
0.370671
0.638192
1.123892
2.078901
3.658301
5.632971
7.677737
9.467428
10.704960
11.205604
10.925725
10.273708
9.678087
9.195965
8.791589
8.429205
8.079022
7.735109
7.397497
7.066219
6.741307
6.422793
6.110708
5.805086
5.505957
5.213355
4.927311
4.647858
4.375027
4.108851
3.849361
3.596590
3.350546
3.111138
2.878252
2.651774
2.431590
2.217585
2.009645
1.807656
1.611503
1.421072
1.236249
1.056919
0.882968
0.714282
0.550746
0.392247
0.238669
0.089899
-0.054178
-0.193677
-0.328711
-0.459394
-0.585842
-0.708168
-0.826487
-0.940913
-1.051560
-1.158543
-1.261977
-1.361974
-1.458650
-1.552119
-1.642483
-1.729796
-1.814098
-1.895431
-1.973835
-2.049353
-2.122024
-2.191891
-2.258994
-2.323375
-2.385073
-2.444132
-2.500592
-2.554493
-2.605877
-2.654786
-2.701260
-2.745340
-2.787067
-2.826484
-2.863630
-2.898547
-2.931276
-2.961859
-2.990335
-3.016747
-3.041136
-3.063542
-3.084007
-3.102572
-3.119278
-3.134166
-3.147278
-3.158653
-3.168335
-3.176363
-3.182779
-3.187623
-3.190938
-3.192764
-3.193142
-3.192114
-3.189720
-3.186002
-3.181000
-3.174757
-3.167312
-3.158708
-3.148985
-3.138184
-3.126347
-3.113514
-3.099728
-3.085028
-3.069456
-3.053054
-3.035861
-3.017921
-2.999272
-2.979958
-2.960018
-2.939494
-2.918427
-2.896858
-2.874823
-2.852340
-2.829420
-2.806076
-2.782318
-2.758160
-2.733613
-2.708690
-2.683401
-2.657760
-2.631778
-2.605468
-2.578840
-2.551908
-2.524683
-2.497177
-2.469402
-2.441370
-2.413094
-2.384584
-2.355854
-2.326915
-2.297779
-2.268459
-2.238965
-2.209311
-2.179507
-2.149567
-2.119502
-2.089324
-2.059045
-2.028677
-1.998232
-1.967723
-1.937160
-1.906556
-1.875924
-1.845274
-1.814620
-1.783973
-1.753344
-1.722747
-1.692192
-1.661693
-1.631261
-1.600907
-1.570645
-1.540486
-1.510441
-1.480524
-1.450745
-1.421118
-1.391653
-1.362364
-1.333261
-1.304357
-1.275665
-1.247195
-1.218960
-1.190972
-1.163243
-1.135784
-1.108609
-1.081728
-1.055152
-1.028881
-1.002911
-0.977240
-0.951866
-0.926786
-0.901998
-0.877499
-0.853287
-0.829358
-0.805711
-0.782343
-0.759251
-0.736433
-0.713886
-0.691608
-0.669596
-0.647848
-0.626361
-0.605132
-0.584160
-0.563441
-0.542972
-0.522753
-0.502779
-0.483048
-0.463558
-0.444307
-0.425291
-0.406508
-0.387956
-0.369632
-0.351533
-0.333657
-0.316002
-0.298565
-0.281343
-0.264333
-0.247534
-0.230943
-0.214557
-0.198373
-0.182390
-0.166604
-0.151013
-0.135614
-0.120405
-0.105384
-0.090548
-0.075894
-0.061419
-0.047122
-0.032999
-0.019049
-0.005268
0.008346
0.021796
0.035083
0.048211
0.061183
0.074000
0.086665
0.099181
0.111550
0.123775
0.135857
0.147795
0.159592
0.171247
0.182760
0.194134
0.205368
0.216463
0.227420
0.238239
0.248921
0.259467
0.269877
0.280152
0.290293
0.300299
0.310173
0.319914
0.329523
0.339001
0.348348
0.357566
0.366654
0.375613
0.384445
0.393149
0.401727
0.410178
0.418504
0.426705
0.434783
0.442736
0.450567
0.458276
0.465863
0.473329
0.480675
0.487902
0.495009
0.501999
0.508870
0.515625
0.522263
0.528785
0.535193
0.541486
0.547665
0.553731
0.559685
0.565526
0.571257
0.576877
0.582387
0.587788
0.593080
0.598264
0.603341
0.608311
0.613175
0.617934
0.622588
0.627138
0.631584
0.635928
0.640170
0.644310
0.648349
0.652288
0.656127
0.659868
0.663510
0.667054
0.670502
0.673853
0.677108
0.680269
0.683335
0.686307
0.689186
0.691973
0.694668
0.697271
0.699784
0.702207
0.704541
0.706787
0.708944
0.711014
0.712998
0.714895
0.716707
0.718434
0.720078
0.721637
0.723114
0.724509
0.725823
0.727055
0.728208
0.729280
0.730274
0.731190
0.732028
0.732789
0.733473
0.734082
0.734616
0.735076
0.735461
0.735774
0.736014
0.736183
0.736280
0.736307
0.736264
0.736151
0.735970
0.735721
0.735405
0.735022
0.734573
0.734059
0.733480
0.732837
0.732131
0.731362
0.730531
0.729638
0.728684
0.727670
0.726597
0.725465
0.724274
0.723026
0.721721
0.720360
0.718943
0.717471
0.715944
0.714364
0.712731
0.711045
0.709308
0.707519
0.705680
0.703791
0.701853
0.699866
0.697831
0.695749
0.693621
0.691446
0.689226
0.686962
0.684653
0.682301
0.679906
0.677469
0.674991
0.672472
0.669912
0.667314
0.664676
0.662000
0.659286
0.656536
0.653749
0.650926
0.648069
0.645177
0.642251
0.639293
0.636302
0.633279
0.630225
0.627140
0.624026
0.620883
0.617710
0.614511
0.611283
0.608030
0.604750
0.601445
0.598115
0.594761
0.591384
0.587984
0.584562
0.581118
0.577654
0.574170
0.570666
0.567143
0.563602
0.560043
0.556468
0.552876
0.549268
0.545646
0.542009
0.538359
0.534695
0.531019
0.527332
0.523633
0.519923
0.516204
0.512476
0.508739
0.504995
0.501243
0.497484
0.493720
0.489950
0.486175
0.482397
0.478615
0.474830
0.471044
0.467256
0.463467
0.459678
0.455889
0.452102
0.448316
0.444533
0.440753
0.436977
0.433205
0.429438
0.425677
0.421922
0.418174
0.414434
0.410702
0.406979
0.403265
0.399562
0.395869
0.392188
0.388519
0.384863
0.381220
0.377592
0.373978
0.370379
0.366797
0.363231
0.359682
0.356151
0.352639
0.349146
0.345673
0.342221
0.338789
0.335379
0.331989
0.328621
0.325274
0.321947
0.318641
0.315356
0.312092
0.308848
0.305625
0.302422
0.299240
0.296078
0.292937
0.289815
0.286714
0.283633
0.280572
0.277531
0.274510
0.271509
0.268527
0.265565
0.262623
0.259701
0.256798
0.253915
0.251051
0.248206
0.245381
0.242575
0.239788
0.237020
0.234272
0.231542
0.228831
0.226139
0.223466
0.220812
0.218176
0.215559
0.212961
0.210381
0.207819
0.205276
0.202751
0.200245
0.197756
0.195286
0.192834
0.190399
0.187983
0.185585
0.183204
0.180841
0.178496
0.176169
0.173859
0.171566
0.169291
0.167034
0.164793
0.162570
0.160364
0.158176
0.156004
0.153849
0.151712
0.149591
0.147487
0.145399
0.143329
0.141275
0.139238
0.137217
0.135212
0.133224
0.131253
0.129297
0.127358
0.125435
0.123528
0.121637
0.119762
0.117902
0.116059
0.114232
0.112420
0.110623
0.108843
0.107078
0.105328
0.103594
0.101875
0.100171
0.098482
0.096809
0.095151
0.093507
0.091879
0.090266
0.088667
0.087083
0.085514
0.083960
0.082420
0.080894
0.079384
0.077887
0.076405
0.074937
0.073483
0.072044
0.070618
0.069207
0.067809
0.066426
0.065056
0.063700
0.062358
0.061029
0.059714
0.058413
0.057125
0.055850
0.054589
0.053341
0.052106
0.050884
0.049676
0.048480
0.047298
0.046128
0.044971
0.043827
0.042696
0.041577
0.040471
0.039378
0.038297
0.037228
0.036172
0.035128
0.034096
0.033077
0.032069
0.031074
0.030090
0.029119
0.028159
0.027211
0.026275
0.025350
0.024437
0.023536
0.022646
0.021767
0.020900
0.020044
0.019199
0.018366
0.017544
0.016732
0.015932
0.015142
0.014364
0.013596
0.012839
0.012092
0.011357
0.010631
0.009917
0.009212
0.008518
0.007834
0.007161
0.006498
0.005845
0.005201
0.004568
0.003945
0.003332
0.002728
0.002134
0.001550
0.000975
0.000410
-0.000145
-0.000691
-0.001228
-0.001755
-0.002273
-0.002782
-0.003282
-0.003773
-0.004255
-0.004728
-0.005192
-0.005647
-0.006094
-0.006532
-0.006961
-0.007381
-0.007794
-0.008197
-0.008593
-0.008980
-0.009358
-0.009729
-0.010092
-0.010446
-0.010792
-0.011131
-0.011462
-0.011784
-0.012099
-0.012407
-0.012707
-0.012999
-0.013283
-0.013561
-0.013831
-0.014093
-0.014349
-0.014597
-0.014838
-0.015072
-0.015299
-0.015519
-0.015732
-0.015938
-0.016137
-0.016330
-0.016517
-0.016696
-0.016869
-0.017036
-0.017196
-0.017350
-0.017498
-0.017640
-0.017775
-0.017904
-0.018028
-0.018145
-0.018257
-0.018362
-0.018462
-0.018556
-0.018645
-0.018728
-0.018806
-0.018878
-0.018944
-0.019006
-0.019062
-0.019113
-0.019158
-0.019199
-0.019235
-0.019265
-0.019291
-0.019312
-0.019328
-0.019340
-0.019347
-0.019349
-0.019347
-0.019340
-0.019329
-0.019314
-0.019294
-0.019270
-0.019242
-0.019210
-0.019174
-0.019134
-0.019090
-0.019042
-0.018990
-0.018935
-0.018876
-0.018813
-0.018747
-0.018678
-0.018605
-0.018529
-0.018449
-0.018366
-0.018280
-0.018191
-0.018099
-0.018004
-0.017907
-0.017806
-0.017702
-0.017596
-0.017487
-0.017376
-0.017262
-0.017145
-0.017026
-0.016905
-0.016782
-0.016656
-0.016528
-0.016398
-0.016266
-0.016132
-0.015996
-0.015859
-0.015719
-0.015578
-0.015435
-0.015291
-0.015145
-0.014997
-0.014848
-0.014698
-0.014546
-0.014394
-0.014240
-0.014085
-0.013929
-0.013772
-0.013614
-0.013455
-0.013295
-0.013135
-0.012974
-0.012812
-0.012650
-0.012488
-0.012325
-0.012161
-0.011998
-0.011834
-0.011670
-0.011505
-0.011341
-0.011177
-0.011013
-0.010849
-0.010685
-0.010522
-0.010359
-0.010196
-0.010033
-0.009872
-0.009710
-0.009550
-0.009390
-0.009231
-0.009072
-0.008915
-0.008758
-0.008603
-0.008449
-0.008295
-0.008143
-0.007993
-0.007843
-0.007695
-0.007548
-0.007403
-0.007260
-0.007118
-0.006978
-0.006839
-0.006702
-0.006568
-0.006435
-0.006304
-0.006175
-0.006049
-0.005924
-0.005802
-0.005682
-0.005565
-0.005450
-0.005337
-0.005227
-0.005120
-0.005015
-0.004913
-0.004814
-0.004718
-0.004625
-0.004534
-0.004447
-0.004363
-0.004282
-0.004205
-0.004130
-0.004059
-0.003992
-0.003928
-0.003867
-0.003811
-0.003757
-0.003708
-0.003662
-0.003621
-0.003583
-0.003549
-0.003519
-0.003494
-0.003472
-0.003455
-0.003442
-0.003434
-0.003429
-0.003430
-0.003435
-0.003444
-0.003459
-0.003477
-0.003501
-0.003530
-0.003563
-0.003602
-0.003646
-0.003694
-0.003748
-0.003807
-0.003872
-0.003942
-0.004017
-0.004097
-0.004184
-0.004276
-0.004373
-0.004476
-0.004585
-0.004700
-0.004821
-0.004948
-0.005081
-0.005220
-0.005365
-0.005516
-0.005674
-0.005838
-0.006009
-0.006185
-0.006369
-0.006559
-0.006756
-0.006959
-0.007169
-0.007387
-0.007611
-0.007842
-0.008080
-0.008325
-0.008577
-0.008837
-0.009103
-0.009378
-0.009659
-0.009948
-0.010245
-0.010549
-0.010861
-0.011180
-0.011508
-0.011843
-0.012186
-0.012537
-0.012896
-0.013263
-0.013639
-0.014022
-0.014414
-0.014814
-0.015223
-0.015640
-0.016066
-0.016500
-0.016943
-0.017394
-0.017855
-0.018324
-0.018802
-0.019289
-0.019785
-0.020290
-0.020805
-0.021328
-0.021861
-0.022403
-0.022955
-0.023516
-0.024086
-0.024666
-0.025256
-0.025856
-0.026465
-0.027084
-0.027713
-0.028352
-0.029001
-0.029660
-0.030329
-0.031009
-0.031698
-0.032398
-0.033109
-0.033830
-0.034561
