0.967516
8.931542
30.579125
70.026363
117.454002
149.258373
170.364919
183.080517
188.557907
188.912661
186.823518
180.852631
171.674702
160.766277
149.331435
138.221841
127.151955
115.817634
104.977514
95.400839
86.836498
78.861481
71.385532
64.401589
57.902586
51.870065
46.239988
40.936925
35.885444
31.023811
26.345092
21.856050
17.563448
13.471096
9.570994
5.852188
2.303723
-1.084298
-4.317549
-7.400648
-10.338214
-13.134886
-15.795400
-18.324511
-20.726976
-23.007552
-25.170995
-27.222062
-29.165509
-31.005773
-32.746009
-34.389049
-35.937730
-37.394885
-38.763348
-40.045955
-41.245538
-42.364932
-43.406973
-44.374493
-45.270327
-46.097310
-46.858275
-47.556058
-48.193492
-48.773241
-49.297287
-49.767441
-50.185515
-50.553318
-50.872663
-51.145360
-51.373222
-51.558058
-51.701680
-51.805899
-51.872527
-51.903374
-51.900252
-51.864971
-51.799344
-51.705061
-51.583336
-51.435264
-51.261938
-51.064453
-50.843902
-50.601380
-50.337981
-50.054799
-49.752928
-49.433462
-49.097495
-48.746122
-48.380436
-48.001532
-47.610504
-47.208333
-46.795550
-46.372576
-45.939828
-45.497725
-45.046687
-44.587133
-44.119481
-43.644150
-43.161559
-42.672127
-42.176274
-41.674417
-41.166976
-40.654371
-40.137018
-39.615339
-39.089751
-38.560674
-38.028527
-37.493727
-36.956696
-36.417850
-35.877610
-35.336393
-34.794620
-34.252709
-33.711079
-33.170149
-32.630337
-32.092063
-31.555746
-31.021741
-30.490150
-29.961010
-29.434361
-28.910239
-28.388684
-27.869733
-27.353424
-26.839796
-26.328886
-25.820733
-25.315376
-24.812851
-24.313197
-23.816452
-23.322655
-22.831858
-22.344170
-21.859717
-21.378623
-20.901012
-20.427010
-19.956739
-19.490326
-19.027894
-18.569568
-18.115472
-17.665731
-17.220470
-16.779812
-16.343883
-15.912806
-15.486677
-15.065465
-14.649113
-14.237560
-13.830749
-13.428618
-13.031110
-12.638165
-12.249725
-11.865729
-11.486119
-11.110835
-10.739819
-10.373011
-10.010352
-9.651783
-9.297256
-8.946769
-8.600331
-8.257952
-7.919640
-7.585406
-7.255257
-6.929204
-6.607255
-6.289420
-5.975709
-5.666129
-5.360692
-5.059405
-4.762277
-4.469320
-4.180534
-3.895896
-3.615375
-3.338941
-3.066562
-2.798210
-2.533851
-2.273457
-2.016997
-1.764439
-1.515754
-1.270911
-1.029878
-0.792626
-0.559123
-0.329340
-0.103245
0.119192
0.338001
0.553214
0.764861
0.972972
1.177579
1.378711
1.576400
1.770676
1.961569
2.149111
2.333332
2.514262
2.691933
2.866374
3.037617
3.205692
3.370629
3.532460
3.691214
3.846924
3.999618
4.149328
4.296084
4.439918
4.580859
4.718938
4.854186
4.986634
5.116311
5.243250
5.367480
5.489032
5.607936
5.724224
5.837925
5.949071
6.057692
6.163819
6.267482
6.368712
6.467540
6.563996
6.658111
6.749915
6.839439
6.926714
7.011769
7.094628
7.175313
7.253847
7.330253
7.404553
7.476771
7.546927
7.615046
7.681149
7.745260
7.807400
7.867593
7.925861
7.982227
8.036712
8.089341
8.140135
8.189117
8.236309
8.281735
8.325416
8.367376
8.407637
8.446221
8.483152
8.518451
8.552142
8.584246
8.614787
8.643787
8.671269
8.697255
8.721768
8.744831
8.766466
8.786695
8.805541
8.823028
8.839177
8.854011
8.867552
8.879824
8.890849
8.900649
8.909247
8.916666
8.922928
8.928055
8.932071
8.934999
8.936859
8.937676
8.937472
8.936269
8.934090
8.930957
8.926894
8.921922
8.916065
8.909344
8.901784
8.893405
8.884231
8.874282
8.863570
8.852106
8.839899
8.826959
8.813295
8.798919
8.783840
8.768068
8.751613
8.734485
8.716693
8.698248
8.679160
8.659439
8.639094
8.618136
8.596574
8.574419
8.551680
8.528368
8.504492
8.480062
8.455089
8.429582
8.403551
8.377006
8.349957
8.322415
8.294388
8.265887
8.236922
8.207503
8.177640
8.147343
8.116621
8.085485
8.053944
8.022010
7.989691
7.956997
7.923939
7.890526
7.856768
7.822676
7.788259
7.753528
7.718491
7.683160
7.647544
7.611653
7.575497
7.539085
7.502429
7.465538
7.428421
7.391090
7.353553
7.315820
7.277903
7.239810
7.201551
7.163137
7.124578
7.085882
7.047054
7.008099
6.969020
6.929820
6.890505
6.851078
6.811543
6.771903
6.732163
6.692327
6.652398
6.612380
6.572278
6.532095
6.491835
6.451503
6.411101
6.370634
6.330106
6.289521
6.248882
6.208194
6.167461
6.126686
6.085873
6.045026
6.004150
5.963247
5.922323
5.881380
5.840423
5.799456
5.758483
5.717507
5.676532
5.635563
5.594603
5.553656
5.512727
5.471818
5.430935
5.390080
5.349258
5.308473
5.267729
5.227028
5.186377
5.145778
5.105234
5.064752
5.024333
4.983982
4.943703
4.903500
4.863377
4.823338
4.783386
4.743525
4.703760
4.664094
4.624532
4.585077
4.545732
4.506503
4.467389
4.428393
4.389515
4.350757
4.312120
4.273604
4.235212
4.196943
4.158801
4.120784
4.082896
4.045136
4.007506
3.970008
3.932642
3.895409
3.858311
3.821348
3.784523
3.747835
3.711287
3.674880
3.638614
3.602490
3.566510
3.530676
3.494987
3.459446
3.424054
3.388811
3.353719
3.318778
3.283991
3.249358
3.214881
3.180560
3.146397
3.112393
3.078548
3.044865
3.011345
2.977987
2.944795
2.911768
2.878908
2.846216
2.813694
2.781342
2.749161
2.717154
2.685320
2.653661
2.622178
2.590873
2.559746
2.528799
2.498033
2.467449
2.437048
2.406831
2.376799
2.346954
2.317297
2.287829
2.258548
2.229456
2.200550
2.171832
2.143299
2.114951
2.086788
2.058809
2.031014
2.003401
1.975971
1.948723
1.921655
1.894768
1.868062
1.841534
1.815185
1.789014
1.763021
1.737205
1.711565
1.686101
1.660812
1.635697
1.610756
1.585989
1.561395
1.536972
1.512721
1.488641
1.464732
1.440992
1.417421
1.394019
1.370784
1.347717
1.324817
1.302083
1.279515
1.257111
1.234872
1.212796
1.190884
1.169134
1.147546
1.126120
1.104854
1.083749
1.062803
1.042016
1.021387
1.000916
0.980602
0.960445
0.940444
0.920598
0.900907
0.881370
0.861987
0.842756
0.823678
0.804752
0.785977
0.767352
0.748878
0.730553
0.712376
0.694348
0.676468
0.658734
0.641147
0.623705
0.606409
0.589257
0.572250
0.555385
0.538664
0.522085
0.505647
0.489350
0.473194
0.457177
0.441300
0.425561
0.409961
0.394497
0.379171
0.363980
0.348926
0.334006
0.319221
0.304569
0.290051
0.275665
0.261411
0.247289
0.233298
0.219436
0.205705
0.192102
0.178628
0.165282
0.152063
0.138970
0.126004
0.113163
0.100446
0.087854
0.075386
0.063041
0.050818
0.038717
0.026737
0.014877
0.003138
-0.008481
-0.019982
-0.031365
-0.042630
-0.053778
-0.064810
-0.075725
-0.086526
-0.097212
-0.107783
-0.118242
-0.128587
-0.138820
-0.148942
-0.158952
-0.168853
-0.178643
-0.188324
-0.197897
-0.207361
-0.216718
-0.225969
-0.235113
-0.244152
-0.253085
-0.261915
-0.270641
-0.279263
-0.287783
-0.296202
-0.304519
-0.312735
-0.320851
-0.328868
-0.336786
-0.344606
-0.352328
-0.359953
-0.367482
-0.374915
-0.382253
-0.389496
-0.396645
-0.403701
-0.410664
-0.417535
-0.424315
-0.431003
-0.437602
-0.444110
-0.450530
-0.456861
-0.463104
-0.469260
-0.475330
-0.481313
-0.487211
-0.493024
-0.498753
-0.504399
-0.509961
-0.515441
-0.520839
-0.526156
-0.531393
-0.536549
-0.541627
-0.546625
-0.551546
-0.556389
-0.561155
-0.565845
-0.570459
-0.574998
-0.579463
-0.583854
-0.588172
-0.592417
-0.596590
-0.600691
-0.604722
-0.608683
-0.612574
-0.616396
-0.620150
-0.623836
-0.627455
-0.631008
-0.634494
-0.637916
-0.641272
-0.644565
-0.647794
-0.650960
-0.654064
-0.657107
-0.660088
-0.663009
-0.665870
-0.668672
-0.671415
-0.674101
-0.676729
-0.679300
-0.681815
-0.684275
-0.686679
-0.689030
-0.691326
-0.693570
-0.695761
-0.697900
-0.699988
-0.702025
-0.704012
-0.705950
-0.707839
-0.709680
-0.711473
-0.713219
-0.714919
-0.716573
-0.718182
-0.719746
-0.721266
-0.722743
-0.724177
-0.725570
-0.726920
-0.728230
-0.729499
-0.730729
-0.731920
-0.733072
-0.734187
-0.735264
-0.736304
-0.737309
-0.738278
-0.739212
-0.740112
-0.740978
-0.741810
-0.742609
-0.743373
-0.744105
-0.744802
-0.745467
-0.746099
-0.746698
-0.747264
-0.747797
-0.748298
-0.748767
-0.749204
-0.749608
-0.749981
-0.750322
-0.750631
-0.750909
-0.751156
-0.751371
-0.751555
-0.751709
-0.751832
-0.751924
-0.751986
-0.752017
-0.752019
-0.751990
-0.751932
-0.751844
-0.751726
-0.751579
-0.751402
-0.751197
-0.750962
-0.750699
-0.750407
-0.750086
-0.749737
-0.749360
-0.748954
-0.748521
-0.748059
-0.747570
-0.747054
-0.746510
-0.745939
-0.745341
-0.744715
-0.744063
-0.743385
-0.742679
-0.741948
-0.741190
-0.740406
-0.739596
-0.738760
-0.737899
-0.737012
-0.736099
-0.735162
-0.734199
-0.733212
-0.732201
-0.731169
-0.730117
-0.729046
-0.727958
-0.726856
-0.725740
-0.724612
-0.723473
-0.722327
-0.721173
-0.720014
-0.718852
-0.717687
-0.716522
-0.715358
-0.714198
-0.713041
-0.711891
-0.710749
-0.709616
-0.708494
-0.707385
-0.706291
-0.705212
-0.704151
-0.703109
-0.702088
-0.701090
-0.700116
-0.699168
-0.698232
-0.697232
-0.696079
-0.694682
-0.692950
-0.690793
-0.688120
-0.684840
-0.680935
-0.676673
-0.672394
-0.668438
-0.665145
-0.662856
-0.661909
-0.662646
-0.665187
-0.668774
-0.672430
-0.675178
-0.676041
-0.674042
-0.668204
-0.657549
-0.642594
-0.629830
-0.627241
-0.642812
-0.675790
-0.690472
-0.642416
-0.487184
-0.219842
0.006510
0.053735
0.001590
-0.039639
-0.055437
-0.055231
-0.048447
-0.042870
-0.039714
-0.038551
-0.038953
-0.040492
-0.042739
-0.045267
-0.047646
-0.049528
-0.050874
-0.051726
-0.052126
-0.052113
-0.051730
-0.051016
-0.050014
-0.048765
-0.047308
-0.045686
-0.043939
-0.042109
-0.040236
-0.038362
-0.036527
-0.034766
-0.033081
-0.031468
-0.029922
-0.028440
-0.027016
-0.025647
-0.024328
-0.023055
-0.021824
-0.020629
-0.019467
-0.018334
-0.017224
-0.016134
-0.015059
-0.013995
-0.012938
-0.011882
-0.010825
-0.009761
-0.008686
-0.007595
-0.006485
-0.005351
-0.004189
-0.002993
-0.001761
-0.000487
0.000832
0.002202
0.003627
0.005109
0.006644
0.008229
0.009858
0.011525
0.013227
0.014957
0.016711
0.018484
0.020271
0.022067
0.023867
0.025665
0.027457
0.029239
0.031004
0.032747
0.034465
0.036152
0.037802
0.039411
0.040974
0.042486
0.043941
0.045335
0.046663
0.047920
0.049100
0.050199
0.051212
0.052134
0.052959
0.053683
0.054301
0.054807
0.055198
0.055466
0.055609
0.055620
0.055495
0.055228
0.054815
0.054251
0.053531
0.052649
0.051600
0.050380
0.048984
0.047407
0.045643
0.043687
0.041535
0.039182
0.036622
0.033851
0.030864
0.027655
0.024219
0.020552
0.016648
0.012503
0.008112
0.003469
