0.015840
0.268759
0.339934
1.604496
3.598680
5.543922
7.241370
8.637100
9.677186
10.326029
10.621329
10.619112
10.375403
9.946228
9.387611
8.755579
8.106156
7.485734
6.902160
6.353649
5.838414
5.354668
4.900625
4.474499
4.074503
3.698851
3.345756
3.013432
2.700093
2.403952
2.123222
1.856117
1.600852
1.355898
1.120766
0.895226
0.679048
0.472002
0.273858
0.084386
-0.096645
-0.269464
-0.434301
-0.591387
-0.740952
-0.883225
-1.018438
-1.146819
-1.268600
-1.384009
-1.493278
-1.596636
-1.694313
-1.786540
-1.873547
-1.955563
-2.032819
-2.105545
-2.173971
-2.238327
-2.298843
-2.355749
-2.409275
-2.459652
-2.507110
-2.551847
-2.593940
-2.633435
-2.670377
-2.704812
-2.736786
-2.766343
-2.793530
-2.818392
-2.840974
-2.861323
-2.879483
-2.895500
-2.909420
-2.921289
-2.931151
-2.939053
-2.945040
-2.949158
-2.951452
-2.951967
-2.950749
-2.947845
-2.943299
-2.937156
-2.929463
-2.920266
-2.909608
-2.897537
-2.884098
-2.869335
-2.853296
-2.836025
-2.817568
-2.797970
-2.777277
-2.755535
-2.732789
-2.709085
-2.684468
-2.658984
-2.632678
-2.605596
-2.577783
-2.549286
-2.520149
-2.490418
-2.460139
-2.429357
-2.398118
-2.366467
-2.334451
-2.302113
-2.269501
-2.236659
-2.203634
-2.170470
-2.137213
-2.103909
-2.070604
-2.037342
-2.004170
-1.971133
-1.938276
-1.905639
-1.873227
-1.841042
-1.809084
-1.777353
-1.745850
-1.714574
-1.683526
-1.652706
-1.622115
-1.591752
-1.561619
-1.531714
-1.502039
-1.472594
-1.443378
-1.414393
-1.385638
-1.357114
-1.328821
-1.300759
-1.272929
-1.245330
-1.217963
-1.190829
-1.163927
-1.137257
-1.110821
-1.084618
-1.058648
-1.032913
-1.007411
-0.982143
-0.957110
-0.932312
-0.907749
-0.883421
-0.859328
-0.835472
-0.811851
-0.788467
-0.765319
-0.742408
-0.719734
-0.697298
-0.675099
-0.653137
-0.631414
-0.609929
-0.588683
-0.567676
-0.546908
-0.526379
-0.506089
-0.486040
-0.466230
-0.446661
-0.427333
-0.408245
-0.389399
-0.370794
-0.352430
-0.334309
-0.316429
-0.298792
-0.281395
-0.264237
-0.247316
-0.230631
-0.214178
-0.197958
-0.181968
-0.166205
-0.150669
-0.135358
-0.120269
-0.105402
-0.090753
-0.076322
-0.062107
-0.048106
-0.034317
-0.020738
-0.007368
0.005796
0.018754
0.031509
0.044063
0.056417
0.068574
0.080534
0.092300
0.103873
0.115255
0.126449
0.137455
0.148276
0.158913
0.169369
0.179644
0.189741
0.199662
0.209408
0.218981
0.228382
0.237615
0.246679
0.255578
0.264313
0.272885
0.281297
0.289551
0.297647
0.305588
0.313376
0.321012
0.328499
0.335837
0.343029
0.350077
0.356982
0.363746
0.370371
0.376859
0.383211
0.389429
0.395515
0.401471
0.407299
0.412999
0.418572
0.424020
0.429344
0.434544
0.439622
0.444578
0.449414
0.454130
0.458728
0.463208
0.467572
0.471821
0.475955
0.479975
0.483883
0.487679
0.491365
0.494942
0.498410
0.501770
0.505024
0.508173
0.511216
0.514157
0.516995
0.519731
0.522367
0.524903
0.527341
0.529681
0.531925
0.534073
0.536127
0.538087
0.539954
0.541730
0.543416
0.545012
0.546519
0.547939
0.549272
0.550520
0.551683
0.552762
0.553759
0.554675
0.555510
0.556265
0.556941
0.557540
0.558063
0.558510
0.558882
0.559181
0.559407
0.559561
0.559645
0.559659
0.559605
0.559483
0.559295
0.559040
0.558722
0.558339
0.557894
0.557387
0.556820
0.556193
0.555507
0.554764
0.553964
0.553109
0.552199
0.551235
0.550218
0.549150
0.548031
0.546863
0.545646
0.544381
0.543069
0.541712
0.540310
0.538865
0.537377
0.535847
0.534276
0.532666
0.531017
0.529331
0.527607
0.525848
0.524055
0.522227
0.520367
0.518475
0.516553
0.514600
0.512619
0.510610
0.508575
0.506514
0.504428
0.502318
0.500186
0.498032
0.495857
0.493662
0.491449
0.489218
0.486970
0.484706
0.482428
0.480136
0.477831
0.475514
0.473187
0.470850
0.468504
0.466150
0.463789
0.461423
0.459052
0.456677
0.454300
0.451920
0.449540
0.447158
0.444777
0.442394
0.440012
0.437629
0.435245
0.432862
0.430478
0.428094
0.425711
0.423328
0.420944
0.418562
0.416179
0.413797
0.411416
0.409036
0.406656
0.404277
0.401899
0.399522
0.397146
0.394772
0.392398
0.390027
0.387656
0.385287
0.382920
0.380555
0.378191
0.375829
0.373470
0.371112
0.368757
0.366404
0.364053
0.361705
0.359359
0.357016
0.354675
0.352338
0.350003
0.347671
0.345342
0.343017
0.340694
0.338375
0.336059
0.333747
0.331439
0.329134
0.326833
0.324535
0.322242
0.319952
0.317667
0.315386
0.313109
0.310837
0.308569
0.306306
0.304047
0.301793
0.299543
0.297299
0.295060
0.292825
0.290596
0.288372
0.286154
0.283941
0.281733
0.279531
0.277335
0.275144
0.272959
0.270781
0.268608
0.266441
0.264281
0.262127
0.259979
0.257838
0.255703
0.253575
0.251453
0.249339
0.247231
0.245131
0.243037
0.240951
0.238872
0.236800
0.234736
0.232679
0.230630
0.228588
0.226554
0.224529
0.222511
0.220501
0.218499
0.216506
0.214521
0.212544
0.210576
0.208616
0.206665
0.204723
0.202789
0.200865
0.198949
0.197043
0.195145
0.193257
0.191379
0.189510
0.187650
0.185800
0.183960
0.182129
0.180309
0.178498
0.176697
0.174907
0.173127
0.171357
0.169598
0.167848
0.166110
0.164381
0.162663
0.160955
0.159258
0.157570
0.155893
0.154226
0.152569
0.150922
0.149285
0.147659
0.146042
0.144435
0.142838
0.141252
0.139675
0.138107
0.136550
0.135003
0.133465
0.131937
0.130419
0.128910
0.127412
0.125922
0.124443
0.122973
0.121512
0.120061
0.118620
0.117188
0.115765
0.114352
0.112948
0.111554
0.110169
0.108793
0.107426
0.106069
0.104721
0.103382
0.102052
0.100731
0.099420
0.098117
0.096824
0.095539
0.094264
0.092997
0.091740
0.090491
0.089251
0.088020
0.086798
0.085584
0.084380
0.083184
0.081996
0.080818
0.079648
0.078486
0.077333
0.076189
0.075053
0.073926
0.072807
0.071697
0.070595
0.069501
0.068416
0.067339
0.066270
0.065210
0.064157
0.063113
0.062078
0.061050
0.060030
0.059019
0.058015
0.057020
0.056033
0.055053
0.054082
0.053118
0.052163
0.051215
0.050275
0.049343
0.048418
0.047501
0.046592
0.045691
0.044798
0.043912
0.043033
0.042162
0.041299
0.040443
0.039595
0.038754
0.037921
0.037095
0.036276
0.035465
0.034661
0.033864
0.033075
0.032292
0.031517
0.030749
0.029989
0.029235
0.028489
0.027749
0.027017
0.026291
0.025573
0.024861
0.024157
0.023459
0.022768
0.022084
0.021406
0.020736
0.020072
0.019415
0.018765
0.018121
0.017484
0.016853
0.016229
0.015612
0.015001
0.014397
0.013799
0.013207
0.012622
0.012043
0.011471
0.010904
0.010344
0.009791
0.009243
0.008702
0.008167
0.007638
0.007115
0.006599
0.006088
0.005583
0.005085
0.004592
0.004105
0.003624
0.003149
0.002680
0.002217
0.001759
0.001307
0.000861
0.000421
-0.000014
-0.000443
-0.000866
-0.001284
-0.001696
-0.002103
-0.002504
-0.002900
-0.003290
-0.003675
-0.004055
-0.004429
-0.004798
-0.005161
-0.005519
-0.005872
-0.006220
-0.006563
-0.006900
-0.007232
-0.007559
-0.007882
-0.008199
-0.008511
-0.008818
-0.009120
-0.009417
-0.009709
-0.009997
-0.010279
-0.010557
-0.010830
-0.011098
-0.011362
-0.011620
-0.011875
-0.012124
-0.012369
-0.012609
-0.012845
-0.013076
-0.013303
-0.013525
-0.013743
-0.013956
-0.014165
-0.014370
-0.014570
-0.014766
-0.014958
-0.015145
-0.015328
-0.015507
-0.015682
-0.015853
-0.016020
-0.016183
-0.016341
-0.016496
-0.016646
-0.016793
-0.016936
-0.017075
-0.017209
-0.017341
-0.017468
-0.017591
-0.017711
-0.017827
-0.017940
-0.018048
-0.018153
-0.018255
-0.018353
-0.018447
-0.018538
-0.018625
-0.018709
-0.018789
-0.018866
-0.018940
-0.019010
-0.019077
-0.019141
-0.019201
-0.019258
-0.019312
-0.019363
-0.019411
-0.019455
-0.019496
-0.019535
-0.019570
-0.019602
-0.019632
-0.019658
-0.019681
-0.019702
-0.019720
-0.019734
-0.019747
-0.019756
-0.019762
-0.019766
-0.019767
-0.019766
-0.019761
-0.019755
-0.019745
-0.019733
-0.019719
-0.019702
-0.019683
-0.019661
-0.019637
-0.019610
-0.019581
-0.019550
-0.019516
-0.019480
-0.019442
-0.019402
-0.019360
-0.019315
-0.019268
-0.019220
-0.019169
-0.019116
-0.019061
-0.019004
-0.018945
-0.018885
-0.018822
-0.018758
-0.018691
-0.018623
-0.018553
-0.018482
-0.018409
-0.018334
-0.018257
-0.018179
-0.018099
-0.018017
-0.017934
-0.017850
-0.017764
-0.017676
-0.017587
-0.017497
-0.017406
-0.017313
-0.017218
-0.017123
-0.017026
-0.016928
-0.016828
-0.016728
-0.016626
-0.016524
-0.016420
-0.016315
-0.016209
-0.016102
-0.015995
-0.015886
-0.015776
-0.015666
-0.015554
-0.015442
-0.015329
-0.015215
-0.015101
-0.014985
-0.014869
-0.014753
-0.014636
-0.014518
-0.014399
-0.014280
-0.014161
-0.014041
-0.013921
-0.013800
-0.013679
-0.013557
-0.013435
-0.013313
-0.013191
-0.013068
-0.012945
-0.012822
-0.012699
-0.012575
-0.012452
-0.012328
-0.012204
-0.012081
-0.011957
-0.011833
-0.011710
-0.011586
-0.011463
-0.011340
-0.011216
-0.011094
-0.010971
-0.010849
-0.010727
-0.010605
-0.010484
-0.010363
-0.010242
-0.010122
-0.010002
-0.009883
-0.009764
-0.009646
-0.009529
-0.009412
-0.009295
-0.009180
-0.009065
-0.008951
-0.008837
-0.008725
-0.008613
-0.008502
-0.008392
-0.008282
-0.008174
-0.008067
-0.007960
-0.007855
-0.007751
-0.007647
-0.007545
-0.007444
-0.007344
-0.007246
-0.007148
-0.007052
-0.006957
-0.006863
-0.006771
-0.006680
-0.006590
-0.006502
-0.006415
-0.006330
-0.006246
-0.006164
-0.006083
-0.006004
-0.005927
-0.005851
-0.005777
-0.005704
-0.005633
-0.005564
-0.005497
-0.005432
-0.005368
-0.005307
-0.005247
-0.005189
-0.005133
-0.005079
-0.005027
-0.004977
-0.004930
-0.004884
-0.004840
-0.004799
-0.004760
-0.004723
-0.004688
-0.004656
-0.004626
-0.004598
-0.004572
-0.004549
-0.004529
-0.004510
-0.004495
-0.004481
-0.004471
-0.004463
-0.004457
-0.004454
-0.004454
-0.004456
-0.004461
-0.004469
-0.004480
-0.004493
-0.004509
-0.004528
-0.004550
-0.004575
-0.004603
-0.004634
-0.004668
-0.004704
-0.004744
-0.004787
-0.004833
-0.004882
-0.004934
-0.004990
-0.005049
-0.005110
-0.005176
-0.005244
-0.005316
-0.005391
-0.005470
-0.005552
-0.005637
-0.005726
-0.005819
-0.005915
-0.006015
-0.006118
-0.006225
-0.006335
-0.006449
-0.006567
-0.006689
-0.006814
-0.006943
-0.007076
-0.007213
-0.007354
-0.007498
-0.007647
-0.007799
-0.007956
-0.008116
-0.008281
-0.008450
-0.008623
-0.008799
-0.008981
-0.009166
-0.009355
