0.022852
0.163005
1.046247
2.457399
4.181279
6.007180
7.742279
9.214511
10.316949
10.984777
11.256477
11.196358
10.868729
10.337897
9.668171
8.923859
8.169269
7.457525
6.797011
6.184928
5.618474
5.094852
4.611259
4.164897
3.752965
3.372664
3.021192
2.695751
2.393540
2.111760
1.847609
1.598289
1.360999
1.133371
0.914766
0.704977
0.503796
0.311016
0.126430
-0.050170
-0.218990
-0.380238
-0.534121
-0.680847
-0.820623
-0.953656
-1.080152
-1.200321
-1.314368
-1.422502
-1.524928
-1.621856
-1.713491
-1.800041
-1.881714
-1.958716
-2.031256
-2.099539
-2.163774
-2.224167
-2.280927
-2.334260
-2.384373
-2.431474
-2.475770
-2.517442
-2.556560
-2.593170
-2.627317
-2.659045
-2.688398
-2.715423
-2.740163
-2.762663
-2.782968
-2.801122
-2.817171
-2.831159
-2.843131
-2.853131
-2.861205
-2.867396
-2.871751
-2.874313
-2.875127
-2.874238
-2.871691
-2.867530
-2.861800
-2.854546
-2.845813
-2.835645
-2.824087
-2.811184
-2.796981
-2.781522
-2.764852
-2.747015
-2.728058
-2.708023
-2.686956
-2.664902
-2.641905
-2.618011
-2.593263
-2.567707
-2.541387
-2.514349
-2.486636
-2.458294
-2.429367
-2.399900
-2.369937
-2.339525
-2.308706
-2.277526
-2.246030
-2.214263
-2.182268
-2.150092
-2.117778
-2.085371
-2.052917
-2.020459
-1.988043
-1.955713
-1.923514
-1.891490
-1.859688
-1.828143
-1.796861
-1.765844
-1.735088
-1.704593
-1.674358
-1.644382
-1.614665
-1.585204
-1.555999
-1.527048
-1.498352
-1.469908
-1.441716
-1.413775
-1.386083
-1.358640
-1.331444
-1.304495
-1.277792
-1.251333
-1.225117
-1.199144
-1.173412
-1.147920
-1.122668
-1.097654
-1.072877
-1.048336
-1.024031
-0.999959
-0.976121
-0.952514
-0.929139
-0.905993
-0.883076
-0.860387
-0.837925
-0.815689
-0.793678
-0.771890
-0.750325
-0.728981
-0.707858
-0.686955
-0.666270
-0.645803
-0.625552
-0.605517
-0.585696
-0.566088
-0.546692
-0.527508
-0.508534
-0.489770
-0.471213
-0.452864
-0.434720
-0.416782
-0.399047
-0.381516
-0.364187
-0.347058
-0.330129
-0.313399
-0.296867
-0.280532
-0.264392
-0.248447
-0.232696
-0.217137
-0.201770
-0.186593
-0.171606
-0.156807
-0.142196
-0.127771
-0.113531
-0.099475
-0.085603
-0.071913
-0.058405
-0.045076
-0.031927
-0.018955
-0.006161
0.006457
0.018901
0.031170
0.043267
0.055192
0.066945
0.078530
0.089945
0.101193
0.112274
0.123189
0.133940
0.144527
0.154952
0.165215
0.175318
0.185262
0.195047
0.204674
0.214146
0.223462
0.232624
0.241633
0.250490
0.259195
0.267751
0.276157
0.284416
0.292527
0.300493
0.308313
0.315990
0.323524
0.330917
0.338168
0.345280
0.352253
0.359089
0.365788
0.372351
0.378780
0.385076
0.391239
0.397270
0.403171
0.408943
0.414587
0.420103
0.425493
0.430758
0.435899
0.440916
0.445811
0.450585
0.455239
0.459774
0.464191
0.468491
0.472675
0.476744
0.480699
0.484541
0.488272
0.491891
0.495401
0.498802
0.502095
0.505282
0.508362
0.511338
0.514211
0.516981
0.519649
0.522217
0.524685
0.527055
0.529327
0.531503
0.533583
0.535569
0.537462
0.539263
0.540972
0.542591
0.544120
0.545562
0.546916
0.548184
0.549367
0.550466
0.551482
0.552415
0.553268
0.554041
0.554735
0.555351
0.555890
0.556353
0.556742
0.557056
0.557298
0.557468
0.557568
0.557597
0.557558
0.557452
0.557279
0.557040
0.556736
0.556370
0.555940
0.555449
0.554898
0.554288
0.553619
0.552892
0.552110
0.551272
0.550380
0.549434
0.548437
0.547388
0.546289
0.545141
0.543945
0.542702
0.541413
0.540078
0.538700
0.537279
0.535816
0.534312
0.532768
0.531186
0.529565
0.527908
0.526215
0.524488
0.522727
0.520933
0.519107
0.517251
0.515365
0.513451
0.511509
0.509541
0.507547
0.505529
0.503488
0.501424
0.499338
0.497233
0.495108
0.492965
0.490805
0.488628
0.486437
0.484231
0.482012
0.479781
0.477539
0.475287
0.473026
0.470757
0.468481
0.466199
0.463912
0.461621
0.459328
0.457033
0.454737
0.452440
0.450142
0.447844
0.445546
0.443247
0.440948
0.438649
0.436350
0.434050
0.431751
0.429452
0.427153
0.424854
0.422556
0.420258
0.417960
0.415663
0.413367
0.411072
0.408778
0.406484
0.404191
0.401900
0.399610
0.397321
0.395033
0.392747
0.390462
0.388179
0.385898
0.383618
0.381340
0.379064
0.376790
0.374518
0.372248
0.369980
0.367715
0.365452
0.363192
0.360934
0.358678
0.356426
0.354176
0.351929
0.349685
0.347444
0.345207
0.342972
0.340741
0.338513
0.336288
0.334067
0.331850
0.329636
0.327426
0.325220
0.323018
0.320820
0.318626
0.316436
0.314250
0.312069
0.309892
0.307719
0.305551
0.303388
0.301230
0.299076
0.296927
0.294783
0.292645
0.290511
0.288383
0.286260
0.284142
0.282030
0.279923
0.277822
0.275726
0.273637
0.271553
0.269475
0.267403
0.265338
0.263278
0.261225
0.259178
0.257138
0.255104
0.253077
0.251056
0.249042
0.247035
0.245035
0.243042
0.241056
0.239077
0.237105
0.235141
0.233184
0.231234
0.229292
0.227358
0.225432
0.223513
0.221602
0.219699
0.217804
0.215918
0.214039
0.212169
0.210307
0.208454
0.206609
0.204773
0.202945
0.201127
0.199317
0.197516
0.195724
0.193941
0.192167
0.190403
0.188648
0.186902
0.185166
0.183439
0.181722
0.180015
0.178317
0.176629
0.174950
0.173280
0.171620
0.169969
0.168328
0.166696
0.165073
0.163459
0.161855
0.160260
0.158674
0.157098
0.155530
0.153972
0.152423
0.150883
0.149352
0.147830
0.146317
0.144813
0.143318
0.141832
0.140355
0.138886
0.137427
0.135977
0.134535
0.133102
0.131678
0.130262
0.128856
0.127458
0.126068
0.124688
0.123315
0.121952
0.120597
0.119251
0.117913
0.116584
0.115263
0.113950
0.112646
0.111351
0.110063
0.108784
0.107514
0.106252
0.104998
0.103752
0.102514
0.101285
0.100064
0.098851
0.097646
0.096449
0.095260
0.094080
0.092907
0.091742
0.090586
0.089437
0.088296
0.087163
0.086038
0.084921
0.083812
0.082710
0.081616
0.080530
0.079452
0.078382
0.077319
0.076263
0.075216
0.074176
0.073143
0.072119
0.071101
0.070091
0.069089
0.068094
0.067107
0.066127
0.065154
0.064189
0.063231
0.062280
0.061336
0.060400
0.059471
0.058550
0.057635
0.056728
0.055828
0.054934
0.054048
0.053169
0.052297
0.051433
0.050575
0.049724
0.048880
0.048042
0.047212
0.046389
0.045572
0.044762
0.043960
0.043163
0.042374
0.041591
0.040815
0.040046
0.039283
0.038527
0.037777
0.037034
0.036298
0.035568
0.034845
0.034128
0.033417
0.032713
0.032015
0.031324
0.030639
0.029960
0.029288
0.028622
0.027962
0.027308
0.026661
0.026019
0.025384
0.024755
0.024132
0.023515
0.022904
0.022300
0.021701
0.021108
0.020521
0.019940
0.019365
0.018796
0.018232
0.017675
0.017123
0.016577
0.016037
0.015502
0.014973
0.014450
0.013933
0.013421
0.012915
0.012414
0.011919
0.011429
0.010945
0.010467
0.009993
0.009526
0.009063
0.008606
0.008155
0.007708
0.007267
0.006832
0.006401
0.005976
0.005556
0.005141
0.004731
0.004327
0.003927
0.003533
0.003144
0.002759
0.002380
0.002006
0.001636
0.001272
0.000912
0.000558
0.000208
-0.000137
-0.000477
-0.000813
-0.001143
-0.001469
-0.001790
-0.002107
-0.002419
-0.002726
-0.003028
-0.003326
-0.003620
-0.003909
-0.004193
-0.004473
-0.004748
-0.005019
-0.005286
-0.005548
-0.005806
-0.006060
-0.006309
-0.006554
-0.006794
-0.007031
-0.007263
-0.007491
-0.007715
-0.007935
-0.008150
-0.008362
-0.008569
-0.008773
-0.008972
-0.009167
-0.009359
-0.009546
-0.009730
-0.009909
-0.010085
-0.010257
-0.010425
-0.010590
-0.010750
-0.010907
-0.011060
-0.011210
-0.011356
-0.011498
-0.011636
-0.011771
-0.011902
-0.012030
-0.012154
-0.012275
-0.012393
-0.012506
-0.012617
-0.012724
-0.012828
-0.012928
-0.013025
-0.013119
-0.013209
-0.013296
-0.013380
-0.013461
-0.013539
-0.013613
-0.013684
-0.013753
-0.013818
-0.013880
-0.013939
-0.013995
-0.014048
-0.014098
-0.014145
-0.014190
-0.014231
-0.014270
-0.014305
-0.014338
-0.014369
-0.014396
-0.014421
-0.014443
-0.014462
-0.014479
-0.014493
-0.014504
-0.014513
-0.014519
-0.014523
-0.014524
-0.014523
-0.014519
-0.014513
-0.014505
-0.014494
-0.014481
-0.014465
-0.014447
-0.014427
-0.014404
-0.014380
-0.014353
-0.014324
-0.014293
-0.014259
-0.014224
-0.014186
-0.014147
-0.014105
-0.014061
-0.014016
-0.013968
-0.013919
-0.013867
-0.013814
-0.013759
-0.013702
-0.013643
-0.013582
-0.013520
-0.013455
-0.013390
-0.013322
-0.013253
-0.013182
-0.013110
-0.013036
-0.012960
-0.012883
-0.012804
-0.012724
-0.012642
-0.012559
-0.012475
-0.012389
-0.012302
-0.012213
-0.012123
-0.012032
-0.011940
-0.011846
-0.011751
-0.011655
-0.011557
-0.011459
-0.011360
-0.011259
-0.011157
-0.011054
-0.010951
-0.010846
-0.010740
-0.010633
-0.010526
-0.010417
-0.010308
-0.010198
-0.010087
-0.009975
-0.009862
-0.009749
-0.009635
-0.009520
-0.009404
-0.009288
-0.009172
-0.009054
-0.008936
-0.008818
-0.008699
-0.008579
-0.008459
-0.008339
-0.008218
-0.008097
-0.007975
-0.007853
-0.007731
-0.007608
-0.007486
-0.007362
-0.007239
-0.007115
-0.006992
-0.006868
-0.006744
-0.006620
-0.006495
-0.006371
-0.006247
-0.006123
-0.005998
-0.005874
-0.005750
-0.005626
-0.005502
-0.005378
-0.005254
-0.005131
-0.005008
-0.004885
-0.004762
-0.004640
-0.004517
-0.004396
-0.004274
-0.004153
-0.004033
-0.003912
-0.003793
-0.003673
-0.003555
-0.003437
-0.003319
-0.003202
-0.003086
-0.002970
-0.002855
-0.002740
-0.002627
-0.002514
-0.002401
-0.002290
-0.002179
-0.002070
-0.001961
-0.001853
-0.001746
-0.001639
-0.001534
-0.001430
-0.001327
-0.001225
-0.001123
-0.001023
-0.000924
-0.000827
-0.000730
-0.000635
-0.000540
-0.000447
-0.000355
-0.000265
-0.000176
-0.000088
-0.000001
0.000084
0.000167
0.000250
0.000330
0.000410
0.000488
0.000564
0.000639
0.000712
0.000783
0.000853
0.000922
0.000988
0.001053
0.001116
0.001178
0.001238
0.001295
0.001351
0.001406
0.001458
0.001508
0.001557
0.001603
0.001648
0.001690
0.001731
0.001769
0.001806
0.001840
0.001872
0.001902
0.001930
0.001956
0.001979
0.002001
0.002020
0.002036
0.002050
0.002062
0.002072
0.002079
0.002084
0.002086
0.002086
0.002084
0.002078
0.002071
0.002061
0.002048
0.002032
0.002014
0.001993
0.001970
0.001944
0.001915
0.001883
0.001849
0.001811
0.001771
0.001728
0.001682
0.001633
0.001582
0.001527
0.001469
0.001408
0.001345
