-0.000867
0.983115
1.675366
2.732462
4.118980
5.649234
7.228472
8.784674
10.245823
11.637298
12.732415
11.919261
10.784279
9.952143
9.305231
8.689882
8.054515
7.383521
6.703102
6.049914
5.460613
4.961988
4.541373
4.176237
3.844048
3.526007
3.218246
2.920627
2.633014
2.355270
2.087258
1.828843
1.579888
1.340245
1.109734
0.888161
0.675333
0.471060
0.275148
0.087405
-0.092361
-0.264343
-0.428732
-0.585721
-0.735502
-0.878268
-1.014210
-1.143522
-1.266395
-1.383021
-1.493594
-1.598304
-1.697345
-1.790909
-1.879188
-1.962374
-2.040659
-2.114237
-2.183298
-2.248036
-2.308643
-2.365310
-2.418231
-2.467597
-2.513601
-2.556416
-2.596137
-2.632841
-2.666604
-2.697503
-2.725613
-2.751012
-2.773776
-2.793981
-2.811703
-2.827019
-2.840006
-2.850738
-2.859294
-2.865749
-2.870180
-2.872663
-2.873275
-2.872091
-2.869189
-2.864644
-2.858533
-2.850932
-2.841918
-2.831568
-2.819957
-2.807161
-2.793258
-2.778324
-2.762434
-2.745666
-2.728096
-2.709791
-2.690785
-2.671102
-2.650768
-2.629805
-2.608240
-2.586097
-2.563400
-2.540175
-2.516444
-2.492235
-2.467569
-2.442474
-2.416972
-2.391090
-2.364850
-2.338278
-2.311399
-2.284237
-2.256817
-2.229163
-2.201300
-2.173253
-2.145046
-2.116703
-2.088250
-2.059712
-2.031111
-2.002474
-1.973825
-1.945188
-1.916588
-1.888047
-1.859570
-1.831161
-1.802824
-1.774561
-1.746375
-1.718270
-1.690249
-1.662315
-1.634471
-1.606720
-1.579066
-1.551512
-1.524060
-1.496714
-1.469478
-1.442354
-1.415345
-1.388455
-1.361687
-1.335044
-1.308529
-1.282146
-1.255896
-1.229785
-1.203814
-1.177988
-1.152308
-1.126779
-1.101403
-1.076185
-1.051125
-1.026229
-1.001499
-0.976938
-0.952550
-0.928338
-0.904304
-0.880452
-0.856786
-0.833307
-0.810020
-0.786928
-0.764034
-0.741341
-0.718851
-0.696569
-0.674498
-0.652640
-0.630999
-0.609578
-0.588380
-0.567409
-0.546667
-0.526157
-0.505883
-0.485849
-0.466056
-0.446509
-0.427210
-0.408163
-0.389371
-0.370836
-0.352563
-0.334553
-0.316805
-0.299317
-0.282087
-0.265113
-0.248391
-0.231921
-0.215700
-0.199725
-0.183995
-0.168508
-0.153260
-0.138251
-0.123477
-0.108937
-0.094628
-0.080548
-0.066696
-0.053068
-0.039663
-0.026478
-0.013511
-0.000761
0.011776
0.024101
0.036217
0.048126
0.059829
0.071330
0.082630
0.093731
0.104637
0.115348
0.125867
0.136197
0.146339
0.156296
0.166070
0.175662
0.185077
0.194314
0.203378
0.212269
0.220990
0.229544
0.237932
0.246156
0.254220
0.262125
0.269872
0.277466
0.284907
0.292197
0.299340
0.306337
0.313190
0.319902
0.326475
0.332911
0.339212
0.345380
0.351418
0.357328
0.363111
0.368771
0.374308
0.379723
0.385017
0.390191
0.395247
0.400185
0.405006
0.409711
0.414302
0.418779
0.423143
0.427396
0.431538
0.435570
0.439494
0.443310
0.447019
0.450623
0.454123
0.457518
0.460812
0.464003
0.467094
0.470086
0.472979
0.475775
0.478474
0.481078
0.483587
0.486003
0.488326
0.490558
0.492700
0.494753
0.496716
0.498593
0.500383
0.502088
0.503709
0.505247
0.506702
0.508076
0.509369
0.510584
0.511720
0.512779
0.513762
0.514669
0.515503
0.516263
0.516951
0.517569
0.518116
0.518593
0.519003
0.519346
0.519623
0.519834
0.519982
0.520067
0.520089
0.520051
0.519953
0.519796
0.519580
0.519308
0.518979
0.518594
0.518155
0.517661
0.517115
0.516517
0.515867
0.515166
0.514416
0.513618
0.512771
0.511877
0.510936
0.509951
0.508920
0.507846
0.506729
0.505570
0.504370
0.503129
0.501849
0.500530
0.499173
0.497779
0.496349
0.494884
0.493384
0.491851
0.490284
0.488686
0.487057
0.485397
0.483708
0.481991
0.480245
0.478473
0.476675
0.474851
0.473004
0.471132
0.469238
0.467322
0.465386
0.463429
0.461452
0.459458
0.457445
0.455416
0.453371
0.451311
0.449237
0.447149
0.445049
0.442937
0.440814
0.438682
0.436540
0.434389
0.432231
0.430067
0.427897
0.425721
0.423541
0.421356
0.419167
0.416973
0.414775
0.412573
0.410366
0.408156
0.405942
0.403724
0.401503
0.399278
0.397050
0.394819
0.392585
0.390348
0.388108
0.385866
0.383621
0.381374
0.379124
0.376872
0.374619
0.372363
0.370106
0.367847
0.365587
0.363325
0.361063
0.358799
0.356534
0.354268
0.352002
0.349735
0.347468
0.345200
0.342932
0.340664
0.338396
0.336129
0.333861
0.331595
0.329328
0.327063
0.324798
0.322535
0.320272
0.318011
0.315751
0.313493
0.311236
0.308981
0.306728
0.304477
0.302228
0.299981
0.297737
0.295495
0.293256
0.291020
0.288787
0.286556
0.284329
0.282105
0.279885
0.277668
0.275455
0.273246
0.271041
0.268840
0.266644
0.264452
0.262265
0.260083
0.257905
0.255733
0.253566
0.251405
0.249249
0.247099
0.244955
0.242817
0.240685
0.238559
0.236440
0.234327
0.232222
0.230123
0.228032
0.225947
0.223871
0.221801
0.219740
0.217686
0.215641
0.213603
0.211574
0.209554
0.207542
0.205539
0.203544
0.201559
0.199584
0.197617
0.195660
0.193713
0.191776
0.189849
0.187932
0.186025
0.184129
0.182243
0.180368
0.178504
0.176651
0.174810
0.172980
0.171161
0.169354
0.167559
0.165776
0.164005
0.162246
0.160500
0.158766
0.157045
0.155337
0.153642
0.151960
0.150291
0.148635
0.146991
0.145359
0.143740
0.142133
0.140538
0.138955
0.137383
0.135824
0.134275
0.132739
0.131213
0.129698
0.128195
0.126702
0.125220
0.123749
0.122288
0.120837
0.119397
0.117967
0.116546
0.115136
0.113735
0.112343
0.110962
0.109589
0.108225
0.106871
0.105525
0.104189
0.102861
0.101541
0.100230
0.098927
0.097632
0.096345
0.095066
0.093794
0.092531
0.091274
0.090026
0.088784
0.087549
0.086321
0.085101
0.083886
0.082679
0.081477
0.080283
0.079094
0.077911
0.076734
0.075563
0.074398
0.073238
0.072083
0.070934
0.069790
0.068650
0.067516
0.066386
0.065262
0.064142
0.063027
0.061917
0.060812
0.059712
0.058618
0.057528
0.056445
0.055366
0.054293
0.053226
0.052164
0.051108
0.050057
0.049013
0.047974
0.046942
0.045915
0.044895
0.043881
0.042873
0.041871
0.040876
0.039887
0.038905
0.037929
0.036960
0.035998
0.035042
0.034094
0.033152
0.032218
0.031290
0.030370
0.029457
0.028551
0.027653
0.026762
0.025878
0.025002
0.024134
0.023273
0.022421
0.021576
0.020739
0.019910
0.019089
0.018276
0.017472
0.016675
0.015887
0.015108
0.014337
0.013574
0.012820
0.012075
0.011339
0.010611
0.009892
0.009183
0.008482
0.007790
0.007108
0.006434
0.005769
0.005113
0.004465
0.003825
0.003194
0.002569
0.001953
0.001343
0.000741
0.000146
-0.000443
-0.001026
-0.001602
-0.002172
-0.002736
-0.003295
-0.003848
-0.004396
-0.004939
-0.005478
-0.006012
-0.006541
-0.007067
-0.007588
-0.008106
-0.008620
-0.009131
-0.009639
-0.010145
-0.010647
-0.011147
-0.011645
-0.012141
-0.012634
-0.013127
-0.013618
-0.014108
-0.014596
-0.015085
-0.015572
-0.016059
-0.016546
-0.017033
-0.017521
-0.018009
-0.018498
-0.018987
-0.019478
-0.019970
-0.020464
-0.020959
-0.021456
-0.021956
-0.022458
-0.022963
-0.023470
-0.023980
-0.024494
-0.025011
-0.025532
-0.026057
-0.026586
-0.027118
-0.027655
-0.028196
-0.028740
-0.029287
-0.029836
-0.030388
-0.030942
-0.031498
-0.032055
-0.032613
-0.033172
-0.033731
-0.034291
-0.034850
-0.035408
-0.035966
-0.036522
-0.037077
-0.037630
-0.038181
-0.038729
-0.039275
-0.039817
-0.040356
-0.040891
-0.041422
-0.041948
-0.042470
-0.042986
-0.043497
-0.044003
-0.044502
-0.044995
-0.045481
-0.045960
-0.046432
-0.046896
-0.047352
-0.047799
-0.048238
-0.048668
-0.049089
-0.049500
-0.049901
-0.050292
-0.050672
-0.051041
-0.051399
-0.051746
-0.052080
-0.052402
-0.052712
-0.053009
-0.053292
-0.053562
-0.053818
-0.054060
-0.054288
-0.054500
-0.054698
-0.054880
-0.055046
-0.055196
-0.055330
-0.055448
-0.055549
-0.055635
-0.055706
-0.055762
-0.055803
-0.055829
-0.055842
-0.055840
-0.055825
-0.055796
-0.055755
-0.055700
-0.055633
-0.055554
-0.055463
-0.055360
-0.055246
-0.055121
-0.054985
-0.054838
-0.054682
-0.054515
-0.054339
-0.054153
-0.053958
-0.053754
-0.053542
-0.053321
-0.053093
-0.052857
-0.052613
-0.052362
-0.052105
-0.051840
-0.051570
-0.051293
-0.051011
-0.050723
-0.050431
-0.050133
-0.049831
-0.049524
-0.049213
-0.048899
-0.048581
-0.048260
-0.047936
-0.047610
-0.047281
-0.046950
-0.046617
-0.046283
-0.045947
-0.045611
-0.045274
-0.044937
-0.044599
-0.044262
-0.043925
-0.043589
-0.043254
-0.042921
-0.042588
-0.042258
-0.041930
-0.041603
-0.041278
-0.040955
-0.040634
-0.040315
-0.039998
-0.039684
-0.039372
-0.039062
-0.038755
-0.038450
-0.038147
-0.037848
-0.037551
-0.037256
-0.036965
-0.036676
-0.036391
-0.036108
-0.035829
-0.035553
-0.035280
-0.035010
-0.034743
-0.034481
-0.034221
-0.033965
-0.033713
-0.033465
-0.033220
-0.032979
-0.032742
-0.032509
-0.032280
-0.032055
-0.031835
-0.031619
-0.031406
-0.031199
-0.030996
-0.030797
-0.030603
-0.030413
-0.030229
-0.030049
-0.029874
-0.029703
-0.029538
-0.029378
-0.029223
-0.029073
-0.028929
-0.028790
-0.028656
-0.028528
-0.028405
-0.028288
-0.028176
-0.028071
-0.027971
-0.027877
-0.027788
-0.027706
-0.027629
-0.027558
-0.027493
-0.027433
-0.027378
-0.027328
-0.027284
-0.027244
-0.027209
-0.027179
-0.027154
-0.027133
-0.027117
-0.027105
-0.027097
-0.027093
-0.027093
-0.027097
-0.027105
-0.027116
-0.027131
-0.027149
-0.027171
-0.027196
-0.027224
-0.027255
-0.027289
-0.027326
-0.027365
-0.027407
-0.027451
-0.027498
-0.027547
-0.027598
-0.027651
-0.027706
-0.027763
-0.027822
-0.027882
-0.027943
-0.028006
-0.028070
-0.028136
-0.028202
-0.028269
-0.028337
-0.028406
-0.028476
-0.028545
-0.028616
-0.028686
-0.028757
-0.028828
-0.028899
-0.028969
-0.029039
-0.029109
-0.029179
-0.029248
-0.029316
-0.029383
-0.029449
-0.029515
-0.029579
-0.029642
-0.029703
-0.029764
-0.029822
-0.029879
-0.029934
-0.029987
-0.030038
-0.030087
-0.030134
-0.030178
-0.030220
-0.030260
-0.030297
-0.030331
-0.030362
-0.030390
-0.030415
-0.030437
-0.030455
-0.030470
-0.030481
-0.030489
-0.030493
-0.030494
-0.030490
-0.030482
-0.030470
-0.030453
-0.030433
-0.030407
-0.030378
-0.030343
-0.030303
-0.030259
-0.030209
-0.030155
-0.030095
-0.030029
-0.029958
-0.029882
-0.029800
-0.029712
-0.029618
-0.029518
-0.029411
-0.029299
-0.029180
-0.029055
-0.028923
-0.028784
-0.028639
-0.028486
-0.028327
-0.028161
-0.027987
-0.027806
-0.027617
-0.027421
-0.027217
-0.027006
